80
0 71 46 40 20 76 47 13 73 16 98 15 33 61 67 63 73 10 52 57 53 94 34 36 29 41 69 64 53 53 14 46 3 66 16 20 20 24 21 81 16 36 42 92 66 62 81 47 22 21 48 68 35 12 57 101 72 28 72 40 52 21 36 41 74 19 46 76 34 60 82 45 64 70 68 42 7 64 48 15 
71 0 82 44 77 29 33 60 5 76 67 61 45 111 67 20 25 61 24 26 95 71 53 36 50 86 112 73 28 85 67 27 72 42 66 57 53 79 88 70 58 96 73 66 114 75 69 34 54 53 39 114 54 82 107 77 100 57 120 61 28 51 44 42 37 63 42 7 45 35 87 93 77 6 31 38 65 22 86 65 
46 82 0 74 27 69 76 53 81 31 71 35 67 30 35 64 69 49 57 82 13 64 29 51 35 9 30 27 79 7 59 69 48 51 31 60 54 69 62 49 38 29 9 64 33 23 50 48 36 56 43 33 29 43 26 69 26 29 38 21 78 42 71 74 62 30 40 88 69 51 40 14 24 84 60 72 42 63 5 58 
40 44 74 0 56 64 11 27 48 52 97 40 7 97 79 48 60 30 40 22 85 97 48 28 41 73 103 81 18 80 29 19 39 64 45 20 21 38 50 90 37 74 67 93 102 80 89 43 38 20 48 103 49 52 93 104 99 46 108 58 17 32 4 2 67 45 49 46 6 55 99 80 83 41 60 7 37 51 78 27 
20 77 27 56 0 74 61 30 78 4 88 17 48 41 54 64 73 26 54 70 32 83 28 42 28 21 49 49 66 34 34 57 22 60 11 38 35 43 36 69 20 19 25 82 47 46 69 47 23 36 45 48 28 17 37 89 52 22 53 28 65 27 52 56 70 14 42 83 50 56 65 25 48 78 66 56 19 65 29 34 
76 29 69 64 74 0 55 69 25 75 38 62 62 98 43 16 5 68 25 51 82 42 47 41 48 75 96 52 51 70 78 45 78 18 65 69 62 91 96 43 60 90 60 36 101 54 41 29 54 63 29 100 47 85 95 47 81 52 106 49 52 55 62 62 9 61 32 35 62 18 62 82 56 35 8 57 69 13 73 75 
47 33 76 11 61 55 0 34 37 58 90 44 15 100 76 39 50 37 33 11 87 91 47 25 41 76 105 78 7 81 39 10 47 57 50 28 27 48 60 85 41 80 67 87 105 78 84 37 40 26 44 106 48 59 96 98 100 47 111 57 6 34 12 9 59 48 45 35 14 49 96 83 81 30 52 5 43 42 80 36 
13 60 53 27 30 69 34 0 63 26 95 17 20 71 68 54 66 4 44 45 61 92 33 27 27 50 79 66 41 59 9 34 13 61 22 8 8 23 28 81 16 48 47 89 77 65 81 41 20 8 43 78 34 25 67 99 79 29 83 42 40 16 24 28 68 23 42 64 22 54 85 55 67 59 62 29 11 56 56 7 
73 5 81 48 78 25 37 63 0 77 63 63 49 110 64 18 21 64 24 30 94 67 53 37 51 86 111 71 32 84 70 31 74 38 67 60 55 83 91 67 60 97 72 62 114 72 65 33 55 55 38 114 54 84 106 73 98 57 119 60 33 53 48 46 33 64 41 10 49 33 84 93 75 10 28 41 67 19 85 68 
16 76 31 52 4 75 58 26 77 0 90 15 45 45 57 64 73 23 54 67 37 86 28 40 27 25 53 52 63 38 30 55 18 61 10 34 31 39 32 72 18 22 29 84 50 49 72 47 22 33 45 52 29 13 41 92 56 23 57 31 62 25 49 53 71 14 43 82 47 57 69 30 51 76 67 53 15 65 33 30 
98 67 71 97 88 38 90 95 63 90 0 82 94 96 36 51 43 93 58 88 81 9 64 71 69 80 89 45 88 68 104 80 100 34 83 97 90 118 118 23 82 99 66 6 97 49 22 56 76 92 52 95 63 103 94 11 70 69 100 60 88 79 95 96 31 79 52 72 95 42 42 85 48 73 38 91 90 48 74 102 
15 61 35 40 17 62 44 17 63 15 82 0 33 57 53 50 60 14 40 53 45 79 19 26 15 34 63 50 49 42 25 40 18 51 5 24 19 38 36 66 3 36 30 77 62 48 66 34 8 21 33 63 19 23 53 86 62 13 68 26 48 10 36 41 60 5 32 67 34 45 68 40 50 62 55 40 8 52 39 24 
33 45 67 7 48 62 15 20 49 45 94 33 0 89 73 46 58 23 37 26 78 93 41 23 34 66 95 74 22 73 24 18 33 60 38 14 14 34 45 85 30 67 59 89 94 74 84 38 31 12 43 95 42 45 85 100 92 39 101 51 21 25 4 8 64 37 43 48 2 51 93 72 76 43 57 9 30 49 71 21 
61 111 30 97 41 98 100 71 110 45 96 57 89 0 61 93 99 68 86 109 16 88 57 78 62 25 12 52 105 29 75 95 62 80 51 79 76 81 69 73 60 27 38 90 6 48 74 77 61 77 72 8 57 52 4 92 30 55 12 50 104 66 93 97 91 53 70 117 91 81 58 18 48 112 90 96 60 93 25 75 
67 67 35 79 54 43 76 68 64 57 36 53 73 61 0 46 46 65 46 78 45 29 35 51 41 44 56 10 76 33 77 66 70 26 51 73 66 90 88 15 53 63 30 30 62 13 15 38 48 67 32 61 34 71 59 35 38 40 66 27 76 52 76 78 34 48 31 73 75 31 21 49 14 71 37 75 61 44 38 75 
63 20 64 48 64 16 39 54 18 64 51 50 46 93 46 0 12 54 10 37 77 53 37 27 36 69 93 53 37 67 63 30 64 22 54 54 48 77 82 51 48 82 55 49 96 55 49 17 42 48 21 96 38 73 90 60 80 42 102 43 37 41 47 46 20 50 23 27 47 15 67 76 57 25 13 41 56 3 68 61 
73 25 69 60 73 5 50 66 21 73 43 60 58 99 46 12 0 66 22 47 82 46 46 38 46 76 97 54 47 71 75 41 75 20 63 66 59 88 94 47 58 90 61 41 102 56 45 27 52 60 28 101 46 83 95 52 83 51 107 49 47 52 58 58 13 59 31 30 58 18 65 83 58 30 9 53 66 9 74 72 
10 61 49 30 26 68 37 4 64 23 93 14 23 68 65 54 66 0 44 47 58 90 31 28 25 46 75 63 43 56 11 36 11 60 18 11 10 25 28 79 13 44 43 88 73 62 79 40 18 11 42 74 32 22 64 97 75 26 79 39 42 14 27 31 67 19 41 66 25 53 82 51 64 60 61 32 8 56 52 10 
52 24 57 40 54 25 33 44 24 54 58 40 37 86 46 10 22 44 0 33 71 58 29 17 27 62 87 50 31 61 53 23 54 25 44 44 37 66 72 53 38 73 48 54 90 52 52 9 32 38 15 90 30 63 82 65 77 33 96 36 31 31 38 38 27 40 17 31 38 16 66 69 54 27 20 34 45 13 62 50 
57 26 82 22 70 51 11 45 30 67 88 53 26 109 78 37 47 47 33 0 95 90 53 31 47 84 112 82 4 88 50 14 58 57 58 39 38 59 71 86 50 89 74 85 113 83 84 40 48 37 46 114 54 70 105 97 105 54 119 63 5 43 23 19 57 56 48 26 25 49 99 91 85 21 50 16 53 40 87 47 
53 95 13 85 32 82 87 61 94 37 81 45 78 16 45 77 82 58 71 95 0 73 42 64 48 12 18 36 91 12 66 81 55 64 40 69 64 75 66 58 48 26 22 74 19 32 59 61 48 66 56 20 42 47 14 78 22 41 25 34 91 53 81 85 74 40 54 101 79 64 45 8 32 97 73 84 50 77 9 67 
94 71 64 97 83 42 91 92 67 86 9 79 93 88 29 53 46 90 58 90 73 0 60 70 66 73 81 37 89 61 101 81 96 34 79 95 88 115 115 15 78 93 59 5 88 41 14 55 72 90 50 87 59 99 86 7 61 66 91 55 89 76 95 96 34 75 50 76 94 42 33 78 41 76 40 91 87 50 66 99 
34 53 29 48 28 47 47 33 53 28 64 19 41 57 35 37 46 31 29 53 42 60 0 22 7 33 60 34 50 35 42 40 36 33 20 38 31 56 55 48 19 44 21 58 61 33 48 20 13 33 17 62 1 40 54 67 52 6 67 10 49 18 44 47 42 15 15 60 43 29 52 40 35 55 38 44 27 38 34 40 
36 36 51 28 42 41 25 27 37 40 71 26 23 78 51 27 38 28 17 31 64 70 22 0 16 53 81 53 28 57 36 18 38 37 31 28 21 50 55 62 23 61 43 66 83 53 61 15 19 22 20 83 23 47 74 77 74 23 89 32 27 16 26 27 42 27 20 41 25 29 71 60 56 36 35 24 30 29 56 34 
29 50 35 41 28 48 41 27 51 27 69 15 34 62 41 36 46 25 27 47 48 66 7 16 0 37 65 41 44 41 36 34 32 36 17 31 24 50 50 54 13 46 27 63 66 40 54 19 7 26 19 67 8 37 58 73 59 7 72 18 43 11 37 40 45 13 17 56 35 31 59 44 43 51 40 38 22 37 40 34 
41 86 9 73 21 75 76 50 86 25 80 34 66 25 44 69 76 46 62 84 12 73 33 53 37 0 29 36 80 15 55 70 43 58 28 57 53 64 55 58 36 20 15 73 29 32 59 52 36 55 48 30 32 37 21 79 31 30 35 26 80 42 70 74 69 29 46 92 68 58 49 7 33 88 67 72 39 69 9 55 
69 112 30 103 49 96 105 79 111 53 89 63 95 12 56 93 97 75 87 112 18 81 60 81 65 29 0 46 109 26 83 99 71 78 57 86 82 91 80 66 66 37 39 83 9 43 68 78 65 84 72 7 59 62 14 85 21 58 10 51 108 71 99 103 88 58 70 118 97 80 49 24 42 114 88 101 67 92 26 83 
64 73 27 81 49 52 78 66 71 52 45 50 74 52 10 53 54 63 50 82 36 37 34 53 41 36 46 0 79 24 74 69 66 34 48 72 65 87 83 22 51 56 24 38 53 4 23 42 46 67 36 52 33 66 49 43 29 38 57 24 79 51 77 80 43 45 34 79 76 38 19 40 5 77 45 76 58 51 29 73 
53 28 79 18 66 51 7 41 32 63 88 49 22 105 76 37 47 43 31 4 91 89 50 28 44 80 109 79 0 85 46 10 54 56 54 35 33 55 66 84 46 85 70 85 109 80 83 38 44 32 44 110 51 65 101 96 102 50 116 60 1 39 19 16 57 52 45 29 21 48 97 87 83 23 49 12 49 40 83 43 
53 85 7 80 34 70 81 59 84 38 68 42 73 29 33 67 71 56 61 88 12 61 35 57 41 15 26 24 85 0 66 74 55 52 38 66 61 76 69 46 45 34 14 62 31 20 47 52 43 63 46 30 34 50 26 66 19 35 36 25 84 49 77 80 62 37 44 92 75 53 35 17 20 88 62 78 49 66 6 66 
14 67 59 29 34 78 39 9 70 30 104 25 24 75 77 63 75 11 53 50 66 101 42 36 36 55 83 74 46 66 0 41 12 71 28 11 16 14 21 90 24 49 54 99 80 73 90 50 29 15 52 82 43 24 71 108 85 37 86 50 45 25 27 31 78 30 51 71 25 64 93 59 75 66 71 33 17 65 62 3 
46 27 69 19 57 45 10 34 31 55 80 40 18 95 66 30 41 36 23 14 81 81 40 18 34 70 99 69 10 74 41 0 47 47 45 30 27 52 62 75 37 76 60 77 100 70 74 28 34 26 34 100 41 58 91 88 92 40 106 50 10 30 18 17 49 43 35 31 18 39 87 77 72 25 42 12 41 33 73 38 
3 72 48 39 22 78 47 13 74 18 100 18 33 62 70 64 75 11 54 58 55 96 36 38 32 43 71 66 54 55 12 47 0 68 19 20 21 21 19 84 18 37 44 94 68 64 84 49 25 21 50 69 37 12 58 103 74 31 74 43 53 23 36 41 76 22 49 77 35 62 84 47 67 71 71 42 10 66 51 14 
66 42 51 64 60 18 57 61 38 61 34 51 60 80 26 22 20 60 25 57 64 34 33 37 36 58 78 34 56 52 71 47 68 0 52 63 56 85 87 29 50 75 43 30 83 36 27 22 43 58 18 82 33 73 77 41 63 39 88 33 56 46 61 62 11 48 19 48 61 9 46 65 38 46 11 58 59 19 55 68 
16 66 31 45 11 65 50 22 67 10 83 5 38 51 51 54 63 18 44 58 40 79 20 31 17 28 57 48 54 38 28 45 19 52 0 29 25 40 36 66 9 31 26 77 56 45 66 37 12 26 36 57 20 21 47 85 57 14 62 24 54 16 42 46 62 4 34 72 40 48 66 34 48 66 57 45 11 55 34 28 
20 57 60 20 38 69 28 8 60 34 97 24 14 79 73 54 66 11 44 39 69 95 38 28 31 57 86 72 35 66 11 30 20 63 29 0 7 23 32 85 22 55 53 92 84 70 85 42 26 6 45 86 39 32 75 102 86 34 91 48 34 20 17 21 69 30 45 61 15 56 90 63 73 55 63 23 19 56 63 8 
20 53 54 21 35 62 27 8 55 31 90 19 14 76 66 48 59 10 37 38 64 88 31 21 24 53 82 65 33 61 16 27 21 56 25 7 0 29 36 78 16 53 48 85 81 64 78 35 19 2 38 82 32 32 72 95 80 28 87 41 33 13 18 22 63 24 38 57 16 49 83 59 66 51 56 22 16 50 58 13 
24 79 69 38 43 91 48 23 83 39 118 38 34 81 90 77 88 25 66 59 75 115 56 50 50 64 91 87 55 76 14 52 21 85 40 23 29 0 15 104 37 55 66 113 87 85 103 64 43 28 66 89 56 29 78 122 95 50 93 63 54 39 36 40 92 42 66 83 35 78 105 68 88 77 85 43 29 79 72 16 
21 88 62 50 36 96 60 28 91 32 118 36 45 69 88 82 94 28 72 71 66 115 55 55 50 55 80 83 66 69 21 62 19 87 36 32 36 15 0 102 37 43 60 113 75 81 102 67 43 36 69 77 55 19 66 121 87 49 80 60 66 42 48 52 95 40 67 92 46 81 101 58 83 86 89 54 28 84 64 24 
81 70 49 90 69 43 85 81 67 72 23 66 85 73 15 51 47 79 53 86 58 15 48 62 54 58 66 22 84 46 90 75 84 29 66 85 78 104 102 0 67 77 45 17 73 26 2 48 61 80 42 72 47 85 71 21 47 53 76 41 84 65 87 89 34 62 41 77 86 37 20 62 25 75 39 85 75 48 51 88 
16 58 38 37 20 60 41 16 60 18 82 3 30 60 53 48 58 13 38 50 48 78 19 23 13 36 66 51 46 45 24 37 18 50 9 22 16 37 37 67 0 39 32 76 65 49 66 31 6 18 32 66 19 25 56 85 64 13 71 27 45 7 33 37 58 8 30 64 31 44 69 43 52 58 53 36 9 49 42 22 
36 96 29 74 19 90 80 48 97 22 99 36 67 27 63 82 90 44 73 89 26 93 44 61 46 20 37 56 85 34 49 76 37 75 31 55 53 55 43 77 39 0 33 93 32 52 78 64 42 55 62 34 44 26 23 98 48 40 38 42 84 46 71 75 85 34 59 102 69 73 69 18 53 97 82 75 37 82 28 50 
42 73 9 67 25 60 67 47 72 29 66 30 59 38 30 55 61 43 48 74 22 59 21 43 27 15 39 24 70 14 54 60 44 43 26 53 48 66 60 45 32 33 0 59 42 21 46 39 29 50 34 42 20 42 35 66 33 21 47 12 70 35 63 67 54 24 31 79 61 43 40 22 23 75 52 64 37 54 14 53 
92 66 64 93 82 36 87 89 62 84 6 77 89 90 30 49 41 88 54 85 74 5 58 66 63 73 83 38 85 62 99 77 94 30 77 92 85 113 113 17 76 93 59 0 90 42 15 51 70 87 47 89 57 97 88 11 64 64 94 54 85 73 91 92 29 73 47 71 90 38 37 79 42 71 36 87 85 46 67 97 
66 114 33 102 47 101 105 77 114 50 97 62 94 6 62 96 102 73 90 113 19 88 61 83 66 29 9 53 109 31 80 100 68 83 56 84 81 87 75 73 65 32 42 90 0 49 75 81 65 82 76 3 61 58 9 92 29 59 6 54 109 71 98 102 93 57 73 121 96 84 57 22 48 116 93 101 65 96 28 81 
62 75 23 80 46 54 78 65 72 49 49 48 74 48 13 55 56 62 52 83 32 41 33 53 40 32 43 4 80 20 73 70 64 36 45 70 64 85 81 26 49 52 21 42 49 0 27 43 45 66 37 48 32 63 45 47 26 36 53 23 80 50 77 80 46 43 35 81 75 40 20 36 3 78 47 76 56 53 25 72 
81 69 50 89 69 41 84 81 65 72 22 66 84 74 15 49 45 79 52 84 59 14 48 61 54 59 68 23 83 47 90 74 84 27 66 85 78 103 102 2 66 78 46 15 75 27 0 46 61 79 41 74 47 85 72 20 49 53 78 42 83 65 86 88 32 62 40 75 85 35 23 64 27 73 37 83 75 47 52 88 
47 34 48 43 47 29 37 41 33 47 56 34 38 77 38 17 27 40 9 40 61 55 20 15 19 52 78 42 38 52 50 28 49 22 37 42 35 64 67 48 31 64 39 51 81 43 46 0 25 36 6 81 21 56 73 62 67 25 86 27 37 26 40 41 28 33 8 40 39 14 59 60 46 36 22 37 40 18 52 48 
22 54 36 38 23 54 40 20 55 22 76 8 31 61 48 42 52 18 32 48 48 72 13 19 7 36 65 46 44 43 29 34 25 43 12 26 19 43 43 61 6 42 29 70 65 45 61 25 0 21 26 66 14 31 57 79 62 9 71 22 43 6 34 38 52 9 24 60 32 38 65 43 47 55 47 36 15 43 40 28 
21 53 56 20 36 63 26 8 55 33 92 21 12 77 67 48 60 11 38 37 66 90 33 22 26 55 84 67 32 63 15 26 21 58 26 6 2 28 36 80 18 55 50 87 82 66 79 36 21 0 40 84 34 33 73 97 82 30 89 43 32 15 16 21 64 26 39 57 14 50 85 60 68 51 57 21 18 51 60 12 
48 39 43 48 45 29 44 43 38 45 52 33 43 72 32 21 28 42 15 46 56 50 17 20 19 48 72 36 44 46 52 34 50 18 36 45 38 66 69 42 32 62 34 47 76 37 41 6 26 40 0 76 17 56 69 57 61 23 81 22 44 27 45 47 26 32 3 46 44 12 53 55 39 42 21 43 41 21 47 50 
68 114 33 103 48 100 106 78 114 52 95 63 95 8 61 96 101 74 90 114 20 87 62 83 67 30 7 52 110 30 82 100 69 82 57 86 82 89 77 72 66 34 42 89 3 48 74 81 66 84 76 0 61 60 11 91 27 60 5 54 110 72 99 103 93 58 73 121 97 83 56 23 47 117 92 102 67 96 28 82 
35 54 29 49 28 47 48 34 54 29 63 19 42 57 34 38 46 32 30 54 42 59 1 23 8 32 59 33 51 34 43 41 37 33 20 39 32 56 55 47 19 44 20 57 61 32 47 21 14 34 17 61 0 41 53 66 52 6 67 9 50 19 45 48 42 16 15 60 44 29 51 39 34 56 38 45 28 38 33 41 
12 82 43 52 17 85 59 25 84 13 103 23 45 52 71 73 83 22 63 70 47 99 40 47 37 37 62 66 65 50 24 58 12 73 21 32 32 29 19 85 25 26 42 97 58 63 85 56 31 33 56 60 41 0 49 105 68 34 64 44 65 32 49 53 82 25 54 87 47 68 82 39 65 82 77 54 18 74 45 26 
57 107 26 93 37 95 96 67 106 41 94 53 85 4 59 90 95 64 82 105 14 86 54 74 58 21 14 49 101 26 71 91 58 77 47 75 72 78 66 71 56 23 35 88 9 45 72 73 57 73 69 11 53 49 0 91 30 51 15 47 100 62 89 93 88 49 66 113 87 77 57 14 45 109 87 92 56 89 22 72 
101 77 69 104 89 47 98 99 73 92 11 86 100 92 35 60 52 97 65 97 78 7 67 77 73 79 85 43 96 66 108 88 103 41 85 102 95 122 121 21 85 98 66 11 92 47 20 62 79 97 57 91 66 105 91 0 64 73 95 61 96 83 102 103 40 82 58 82 101 49 36 83 46 82 47 98 94 57 72 106 
72 100 26 99 52 81 100 79 98 56 70 62 92 30 38 80 83 75 77 105 22 61 52 74 59 31 21 29 102 19 85 92 74 63 57 86 80 95 87 47 64 48 33 64 29 26 49 67 62 82 61 27 52 68 30 64 0 53 31 42 102 67 96 99 72 56 59 107 94 66 29 30 25 103 74 97 68 79 23 85 
28 57 29 46 22 52 47 29 57 23 69 13 39 55 40 42 51 26 33 54 41 66 6 23 7 30 58 38 50 35 37 40 31 39 14 34 28 50 49 53 13 40 21 64 59 36 53 25 9 30 23 60 6 34 51 73 53 0 65 13 50 14 42 46 48 9 20 63 41 34 56 37 39 58 44 44 21 43 33 36 
72 120 38 108 53 106 111 83 119 57 100 68 101 12 66 102 107 79 96 119 25 91 67 89 72 35 10 57 116 36 86 106 74 88 62 91 87 93 80 76 71 38 47 94 6 53 78 86 71 89 81 5 67 64 15 95 31 65 0 59 115 77 104 108 98 64 79 126 102 89 59 28 52 122 98 107 72 101 34 87 
40 61 21 58 28 49 57 42 60 31 60 26 51 50 27 43 49 39 36 63 34 55 10 32 18 26 51 24 60 25 50 50 43 33 24 48 41 63 60 41 27 42 12 54 54 23 42 27 22 43 22 54 9 44 47 61 42 13 59 0 60 27 55 58 43 21 20 67 53 31 43 33 25 63 41 55 34 43 25 49 
52 28 78 17 65 52 6 40 33 62 88 48 21 104 76 37 47 42 31 5 91 89 49 27 43 80 108 79 1 84 45 10 53 56 54 34 33 54 66 84 45 84 70 85 109 80 83 37 43 32 44 110 50 65 100 96 102 50 115 60 0 38 18 15 57 52 45 29 20 48 96 86 82 24 49 11 48 40 83 42 
21 51 42 32 27 55 34 16 53 25 79 10 25 66 52 41 52 14 31 43 53 76 18 16 11 42 71 51 39 49 25 30 23 46 16 20 13 39 42 65 7 46 35 73 71 50 65 26 6 15 27 72 19 32 62 83 67 14 77 27 38 0 28 32 53 13 26 57 27 39 70 48 53 51 47 30 14 43 46 23 
36 44 71 4 52 62 12 24 48 49 95 36 4 93 76 47 58 27 38 23 81 95 44 26 37 70 99 77 19 77 27 18 36 61 42 17 18 36 48 87 33 71 63 91 98 77 86 40 34 16 45 99 45 49 89 102 96 42 104 55 18 28 0 4 65 41 46 47 2 53 96 76 80 41 58 7 34 49 75 24 
41 42 74 2 56 62 9 28 46 53 96 41 8 97 78 46 58 31 38 19 85 96 47 27 40 74 103 80 16 80 31 17 41 62 46 21 22 40 52 89 37 75 67 92 102 80 88 41 38 21 47 103 48 53 93 103 99 46 108 58 15 32 4 0 65 45 48 44 6 54 98 80 82 39 58 5 38 49 78 29 
74 37 62 67 70 9 59 68 33 71 31 60 64 91 34 20 13 67 27 57 74 34 42 42 45 69 88 43 57 62 78 49 76 11 62 69 63 92 95 34 58 85 54 29 93 46 32 28 52 64 26 93 42 82 88 40 72 48 98 43 57 53 65 65 0 57 28 43 65 14 53 76 47 43 7 60 67 17 66 75 
19 63 30 45 14 61 48 23 64 14 79 5 37 53 48 50 59 19 40 56 40 75 15 27 13 29 58 45 52 37 30 43 22 48 4 30 24 42 40 62 8 34 24 73 57 43 62 33 9 26 32 58 16 25 49 82 56 9 64 21 52 13 41 45 57 0 30 68 39 44 63 35 45 63 53 44 13 51 34 29 
46 42 40 49 42 32 45 42 41 43 52 32 43 70 31 23 31 41 17 48 54 50 15 20 17 46 70 34 45 44 51 35 49 19 34 45 38 66 67 41 30 59 31 47 73 35 40 8 24 39 3 73 15 54 66 58 59 20 79 20 45 26 46 48 28 30 0 48 45 14 51 53 37 44 24 44 39 24 45 49 
76 7 88 46 83 35 35 64 10 82 72 67 48 117 73 27 30 66 31 26 101 76 60 41 56 92 118 79 29 92 71 31 77 48 72 61 57 83 92 77 64 102 79 71 121 81 75 40 60 57 46 121 60 87 113 82 107 63 126 67 29 57 47 44 43 68 48 0 48 42 93 99 84 6 37 40 70 29 93 68 
34 45 69 6 50 62 14 22 49 47 95 34 2 91 75 47 58 25 38 25 79 94 43 25 35 68 97 76 21 75 25 18 35 61 40 15 16 35 46 86 31 69 61 90 96 75 85 39 32 14 44 97 44 47 87 101 94 41 102 53 20 27 2 6 65 39 45 48 0 52 94 74 78 42 58 8 32 49 73 23 
60 35 51 55 56 18 49 54 33 57 42 45 51 81 31 15 18 53 16 49 64 42 29 29 31 58 80 38 48 53 64 39 62 9 48 56 49 78 81 37 44 73 43 38 84 40 35 14 38 50 12 83 29 68 77 49 66 34 89 31 48 39 53 54 14 44 14 42 52 0 52 65 42 39 10 49 53 13 56 61 
82 87 40 99 65 62 96 85 84 69 42 68 93 58 21 67 65 82 66 99 45 33 52 71 59 49 49 19 97 35 93 87 84 46 66 90 83 105 101 20 69 69 40 37 57 20 23 59 65 85 53 56 51 82 57 36 29 56 59 43 96 70 96 98 53 63 51 93 94 52 0 52 18 91 56 94 76 65 41 92 
45 93 14 80 25 82 83 55 93 30 85 40 72 18 49 76 83 51 69 91 8 78 40 60 44 7 24 40 87 17 59 77 47 65 34 63 59 68 58 62 43 18 22 79 22 36 64 60 43 60 55 23 39 39 14 83 30 37 28 33 86 48 76 80 76 35 53 99 74 65 52 0 37 95 74 79 44 76 11 60 
64 77 24 83 48 56 81 67 75 51 48 50 76 48 14 57 58 64 54 85 32 41 35 56 43 33 42 5 83 20 75 72 67 38 48 73 66 88 83 25 52 53 23 42 48 3 27 46 47 68 39 47 34 65 45 46 25 39 52 25 82 53 80 82 47 45 37 84 78 42 18 37 0 81 49 79 58 55 26 74 
70 6 84 41 78 35 30 59 10 76 73 62 43 112 71 25 30 60 27 21 97 76 55 36 51 88 114 77 23 88 66 25 71 46 66 55 51 77 86 75 58 97 75 71 116 78 73 36 55 51 42 117 56 82 109 82 103 58 122 63 24 51 41 39 43 63 44 6 42 39 91 95 81 0 36 34 64 27 89 63 
68 31 60 60 66 8 52 62 28 67 38 55 57 90 37 13 9 61 20 50 73 40 38 35 40 67 88 45 49 62 71 42 71 11 57 63 56 85 89 39 53 82 52 36 93 47 37 22 47 57 21 92 38 77 87 47 74 44 98 41 49 47 58 58 7 53 24 37 58 10 56 74 49 36 0 53 61 10 65 69 
42 38 72 7 56 57 5 29 41 53 91 40 9 96 75 41 53 32 34 16 84 91 44 24 38 72 101 76 12 78 33 12 42 58 45 23 22 43 54 85 36 75 64 87 101 76 83 37 36 21 43 102 45 54 92 98 97 44 107 55 11 30 7 5 60 44 44 40 8 49 94 79 79 34 53 0 38 44 76 31 
7 65 42 37 19 69 43 11 67 15 90 8 30 60 61 56 66 8 45 53 50 87 27 30 22 39 67 58 49 49 17 41 10 59 11 19 16 29 28 75 9 37 37 85 65 56 75 40 15 18 41 67 28 18 56 94 68 21 72 34 48 14 34 38 67 13 39 70 32 53 76 44 58 64 61 38 0 57 45 17 
64 22 63 51 65 13 42 56 19 65 48 52 49 93 44 3 9 56 13 40 77 50 38 29 37 69 92 51 40 66 65 33 66 19 55 56 50 79 84 48 49 82 54 46 96 53 47 18 43 51 21 96 38 74 89 57 79 43 101 43 40 43 49 49 17 51 24 29 49 13 65 76 55 27 10 44 57 0 68 63 
48 86 5 78 29 73 80 56 85 33 74 39 71 25 38 68 74 52 62 87 9 66 34 56 40 9 26 29 83 6 62 73 51 55 34 63 58 72 64 51 42 28 14 67 28 25 52 52 40 60 47 28 33 45 22 72 23 33 34 25 83 46 75 78 66 34 45 93 73 56 41 11 26 89 65 76 45 68 0 62 
15 65 58 27 34 75 36 7 68 30 102 24 21 75 75 61 72 10 50 47 67 99 40 34 34 55 83 73 43 66 3 38 14 68 28 8 13 16 24 88 22 50 53 97 81 72 88 48 28 12 50 82 41 26 72 106 85 36 87 49 42 23 24 29 75 29 49 68 23 61 92 60 74 63 69 31 17 63 62 0 
0 12 0 172 0 0 0 3000 0 0 120 0 200 0 0 0 0 0 0 27 0 0 2044 0 9 10 0 0 0 0 45 67 0 0 279 0 178 113 0 0 0 9 22 0 397 0 3000 67 103 0 0 0 0 32 11 64 0 17 164 0 18 51 16 507 1898 1311 169 0 0 14 1800 0 0 0 0 0 230 117 41 0 
12 0 530 9 77 0 0 193 0 53 658 0 792 0 0 12 40 85 151 550 0 0 41 1894 122 16 92 0 76 33 138 2765 674 0 1292 10 28 459 689 0 0 61 122 40 284 170 12 390 547 0 726 320 3000 476 37 27 582 148 8 118 428 216 34 35 88 8 223 0 0 50 746 0 94 70 0 0 478 95 780 32 
0 530 0 0 37 2651 29 2129 615 226 14 536 0 186 598 0 9 399 24 0 33 148 39 0 316 14 47 22 30 667 27 36 2035 515 36 178 17 123 417 36 1493 8 0 169 516 1340 7 20 0 114 1058 83 58 132 8 0 15 0 144 23 107 10 7 65 18 971 26 41 21 928 21 2211 24 8 93 2175 0 364 430 453 
172 9 0 0 10 0 0 723 0 88 3000 0 924 0 0 3000 0 18 0 10 0 0 28 8 25 89 0 0 0 0 26 515 102 0 79 46 15 153 0 0 0 762 817 22 87 0 3000 0 516 0 1005 0 136 63 127 264 0 2677 105 238 10 28 17 14 51 95 0 0 0 0 33 0 0 0 0 0 33 143 94 0 
0 77 37 10 0 0 3000 77 57 11 0 117 51 452 87 19 236 3000 13 44 41 112 260 729 0 79 22 337 188 8 0 64 58 31 1804 142 32 8 216 441 0 7 573 150 916 13 13 19 88 24 3000 610 164 998 17 66 10 762 3000 183 39 433 149 0 0 0 1731 48 9 20 26 1708 15 1152 470 238 54 0 62 622 
0 0 2651 0 0 0 2002 30 75 0 16 1409 0 19 252 0 0 0 154 0 0 1282 8 0 56 27 57 128 0 290 1029 18 7 31 0 0 466 0 0 0 40 0 0 221 882 1297 62 57 0 40 0 863 0 50 0 0 0 0 74 0 449 1066 112 9 35 94 2273 0 211 34 48 178 192 32 251 201 0 167 11 156 
0 0 29 0 3000 2002 0 657 9 0 3000 100 0 112 202 0 21 435 3000 0 290 211 107 0 112 26 71 16 1343 551 46 46 79 900 273 0 615 0 429 48 97 886 0 1167 8 1452 960 1408 18 80 64 155 0 2442 64 0 467 0 34 0 190 71 490 19 800 2104 3000 89 13 2023 648 888 62 552 43 27 0 66 459 642 
3000 193 2129 723 77 30 657 0 106 301 174 204 1422 2539 28 235 71 16 1109 2030 554 515 2337 10 2026 115 118 38 490 240 50 736 223 1353 11 1241 578 485 54 448 381 284 11 260 54 25 607 144 381 14 820 37 570 109 160 1630 8 3000 8 371 763 208 41 144 13 380 134 328 50 199 156 2351 95 35 249 239 42 1892 10 15 
0 0 615 0 57 75 9 106 0 0 63 226 0 10 2239 0 0 16 203 0 116 2849 622 0 83 1236 923 42 512 721 498 9 243 25 17 0 77 0 932 11 16 3000 0 179 1065 568 232 2161 101 38 45 1209 0 208 1099 0 362 0 83 0 59 256 26 1371 1349 119 23 0 31 13 34 399 20 159 1086 53 0 994 344 320 
0 53 226 88 11 0 0 301 0 0 0 603 397 0 0 59 173 157 11 70 82 0 0 70 0 226 653 0 2319 33 0 0 363 28 60 38 9 550 80 480 0 127 16 43 9 356 70 0 14 0 23 891 918 258 358 22 20 154 0 7 458 0 191 0 0 0 0 972 231 939 147 75 283 56 14 11 1102 0 0 8 
120 658 14 3000 0 16 3000 174 63 0 0 0 0 17 52 0 0 0 19 159 0 567 662 0 8 76 168 287 0 131 57 455 124 0 205 0 181 23 0 0 264 431 0 64 258 0 56 397 772 177 39 0 0 356 29 3000 0 136 23 0 211 43 316 54 87 7 278 0 0 548 9 0 0 656 0 149 119 1305 1680 15 
0 0 536 0 117 1409 100 204 226 603 0 0 0 143 142 0 37 58 41 0 208 286 0 0 0 0 91 139 42 243 0 0 3000 43 76 519 78 249 39 78 43 17 0 25 0 14 108 778 0 867 769 1641 16 8 74 0 213 0 0 104 507 31 0 0 0 0 24 308 10 14 656 226 60 136 17 191 0 0 11 2308 
200 792 0 924 51 0 0 1422 0 397 0 0 0 0 0 13 69 57 59 31 147 0 113 36 0 499 0 0 269 0 0 0 71 0 233 127 1392 8 2727 0 0 744 9 1005 150 18 46 0 30 0 181 0 403 290 298 40 26 378 0 381 71 0 76 0 0 0 0 0 0 0 80 0 470 11 0 0 3000 0 0 68 
0 0 186 0 452 19 112 2539 10 0 17 143 0 0 1217 0 0 0 3000 0 0 852 182 0 129 115 3000 67 0 159 2137 26 236 10 0 0 1361 0 0 0 25 0 0 92 11 97 30 356 0 161 0 10 0 0 0 0 0 0 570 0 9 274 2229 35 26 1561 16 0 985 56 100 190 111 37 47 24 0 32 89 718 
0 0 598 0 87 252 202 28 2239 0 52 142 0 1217 0 0 1397 191 16 0 10 55 221 0 200 295 1782 222 18 3000 485 125 276 895 74 0 42 0 299 53 125 44 0 811 712 8 1550 201 0 61 253 12 0 103 16 0 978 0 221 769 412 194 127 1210 565 1178 71 299 19 593 339 114 37 13 740 625 0 111 17 103 
0 12 0 3000 19 0 0 235 0 59 0 0 13 0 0 0 16 51 0 368 0 0 0 504 0 512 0 0 34 0 0 0 0 0 2718 15 2546 17 43 0 0 57 22 0 3000 644 0 0 530 0 1836 0 358 23 3000 1272 9 278 0 132 118 0 0 0 0 0 0 0 0 0 76 0 0 195 0 0 472 0 0 0 
0 40 9 0 236 0 21 71 0 173 0 37 69 0 1397 16 0 273 166 9 159 0 0 19 0 0 147 0 111 62 0 0 15 18 354 24 50 201 257 9 0 56 272 39 349 928 11 44 0 340 325 120 35 93 348 0 64 8 0 9 20 0 0 0 0 0 0 19 13 459 20 16 356 538 37 91 104 0 0 90 
0 85 399 18 3000 0 435 16 16 157 0 58 57 0 191 51 273 0 345 283 11 0 8 118 0 206 13 0 281 667 0 0 429 8 315 21 1120 1051 63 402 0 3000 1420 8 305 2444 143 346 1551 118 437 3000 2357 1050 154 28 48 1539 0 535 22 119 15 0 0 0 0 93 39 314 88 3000 504 111 206 38 1872 0 278 113 
0 151 24 0 13 154 3000 1109 203 11 19 41 59 3000 16 0 166 345 0 0 3000 9 835 1103 14 9 78 28 229 326 34 35 8 732 43 10 116 37 107 1133 42 434 598 51 190 21 16 2584 0 141 140 2351 16 920 9 0 320 0 274 181 19 8 611 8 0 0 246 156 12 15 8 148 1528 11 52 159 0 24 88 18 
27 550 0 10 44 0 0 2030 0 70 159 0 31 0 0 368 9 283 0 0 0 0 115 27 0 397 0 0 45 0 0 0 0 0 60 17 862 181 1235 0 0 164 543 0 144 0 0 0 287 0 209 0 96 233 32 395 1331 8 0 188 128 0 61 0 1247 35 0 0 0 0 133 0 0 252 0 0 53 0 0 0 
0 0 33 0 41 0 290 554 116 82 0 208 147 0 10 0 159 11 3000 0 0 0 0 277 0 0 222 0 3000 25 0 0 40 121 43 427 1514 36 189 13 0 3000 50 7 0 45 23 274 0 157 689 809 492 23 108 0 3000 0 0 24 212 0 0 0 0 0 0 78 51 2105 17 15 35 31 960 496 0 0 0 32 
0 0 148 0 112 1282 211 515 2849 0 567 286 0 852 55 0 0 0 9 0 0 0 11 0 378 69 857 1076 0 730 54 233 127 563 22 0 41 0 0 0 393 0 0 17 8 384 72 73 0 23 0 15 0 87 52 0 2692 0 191 0 440 181 112 50 436 103 697 0 16 13 1966 88 142 12 45 52 0 168 17 17 
2044 41 39 28 260 8 107 2337 622 0 662 0 113 182 221 0 0 8 835 115 0 11 0 0 270 3000 9 3000 0 584 73 19 419 0 48 0 2623 558 0 0 3000 3000 222 221 26 0 211 42 89 251 928 70 0 10 842 222 0 16 485 0 708 1364 529 25 40 105 20 0 0 24 22 48 0 119 0 66 25 14 82 32 
0 1894 0 8 729 0 0 10 0 70 0 0 36 0 0 504 19 118 1103 27 277 0 0 0 0 989 22 0 324 144 0 0 10 0 3000 18 1745 592 2745 20 0 16 38 58 18 15 0 0 42 0 10 7 65 15 801 3000 204 67 0 130 1473 0 0 0 0 0 0 3000 0 0 401 0 695 39 0 0 593 0 0 25 
9 122 316 25 0 56 112 2026 83 0 8 0 0 129 200 0 0 0 14 0 0 378 270 0 0 350 700 698 0 195 16 12 381 0 76 0 113 0 0 0 304 325 0 19 82 0 15 2757 160 7 39 10 0 246 2245 136 0 0 79 0 8 562 602 183 59 24 90 0 0 169 8 396 0 26 0 78 11 45 38 1185 
10 16 14 89 79 27 26 115 1236 226 76 0 499 115 295 512 0 206 9 397 0 69 3000 989 350 0 3000 13 58 3000 34 213 10 0 17 841 78 41 0 0 3000 308 153 292 111 0 444 1153 2322 83 15 124 591 3000 36 1915 0 194 55 51 46 297 15 8 597 62 13 0 0 29 14 75 360 8 0 217 133 79 39 130 
0 92 47 0 22 57 71 118 923 653 168 91 0 3000 1782 0 147 13 78 0 222 857 9 22 700 3000 0 238 614 86 11 25 1426 40 12 485 12 66 19 53 24 139 0 56 39 636 306 134 0 1009 66 170 366 2008 19 0 22 0 362 1903 80 77 417 105 87 0 83 945 22 18 812 473 55 10 157 531 0 153 83 66 
0 0 22 0 337 128 16 38 42 0 287 139 0 67 222 0 0 0 28 0 0 1076 3000 0 698 13 238 0 0 31 134 426 31 19 113 0 895 0 0 0 37 0 0 41 58 19 127 1437 0 251 0 446 0 20 37 0 331 0 18 0 293 92 18 82 7 17 99 0 95 15 107 95 40 402 577 24 0 244 2552 567 
0 76 30 0 188 0 1343 490 512 2319 0 42 269 0 18 34 111 281 229 45 3000 0 0 324 0 58 614 0 0 160 0 0 450 1337 271 984 858 24 8 2656 0 96 103 150 194 18 50 70 0 574 332 44 18 1925 103 0 843 7 0 131 10 68 0 0 0 0 0 214 3000 95 133 3000 251 13 100 47 39 0 66 1067 
0 33 667 0 8 290 551 240 721 33 131 243 0 159 3000 0 62 667 326 0 25 730 584 144 195 3000 86 31 160 0 29 493 13 1120 63 109 22 69 626 18 67 143 0 138 22 68 1453 28 65 10 192 117 244 308 568 0 44 0 99 11 13 22 256 35 1527 121 1131 57 20 17 624 135 21 664 522 123 19 303 3000 15 
45 138 27 26 0 1029 46 50 498 0 57 0 0 2137 485 0 0 0 34 0 0 54 73 0 16 34 11 134 0 29 0 10 64 0 13 0 101 0 0 0 1569 30 0 348 3000 0 137 35 177 32 420 36 0 282 229 13 0 0 27 0 215 517 254 26 22 45 56 0 0 1446 16 3000 0 112 0 488 389 16 11 1025 
67 2765 36 515 64 18 46 736 9 0 455 0 0 26 125 0 0 0 35 0 0 233 19 0 12 213 25 426 0 493 10 0 42 0 40 0 163 47 0 0 12 26 0 113 35 0 414 3000 754 1395 132 13 0 434 958 1637 0 0 450 0 64 2144 72 81 3000 992 403 0 0 2124 9 20 0 807 0 170 10 10 40 81 
0 674 2035 102 58 7 79 223 243 363 124 3000 71 236 276 0 15 429 8 0 40 127 419 10 381 10 1426 31 450 13 64 42 0 460 1062 192 105 73 11 60 1708 75 199 784 155 1585 86 147 108 36 146 154 468 102 7 465 346 77 160 12 368 19 1419 20 27 302 768 23 722 1225 14 52 9 640 3000 380 128 1374 993 83 
0 0 515 0 31 31 900 1353 25 28 0 43 0 10 895 0 18 8 732 0 121 563 0 0 0 0 40 19 1337 1120 0 0 460 0 363 457 658 0 340 14 83 500 0 2216 0 1234 134 58 0 115 43 58 180 13 318 0 17 0 0 271 1327 13 0 0 0 0 19 13 47 98 716 46 99 99 32 999 0 0 8 31 
279 1292 36 79 1804 0 273 11 17 60 205 76 233 0 74 2718 354 315 43 60 43 22 48 3000 76 17 12 113 271 63 13 40 1062 363 0 107 34 43 31 9 0 20 42 79 440 798 337 1262 310 789 1428 13 394 374 92 702 1116 256 340 254 396 154 353 189 1403 176 685 23 153 483 366 9 990 72 207 29 3000 994 57 93 
0 10 178 46 142 0 0 1241 0 38 0 519 127 0 0 15 24 21 10 17 427 0 0 18 0 841 485 0 984 109 0 0 192 457 107 0 713 179 243 198 0 9 852 253 247 12 134 0 253 0 13 3000 1865 9 281 33 32 115 0 13 190 0 0 0 0 0 0 13 1398 77 8 19 57 158 897 12 3000 0 0 3000 
178 28 17 15 32 466 615 578 77 9 181 78 1392 1361 42 2546 50 1120 116 862 1514 41 2623 1745 113 78 12 895 858 22 101 163 105 658 34 713 0 119 3000 41 26 10 3000 294 407 2255 75 746 9 3000 678 342 8 7 42 19 232 43 125 27 44 23 213 603 391 67 484 0 0 69 255 171 8 248 34 16 29 58 20 29 
113 459 123 153 8 0 0 485 0 550 23 249 8 0 0 17 201 1051 37 181 36 0 558 592 0 41 66 0 24 69 0 47 73 0 43 179 119 0 11 200 0 664 131 1809 128 135 29 200 607 0 12 472 109 101 233 48 404 96 49 59 106 288 992 0 33 0 0 464 0 29 143 0 761 39 238 0 95 0 29 929 
0 689 417 0 216 0 429 54 932 80 0 39 2727 0 299 43 257 63 107 1235 189 0 0 2745 0 0 19 0 8 626 0 0 11 340 31 243 3000 11 0 36 0 317 1390 396 261 175 121 29 0 43 621 1195 126 191 32 0 21 2315 0 22 86 0 0 0 0 0 0 296 117 1427 26 67 1122 133 1512 98 147 0 0 23 
0 0 36 0 441 0 48 448 11 480 0 78 0 0 53 0 9 402 1133 0 13 0 0 20 0 0 53 0 2656 18 0 0 60 14 9 198 41 200 36 0 0 363 0 881 0 23 1175 0 0 98 876 162 207 0 3000 0 66 0 0 402 1083 0 0 0 0 0 0 135 31 167 0 69 17 12 315 140 0 0 0 51 
0 0 1493 0 0 40 97 381 16 0 264 43 0 25 125 0 0 0 42 0 0 393 3000 0 304 3000 24 37 0 67 1569 12 1708 83 0 0 26 0 0 0 0 0 0 77 76 0 21 45 0 14 0 275 0 32 0 0 0 0 9 0 370 62 3000 435 264 28 789 0 43 8 279 34 10 867 52 3000 0 31 41 3000 
9 61 8 762 7 0 886 284 3000 127 431 17 744 0 44 57 56 3000 434 164 3000 0 3000 16 325 308 139 0 96 143 30 26 75 500 20 9 10 664 317 363 0 0 16 28 329 1392 1178 440 78 240 70 2041 10 31 508 55 24 33 141 652 148 88 43 196 937 10 3000 16 3000 332 169 142 20 112 181 457 25 42 1128 72 
22 122 0 817 573 0 0 11 0 16 0 0 9 0 0 22 272 1420 598 543 50 0 222 38 0 153 0 0 103 0 0 0 199 0 42 852 3000 131 1390 0 0 16 0 63 16 95 0 0 857 0 38 0 66 1278 24 703 24 125 0 142 183 0 237 0 0 0 0 0 0 0 42 0 198 1614 0 0 39 0 0 152 
0 40 169 22 150 221 1167 260 179 43 64 25 1005 92 811 0 39 8 51 0 7 17 221 58 19 292 56 41 150 138 348 113 784 2216 79 253 294 1809 396 881 77 28 63 0 42 98 53 27 108 327 141 81 86 23 203 10 220 0 51 8 9 16 21 19 414 77 10 173 24 119 7 788 22 18 24 50 76 1688 111 65 
397 284 516 87 916 882 8 54 1065 9 258 0 150 11 712 3000 349 305 190 144 0 8 26 18 82 111 39 58 194 22 3000 35 155 0 440 247 407 128 261 0 76 329 16 42 0 228 169 34 98 81 890 184 118 14 616 91 13 138 166 213 26 67 2724 71 13 26 241 0 0 123 231 285 18 57 0 101 18 167 407 101 
0 170 1340 0 13 1297 1452 25 568 356 0 14 18 97 8 644 928 2444 21 0 45 384 0 15 0 0 636 19 18 68 0 0 1585 1234 798 12 2255 135 175 23 0 1392 95 98 228 0 485 35 0 485 21 76 137 3000 7 0 25 0 0 680 203 218 0 0 0 0 0 45 12 125 41 1431 79 56 520 80 0 0 23 23 
3000 12 7 3000 13 62 960 607 232 70 56 108 46 30 1550 0 11 143 16 0 23 72 211 0 15 444 306 127 50 1453 137 414 86 134 337 134 75 29 121 1175 21 1178 0 53 169 485 0 487 105 2715 796 2207 3000 13 189 73 190 0 101 16 318 558 538 98 16 31 13 384 131 370 133 32 39 2752 31 71 25 128 13 423 
67 390 20 0 19 57 1408 144 2161 0 397 778 0 356 201 0 44 346 2584 0 274 73 42 0 2757 1153 134 1437 70 28 35 3000 147 58 1262 0 746 200 29 0 45 440 0 27 34 35 487 0 542 615 130 3000 0 185 10 768 1470 0 10 0 11 891 35 319 1122 14 661 0 937 30 1289 438 628 34 87 47 0 122 16 125 
103 547 0 516 88 0 18 381 101 14 772 0 30 0 0 530 0 1551 0 287 0 0 89 42 160 2322 0 0 0 65 177 754 108 0 310 253 9 607 0 0 0 78 857 108 98 0 105 542 0 0 23 0 194 3000 256 721 0 723 64 492 74 17 32 1102 1026 54 71 0 0 41 28 0 0 383 0 0 1658 1033 16 61 
0 0 114 0 24 40 80 14 38 0 177 867 0 161 61 0 340 118 141 0 157 23 251 0 7 83 1009 251 574 10 32 1395 36 115 789 0 3000 0 43 98 14 240 0 327 81 485 2715 615 0 0 58 325 0 166 646 0 1523 0 14 0 517 195 106 27 2099 0 589 76 3000 8 14 10 429 39 10 217 0 1009 1219 58 
0 726 1058 1005 3000 0 64 820 45 23 39 769 181 0 253 1836 325 437 140 209 689 0 928 10 39 15 66 0 332 192 420 132 146 43 1428 13 678 12 621 876 0 70 38 141 890 21 796 130 23 58 0 180 52 155 3000 930 24 16 38 45 314 15 22 0 32 0 168 19 1450 79 162 27 42 421 486 64 21 407 54 7 
0 320 83 0 610 863 155 37 1209 891 0 1641 0 10 12 0 120 3000 2351 0 809 15 70 7 10 124 170 446 44 117 36 13 154 58 13 3000 342 472 1195 162 275 2041 0 81 184 76 2207 3000 0 325 180 0 934 312 2161 0 246 0 254 10 89 119 0 0 0 0 70 88 2796 22 9 13 199 20 193 193 0 604 185 70 
0 3000 58 136 164 0 0 570 0 918 0 16 403 0 0 358 35 2357 16 96 492 0 0 65 0 591 366 0 18 244 0 0 468 180 394 1865 8 109 126 207 0 10 66 86 118 137 3000 0 194 0 52 934 0 13 390 39 1022 23 0 373 3000 0 913 0 0 0 0 25 212 12 50 31 386 17 357 245 882 0 0 2370 
32 476 132 63 998 50 2442 109 208 258 356 8 290 0 103 23 93 1050 920 233 23 87 10 15 246 3000 2008 20 1925 308 282 434 102 13 374 9 7 101 191 0 32 31 1278 23 14 3000 13 185 3000 166 155 312 13 0 146 247 27 622 50 294 10 78 155 82 307 238 583 0 0 72 659 1332 131 1945 25 160 71 37 3000 128 
11 37 8 127 17 0 64 160 1099 358 29 74 298 0 16 3000 348 154 9 32 108 52 842 801 2245 36 19 37 103 568 229 958 7 318 92 281 42 233 32 3000 0 508 24 203 616 7 189 10 256 646 3000 2161 390 146 0 894 574 3000 282 903 401 16 3000 44 670 24 1414 45 7 11 187 1769 11 845 9 36 68 267 1916 13 
64 27 0 264 66 0 0 1630 0 22 3000 0 40 0 0 1272 0 28 0 395 0 0 222 3000 136 1915 0 0 0 0 13 1637 465 0 702 33 19 48 0 0 0 55 703 10 91 0 73 768 721 0 930 0 39 247 894 0 0 348 24 1941 1645 64 228 1065 100 2885 2780 0 0 27 22 0 0 0 0 0 184 799 12 0 
0 582 15 0 10 0 467 8 362 20 0 213 26 0 978 9 64 48 320 1331 3000 2692 0 204 0 0 22 331 843 44 0 0 346 17 1116 32 232 404 21 66 0 24 24 220 13 25 190 1470 0 1523 24 246 1022 27 574 0 0 3000 0 150 599 528 0 0 0 0 0 29 163 9 3000 45 287 1348 3000 341 8 0 47 158 
17 148 0 2677 762 0 0 3000 0 154 136 0 378 0 0 278 8 1539 0 8 0 0 16 67 0 194 0 0 7 0 0 0 77 0 256 115 43 96 2315 0 0 33 125 0 138 0 0 0 723 0 16 0 23 622 3000 348 3000 0 0 79 87 0 139 0 836 316 0 0 0 0 204 0 0 29 0 0 370 0 0 0 
164 8 144 105 3000 74 34 8 83 0 23 0 0 570 221 0 0 0 274 0 0 191 485 0 79 55 362 18 0 99 27 450 160 0 340 0 125 49 0 0 9 141 0 51 166 0 101 10 64 14 38 254 0 50 282 24 0 0 0 0 702 1570 226 8 32 179 606 0 0 27 7 65 0 56 0 36 878 214 532 94 
0 118 23 238 183 0 0 371 0 7 0 104 381 0 769 132 9 535 181 188 24 0 0 130 0 51 1903 0 131 11 0 0 12 271 254 13 27 59 22 402 0 652 142 8 213 680 16 0 492 0 45 10 373 294 903 1941 150 79 0 0 26 0 0 0 0 0 0 30 2496 13 35 418 351 37 255 61 216 0 0 273 
18 428 107 10 39 449 190 763 59 458 211 507 71 9 412 118 20 22 19 128 212 440 708 1473 8 46 80 293 10 13 215 64 368 1327 396 190 44 106 86 1083 370 148 183 9 26 203 318 11 74 517 314 89 3000 10 401 1645 599 87 702 26 0 597 259 56 27 50 12 488 21 132 231 1163 100 901 60 1829 19 374 10 456 
51 216 10 28 433 1066 71 208 256 0 43 31 0 274 194 0 0 119 8 0 0 181 1364 0 562 297 77 92 68 22 517 2144 19 13 154 0 23 288 0 0 62 88 0 16 67 218 558 891 17 195 15 119 0 78 16 64 528 0 1570 0 597 0 35 255 42 67 1582 0 54 251 22 16 33 47 508 74 1799 67 367 1639 
16 34 7 17 149 112 490 41 26 191 316 0 76 2229 127 0 0 15 611 61 0 112 529 0 602 15 417 18 0 256 254 72 1419 0 353 0 213 992 0 0 3000 43 237 21 2724 0 538 35 32 106 22 0 913 155 3000 228 0 139 226 0 259 35 0 102 27 3000 823 0 0 635 162 0 0 284 0 0 9 201 690 424 
507 35 65 14 0 9 19 144 1371 0 54 0 0 35 1210 0 0 0 8 0 0 50 25 0 183 8 105 82 0 35 26 81 20 0 189 0 603 0 0 0 435 196 0 19 71 0 98 319 1102 27 0 0 0 82 44 1065 0 0 8 0 56 255 102 0 967 64 8 0 0 181 12 39 0 1633 0 42 0 12 343 54 
1898 88 18 51 0 35 800 13 1349 0 87 0 0 26 565 0 0 0 0 1247 0 436 40 0 59 597 87 7 0 1527 22 3000 27 0 1403 0 391 33 0 0 264 937 0 414 13 0 16 1122 1026 2099 32 0 0 307 670 100 0 836 32 0 27 42 27 967 0 104 16 0 0 423 8 0 0 135 0 0 32 1083 82 12 
1311 8 971 95 0 94 2104 380 119 0 7 0 0 1561 1178 0 0 0 0 35 0 103 105 0 24 62 0 17 0 121 45 992 302 0 176 0 67 0 0 0 28 10 0 77 26 0 31 14 54 0 0 0 0 238 24 2885 0 316 179 0 50 67 3000 64 104 0 50 0 0 12 301 0 0 0 0 0 14 319 248 30 
169 223 26 0 1731 2273 3000 134 23 0 278 24 0 16 71 0 0 0 246 0 0 697 20 0 90 13 83 99 0 1131 56 403 768 19 685 0 484 0 0 0 789 3000 0 10 241 0 13 661 71 589 168 70 0 583 1414 2780 0 0 606 0 12 1582 823 8 16 50 0 0 0 206 139 17 566 1084 67 105 0 64 1285 3000 
0 0 41 0 48 0 89 328 0 972 0 308 0 0 299 0 19 93 156 0 78 0 0 3000 0 0 945 0 214 57 0 0 23 13 23 13 0 464 296 135 0 16 0 173 0 45 384 0 0 76 19 88 25 0 45 0 29 0 0 30 488 0 0 0 0 0 0 0 200 49 0 252 8 93 36 15 0 0 0 2311 
0 0 21 0 9 211 13 50 31 231 0 10 0 985 19 0 13 39 12 0 51 16 0 0 0 0 22 95 3000 20 0 0 722 47 153 1398 0 0 117 31 43 3000 0 24 0 12 131 937 0 3000 1450 2796 212 0 7 0 163 0 0 2496 21 54 0 0 0 0 0 200 0 129 0 3000 109 2568 82 14 0 0 0 410 
14 50 928 0 20 34 2023 199 13 939 548 14 0 56 593 0 459 314 15 0 2105 13 24 0 169 29 18 15 95 17 1446 2124 1225 98 483 77 69 29 1427 167 8 332 0 119 123 125 370 30 41 8 79 22 12 72 11 27 9 0 27 13 132 251 635 181 423 12 206 49 129 0 269 412 2800 49 72 188 48 925 259 11 
1800 746 21 33 26 48 648 156 34 147 9 656 80 100 339 76 20 88 8 133 17 1966 22 401 8 14 812 107 133 624 16 9 14 716 366 8 255 143 26 0 279 169 42 7 231 41 133 1289 28 14 162 9 50 659 187 22 3000 204 7 35 231 22 162 12 8 301 139 0 0 269 0 1193 157 52 98 24 19 835 2613 1547 
0 0 2211 0 1708 178 888 2351 399 75 0 226 0 190 114 0 16 3000 148 0 15 88 48 0 396 75 473 95 3000 135 3000 20 52 46 9 19 171 0 67 69 34 142 0 788 285 1431 32 438 0 10 27 13 31 1332 1769 0 45 0 65 418 1163 16 0 39 0 0 17 252 3000 412 1193 0 228 109 59 33 0 584 400 398 
0 94 24 0 15 192 62 95 20 283 0 60 470 111 37 0 356 504 1528 0 35 142 0 695 0 360 55 40 251 21 0 0 9 99 990 57 8 761 1122 17 10 20 198 22 18 79 39 628 0 429 42 199 386 131 11 0 287 0 0 351 100 33 0 0 0 0 566 8 109 2800 157 228 0 92 8 328 0 0 288 1762 
0 70 8 0 1152 32 552 35 159 56 656 136 11 37 13 195 538 111 11 252 31 12 119 39 26 8 10 402 13 664 112 807 640 99 72 158 248 39 133 12 867 112 1614 18 57 56 2752 34 383 39 421 20 17 1945 845 0 1348 29 56 37 901 47 284 1633 135 0 1084 93 2568 49 52 109 92 0 126 863 8 175 3000 22 
0 0 93 0 470 251 43 249 1086 14 0 17 0 47 740 0 37 206 52 0 960 45 0 0 0 0 157 577 100 522 0 0 3000 32 207 897 34 238 1512 315 52 181 0 24 0 520 31 87 0 10 486 193 357 25 9 0 3000 0 0 255 60 508 0 0 0 0 67 36 82 72 98 59 8 126 0 232 0 0 812 82 
0 0 2175 0 238 201 27 239 53 11 149 191 0 24 625 0 91 38 159 0 496 52 66 0 78 217 531 24 47 123 488 170 380 999 29 12 16 0 98 140 3000 457 0 50 101 80 71 47 0 217 64 193 245 160 36 0 341 0 36 61 1829 74 0 42 0 0 105 15 14 188 24 33 328 863 232 0 0 53 75 179 
230 478 0 33 54 0 0 42 0 1102 119 0 3000 0 0 472 104 1872 0 53 0 0 25 593 11 133 0 0 39 19 389 10 128 0 3000 3000 29 95 147 0 0 25 39 76 18 0 25 0 1658 0 21 0 882 71 68 184 8 370 878 216 19 1799 9 0 32 14 0 0 0 48 19 0 0 8 0 0 0 151 8 327 
117 95 364 143 0 167 66 1892 994 0 1305 0 0 32 111 0 0 0 24 0 0 168 14 0 45 79 153 244 0 303 16 10 1374 0 994 0 58 0 0 0 31 42 0 1688 167 0 128 122 1033 1009 407 604 0 37 267 799 0 0 214 0 374 67 201 12 1083 319 64 0 0 925 835 584 0 175 0 53 151 0 120 660 
41 780 430 94 62 11 459 10 344 0 1680 11 0 89 17 0 0 278 88 0 0 17 82 0 38 39 83 2552 66 3000 11 40 993 8 57 0 20 29 0 0 41 1128 0 111 407 23 13 16 16 1219 54 185 0 3000 1916 12 47 0 532 0 10 367 690 343 82 248 1285 0 0 259 2613 400 288 3000 812 75 8 120 0 1455 
0 32 453 0 622 156 642 15 320 8 15 2308 68 718 103 0 90 113 18 0 32 17 32 25 1185 130 66 567 1067 15 1025 81 83 31 93 3000 29 929 23 51 3000 72 152 65 101 23 423 125 61 58 7 70 2370 128 13 0 158 0 94 273 456 1639 424 54 12 30 3000 2311 410 11 1547 398 1762 22 82 179 327 660 1455 0 
