80
0 25 44 88 72 38 68 89 90 21 45 1 58 89 81 54 88 53 84 51 126 98 64 40 47 83 17 22 65 24 50 75 20 63 41 71 82 94 39 120 90 25 21 71 37 86 92 111 55 89 14 76 19 67 82 108 117 99 56 55 47 120 61 76 113 67 101 68 33 102 87 39 47 112 66 94 97 59 66 10 
25 0 34 63 47 25 61 73 68 5 20 25 35 66 71 47 64 49 84 36 108 73 65 32 30 61 20 4 40 8 39 52 32 60 21 46 61 78 24 104 71 2 13 50 23 60 82 91 30 63 12 73 24 42 56 92 97 93 45 35 27 100 40 55 97 46 95 61 27 87 77 22 43 89 65 78 84 33 41 20 
44 34 0 66 55 9 27 45 53 36 35 45 32 52 38 14 55 18 53 10 82 72 35 5 12 45 28 37 43 27 6 40 31 28 18 47 44 51 11 76 47 32 25 34 10 71 49 70 42 68 37 40 27 45 59 64 76 59 12 21 18 77 26 38 69 31 61 28 12 58 44 14 13 74 34 50 53 43 45 34 
88 63 66 0 16 62 81 65 35 67 43 88 35 33 79 75 24 82 111 57 80 11 97 70 55 36 78 66 25 65 66 33 89 88 53 20 37 63 59 83 54 64 70 39 62 15 88 55 33 3 74 95 81 22 7 76 60 104 66 45 49 67 42 38 77 39 103 82 72 73 82 57 79 44 95 64 79 30 23 82 
72 47 55 16 0 50 74 64 40 51 27 72 23 37 74 66 30 72 103 47 86 27 88 58 43 37 63 50 12 50 56 30 75 79 39 12 38 64 46 87 55 48 55 35 49 17 85 63 17 17 58 88 67 11 11 78 69 100 58 35 37 74 34 36 81 34 100 75 59 75 79 44 68 55 86 65 78 14 10 66 
38 25 9 62 50 0 36 51 54 28 28 39 28 53 46 23 54 26 61 13 87 69 42 9 10 47 22 28 38 18 14 39 29 36 11 43 46 56 4 82 51 24 18 35 2 66 58 74 36 64 29 48 23 40 55 70 79 68 20 20 14 81 25 39 75 31 70 36 10 64 52 6 21 76 42 56 60 37 41 28 
68 61 27 81 74 36 0 32 56 63 60 68 51 57 15 14 63 16 30 29 67 84 20 29 35 50 52 64 62 54 22 49 51 10 44 63 48 39 38 59 41 59 51 42 38 90 24 64 65 84 63 14 49 63 75 47 68 32 18 40 42 67 40 44 53 42 34 1 37 41 21 40 21 73 16 38 33 65 64 58 
89 73 45 65 64 51 32 0 31 77 63 89 48 33 20 39 42 45 55 38 37 64 52 49 43 29 72 77 55 68 39 34 75 42 53 52 28 7 51 32 12 72 69 29 52 78 24 33 63 68 80 41 72 54 60 19 36 41 34 40 47 35 36 28 24 33 39 33 57 13 20 52 48 43 48 6 14 61 56 79 
90 68 53 35 40 54 56 31 0 73 51 91 34 3 49 56 12 62 84 43 46 32 75 58 45 8 76 73 35 66 49 16 83 65 49 29 9 28 52 48 20 68 69 20 55 50 56 24 46 38 78 68 77 33 33 40 30 72 47 35 43 35 29 15 42 23 70 57 63 38 50 51 63 21 72 30 45 43 35 81 
21 5 36 67 51 28 63 77 73 0 24 21 39 71 74 49 69 51 85 39 112 77 66 34 34 66 18 1 44 9 42 57 30 62 25 51 65 82 27 108 75 5 13 55 26 64 85 95 34 68 7 74 23 47 61 96 101 95 48 39 31 104 45 59 101 50 97 64 28 90 80 25 44 94 66 82 87 38 46 17 
45 20 35 43 27 28 60 63 51 24 0 45 17 49 66 49 46 53 88 31 94 53 70 37 26 45 37 24 20 23 38 36 48 63 17 27 45 66 24 93 59 21 28 36 27 42 78 75 10 44 32 74 40 23 36 81 81 91 43 24 19 85 28 40 86 32 92 61 35 76 72 22 48 71 69 67 76 13 21 39 
1 25 45 88 72 39 68 89 91 21 45 0 58 89 81 55 88 53 84 51 126 98 64 41 47 83 17 22 65 24 51 75 21 64 41 71 82 95 39 121 90 25 22 71 37 85 92 112 55 89 14 76 19 67 82 108 117 99 56 55 47 120 61 76 114 67 102 68 33 102 88 40 47 112 66 94 97 59 66 11 
58 35 32 35 23 28 51 48 34 39 17 58 0 32 54 43 30 49 81 24 77 42 65 35 21 28 46 39 11 34 32 18 56 56 19 15 28 50 25 76 42 34 38 19 28 40 65 57 16 36 45 66 48 13 27 65 63 80 35 12 14 68 12 22 69 15 80 52 38 60 59 23 45 55 63 50 61 14 13 50 
89 66 52 33 37 53 57 33 3 71 49 89 32 0 50 56 9 62 85 42 49 30 75 57 43 7 74 70 32 65 49 14 82 65 48 26 9 31 51 51 22 66 67 19 54 47 58 27 44 36 76 69 76 30 30 43 33 74 47 34 42 38 28 14 45 22 72 57 62 41 52 50 62 23 72 32 47 40 32 80 
81 71 38 79 74 46 15 20 49 74 66 81 54 50 0 27 58 30 36 36 53 79 33 41 42 44 64 74 63 64 32 46 65 24 52 63 42 26 47 44 30 69 63 40 48 90 12 52 69 81 75 21 63 63 73 32 55 26 26 43 48 54 41 41 38 41 26 15 49 27 7 49 35 63 29 25 18 67 65 71 
54 47 14 75 66 23 14 39 56 49 49 55 43 56 27 0 60 7 39 19 76 80 22 15 23 49 38 50 54 40 11 45 38 14 32 56 47 46 25 69 45 46 38 38 24 82 37 69 55 78 49 26 36 55 69 57 73 46 9 31 31 74 33 42 63 37 48 14 23 51 33 28 9 75 21 45 44 55 56 44 
88 64 55 24 30 54 63 42 12 69 46 88 30 9 58 60 0 67 92 45 57 22 81 59 45 14 75 68 27 64 52 16 84 71 47 20 15 40 52 59 31 64 67 22 55 38 66 33 39 27 75 76 77 24 21 52 39 82 51 35 42 45 30 19 54 24 81 64 64 49 60 51 66 26 78 41 56 35 27 79 
53 49 18 82 72 26 16 45 62 51 53 53 49 62 30 7 67 0 35 25 82 86 17 17 29 55 37 52 60 42 16 52 35 11 36 62 54 52 29 74 51 47 38 45 27 88 40 75 60 84 50 24 34 61 75 62 80 46 16 37 36 80 40 49 68 43 49 16 23 56 36 31 6 82 16 51 48 60 62 43 
84 84 53 111 103 61 30 55 84 85 88 84 81 85 36 39 92 35 0 57 83 113 20 52 62 78 70 86 91 76 49 78 64 25 71 93 77 61 64 73 66 82 73 71 62 119 34 87 94 113 83 15 66 92 104 64 90 25 46 69 70 87 70 73 69 71 30 29 58 59 36 66 41 98 19 60 48 93 93 75 
51 36 10 57 47 13 29 38 43 39 31 51 24 42 36 19 45 25 57 0 75 62 41 15 6 35 35 39 35 30 9 29 41 33 16 38 34 44 12 70 39 34 30 24 14 63 48 61 36 59 41 43 35 36 50 57 67 60 12 12 12 69 16 28 63 21 61 30 21 52 42 14 22 64 40 43 49 36 37 41 
126 108 82 80 86 87 67 37 46 112 94 126 77 49 53 76 57 82 83 75 0 73 86 86 79 50 109 112 80 104 76 59 113 77 87 75 50 31 87 11 36 107 105 58 89 94 50 25 91 82 116 72 109 78 78 21 20 61 71 73 81 13 68 55 15 63 57 68 94 26 49 87 85 38 82 32 36 88 81 115 
98 73 72 11 27 69 84 64 32 77 53 98 42 30 79 80 22 86 113 62 73 0 101 76 61 36 87 76 33 74 71 35 97 92 60 27 37 61 66 78 52 73 79 42 69 24 87 48 43 13 84 97 90 31 16 72 53 104 71 51 56 60 47 39 72 43 102 85 79 70 82 65 85 36 99 62 77 39 31 91 
64 65 35 97 88 42 20 52 75 66 70 64 65 75 33 22 81 17 20 41 86 101 0 34 45 68 50 67 76 57 33 66 44 10 53 78 67 59 46 77 60 63 53 59 44 105 38 84 77 100 63 15 46 77 91 65 88 38 31 53 53 86 55 62 71 58 41 19 38 60 37 48 22 93 4 57 50 77 78 55 
40 32 5 70 58 9 29 49 58 34 37 41 35 57 41 15 59 17 52 15 86 76 34 0 15 50 24 35 46 25 10 44 27 28 20 50 49 55 12 80 52 31 22 38 10 74 52 75 44 72 34 40 23 48 63 68 80 61 16 25 21 82 30 43 73 35 63 29 8 62 47 15 12 79 33 55 57 45 48 30 
47 30 12 55 43 10 35 43 45 34 26 47 21 43 42 23 45 29 62 6 79 61 45 15 0 37 31 34 31 25 13 30 39 37 10 35 36 48 8 75 43 29 26 25 10 60 53 64 32 57 37 48 32 33 48 62 70 66 17 10 7 72 16 30 67 21 67 35 19 57 48 8 25 66 44 48 54 32 34 37 
83 61 45 36 37 47 50 29 8 66 45 83 28 7 44 49 14 55 78 35 50 36 68 50 37 0 68 66 30 59 42 10 76 58 42 26 1 27 45 50 18 61 62 12 47 49 52 29 41 39 71 63 69 29 32 41 35 68 40 28 36 40 22 8 44 16 67 50 56 37 46 44 55 29 65 28 43 38 31 74 
17 20 28 78 63 22 52 72 76 18 37 17 46 74 64 38 75 37 70 35 109 87 50 24 31 68 0 20 54 14 34 60 12 48 27 60 67 78 24 104 74 18 8 56 21 78 75 96 47 79 14 61 5 56 71 91 101 83 39 40 33 104 46 61 97 52 86 52 16 85 71 24 31 97 51 78 80 49 56 6 
22 4 37 66 50 28 64 77 73 1 24 22 39 70 74 50 68 52 86 39 112 76 67 35 34 66 20 0 44 10 43 57 32 63 25 50 65 82 27 109 76 5 14 55 27 63 86 95 33 67 9 75 24 46 60 96 101 96 48 39 31 104 45 59 101 50 98 64 29 91 81 26 46 93 67 82 88 37 45 19 
65 40 43 25 12 38 62 55 35 44 20 65 11 32 63 54 27 60 91 35 80 33 76 46 31 30 54 44 0 41 43 21 65 67 28 7 30 55 35 80 47 40 46 25 38 29 74 58 12 26 51 76 57 3 18 70 64 89 45 23 25 70 22 27 73 23 89 63 48 66 68 33 56 53 74 56 68 8 2 57 
24 8 27 65 50 18 54 68 66 9 23 24 34 65 64 40 64 42 76 30 104 74 57 25 25 59 14 10 41 0 33 51 26 53 17 47 58 73 18 100 68 6 6 48 17 65 76 88 33 66 12 65 18 44 58 87 94 86 38 32 23 97 38 52 93 44 88 54 19 82 71 17 35 88 57 73 78 36 43 16 
50 39 6 66 56 14 22 39 49 42 38 51 32 49 32 11 52 16 49 9 76 71 33 10 13 42 34 43 43 33 0 37 37 25 22 46 40 45 16 70 42 38 31 30 16 72 43 65 44 68 43 36 33 45 59 58 70 54 6 21 20 72 24 35 63 28 56 23 18 52 38 18 14 70 31 44 47 44 46 40 
75 52 40 33 30 39 49 34 16 57 36 75 18 14 46 45 16 52 78 29 59 35 66 44 30 10 60 57 21 51 37 0 69 57 33 18 9 34 37 59 25 52 53 7 40 44 56 39 32 35 62 63 62 20 27 49 45 72 36 20 28 49 14 6 52 9 71 50 49 45 50 36 51 37 64 35 48 29 22 65 
20 32 31 89 75 29 51 75 83 30 48 21 56 82 65 38 84 35 64 41 113 97 44 27 39 76 12 32 65 26 37 69 0 45 37 70 75 82 32 106 79 31 20 64 29 90 75 102 58 91 24 57 8 67 82 94 107 80 42 49 42 109 54 68 100 60 83 50 20 88 71 33 29 105 46 81 82 61 67 14 
63 60 28 88 79 36 10 42 65 62 63 64 56 65 24 14 71 11 25 33 77 92 10 28 37 58 48 63 67 53 25 57 45 0 46 69 57 49 39 69 51 58 49 50 38 96 32 74 69 90 61 13 45 68 81 57 78 35 22 45 45 77 46 53 63 49 38 9 34 51 29 42 17 83 7 48 42 69 69 54 
41 21 18 53 39 11 44 53 49 25 17 41 19 48 52 32 47 36 71 16 87 60 53 20 10 42 27 25 28 17 22 33 37 46 0 33 41 57 8 83 51 20 20 30 10 55 63 71 25 54 29 57 30 30 45 71 76 75 27 14 6 80 20 35 76 26 77 45 20 66 58 5 31 71 52 57 64 26 30 32 
71 46 47 20 12 43 63 52 29 51 27 71 15 26 63 56 20 62 93 38 75 27 78 50 35 26 60 50 7 47 46 18 70 69 33 0 26 52 40 76 43 47 52 23 43 27 73 53 19 22 58 77 63 4 13 66 59 88 47 25 29 64 23 24 69 22 88 64 52 63 67 38 60 46 76 53 66 15 6 64 
82 61 44 37 38 46 48 28 9 65 45 82 28 9 42 47 15 54 77 34 50 37 67 49 36 1 67 65 30 58 40 9 75 57 41 26 0 26 44 50 17 60 61 11 46 50 51 30 41 40 70 61 68 29 33 40 36 67 38 27 35 40 21 6 43 15 66 49 55 37 45 43 54 30 64 27 42 38 31 73 
94 78 51 63 64 56 39 7 28 82 66 95 50 31 26 46 40 52 61 44 31 61 59 55 48 27 78 82 55 73 45 34 82 49 57 52 26 0 56 27 9 77 74 31 57 76 29 26 65 66 85 48 77 54 59 15 29 45 40 43 51 28 39 29 20 35 43 40 63 10 25 56 55 37 55 2 17 62 57 84 
39 24 11 59 46 4 38 51 52 27 24 39 25 51 47 25 52 29 64 12 87 66 46 12 8 45 24 27 35 18 16 37 32 39 8 40 44 56 0 82 51 22 18 33 3 63 59 72 32 61 29 51 25 37 52 70 78 70 21 17 10 80 23 37 75 29 72 39 13 64 54 3 24 74 45 56 61 33 37 29 
120 104 76 83 87 82 59 32 48 108 93 121 76 51 44 69 59 74 73 70 11 78 77 80 75 50 104 109 80 100 70 59 106 69 83 76 50 27 82 0 34 103 100 57 84 98 39 30 91 86 111 63 103 79 81 13 28 50 65 70 78 21 65 54 7 61 46 60 88 19 39 83 78 45 73 27 26 88 81 110 
90 71 47 54 55 51 41 12 20 75 59 90 42 22 30 45 31 51 66 39 36 52 60 52 43 18 74 76 47 68 42 25 79 51 51 43 17 9 51 34 0 71 69 23 53 67 36 24 57 57 79 51 74 46 50 23 29 52 37 37 45 30 32 20 27 27 51 41 59 19 31 51 53 33 57 10 25 54 48 80 
25 2 32 64 48 24 59 72 68 5 21 25 34 66 69 46 64 47 82 34 107 73 63 31 29 61 18 5 40 6 38 52 31 58 20 47 60 77 22 103 71 0 11 50 22 62 81 90 31 64 11 71 23 43 57 91 96 91 43 34 26 99 40 54 96 46 93 60 25 85 76 21 41 89 63 77 83 34 42 19 
21 13 25 70 55 18 51 69 69 13 28 22 38 67 63 38 67 38 73 30 105 79 53 22 26 62 8 14 46 6 31 53 20 49 20 52 61 74 18 100 69 11 0 50 16 70 74 90 38 71 12 62 12 48 63 87 96 83 37 34 26 98 40 54 93 46 86 52 15 82 69 18 32 91 53 74 78 41 48 12 
71 50 34 39 35 35 42 29 20 55 36 71 19 19 40 38 22 45 71 24 58 42 59 38 25 12 56 55 25 48 30 7 64 50 30 23 11 31 33 57 23 50 50 0 35 50 50 40 34 42 59 56 57 25 34 46 46 65 29 16 24 50 10 5 50 4 65 43 44 41 44 32 44 41 57 32 43 31 27 62 
37 23 10 62 49 2 38 52 55 26 27 37 28 54 48 24 55 27 62 14 89 69 44 10 10 47 21 27 38 17 16 40 29 38 10 43 46 57 3 84 53 22 16 35 0 65 59 75 35 64 28 50 22 40 55 71 80 70 22 20 13 83 26 40 77 32 71 38 10 65 54 5 22 76 43 57 62 36 40 27 
86 60 71 15 17 66 90 78 50 64 42 85 40 47 90 82 38 88 119 63 94 24 105 74 60 49 78 63 29 65 72 44 90 96 55 27 50 76 63 98 67 62 70 50 65 0 99 70 32 12 72 104 82 27 17 90 75 115 74 51 53 82 50 50 92 49 115 91 75 87 94 60 85 59 103 78 92 30 26 80 
92 82 49 88 85 58 24 24 56 85 78 92 65 58 12 37 66 40 34 48 50 87 38 52 53 52 75 86 74 76 43 56 75 32 63 73 51 29 59 39 36 81 74 50 59 99 0 54 80 91 86 24 73 74 83 30 56 16 38 55 59 53 53 50 35 51 15 24 60 25 6 61 45 67 34 28 15 79 76 82 
111 91 70 55 63 74 64 33 24 95 75 112 57 27 52 69 33 75 87 61 25 48 84 75 64 29 96 95 58 88 65 39 102 74 71 53 30 26 72 30 24 90 90 40 75 70 54 0 70 58 100 74 96 56 54 28 6 70 61 56 65 12 51 36 27 45 67 65 82 30 51 72 77 15 80 27 40 66 59 102 
55 30 42 33 17 36 65 63 46 34 10 55 16 44 69 55 39 60 94 36 91 43 77 44 32 41 47 33 12 33 44 32 58 69 25 19 41 65 32 91 57 31 38 34 35 32 80 70 0 34 41 79 50 15 27 80 76 95 48 26 24 81 28 37 84 31 95 66 44 75 74 30 56 65 75 66 77 4 13 49 
89 63 68 3 17 64 84 68 38 68 44 89 36 36 81 78 27 84 113 59 82 13 100 72 57 39 79 67 26 66 68 35 91 90 54 22 40 66 61 86 57 64 71 42 64 12 91 58 34 0 75 98 83 24 9 79 63 107 69 47 51 70 44 41 80 42 106 84 74 76 85 59 81 47 97 67 82 30 24 83 
14 12 37 74 58 29 63 80 78 7 32 14 45 76 75 49 75 50 83 41 116 84 63 34 37 71 14 9 51 12 43 62 24 61 29 58 70 85 29 111 79 11 12 59 28 72 86 100 41 75 0 73 18 54 68 99 106 95 49 44 35 109 49 64 104 55 97 63 27 93 81 29 43 99 64 85 89 45 53 11 
76 73 40 95 88 48 14 41 68 74 74 76 66 69 21 26 76 24 15 43 72 97 15 40 48 63 61 75 76 65 36 63 57 13 57 77 61 48 51 63 51 71 62 56 50 104 24 74 79 98 73 0 58 77 89 52 76 23 31 54 55 75 54 58 58 56 27 14 47 47 24 53 30 84 12 46 37 79 78 67 
19 24 27 81 67 23 49 72 77 23 40 19 48 76 63 36 77 34 66 35 109 90 46 23 32 69 5 24 57 18 33 62 8 45 30 63 68 77 25 103 74 23 12 57 22 82 73 96 50 83 18 58 0 59 74 90 102 80 38 42 35 104 48 62 96 54 83 49 15 84 69 26 28 98 48 77 79 53 59 9 
67 42 45 22 11 40 63 54 33 47 23 67 13 30 63 55 24 61 92 36 78 31 77 48 33 29 56 46 3 44 45 20 67 68 30 4 29 54 37 79 46 43 48 25 40 27 74 56 15 24 54 77 59 0 15 69 62 89 46 24 27 68 23 26 72 22 89 63 50 65 68 35 58 50 75 55 68 11 2 60 
82 56 59 7 11 55 75 60 33 61 36 82 27 30 73 69 21 75 104 50 78 16 91 63 48 32 71 60 18 58 59 27 82 81 45 13 33 59 52 81 50 57 63 34 55 17 83 54 27 9 68 89 74 15 0 73 60 99 60 38 42 66 35 33 75 33 98 76 65 70 77 50 72 45 88 60 75 23 16 75 
108 92 64 76 78 70 47 19 40 96 81 108 65 43 32 57 52 62 64 57 21 72 65 68 62 41 91 96 70 87 58 49 94 57 71 66 40 15 70 13 23 91 87 46 71 90 30 28 80 79 99 52 90 69 73 0 28 43 52 58 66 24 54 43 6 49 39 48 75 6 28 71 65 43 61 15 15 77 71 97 
117 97 76 60 69 79 68 36 30 101 81 117 63 33 55 73 39 80 90 67 20 53 88 80 70 35 101 101 64 94 70 45 107 78 76 59 36 29 78 28 29 96 96 46 80 75 56 6 76 63 106 76 102 62 60 28 0 71 66 62 70 7 56 42 25 50 67 69 87 31 53 78 82 18 84 30 42 72 65 107 
99 93 59 104 100 68 32 41 72 95 91 99 80 74 26 46 82 46 25 60 61 104 38 61 66 68 83 96 89 86 54 72 80 35 75 88 67 45 70 50 52 91 83 65 70 115 16 70 95 107 95 23 80 89 99 43 71 0 49 68 72 67 67 66 47 67 5 32 68 40 22 72 52 83 34 44 30 93 91 89 
56 45 12 66 58 20 18 34 47 48 43 56 35 47 26 9 51 16 46 12 71 71 31 16 17 40 39 48 45 38 6 36 42 22 27 47 38 40 21 65 37 43 37 29 22 74 38 61 48 69 49 31 38 46 60 52 66 49 0 23 24 67 24 33 58 28 50 18 24 46 33 23 16 67 29 39 41 47 48 46 
55 35 21 45 35 20 40 40 35 39 24 55 12 34 43 31 35 37 69 12 73 51 53 25 10 28 40 39 23 32 21 20 49 45 14 25 27 43 17 70 37 34 34 16 20 51 55 56 26 47 44 54 42 24 38 58 62 68 23 0 8 65 6 20 63 12 69 40 29 53 49 16 34 57 51 44 52 25 25 46 
47 27 18 49 37 14 42 47 43 31 19 47 14 42 48 31 42 36 70 12 81 56 53 21 7 36 33 31 25 23 20 28 42 45 6 29 35 51 10 78 45 26 26 24 13 53 59 65 24 51 35 55 35 27 42 66 70 72 24 8 0 74 14 29 71 20 73 42 23 60 54 9 32 65 51 51 59 24 27 38 
120 100 77 67 74 81 67 35 35 104 85 120 68 38 54 74 45 80 87 69 13 60 86 82 72 40 104 104 70 97 72 49 109 77 80 64 40 28 80 21 30 99 98 50 83 82 53 12 81 70 109 75 104 68 66 24 7 67 67 65 74 0 60 46 20 54 63 68 89 28 51 80 82 25 82 29 38 77 70 110 
61 40 26 42 34 25 40 36 29 45 28 61 12 28 41 33 30 40 70 16 68 47 55 30 16 22 46 45 22 38 24 14 54 46 20 23 21 39 23 65 32 40 40 10 26 50 53 51 28 44 49 54 48 23 35 54 56 67 24 6 14 60 0 15 58 6 67 41 35 49 47 22 38 51 53 39 49 26 24 52 
76 55 38 38 36 39 44 28 15 59 40 76 22 14 41 42 19 49 73 28 55 39 62 43 30 8 61 59 27 52 35 6 68 53 35 24 6 29 37 54 20 54 54 5 40 50 50 36 37 41 64 58 62 26 33 43 42 66 33 20 29 46 15 0 47 9 65 45 48 39 44 37 48 37 60 29 42 34 28 66 
113 97 69 77 81 75 53 24 42 101 86 114 69 45 38 63 54 68 69 63 15 72 71 73 67 44 97 101 73 93 63 52 100 63 76 69 43 20 75 7 27 96 93 50 77 92 35 27 84 80 104 58 96 72 75 6 25 47 58 63 71 20 58 47 0 54 44 54 81 12 34 76 71 41 67 19 21 81 74 103 
67 46 31 39 34 31 42 33 23 50 32 67 15 22 41 37 24 43 71 21 63 43 58 35 21 16 52 50 23 44 28 9 60 49 26 22 15 35 29 61 27 46 46 4 32 49 51 45 31 42 55 56 54 22 33 49 50 67 28 12 20 54 6 9 54 0 67 43 40 45 45 28 42 45 56 35 46 28 24 58 
101 95 61 103 100 70 34 39 70 97 92 102 80 72 26 48 81 49 30 61 57 102 41 63 67 67 86 98 89 88 56 71 83 38 77 88 66 43 72 46 51 93 86 65 71 115 15 67 95 106 97 27 83 89 98 39 67 5 50 69 73 63 67 65 44 67 0 34 71 37 21 74 55 80 38 42 27 93 91 92 
68 61 28 82 75 36 1 33 57 64 61 68 52 57 15 14 64 16 29 30 68 85 19 29 35 50 52 64 63 54 23 50 50 9 45 64 49 40 39 60 41 60 52 43 38 91 24 65 66 84 63 14 49 63 76 48 69 32 18 40 42 68 41 45 54 43 34 0 37 42 21 41 21 74 15 39 33 65 65 58 
33 27 12 72 59 10 37 57 63 28 35 33 38 62 49 23 64 23 58 21 94 79 38 8 19 56 16 29 48 19 18 49 20 34 20 52 55 63 13 88 59 25 15 44 10 75 60 82 44 74 27 47 15 50 65 75 87 68 24 29 23 89 35 48 81 40 71 37 0 70 55 15 17 85 38 62 65 45 50 22 
102 87 58 73 75 64 41 13 38 90 76 102 60 41 27 51 49 56 59 52 26 70 60 62 57 37 85 91 66 82 52 45 88 51 66 63 37 10 64 19 19 85 82 41 65 87 25 30 75 76 93 47 84 65 70 6 31 40 46 53 60 28 49 39 12 45 37 42 70 0 23 65 60 43 56 10 11 73 67 92 
87 77 44 82 79 52 21 20 50 80 72 88 59 52 7 33 60 36 36 42 49 82 37 47 48 46 71 81 68 71 38 50 71 29 58 67 45 25 54 39 31 76 69 44 54 94 6 51 74 85 81 24 69 68 77 28 53 22 33 49 54 51 47 44 34 45 21 21 55 23 0 55 42 63 33 24 13 73 70 77 
39 22 14 57 44 6 40 52 51 25 22 40 23 50 49 28 51 31 66 14 87 65 48 15 8 44 24 26 33 17 18 36 33 42 5 38 43 56 3 83 51 21 18 32 5 60 61 72 30 59 29 53 26 35 50 71 78 72 23 16 9 80 22 37 76 28 74 41 15 65 55 0 26 73 47 56 62 31 35 30 
47 43 13 79 68 21 21 48 63 44 48 47 45 62 35 9 66 6 41 22 85 85 22 12 25 55 31 46 56 35 14 51 29 17 31 60 54 55 24 78 53 41 32 44 22 85 45 77 56 81 43 30 28 58 72 65 82 52 16 34 32 82 38 48 71 42 55 21 17 60 42 26 0 83 22 54 53 56 59 37 
112 89 74 44 55 76 73 43 21 94 71 112 55 23 63 75 26 82 98 64 38 36 93 79 66 29 97 93 53 88 70 37 105 83 71 46 30 37 74 45 33 89 91 41 76 59 67 15 65 47 99 84 98 50 45 43 18 83 67 57 65 25 51 37 41 45 80 74 85 43 63 73 83 0 89 39 53 61 53 103 
66 65 34 95 86 42 16 48 72 66 69 66 63 72 29 21 78 16 19 40 82 99 4 33 44 65 51 67 74 57 31 64 46 7 52 76 64 55 45 73 57 63 53 57 43 103 34 80 75 97 64 12 48 75 88 61 84 34 29 51 51 82 53 60 67 56 38 15 38 56 33 47 22 89 0 53 46 75 76 57 
94 78 50 64 65 56 38 6 30 82 67 94 50 32 25 45 41 51 60 43 32 62 57 55 48 28 78 82 56 73 44 35 81 48 57 53 27 2 56 27 10 77 74 32 57 78 28 27 66 67 85 46 77 55 60 15 30 44 39 44 51 29 39 29 19 35 42 39 62 10 24 56 54 39 53 0 15 63 58 84 
97 84 53 79 78 60 33 14 45 87 76 97 61 47 18 44 56 48 48 49 36 77 50 57 54 43 80 88 68 78 47 48 82 42 64 66 42 17 61 26 25 83 78 43 62 92 15 40 77 82 89 37 79 68 75 15 42 30 41 52 59 38 49 42 21 46 27 33 65 11 13 62 53 53 46 15 0 74 70 87 
59 33 43 30 14 37 65 61 43 38 13 59 14 40 67 55 35 60 93 36 88 39 77 45 32 38 49 37 8 36 44 29 61 69 26 15 38 62 33 88 54 34 41 31 36 30 79 66 4 30 45 79 53 11 23 77 72 93 47 25 24 77 26 34 81 28 93 65 45 73 73 31 56 61 75 63 74 0 9 52 
66 41 45 23 10 41 64 56 35 46 21 66 13 32 65 56 27 62 93 37 81 31 78 48 34 31 56 45 2 43 46 22 67 69 30 6 31 57 37 81 48 42 48 27 40 26 76 59 13 24 53 78 59 2 16 71 65 91 48 25 27 70 24 28 74 24 91 65 50 67 70 35 59 53 76 58 70 9 0 59 
10 20 34 82 66 28 58 79 81 17 39 11 50 80 71 44 79 43 75 41 115 91 55 30 37 74 6 19 57 16 40 65 14 54 32 64 73 84 29 110 80 19 12 62 27 80 82 102 49 83 11 67 9 60 75 97 107 89 46 46 38 110 52 66 103 58 92 58 22 92 77 30 37 103 57 84 87 52 59 0 
0 0 23 3000 75 8 0 45 39 0 0 9 0 1623 2191 0 233 142 148 468 156 54 0 0 61 0 0 774 98 44 0 41 161 0 173 0 25 0 0 0 50 26 0 0 0 364 0 70 609 0 153 0 0 37 0 150 518 51 129 1468 835 513 0 217 0 25 0 71 20 0 391 722 144 0 74 798 0 0 2367 20 
0 0 63 284 7 7 13 3000 0 31 178 51 88 0 67 19 184 131 238 0 679 0 12 361 0 804 12 56 46 12 1028 0 2654 0 72 15 0 121 42 33 0 10 90 49 2594 0 0 162 196 42 685 0 764 0 0 304 263 0 138 0 1234 0 145 0 382 11 19 294 0 161 88 8 54 500 114 626 25 35 116 0 
23 63 0 136 28 292 25 373 30 304 77 585 122 0 1536 12 3000 118 20 50 104 29 408 12 0 25 45 280 45 155 209 501 33 48 29 37 633 566 196 0 73 22 1967 72 0 96 907 28 929 14 50 2782 377 3000 635 39 15 33 288 33 252 48 144 128 0 311 27 31 247 10 70 20 143 55 31 10 342 51 349 28 
3000 284 136 0 339 138 113 130 2359 54 68 40 125 0 67 1600 8 58 121 52 17 0 31 11 0 0 0 236 1330 518 661 295 479 0 105 546 18 3000 1920 0 679 22 0 0 0 2167 0 19 83 681 18 0 86 993 0 0 8 119 17 8 2017 0 377 216 0 130 0 835 23 21 49 86 204 213 592 177 0 0 26 0 
75 7 28 339 0 130 16 468 14 44 47 803 156 149 37 0 1519 15 82 15 148 135 1769 87 67 535 12 13 186 2425 74 74 27 2401 49 1729 211 68 179 20 168 33 476 15 34 662 103 1039 9 31 34 109 1121 978 7 1129 1963 212 25 407 9 359 25 152 19 109 59 222 144 77 40 2569 375 264 596 37 75 11 54 12 
8 7 292 138 130 0 261 263 1536 195 2281 34 85 55 137 0 32 62 273 42 229 990 83 444 96 116 285 114 153 434 36 388 16 51 59 227 0 368 35 121 291 258 29 85 104 155 233 1080 208 1657 18 76 222 101 39 15 422 35 704 0 3000 37 798 67 44 74 16 30 10 79 58 122 74 2905 2408 34 390 1083 67 80 
0 13 25 113 16 261 0 27 0 703 37 252 2001 0 23 22 19 478 22 165 412 0 34 7 0 624 266 33 1800 25 155 154 2362 71 80 109 0 45 172 62 0 716 50 1120 100 0 46 208 340 26 101 0 33 0 859 20 2379 0 3000 0 22 0 34 174 264 102 33 7 0 268 481 223 149 30 11 2182 16 39 19 0 
45 3000 373 130 468 263 27 0 882 59 158 29 14 53 9 0 73 207 18 1638 26 11 2180 1227 2052 3000 315 174 919 240 96 48 25 20 151 12 1030 35 8 30 230 399 2194 96 252 19 45 48 3000 414 129 110 283 13 237 24 39 275 557 750 178 1178 1140 10 13 2504 23 78 285 250 200 40 107 439 71 12 3000 238 116 47 
39 0 30 2359 14 1536 0 882 0 0 0 0 0 0 110 0 126 26 19 8 0 13 0 0 0 0 0 20 23 16 0 51 503 0 19 0 48 0 0 0 15 65 0 0 0 12 0 17 2106 0 11 0 0 124 0 0 0 135 65 9 0 15 0 125 0 29 0 76 11 0 30 83 157 0 195 0 0 0 0 0 
0 31 304 54 44 195 703 59 0 0 312 80 415 0 857 20 10 106 8 0 32 0 28 449 0 73 1724 28 149 87 38 0 93 0 10 116 0 44 34 519 0 52 1448 1041 158 0 0 137 770 10 42 0 59 0 0 0 260 0 55 0 179 0 81 0 3000 147 1937 609 0 141 409 38 116 191 76 453 287 0 15 0 
0 178 77 68 47 2281 37 158 0 312 0 100 1195 0 27 183 31 3000 67 146 12 0 93 789 0 29 552 47 523 136 1911 1494 126 106 36 2961 0 69 10 3000 0 93 11 8 46 50 489 1348 1640 72 13 2831 52 149 58 494 844 0 8 0 190 157 733 1227 48 45 3000 16 0 1049 219 8 506 32 47 80 25 204 51 308 
9 51 585 40 803 34 252 29 0 80 100 0 92 42 33 279 20 158 137 66 27 27 12 3000 340 2091 1189 37 22 1630 552 448 3000 1329 2934 12 0 8 152 165 1101 156 19 163 42 400 59 551 166 8 1871 347 411 54 28 59 80 16 7 0 10 131 2969 122 1823 196 842 15 180 804 13 25 350 8 319 1318 13 31 2298 991 
0 88 122 125 156 85 2001 14 0 415 1195 92 0 0 25 55 114 48 40 213 560 1215 1845 13 0 8 673 321 1452 2690 672 179 9 40 3000 14 0 2659 144 52 2259 82 30 574 1838 67 173 54 11 19 24 3000 65 203 1059 22 43 297 215 0 1216 404 47 7 53 685 1035 126 0 12 898 21 33 49 538 56 160 41 1171 95 
1623 0 0 0 149 55 0 53 0 0 0 42 0 0 0 0 0 0 307 190 496 65 0 0 31 0 0 0 0 10 0 20 0 870 0 0 0 0 0 0 46 0 0 0 0 106 74 20 203 0 1634 8 0 26 23 864 30 206 0 0 545 3000 0 72 0 88 363 0 591 0 0 27 0 0 0 0 0 39 841 287 
2191 67 1536 67 37 137 23 9 110 857 27 33 25 0 0 91 3000 418 3000 24 93 0 0 13 0 0 0 22 173 130 67 11 2242 0 87 9 267 1540 268 0 273 37 0 0 0 25 0 273 165 0 75 0 11 46 0 0 85 61 65 16 587 0 0 17 0 1219 0 102 143 543 331 118 15 0 1094 48 0 0 0 0 
0 19 12 1600 0 0 22 0 0 20 183 279 55 0 91 0 16 615 1341 0 18 0 0 329 0 0 0 634 35 296 24 0 725 0 15 943 0 46 8 0 0 71 0 257 0 0 0 0 0 186 0 0 28 0 0 0 0 0 868 0 0 0 15 0 0 185 0 531 0 714 65 0 747 596 0 220 0 0 0 0 
233 184 3000 8 1519 32 19 73 126 10 31 20 114 0 3000 16 0 877 426 29 63 0 807 17 0 39 0 846 10 1000 20 3000 350 0 1070 16 69 55 63 0 14 2144 1005 14 0 463 0 1532 199 52 48 0 9 305 0 37 1010 1532 1566 237 3000 0 280 262 0 1121 0 634 1821 196 2217 246 160 25 103 53 3000 0 17 0 
142 131 118 58 15 62 478 207 26 106 3000 158 48 0 418 615 877 0 1228 11 197 0 12 207 0 927 92 15 15 99 26 1005 310 13 8 83 99 847 476 127 51 58 95 17 21 1106 735 12 15 1413 329 0 63 1484 542 44 344 21 178 0 44 0 10 10 401 341 22 27 43 790 610 49 18 14 21 486 38 94 585 0 
148 238 20 121 82 273 22 18 19 8 67 137 40 307 3000 1341 426 1228 0 17 400 124 321 39 66 14 718 68 192 86 8 1530 462 33 72 19 77 431 7 106 50 376 13 197 1065 756 34 56 13 44 9 802 270 618 13 35 3000 1087 41 807 8 60 7 64 30 247 312 46 357 13 2662 48 35 28 733 36 139 35 499 71 
468 0 50 52 15 42 165 1638 8 0 146 66 213 190 24 0 29 11 17 0 180 744 310 0 45 0 0 282 42 531 0 30 495 407 42 15 24 144 0 0 87 946 0 0 0 1891 176 35 26 155 477 107 0 365 3000 11 179 14 24 180 177 313 134 66 0 52 341 55 30 170 999 18 900 0 30 1920 0 3000 13 27 
156 679 104 17 148 229 412 26 0 32 12 27 560 496 93 18 63 197 400 180 0 12 1002 193 2731 23 102 48 47 404 179 146 20 210 21 104 0 11 84 826 361 94 81 9 41 18 14 82 53 50 299 112 105 7 175 237 9 378 717 0 233 1520 9 12 31 277 1272 74 453 39 1903 1168 107 14 19 147 31 174 92 10 
54 0 29 0 135 990 0 11 13 0 0 27 1215 65 0 0 0 0 124 744 12 0 0 0 465 0 0 65 498 116 0 12 0 3000 0 0 3000 0 0 0 16 0 0 0 0 195 10 7 47 0 342 32 0 1092 81 111 199 385 1241 225 230 702 0 14 0 28 0 0 33 0 0 40 29 0 2638 0 0 14 607 19 
0 12 408 31 1769 83 34 2180 0 28 93 12 1845 0 0 0 807 12 321 310 1002 0 0 117 0 236 122 8 0 261 22 20 107 16 0 13 0 22 124 69 0 186 40 444 25 0 78 3000 1000 20 583 8 412 0 212 347 62 0 0 0 242 1051 110 0 19 1868 183 14 0 81 0 303 3000 187 0 41 34 229 16 83 
0 361 12 11 87 444 7 1227 0 449 789 3000 13 0 13 329 17 207 39 0 193 0 117 0 0 281 46 1402 136 13 1266 13 42 0 1456 218 0 195 139 560 0 42 9 14 895 0 0 1312 456 222 13 0 68 0 0 310 41 0 29 0 1322 0 295 0 3000 247 39 11 0 907 81 1350 224 13 15 67 1012 369 15 0 
61 0 0 0 67 96 0 2052 0 0 0 340 0 31 0 0 0 0 66 45 2731 465 0 0 0 0 0 0 0 127 0 25 0 18 0 0 0 0 0 0 130 0 0 0 0 149 54 222 197 0 2221 200 0 38 1329 29 14 7 0 0 609 462 0 59 0 308 14 0 0 0 0 87 0 0 0 0 0 234 16 86 
0 804 25 0 535 116 624 3000 0 73 29 2091 8 0 0 0 39 927 14 0 23 0 236 281 0 0 46 73 0 138 1762 3000 0 18 0 15 0 9 0 599 0 2477 11 943 1218 0 63 212 0 167 1603 74 22 0 86 11 725 0 0 0 3000 0 141 0 47 62 3000 89 0 16 0 35 21 153 0 369 49 688 141 9 
0 12 45 0 12 285 266 315 0 1724 552 1189 673 0 0 0 0 92 718 0 102 0 122 46 0 46 0 3000 0 406 46 163 0 17 0 110 0 16 0 35 0 14 244 778 157 0 35 752 0 83 11 200 1232 0 990 1077 374 0 0 0 728 835 57 0 11 248 1554 1020 0 18 0 24 145 262 0 212 72 52 115 78 
774 56 280 236 13 114 33 174 20 28 47 37 321 0 22 634 846 15 68 282 48 65 8 1402 0 73 3000 0 89 22 119 17 77 1146 154 208 94 9 13 0 22 51 133 713 0 11 17 618 7 11 30 0 53 33 17 480 10 415 58 32 31 68 34 236 0 53 1348 13 38 255 86 29 409 279 602 801 353 832 144 10 
98 46 45 1330 186 153 1800 919 23 149 523 22 1452 0 173 35 10 15 192 42 47 498 0 136 0 0 0 89 0 41 50 30 15 0 198 59 90 3000 2178 0 1306 15 0 0 0 34 0 68 2797 301 18 0 632 122 0 14 126 915 162 73 746 96 69 14 0 765 0 64 17 12 182 142 24 1886 34 83 0 0 163 0 
44 12 155 518 2425 434 25 240 16 87 136 1630 2690 10 130 296 1000 99 86 531 404 116 261 13 127 138 406 22 41 0 1663 82 2140 10 71 639 192 29 75 17 27 967 84 13 557 90 91 64 712 11 11 10 156 173 9 3000 23 3000 33 0 15 912 379 122 12 316 296 175 424 15 1050 19 51 95 126 100 980 25 2350 825 
0 1028 209 661 74 36 155 96 0 38 1911 552 672 0 67 24 20 26 8 0 179 0 22 1266 0 1762 46 119 50 1663 0 0 109 0 585 2458 0 10 637 0 0 816 1091 356 0 0 0 0 0 101 1421 0 158 0 0 0 59 0 544 0 0 0 3000 0 0 122 0 2117 0 432 383 797 637 136 26 50 2680 0 0 0 
41 0 501 295 74 388 154 48 51 0 1494 448 179 20 11 0 3000 1005 1530 30 146 12 20 13 25 3000 163 17 30 82 0 0 124 15 69 0 14 46 0 0 2392 122 94 20 0 58 44 9 7 19 1087 13 0 19 238 1295 819 11 86 53 120 57 1334 24 144 602 74 29 45 8 100 85 38 0 1329 13 532 18 58 9 
161 2654 33 479 27 16 2362 25 503 93 126 3000 9 0 2242 725 350 310 462 495 20 0 107 42 0 0 0 77 15 2140 109 124 0 0 18 806 773 215 85 0 107 135 0 20 0 84 0 258 99 215 113 0 14 107 0 0 66 85 1361 3000 41 0 22 2299 0 2325 0 1110 13 26 236 32 9 161 281 731 9 0 103 0 
0 0 48 0 2401 51 71 20 0 0 106 1329 40 870 0 0 0 13 33 407 210 3000 16 0 18 18 17 1146 0 10 0 15 0 0 0 0 0 59 0 2001 63 0 145 183 356 130 22 968 631 861 1183 14 0 12 1060 2251 1519 138 0 0 31 220 14 104 761 593 74 59 0 152 0 109 16 1039 2077 39 801 11 36 470 
173 72 29 105 49 59 80 151 19 10 36 2934 3000 0 87 15 1070 8 72 42 21 0 0 1456 0 0 0 154 198 71 585 69 18 0 0 26 1004 13 48 0 70 77 0 0 0 654 0 10 35 16 185 0 12 516 0 0 180 77 673 407 1867 0 18 636 0 1148 0 148 11 9 17 9 10 34 89 1883 0 0 0 0 
0 15 37 546 1729 227 109 12 0 116 2961 12 14 0 9 943 16 83 19 15 104 0 13 218 0 15 110 208 59 639 2458 0 806 0 26 0 0 365 7 38 0 86 8 21 115 0 0 43 360 174 12 0 18 0 0 0 3000 0 560 0 93 0 18 40 0 1005 0 54 0 393 107 255 553 40 17 669 120 0 16 0 
25 0 633 18 211 0 0 1030 48 0 0 0 0 0 267 0 69 99 77 24 0 3000 0 0 0 0 0 94 90 192 0 14 773 0 1004 0 0 0 20 0 17 213 0 0 0 286 0 105 11 0 31 0 0 123 0 0 0 328 120 255 0 243 0 24 0 7 0 11 605 0 358 264 2547 0 511 0 0 0 0 0 
0 121 566 3000 68 368 45 35 0 44 69 8 2659 0 1540 46 55 847 431 144 11 0 22 195 0 9 16 9 3000 29 10 46 215 59 13 365 0 0 33 2739 138 77 9 142 137 125 1744 9 588 17 698 50 45 86 151 256 11 377 817 0 16 35 58 42 38 18 25 171 0 30 23 253 256 611 2507 282 586 291 12 40 
0 42 196 1920 179 35 172 8 0 34 10 152 144 0 268 8 63 476 7 0 84 0 124 139 0 0 0 13 2178 75 637 0 85 0 48 7 20 33 0 0 0 11 0 62 0 0 0 0 32 73 230 0 290 0 0 0 125 0 88 0 0 0 21 0 0 108 0 101 0 21 12 130 378 543 42 9 54 0 0 0 
0 33 0 0 20 121 62 30 0 519 3000 165 52 0 0 0 0 127 106 0 826 0 69 560 0 599 35 0 0 17 0 0 0 2001 0 38 0 2739 0 0 0 826 17 404 155 0 322 1979 0 534 2834 590 0 0 59 18 36 0 0 0 16 0 88 0 20 17 43 3000 0 616 0 142 519 33 0 135 1313 131 40 0 
50 0 73 679 168 291 0 230 15 0 0 1101 2259 46 273 0 14 51 50 87 361 16 0 0 130 0 0 22 1306 27 0 2392 107 63 70 0 17 138 0 0 0 213 0 0 0 628 0 21 358 0 233 2826 0 2028 10 117 28 24 448 364 69 252 0 1039 0 29 0 2033 33 0 349 644 223 0 74 121 0 0 1269 25 
26 10 22 22 33 258 716 399 65 52 93 156 82 0 37 71 2144 58 376 946 94 0 186 42 0 2477 14 51 15 967 816 122 135 0 77 86 213 77 11 826 213 0 1399 117 162 171 0 25 365 324 47 0 227 23 0 1132 575 0 8 0 1913 0 33 218 0 182 30 74 1254 63 82 131 199 13 96 50 135 0 11 0 
0 90 1967 0 476 29 50 2194 0 1448 11 19 30 0 0 0 1005 95 13 0 81 0 40 9 0 11 244 133 0 84 1091 94 0 145 0 8 0 9 0 17 0 1399 0 425 1760 0 732 60 27 11 626 25 27 0 1178 16 199 0 0 0 17 171 16 0 180 99 14 425 0 47 0 1586 489 41 0 308 981 8 30 1221 
0 49 72 0 15 85 1120 96 0 1041 8 163 574 0 0 257 14 17 197 0 9 0 444 14 0 943 778 713 0 13 356 20 20 183 0 21 0 142 62 404 0 117 425 0 255 0 335 160 0 76 70 141 28 0 13 61 75 0 0 0 82 0 8 0 121 2646 299 324 0 607 0 93 147 231 0 66 112 1617 10 0 
0 2594 0 0 34 104 100 252 0 158 46 42 1838 0 0 0 0 21 1065 0 41 0 25 895 0 1218 157 0 0 557 0 0 0 356 0 115 0 137 0 155 0 162 1760 255 0 0 831 10 0 167 29 50 0 0 381 852 738 0 0 0 89 0 122 0 74 613 1794 716 0 21 0 97 2498 152 0 317 97 133 767 0 
364 0 96 2167 662 155 0 19 12 0 50 400 67 106 25 0 463 1106 756 1891 18 195 0 0 149 0 0 11 34 90 0 58 84 130 654 0 286 125 0 0 628 171 0 0 0 0 11 12 327 0 79 82 0 26 22 9 35 207 9 96 334 1679 0 101 0 31 0 323 7 209 44 76 8 0 256 15 0 296 161 172 
0 0 907 0 103 233 46 45 0 0 489 59 173 74 0 0 0 735 34 176 14 10 78 0 54 63 35 17 0 91 0 44 0 22 0 0 0 1744 0 322 0 0 732 335 831 11 0 342 10 11 651 3000 0 197 32 12 107 394 0 0 1944 244 924 0 46 12 16 713 0 18 0 96 468 763 0 165 125 21 131 92 
70 162 28 19 1039 1080 208 48 17 137 1348 551 54 20 273 0 1532 12 56 35 82 7 3000 1312 222 212 752 618 68 64 0 9 258 968 10 43 105 9 0 1979 21 25 60 160 10 12 342 0 40 31 443 98 582 148 560 137 1230 12 30 265 9 22 16 1641 3000 94 601 52 689 12 1065 67 507 144 30 52 774 2740 91 8 
609 196 929 83 9 208 340 3000 2106 770 1640 166 11 203 165 0 199 15 13 26 53 47 1000 456 197 0 0 7 2797 712 0 7 99 631 35 360 11 588 32 0 358 365 27 0 0 327 10 40 0 52 56 148 853 232 1590 17 104 10 187 79 295 130 1133 8 0 9 0 11 23 7 1080 95 699 18 97 16 102 393 152 36 
0 42 14 681 31 1657 26 414 0 10 72 8 19 0 0 186 52 1413 44 155 50 0 20 222 0 167 83 11 301 11 101 19 215 861 16 174 0 17 73 534 0 324 11 76 167 0 11 31 52 0 524 742 66 0 1180 106 193 0 0 0 367 19 322 0 82 75 289 304 0 42 23 751 41 436 8 482 57 1550 90 402 
153 685 50 18 34 18 101 129 11 42 13 1871 24 1634 75 0 48 329 9 477 299 342 583 13 2221 1603 11 30 18 11 1421 1087 113 1183 185 12 31 698 230 2834 233 47 626 70 29 79 651 443 56 524 0 41 15 13 20 687 182 35 2467 9 102 3000 32 187 12 371 258 38 16 141 111 23 239 8 457 260 43 25 22 273 
0 0 2782 0 109 76 0 110 0 0 2831 347 3000 8 0 0 0 0 802 107 112 32 8 0 200 74 200 0 0 10 0 13 0 14 0 0 0 50 0 590 2826 0 25 141 50 82 3000 98 148 742 41 0 0 241 14 69 367 52 0 0 949 92 0 1030 27 151 327 1063 0 0 0 41 859 0 0 386 2084 693 312 13 
0 764 377 86 1121 222 33 283 0 59 52 411 65 0 11 28 9 63 270 0 105 0 412 68 0 22 1232 53 632 156 158 0 14 0 12 18 0 45 290 0 0 227 27 28 0 0 0 582 853 66 15 0 0 0 0 0 1431 0 14 0 99 0 739 0 0 57 0 2829 0 2327 66 809 1562 330 32 23 56 0 0 0 
37 0 3000 993 978 101 0 13 124 0 149 54 203 26 46 0 305 1484 618 365 7 1092 0 0 38 0 0 33 122 173 0 19 107 12 516 0 123 86 0 0 2028 23 0 0 0 26 197 148 232 0 13 241 0 0 438 44 314 236 35 60 30 311 0 52 0 16 0 15 20 0 37 638 15 0 14 419 0 33 2817 3000 
0 0 635 0 7 39 859 237 0 0 58 28 1059 23 0 0 0 542 13 3000 175 81 212 0 1329 86 990 17 0 9 0 238 0 1060 0 0 0 151 0 59 10 0 1178 13 381 22 32 560 1590 1180 20 14 0 438 0 558 379 8 0 0 108 135 138 2583 61 42 87 1118 0 264 0 1030 107 0 0 10 159 266 324 24 
150 304 39 0 1129 15 20 24 0 0 494 59 22 864 0 0 37 44 35 11 237 111 347 310 29 11 1077 480 14 3000 0 1295 0 2251 0 0 0 256 0 18 117 1132 16 61 852 9 12 137 17 106 687 69 0 44 558 0 153 24 0 0 9 8 29 180 15 101 49 30 0 298 0 22 35 1168 10 63 313 25 238 147 
518 263 15 8 1963 422 2379 39 0 260 844 80 43 30 85 0 1010 344 3000 179 9 199 62 41 14 725 374 10 126 23 59 819 66 1519 180 3000 0 11 125 36 28 575 199 75 738 35 107 1230 104 193 182 367 1431 314 379 153 0 80 467 0 33 96 9 13 15 742 604 39 22 43 825 715 29 10 133 11 90 411 909 269 
51 0 33 119 212 35 0 275 135 0 0 16 297 206 61 0 1532 21 1087 14 378 385 0 0 7 0 0 415 915 3000 0 11 85 138 77 0 328 377 0 0 24 0 0 0 0 207 394 12 10 0 35 52 0 236 8 24 80 0 1253 78 293 19 0 113 0 1685 0 60 10 0 650 59 636 0 155 1042 0 43 345 205 
129 138 288 17 25 704 3000 557 65 55 8 7 215 0 65 868 1566 178 41 24 717 1241 0 29 0 0 0 58 162 33 544 86 1361 0 673 560 120 817 88 0 448 8 0 0 0 9 0 30 187 0 2467 0 14 35 0 0 467 1253 0 16 241 793 130 351 0 537 0 500 35 16 32 13 19 0 133 1556 0 0 3000 0 
1468 0 33 8 407 0 0 750 9 0 0 0 0 0 16 0 237 0 807 180 0 225 0 0 0 0 0 32 73 0 0 53 3000 0 407 0 255 0 0 0 364 0 0 0 0 96 0 265 79 0 9 0 0 60 0 0 0 78 16 0 0 0 0 46 0 0 0 0 982 0 52 3000 0 0 361 0 0 0 0 0 
835 1234 252 2017 9 3000 22 178 0 179 190 10 1216 545 587 0 3000 44 8 177 233 230 242 1322 609 3000 728 31 746 15 0 120 41 31 1867 93 0 16 0 16 69 1913 17 82 89 334 1944 9 295 367 102 949 99 30 108 9 33 293 241 0 0 187 214 132 8 455 215 11 44 346 186 310 493 56 193 198 84 17 176 311 
513 0 48 0 359 37 0 1178 15 0 157 131 404 3000 0 0 0 0 60 313 1520 702 1051 0 462 0 835 68 96 912 0 57 0 220 0 0 243 35 0 0 252 0 171 0 0 1679 244 22 130 19 3000 92 0 311 135 8 96 19 793 0 187 0 0 21 0 142 10 280 37 0 0 15 252 0 27 156 30 143 18 11 
0 145 144 377 25 798 34 1140 0 81 733 2969 47 0 0 15 280 10 7 134 9 0 110 295 0 141 57 34 69 379 3000 1334 22 14 18 18 0 58 21 88 0 33 16 8 122 0 924 16 1133 322 32 0 739 0 138 29 9 0 130 0 214 0 0 0 803 675 91 157 0 92 30 39 66 31 274 150 33 1001 49 0 
217 0 128 216 152 67 174 10 125 0 1227 122 7 72 17 0 262 10 64 66 12 14 0 0 59 0 0 236 14 122 0 24 2299 104 636 40 24 42 0 0 1039 218 0 0 0 101 0 1641 8 0 187 1030 0 52 2583 180 13 113 351 46 132 21 0 0 0 218 0 1128 32 33 20 1351 859 0 25 202 0 0 179 33 
0 382 0 0 19 44 264 13 0 3000 48 1823 53 0 0 0 0 401 30 0 31 0 19 3000 0 47 11 0 0 12 0 144 0 761 0 0 0 38 0 20 0 0 180 121 74 0 46 3000 0 82 12 27 0 0 61 15 15 0 0 0 8 0 803 0 0 292 930 15 0 18 0 13 321 1764 0 26 28 240 627 3000 
25 11 311 130 109 74 102 2504 29 147 45 196 685 88 1219 185 1121 341 247 52 277 28 1868 247 308 62 248 53 765 316 122 602 2325 593 1148 1005 7 18 108 17 29 182 99 2646 613 31 12 94 9 75 371 151 57 16 42 101 742 1685 537 0 455 142 675 218 292 0 736 214 55 1279 53 370 54 661 74 248 17 60 76 807 
0 19 27 0 59 16 33 23 0 1937 3000 842 1035 363 0 0 0 22 312 341 1272 0 183 39 14 3000 1554 1348 0 296 0 74 0 74 0 0 0 25 0 43 0 30 14 299 1794 0 16 601 0 289 258 327 0 0 87 49 604 0 0 0 215 10 91 0 930 736 0 297 0 38 0 1298 444 50 0 765 190 117 224 185 
71 294 31 835 222 30 7 78 76 609 16 15 126 0 102 531 634 27 46 55 74 0 14 11 0 89 1020 13 64 175 2117 29 1110 59 148 54 11 171 101 3000 2033 74 425 324 716 323 713 52 11 304 38 1063 2829 15 1118 30 39 60 500 0 11 280 157 1128 15 214 297 0 1427 79 35 365 22 48 1341 83 163 622 52 24 
20 0 247 23 144 10 0 285 11 0 0 180 0 591 143 0 1821 43 357 30 453 33 0 0 0 0 0 38 17 424 0 45 13 0 11 0 605 0 0 0 33 1254 0 0 0 7 0 689 23 0 16 0 0 20 0 0 22 10 35 982 44 37 0 32 0 55 0 1427 0 0 1726 176 169 0 1907 632 0 0 360 82 
0 161 10 21 77 79 268 250 0 141 1049 804 12 0 543 714 196 790 13 170 39 0 81 907 0 16 18 255 12 15 432 8 26 152 9 393 0 30 21 616 0 63 47 607 21 209 18 12 7 42 141 0 2327 0 264 298 43 0 16 0 346 0 92 33 18 1279 38 79 0 0 2717 156 143 59 63 52 2225 643 22 0 
391 88 70 49 40 58 481 200 30 409 219 13 898 0 331 65 2217 610 2662 999 1903 0 0 81 0 0 0 86 182 1050 383 100 236 0 17 107 358 23 12 0 349 82 0 0 0 44 0 1065 1080 23 111 0 66 37 0 0 825 650 32 52 186 0 30 20 0 53 0 35 1726 2717 0 48 24 34 309 135 0 0 601 0 
722 8 20 86 2569 122 223 40 83 38 8 25 21 27 118 0 246 49 48 18 1168 40 303 1350 87 35 24 29 142 19 797 85 32 109 9 255 264 253 130 142 644 131 1586 93 97 76 96 67 95 751 23 41 809 638 1030 22 715 59 13 3000 310 15 39 1351 13 370 1298 365 176 156 48 0 378 128 391 8 656 23 3000 25 
144 54 143 204 375 74 149 107 157 116 506 350 33 0 15 747 160 18 35 900 107 29 3000 224 0 21 145 409 24 51 637 38 9 16 10 553 2547 256 378 519 223 199 489 147 2498 8 468 507 699 41 239 859 1562 15 107 35 29 636 19 0 493 252 66 859 321 54 444 22 169 143 24 378 0 2047 738 282 13 68 39 1188 
0 500 55 213 264 2905 30 439 0 191 32 8 49 0 0 596 25 14 28 0 14 0 187 13 0 153 262 279 1886 95 136 0 161 1039 34 40 0 611 543 33 0 13 41 231 152 0 763 144 18 436 8 0 330 0 0 1168 10 0 0 0 56 0 31 0 1764 661 50 48 0 59 34 128 2047 0 0 48 1138 1587 246 0 
74 114 31 592 596 2408 11 71 195 76 47 319 538 0 1094 0 103 21 733 30 19 2638 0 15 0 0 0 602 34 126 26 1329 281 2077 89 17 511 2507 42 0 74 96 0 0 0 256 0 30 97 8 457 0 32 14 0 10 133 155 133 361 193 27 274 25 0 74 0 1341 1907 63 309 391 738 0 0 174 0 0 754 11 
798 626 10 177 37 34 2182 12 0 453 80 1318 56 0 48 220 53 486 36 1920 147 0 41 67 0 369 212 801 83 100 50 13 731 39 1883 669 0 282 9 135 121 50 308 66 317 15 165 52 16 482 260 386 23 419 10 63 11 1042 1556 0 198 156 150 202 26 248 765 83 632 52 135 8 282 48 174 0 318 31 90 317 
0 25 342 0 75 390 16 3000 0 287 25 13 160 0 0 0 3000 38 139 0 31 0 34 1012 0 49 72 353 0 980 2680 532 9 801 0 120 0 586 54 1313 0 135 981 112 97 0 125 774 102 57 43 2084 56 0 159 313 90 0 0 0 84 30 33 0 28 17 190 163 0 2225 0 656 13 1138 0 318 0 98 535 57 
0 35 51 0 11 1083 39 238 0 0 204 31 41 39 0 0 0 94 35 3000 174 14 229 369 234 688 52 832 0 25 0 18 0 11 0 0 0 291 0 131 0 0 8 1617 133 296 21 2740 393 1550 25 693 0 33 266 25 411 43 0 0 17 143 1001 0 240 60 117 622 0 643 0 23 68 1587 0 31 98 0 8 321 
2367 116 349 26 54 67 19 116 0 15 51 2298 1171 841 0 0 17 585 499 13 92 607 16 15 16 141 115 144 163 2350 0 58 103 36 0 16 0 12 0 40 1269 11 30 10 767 161 131 91 152 90 22 312 0 2817 324 238 909 345 3000 0 176 18 49 179 627 76 224 52 360 22 601 3000 39 246 754 90 535 8 0 109 
20 0 28 0 12 80 0 47 0 0 308 991 95 287 0 0 0 0 71 27 10 19 83 0 86 9 78 10 0 825 0 9 0 470 0 0 0 40 0 0 25 0 1221 0 0 172 92 8 36 402 273 13 0 3000 24 147 269 205 0 0 311 11 0 33 3000 807 185 24 82 0 0 25 1188 0 11 317 57 321 109 0 
