80
0 43 39 45 6 40 71 64 49 85 77 42 49 61 31 78 55 95 101 58 91 91 28 38 58 28 62 40 36 29 95 53 68 81 51 18 34 41 35 74 79 17 31 48 68 46 105 21 93 22 58 32 58 26 42 66 57 91 69 36 50 54 40 46 46 72 34 61 62 57 46 50 72 30 65 82 92 58 53 92 
43 0 42 66 37 10 81 90 19 100 99 33 82 63 66 84 13 115 85 49 106 83 52 72 69 65 84 4 7 39 112 11 57 86 53 50 76 77 37 60 101 34 19 79 80 4 86 22 99 24 16 72 86 39 85 81 27 90 74 54 78 83 29 25 72 97 8 28 84 56 70 8 69 60 75 60 77 34 44 98 
39 42 0 27 40 48 39 50 30 58 58 11 49 24 39 44 46 73 62 19 65 52 21 41 27 40 43 38 40 10 70 45 29 47 13 29 61 48 6 36 59 23 24 44 38 44 66 36 59 26 48 51 47 13 69 40 34 54 34 16 41 46 14 23 34 57 38 39 43 18 32 45 33 30 33 46 54 28 15 58 
45 66 27 0 50 70 28 24 57 40 34 38 24 28 24 36 72 50 74 39 46 59 18 21 17 28 18 63 63 27 50 71 45 39 24 28 50 28 31 52 35 37 47 19 24 69 80 54 50 45 74 38 20 27 57 21 61 53 29 13 14 19 41 49 8 31 61 66 18 30 6 71 39 18 22 66 66 54 38 48 
6 37 40 50 0 33 74 70 45 90 83 41 55 63 37 81 50 100 101 58 96 93 32 44 61 34 67 35 30 30 99 48 69 84 52 23 40 47 35 74 84 17 28 54 72 41 104 15 96 19 53 38 64 28 48 70 54 94 71 40 55 59 38 43 51 77 29 58 67 58 51 45 73 35 68 81 93 56 53 95 
40 10 48 70 33 0 87 93 29 105 104 40 84 70 67 91 22 120 94 58 112 92 54 72 75 64 88 12 8 43 117 20 66 94 60 50 73 77 42 69 105 35 24 81 86 12 95 19 106 25 25 71 88 43 81 87 37 98 81 58 80 85 36 33 74 101 10 38 88 63 73 16 77 61 81 70 87 44 52 105 
71 81 39 28 74 87 0 31 66 20 29 48 46 19 52 8 82 38 54 36 27 36 43 48 13 56 23 77 79 46 33 82 36 12 27 54 78 54 45 41 29 58 63 42 6 82 61 75 23 64 83 65 34 47 84 11 65 26 9 35 35 37 52 58 32 34 77 70 24 26 31 82 22 45 6 56 48 56 39 21 
64 90 50 24 70 93 31 0 81 30 14 61 21 43 35 39 96 31 85 58 33 67 40 29 30 40 9 86 86 51 33 95 62 41 45 47 58 31 54 69 16 59 71 18 26 92 92 76 47 68 98 45 7 51 61 20 84 57 38 36 15 12 64 73 19 7 84 88 8 48 20 94 52 35 30 84 78 76 59 45 
49 19 30 57 45 29 66 81 0 85 88 19 77 47 64 68 17 102 66 32 92 65 47 68 56 64 73 17 23 32 98 16 39 70 39 49 80 75 27 41 89 34 18 73 67 18 67 32 82 27 18 73 77 34 89 69 9 72 58 45 70 75 16 8 64 88 22 13 74 40 62 17 52 56 61 42 58 15 27 82 
85 100 58 40 90 105 20 30 85 0 19 67 50 39 61 20 102 19 66 56 7 48 58 55 31 66 26 96 98 63 13 101 55 21 47 68 86 60 64 59 18 75 82 47 19 101 73 92 20 82 103 73 36 65 90 20 85 34 28 50 41 41 71 78 41 28 96 89 27 46 41 102 40 57 25 73 61 76 59 17 
77 99 58 34 83 104 29 14 88 19 0 69 35 45 49 34 104 17 82 62 20 63 51 43 33 54 16 96 96 61 19 103 64 36 50 60 72 45 63 70 2 70 81 33 25 101 89 88 38 79 106 59 21 61 75 20 90 51 37 46 29 26 72 80 31 10 94 94 16 52 32 103 51 48 30 85 76 81 64 36 
42 33 11 38 41 40 48 61 19 67 69 0 59 30 48 51 36 83 60 18 74 54 30 51 37 49 54 30 33 16 80 35 28 54 20 36 68 58 9 33 70 25 18 55 48 34 63 33 66 23 37 59 58 19 77 50 23 58 41 27 52 57 4 11 45 68 31 28 54 23 43 35 37 39 42 41 52 18 13 65 
49 82 49 24 55 84 46 21 77 50 35 59 0 51 18 54 91 51 97 62 54 81 31 11 39 22 25 79 77 45 54 89 69 58 48 34 37 11 51 76 36 49 64 5 41 85 103 65 66 59 93 25 14 44 40 36 82 73 51 33 11 9 61 70 16 26 75 87 24 54 19 88 62 22 43 90 89 76 61 63 
61 63 24 28 63 70 19 43 47 39 45 30 51 0 50 21 64 56 46 17 45 32 36 48 13 53 34 60 62 33 52 64 19 24 11 47 76 56 30 26 46 46 47 47 21 64 52 60 36 49 65 64 43 35 83 25 47 31 11 26 41 44 34 40 35 48 61 51 35 7 33 64 12 42 15 41 38 37 21 35 
31 66 39 24 37 67 52 35 64 61 49 48 18 50 0 60 76 66 96 56 66 82 18 7 41 5 36 63 61 33 68 74 65 63 44 17 26 11 39 72 51 33 49 18 47 70 101 48 74 42 79 14 29 30 33 43 71 77 53 25 21 24 49 58 20 42 59 75 35 50 21 73 62 9 46 85 88 66 54 72 
78 84 44 36 81 91 8 39 68 20 34 51 54 21 60 0 85 40 48 37 26 29 50 56 20 64 31 81 83 52 34 84 35 3 31 62 86 62 50 39 34 64 68 50 14 85 55 80 16 69 86 73 42 53 92 19 67 18 10 41 44 46 55 61 41 40 81 71 32 28 39 85 20 53 14 53 42 57 41 15 
55 13 46 72 50 22 82 96 17 102 104 36 91 64 76 85 0 118 78 48 109 79 60 81 72 75 89 15 21 46 115 2 54 87 55 60 88 87 42 55 106 44 27 88 83 10 78 35 98 35 3 84 92 47 97 85 20 88 75 60 85 90 32 25 79 103 21 19 90 57 77 6 68 69 77 52 71 29 43 98 
95 115 73 50 100 120 38 31 102 19 17 83 51 56 66 40 118 0 85 74 15 67 68 60 46 71 33 111 112 77 8 118 74 40 63 77 88 62 78 78 16 87 96 49 36 116 92 104 37 95 120 76 38 77 90 33 103 52 46 62 46 43 87 94 48 25 110 107 33 63 49 118 59 65 42 93 81 94 77 35 
101 85 62 74 101 94 54 85 66 66 82 60 97 46 96 48 78 85 0 43 70 18 80 94 58 99 76 82 88 72 78 79 33 46 53 90 121 102 66 27 82 84 77 92 59 83 7 93 49 83 77 109 87 75 129 64 58 33 47 71 86 89 63 62 81 88 87 59 77 46 79 81 35 87 55 26 8 51 48 51 
58 49 19 39 58 58 36 58 32 56 62 18 62 17 56 37 48 74 43 0 62 35 39 57 29 58 49 46 50 29 69 48 10 39 14 48 80 64 23 17 63 41 36 58 38 50 47 52 50 41 49 69 57 32 88 41 30 41 28 32 53 57 22 25 46 64 49 34 50 10 44 49 20 47 32 28 35 20 6 50 
91 106 65 46 96 112 27 33 92 7 20 74 54 45 66 26 109 15 70 62 0 52 64 60 38 71 31 103 105 70 7 108 61 26 54 74 90 64 70 65 19 82 89 51 26 108 78 99 22 89 110 77 40 71 94 26 92 38 35 57 46 45 78 84 47 30 103 96 31 53 46 109 46 63 32 79 66 83 66 20 
91 83 52 59 93 92 36 67 65 48 63 54 81 32 82 29 79 67 18 35 52 0 68 80 42 85 59 80 85 62 60 80 26 28 41 79 108 87 58 24 64 75 72 76 42 83 26 87 31 77 79 96 70 65 115 47 59 15 30 59 70 73 58 59 65 70 84 61 60 35 63 82 20 74 38 32 15 50 41 33 
28 52 21 18 32 54 43 40 47 58 51 30 31 36 18 50 60 68 80 39 64 68 0 21 30 20 35 48 47 15 67 58 48 54 27 11 41 28 21 55 53 20 33 28 40 55 85 37 66 29 62 30 34 13 49 38 53 65 42 9 26 31 31 40 21 47 45 57 35 34 19 57 48 9 37 67 72 48 36 64 
38 72 41 21 44 72 48 29 68 55 43 51 11 48 7 56 81 60 94 57 60 80 21 0 38 11 30 68 66 36 61 79 65 59 43 22 31 8 42 72 44 38 53 11 43 75 100 54 69 48 83 18 22 34 36 39 74 73 50 25 14 17 52 61 15 35 64 78 29 49 17 77 60 12 43 85 87 69 55 67 
58 69 27 17 61 75 13 30 56 31 33 37 39 13 41 20 72 46 58 29 38 42 30 38 0 45 21 65 67 33 43 71 33 23 17 42 67 45 33 39 34 45 51 35 11 70 64 62 35 52 73 55 30 35 74 13 57 36 12 22 28 32 41 48 23 35 65 61 22 18 22 71 23 34 7 54 50 48 31 34 
28 65 40 28 34 64 56 40 64 66 54 49 22 53 5 64 75 71 99 58 71 85 20 11 45 0 40 62 59 33 72 73 67 67 46 15 23 13 40 74 55 31 48 22 51 68 104 45 78 41 78 11 33 30 30 48 71 81 57 27 25 28 49 58 24 47 57 75 39 52 25 71 65 11 50 86 90 67 55 76 
62 84 43 18 67 88 23 9 73 26 16 54 25 34 36 31 89 33 76 49 31 59 35 30 21 40 0 80 80 45 33 88 53 34 36 44 60 34 48 60 18 54 65 21 17 86 83 72 41 63 91 47 12 45 64 12 76 49 29 30 15 16 57 65 16 15 78 80 1 39 16 88 43 33 21 75 69 68 51 39 
40 4 38 63 35 12 77 86 17 96 96 30 79 60 63 81 15 111 82 46 103 80 48 68 65 62 80 0 6 35 108 13 54 83 50 47 74 74 33 57 97 30 15 76 77 6 84 20 95 21 18 69 82 36 82 78 25 87 71 50 74 79 25 22 68 94 7 27 80 53 66 10 66 56 71 58 75 32 41 95 
36 7 40 63 30 8 79 86 23 98 96 33 77 62 61 83 21 112 88 50 105 85 47 66 67 59 80 6 0 35 110 18 59 86 52 44 69 72 34 62 98 28 16 75 78 11 89 15 98 19 24 66 81 35 78 79 32 91 73 50 73 78 28 26 67 94 2 34 81 56 66 15 69 55 73 64 80 37 44 98 
29 39 10 27 30 43 46 51 32 63 61 16 45 33 33 52 46 77 72 29 70 62 15 36 33 33 45 35 35 0 75 44 40 55 22 20 52 43 7 46 62 13 20 42 44 41 76 29 67 18 48 43 47 3 61 44 38 63 42 15 39 44 17 25 33 58 33 43 45 28 31 43 43 24 40 56 64 34 25 66 
95 112 70 50 99 117 33 33 98 13 19 80 54 52 68 34 115 8 78 69 7 60 67 61 43 72 33 108 110 75 0 114 68 34 60 77 91 64 76 72 18 86 94 52 32 114 85 103 30 93 116 78 40 76 94 31 98 45 41 61 47 45 84 90 49 28 108 103 33 59 49 115 53 65 38 87 74 89 72 27 
53 11 45 71 48 20 82 95 16 101 103 35 89 64 74 84 2 118 79 48 108 80 58 79 71 73 88 13 18 44 114 0 55 87 55 58 86 85 41 56 105 42 26 86 82 7 79 33 98 33 5 81 91 45 95 84 21 88 75 59 84 89 31 24 77 102 19 20 88 56 75 4 68 67 77 54 72 30 43 98 
68 57 29 45 69 66 36 62 39 55 64 28 69 19 65 35 54 74 33 10 61 26 48 65 33 67 53 54 59 40 68 55 0 35 22 58 90 73 34 7 65 51 46 65 39 57 37 61 46 52 54 78 63 42 97 44 35 34 27 40 59 63 32 33 53 67 58 38 55 16 51 56 15 56 34 21 24 25 16 46 
81 86 47 39 84 94 12 41 70 21 36 54 58 24 63 3 87 40 46 39 26 28 54 59 23 67 34 83 86 55 34 87 35 0 34 65 90 66 53 39 36 68 70 53 17 87 53 83 13 72 87 77 45 57 95 22 68 15 13 45 47 49 58 63 44 43 84 72 35 31 43 87 20 57 17 53 41 59 43 12 
51 53 13 24 52 60 27 45 39 47 50 20 48 11 44 31 55 63 53 14 54 41 27 43 17 46 36 50 52 22 60 55 22 34 0 38 68 51 19 29 51 35 36 44 28 54 58 49 47 39 57 57 43 24 76 30 40 41 21 19 39 43 24 31 32 51 50 44 37 7 30 55 21 35 22 42 45 31 14 46 
18 50 29 28 23 50 54 47 49 68 60 36 34 47 17 62 60 77 90 48 74 79 11 22 42 15 44 47 44 20 77 58 58 65 38 0 33 27 27 65 61 16 33 32 51 53 95 31 77 26 63 24 41 17 41 49 56 77 53 21 32 37 36 44 29 54 42 61 44 44 28 56 58 12 48 75 82 54 44 75 
34 76 61 50 40 73 78 58 80 86 72 68 37 76 26 86 88 88 121 80 90 108 41 31 67 23 60 74 69 52 91 86 90 90 68 33 0 26 59 97 73 46 63 39 73 80 126 54 100 54 91 13 51 50 9 69 88 103 80 50 45 46 68 76 46 63 68 93 59 75 47 84 88 34 73 108 113 86 76 98 
41 77 48 28 47 77 54 31 75 60 45 58 11 56 11 62 87 62 102 64 64 87 28 8 45 13 34 74 72 43 64 85 73 66 51 27 26 0 49 80 47 44 60 13 49 80 108 58 75 53 90 14 24 41 30 44 81 80 57 33 19 19 59 68 22 37 70 86 33 57 24 83 67 19 49 93 94 76 62 72 
35 37 6 31 35 42 45 54 27 64 63 9 51 30 39 50 42 78 66 23 70 58 21 42 33 40 48 33 34 7 76 41 34 53 19 27 59 49 0 40 64 18 18 47 44 38 70 30 65 20 44 50 51 10 68 45 32 60 40 19 44 49 11 19 37 61 32 37 48 24 35 40 39 30 39 49 58 27 18 64 
74 60 36 52 74 69 41 69 41 59 70 33 76 26 72 39 55 78 27 17 65 24 55 72 39 74 60 57 62 46 72 56 7 39 29 65 97 80 40 0 70 57 50 72 45 59 30 66 48 57 55 85 69 49 104 50 35 35 33 47 66 70 37 36 60 74 61 37 61 23 58 58 19 63 40 15 19 26 21 49 
79 101 59 35 84 105 29 16 89 18 2 70 36 46 51 34 106 16 82 63 19 64 53 44 34 55 18 97 98 62 18 105 65 36 51 61 73 47 64 70 0 72 82 34 25 103 89 89 38 80 107 61 23 63 76 21 91 51 38 48 30 28 74 81 33 11 96 96 18 53 34 104 52 49 31 85 76 82 65 35 
17 34 23 37 17 35 58 59 34 75 70 25 49 46 33 64 44 87 84 41 82 75 20 38 45 31 54 30 28 13 86 42 51 68 35 16 46 44 18 57 72 0 17 46 56 37 87 17 80 10 47 40 54 11 55 56 42 76 55 25 45 50 23 30 40 67 26 46 54 41 39 40 56 26 52 65 76 41 36 79 
31 19 24 47 28 24 63 71 18 82 81 18 64 47 49 68 27 96 77 36 89 72 33 53 51 48 65 15 16 20 94 26 46 70 36 33 63 60 18 50 82 17 0 61 62 21 79 16 83 9 30 56 67 20 71 63 27 76 58 35 59 64 14 16 53 78 14 31 65 40 51 24 55 42 57 55 69 28 30 82 
48 79 44 19 54 81 42 18 73 47 33 55 5 47 18 50 88 49 92 58 51 76 28 11 35 22 21 76 75 42 52 86 65 53 44 32 39 13 47 72 34 46 61 0 37 82 98 63 62 56 90 27 11 41 43 32 78 68 46 29 6 6 57 66 12 25 72 83 20 49 14 85 58 20 38 86 85 72 57 60 
68 80 38 24 72 86 6 26 67 19 25 48 41 21 47 14 83 36 59 38 26 42 40 43 11 51 17 77 78 44 32 82 39 17 28 51 73 49 44 45 25 56 62 37 0 82 66 73 27 63 84 60 29 46 79 5 67 32 13 32 30 32 52 59 27 29 76 71 19 28 26 83 27 41 6 60 53 58 41 25 
46 4 44 69 41 12 82 92 18 101 101 34 85 64 70 85 10 116 83 50 108 83 55 75 70 68 86 6 11 41 114 7 57 87 54 53 80 80 38 59 103 37 21 82 82 0 84 26 99 27 13 76 88 42 89 83 25 90 75 56 80 85 30 25 74 100 12 26 86 57 72 4 69 63 76 59 76 33 44 99 
105 86 66 80 104 95 61 92 67 73 89 63 103 52 101 55 78 92 7 47 78 26 85 100 64 104 83 84 89 76 85 79 37 53 58 95 126 108 70 30 89 87 79 98 66 84 0 95 56 86 77 115 94 79 134 71 59 40 54 77 92 96 66 64 87 95 88 59 84 51 85 82 41 92 62 25 14 52 52 58 
21 22 36 54 15 19 75 76 32 92 88 33 65 60 48 80 35 104 93 52 99 87 37 54 62 45 72 20 15 29 103 33 61 83 49 31 54 58 30 66 89 17 16 63 73 26 95 0 96 11 38 52 71 27 63 73 41 90 70 42 63 67 30 32 57 84 14 45 72 54 56 30 69 43 68 71 85 44 46 95 
93 99 59 50 96 106 23 47 82 20 38 66 66 36 74 16 98 37 49 50 22 31 66 69 35 78 41 95 98 67 30 98 46 13 47 77 100 75 65 48 38 80 83 62 27 99 56 96 0 85 99 87 53 69 105 30 80 16 25 57 56 57 70 75 54 47 97 83 42 43 53 99 31 68 29 61 45 70 55 3 
22 24 26 45 19 25 64 68 27 82 79 23 59 49 42 69 35 95 83 41 89 77 29 48 52 41 63 21 19 18 93 33 52 72 39 26 54 53 20 57 80 10 9 56 63 27 86 11 85 0 37 49 63 18 63 63 36 80 60 33 55 60 20 24 49 75 17 40 63 44 48 31 59 36 58 63 75 37 36 84 
58 16 48 74 53 25 83 98 18 103 106 37 93 65 79 86 3 120 77 49 110 79 62 83 73 78 91 18 24 48 116 5 54 87 57 63 91 90 44 55 107 47 30 90 84 13 77 38 99 37 0 86 94 49 100 87 20 88 76 62 87 92 34 26 81 105 24 18 91 58 79 9 68 71 78 51 71 29 44 99 
32 72 51 38 38 71 65 45 73 73 59 59 25 64 14 73 84 76 109 69 77 96 30 18 55 11 47 69 66 43 78 81 78 77 57 24 13 14 50 85 61 40 56 27 60 76 115 52 87 49 86 0 38 41 19 56 81 90 67 38 32 33 59 68 33 51 64 85 46 63 34 79 76 22 60 97 101 77 66 85 
58 86 47 20 64 88 34 7 77 36 21 58 14 43 29 42 92 38 87 57 40 70 34 22 30 33 12 82 81 47 40 91 63 45 43 41 51 24 51 69 23 54 67 11 29 88 94 71 53 63 94 38 0 46 54 24 81 61 40 32 9 5 61 70 14 14 79 86 10 48 16 90 53 29 32 84 80 74 57 50 
26 39 13 27 28 43 47 51 34 65 61 19 44 35 30 53 47 77 75 32 71 65 13 34 35 30 45 36 35 3 76 45 42 57 24 17 50 41 10 49 63 11 20 41 46 42 79 27 69 18 49 41 46 0 58 45 40 66 44 15 38 43 19 27 32 58 33 45 45 31 31 44 46 22 41 58 67 37 27 68 
42 85 69 57 48 81 84 61 89 90 75 77 40 83 33 92 97 90 129 88 94 115 49 36 74 30 64 82 78 61 94 95 97 95 76 41 9 30 68 104 76 55 71 43 79 89 134 63 105 63 100 19 54 58 0 74 97 109 86 57 49 49 77 84 51 66 77 101 63 82 53 92 95 41 79 116 120 95 85 103 
66 81 40 21 70 87 11 20 69 20 20 50 36 25 43 19 85 33 64 41 26 47 38 39 13 48 12 78 79 44 31 84 44 22 30 49 69 44 45 50 21 56 63 32 5 83 71 73 30 63 87 56 24 45 74 0 70 37 18 31 25 27 53 61 23 24 77 74 13 31 23 84 32 38 10 65 58 61 44 28 
57 27 34 61 54 37 65 84 9 85 90 23 82 47 71 67 20 103 58 30 92 59 53 74 57 71 76 25 32 38 98 21 35 68 40 56 88 81 32 35 91 42 27 78 67 25 59 41 80 36 20 81 81 40 97 70 0 68 57 50 75 80 21 13 68 90 31 5 76 39 66 23 49 62 61 33 52 10 26 80 
91 90 54 53 94 98 26 57 72 34 51 58 73 31 77 18 88 52 33 41 38 15 65 73 36 81 49 87 91 63 45 88 34 15 41 77 103 80 60 35 51 76 76 68 32 90 40 90 16 80 88 90 61 66 109 37 68 0 24 56 62 64 62 66 58 58 89 71 50 36 57 90 21 70 31 46 29 59 46 18 
69 74 34 29 71 81 9 38 58 28 37 41 51 11 53 10 75 46 47 28 35 30 42 50 12 57 29 71 73 42 41 75 27 13 21 53 80 57 40 33 38 55 58 46 13 75 54 70 25 60 76 67 40 44 86 18 57 24 0 33 40 42 45 51 35 42 71 61 31 18 34 75 14 46 8 47 40 48 32 25 
36 54 16 13 40 58 35 36 45 50 46 27 33 26 25 41 60 62 71 32 57 59 9 25 22 27 30 50 50 15 61 59 40 45 19 21 50 33 19 47 48 25 35 29 32 56 77 42 57 33 62 38 32 15 57 31 50 56 33 0 25 30 29 38 19 44 48 55 31 25 17 58 38 16 28 60 63 44 29 55 
50 78 41 14 55 80 35 15 70 41 29 52 11 41 21 44 85 46 86 53 46 70 26 14 28 25 15 74 73 39 47 84 59 47 39 32 45 19 44 66 30 45 59 6 30 80 92 63 56 55 87 32 9 38 49 25 75 62 40 25 0 5 54 63 7 22 71 79 14 44 9 83 51 20 32 80 78 68 52 54 
54 83 46 19 59 85 37 12 75 41 26 57 9 44 24 46 90 43 89 57 45 73 31 17 32 28 16 79 78 44 45 89 63 49 43 37 46 19 49 70 28 50 64 6 32 85 96 67 57 60 92 33 5 43 49 27 80 64 42 30 5 0 59 68 12 19 76 85 14 48 14 88 55 25 34 84 82 73 57 54 
40 29 14 41 38 36 52 64 16 71 72 4 61 34 49 55 32 87 63 22 78 58 31 52 41 49 57 25 28 17 84 31 32 58 24 36 68 59 11 37 74 23 14 57 52 30 66 30 70 20 34 59 61 19 77 53 21 62 45 29 54 59 0 9 47 71 27 26 58 27 46 31 41 41 46 43 55 18 17 70 
46 25 23 49 43 33 58 73 8 78 80 11 70 40 58 61 25 94 62 25 84 59 40 61 48 58 65 22 26 25 90 24 33 63 31 44 76 68 19 36 81 30 16 66 59 25 64 32 75 24 26 68 70 27 84 61 13 66 51 38 63 68 9 0 56 80 25 17 66 32 54 25 44 49 53 39 54 12 20 75 
46 72 34 8 51 74 32 19 64 41 31 45 16 35 20 41 79 48 81 46 47 65 21 15 23 24 16 68 67 33 49 77 53 44 32 29 46 22 37 60 33 40 53 12 27 74 87 57 54 49 81 33 14 32 51 23 68 58 35 19 7 12 47 56 0 26 65 73 16 37 2 76 46 17 28 74 73 61 45 52 
72 97 57 31 77 101 34 7 88 28 10 68 26 48 42 40 103 25 88 64 30 70 47 35 35 47 15 94 94 58 28 102 67 43 51 54 63 37 61 74 11 67 78 25 29 100 95 84 47 75 105 51 14 58 66 24 90 58 42 44 22 19 71 80 26 0 91 95 14 54 28 101 55 42 34 88 81 82 65 44 
34 8 38 61 29 10 77 84 22 96 94 31 75 61 59 81 21 110 87 49 103 84 45 64 65 57 78 7 2 33 108 19 58 84 50 42 68 70 32 61 96 26 14 72 76 12 88 14 97 17 24 64 79 33 77 77 31 89 71 48 71 76 27 25 65 91 0 33 79 54 64 16 68 53 71 63 79 36 43 96 
61 28 39 66 58 38 70 88 13 89 94 28 87 51 75 71 19 107 59 34 96 61 57 78 61 75 80 27 34 43 103 20 38 72 44 61 93 86 37 37 96 46 31 83 71 26 59 45 83 40 18 85 86 45 101 74 5 71 61 55 79 85 26 17 73 95 33 0 81 44 71 23 52 67 65 33 53 13 31 83 
62 84 43 18 67 88 24 8 74 27 16 54 24 35 35 32 90 33 77 50 31 60 35 29 22 39 1 80 81 45 33 88 55 35 37 44 59 33 48 61 18 54 65 20 19 86 84 72 42 63 91 46 10 45 63 13 76 50 31 31 14 14 58 66 16 14 79 81 0 40 16 88 44 32 22 76 71 69 51 40 
57 56 18 30 58 63 26 48 40 46 52 23 54 7 50 28 57 63 46 10 53 35 34 49 18 52 39 53 56 28 59 56 16 31 7 44 75 57 24 23 53 41 40 49 28 57 51 54 43 44 58 63 48 31 82 31 39 36 18 25 44 48 27 32 37 54 54 44 40 0 35 57 15 41 22 37 38 30 13 42 
46 70 32 6 51 73 31 20 62 41 32 43 19 33 21 39 77 49 79 44 46 63 19 17 22 25 16 66 66 31 49 75 51 43 30 28 47 24 35 58 34 39 51 14 26 72 85 56 53 48 79 34 16 31 53 23 66 57 34 17 9 14 46 54 2 28 64 71 16 35 0 75 44 16 26 72 71 59 43 51 
50 8 45 71 45 16 82 94 17 102 103 35 88 64 73 85 6 118 81 49 109 82 57 77 71 71 88 10 15 43 115 4 56 87 55 56 84 83 40 58 104 40 24 85 83 4 82 30 99 31 9 79 90 44 92 84 23 90 75 58 83 88 31 25 76 101 16 23 88 57 75 0 69 66 77 56 75 32 44 99 
72 69 33 39 73 77 22 52 52 40 51 37 62 12 62 20 68 59 35 20 46 20 48 60 23 65 43 66 69 43 53 68 15 20 21 58 88 67 39 19 52 56 55 58 27 69 41 69 31 59 68 76 53 46 95 32 49 21 14 38 51 55 41 44 46 55 68 52 44 15 44 69 0 54 22 34 27 39 25 31 
30 60 30 18 35 61 45 35 56 57 48 39 22 42 9 53 69 65 87 47 63 74 9 12 34 11 33 56 55 24 65 67 56 57 35 12 34 19 30 63 49 26 42 20 41 63 92 43 68 36 71 22 29 22 41 38 62 70 46 16 20 25 41 49 17 42 53 67 32 41 16 66 54 0 40 75 79 57 44 66 
65 75 33 22 68 81 6 30 61 25 30 42 43 15 46 14 77 42 55 32 32 38 37 43 7 50 21 71 73 40 38 77 34 17 22 48 73 49 39 40 31 52 57 38 6 76 62 68 29 58 78 60 32 41 79 10 61 31 8 28 32 34 46 53 28 34 71 65 22 22 26 77 22 40 0 54 48 52 35 27 
82 60 46 66 81 70 56 84 42 73 85 41 90 41 85 53 52 93 26 28 79 32 67 85 54 86 75 58 64 56 87 54 21 53 42 75 108 93 49 15 85 65 55 86 60 59 25 71 61 63 51 97 84 58 116 65 33 46 47 60 80 84 43 39 74 88 63 33 76 37 72 56 34 75 54 0 20 27 31 62 
92 77 54 66 93 87 48 78 58 61 76 52 89 38 88 42 71 81 8 35 66 15 72 87 50 90 69 75 80 64 74 72 24 41 45 82 113 94 58 19 76 76 69 85 53 76 14 85 45 75 71 101 80 67 120 58 52 29 40 63 78 82 55 54 73 81 79 53 71 38 71 75 27 79 48 20 0 43 40 47 
58 34 28 54 56 44 56 76 15 76 81 18 76 37 66 57 29 94 51 20 83 50 48 69 48 67 68 32 37 34 89 30 25 59 31 54 86 76 27 26 82 41 28 72 58 33 52 44 70 37 29 77 74 37 95 61 10 59 48 44 68 73 18 12 61 82 36 13 69 30 59 32 39 57 52 27 43 0 17 70 
53 44 15 38 53 52 39 59 27 59 64 13 61 21 54 41 43 77 48 6 66 41 36 55 31 55 51 41 44 25 72 43 16 43 14 44 76 62 18 21 65 36 30 57 41 44 52 46 55 36 44 66 57 27 85 44 26 46 32 29 52 57 17 20 45 65 43 31 51 13 43 44 25 44 35 31 40 17 0 55 
92 98 58 48 95 105 21 45 82 17 36 65 63 35 72 15 98 35 51 50 20 33 64 67 34 76 39 95 98 66 27 98 46 12 46 75 98 72 64 49 35 79 82 60 25 99 58 95 3 84 99 85 50 68 103 28 80 18 25 55 54 54 70 75 52 44 96 83 40 42 51 99 31 66 27 62 47 70 55 0 
0 1955 1363 0 0 0 0 3000 0 137 0 0 0 19 0 0 0 91 21 14 0 19 852 0 58 73 0 40 16 29 0 0 17 483 76 163 1073 20 0 0 3000 0 0 0 3000 171 18 145 0 0 0 143 24 0 0 27 707 952 135 2709 374 0 0 14 0 42 0 0 0 241 280 0 173 0 0 59 50 0 640 651 
1955 0 173 30 349 31 176 14 0 113 544 171 1802 30 710 1087 120 742 103 2123 364 28 321 337 28 111 109 65 86 1610 2937 10 9 55 230 8 1189 20 1578 0 270 0 82 151 200 131 151 46 11 68 0 46 39 1807 297 99 2501 138 528 25 205 269 460 77 850 9 16 49 677 131 8 38 8 505 829 13 79 138 8 550 
1363 173 0 125 23 80 383 16 832 420 11 10 243 326 2001 956 106 22 373 276 735 175 174 125 3000 152 469 1617 89 157 495 1063 354 602 683 367 103 512 1068 43 9 302 10 17 55 995 106 244 168 810 3000 42 99 40 190 132 11 214 40 19 2249 965 199 44 1413 198 879 14 19 484 1792 436 98 274 90 761 10 28 76 2561 
0 30 125 0 10 0 0 280 144 0 63 420 42 30 17 35 118 3000 0 416 186 103 0 0 339 0 117 161 0 71 149 12 26 0 90 0 0 0 268 14 71 164 115 16 235 0 0 0 16 0 55 3000 0 25 19 7 21 10 240 0 0 368 3000 26 13 12 143 8 0 721 8 25 0 54 8 1751 361 1524 86 0 
0 349 23 10 0 869 799 0 100 0 47 12 89 0 8 206 43 10 0 0 59 0 0 0 0 0 75 0 0 17 334 12 0 0 79 0 0 0 3000 0 0 0 264 17 0 0 0 0 164 0 0 48 0 487 669 0 0 318 0 72 0 584 50 0 56 8 187 818 0 0 0 786 0 93 54 0 0 450 0 0 
0 31 80 0 869 0 418 0 0 13 378 0 543 0 17 577 383 306 0 146 0 0 0 103 0 0 0 0 0 3000 7 32 0 2319 1817 41 0 2441 256 0 0 0 39 180 2569 0 0 9 0 278 0 333 535 81 44 17 0 98 0 141 280 11 0 12 42 70 13 676 12 82 0 263 0 0 927 0 0 9 0 0 
0 176 383 0 799 418 0 0 0 211 57 0 2986 0 639 272 12 10 0 13 0 0 13 560 15 2301 0 545 0 112 1162 127 0 41 23 27 0 35 167 0 0 0 18 24 181 25 12 3000 0 823 0 412 28 631 16 240 0 9 0 155 359 24 0 21 9 85 90 9 14 13 0 16 0 0 434 34 10 19 0 0 
3000 14 16 280 0 0 0 0 68 42 93 285 317 1825 11 67 24 7 35 662 3000 27 378 0 258 63 445 36 2032 29 0 0 261 113 13 38 38 439 0 1023 145 50 0 180 215 10 905 89 413 0 15 558 84 401 0 13 96 46 43 62 0 0 570 30 18 8 96 0 0 90 45 328 48 24 515 64 43 496 35 543 
0 0 832 144 100 0 0 68 0 0 1749 277 22 2269 301 0 10 44 0 515 23 216 0 0 3000 0 41 3000 0 356 102 15 1497 0 19 0 0 0 0 17 76 155 0 434 0 0 0 0 269 0 120 177 0 59 0 0 137 83 34 0 0 0 576 0 1140 545 0 0 0 0 10 0 215 12 635 92 161 0 0 0 
137 113 420 0 0 13 211 42 0 0 42 0 363 2052 0 3000 27 496 10 2587 0 102 27 159 33 398 0 1490 664 81 0 568 2263 37 134 48 56 130 705 0 0 0 0 0 168 33 864 954 0 94 0 212 646 0 0 17 331 999 162 13 277 39 0 3000 2447 9 25 1687 22 215 902 190 28 0 31 9 664 43 10 24 
0 544 11 63 47 378 57 93 1749 42 0 615 372 328 958 504 2793 483 0 596 1042 1616 0 0 65 626 52 11 0 789 203 875 39 19 3000 2303 0 3000 1066 41 1971 324 899 10 69 341 23 323 176 54 13 1063 275 509 112 1462 17 475 153 70 0 44 81 29 144 51 39 20 0 54 967 102 100 30 906 203 748 120 431 0 
0 171 10 420 12 0 0 285 277 0 615 0 38 62 65 39 454 9 0 847 23 3000 0 0 18 0 19 28 0 1071 400 202 7 0 136 0 0 0 0 74 280 12 0 32 11 496 292 0 1107 0 10 466 0 11 0 28 544 261 282 0 0 0 70 21 37 28 645 67 0 33 15 42 868 1210 149 69 562 3000 31 126 
0 1802 243 42 89 543 2986 317 22 363 372 38 0 513 223 72 699 9 0 50 1792 37 46 0 210 52 201 71 11 23 47 61 15 11 1739 16 142 461 2286 684 282 65 31 143 23 593 12 22 250 653 39 368 268 10 22 8 8 1179 61 29 0 44 312 317 427 244 301 133 0 22 57 13 24 46 96 530 9 1603 214 17 
19 30 326 30 0 0 0 1825 2269 2052 328 62 513 0 0 18 3000 16 356 3000 150 218 38 0 17 207 41 8 12 17 0 0 1776 211 10 545 2837 177 0 215 18 19 0 0 95 193 124 145 7 0 584 1842 666 0 0 611 1660 11 48 12 2149 0 34 590 614 49 103 0 0 38 109 13 97 3000 24 1589 516 10 16 784 
0 710 2001 17 8 17 639 11 301 0 958 65 223 0 0 14 88 133 0 459 83 34 0 0 133 0 55 101 0 441 919 18 0 0 406 0 0 25 302 58 11 477 718 1212 59 0 0 0 17 0 694 321 0 443 122 1055 11 1547 32 148 0 3000 576 88 14 629 171 761 0 2144 0 40 0 83 2530 25 0 10 0 0 
0 1087 956 35 206 577 272 67 0 3000 504 39 72 18 14 0 106 13 0 77 154 589 472 54 228 112 61 636 0 1183 48 8 29 581 12 238 0 23 202 0 468 0 484 1048 1109 20 48 573 34 326 50 53 65 1001 26 884 59 24 33 19 367 42 90 197 39 2905 680 66 50 95 63 78 1516 370 109 114 17 52 25 18 
0 120 106 118 43 383 12 24 10 27 2793 454 699 3000 88 106 0 1024 0 75 11 403 1230 0 178 406 8 603 62 312 62 51 66 11 32 3000 0 279 80 326 13 1200 127 54 46 282 134 70 221 749 80 21 512 164 1538 1450 10 163 30 1697 0 18 18 62 117 72 53 61 0 29 208 107 1163 16 3000 34 147 35 3000 298 
91 742 22 3000 10 306 10 7 44 496 483 9 9 16 133 13 1024 0 3000 37 530 65 22 0 1060 560 363 1025 35 8 49 21 740 56 23 28 71 238 3000 51 11 587 112 2260 12 505 47 15 323 332 17 50 49 1224 167 7 90 8 1134 105 3000 942 167 533 17 8 422 643 30 602 26 75 85 13 366 203 277 39 322 28 
21 103 373 0 0 0 0 35 0 10 0 0 0 356 0 0 0 3000 0 259 0 79 3000 0 920 210 0 125 104 11 0 0 2318 69 63 19 11 17 0 0 67 0 0 0 34 60 3000 1541 0 0 0 801 478 0 0 17 2542 60 2692 344 411 0 0 622 0 817 0 0 0 11 73 18 107 0 0 23 273 0 219 73 
14 2123 276 416 0 146 13 662 515 2587 596 847 50 3000 459 77 75 37 259 0 136 382 244 0 9 59 118 45 34 202 2025 240 491 104 281 27 15 124 69 92 42 31 0 3000 59 131 212 1140 19 1591 596 8 3000 180 0 20 2337 186 471 60 11 17 77 2458 2730 10 100 113 2010 1947 367 776 542 2855 56 232 720 2245 240 82 
0 364 735 186 59 0 0 3000 23 0 1042 23 1792 150 83 154 11 530 0 136 0 288 0 0 3000 0 994 75 0 57 295 28 107 0 61 0 0 0 0 750 20 59 0 1451 284 0 0 0 36 0 152 1164 0 32 0 340 1022 80 573 0 0 0 335 1127 143 113 20 388 0 0 2105 1101 0 167 66 41 241 17 0 0 
19 28 175 103 0 0 0 27 216 102 1616 3000 37 218 34 589 403 65 79 382 288 0 1824 0 11 259 9 818 406 282 128 0 44 2693 108 328 17 431 0 31 351 14 0 83 1180 347 18 17 10 0 29 78 270 846 0 12 174 154 504 37 0 0 105 242 439 556 828 0 0 32 69 33 415 175 815 53 49 98 14 55 
852 321 174 0 0 0 13 378 0 27 0 0 46 38 0 472 1230 22 3000 244 0 1824 0 226 12 64 0 229 33 776 0 0 12 2650 368 259 201 39 0 0 22 0 0 0 21 110 540 3000 0 88 0 462 17 0 0 19 89 603 684 43 1224 0 0 39 0 30 26 0 19 28 41 42 96 0 0 54 74 174 1164 58 
0 337 125 0 0 103 560 0 0 159 0 0 0 0 0 54 0 0 0 0 0 0 226 0 0 25 0 0 0 17 0 0 0 7 269 710 0 785 109 0 0 0 0 0 238 113 0 128 0 31 0 0 10 0 0 33 0 0 0 801 431 707 0 79 120 0 112 231 379 10 0 19 0 0 0 0 0 10 0 0 
58 28 3000 339 0 0 15 258 3000 33 65 18 210 17 133 228 178 1060 920 9 3000 11 12 0 0 303 11 297 32 31 395 33 74 480 381 17 193 216 0 615 31 19 0 18 3000 762 140 39 1361 1073 53 110 9 71 0 36 33 177 232 1258 12 0 2073 15 30 12 252 58 0 1261 20 110 242 24 3000 424 37 251 69 3000 
73 111 152 0 0 0 2301 63 0 398 626 0 52 207 0 112 406 560 210 59 0 259 64 25 303 0 0 763 22 1578 0 0 21 10 13 1091 32 3000 0 0 1011 69 0 0 2848 17 11 223 0 318 0 96 3000 0 0 47 14 653 440 12 108 0 0 13 50 99 288 0 161 67 44 272 234 0 77 3000 8 23 174 24 
0 109 469 117 75 0 0 445 41 0 52 19 201 41 55 61 8 363 0 118 994 9 0 0 11 0 0 707 0 281 103 28 15 0 20 0 0 0 0 343 13 148 0 1865 76 0 0 0 148 0 40 178 0 80 0 59 8 26 33 0 0 0 10 48 26 32 333 130 0 0 35 585 0 30 1545 969 46 51 0 0 
40 65 1617 161 0 0 545 36 3000 1490 11 28 71 8 101 636 603 1025 125 45 75 818 229 0 297 763 707 0 255 279 0 0 8 1056 171 72 212 21 0 150 2589 371 0 1066 10 1689 371 204 1308 17 62 198 70 28 0 84 1242 78 359 31 114 0 69 165 52 142 46 0 0 36 135 944 351 1734 913 15 34 70 10 896 
16 86 89 0 0 0 0 2032 0 664 0 0 11 12 0 0 62 35 104 34 0 406 33 0 32 22 0 255 0 357 0 0 39 201 23 436 574 430 0 0 191 373 0 0 254 40 1021 2177 0 0 0 9 16 0 0 33 268 13 198 161 65 0 0 15 0 131 0 0 0 955 119 0 133 0 0 125 67 0 878 123 
29 1610 157 71 17 3000 112 29 356 81 789 1071 23 17 441 1183 312 8 11 202 57 282 776 17 31 1578 281 279 357 0 49 126 1399 1476 244 91 1304 2465 877 22 20 469 212 54 1216 106 52 320 52 9 125 75 241 39 1031 15 751 320 94 239 89 17 214 425 1546 55 591 37 75 81 108 387 109 118 346 975 735 218 266 2270 
0 2937 495 149 334 7 1162 0 102 0 203 400 47 0 919 48 62 49 0 2025 295 128 0 0 395 0 103 0 0 49 0 798 0 834 12 0 0 88 547 0 89 110 104 1950 282 0 0 0 385 12 36 165 0 20 17 22 1693 1374 3000 25 0 216 189 0 20 370 158 512 0 1941 0 52 0 20 149 515 0 595 0 0 
0 10 1063 12 12 32 127 0 15 568 875 202 61 0 18 8 51 21 0 240 28 0 0 0 33 0 28 0 0 126 798 0 0 13 17 8 0 252 16 0 220 0 76 7 3000 0 0 257 788 15 221 671 0 258 24 107 43 68 142 160 0 21 38 137 14 23 9 562 0 98 0 63 0 67 550 33 0 490 0 0 
17 9 354 26 0 0 0 261 1497 2263 39 7 15 1776 0 29 66 740 2318 491 107 44 12 0 74 21 15 8 39 1399 0 0 0 77 194 37 1796 1444 0 257 298 973 0 0 113 200 36 32 569 0 297 152 66 0 0 346 94 71 71 112 130 0 351 250 53 362 45 0 0 377 78 1264 82 0 17 187 84 0 118 246 
483 55 602 0 0 2319 41 113 0 37 19 0 11 211 0 581 11 56 69 104 0 2693 2650 7 480 10 0 1056 201 1476 834 13 77 0 84 180 8 110 359 0 497 0 121 33 270 10 8 96 0 53 0 82 1309 0 0 10 14 23 327 27 221 28 0 38 3000 22 68 2001 222 657 373 2362 57 0 22 10 443 9 70 18 
76 230 683 90 79 1817 23 13 19 134 3000 136 1739 10 406 12 32 23 63 281 61 108 368 269 381 13 20 171 23 244 12 17 194 84 0 340 177 21 34 3000 2032 327 621 71 33 37 68 480 10 40 3000 20 507 344 222 362 733 2286 23 11 16 18 120 3000 7 365 116 915 1668 1676 7 43 23 32 21 3000 26 437 289 88 
163 8 367 0 0 41 27 38 0 48 2303 0 16 545 0 238 3000 28 19 27 0 328 259 710 17 1091 0 72 436 91 0 8 37 180 340 0 41 214 1237 0 0 0 2353 0 77 145 86 2265 0 115 0 181 8 0 0 78 72 115 52 42 158 128 0 3000 454 13 22 60 136 48 91 12 418 0 996 18 963 66 99 16 
1073 1189 103 0 0 0 0 38 0 56 0 0 142 2837 0 0 0 71 11 15 0 17 201 0 193 32 0 212 574 1304 0 0 1796 8 177 41 0 9 0 0 434 1016 0 0 10 758 81 14 0 0 0 246 12 0 0 30 13 760 63 0 172 0 0 80 0 43 0 0 0 201 409 0 312 0 0 106 3000 0 1928 24 
20 20 512 0 0 2441 35 439 0 130 3000 0 461 177 25 23 279 238 17 124 0 431 39 785 216 3000 0 21 430 2465 88 252 1444 110 21 214 9 0 1520 0 3000 0 380 98 8 557 21 591 381 223 0 1530 35 80 23 10 26 359 69 97 255 449 0 147 292 158 60 31 281 390 26 866 388 380 313 125 274 99 173 35 
0 1578 1068 268 3000 256 167 0 0 705 1066 0 2286 0 302 202 80 3000 0 69 0 0 0 109 0 0 0 0 0 877 547 16 0 359 34 1237 0 1520 0 0 0 0 30 189 0 0 0 0 371 43 0 13 0 39 327 10 0 19 0 253 163 37 0 0 186 8 2384 319 157 14 0 153 0 174 62 0 0 280 0 0 
0 0 43 14 0 0 0 1023 17 0 41 74 684 215 58 0 326 51 0 92 750 31 0 0 615 0 343 150 0 22 0 0 257 0 3000 0 0 0 0 0 329 1369 0 46 0 0 0 0 500 0 133 643 0 191 0 0 39 187 16 0 0 0 3000 0 32 316 0 0 0 0 33 0 762 55 16 3000 110 0 35 171 
3000 270 9 71 0 0 0 145 76 0 1971 280 282 18 11 468 13 11 67 42 20 351 22 0 31 1011 13 2589 191 20 89 220 298 497 2032 0 434 3000 0 329 0 18 0 376 126 35 75 0 216 0 56 78 19 79 0 71 976 155 94 24 0 0 39 93 1834 34 88 37 0 51 152 334 327 71 34 60 202 7 72 218 
0 0 302 164 0 0 0 50 155 0 324 12 65 19 477 0 1200 587 0 31 59 14 0 0 19 69 148 371 373 469 110 0 973 0 327 0 1016 0 0 1369 18 0 0 234 10 238 39 0 369 0 233 278 0 157 0 1708 1031 529 10 0 0 0 749 1075 107 46 0 0 0 0 1423 0 24 106 46 141 130 0 1141 318 
0 82 10 115 264 39 18 0 0 0 899 0 31 0 718 484 127 112 0 0 0 0 0 0 0 0 0 0 0 212 104 76 0 121 621 2353 0 380 30 0 0 0 0 3000 0 0 0 0 679 1069 0 1642 0 217 21 32 0 3000 0 1035 0 14 0 0 2179 57 3000 142 7 1235 0 22 0 1122 35 0 0 111 0 0 
0 151 17 16 17 180 24 180 434 0 10 32 143 0 1212 1048 54 2260 0 3000 1451 83 0 0 18 0 1865 1066 0 54 1950 7 0 33 71 0 0 98 189 46 376 234 3000 0 22 0 0 0 15 0 121 1130 0 2175 3000 131 3000 192 62 132 0 442 25 109 284 28 69 20 0 37 35 9 0 1051 93 1101 189 74 0 0 
3000 200 55 235 0 2569 181 215 0 168 69 11 23 95 59 1109 46 12 34 59 284 1180 21 238 3000 2848 76 10 254 1216 282 3000 113 270 33 77 10 8 0 0 126 10 0 22 0 42 8 270 1707 67 58 12 11 323 0 598 40 288 46 134 90 230 45 562 322 252 261 325 280 42 270 9 18 14 8 300 75 14 100 240 
171 131 995 0 0 0 25 10 0 33 341 496 593 193 0 20 282 505 60 131 0 347 110 113 762 17 0 1689 40 106 0 0 200 10 37 145 758 557 0 0 35 238 0 0 42 0 40 228 386 13 0 95 161 0 0 400 50 980 141 3000 234 0 185 32 276 224 102 0 12 1882 1033 419 2853 0 56 19 31 8 648 1287 
18 151 106 0 0 0 12 905 0 864 23 292 12 124 0 48 134 47 3000 212 0 18 540 0 140 11 0 371 1021 52 0 0 36 8 68 86 81 21 0 0 75 39 0 0 8 40 0 91 1145 228 71 229 26 0 0 52 135 97 475 1634 173 0 167 28 396 52 44 0 0 1700 10 46 1985 0 63 11 302 275 11 7 
145 46 244 0 0 9 3000 89 0 954 323 0 22 145 0 573 70 15 1541 1140 0 17 3000 128 39 223 0 204 2177 320 0 257 32 96 480 2265 14 591 0 0 0 0 0 0 270 228 91 0 0 9 0 19 10 0 0 138 202 124 335 99 8 189 0 182 70 3000 91 353 87 68 1044 20 1541 0 107 341 411 109 22 473 
0 11 168 16 164 0 0 413 269 0 176 1107 250 7 17 34 221 323 0 19 36 10 0 0 1361 0 148 1308 0 52 385 788 569 0 10 0 0 381 371 500 216 369 679 15 1707 386 1145 0 0 0 118 211 0 212 181 311 164 47 1362 359 0 1843 3000 12 32 429 32 136 0 96 189 343 57 76 1600 21 25 503 353 0 
0 68 810 0 0 278 823 0 0 94 54 0 653 0 0 326 749 332 0 1591 0 0 88 31 1073 318 0 17 0 9 12 15 0 53 40 115 0 223 43 0 0 0 1069 0 67 13 228 9 0 0 0 75 268 0 14 14 0 10 0 160 2180 26 0 138 270 2239 77 40 59 38 0 14 0 0 255 0 2244 30 0 0 
0 0 3000 55 0 0 0 15 120 0 13 10 39 584 694 50 80 17 0 596 152 29 0 0 53 0 40 62 0 125 36 221 297 0 3000 0 0 0 0 133 56 233 0 121 58 0 71 0 118 0 0 11 0 558 0 56 88 247 23 0 0 0 28 11 25 75 0 0 0 0 117 0 550 514 557 3000 486 0 240 635 
143 46 42 3000 48 333 412 558 177 212 1063 466 368 1842 321 53 21 50 801 8 1164 78 462 0 110 96 178 198 9 75 165 671 152 82 20 181 246 1530 13 643 78 278 1642 1130 12 95 229 19 211 75 11 0 186 698 97 1812 117 215 112 171 7 14 473 23 3000 3000 103 87 0 15 639 252 8 14 440 402 14 461 18 64 
24 39 99 0 0 535 28 84 0 646 275 0 268 666 0 65 512 49 478 3000 0 270 17 10 9 3000 0 70 16 241 0 0 66 1309 507 8 12 35 0 0 19 0 0 0 11 161 26 10 0 268 0 186 0 0 0 906 19 24 29 118 40 104 0 56 568 1575 1272 0 988 18 166 38 3000 0 493 140 216 68 771 395 
0 1807 40 25 487 81 631 401 59 0 509 11 10 0 443 1001 164 1224 0 180 32 846 0 0 71 0 80 28 0 39 20 258 0 0 344 0 0 80 39 191 79 157 217 2175 323 0 0 0 212 0 558 698 0 0 1408 546 121 203 28 9 0 128 1109 32 199 57 108 3000 0 21 412 203 0 71 1602 270 223 50 0 0 
0 297 190 19 669 44 16 0 0 0 112 0 22 0 122 26 1538 167 0 0 0 0 0 0 0 0 0 0 0 1031 17 24 0 0 222 0 0 23 327 0 0 0 21 3000 0 0 0 0 181 14 0 97 0 1408 0 0 0 3000 0 1659 0 793 0 0 14 0 270 1014 0 33 0 617 0 72 1063 0 0 90 0 0 
27 99 132 7 0 17 240 13 0 17 1462 28 8 611 1055 884 1450 7 17 20 340 12 19 33 36 47 59 84 33 15 22 107 346 10 362 78 30 10 10 0 71 1708 32 131 598 400 52 138 311 14 56 1812 906 546 0 0 111 25 258 8 369 15 67 299 12 3000 107 410 23 20 31 25 8 15 728 58 149 211 22 40 
707 2501 11 21 0 0 0 96 137 331 17 544 8 1660 11 59 10 90 2542 2337 1022 174 89 0 33 14 8 1242 268 751 1693 43 94 14 733 72 13 26 0 39 976 1031 0 3000 40 50 135 202 164 0 88 117 19 121 0 111 0 102 223 112 0 0 1011 322 3000 40 29 62 0 1115 270 318 292 66 537 216 234 15 26 24 
952 138 214 10 318 98 9 46 83 999 475 261 1179 11 1547 24 163 8 60 186 80 154 603 0 177 653 26 78 13 320 1374 68 71 23 2286 115 760 359 19 187 155 529 3000 192 288 980 97 124 47 10 247 215 24 203 3000 25 102 0 39 23 660 25 14 689 72 44 79 1239 51 96 1951 300 145 1065 19 256 40 47 28 31 
135 528 40 240 0 0 0 43 34 162 153 282 61 48 32 33 30 1134 2692 471 573 504 684 0 232 440 33 359 198 94 3000 142 71 327 23 52 63 69 0 16 94 10 0 62 46 141 475 335 1362 0 23 112 29 28 0 258 223 39 0 256 0 0 12 57 32 660 63 126 0 8 79 486 18 9 63 412 59 29 1424 60 
2709 25 19 0 72 141 155 62 0 13 70 0 29 12 148 19 1697 105 344 60 0 37 43 801 1258 12 0 31 161 239 25 160 112 27 11 42 0 97 253 0 24 0 1035 132 134 3000 1634 99 359 160 0 171 118 9 1659 8 112 23 256 0 585 69 0 257 181 18 636 24 121 19 76 546 27 168 13 23 46 48 20 25 
374 205 2249 0 0 280 359 0 0 277 0 0 0 2149 0 367 0 3000 411 11 0 0 1224 431 12 108 0 114 65 89 0 0 130 221 16 158 172 255 163 0 0 0 0 0 90 234 173 8 0 2180 0 7 40 0 0 369 0 660 0 585 0 19 0 571 177 24 96 712 57 527 302 3000 162 0 0 857 865 188 154 226 
0 269 965 368 584 11 24 0 0 39 44 0 44 0 3000 42 18 942 0 17 0 0 0 707 0 0 0 0 0 17 216 21 0 28 18 128 0 449 37 0 0 0 14 442 230 0 0 189 1843 26 0 14 104 128 793 15 0 25 0 69 19 0 0 37 109 15 67 62 377 254 0 775 0 1740 1468 0 0 13 0 0 
0 460 199 3000 50 0 0 570 576 0 81 70 312 34 576 90 18 167 0 77 335 105 0 0 2073 0 10 69 0 214 189 38 351 0 120 0 0 0 0 3000 39 749 0 25 45 185 167 0 3000 0 28 473 0 1109 0 67 1011 14 12 0 0 0 0 153 29 2311 8 0 0 0 407 17 52 103 19 114 18 191 9 17 
14 77 44 26 0 12 21 30 0 3000 29 21 317 590 88 197 62 533 622 2458 1127 242 39 79 15 13 48 165 15 425 0 137 250 38 3000 3000 80 147 0 0 93 1075 0 109 562 32 28 182 12 138 11 23 56 32 0 299 322 689 57 257 571 37 153 0 471 98 590 37 1403 63 144 106 38 135 24 8 96 3000 226 56 
0 850 1413 13 56 42 9 18 1140 2447 144 37 427 614 14 39 117 17 0 2730 143 439 0 120 30 50 26 52 0 1546 20 14 53 3000 7 454 0 292 186 32 1834 107 2179 284 322 276 396 70 32 270 25 3000 568 199 14 12 3000 72 32 181 177 109 29 471 0 1278 152 3000 187 15 194 43 0 10 14 1025 159 917 271 0 
42 9 198 12 8 70 85 8 545 9 51 28 244 49 629 2905 72 8 817 10 113 556 30 0 12 99 32 142 131 55 370 23 362 22 365 13 43 158 8 316 34 46 57 28 252 224 52 3000 429 2239 75 3000 1575 57 0 3000 40 44 660 18 24 15 2311 98 1278 0 33 1132 0 239 53 34 199 121 64 807 221 48 78 269 
0 16 879 143 187 13 90 96 0 25 39 645 301 103 171 680 53 422 0 100 20 828 26 112 252 288 333 46 0 591 158 9 45 68 116 22 0 60 2384 0 88 0 3000 69 261 102 44 91 32 77 0 103 1272 108 270 107 29 79 63 636 96 67 8 590 152 33 0 153 1264 634 27 49 0 770 11 312 306 100 11 0 
0 49 14 8 818 676 9 0 0 1687 20 67 133 0 761 66 61 643 0 113 388 0 0 231 58 0 130 0 0 37 512 562 0 2001 915 60 0 31 319 0 37 0 142 20 325 0 0 353 136 40 0 87 0 3000 1014 410 62 1239 126 24 712 62 0 37 3000 1132 153 0 79 993 0 136 0 207 114 14 0 36 0 0 
0 677 19 0 0 12 14 0 0 22 0 0 0 0 0 50 0 30 0 2010 0 0 19 379 0 161 0 0 0 75 0 0 0 222 1668 136 0 281 157 0 0 0 7 0 280 12 0 87 0 59 0 0 988 0 0 23 0 51 0 121 57 377 0 1403 187 0 1264 79 0 41 0 649 0 0 0 0 0 10 0 0 
241 131 484 721 0 82 13 90 0 215 54 33 22 38 2144 95 29 602 11 1947 0 32 28 10 1261 67 0 36 955 81 1941 98 377 657 1676 48 201 390 14 0 51 0 1235 37 42 1882 1700 68 96 38 0 15 18 21 33 20 1115 96 8 19 527 254 0 63 15 239 634 993 41 0 1717 94 158 16 169 8 202 1371 15 559 
280 8 1792 8 0 0 0 45 10 902 967 15 57 109 0 63 208 26 73 367 2105 69 41 0 20 44 35 135 119 108 0 0 78 373 7 91 409 26 0 33 152 1423 0 35 270 1033 10 1044 189 0 117 639 166 412 0 31 270 1951 79 76 302 0 407 144 194 53 27 0 0 1717 0 647 416 607 1129 342 316 387 53 1880 
0 38 436 25 786 263 16 328 0 190 102 42 13 13 40 78 107 75 18 776 1101 33 42 19 110 272 585 944 0 387 52 63 1264 2362 43 12 0 866 153 0 334 0 22 9 9 419 46 20 343 14 0 252 38 203 617 25 318 300 486 546 3000 775 17 106 43 34 49 136 649 94 647 0 89 3000 22 14 128 527 30 725 
173 8 98 0 0 0 0 48 215 28 100 868 24 97 0 1516 1163 85 107 542 0 415 96 0 242 234 0 351 133 109 0 0 82 57 23 418 312 388 0 762 327 24 0 0 18 2853 1985 1541 57 0 550 8 3000 0 0 8 292 145 18 27 162 0 52 38 0 199 0 0 0 158 416 89 0 0 323 324 217 0 110 3000 
0 505 274 54 93 0 0 24 12 0 30 1210 46 3000 83 370 16 13 0 2855 167 175 0 0 24 0 30 1734 0 118 20 67 0 0 32 0 0 380 174 55 71 106 1122 1051 14 0 0 0 76 0 514 14 0 71 72 15 66 1065 9 168 0 1740 103 135 10 121 770 207 0 16 607 3000 0 0 49 24 92 59 0 0 
0 829 90 8 54 927 434 515 635 31 906 149 96 24 2530 109 3000 366 0 56 66 815 0 0 3000 77 1545 913 0 346 149 550 17 22 21 996 0 313 62 16 34 46 35 93 8 56 63 107 1600 255 557 440 493 1602 1063 728 537 19 63 13 0 1468 19 24 14 64 11 114 0 169 1129 22 323 49 0 1962 1330 257 67 428 
59 13 761 1751 0 0 34 64 92 9 203 69 530 1589 25 114 34 203 23 232 41 53 54 0 424 3000 969 15 125 975 515 33 187 10 3000 18 106 125 0 3000 60 141 0 1101 300 19 11 341 21 0 3000 402 140 270 0 58 216 256 412 23 857 0 114 8 1025 807 312 14 0 8 342 14 324 24 1962 0 43 152 357 26 
50 79 10 361 0 0 10 43 161 664 748 562 9 516 0 17 147 277 273 720 241 49 74 0 37 8 46 34 67 735 0 0 84 443 26 963 3000 274 0 110 202 130 0 189 75 31 302 411 25 2244 486 14 216 223 0 149 234 40 59 46 865 0 18 96 159 221 306 0 0 202 316 128 217 92 1330 43 0 17 152 204 
0 138 28 1524 450 9 19 496 0 43 120 3000 1603 10 10 52 35 39 0 2245 17 98 174 10 251 23 51 70 0 218 595 490 0 9 437 66 0 99 280 0 7 0 111 74 14 8 275 109 503 30 0 461 68 50 90 211 15 47 29 48 188 13 191 3000 917 48 100 36 10 1371 387 527 0 59 257 152 17 0 66 0 
640 8 76 86 0 0 0 35 0 10 431 31 214 16 0 25 3000 322 219 240 0 14 1164 0 69 174 0 10 878 266 0 0 118 70 289 99 1928 173 0 35 72 1141 0 0 100 648 11 22 353 0 240 18 771 0 0 22 26 28 1424 20 154 0 9 226 271 78 11 0 0 15 53 30 110 0 67 357 152 66 0 147 
651 550 2561 0 0 0 0 543 0 24 0 126 17 784 0 18 298 28 73 82 0 55 58 0 3000 24 0 896 123 2270 0 0 246 18 88 16 24 35 0 171 218 318 0 0 240 1287 7 473 0 0 635 64 395 0 0 40 24 31 60 25 226 0 17 56 0 269 0 0 0 559 1880 725 3000 0 428 26 204 0 147 0 
