80
0 65 39 47 86 77 54 92 52 51 24 44 17 18 57 70 61 85 37 87 99 37 51 46 59 74 46 61 58 51 44 23 79 90 89 63 90 77 81 84 51 68 87 65 59 82 29 52 77 5 54 54 38 43 42 82 35 34 65 56 59 48 64 52 65 28 50 65 54 64 41 63 38 84 96 11 36 58 83 39 
65 0 32 18 21 73 48 39 25 23 74 59 75 77 8 40 77 76 98 52 36 36 63 50 32 9 21 50 11 35 34 52 75 62 43 76 81 47 19 21 43 49 24 14 28 21 58 25 18 62 52 64 98 29 76 27 62 44 24 44 80 56 81 36 79 91 30 73 34 56 50 7 27 35 38 60 40 19 37 26 
39 32 0 16 52 54 25 52 34 12 43 55 45 47 26 33 49 59 67 51 61 30 35 50 45 40 22 31 29 41 7 37 56 56 50 49 65 41 44 47 48 35 49 38 20 44 46 35 39 35 27 37 67 4 45 43 31 36 26 52 52 55 54 16 53 61 37 48 17 36 20 33 16 44 56 31 9 19 44 12 
47 18 16 0 39 66 38 49 21 14 56 48 57 59 11 39 64 71 80 55 53 23 50 41 31 27 9 42 14 29 21 36 68 63 50 64 76 47 35 37 37 44 40 23 24 36 44 22 31 44 41 52 80 14 60 38 46 31 26 40 67 47 69 27 67 72 25 62 26 48 36 18 10 43 51 42 24 17 44 8 
86 21 52 39 0 87 64 36 40 42 94 73 96 98 28 51 93 88 119 58 23 54 81 65 42 12 40 65 29 48 53 71 88 69 45 92 91 57 16 14 56 62 17 25 43 19 76 40 21 82 68 81 119 49 95 27 82 62 37 55 98 70 98 54 96 111 45 88 51 70 69 23 48 37 31 81 60 36 41 47 
77 73 54 66 87 0 29 60 87 53 61 107 70 71 74 36 23 8 81 37 81 84 27 103 98 78 75 24 78 95 47 87 2 28 51 20 13 31 71 74 101 25 73 86 46 69 97 88 66 73 27 23 81 53 43 62 43 89 50 105 28 109 24 39 21 81 90 15 41 18 38 78 69 54 68 66 49 55 50 66 
54 48 25 38 64 29 0 48 58 25 45 79 52 54 46 21 29 35 70 35 65 55 17 74 69 54 46 7 50 65 18 59 31 36 42 28 40 25 51 54 72 14 54 59 21 49 69 59 45 49 4 17 69 24 35 44 26 60 28 76 34 80 34 11 32 66 61 25 14 11 13 51 40 40 55 43 20 29 38 36 
92 39 52 49 36 60 48 0 63 41 91 96 96 98 45 28 74 59 116 24 22 72 65 88 70 35 56 45 49 73 48 85 61 36 10 72 61 29 22 23 81 38 20 52 33 19 93 64 21 87 52 63 116 49 84 12 73 80 26 83 80 94 78 42 75 111 69 67 40 49 59 45 59 8 9 83 56 34 11 55 
52 25 34 21 40 87 58 63 0 34 68 34 66 68 18 58 83 92 88 74 60 16 70 25 11 31 12 63 14 10 41 32 89 82 67 84 97 67 44 45 18 64 49 15 44 46 36 1 43 50 61 71 89 34 76 51 62 22 44 20 86 31 88 48 87 80 6 82 46 69 54 19 20 58 63 51 42 36 60 23 
51 23 12 14 42 53 25 41 34 0 54 61 57 59 21 26 54 58 79 42 50 35 40 54 44 30 22 29 25 43 11 45 55 49 40 53 63 34 32 36 50 30 37 33 11 32 55 35 28 47 29 41 79 8 53 31 40 43 15 53 57 60 59 14 57 72 38 50 13 35 27 26 20 33 45 43 18 8 33 16 
24 74 43 56 94 61 45 91 68 54 0 67 10 10 67 65 40 69 26 80 103 55 34 68 77 82 58 51 69 69 43 45 62 79 86 43 74 69 86 89 72 59 91 78 58 86 52 69 81 22 43 38 25 46 20 84 19 54 66 77 37 71 43 48 44 21 67 46 51 51 32 74 49 82 96 18 35 61 81 49 
44 59 55 48 73 107 79 96 34 61 67 0 61 62 51 86 97 114 79 103 94 25 84 9 32 65 40 85 48 25 62 22 109 110 98 98 119 94 78 79 19 89 83 49 71 80 15 34 76 45 81 87 80 57 83 84 71 18 74 21 97 6 101 71 101 70 29 98 71 90 70 53 41 91 96 50 59 65 92 45 
17 75 45 57 96 70 52 96 66 57 10 61 0 2 68 71 50 78 23 87 107 52 43 62 74 84 58 59 69 66 47 40 72 87 92 53 83 76 89 92 68 66 94 77 63 89 46 67 84 17 50 47 23 49 29 88 27 50 70 73 47 65 53 54 54 16 65 56 56 60 39 74 49 88 101 16 39 65 86 49 
18 77 47 59 98 71 54 98 68 59 10 62 2 0 70 73 51 79 21 89 109 54 45 64 76 86 60 60 71 68 49 41 73 89 94 54 84 78 91 94 69 68 96 79 65 91 47 68 86 18 52 48 21 51 30 90 29 51 72 74 48 66 53 55 55 14 66 57 58 61 41 76 51 89 103 17 41 67 88 51 
57 8 26 11 28 74 46 45 18 21 67 51 68 70 0 42 74 77 91 56 45 28 60 43 26 17 12 50 5 28 30 43 75 65 49 74 82 50 27 29 36 50 32 13 28 29 50 19 25 54 50 61 91 24 71 33 57 36 27 38 77 49 79 35 77 83 23 71 33 55 46 6 19 40 45 53 35 19 42 19 
70 40 33 39 51 36 21 28 58 26 65 86 71 73 42 0 47 37 90 17 46 61 37 80 68 43 47 17 47 68 27 70 37 24 21 45 41 8 35 38 75 11 38 53 15 33 79 59 30 66 24 35 90 30 56 26 47 68 16 78 52 86 51 18 48 86 63 40 17 21 33 46 46 20 35 60 34 23 17 42 
61 77 49 64 93 23 29 74 83 54 40 97 50 51 74 47 0 31 59 55 93 77 14 94 94 83 71 30 78 89 44 75 24 49 66 3 35 46 80 83 95 36 83 87 50 78 84 84 75 57 25 13 58 50 21 72 26 80 57 99 6 99 5 40 4 59 86 9 43 26 29 80 64 67 82 50 41 58 64 61 
85 76 59 71 88 8 35 59 92 58 69 114 78 79 77 37 31 0 89 34 80 90 35 109 102 80 80 29 82 100 52 94 7 24 49 27 5 31 72 75 107 28 74 89 49 70 103 93 67 80 33 31 89 58 51 62 51 95 53 110 36 115 32 44 29 89 95 23 45 24 45 82 75 53 67 74 55 58 49 71 
37 98 67 80 119 81 70 116 88 79 26 79 23 21 91 90 59 89 0 105 128 74 57 82 96 106 81 76 92 88 69 60 83 103 111 62 94 94 111 114 88 83 116 100 84 111 64 89 106 38 67 61 1 71 38 109 44 71 91 93 54 84 60 74 62 9 87 66 76 75 58 97 72 108 122 38 61 86 106 72 
87 52 51 55 58 37 35 24 74 42 80 103 87 89 56 17 55 34 105 0 46 78 49 96 83 53 63 29 61 83 44 87 37 12 15 52 37 11 41 44 91 22 42 66 32 39 97 74 38 83 37 46 104 48 69 30 61 85 30 94 60 102 58 35 55 102 79 47 34 31 48 59 63 21 33 77 51 38 17 59 
99 36 61 53 23 81 65 22 60 50 103 94 107 109 45 46 93 80 128 46 0 72 82 85 64 29 57 63 47 69 60 88 82 58 31 91 83 49 18 15 77 58 13 45 46 17 95 60 22 96 69 81 128 58 100 21 88 80 38 77 98 91 97 57 94 122 65 86 54 68 73 41 63 27 13 92 68 42 31 60 
37 36 30 23 54 84 55 72 16 35 55 25 52 54 28 61 77 90 74 78 72 0 63 19 22 44 16 61 26 14 38 17 86 85 73 78 95 69 55 57 18 65 60 30 46 57 22 16 53 35 58 66 74 32 66 60 53 8 49 23 78 25 81 46 80 65 13 77 46 66 48 31 15 66 73 37 36 40 67 19 
51 63 35 50 81 27 17 65 70 40 34 84 43 45 60 37 14 35 57 49 82 63 0 81 80 70 57 21 64 75 30 62 29 46 58 14 40 39 68 71 81 28 72 73 38 67 72 70 63 46 14 4 57 36 20 62 16 67 45 86 17 86 19 27 17 55 72 14 30 19 15 66 50 57 73 40 28 45 54 47 
46 50 50 41 65 103 74 88 25 54 68 9 62 64 43 80 94 109 82 96 85 19 81 0 24 56 33 80 39 16 57 23 105 104 91 96 114 88 69 71 10 84 74 40 65 71 19 25 68 46 76 84 83 51 82 76 69 15 67 13 95 6 99 66 98 73 20 95 65 85 67 44 35 83 88 50 55 58 84 39 
59 32 45 31 42 98 69 70 11 44 77 32 74 76 26 68 94 102 96 83 64 22 80 24 0 36 23 74 22 9 51 38 99 92 74 94 107 76 49 50 14 75 54 19 54 52 39 10 49 58 72 82 97 45 86 58 73 27 53 13 96 28 99 58 98 87 10 93 57 79 65 25 30 66 68 59 53 45 68 33 
74 9 40 27 12 78 54 35 31 30 82 65 84 86 17 43 83 80 106 53 29 44 70 56 36 0 29 55 18 40 42 60 79 64 42 82 84 50 14 15 48 53 18 17 33 17 66 31 15 71 58 70 107 37 84 24 70 52 27 49 87 62 88 43 85 99 37 78 40 61 57 13 36 33 33 69 48 25 36 35 
46 21 22 9 40 75 46 56 12 22 58 40 58 60 12 47 71 80 81 63 57 16 57 33 23 29 0 51 12 20 28 31 76 71 58 71 85 56 39 42 28 53 45 19 33 41 38 13 37 43 49 59 81 22 65 44 51 24 34 31 74 39 76 35 75 73 16 70 34 56 42 17 9 50 57 42 30 25 51 11 
61 50 31 42 65 24 7 45 63 29 51 85 59 60 50 17 30 29 76 29 63 61 21 80 74 55 51 0 54 71 24 66 26 29 38 28 34 19 50 54 78 8 53 62 22 49 76 64 45 57 8 18 75 30 40 43 32 67 28 82 35 86 34 15 31 73 67 24 17 6 20 55 46 37 52 50 27 31 34 42 
58 11 29 14 29 78 50 49 14 25 69 48 69 71 5 47 78 82 92 61 47 26 64 39 22 18 12 54 0 24 34 42 80 70 53 78 87 55 30 32 32 54 35 9 33 32 48 14 29 55 54 65 92 28 74 37 60 34 31 33 81 45 83 39 81 84 19 75 37 60 49 6 20 45 49 54 38 24 47 20 
51 35 41 29 48 95 65 73 10 43 69 25 66 68 28 68 89 100 88 83 69 14 75 16 9 40 20 71 24 0 48 29 96 91 76 90 105 76 54 55 8 73 58 24 53 56 30 9 53 50 68 78 88 42 80 61 66 18 53 11 91 22 94 56 93 79 5 88 55 76 60 28 26 68 72 52 48 45 70 29 
44 34 7 21 53 47 18 48 41 11 43 62 47 49 30 27 44 52 69 44 60 38 30 57 51 42 28 24 34 48 0 44 49 49 46 44 58 34 43 46 55 27 48 43 16 43 53 42 38 39 21 31 69 6 42 40 29 44 23 58 47 62 49 9 47 63 44 41 10 29 16 37 23 40 54 34 8 18 39 19 
23 52 37 36 71 87 59 85 32 45 45 22 40 41 43 70 75 94 60 87 88 17 62 23 38 60 31 66 42 29 44 0 89 93 85 76 99 78 70 73 28 71 75 47 56 72 10 33 67 23 61 66 61 40 60 74 49 11 60 33 75 26 79 53 79 51 29 77 54 70 49 48 26 78 87 28 39 52 79 30 
79 75 56 68 88 2 31 61 89 55 62 109 72 73 75 37 24 7 83 37 82 86 29 105 99 79 76 26 80 96 49 89 0 28 51 21 11 32 72 75 103 26 74 87 47 70 99 90 67 75 28 25 82 55 45 62 45 91 52 107 30 110 25 41 22 83 92 16 42 20 40 80 71 54 69 68 50 56 51 67 
90 62 56 63 69 28 36 36 82 49 79 110 87 89 65 24 49 24 103 12 58 85 46 104 92 64 71 29 70 91 49 93 28 0 26 46 25 16 53 55 99 22 53 76 39 50 102 83 49 85 37 43 103 53 66 42 60 92 39 102 55 109 51 40 48 101 87 41 39 28 49 69 69 32 44 79 55 47 29 65 
89 43 50 50 45 51 42 10 67 40 86 98 92 94 49 21 66 49 111 15 31 73 58 91 74 42 58 38 53 76 46 85 51 26 0 64 51 20 29 31 85 31 28 57 30 26 94 67 26 85 45 56 111 47 77 18 68 81 25 86 72 97 70 38 67 107 72 59 36 41 54 50 59 8 18 80 53 34 7 56 
63 76 49 64 92 20 28 72 84 53 43 98 53 54 74 45 3 27 62 52 91 78 14 96 94 82 71 28 78 90 44 76 21 46 64 0 32 44 78 82 96 34 81 86 49 77 86 85 73 59 24 12 61 50 24 71 28 81 56 100 9 100 6 39 3 63 86 5 42 23 30 79 64 64 80 52 42 57 61 61 
90 81 65 76 91 13 40 61 97 63 74 119 83 84 82 41 35 5 94 37 83 95 40 114 107 84 85 34 87 105 58 99 11 25 51 32 0 35 75 78 112 32 77 94 54 73 109 98 71 86 38 36 93 63 56 65 56 101 57 116 40 120 35 49 32 94 100 28 50 29 50 86 80 56 69 79 60 63 52 76 
77 47 41 47 57 31 25 29 67 34 69 94 76 78 50 8 46 31 94 11 49 69 39 88 76 50 56 19 55 76 34 78 32 16 20 44 35 0 41 43 84 11 42 61 23 38 87 68 36 72 27 36 94 38 59 30 51 76 24 87 52 94 50 25 47 91 71 39 24 21 37 54 54 22 37 66 41 31 19 50 
81 19 44 35 16 71 51 22 44 32 86 78 89 91 27 35 80 72 111 41 18 55 68 69 49 14 39 50 30 54 43 70 72 53 29 78 75 41 0 4 62 46 5 31 30 3 77 44 5 78 55 67 111 40 84 11 71 63 23 62 84 75 84 41 81 105 50 74 38 56 57 25 45 21 19 74 51 25 24 42 
84 21 47 37 14 74 54 23 45 36 89 79 92 94 29 38 83 75 114 44 15 57 71 71 50 15 42 54 32 55 46 73 75 55 31 82 78 43 4 0 63 49 3 32 33 5 79 46 9 80 58 71 114 43 87 13 75 65 26 63 88 76 88 45 85 108 51 77 42 59 61 27 47 23 19 78 54 28 27 45 
51 43 48 37 56 101 72 81 18 50 72 19 68 69 36 75 95 107 88 91 77 18 81 10 14 48 28 78 32 8 55 28 103 99 85 96 112 84 62 63 0 80 66 31 61 64 27 17 61 51 75 84 89 48 84 69 71 18 61 5 96 14 99 63 99 79 13 95 62 83 66 36 32 76 80 54 54 53 78 36 
68 49 35 44 62 25 14 38 64 30 59 89 66 68 50 11 36 28 83 22 58 65 28 84 75 53 53 8 54 73 27 71 26 22 31 34 32 11 46 49 80 0 49 62 21 44 81 65 41 63 16 25 83 33 47 37 40 71 25 84 41 89 40 18 37 80 69 29 18 10 27 54 49 31 46 57 33 30 28 45 
87 24 49 40 17 73 54 20 49 37 91 83 94 96 32 38 83 74 116 42 13 60 72 74 54 18 45 53 35 58 48 75 74 53 28 81 77 42 5 3 66 49 0 35 34 5 82 49 10 83 58 71 116 45 88 12 76 68 27 67 88 80 87 45 85 110 54 77 42 59 62 30 50 21 15 80 55 30 25 48 
65 14 38 23 25 86 59 52 15 33 78 49 77 79 13 53 87 89 100 66 45 30 73 40 19 17 19 62 9 24 43 47 87 76 57 86 94 61 31 32 31 62 35 0 40 33 52 16 31 62 62 74 100 37 83 40 69 38 38 32 90 45 91 47 90 92 21 83 45 68 58 8 28 48 50 62 47 31 51 29 
59 28 20 24 43 46 21 33 44 11 58 71 63 65 28 15 50 49 84 32 46 46 38 65 54 33 33 22 33 53 16 56 47 39 30 49 54 23 30 33 61 21 34 40 0 29 65 45 25 55 25 38 84 17 54 25 42 53 8 64 55 71 55 11 53 78 48 45 8 28 28 33 31 25 38 50 24 9 24 27 
82 21 44 36 19 69 49 19 46 32 86 80 89 91 29 33 78 70 111 39 17 57 67 71 52 17 41 49 32 56 43 72 70 50 26 77 73 38 3 5 64 44 5 33 29 0 79 47 5 78 53 66 111 40 83 9 71 65 22 65 83 77 83 40 80 105 52 72 37 54 57 28 46 18 17 75 50 25 22 43 
29 58 46 44 76 97 69 93 36 55 52 15 46 47 50 79 84 103 64 97 95 22 72 19 39 66 38 76 48 30 53 10 99 102 94 86 109 87 77 79 27 81 82 52 65 79 0 36 75 30 70 75 65 49 69 82 58 14 69 31 84 20 88 63 88 55 32 86 63 80 59 54 35 87 95 36 49 61 87 38 
52 25 35 22 40 88 59 64 1 35 69 34 67 68 19 59 84 93 89 74 60 16 70 25 10 31 13 64 14 9 42 33 90 83 67 85 98 68 44 46 17 65 49 16 45 47 36 0 43 51 62 72 89 35 77 52 63 22 45 19 87 31 89 49 88 80 5 83 47 70 55 19 21 59 63 51 43 37 61 23 
77 18 39 31 21 66 45 21 43 28 81 76 84 86 25 30 75 67 106 38 22 53 63 68 49 15 37 45 29 53 38 67 67 49 26 73 71 36 5 9 61 41 10 31 25 5 75 43 0 73 49 62 106 36 79 9 66 61 17 62 79 74 79 36 76 100 48 69 33 50 52 25 41 18 20 70 46 20 21 39 
5 62 35 44 82 73 49 87 50 47 22 45 17 18 54 66 57 80 38 83 96 35 46 46 58 71 43 57 55 50 39 23 75 85 85 59 86 72 78 80 51 63 83 62 55 78 30 51 73 0 49 50 39 39 39 78 31 33 61 56 56 49 60 48 61 30 48 60 49 59 37 60 35 79 91 7 32 54 79 36 
54 52 27 41 68 27 4 52 61 29 43 81 50 52 50 24 25 33 67 37 69 58 14 76 72 58 49 8 54 68 21 61 28 37 45 24 38 27 55 58 75 16 58 62 25 53 70 62 49 49 0 13 67 27 32 48 24 63 32 79 30 82 30 15 28 64 64 21 18 10 12 55 43 44 59 43 22 33 41 39 
54 64 37 52 81 23 17 63 71 41 38 87 47 48 61 35 13 31 61 46 81 66 4 84 82 70 59 18 65 78 31 66 25 43 56 12 36 36 67 71 84 25 71 74 38 66 75 72 62 50 13 0 60 37 23 60 20 69 45 88 17 89 18 27 16 59 74 11 30 16 17 67 52 55 71 43 30 45 52 49 
38 98 67 80 119 81 69 116 89 79 25 80 23 21 91 90 58 89 1 104 128 74 57 83 97 107 81 75 92 88 69 61 82 103 111 61 93 94 111 114 89 83 116 100 84 111 65 89 106 39 67 60 0 71 38 109 43 71 91 94 53 84 59 73 61 10 87 66 76 75 57 97 72 108 122 38 61 86 106 72 
43 29 4 14 49 53 24 49 34 8 46 57 49 51 24 30 50 58 71 48 58 32 36 51 45 37 22 30 28 42 6 40 55 53 47 50 63 38 40 43 48 33 45 37 17 40 49 35 36 39 27 37 71 0 47 39 33 38 22 52 53 57 55 14 53 65 37 48 14 35 22 31 17 41 53 35 11 16 40 13 
42 76 45 60 95 43 35 84 76 53 20 83 29 30 71 56 21 51 38 69 100 66 20 82 86 84 65 40 74 80 42 60 45 66 77 24 56 59 84 87 84 47 88 83 54 83 69 77 79 39 32 23 38 47 0 79 14 67 62 89 18 86 23 43 25 38 77 28 46 38 27 77 56 76 91 33 36 60 73 54 
82 27 43 38 27 62 44 12 51 31 84 84 88 90 33 26 72 62 109 30 21 60 62 76 58 24 44 43 37 61 40 74 62 42 18 71 65 30 11 13 69 37 12 40 25 9 82 52 9 78 48 60 109 39 79 0 67 68 18 71 77 82 77 36 74 103 57 66 33 47 53 33 48 10 13 74 48 24 13 45 
35 62 31 46 82 43 26 73 62 40 19 71 27 29 57 47 26 51 44 61 88 53 16 69 73 70 51 32 60 66 29 49 45 60 68 28 56 51 71 75 71 40 76 69 42 71 58 63 66 31 24 20 43 33 14 67 0 55 50 76 26 74 30 31 30 40 63 30 34 32 14 64 42 65 80 24 22 47 63 40 
34 44 36 31 62 89 60 80 22 43 54 18 50 51 36 68 80 95 71 85 80 8 67 15 27 52 24 67 34 18 44 11 91 92 81 81 101 76 63 65 18 71 68 38 53 65 14 22 61 33 63 69 71 38 67 68 55 0 56 23 81 19 84 53 84 62 18 81 53 72 52 39 22 74 81 36 41 48 74 26 
65 24 26 26 37 50 28 26 44 15 66 74 70 72 27 16 57 53 91 30 38 49 45 67 53 27 34 28 31 53 23 60 52 39 25 56 57 24 23 26 61 25 27 38 8 22 69 45 17 61 32 45 91 22 62 18 50 56 0 64 62 73 62 19 59 86 49 52 16 34 35 30 34 18 31 57 31 9 18 31 
56 44 52 40 55 105 76 83 20 53 77 21 73 74 38 78 99 110 93 94 77 23 86 13 13 49 31 82 33 11 58 33 107 102 86 100 116 87 62 63 5 84 67 32 64 65 31 19 62 56 79 88 94 52 89 71 76 23 64 0 101 16 104 66 103 84 15 99 65 87 70 37 36 78 81 59 58 56 80 40 
59 80 52 67 98 28 34 80 86 57 37 97 47 48 77 52 6 36 54 60 98 78 17 95 96 87 74 35 81 91 47 75 30 55 72 9 40 52 84 88 96 41 88 90 55 83 84 87 79 56 30 17 53 53 18 77 26 81 62 101 0 100 5 44 8 55 87 14 47 31 31 83 66 72 87 49 44 62 69 63 
48 56 55 47 70 109 80 94 31 60 71 6 65 66 49 86 99 115 84 102 91 25 86 6 28 62 39 86 45 22 62 26 110 109 97 100 120 94 75 76 14 89 80 45 71 77 20 31 74 49 82 89 84 57 86 82 74 19 73 16 100 0 104 71 103 74 26 100 71 91 72 50 40 89 94 54 60 64 90 44 
64 81 54 69 98 24 34 78 88 59 43 101 53 53 79 51 5 32 60 58 97 81 19 99 99 88 76 34 83 94 49 79 25 51 70 6 35 50 84 88 99 40 87 91 55 83 88 89 79 60 30 18 59 55 23 77 30 84 62 104 5 104 0 45 3 61 90 11 48 29 34 85 69 71 86 54 46 63 67 66 
52 36 16 27 54 39 11 42 48 14 48 71 54 55 35 18 40 44 74 35 57 46 27 66 58 43 35 15 39 56 9 53 41 40 38 39 49 25 41 45 63 18 45 47 11 40 63 49 36 48 15 27 73 14 43 36 31 53 19 66 44 71 45 0 43 69 51 36 3 21 17 40 31 34 48 42 16 18 32 27 
65 79 53 67 96 21 32 75 87 57 44 101 54 55 77 48 4 29 62 55 94 80 17 98 98 85 75 31 81 93 47 79 22 48 67 3 32 47 81 85 99 37 85 90 53 80 88 88 76 61 28 16 61 53 25 74 30 84 59 103 8 103 3 43 0 63 89 8 45 26 33 83 67 68 83 54 45 61 64 64 
28 91 61 72 111 81 66 111 80 72 21 70 16 14 83 86 59 89 9 102 122 65 55 73 87 99 73 73 84 79 63 51 83 101 107 63 94 91 105 108 79 80 110 92 78 105 55 80 100 30 64 59 10 65 38 103 40 62 86 84 55 74 61 69 63 0 78 66 71 73 54 89 64 103 116 31 55 80 101 65 
50 30 37 25 45 90 61 69 6 38 67 29 65 66 23 63 86 95 87 79 65 13 72 20 10 37 16 67 19 5 44 29 92 87 72 86 100 71 50 51 13 69 54 21 48 52 32 5 48 48 64 74 87 37 77 57 63 18 49 15 87 26 90 51 89 78 0 85 50 72 57 24 22 64 68 50 44 40 65 25 
65 73 48 62 88 15 25 67 82 50 46 98 56 57 71 40 9 23 66 47 86 77 14 95 93 78 70 24 75 88 41 77 16 41 59 5 28 39 74 77 95 29 77 83 45 72 86 83 69 60 21 11 66 48 28 66 30 81 52 99 14 100 11 36 8 66 85 0 39 19 28 77 63 60 75 54 41 54 56 60 
54 34 17 26 51 41 14 40 46 13 51 71 56 58 33 17 43 45 76 34 54 46 30 65 57 40 34 17 37 55 10 54 42 39 36 42 50 24 38 42 62 18 42 45 8 37 63 47 33 49 18 30 76 14 46 33 34 53 16 65 47 71 48 3 45 71 50 39 0 22 20 38 31 31 46 44 18 15 30 27 
64 56 36 48 70 18 11 49 69 35 51 90 60 61 55 21 26 24 75 31 68 66 19 85 79 61 56 6 60 76 29 70 20 28 41 23 29 21 56 59 83 10 59 68 28 54 80 70 50 59 10 16 75 35 38 47 32 72 34 87 31 91 29 21 26 73 72 19 22 0 22 60 51 41 57 53 31 37 38 47 
41 50 20 36 69 38 13 59 54 27 32 70 39 41 46 33 29 45 58 48 73 48 15 67 65 57 42 20 49 60 16 49 40 49 54 30 50 37 57 61 66 27 62 58 28 57 59 55 52 37 12 17 57 22 27 53 14 52 35 70 31 72 34 17 33 54 57 28 20 22 0 52 35 51 65 30 12 33 48 32 
63 7 33 18 23 78 51 45 19 26 74 53 74 76 6 46 80 82 97 59 41 31 66 44 25 13 17 55 6 28 37 48 80 69 50 79 86 54 25 27 36 54 30 8 33 28 54 19 25 60 55 67 97 31 77 33 64 39 30 37 83 50 85 40 83 89 24 77 38 60 52 0 25 41 44 59 41 24 44 25 
38 27 16 10 48 69 40 59 20 20 49 41 49 51 19 46 64 75 72 63 63 15 50 35 30 36 9 46 20 26 23 26 71 69 59 64 80 54 45 47 32 49 50 28 31 46 35 21 41 35 43 52 72 17 56 48 42 22 34 36 66 40 69 31 67 64 22 63 31 51 35 25 0 52 61 34 22 26 52 4 
84 35 44 43 37 54 40 8 58 33 82 91 88 89 40 20 67 53 108 21 27 66 57 83 66 33 50 37 45 68 40 78 54 32 8 64 56 22 21 23 76 31 21 48 25 18 87 59 18 79 44 55 108 41 76 10 65 74 18 78 72 89 71 34 68 103 64 60 31 41 51 41 52 0 15 75 48 26 4 49 
96 38 56 51 31 68 55 9 63 45 96 96 101 103 45 35 82 67 122 33 13 73 73 88 68 33 57 52 49 72 54 87 69 44 18 80 69 37 19 19 80 46 15 50 38 17 95 63 20 91 59 71 122 53 91 13 80 81 31 81 87 94 86 48 83 116 68 75 46 57 65 44 61 15 0 87 62 37 19 58 
11 60 31 42 81 66 43 83 51 43 18 50 16 17 53 60 50 74 38 77 92 37 40 50 59 69 42 50 54 52 34 28 68 79 80 52 79 66 74 78 54 57 80 62 50 75 36 51 70 7 43 43 38 35 33 74 24 36 57 59 49 54 54 42 54 31 50 54 44 53 30 59 34 75 87 0 27 51 74 34 
36 40 9 24 60 49 20 56 42 18 35 59 39 41 35 34 41 55 61 51 68 36 28 55 53 48 30 27 38 48 8 39 50 55 53 42 60 41 51 54 54 33 55 47 24 50 49 43 46 32 22 30 61 11 36 48 22 41 31 58 44 60 46 16 45 55 44 41 18 31 12 41 22 48 62 27 0 26 47 20 
58 19 19 17 36 55 29 34 36 8 61 65 65 67 19 23 58 58 86 38 42 40 45 58 45 25 25 31 24 45 18 52 56 47 34 57 63 31 25 28 53 30 30 31 9 25 61 37 20 54 33 45 86 16 60 24 47 48 9 56 62 64 63 18 61 80 40 54 15 37 33 24 26 26 37 51 26 0 27 22 
83 37 44 44 41 50 38 11 60 33 81 92 86 88 42 17 64 49 106 17 31 67 54 84 68 36 51 34 47 70 39 79 51 29 7 61 52 19 24 27 78 28 25 51 24 22 87 61 21 79 41 52 106 40 73 13 63 74 18 80 69 90 67 32 64 101 65 56 30 38 48 44 52 4 19 74 47 27 0 49 
39 26 12 8 47 66 36 55 23 16 49 45 49 51 19 42 61 71 72 59 60 19 47 39 33 35 11 42 20 29 19 30 67 65 56 61 76 50 42 45 36 45 48 29 27 43 38 23 39 36 39 49 72 13 54 45 40 26 31 40 63 44 66 27 64 65 25 60 27 47 32 25 4 49 58 34 20 22 49 0 
0 91 49 510 13 238 61 79 168 2781 10 0 844 3000 349 9 375 8 164 17 135 409 62 488 701 1926 26 303 28 1622 68 387 2054 1905 714 2031 50 138 1221 9 169 33 38 30 156 39 36 238 512 11 61 101 25 537 86 40 39 338 59 108 96 541 2283 31 647 569 19 29 45 15 20 157 687 3000 15 14 21 264 121 30 
91 0 9 46 0 0 723 0 46 28 0 0 28 0 151 17 93 0 23 0 121 713 0 172 1722 11 1820 0 208 22 0 145 1159 0 45 7 243 85 47 3000 2439 159 65 39 1016 12 901 1035 7 68 3000 88 531 585 11 403 501 667 3000 103 0 39 21 0 18 35 28 290 2249 462 68 802 54 533 0 88 104 722 0 250 
49 9 0 18 2584 0 75 0 357 3000 0 0 18 0 13 74 0 0 798 40 80 30 0 953 984 325 53 0 53 18 0 31 2196 0 69 0 37 90 1629 0 65 101 198 25 0 191 107 703 43 31 89 27 145 3000 3000 34 28 82 80 389 1003 0 3000 0 22 0 20 0 3000 950 913 524 341 352 1198 91 13 872 0 0 
510 46 18 0 264 111 244 10 47 53 1607 359 1212 247 711 222 723 35 25 81 207 387 40 722 130 0 91 17 161 246 479 764 20 365 659 117 89 94 3000 23 436 135 18 116 607 77 0 93 128 38 144 1073 348 1196 145 8 0 3000 223 197 0 151 59 327 49 403 50 24 85 62 13 160 7 11 16 66 29 281 8 38 
13 0 2584 264 0 9 0 40 25 48 20 205 7 181 0 902 46 12 0 16 113 209 26 8 40 324 256 21 780 21 143 3000 25 3000 336 0 0 13 48 47 334 81 8 529 17 0 0 15 38 0 668 265 1717 0 351 55 0 0 97 0 716 34 0 1651 17 219 73 0 38 13 266 0 136 39 21 0 36 147 18 21 
238 0 0 111 9 0 0 25 17 0 66 8 2708 19 0 66 64 35 0 109 0 16 31 261 0 0 97 116 0 146 614 0 29 135 0 12 0 25 1657 3000 32 0 905 1318 16 0 0 428 18 0 3000 327 66 0 27 0 0 29 146 0 0 217 0 21 0 288 0 2094 0 327 0 0 0 0 21 0 16 0 15 235 
61 723 75 244 0 0 0 0 199 30 0 0 234 0 71 43 0 0 71 0 50 19 0 10 332 86 509 0 44 0 0 12 130 0 356 28 13 0 0 0 218 3000 24 143 567 2021 382 0 39 409 1524 28 7 1553 21 178 202 111 24 532 0 0 210 0 150 0 57 96 0 516 34 47 47 281 0 59 996 410 0 0 
79 0 0 10 40 25 0 0 123 438 169 27 320 133 0 12 265 273 0 305 10 15 13 16 0 0 39 508 54 721 3000 13 1645 77 33 0 0 137 159 76 757 31 168 846 127 0 0 227 68 0 15 1920 949 0 44 58 0 0 1439 0 48 2285 0 25 145 359 15 0 146 349 41 0 100 0 3000 0 251 159 17 33 
168 46 357 47 25 17 199 123 0 57 249 71 222 28 1951 192 167 29 13 604 53 380 10 24 429 127 1359 694 291 543 217 118 316 232 2006 11 28 32 54 295 58 9 382 248 267 101 467 392 900 308 8 138 53 239 63 28 255 25 26 21 0 18 90 133 521 44 187 55 21 14 52 107 120 8 222 16 8 33 3000 27 
2781 28 3000 53 48 0 30 438 57 0 0 0 159 0 0 10 0 0 0 173 3000 1088 0 62 1106 21 0 0 159 0 126 16 2512 471 991 0 587 1030 11 0 0 15 15 0 0 0 21 58 0 223 246 199 23 0 0 49 68 0 0 24 348 0 0 983 8 0 0 0 96 142 3000 0 104 70 93 8 0 18 0 0 
10 0 0 1607 20 66 0 169 249 0 0 10 69 1571 0 208 12 61 3000 17 0 67 192 678 0 0 294 843 0 1295 11 0 3000 22 0 34 0 344 142 9 36 0 85 158 108 0 0 40 581 0 87 64 10 0 25 0 0 8 96 0 0 165 0 7 0 1221 1407 79 0 58 36 0 82 0 0 0 127 26 10 395 
0 0 0 359 205 8 0 27 71 0 10 0 962 19 0 80 732 382 0 23 0 289 133 17 0 0 60 42 0 108 2608 0 1335 212 0 275 0 41 70 23 0 0 39 306 30 0 0 8 636 0 176 115 643 0 0 0 0 1316 33 0 0 27 0 19 0 72 0 10 0 0 0 0 0 0 0 0 44 0 23 31 
844 28 18 1212 7 2708 234 320 222 159 69 962 0 751 0 158 810 521 263 19 64 369 190 40 446 159 20 325 506 3000 1272 461 509 383 56 0 947 90 77 332 99 65 152 188 13 381 208 136 1195 8 418 1053 94 44 12 20 0 0 93 537 113 41 0 55 2090 16 223 0 1533 9 16 0 18 113 569 56 56 40 130 93 
3000 0 0 247 181 19 0 133 28 0 1571 19 751 0 0 391 12 517 0 11 0 225 9 417 0 0 25 143 0 8 1062 0 7 320 0 0 0 132 21 142 0 0 16 11 41 0 0 43 15 0 16 101 988 0 0 0 0 0 13 0 0 380 0 101 0 63 0 13 0 33 0 0 0 0 615 0 88 0 733 149 
349 151 13 711 0 0 71 0 1951 0 0 0 0 0 0 45 96 0 8 0 372 177 0 71 1356 66 203 0 25 11 0 336 8 0 8 21 3000 55 0 3000 109 130 2178 30 112 41 82 0 33 97 2764 8 778 441 192 0 398 22 72 12 0 59 73 0 0 243 47 32 0 51 140 505 25 699 0 214 668 472 0 0 
9 17 74 222 902 66 43 12 192 10 208 80 158 391 45 0 8 24 10 64 67 9 1549 30 3000 92 40 12 177 2222 58 27 66 3000 12 858 2360 10 454 402 17 1840 56 231 86 8 10 214 15 123 9 2376 975 880 19 120 22 381 144 133 14 30 1143 84 39 66 704 9 36 120 24 134 19 27 41 299 122 1334 370 117 
375 93 0 723 46 64 0 265 167 0 12 732 810 12 96 8 0 3000 8 65 0 68 446 1860 0 0 63 193 0 96 346 0 19 848 87 125 0 721 227 45 1601 19 1495 27 191 176 0 54 223 20 102 20 54 415 68 0 0 28 666 0 0 117 60 15 0 16 19 225 0 48 32 494 262 108 0 0 133 44 479 143 
8 0 0 35 12 35 0 273 29 0 61 382 521 517 0 24 3000 0 13 25 0 226 11 1096 0 0 587 154 0 11 8 0 842 212 0 91 0 298 28 110 113 0 13 15 2564 128 0 172 460 0 110 28 266 0 37 0 0 2506 18 0 0 11 0 131 0 272 87 92 0 0 238 0 0 0 0 0 12 179 81 252 
164 23 798 25 0 0 71 0 13 0 3000 0 263 0 8 10 8 13 0 0 0 97 2003 3000 21 0 9 1102 0 283 184 0 470 0 125 9 244 84 0 29 373 149 437 29 314 31 0 22 227 9 593 285 208 184 809 0 0 357 166 371 0 717 14 28 0 44 39 488 0 3000 170 31 576 55 0 58 13 153 57 188 
17 0 40 81 16 109 0 305 604 173 17 23 19 11 0 64 65 25 0 0 30 112 78 36 3000 11 16 8 644 69 8 12 30 700 27 0 0 31 3000 103 0 102 74 2839 171 0 0 115 3000 0 176 581 60 0 86 423 0 0 3000 0 3000 3000 0 715 326 373 35 0 244 522 26 0 522 3000 178 0 253 302 923 95 
135 121 80 207 113 0 50 10 53 3000 0 0 64 0 372 67 0 0 0 30 0 30 0 104 8 1723 0 0 1643 128 53 25 22 82 610 0 29 289 14 9 19 463 316 11 0 27 295 1711 519 8 3000 135 44 2331 79 62 38 0 670 151 172 0 12 76 130 0 14 0 189 54 3000 0 89 51 705 17 64 455 0 70 
409 713 30 387 209 16 19 15 380 1088 67 289 369 225 177 9 68 226 97 112 30 0 17 41 1956 0 27 578 31 9 15 349 56 8 706 8 0 7 726 114 185 43 492 488 9 31 0 55 877 64 27 55 15 75 552 80 0 117 866 238 117 303 101 154 92 13 1305 798 50 222 25 2810 134 92 539 260 19 742 3000 505 
62 0 0 40 26 31 0 13 10 0 192 133 190 9 0 1549 446 11 2003 78 0 17 0 8 0 0 940 30 1113 99 16 0 105 3000 210 54 0 13 919 117 23 8 165 17 16 0 0 1292 328 0 2719 130 26 0 63 0 0 42 2676 0 0 23 0 671 20 683 339 9 0 553 560 0 153 0 17 0 269 119 71 930 
488 172 953 722 8 261 10 16 24 62 678 17 40 417 71 30 1860 1096 3000 36 104 41 8 0 221 0 11 29 217 1504 40 26 567 374 67 976 30 72 592 1106 3000 1486 15 818 1073 3000 0 16 390 128 17 1891 35 68 33 28 0 47 143 290 0 3000 1888 1261 59 780 11 39 25 37 300 163 25 105 88 89 41 20 35 9 
701 1722 984 130 40 0 332 0 429 1106 0 0 446 0 1356 3000 0 0 21 3000 8 1956 0 221 0 207 307 0 28 1355 101 137 7 1571 131 0 50 53 227 27 83 47 21 114 737 15 36 338 26 1345 3000 365 115 21 59 11 539 8 15 12 152 0 391 0 3000 0 116 0 160 722 2596 174 3000 404 502 24 816 112 0 0 
1926 11 325 0 324 0 86 0 127 21 0 0 159 0 66 92 0 0 0 11 1723 0 0 0 207 0 0 0 8 0 0 11 193 0 133 0 21 0 532 0 0 121 32 0 0 17 9 13 0 804 9 657 1322 358 158 16 218 0 0 716 108 0 268 0 225 0 1659 0 112 64 674 0 13 319 206 29 0 14 0 0 
26 1820 53 91 256 97 509 39 1359 0 294 60 20 25 203 40 63 587 9 16 0 27 940 11 307 0 0 42 0 34 501 0 18 158 207 83 0 123 173 58 65 29 647 132 158 442 0 194 14 311 122 44 9 40 31 0 0 37 3000 0 0 2592 166 8 0 117 696 977 0 111 204 438 1216 36 0 0 144 8 95 55 
303 0 0 17 21 116 0 508 694 0 843 42 325 143 0 12 193 154 1102 8 0 578 30 29 0 0 42 0 0 93 90 0 21 311 0 190 0 542 82 11 320 0 1141 123 19 153 0 222 75 0 229 30 73 0 1945 0 0 298 27 0 0 101 0 190 0 33 54 28 0 0 3000 0 0 0 0 0 1171 27 15 9 
28 208 53 161 780 0 44 54 291 159 0 0 506 0 25 177 0 0 0 644 1643 31 1113 217 28 8 0 0 0 180 554 3000 631 499 102 0 344 11 359 11 13 241 228 28 0 130 528 115 859 110 715 228 274 323 143 124 169 0 33 134 13 0 0 82 1408 0 246 0 167 918 227 0 34 411 160 158 796 37 0 52 
1622 22 18 246 21 146 0 721 543 0 1295 108 3000 8 11 2222 96 11 283 69 128 9 99 1504 1355 0 34 93 180 0 154 21 8 166 15 416 0 8 21 274 294 146 13 101 40 165 0 15 417 265 98 23 178 265 642 0 0 9 1184 0 0 13 162 21 20 3000 3000 99 72 983 35 85 226 76 796 0 33 7 76 71 
68 0 0 479 143 614 0 3000 217 126 11 2608 1272 1062 0 58 346 8 184 8 53 15 16 40 101 0 501 90 554 154 0 69 58 388 12 0 0 23 611 83 110 941 3000 19 251 0 0 333 122 0 548 9 669 0 1935 745 0 19 13 0 52 11 0 20 106 57 25 82 16 9 336 0 258 272 913 0 73 73 15 57 
387 145 31 764 3000 0 12 13 118 16 0 0 461 0 336 27 0 0 0 12 25 349 0 26 137 11 0 0 3000 21 69 0 90 2879 878 0 118 29 244 0 49 37 48 0 0 843 28 23 272 806 30 22 201 235 744 523 8 0 0 52 445 0 901 410 3000 0 9 0 23 56 1044 0 1843 23 49 3000 40 565 0 0 
2054 1159 2196 20 25 29 130 1645 316 2512 3000 1335 509 7 8 66 19 842 470 30 22 56 105 567 7 193 18 21 631 8 58 90 0 12 11 30 1127 8 1832 264 219 415 3000 53 7 230 21 14 14 8 9 807 929 167 24 76 34 7 617 20 0 383 39 26 3000 11 10 1065 117 42 62 25 14 1895 495 70 102 29 851 12 
1905 0 0 365 3000 135 0 77 232 471 22 212 383 320 0 3000 848 212 0 700 82 8 3000 374 1571 0 158 311 499 166 388 2879 12 0 13 0 0 776 1108 3000 0 17 472 1919 421 0 0 161 981 0 101 32 190 0 939 834 0 0 69 0 10 79 0 25 104 1653 547 0 169 282 33 0 76 0 250 0 30 170 71 276 
714 45 69 659 336 0 356 33 2006 991 0 0 56 0 8 12 87 0 125 27 610 706 210 67 131 133 207 0 102 15 12 878 11 13 0 33 10 2011 10 13 8 125 1628 251 55 1011 249 8 51 822 36 22 11 516 2871 107 1492 89 69 103 50 51 8 592 67 42 101 8 105 9 23 34 30 138 19 12 168 28 0 208 
2031 7 0 117 0 12 28 0 11 0 34 275 0 0 21 858 125 91 9 0 0 8 54 976 0 0 83 190 0 416 0 0 30 0 33 0 0 108 0 660 9 0 2246 9 10 51 0 151 790 41 2814 8 9 81 2122 0 0 17 243 0 0 16 554 11 0 287 66 166 0 0 2599 269 0 31 0 0 33 14 80 292 
50 243 37 89 0 0 13 0 28 587 0 0 947 0 3000 2360 0 0 244 0 29 0 0 30 50 21 0 0 344 0 0 118 1127 0 10 0 0 0 272 0 12 24 107 0 0 572 27 0 15 666 354 34 344 22 1490 150 18 0 234 1848 0 0 798 0 1737 0 60 0 1041 449 1446 42 2805 75 0 114 696 8 0 0 
138 85 90 94 13 25 0 137 32 1030 344 41 90 132 55 10 721 298 84 31 289 7 13 72 53 0 123 542 11 8 23 29 8 776 2011 108 0 0 129 12 33 904 175 18 21 2147 0 3000 49 119 55 465 74 37 187 22 0 32 339 0 843 295 10 100 396 1692 16 40 51 152 30 628 8 104 28 1282 18 1927 128 28 
1221 47 1629 3000 48 1657 0 159 54 11 142 70 77 21 0 454 227 28 0 3000 14 726 919 592 227 532 173 82 359 21 611 244 1832 1108 10 0 272 129 0 107 3000 10 201 335 324 0 12 41 8 525 39 1059 310 0 26 11 0 0 76 104 2513 597 0 460 59 135 493 0 55 298 1797 0 1922 1552 102 601 15 98 8 32 
9 3000 0 23 47 3000 0 76 295 0 9 23 332 142 3000 402 45 110 29 103 9 114 117 1106 27 0 58 11 11 274 83 0 264 3000 13 660 0 12 107 0 247 76 54 263 34 760 0 14 44 258 70 9 97 1427 160 0 0 28 54 0 0 102 85 106 0 33 8 281 0 35 300 70 147 539 0 0 20 82 25 73 
169 2439 65 436 334 32 218 757 58 0 36 0 99 0 109 17 1601 113 373 0 19 185 23 3000 83 0 65 320 13 294 110 49 219 0 8 9 12 33 3000 247 0 44 52 167 45 1463 124 23 10 41 20 3000 36 2829 63 0 0 38 42 41 0 127 329 634 0 76 41 34 0 30 183 729 448 32 0 30 1094 296 237 19 
33 159 101 135 81 0 3000 31 9 15 0 0 65 0 130 1840 19 0 149 102 463 43 8 1486 47 121 29 0 241 146 941 37 415 17 125 0 24 904 10 76 44 0 58 121 525 400 599 335 24 17 78 8 70 31 9 74 553 24 28 151 63 12 467 45 486 76 122 969 47 67 80 0 317 204 532 255 558 7 0 73 
38 65 198 18 8 905 24 168 382 15 85 39 152 16 2178 56 1495 13 437 74 316 492 165 15 21 32 647 1141 228 13 3000 48 3000 472 1628 2246 107 175 201 54 52 58 0 16 649 307 24 19 175 28 217 122 25 17 30 825 0 1480 14 11 53 17 19 49 148 582 42 33 263 25 3000 0 145 32 21 130 648 441 73 135 
30 39 25 116 529 1318 143 846 248 0 158 306 188 11 30 231 27 15 29 2839 11 488 17 818 114 0 132 123 28 101 19 0 53 1919 251 9 0 18 335 263 167 121 16 0 161 227 0 1828 396 3000 9 258 140 390 17 0 0 104 128 51 0 10 34 2168 0 22 54 148 0 25 944 44 8 40 0 33 155 13 2773 9 
156 1016 0 607 17 16 567 127 267 0 108 30 13 41 112 86 191 2564 314 171 0 9 16 1073 737 0 158 19 0 40 251 0 7 421 55 10 0 21 324 34 45 525 649 161 0 166 0 25 200 14 9 37 269 39 80 0 0 989 37 0 0 292 17 40 0 90 645 131 0 306 710 322 13 57 0 0 296 332 309 294 
39 12 191 77 0 0 2021 0 101 0 0 0 381 0 41 8 176 128 31 0 27 31 0 3000 15 17 442 153 130 165 0 843 230 0 1011 51 572 2147 0 760 1463 400 307 227 166 0 343 335 95 55 1495 51 417 139 32 0 947 3000 38 865 0 1039 1374 0 0 28 497 35 0 20 19 19 58 79 0 102 24 20 0 516 
36 901 107 0 0 0 382 0 467 21 0 0 208 0 82 10 0 0 0 0 295 0 0 0 36 9 0 0 528 0 0 28 21 0 249 0 27 0 12 0 124 599 24 0 0 343 0 0 0 75 0 21 298 679 14 76 229 0 0 266 0 0 10 0 447 0 150 0 934 78 30 0 2243 117 35 92 0 9 0 0 
238 1035 703 93 15 428 0 227 392 58 40 8 136 43 0 214 54 172 22 115 1711 55 1292 16 338 13 194 222 115 15 333 23 14 161 8 151 0 3000 41 14 23 335 19 1828 25 335 0 0 21 0 26 9 293 115 111 212 0 366 10 0 88 613 0 987 161 201 131 77 11 798 2796 0 3000 58 180 0 442 168 18 336 
512 7 43 128 38 18 39 68 900 0 581 636 1195 15 33 15 223 460 227 3000 519 877 328 390 26 0 14 75 859 417 122 272 14 981 51 790 15 49 8 44 10 24 175 396 200 95 0 21 0 28 7 25 33 1091 1631 0 0 464 2647 33 0 962 355 58 33 779 31 94 16 291 98 94 56 40 12 47 229 63 19 3000 
11 68 31 38 0 0 409 0 308 223 0 0 8 0 97 123 20 0 9 0 8 64 0 128 1345 804 311 0 110 265 0 806 8 0 822 41 666 119 525 258 41 17 28 3000 14 55 75 0 28 0 3000 19 21 323 1294 49 97 16 20 344 0 0 8 0 401 119 895 205 0 22 3000 149 52 109 0 32 202 1033 0 0 
61 3000 89 144 668 3000 1524 15 8 246 87 176 418 16 2764 9 102 110 593 176 3000 27 2719 17 3000 9 122 229 715 98 548 30 9 101 36 2814 354 55 39 70 20 78 217 9 9 1495 0 26 7 3000 0 774 91 25 1868 3000 0 529 188 20 159 72 40 509 42 472 768 3000 259 1132 2875 46 137 31 461 102 439 10 128 447 
101 88 27 1073 265 327 28 1920 138 199 64 115 1053 101 8 2376 20 28 285 581 135 55 130 1891 365 657 44 30 228 23 9 22 807 32 22 8 34 465 1059 9 3000 8 122 258 37 51 21 9 25 19 774 0 1264 64 681 1902 31 23 175 77 45 309 339 447 885 3000 543 166 122 15 10 179 256 10 371 39 531 13 1840 615 
25 531 145 348 1717 66 7 949 53 23 10 643 94 988 778 975 54 266 208 60 44 15 26 35 115 1322 9 73 274 178 669 201 929 190 11 9 344 74 310 97 36 70 25 140 269 417 298 293 33 21 91 1264 0 77 1981 24 1662 377 51 94 98 286 2339 59 217 8 1846 13 14 111 9 243 896 271 294 12 20 1499 42 168 
537 585 3000 1196 0 0 1553 0 239 0 0 0 44 0 441 880 415 0 184 0 2331 75 0 68 21 358 40 0 323 265 0 235 167 0 516 81 22 37 0 1427 2829 31 17 390 39 139 679 115 1091 323 25 64 77 0 24 0 215 163 122 3000 0 16 420 0 0 170 2213 957 0 281 105 151 240 200 0 20 76 98 0 900 
86 11 3000 145 351 27 21 44 63 0 25 0 12 0 192 19 68 37 809 86 79 552 63 33 59 158 31 1945 143 642 1935 744 24 939 2871 2122 1490 187 26 160 63 9 30 17 80 32 14 111 1631 1294 1868 681 1981 24 0 0 8 292 170 257 0 41 37 236 0 525 807 22 0 529 16 370 100 1401 0 16 185 191 29 740 
40 403 34 8 55 0 178 58 28 49 0 0 20 0 0 120 0 0 0 423 62 80 0 28 11 16 0 0 124 0 745 523 76 834 107 0 150 22 11 0 0 74 825 0 0 0 76 212 0 49 3000 1902 24 0 0 0 446 0 0 1287 15 0 0 257 377 0 0 0 724 76 139 0 11 15 42 14 0 142 0 0 
39 501 28 0 0 0 202 0 255 68 0 0 0 0 398 22 0 0 0 0 38 0 0 0 539 218 0 0 169 0 0 8 34 0 1492 0 18 0 0 0 0 553 0 0 0 947 229 0 0 97 0 31 1662 215 8 446 0 0 0 69 0 0 11 0 7 0 9 0 38 958 189 0 39 12 0 200 0 205 0 0 
338 667 82 3000 0 29 111 0 25 0 8 1316 0 0 22 381 28 2506 357 0 0 117 42 47 8 0 37 298 0 9 19 0 7 0 89 17 0 32 0 28 38 24 1480 104 989 3000 0 366 464 16 529 23 377 163 292 0 0 0 469 7 0 780 38 458 0 167 1542 471 0 0 85 785 496 61 0 11 11 56 19 15 
59 3000 80 223 97 146 24 1439 26 0 96 33 93 13 72 144 666 18 166 3000 670 866 2676 143 15 0 3000 27 33 1184 13 0 617 69 69 243 234 339 76 54 42 28 14 128 37 38 0 10 2647 20 188 175 51 122 170 0 0 469 0 2096 0 81 96 38 0 3000 16 57 0 232 9 11 188 160 0 67 166 791 1018 67 
108 103 389 197 0 0 532 0 21 24 0 0 537 0 12 133 0 0 371 0 151 238 0 290 12 716 0 0 134 0 0 52 20 0 103 0 1848 0 104 0 41 151 11 51 0 865 266 0 33 344 20 77 94 3000 257 1287 69 7 2096 0 0 0 59 0 123 0 46 0 40 3000 3000 449 414 1149 25 329 19 74 0 0 
96 0 1003 0 716 0 0 48 0 348 0 0 113 0 0 14 0 0 0 3000 172 117 0 0 152 108 0 0 13 0 52 445 0 10 50 0 0 843 2513 0 0 63 53 0 0 0 0 88 0 0 159 45 98 0 0 15 0 0 0 0 0 0 0 34 40 0 0 0 15 17 0 0 441 0 144 0 0 0 0 0 
541 39 0 151 34 217 0 2285 18 0 165 27 41 380 59 30 117 11 717 3000 0 303 23 3000 0 0 2592 101 0 13 11 0 383 79 51 16 0 295 597 102 127 12 17 10 292 1039 0 613 962 0 72 309 286 16 41 0 0 780 81 0 0 0 2038 2366 0 16 47 84 0 196 16 41 191 537 0 0 21 76 7 220 
2283 21 3000 59 0 0 210 0 90 0 0 0 0 0 73 1143 60 0 14 0 12 101 0 1888 391 268 166 0 0 162 0 901 39 0 8 554 798 10 0 85 329 467 19 34 17 1374 10 0 355 8 40 339 2339 420 37 0 11 38 96 59 0 2038 0 0 0 105 45 543 0 3000 245 896 1418 483 0 159 886 34 0 455 
31 0 0 327 1651 21 0 25 133 983 7 19 55 101 0 84 15 131 28 715 76 154 671 1261 0 0 8 190 82 21 20 410 26 25 592 11 0 100 460 106 634 45 49 2168 40 0 0 987 58 0 509 447 59 0 236 257 0 458 38 0 34 2366 0 0 32 3000 90 31 156 126 138 0 301 0 37 0 338 8 286 35 
647 18 22 49 17 0 150 145 521 8 0 0 2090 0 0 39 0 0 0 326 130 92 20 59 3000 225 0 0 1408 20 106 3000 3000 104 67 0 1737 396 59 0 0 486 148 0 0 0 447 161 33 401 42 885 217 0 0 377 7 0 0 123 40 0 0 32 0 0 0 0 26 220 59 0 72 1066 10 212 0 543 0 0 
569 35 0 403 219 288 0 359 44 0 1221 72 16 63 243 66 16 272 44 373 0 13 683 780 0 0 117 33 0 3000 57 0 11 1653 42 287 0 1692 135 33 76 76 582 22 90 28 0 201 779 119 472 3000 8 170 525 0 0 167 3000 0 0 16 105 3000 0 0 20 851 0 27 8 150 20 211 0 0 118 57 1522 12 
19 28 20 50 73 0 57 15 187 0 1407 0 223 0 47 704 19 87 39 35 14 1305 339 11 116 1659 696 54 246 3000 25 9 10 547 101 66 60 16 493 8 41 122 42 54 645 497 150 131 31 895 768 543 1846 2213 807 0 9 1542 16 46 0 47 45 90 0 20 0 183 0 28 17 62 39 20 0 27 54 2021 640 287 
29 290 0 24 0 2094 96 0 55 0 79 10 0 13 32 9 225 92 488 0 0 798 9 39 0 0 977 28 0 99 82 0 1065 0 8 166 0 40 0 281 34 969 33 148 131 35 0 77 94 205 3000 166 13 957 22 0 0 471 57 0 0 84 543 31 0 851 183 0 0 0 24 12 17 63 0 0 33 50 22 52 
45 2249 3000 85 38 0 0 146 21 96 0 0 1533 0 0 36 0 0 0 244 189 50 0 25 160 112 0 0 167 72 16 23 117 169 105 0 1041 51 55 0 0 47 263 0 0 0 934 11 16 0 259 122 14 0 0 724 38 0 0 40 15 0 0 156 26 0 0 0 0 60 24 0 360 12 210 9 0 51 0 0 
15 462 950 62 13 327 516 349 14 142 58 0 9 33 51 120 48 0 3000 522 54 222 553 37 722 64 111 0 918 983 9 56 42 282 9 0 449 152 298 35 30 67 25 25 306 20 78 798 291 22 1132 15 111 281 529 76 958 0 232 3000 17 196 3000 126 220 27 28 0 60 0 8 0 101 443 60 549 7 1344 16 1374 
20 68 913 13 266 0 34 41 52 3000 36 0 16 0 140 24 32 238 170 26 3000 25 560 300 2596 674 204 3000 227 35 336 1044 62 33 23 2599 1446 30 1797 300 183 80 3000 944 710 19 30 2796 98 3000 2875 10 9 105 16 139 189 85 9 3000 0 16 245 138 59 8 17 24 24 8 0 36 807 639 3000 135 101 29 295 78 
157 802 524 160 0 0 47 0 107 0 0 0 0 0 505 134 494 0 31 0 0 2810 0 163 174 0 438 0 0 85 0 0 25 0 34 269 42 628 0 70 729 0 0 44 322 19 0 0 94 149 46 179 243 151 370 0 0 785 11 449 0 41 896 0 0 150 62 12 0 0 36 0 0 57 0 43 167 17 0 34 
687 54 341 7 136 0 47 100 120 104 82 0 18 0 25 19 262 0 576 522 89 134 153 25 3000 13 1216 0 34 226 258 1843 14 76 30 0 2805 8 1922 147 448 317 145 8 13 58 2243 3000 56 52 137 256 896 240 100 11 39 496 188 414 441 191 1418 301 72 20 39 17 360 101 807 0 0 61 1505 58 30 91 2649 2842 
3000 533 352 11 39 0 281 0 8 70 0 0 113 0 699 27 108 0 55 3000 51 92 0 105 404 319 36 0 411 76 272 23 1895 0 138 31 75 104 1552 539 32 204 32 40 57 79 117 58 40 109 31 10 271 200 1401 15 12 61 160 1149 0 537 483 0 1066 211 20 63 12 443 639 57 61 0 170 633 740 8 0 436 
15 0 1198 16 21 21 0 3000 222 93 0 0 569 615 0 41 0 0 0 178 705 539 17 88 502 206 0 0 160 796 913 49 495 250 19 0 0 28 102 0 0 532 21 0 0 0 35 180 12 0 461 371 294 0 0 42 0 0 0 25 144 0 0 37 10 0 0 0 210 60 3000 0 1505 170 0 112 0 0 211 151 
14 88 91 66 0 0 59 0 16 8 0 0 56 0 214 299 0 0 58 0 17 260 0 89 24 29 0 0 158 0 0 3000 70 0 12 0 114 1282 601 0 30 255 130 33 0 102 92 0 47 32 102 39 12 20 16 14 200 11 67 329 0 0 159 0 212 0 27 0 9 549 135 43 58 633 112 0 15 79 0 0 
21 104 13 29 36 16 996 251 8 0 127 44 56 88 668 122 133 12 13 253 64 19 269 41 816 0 144 1171 796 33 73 40 102 30 168 33 696 18 15 20 1094 558 648 155 296 24 0 442 229 202 439 531 20 76 185 0 0 11 166 19 0 21 886 338 0 118 54 33 0 7 101 167 30 740 0 15 0 156 169 340 
264 722 872 281 147 0 410 159 33 18 26 0 40 0 472 1334 44 179 153 302 455 742 119 20 112 14 8 27 37 7 73 565 29 170 28 14 8 1927 98 82 296 7 441 13 332 20 9 168 63 1033 10 13 1499 98 191 142 205 56 791 74 0 76 34 8 543 57 2021 50 51 1344 29 17 91 8 0 79 156 0 8 94 
121 0 0 8 18 15 0 17 3000 0 10 23 130 733 0 370 479 81 57 923 0 3000 71 35 0 0 95 15 0 76 15 0 851 71 0 80 0 128 8 25 237 0 73 2773 309 0 0 18 19 0 128 1840 42 0 29 0 0 19 1018 0 0 7 0 286 0 1522 640 22 0 16 295 0 2649 0 211 0 169 8 0 754 
30 250 0 38 21 235 0 33 27 0 395 31 93 149 0 117 143 252 188 95 70 505 930 9 0 0 55 9 52 71 57 0 12 276 208 292 0 28 32 73 19 73 135 9 294 516 0 336 3000 0 447 615 168 900 740 0 0 15 67 0 0 220 455 35 0 12 287 52 0 1374 78 34 2842 436 151 0 340 94 754 0 
