80
0 39 46 9 78 64 39 31 48 48 65 89 41 37 49 12 55 23 29 30 40 47 48 21 65 21 28 23 57 9 79 60 44 53 39 38 22 43 65 7 32 26 37 26 33 24 32 30 19 17 20 36 65 43 68 47 21 70 15 66 27 83 76 18 67 31 55 27 57 73 39 51 38 64 57 28 21 69 37 58 
39 0 83 43 89 87 59 11 47 64 80 99 80 66 25 51 44 23 11 68 8 86 73 21 55 52 27 16 93 31 89 84 5 86 75 76 20 80 42 45 70 62 46 61 67 53 7 68 40 54 44 29 57 15 36 84 49 87 54 42 64 98 89 45 84 69 83 59 91 77 61 49 7 66 46 67 37 77 10 94 
46 83 0 40 76 48 45 77 71 53 62 84 16 30 86 35 83 63 73 16 83 5 40 66 88 35 72 68 14 53 76 44 88 21 11 12 64 5 99 41 14 22 73 24 21 36 76 30 57 37 55 70 88 83 106 7 51 63 31 100 32 74 73 51 61 15 36 29 20 82 43 73 83 78 85 21 60 73 79 15 
9 43 40 0 70 55 31 37 43 40 57 81 39 29 48 14 52 23 33 25 43 43 40 28 61 12 37 28 50 13 71 51 48 45 33 34 24 37 64 12 28 19 46 19 25 16 36 31 27 21 28 34 61 44 68 41 29 62 13 65 29 75 68 26 59 27 47 19 49 67 31 46 43 58 54 26 29 61 39 52 
78 89 76 70 0 30 40 92 43 30 14 11 89 49 70 81 52 70 80 76 82 81 36 89 45 59 101 83 71 75 1 33 91 57 66 82 74 71 68 82 78 67 115 63 59 56 83 94 97 88 98 60 43 77 83 70 99 14 78 69 92 12 4 96 15 77 40 58 61 18 40 41 95 26 50 83 98 12 80 71 
64 87 48 55 30 0 28 86 49 25 20 37 62 27 76 62 62 65 77 51 83 53 16 80 61 43 91 76 41 64 31 4 91 27 40 56 68 44 80 65 53 45 101 41 36 40 80 71 82 69 82 61 60 79 94 41 82 17 59 82 70 27 27 80 16 52 12 38 31 42 27 49 91 44 62 59 84 32 79 42 
39 59 45 31 40 28 0 59 28 10 26 50 54 15 50 42 41 37 49 39 55 50 14 53 44 20 64 49 46 38 40 25 63 34 34 48 41 40 58 42 41 30 76 25 24 16 52 55 58 49 59 34 43 52 69 41 59 31 39 60 54 44 37 57 28 41 25 20 40 39 3 29 63 33 42 45 60 32 51 48 
31 11 77 37 92 86 59 0 51 65 81 102 71 63 34 43 50 22 12 61 18 79 71 11 62 47 16 10 87 25 92 83 15 82 70 69 18 74 51 37 63 56 35 56 62 49 10 58 29 45 33 34 63 24 46 78 38 88 46 51 55 100 91 35 85 62 81 55 86 81 60 54 6 70 53 59 27 80 17 89 
48 47 71 43 43 49 28 51 0 25 36 52 77 42 28 57 13 31 40 62 40 75 39 51 18 39 63 44 74 42 43 48 49 62 60 71 35 66 31 54 64 52 80 48 50 36 42 74 64 64 67 18 18 34 44 68 69 43 56 33 71 53 43 66 41 63 51 43 67 30 30 3 53 19 14 66 65 30 37 75 
48 64 53 40 30 25 10 65 25 0 17 41 63 23 51 52 38 42 54 48 59 58 15 60 39 30 72 55 53 46 30 24 67 40 42 57 47 48 56 52 51 39 85 35 33 26 57 65 67 59 68 36 38 55 69 48 69 23 49 57 64 36 28 66 20 50 26 29 45 29 11 25 68 25 38 55 68 22 55 54 
65 80 62 57 14 20 26 81 36 17 0 24 75 35 64 68 47 59 70 61 74 68 23 77 44 46 89 72 58 63 15 21 82 44 53 69 63 58 65 68 63 53 102 49 45 42 74 80 84 75 85 51 42 69 79 56 85 7 64 67 78 19 11 83 5 63 28 44 49 23 27 35 85 25 47 69 85 13 71 59 
89 99 84 81 11 37 50 102 52 41 24 0 98 59 79 92 60 80 91 85 92 89 46 99 53 70 111 93 78 86 10 41 101 65 75 92 85 80 75 92 87 77 126 73 69 66 94 104 107 99 109 70 51 87 91 78 109 22 89 77 102 12 13 107 24 86 48 68 68 25 51 50 105 35 59 93 109 22 90 79 
41 80 16 39 89 62 54 71 77 63 75 98 0 40 87 29 88 62 70 15 81 13 52 61 95 38 64 64 29 49 89 58 85 37 23 6 62 19 102 34 12 25 61 29 30 41 73 17 47 27 44 72 95 83 107 23 40 76 26 103 19 88 86 41 74 13 51 35 36 92 52 79 78 86 90 13 50 84 77 30 
37 66 30 29 49 27 15 63 42 23 35 59 40 0 61 35 55 43 55 27 63 35 13 55 59 16 65 53 32 39 49 23 70 21 20 34 46 26 72 38 29 19 74 14 11 14 59 45 55 42 55 45 58 62 81 26 54 37 31 73 44 50 46 53 35 28 18 10 26 52 12 43 68 47 56 34 57 44 59 33 
49 25 86 48 70 76 50 34 28 51 64 79 87 61 0 60 20 26 24 73 17 89 63 39 30 51 49 31 92 40 70 74 24 83 76 82 27 82 18 56 75 65 68 62 66 51 24 79 58 66 62 16 32 10 20 85 66 71 62 18 75 80 70 62 68 74 74 58 88 55 52 29 33 44 22 74 57 58 17 94 
12 51 35 14 81 62 42 43 57 52 68 92 29 35 60 0 65 35 42 19 53 36 48 32 74 22 37 35 48 21 82 58 56 47 31 26 34 34 77 6 21 19 40 22 28 25 44 18 22 7 21 47 74 55 80 38 19 72 4 78 15 85 79 18 69 20 53 25 49 79 41 60 49 71 67 16 25 73 49 49 
55 44 83 52 52 62 41 50 13 38 47 60 88 55 20 65 0 34 39 73 35 87 52 53 11 50 64 45 87 47 52 61 44 75 72 82 38 79 18 62 75 63 83 60 62 48 41 83 69 72 72 19 13 29 32 80 75 54 65 20 80 63 52 72 52 74 64 55 80 36 43 13 51 25 3 76 68 39 34 88 
23 23 63 23 70 65 37 22 31 42 59 80 62 43 26 35 34 0 12 48 21 66 50 20 45 29 32 13 71 14 70 61 27 64 54 58 4 59 43 30 51 41 49 39 44 30 16 53 34 40 38 15 46 21 45 63 41 65 36 43 50 78 69 38 63 50 60 37 68 60 38 34 26 50 37 49 34 59 17 73 
29 11 73 33 80 77 49 12 40 54 70 91 70 55 24 42 39 12 0 58 11 75 62 16 50 41 26 8 82 21 81 74 15 75 65 67 9 70 42 36 60 52 45 50 56 42 4 59 34 46 38 22 52 15 40 73 43 77 44 42 56 89 80 39 74 59 72 48 80 69 50 42 14 58 41 57 33 69 8 84 
30 68 16 25 76 51 39 61 62 48 61 85 15 27 73 19 73 48 58 0 68 18 39 50 79 23 56 52 28 37 76 47 73 30 14 10 49 15 87 25 3 10 58 14 16 25 61 19 41 22 39 57 79 69 93 19 36 64 15 88 19 76 73 36 61 2 40 20 31 78 37 64 67 72 74 8 44 70 64 30 
40 8 83 43 82 83 55 18 40 59 74 92 81 63 17 53 35 21 11 68 0 86 69 26 47 50 34 19 92 32 83 80 9 84 75 77 19 80 34 48 71 62 53 60 65 51 9 70 45 57 49 23 48 7 29 83 54 81 55 34 67 92 82 50 78 70 79 57 89 69 57 42 16 58 38 68 43 70 4 93 
47 86 5 43 81 53 50 79 75 58 68 89 13 35 89 36 87 66 75 18 86 0 45 68 93 38 73 70 17 55 82 49 90 26 16 11 67 10 103 42 15 25 73 28 26 40 78 29 57 37 54 74 93 86 110 12 51 68 33 104 31 79 78 51 66 16 41 33 24 87 47 77 85 82 89 21 60 78 82 17 
48 73 40 40 36 16 14 71 39 15 23 46 52 13 63 48 52 50 62 39 69 45 0 65 54 27 75 61 38 49 37 12 76 24 30 46 53 35 70 50 41 31 86 27 23 24 65 58 67 55 67 47 53 65 82 35 67 25 44 72 57 37 33 65 22 41 11 23 30 42 12 40 76 39 53 47 69 33 65 39 
21 21 66 28 89 80 53 11 51 60 77 99 61 55 39 32 53 20 16 50 26 68 65 0 64 39 12 8 77 16 89 76 26 73 60 58 16 64 57 26 52 46 30 46 53 41 16 47 19 34 23 34 65 30 55 68 28 83 35 58 44 96 88 25 81 52 73 46 77 80 54 54 17 70 55 48 17 78 23 79 
65 55 88 61 45 61 44 62 18 39 44 53 95 59 30 74 11 45 50 79 47 93 54 64 0 57 76 56 90 57 45 61 55 78 78 89 49 84 23 71 82 70 94 66 67 54 52 92 79 81 82 30 2 40 39 85 85 50 73 24 89 57 47 82 49 81 65 61 83 28 47 16 62 19 9 84 79 34 45 92 
21 52 35 12 59 43 20 47 39 30 46 70 38 16 51 22 50 29 41 23 50 38 27 39 57 0 49 37 42 23 60 39 56 35 25 33 32 31 65 23 26 14 58 11 15 4 44 36 39 29 40 35 57 49 72 34 40 50 19 66 34 63 57 38 47 25 35 8 39 58 19 41 53 50 52 28 42 52 46 43 
28 27 72 37 101 91 64 16 63 72 89 111 64 65 49 37 64 32 26 56 34 73 75 12 76 49 0 20 84 27 101 87 31 82 67 63 28 70 67 32 58 54 19 55 61 51 25 49 17 36 21 46 77 40 62 75 26 95 41 67 45 108 100 24 92 57 83 55 85 92 65 66 20 82 67 52 14 90 33 86 
23 16 68 28 83 76 49 10 44 55 72 93 64 53 31 35 45 13 8 52 19 70 61 8 56 37 20 0 78 15 83 73 21 72 60 61 9 65 49 30 55 47 38 46 52 39 9 52 26 38 31 26 57 23 48 69 35 78 38 50 48 91 82 31 75 53 70 45 76 73 50 46 16 62 47 51 25 71 16 79 
57 93 14 50 71 41 46 87 74 53 58 78 29 32 92 48 87 71 82 28 92 17 38 77 90 42 84 78 0 63 71 37 97 14 17 26 73 14 104 53 27 31 86 32 27 42 85 44 69 50 68 76 90 91 113 9 64 57 43 105 46 67 67 65 56 28 30 35 10 79 44 75 93 77 88 35 73 70 88 1 
9 31 53 13 75 64 38 25 42 46 63 86 49 39 40 21 47 14 21 37 32 55 49 16 57 23 27 15 63 0 76 61 36 58 45 46 13 50 57 17 40 32 40 31 37 25 24 39 23 26 25 28 58 34 58 54 28 69 23 57 36 82 74 25 66 39 57 30 61 69 38 44 31 59 50 37 23 65 28 64 
79 89 76 71 1 31 40 92 43 30 15 10 89 49 70 82 52 70 81 76 83 82 37 89 45 60 101 83 71 76 0 34 91 58 67 83 74 72 68 82 78 68 115 63 60 56 84 94 97 89 99 60 43 77 83 70 99 14 79 69 93 12 4 97 16 77 41 58 62 18 41 41 95 26 50 84 99 12 80 72 
60 84 44 51 33 4 25 83 48 24 21 41 58 23 74 58 61 61 74 47 80 49 12 76 61 39 87 73 37 61 34 0 88 24 35 52 65 39 79 60 48 40 97 37 31 36 77 66 78 64 78 58 60 77 92 37 77 20 54 81 66 31 30 76 18 48 7 33 28 44 23 48 88 44 62 55 80 34 76 38 
44 5 88 48 91 91 63 15 49 67 82 101 85 70 24 56 44 27 15 73 9 90 76 26 55 56 31 21 97 36 91 88 0 91 80 81 25 85 40 50 75 67 49 66 71 57 12 73 44 59 49 32 57 15 32 89 54 89 59 40 69 100 91 50 87 74 87 64 95 78 64 51 10 67 46 72 42 79 12 99 
53 86 21 45 57 27 34 82 62 40 44 65 37 21 83 47 75 64 75 30 84 26 24 73 78 35 82 72 14 58 58 24 91 0 17 32 66 18 92 51 30 28 87 27 20 34 79 49 69 51 68 66 77 83 103 14 65 44 42 94 49 54 54 65 42 30 17 27 5 66 32 63 88 64 76 38 72 56 80 15 
39 75 11 33 66 40 34 70 60 42 53 75 23 20 76 31 72 54 65 14 75 16 30 60 78 25 67 60 17 45 67 35 80 17 0 17 56 6 89 36 14 14 71 15 11 26 68 32 53 35 52 60 77 74 96 9 49 54 27 90 33 66 63 49 52 14 28 18 18 71 32 62 76 67 74 21 56 63 71 19 
38 76 12 34 82 56 48 69 71 57 69 92 6 34 82 26 82 58 67 10 77 11 46 58 89 33 63 61 26 46 83 52 81 32 17 0 58 14 97 32 7 19 62 23 24 35 70 18 46 27 44 67 89 78 102 18 40 70 23 98 20 82 79 41 68 8 45 29 31 86 45 73 75 80 84 11 50 78 74 27 
22 20 64 24 74 68 41 18 35 47 63 85 62 46 27 34 38 4 9 49 19 67 53 16 49 32 28 9 73 13 74 65 25 66 56 58 0 61 45 29 52 43 45 41 47 33 13 52 31 39 35 19 50 21 46 64 39 70 36 45 49 82 73 35 67 51 63 39 71 65 42 38 22 54 40 49 31 63 15 74 
43 80 5 37 71 44 40 74 66 48 58 80 19 26 82 34 79 59 70 15 80 10 35 64 84 31 70 65 14 50 72 39 85 18 6 14 61 0 95 39 14 18 73 20 17 32 73 31 56 36 54 66 83 80 102 5 51 59 30 96 32 70 68 51 57 14 32 24 18 77 38 68 80 73 80 21 59 68 76 15 
65 42 99 64 68 80 58 51 31 56 65 75 102 72 18 77 18 43 42 87 34 103 70 57 23 65 67 49 104 57 68 79 40 92 89 97 45 95 0 73 90 78 86 75 78 63 42 95 75 83 79 30 25 28 16 97 83 72 77 2 92 79 69 80 70 89 82 70 98 50 61 31 49 41 18 90 75 56 35 105 
7 45 41 12 82 65 42 37 54 52 68 92 34 38 56 6 62 30 36 25 48 42 50 26 71 23 32 30 53 17 82 60 50 51 36 32 29 39 73 0 26 23 37 25 31 26 39 23 18 10 18 44 72 50 75 43 17 73 9 74 19 86 80 15 70 25 55 27 54 78 42 57 44 70 64 21 21 73 44 54 
32 70 14 28 78 53 41 63 64 51 63 87 12 29 75 21 75 51 60 3 71 15 41 52 82 26 58 55 27 40 78 48 75 30 14 7 52 14 90 26 0 12 59 16 18 28 63 18 42 23 40 60 82 72 96 19 37 66 17 91 19 78 75 37 63 1 41 22 31 80 39 67 69 74 77 8 46 72 67 29 
26 62 22 19 67 45 30 56 52 39 53 77 25 19 65 19 63 41 52 10 62 25 31 46 70 14 54 47 31 32 68 40 67 28 14 19 43 18 78 23 12 0 59 4 9 16 55 27 41 24 40 49 70 62 85 22 38 56 15 79 26 69 64 37 54 11 34 10 31 69 28 54 62 62 65 16 44 61 58 33 
37 46 73 46 115 101 76 35 80 85 102 126 61 74 68 40 83 49 45 58 53 73 86 30 94 58 19 38 86 40 115 97 49 87 71 62 45 73 86 37 59 59 0 61 68 62 44 45 19 36 19 64 95 59 81 77 22 108 44 86 42 121 113 22 105 58 92 64 89 108 76 83 39 98 85 52 17 105 52 88 
26 61 24 19 63 41 25 56 48 35 49 73 29 14 62 22 60 39 50 14 60 28 27 46 66 11 55 46 32 31 63 37 66 27 15 23 41 20 75 25 16 4 61 0 7 12 54 31 43 28 42 46 66 60 82 23 41 52 17 76 30 65 60 39 49 16 31 6 30 64 23 50 62 58 61 20 45 57 56 33 
33 67 21 25 59 36 24 62 50 33 45 69 30 11 66 28 62 44 56 16 65 26 23 53 67 15 61 52 27 37 60 31 71 20 11 24 47 17 78 31 18 9 68 7 0 15 59 35 49 33 48 50 67 64 86 19 47 48 24 79 34 60 57 46 45 18 25 8 24 62 22 52 68 57 63 24 52 54 61 28 
24 53 36 16 56 40 16 49 36 26 42 66 41 14 51 25 48 30 42 25 51 40 24 41 54 4 51 39 42 25 56 36 57 34 26 35 33 32 63 26 28 16 62 12 15 0 45 40 43 33 43 34 54 49 71 34 43 47 23 64 38 60 54 41 44 27 32 7 38 54 15 39 55 47 49 31 45 48 46 43 
32 7 76 36 83 80 52 10 42 57 74 94 73 59 24 44 41 16 4 61 9 78 65 16 52 44 25 9 85 24 84 77 12 79 68 70 13 73 42 39 63 55 44 54 59 45 0 61 35 48 39 24 53 14 39 77 44 80 47 42 58 92 83 41 78 62 76 52 83 72 54 45 11 61 43 60 34 72 7 87 
30 68 30 31 94 71 55 58 74 65 80 104 17 45 79 18 83 53 59 19 70 29 58 47 92 36 49 52 44 39 94 66 73 49 32 18 52 31 95 23 18 27 45 31 35 40 61 0 32 14 28 66 92 73 98 36 24 83 18 96 4 95 91 25 80 19 59 36 49 94 54 77 65 87 85 11 35 87 67 45 
19 40 57 27 97 82 58 29 64 67 84 107 47 55 58 22 69 34 34 41 45 57 67 19 79 39 17 26 69 23 97 78 44 69 53 46 31 56 75 18 42 41 19 43 49 43 35 32 0 20 4 49 80 49 74 60 9 89 26 76 28 102 95 6 86 42 73 45 71 91 58 67 35 81 71 36 3 87 42 71 
17 54 37 21 88 69 49 45 64 59 75 99 27 42 66 7 72 40 46 22 57 37 55 34 81 29 36 38 50 26 89 64 59 51 35 27 39 36 83 10 23 24 36 28 33 33 48 14 20 0 17 53 81 60 85 41 14 78 10 83 10 92 86 14 76 22 59 32 53 86 48 67 51 78 74 16 23 81 53 51 
20 44 55 28 98 82 59 33 67 68 85 109 44 55 62 21 72 38 38 39 49 54 67 23 82 40 21 31 68 25 99 78 49 68 52 44 35 54 79 18 40 40 19 42 48 43 39 28 4 17 0 53 83 53 78 59 5 90 25 80 25 103 96 3 87 40 73 45 70 93 59 70 39 84 75 33 7 89 46 69 
36 29 70 34 60 61 34 34 18 36 51 70 72 45 16 47 19 15 22 57 23 74 47 34 30 35 46 26 76 28 60 58 32 66 60 67 19 66 30 44 60 49 64 46 50 34 24 66 49 53 53 0 31 18 37 68 56 58 48 31 62 69 59 53 55 59 59 42 71 47 36 20 35 37 22 60 49 48 20 77 
65 57 88 61 43 60 43 63 18 38 42 51 95 58 32 74 13 46 52 79 48 93 53 65 2 57 77 57 90 58 43 60 57 77 77 89 50 83 25 72 82 70 95 66 67 54 53 92 80 81 83 31 0 42 41 84 86 49 74 26 89 55 45 83 47 81 63 60 82 25 46 15 64 17 11 84 80 32 47 91 
43 15 83 44 77 79 52 24 34 55 69 87 83 62 10 55 29 21 15 69 7 86 65 30 40 49 40 23 91 34 77 77 15 83 74 78 21 80 28 50 72 62 59 60 64 49 14 73 49 60 53 18 42 0 25 83 58 76 57 28 69 87 77 54 74 71 76 57 88 63 54 36 22 52 31 70 48 65 7 93 
68 36 106 68 83 94 69 46 44 69 79 91 107 81 20 80 32 45 40 93 29 110 82 55 39 72 62 48 113 58 83 92 32 103 96 102 46 102 16 75 96 85 81 82 86 71 39 98 74 85 78 37 41 25 0 105 82 86 81 15 94 95 84 79 84 95 94 78 108 66 71 45 42 57 33 94 72 71 32 114 
47 84 7 41 70 41 41 78 68 48 56 78 23 26 85 38 80 63 73 19 83 12 35 68 85 34 75 69 9 54 70 37 89 14 9 18 64 5 97 43 19 22 77 23 19 34 77 36 60 41 59 68 84 83 105 0 56 57 34 98 37 68 66 56 55 19 30 27 13 77 38 70 84 73 82 26 64 68 79 11 
21 49 51 29 99 82 59 38 69 69 85 109 40 54 66 19 75 41 43 36 54 51 67 28 85 40 26 35 64 28 99 77 54 65 49 40 39 51 83 17 37 38 22 41 47 43 44 24 9 14 5 56 86 58 82 56 0 90 23 84 21 103 97 4 87 36 72 44 67 95 59 72 44 86 78 30 12 90 51 66 
70 87 63 62 14 17 31 88 43 23 7 22 76 37 71 72 54 65 77 64 81 68 25 83 50 50 95 78 57 69 14 20 89 44 54 70 70 59 72 73 66 56 108 52 48 47 80 83 89 78 90 58 49 76 86 57 90 0 68 73 82 13 10 88 3 65 27 47 48 27 31 42 91 31 54 72 91 18 77 58 
15 54 31 13 78 59 39 46 56 49 64 89 26 31 62 4 65 36 44 15 55 33 44 35 73 19 41 38 43 23 79 54 59 42 27 23 36 30 77 9 17 15 44 17 24 23 47 18 26 10 25 48 74 57 81 34 23 68 0 78 16 81 76 22 66 16 49 21 45 77 38 58 52 69 67 13 30 71 51 45 
66 42 100 65 69 82 60 51 33 57 67 77 103 73 18 78 20 43 42 88 34 104 72 58 24 66 67 50 105 57 69 81 40 94 90 98 45 96 2 74 91 79 86 76 79 64 42 96 76 83 80 31 26 28 15 98 84 73 78 0 93 81 71 80 72 90 83 72 99 52 62 33 49 43 20 91 75 58 35 106 
27 64 32 29 92 70 54 55 71 64 78 102 19 44 75 15 80 50 56 19 67 31 57 44 89 34 45 48 46 36 93 66 69 49 33 20 49 32 92 19 19 26 42 30 34 38 58 4 28 10 25 62 89 69 94 37 21 82 16 93 0 95 90 22 79 19 59 35 50 92 52 74 61 85 82 11 32 86 63 47 
83 98 74 75 12 27 44 100 53 36 19 12 88 50 80 85 63 78 89 76 92 79 37 96 57 63 108 91 67 82 12 31 100 54 66 82 82 70 79 86 78 69 121 65 60 60 92 95 102 92 103 69 55 87 95 68 103 13 81 81 95 0 10 101 16 78 38 60 58 30 44 51 103 38 62 84 104 23 89 68 
76 89 73 68 4 27 37 91 43 28 11 13 86 46 70 79 52 69 80 73 82 78 33 88 47 57 100 82 67 74 4 30 91 54 63 79 73 68 69 80 75 64 113 60 57 54 83 91 95 86 96 59 45 77 84 66 97 10 76 71 90 10 0 94 12 74 37 55 58 21 38 41 94 28 51 80 97 13 79 68 
18 45 51 26 96 80 57 35 66 66 83 107 41 53 62 18 72 38 39 36 50 51 65 25 82 38 24 31 65 25 97 76 50 65 49 41 35 51 80 15 37 37 22 39 46 41 41 25 6 14 3 53 83 54 79 56 4 88 22 80 22 101 94 0 85 36 70 42 67 92 57 69 41 83 74 30 10 87 47 66 
67 84 61 59 15 16 28 85 41 20 5 24 74 35 68 69 52 63 74 61 78 66 22 81 49 47 92 75 56 66 16 18 87 42 52 68 67 57 70 70 63 54 105 49 45 44 78 80 86 76 87 55 47 74 84 55 87 3 66 72 79 16 12 85 0 63 25 45 46 27 29 40 89 30 52 69 88 17 75 57 
31 69 15 27 77 52 41 62 63 50 63 86 13 28 74 20 74 50 59 2 70 16 41 52 81 25 57 53 28 39 77 48 74 30 14 8 51 14 89 25 1 11 58 16 18 27 62 19 42 22 40 59 81 71 95 19 36 65 16 90 19 78 74 36 63 0 41 21 32 79 39 66 68 73 76 8 45 72 66 29 
55 83 36 47 40 12 25 81 51 26 28 48 51 18 74 53 64 60 72 40 79 41 11 73 65 35 83 70 30 57 41 7 87 17 28 45 63 32 82 55 41 34 92 31 25 32 76 59 73 59 73 59 63 76 94 30 72 27 49 83 59 38 37 70 25 41 0 28 21 50 23 51 86 49 64 48 76 40 75 31 
27 59 29 19 58 38 20 55 43 29 44 68 35 10 58 25 55 37 48 20 57 33 23 46 61 8 55 45 35 30 58 33 64 27 18 29 39 24 70 27 22 10 64 6 8 7 52 36 45 32 45 42 60 57 78 27 44 47 21 72 35 60 55 42 45 21 28 0 32 58 18 45 60 52 56 26 47 51 53 36 
57 91 20 49 61 31 40 86 67 45 49 68 36 26 88 49 80 68 80 31 89 24 30 77 83 39 85 76 10 61 62 28 95 5 18 31 71 18 98 54 31 31 89 30 24 38 83 49 71 53 70 71 82 88 108 13 67 48 45 99 50 58 58 67 46 32 21 32 0 71 37 69 92 69 81 39 74 61 85 10 
73 77 82 67 18 42 39 81 30 29 23 25 92 52 55 79 36 60 69 78 69 87 42 80 28 58 92 73 79 69 18 44 78 66 71 86 65 77 50 78 80 69 108 64 62 54 72 94 91 86 93 47 25 63 66 77 95 27 77 52 92 30 21 92 27 79 50 58 71 0 41 27 83 11 34 84 92 10 67 80 
39 61 43 31 40 27 3 60 30 11 27 51 52 12 52 41 43 38 50 37 57 47 12 54 47 19 65 50 44 38 41 23 64 32 32 45 42 38 61 42 39 28 76 23 22 15 54 54 58 48 59 36 46 54 71 38 59 31 38 62 52 44 38 57 29 39 23 18 37 41 0 31 64 35 44 44 60 33 53 45 
51 49 73 46 41 49 29 54 3 25 35 50 79 43 29 60 13 34 42 64 42 77 40 54 16 41 66 46 75 44 41 48 51 63 62 73 38 68 31 57 67 54 83 50 52 39 45 77 67 67 70 20 15 36 45 70 72 42 58 33 74 51 41 69 40 66 51 45 69 27 31 0 56 16 13 69 67 28 40 77 
38 7 83 43 95 91 63 6 53 68 85 105 78 68 33 49 51 26 14 67 16 85 76 17 62 53 20 16 93 31 95 88 10 88 76 75 22 80 49 44 69 62 39 62 68 55 11 65 35 51 39 35 64 22 42 84 44 91 52 49 61 103 94 41 89 68 86 60 92 83 64 56 0 72 53 65 32 83 16 95 
64 66 78 58 26 44 33 70 19 25 25 35 86 47 44 71 25 50 58 72 58 82 39 70 19 50 82 62 77 59 26 44 67 64 67 80 54 73 41 70 74 62 98 58 57 47 61 87 81 78 84 37 17 52 57 73 86 31 69 43 85 38 28 83 30 73 49 52 69 11 35 16 72 0 24 78 82 15 56 78 
57 46 85 54 50 62 42 53 14 38 47 59 90 56 22 67 3 37 41 74 38 89 53 55 9 52 67 47 88 50 50 62 46 76 74 84 40 80 18 64 77 65 85 61 63 49 43 85 71 74 75 22 11 31 33 82 78 54 67 20 82 62 51 74 52 76 64 56 81 34 44 13 53 24 0 78 71 38 37 89 
28 67 21 26 83 59 45 59 66 55 69 93 13 34 74 16 76 49 57 8 68 21 47 48 84 28 52 51 35 37 84 55 72 38 21 11 49 21 90 21 8 16 52 20 24 31 60 11 36 16 33 60 84 70 94 26 30 72 13 91 11 84 80 30 69 8 48 26 39 84 44 69 65 78 78 0 39 77 64 36 
21 37 60 29 98 84 60 27 65 68 85 109 50 57 57 25 68 34 33 44 43 60 69 17 79 42 14 25 73 23 99 80 42 72 56 50 31 59 75 21 46 44 17 45 52 45 34 35 3 23 7 49 80 48 72 64 12 91 30 75 32 104 97 10 88 45 76 47 74 92 60 67 32 82 71 39 0 88 41 74 
69 77 73 61 12 32 32 80 30 22 13 22 84 44 58 73 39 59 69 70 70 78 33 78 34 52 90 71 70 65 12 34 79 56 63 78 63 68 56 73 72 61 105 57 54 48 72 87 87 81 89 48 32 65 71 68 90 18 71 58 86 23 13 87 17 72 40 51 61 10 33 28 83 15 38 77 88 0 67 71 
37 10 79 39 80 79 51 17 37 55 71 90 77 59 17 49 34 17 8 64 4 82 65 23 45 46 33 16 88 28 80 76 12 80 71 74 15 76 35 44 67 58 52 56 61 46 7 67 42 53 46 20 47 7 32 79 51 77 51 35 63 89 79 47 75 66 75 53 85 67 53 40 16 56 37 64 41 67 0 89 
58 94 15 52 71 42 48 89 75 54 59 79 30 33 94 49 88 73 84 30 93 17 39 79 92 43 86 79 1 64 72 38 99 15 19 27 74 15 105 54 29 33 88 33 28 43 87 45 71 51 69 77 91 93 114 11 66 58 45 106 47 68 68 66 57 29 31 36 10 80 45 77 95 78 89 36 74 71 89 0 
0 30 116 76 1217 31 60 244 2023 76 26 240 43 24 2390 22 21 449 10 1917 241 191 413 86 144 37 132 140 141 27 35 111 96 491 13 83 440 11 318 45 177 276 203 18 3000 355 2687 59 236 20 25 3000 109 238 155 195 178 22 447 91 1125 36 87 347 386 357 14 440 433 40 474 342 11 172 60 1291 178 9 30 185 
30 0 117 1958 0 12 69 16 95 205 12 478 292 421 0 0 8 343 135 97 0 543 0 448 1645 0 28 145 1307 0 369 8 0 0 18 0 434 134 37 0 17 0 111 0 16 1093 10 130 19 0 19 137 357 332 0 0 30 1578 9 0 0 128 0 59 349 403 107 337 1451 0 16 0 0 204 1021 0 170 0 113 55 
116 117 0 127 0 101 28 0 0 84 1173 57 603 248 0 0 508 213 236 59 0 168 0 92 1096 0 3000 0 0 123 193 93 0 9 99 15 18 0 123 0 185 0 21 26 63 44 23 47 2037 0 1454 287 28 129 0 732 34 63 163 0 0 0 0 23 33 33 146 509 3000 0 720 0 0 218 12 0 21 0 3000 283 
76 1958 127 0 27 58 172 110 2928 0 25 61 12 723 0 23 93 699 227 25 597 74 0 109 9 0 482 977 13 18 31 993 0 8 10 2334 24 58 673 0 114 0 476 0 1454 15 151 148 295 0 2208 62 226 392 71 2079 137 836 31 0 738 1997 88 2510 682 11 13 142 11 325 191 53 442 29 203 77 29 0 55 259 
1217 0 0 27 0 877 9 18 67 0 0 116 0 0 1634 27 25 262 17 154 10 0 0 0 111 0 0 825 101 0 0 0 588 979 0 0 123 34 0 94 8 505 297 0 0 173 64 0 376 94 1583 0 8 0 12 0 222 0 0 0 71 229 3000 0 0 737 1109 0 493 11 0 9 452 33 0 1800 15 0 0 164 
31 12 101 58 877 0 1636 16 571 211 26 106 242 3000 84 1059 1034 41 26 989 292 12 112 631 31 769 90 21 1038 61 129 149 59 293 606 117 8 85 37 470 198 427 416 8 612 2867 15 212 11 53 234 59 26 452 113 153 24 68 58 21 467 47 201 38 16 53 1286 105 1270 518 83 107 18 356 95 509 2253 8 81 609 
60 69 28 172 9 1636 0 23 15 0 632 14 0 785 17 162 200 597 14 10 138 233 0 75 34 0 72 9 13 853 38 0 2735 43 26 488 52 39 0 8 834 239 16 0 468 2620 12 713 93 200 1743 2316 111 0 237 0 9 865 8 0 149 37 1222 21 50 83 60 0 103 88 0 1205 11 2333 34 33 493 0 145 201 
244 16 0 110 18 16 23 0 508 0 34 545 0 30 102 76 283 33 34 13 436 858 0 538 47 0 18 46 1105 21 11 0 36 7 10 0 27 147 0 59 48 35 73 0 0 9 109 416 531 544 775 172 115 0 161 0 69 129 31 0 320 232 2141 0 342 11 158 0 629 1432 0 16 14 2219 10 1059 40 0 112 7 
2023 95 0 2928 67 571 15 508 0 0 0 2953 28 222 66 57 1164 12 24 2581 505 68 70 202 735 0 110 9 55 22 103 0 86 355 739 480 19 804 0 102 43 243 712 0 0 8 139 22 233 239 50 44 712 0 354 0 146 96 230 0 3000 209 2864 0 55 49 10 0 399 256 0 1188 16 16 0 227 55 9 533 11 
76 205 84 0 0 211 0 0 0 0 78 13 467 44 0 216 0 0 0 0 0 101 84 31 0 159 310 0 0 237 199 209 0 1923 618 627 85 0 38 209 0 0 0 68 152 287 21 181 0 0 0 219 111 706 0 140 0 126 145 149 0 0 0 354 0 84 0 159 0 0 18 0 0 66 253 0 0 8 104 15 
26 12 1173 25 0 26 632 34 0 78 0 88 0 24 0 0 481 203 393 492 0 831 0 65 10 0 2777 12 114 0 9 319 0 0 3000 0 44 111 1025 0 797 0 327 0 101 18 60 52 972 0 196 250 283 42 0 0 585 768 702 0 0 96 0 1289 281 48 49 801 1072 0 58 0 0 224 17 0 124 0 618 0 
240 478 57 61 116 106 14 545 2953 13 88 0 2147 1100 1106 54 22 54 15 3000 11 410 0 32 17 0 590 214 783 24 36 27 27 2433 101 38 29 21 10 453 2613 73 2899 207 54 303 15 21 55 1069 12 130 296 22 12 28 100 76 128 32 203 140 10 471 380 68 65 21 136 20 102 25 12 20 24 89 254 0 3000 43 
43 292 603 12 0 242 0 0 28 467 0 2147 0 59 35 16 12 0 231 0 729 10 18 41 60 8 108 53 0 599 9 92 137 21 13 1791 26 16 105 9 703 22 293 53 15 78 35 396 566 283 41 25 3000 39 0 568 0 1041 51 17 67 23 30 185 0 38 259 12 43 0 79 0 0 46 128 0 240 420 13 218 
24 421 248 723 0 3000 785 30 222 44 24 1100 59 0 17 556 168 78 45 3000 83 18 1344 46 45 1318 174 29 3000 3000 23 135 486 707 18 1510 12 26 125 608 118 374 167 297 281 196 554 339 61 451 279 23 835 210 97 3000 15 21 66 39 8 44 332 26 0 8 647 400 9 43 16 41 76 1008 16 196 15 24 164 22 
2390 0 0 0 1634 84 17 102 66 0 0 1106 35 17 0 492 0 0 436 0 397 32 115 12 102 276 8 98 842 37 0 0 48 39 0 24 44 11 0 297 10 44 1830 38 0 9 62 0 170 937 0 431 155 0 1107 8 0 39 1676 310 233 14 612 0 0 49 549 0 0 275 0 183 34 112 0 194 31 11 2972 67 
22 0 0 23 27 1059 162 76 57 216 0 54 16 556 492 0 12 129 3000 0 645 60 68 24 150 142 1161 14 244 55 3000 9 15 10 212 62 128 32 0 913 117 39 29 14 169 180 47 0 16 45 337 10 79 113 3000 409 77 86 408 2398 19 42 265 3000 0 333 1371 731 0 255 25 34 55 15 0 50 1994 110 12 80 
21 8 508 93 25 1034 200 283 1164 0 481 22 12 168 0 12 0 14 1375 33 20 166 0 2303 3000 0 114 110 10 407 405 0 0 75 320 145 205 1997 39 151 9 11 43 0 45 372 213 272 20 1443 372 1669 47 109 10 0 1049 18 104 0 35 120 62 65 776 153 122 25 32 565 0 324 413 285 459 105 1471 0 42 277 
449 343 213 699 262 41 597 33 12 0 203 54 0 78 0 129 14 0 1976 2431 10 17 0 31 409 0 16 9 287 0 37 0 0 67 36 0 411 430 10 0 45 66 40 0 382 81 558 9 107 66 266 135 1118 0 965 0 882 295 174 0 21 180 8 73 186 295 807 0 18 286 0 27 632 104 93 15 171 0 11 11 
10 135 236 227 17 26 14 34 24 0 393 15 231 45 436 3000 1375 1976 0 16 201 28 655 170 1761 0 1781 94 531 34 11 0 612 3000 38 363 254 23 14 162 26 22 545 0 26 19 159 737 1647 74 11 475 458 119 189 103 1211 1388 267 0 2283 1616 47 24 96 116 173 307 51 802 0 60 111 1407 476 14 21 156 29 98 
1917 97 59 25 154 989 10 13 2581 0 492 3000 0 3000 0 0 33 2431 16 0 0 11 0 26 23 0 1300 13 33 0 73 0 0 0 11 0 573 398 11 0 30 0 1159 0 12 32 51 30 122 0 101 209 24 64 0 0 30 147 0 0 13 54 20 23 7 197 15 17 121 0 0 0 0 1551 426 0 16 0 83 1130 
241 0 0 597 10 292 138 436 505 0 0 11 729 83 397 645 20 10 201 0 0 39 80 0 266 0 0 59 11 177 0 0 453 57 0 330 166 862 0 496 66 612 509 0 0 133 489 0 17 104 319 0 2644 0 7 0 235 44 50 33 156 782 1076 0 0 78 3000 0 0 176 0 27 1026 73 0 988 29 10 0 962 
191 543 168 74 0 12 233 858 68 101 831 410 10 18 32 60 166 17 28 11 39 0 39 19 194 190 53 21 1048 236 581 279 13 11 2167 35 158 180 31 55 16 61 864 267 2479 140 240 18 48 47 252 87 2858 8 20 64 1119 217 9 731 57 456 35 71 81 2848 74 2811 34 121 15 201 144 98 122 375 12 1981 41 39 
413 0 0 0 0 112 0 0 70 84 0 0 18 1344 115 68 0 0 655 0 80 39 0 33 0 274 86 0 0 474 0 17 40 73 0 48 262 26 0 16 423 1185 628 48 0 627 11 0 157 277 0 427 31 0 9 62 0 88 508 10 82 0 51 0 0 212 0 7 0 3000 0 1252 384 0 0 287 41 187 247 161 
86 448 92 109 0 631 75 538 202 31 65 32 41 46 12 24 2303 31 170 26 0 19 33 0 60 83 1068 1037 164 15 45 158 1382 132 3000 934 549 17 163 22 20 12 29 44 331 115 136 92 3000 104 11 75 200 405 0 127 21 311 216 119 8 8 196 150 0 303 14 135 2132 0 20 0 0 24 43 0 13 871 24 10 
144 1645 1096 9 111 31 34 47 735 0 10 17 60 45 102 150 3000 409 1761 23 266 194 0 60 0 0 11 62 288 184 226 0 158 82 11 18 855 695 934 479 9 19 1779 0 16 170 404 26 80 20 8 331 210 423 99 129 714 142 854 0 78 577 41 171 1350 208 18 87 39 2331 0 161 9 70 145 277 33 0 34 822 
37 0 0 0 0 769 0 0 0 159 0 0 8 1318 276 142 0 0 0 0 0 190 274 83 0 0 277 0 0 176 0 31 416 48 0 562 16 0 0 349 0 38 1138 14 0 330 121 0 0 71 0 30 35 0 0 16 0 54 69 8 0 0 0 0 0 213 0 24 0 0 148 0 0 0 0 0 969 337 373 607 
132 28 3000 482 0 90 72 18 110 310 2777 590 108 174 8 1161 114 16 1781 1300 0 53 86 1068 11 277 0 104 29 486 27 796 119 657 67 28 119 66 8 65 494 375 1001 39 95 13 184 57 939 285 50 536 17 73 0 31 181 205 155 107 1950 34 28 3000 88 25 625 47 13 0 48 0 0 18 40 0 86 86 44 99 
140 145 0 977 825 21 9 46 9 0 12 214 53 29 98 14 110 9 94 13 59 21 0 1037 62 0 104 0 1552 11 71 0 11 420 38 127 633 141 0 100 101 208 3000 0 20 67 25 213 292 8 7 9 1192 0 39 0 1887 98 8 0 308 1008 91 154 70 19 3000 0 82 14 0 1385 274 68 2729 232 18 0 797 79 
141 1307 0 13 101 1038 13 1105 55 0 114 783 0 3000 842 244 10 287 531 33 11 1048 0 164 288 0 29 1552 0 138 25 0 25 406 10 10 58 73 0 36 316 40 15 0 66 119 3000 100 33 21 2004 261 11 0 262 0 26 255 14 0 18 114 153 69 21 66 542 0 75 3000 0 2122 15 28 48 447 24 0 159 25 
27 0 123 18 0 61 853 21 22 237 0 24 599 3000 37 55 407 0 34 0 177 236 474 15 184 176 486 11 138 0 827 11 15 378 300 84 89 249 66 3000 109 523 62 142 7 256 22 0 9 21 1664 10 2254 253 770 13 0 451 35 688 273 303 101 140 0 45 498 19 0 419 250 36 1880 1525 0 1096 103 20 332 405 
35 369 193 31 0 129 38 11 103 199 9 36 9 23 0 3000 405 37 11 73 0 581 0 45 226 0 27 71 25 827 0 128 0 63 120 564 8 50 263 0 198 0 38 508 196 188 23 17 146 0 740 145 2369 115 0 91 246 1372 279 0 483 21 31 962 2153 108 26 333 411 0 48 0 0 22 12 0 81 0 3000 285 
111 8 93 993 0 149 0 0 0 209 319 27 92 135 0 9 0 0 0 0 0 279 17 158 0 31 796 0 0 11 128 0 0 57 69 44 212 0 1184 9 0 0 180 1021 57 1238 128 2128 2042 0 24 101 70 293 0 20 0 38 55 64 0 0 0 185 0 117 0 16 51 0 374 0 0 29 63 0 21 17 1034 45 
96 0 0 0 588 59 2735 36 86 0 0 27 137 486 48 15 0 0 612 0 453 13 40 1382 158 416 119 11 25 15 0 0 0 660 0 65 36 478 0 366 54 33 488 708 0 3000 156 0 73 25 0 117 16 0 2036 48 0 476 9 367 45 202 138 0 0 36 53 0 0 108 0 14 691 1139 0 82 2473 67 181 122 
491 0 9 8 979 293 43 7 355 1923 0 2433 21 707 39 10 75 67 3000 0 57 11 73 132 82 48 657 420 406 378 63 57 660 0 2681 1789 1940 112 13 2237 3000 21 145 114 18 652 467 0 562 24 517 152 82 419 3000 2450 47 9 2189 10 17 439 167 13 0 149 16 13 0 60 9 206 97 32 0 747 114 93 327 60 
13 18 99 10 0 606 26 10 739 618 3000 101 13 18 0 212 320 36 38 11 0 2167 0 3000 11 0 67 38 10 300 120 69 0 2681 0 96 1391 19 21 0 68 0 222 265 56 246 825 44 783 0 38 1075 13 15 0 635 1323 122 56 0 501 116 105 10 9 288 3000 116 172 0 961 0 0 396 960 0 2793 0 314 28 
83 0 15 2334 0 117 488 0 480 627 0 38 1791 1510 24 62 145 0 363 0 330 35 48 934 18 562 28 127 10 84 564 44 65 1789 96 0 254 129 211 51 367 40 348 43 602 551 750 3000 2306 14 17 16 677 70 2246 41 0 156 40 75 535 3000 430 37 0 167 18 29 377 21 23 24 265 410 35 99 448 1285 707 42 
440 434 18 24 123 8 52 27 19 85 44 29 26 12 44 128 205 411 254 573 166 158 262 549 855 16 119 633 58 89 8 212 36 1940 1391 254 0 237 474 95 22 36 744 3000 114 124 911 298 250 1961 159 10 25 101 192 14 250 50 19 831 232 63 307 278 1516 185 3000 49 165 80 1223 17 68 289 16 184 3000 65 31 55 
11 134 0 58 34 85 39 147 804 0 111 21 16 26 11 32 1997 430 23 398 862 180 26 17 695 0 66 141 73 249 50 0 478 112 19 129 237 0 0 488 8 123 60 0 266 233 45 514 41 137 1764 295 28 0 18 55 105 153 8 907 2021 129 744 7 234 17 727 0 20 340 0 63 730 9 33 15 396 37 614 945 
318 37 123 673 0 37 0 0 0 38 1025 10 105 125 0 0 39 10 14 11 0 31 0 163 934 0 8 0 0 66 263 1184 0 13 21 211 474 0 0 0 0 0 83 21 44 264 702 154 1831 0 204 83 122 63 0 144 467 95 62 0 0 0 0 1116 112 58 0 36 193 0 233 0 0 223 159 0 1220 0 54 685 
45 0 0 0 94 470 8 59 102 209 0 453 9 608 297 913 151 0 162 0 496 55 16 22 479 349 65 100 36 3000 0 9 366 2237 0 51 95 488 0 0 141 318 708 65 0 58 699 0 1074 852 68 3000 16 0 23 291 0 13 900 22 319 1210 146 0 0 55 201 539 0 72 670 277 177 7 0 18 43 92 217 23 
177 17 185 114 8 198 834 48 43 0 797 2613 703 118 10 117 9 45 26 30 66 16 423 20 9 0 494 101 316 109 198 0 54 3000 68 367 22 8 0 141 0 172 47 0 647 13 119 504 11 23 3000 182 13 0 14 13 21 1271 2781 9 22 24 13 19 108 9 213 8 299 143 0 1102 85 15 88 141 11 7 197 12 
276 0 0 0 505 427 239 35 243 0 0 73 22 374 44 39 11 66 22 0 612 61 1185 12 19 38 375 208 40 523 0 0 33 21 0 40 36 123 0 318 172 0 65 0 0 297 596 0 112 73 8 684 7 0 78 16 176 749 3000 22 1472 3000 128 0 0 86 273 0 0 11 0 9 82 28 0 141 419 139 26 147 
203 111 21 476 297 416 16 73 712 0 327 2899 293 167 1830 29 43 40 545 1159 509 864 628 29 1779 1138 1001 3000 15 62 38 180 488 145 222 348 744 60 83 708 47 65 0 86 384 267 13 1185 20 666 17 168 8 281 15 16 831 9 38 19 16 3000 55 32 209 1017 347 15 193 157 1426 244 293 427 369 11 51 112 361 14 
18 0 26 0 0 8 0 0 0 68 0 207 53 297 38 14 0 0 0 0 0 267 48 44 0 14 39 0 0 142 508 1021 708 114 265 43 3000 0 21 65 0 0 86 0 435 879 970 0 0 0 0 3000 32 209 0 181 0 182 106 97 0 0 0 24 0 1584 0 15 0 0 13 0 0 1419 25 0 248 47 26 87 
3000 16 63 1454 0 612 468 0 0 152 101 54 15 281 0 169 45 382 26 12 0 2479 0 331 16 0 95 20 66 7 196 57 0 18 56 602 114 266 44 0 647 0 384 435 0 154 53 331 204 0 18 348 344 565 0 577 13 616 24 0 0 8 0 64 133 359 1100 293 80 0 7 0 0 15 1411 0 120 0 622 8 
355 1093 44 15 173 2867 2620 9 8 287 18 303 78 196 9 180 372 81 19 32 133 140 627 115 170 330 13 67 119 256 188 1238 3000 652 246 551 124 233 264 58 13 297 267 879 154 0 262 183 67 9 729 20 169 14 171 1607 1697 19 2119 889 344 312 110 1455 0 475 507 53 99 130 23 170 102 18 173 95 8 116 874 13 
2687 10 23 151 64 15 12 109 139 21 60 15 35 554 62 47 213 558 159 51 489 240 11 136 404 121 184 25 3000 22 23 128 156 467 825 750 911 45 702 699 119 596 13 970 53 262 0 18 629 535 515 16 268 173 11 119 237 131 265 73 1069 35 171 47 33 220 40 661 99 1193 229 113 569 466 150 23 32 57 22 17 
59 130 47 148 0 212 713 416 22 181 52 21 396 339 0 0 272 9 737 30 0 18 0 92 26 0 57 213 100 0 17 2128 0 0 44 3000 298 514 154 0 504 0 1185 0 331 183 18 0 144 0 177 38 35 130 0 0 10 389 14 0 0 19 798 1400 2423 118 127 605 137 0 51 0 0 11 3000 0 449 0 8 23 
236 19 2037 295 376 11 93 531 233 0 972 55 566 61 170 16 20 107 1647 122 17 48 157 3000 80 0 939 292 33 9 146 2042 73 562 783 2306 250 41 1831 1074 11 112 20 0 204 67 629 144 0 24 142 13 92 9 251 231 137 10 192 1548 250 307 7 111 1937 1002 106 21 96 66 0 376 135 1683 41 86 97 201 759 861 
20 0 0 0 94 53 200 544 239 0 0 1069 283 451 937 45 1443 66 74 0 104 47 277 104 20 71 285 8 21 21 0 0 25 24 0 14 1961 137 0 852 23 73 666 0 0 9 535 0 24 0 17 2378 53 0 23 556 0 109 235 26 2183 305 412 0 0 473 460 0 0 684 0 2053 56 25 0 500 62 230 1037 1638 
25 19 1454 2208 1583 234 1743 775 50 0 196 12 41 279 0 337 372 266 11 101 319 252 0 11 8 0 50 7 2004 1664 740 24 0 517 38 17 159 1764 204 68 3000 8 17 0 18 729 515 177 142 17 0 12 178 88 22 0 91 972 3000 0 518 58 78 182 20 409 106 2724 1858 69 69 107 88 82 229 266 703 0 17 47 
3000 137 287 62 0 59 2316 172 44 219 250 130 25 23 431 10 1669 135 475 209 0 87 427 75 331 30 536 9 261 10 145 101 117 152 1075 16 10 295 83 3000 182 684 168 3000 348 20 16 38 13 2378 12 0 753 222 0 38 978 3000 410 981 102 44 22 54 268 3000 234 314 16 0 3000 0 0 89 264 0 15 2118 625 19 
109 357 28 226 8 26 111 115 712 111 283 296 3000 835 155 79 47 1118 458 24 2644 2858 31 200 210 35 17 1192 11 2254 2369 70 16 82 13 677 25 28 122 16 13 7 8 32 344 169 268 35 92 53 178 753 0 3000 65 949 217 86 120 1213 185 50 997 202 99 233 421 94 33 30 731 335 57 25 611 149 60 433 3000 689 
238 332 129 392 0 452 0 0 0 706 42 22 39 210 0 113 109 0 119 64 0 8 0 405 423 0 73 0 0 253 115 293 0 419 15 70 101 0 63 0 0 0 281 209 565 14 173 130 9 0 88 222 3000 0 0 74 45 55 41 0 0 0 0 396 1678 187 0 1151 174 0 2047 0 0 10 69 0 1422 0 14 591 
155 0 0 71 12 113 237 161 354 0 0 12 0 97 1107 3000 10 965 189 0 7 20 9 0 99 0 0 39 262 770 0 0 2036 3000 0 2246 192 18 0 23 14 78 15 0 0 171 11 0 251 23 22 0 65 0 0 0 666 25 181 0 3000 663 29 0 0 55 232 0 0 58 0 1966 9 20 0 334 60 35 0 97 
195 0 732 2079 0 153 0 0 0 140 0 28 568 3000 8 409 0 0 103 0 0 64 62 127 129 16 31 0 0 13 91 20 48 2450 635 41 14 55 144 291 13 16 16 181 577 1607 119 0 231 556 0 38 949 74 0 0 0 59 295 39 0 0 401 1864 0 16 0 35 0 0 23 0 0 50 20 0 163 39 101 3000 
178 30 34 137 222 24 9 69 146 0 585 100 0 15 0 77 1049 882 1211 30 235 1119 0 21 714 0 181 1887 26 0 246 0 0 47 1323 0 250 105 467 0 21 176 831 0 13 1697 237 10 137 0 91 978 217 45 666 0 0 136 76 0 45 3000 228 80 70 10 324 60 87 95 0 26 41 108 13 3000 460 0 284 34 
22 1578 63 836 0 68 865 129 96 126 768 76 1041 21 39 86 18 295 1388 147 44 217 88 311 142 54 205 98 255 451 1372 38 476 9 122 156 50 153 95 13 1271 749 9 182 616 19 131 389 10 109 972 3000 86 55 25 59 136 0 776 8 443 509 17 59 0 41 1105 76 21 1772 34 46 11 3000 41 706 9 486 338 3000 
447 9 163 31 0 58 8 31 230 145 702 128 51 66 1676 408 104 174 267 0 50 9 508 216 854 69 155 8 14 35 279 55 9 2189 56 40 19 8 62 900 2781 3000 38 106 24 2119 265 14 192 235 3000 410 120 41 181 295 76 776 0 1711 81 70 1205 20 0 132 15 211 80 277 305 238 44 17 21 197 334 253 19 133 
91 0 0 0 0 21 0 0 0 149 0 32 17 39 310 2398 0 0 0 0 33 731 10 119 0 8 107 0 0 688 0 64 367 10 0 75 831 907 0 22 9 22 19 97 0 889 73 0 1548 26 0 981 1213 0 0 39 0 8 1711 0 260 0 438 0 0 264 0 70 0 0 190 0 0 0 0 0 171 20 40 3000 
1125 0 0 738 71 467 149 320 3000 0 0 203 67 8 233 19 35 21 2283 13 156 57 82 8 78 0 1950 308 18 273 483 0 45 17 501 535 232 2021 0 319 22 1472 16 0 0 344 1069 0 250 2183 518 102 185 0 3000 0 45 443 81 260 0 18 1251 0 0 153 10 0 75 215 0 457 197 563 0 3000 330 234 79 10 
36 128 0 1997 229 47 37 232 209 0 96 140 23 44 14 42 120 180 1616 54 782 456 0 8 577 0 34 1008 114 303 21 0 202 439 116 3000 63 129 0 1210 24 3000 3000 0 8 312 35 19 307 305 58 44 50 0 663 0 3000 509 70 0 18 0 469 168 7 324 469 0 930 110 0 7 1594 54 9 8 445 0 1136 1115 
87 0 0 88 3000 201 1222 2141 2864 0 0 10 30 332 612 265 62 8 47 20 1076 35 51 196 41 0 28 91 153 101 31 0 138 167 105 430 307 744 0 146 13 128 55 0 0 110 171 798 7 412 78 22 997 0 29 401 228 17 1205 438 1251 469 0 0 0 377 54 0 91 27 0 202 405 272 0 36 52 360 555 341 
347 59 23 2510 0 38 21 0 0 354 1289 471 185 26 0 3000 65 73 24 23 0 71 0 150 171 0 3000 154 69 140 962 185 0 13 10 37 278 7 1116 0 19 0 32 24 64 1455 47 1400 111 0 182 54 202 396 0 1864 80 59 20 0 0 168 0 0 3000 17 672 1472 45 0 121 0 0 62 29 0 24 0 9 1714 
386 349 33 682 0 16 50 342 55 0 281 380 0 0 0 0 776 186 96 7 0 81 0 0 1350 0 88 70 21 0 2153 0 0 0 9 0 1516 234 112 0 108 0 209 0 133 0 33 2423 1937 0 20 268 99 1678 0 0 70 0 0 0 0 7 0 3000 0 1835 21 0 8 0 0 0 0 263 40 0 757 0 75 0 
357 403 33 11 737 53 83 11 49 84 48 68 38 8 49 333 153 295 116 197 78 2848 212 303 208 213 25 19 66 45 108 117 36 149 288 167 185 17 58 55 9 86 1017 1584 359 475 220 118 1002 473 409 3000 233 187 55 16 10 41 132 264 153 324 377 17 1835 0 17 92 242 282 177 923 66 371 198 65 158 541 37 13 
14 107 146 13 1109 1286 60 158 10 0 49 65 259 647 549 1371 122 807 173 15 3000 74 0 14 18 0 625 3000 542 498 26 0 53 16 3000 18 3000 727 0 201 213 273 347 0 1100 507 40 127 106 460 106 234 421 0 232 0 324 1105 15 0 10 469 54 672 21 17 0 0 154 511 0 1343 22 65 3000 27 11 0 77 1050 
440 337 509 142 0 105 0 0 0 159 801 21 12 400 0 731 25 0 307 17 0 2811 7 135 87 24 47 0 0 19 333 16 0 13 116 29 49 0 36 539 8 0 15 15 293 53 661 605 21 0 2724 314 94 1151 0 35 60 76 211 70 0 0 0 1472 0 92 0 0 284 0 148 0 0 133 224 0 207 917 89 145 
433 1451 3000 11 493 1270 103 629 399 0 1072 136 43 9 0 0 32 18 51 121 0 34 0 2132 39 0 13 82 75 0 411 51 0 0 172 377 165 20 193 0 299 0 193 0 80 99 99 137 96 0 1858 16 33 174 0 0 87 21 80 0 75 930 91 45 8 242 154 284 0 1059 83 0 0 102 189 0 133 0 109 238 
40 0 0 325 11 518 88 1432 256 0 0 20 0 43 275 255 565 286 802 0 176 121 3000 0 2331 0 0 14 3000 419 0 0 108 60 0 21 80 340 0 72 143 11 157 0 0 130 1193 0 66 684 69 0 30 0 58 0 95 1772 277 0 215 110 27 0 0 282 511 0 1059 0 0 9 13 53 0 90 2262 0 0 1615 
474 16 720 191 0 83 0 0 0 18 58 102 79 16 0 25 0 0 0 0 0 15 0 20 0 148 48 0 0 250 48 374 0 9 961 23 1223 0 233 670 0 0 1426 13 7 23 229 51 0 0 69 3000 731 2047 0 23 0 34 305 190 0 0 0 121 0 177 0 148 83 0 0 0 0 58 49 0 310 3000 24 125 
342 0 0 53 9 107 1205 16 1188 0 0 25 0 41 183 34 324 27 60 0 27 201 1252 0 161 0 0 1385 2122 36 0 0 14 206 0 24 17 63 0 277 1102 9 244 0 0 170 113 0 376 2053 107 0 335 0 1966 0 26 46 238 0 457 7 202 0 0 923 1343 0 0 9 0 0 82 67 0 49 111 0 0 182 
11 0 0 442 452 18 11 14 16 0 0 12 0 76 34 55 413 632 111 0 1026 144 384 0 9 0 0 274 15 1880 0 0 691 97 0 265 68 730 0 177 85 82 293 0 0 102 569 0 135 56 88 0 57 0 9 0 41 11 44 0 197 1594 405 0 0 66 22 0 0 13 0 82 0 48 0 2635 11 0 0 96 
172 204 218 29 33 356 2333 2219 16 66 224 20 46 1008 112 15 285 104 1407 1551 73 98 0 24 70 0 18 68 28 1525 22 29 1139 32 396 410 289 9 223 7 15 28 427 1419 15 18 466 11 1683 25 82 89 25 10 20 50 108 3000 17 0 563 54 272 62 263 371 65 133 102 53 58 67 48 0 114 9 8 0 59 358 
60 1021 12 203 0 95 34 10 0 253 17 24 128 16 0 0 459 93 476 426 0 122 0 43 145 0 40 2729 48 0 12 63 0 0 960 35 16 33 159 0 88 0 369 25 1411 173 150 3000 41 0 229 264 611 69 0 20 13 41 21 0 0 9 0 29 40 198 3000 224 189 0 49 0 0 114 0 0 9 0 1998 65 
1291 0 0 77 1800 509 33 1059 227 0 0 89 0 196 194 50 105 15 14 0 988 375 287 0 277 0 0 232 447 1096 0 0 82 747 0 99 184 15 0 18 141 141 11 0 0 95 23 0 86 500 266 0 149 0 334 0 3000 706 197 0 3000 8 36 0 0 65 27 0 0 90 0 49 2635 9 0 0 1437 33 0 79 
178 170 21 29 15 2253 493 40 55 0 124 254 240 15 31 1994 1471 171 21 16 29 12 41 13 33 969 86 18 24 103 81 21 2473 114 2793 448 3000 396 1220 43 11 419 51 248 120 8 32 449 97 62 703 15 60 1422 60 163 460 9 334 171 330 445 52 24 757 158 11 207 133 2262 310 111 11 8 9 1437 0 531 35 243 
9 0 0 0 0 8 0 0 9 8 0 0 420 24 11 110 0 0 156 0 10 1981 187 871 0 337 86 0 0 20 0 17 67 93 0 1285 65 37 0 92 7 139 112 47 0 116 57 0 201 230 0 2118 433 0 35 39 0 486 253 20 234 0 360 0 0 541 0 917 0 0 3000 0 0 0 0 33 531 0 38 270 
30 113 3000 55 0 81 145 112 533 104 618 3000 13 164 2972 12 42 11 29 83 0 41 247 24 34 373 44 797 159 332 3000 1034 181 327 314 707 31 614 54 217 197 26 361 26 622 874 22 8 759 1037 17 625 3000 14 0 101 284 338 19 40 79 1136 555 9 75 37 77 89 109 0 24 0 0 59 1998 0 35 38 0 31 
