80
0 93 77 20 92 47 59 82 59 73 79 65 29 72 47 73 16 68 57 40 36 78 15 25 68 49 73 18 56 64 26 84 82 56 72 41 39 69 80 22 46 36 60 76 59 41 111 28 75 74 72 87 88 60 29 88 82 37 87 35 57 63 70 72 82 84 29 78 53 24 35 75 51 3 59 98 51 71 68 54 
93 0 16 78 4 54 54 74 47 64 18 32 77 86 55 34 87 33 37 53 83 53 83 82 58 49 42 78 51 79 109 36 57 39 71 89 57 39 74 81 85 71 33 27 43 52 21 96 77 40 78 13 6 54 106 21 13 85 31 61 50 62 81 48 67 19 79 20 47 88 87 31 42 93 39 9 73 61 77 60 
77 16 0 63 17 41 46 63 32 52 7 17 64 80 39 22 71 25 21 37 67 43 68 69 52 33 38 62 42 72 93 29 47 27 59 74 41 26 63 64 70 55 17 15 33 36 37 80 65 36 65 12 11 45 90 18 6 69 26 47 35 49 74 36 57 14 65 8 31 74 75 27 26 77 23 21 63 56 64 45 
20 78 63 0 77 28 40 83 53 72 67 55 11 54 42 64 28 51 45 27 44 75 5 10 49 41 54 22 37 46 45 77 80 39 74 51 33 62 82 29 55 38 46 66 40 28 95 43 78 55 76 74 74 41 47 77 69 46 78 17 52 62 52 67 82 73 11 66 46 13 21 56 37 22 49 84 32 51 71 52 
92 4 17 77 0 51 51 77 48 67 20 34 75 83 56 36 87 30 38 52 84 56 81 81 54 50 38 78 48 76 110 40 61 38 74 91 57 42 77 81 87 72 33 29 40 51 20 97 80 36 81 17 9 50 107 26 16 86 35 60 52 65 77 51 71 23 77 22 48 86 85 28 41 93 40 13 70 58 80 62 
47 54 41 28 51 0 15 83 46 70 47 40 24 44 41 51 50 23 30 20 58 68 33 30 25 35 26 41 10 35 71 63 73 15 75 66 33 51 81 47 67 47 28 49 12 19 69 64 80 27 79 53 51 15 71 58 48 60 63 13 47 62 40 60 79 54 26 46 39 35 33 28 21 49 37 61 23 29 75 52 
59 54 46 40 51 15 0 96 58 83 53 49 32 34 55 60 64 22 41 35 73 79 45 38 10 48 17 55 6 25 84 72 85 23 88 81 47 62 94 61 82 62 37 57 13 34 66 78 94 18 92 58 54 1 85 64 52 75 71 27 60 75 28 71 91 60 34 52 52 43 37 24 32 61 49 63 20 14 89 66 
82 74 63 83 77 83 96 0 38 13 58 49 92 127 43 42 67 82 55 63 48 21 84 93 105 48 96 65 90 118 79 38 18 73 10 47 52 37 2 60 40 46 60 49 83 64 93 63 9 94 11 61 68 96 72 53 62 47 44 77 36 22 122 27 7 55 93 56 44 97 104 87 63 80 48 71 105 109 16 32 
59 47 32 53 48 46 58 38 0 25 29 15 58 90 12 16 47 45 17 28 38 23 55 61 67 12 58 41 52 81 68 26 28 36 31 44 20 11 37 40 39 27 23 21 46 28 67 53 37 57 36 35 40 58 63 33 33 39 29 42 4 19 85 15 33 30 60 27 7 66 71 51 26 58 10 47 68 72 34 13 
73 64 52 72 67 70 83 13 25 0 47 37 80 114 31 31 58 70 42 51 41 13 73 81 92 35 83 55 77 105 73 30 13 61 7 42 40 26 12 51 35 36 48 38 71 52 83 56 14 82 14 51 58 83 66 44 51 41 36 65 23 10 110 16 9 45 81 45 31 86 92 75 51 71 35 62 92 97 15 20 
79 18 7 67 20 47 53 58 29 47 0 15 68 86 39 16 72 32 23 40 66 37 71 73 59 33 45 64 48 78 94 22 41 32 54 72 42 22 57 65 68 54 21 9 40 40 38 80 60 43 61 7 11 52 90 12 4 68 19 51 33 45 81 31 51 7 70 2 30 79 80 34 30 80 23 19 70 63 60 42 
65 32 17 55 34 40 49 49 15 37 15 0 58 83 23 11 57 33 10 28 51 31 59 62 58 18 46 49 44 74 79 23 36 27 44 57 27 12 49 50 53 39 12 11 36 27 53 65 50 45 50 22 26 49 75 23 19 53 24 41 19 33 78 23 44 19 60 13 15 67 70 38 20 65 7 34 63 62 48 28 
29 77 64 11 75 24 32 92 58 80 68 58 0 43 49 68 39 47 48 31 55 81 15 6 40 46 48 33 31 35 55 81 86 38 82 62 40 67 90 40 65 48 48 69 36 31 93 54 86 49 85 75 74 33 58 79 70 57 82 17 58 70 41 73 89 75 2 67 52 11 13 52 39 32 53 84 21 42 80 60 
72 86 80 54 83 44 34 127 90 114 86 83 43 0 84 94 82 55 74 64 97 112 58 47 29 79 45 75 39 9 98 106 117 56 119 104 76 95 126 82 107 88 71 91 47 63 93 97 124 46 122 91 86 34 101 98 86 99 104 51 91 106 6 104 123 93 43 86 83 48 37 55 65 74 81 95 23 25 118 96 
47 55 39 42 56 41 55 43 12 31 39 23 49 84 0 28 35 47 20 20 28 33 44 51 64 7 58 29 49 75 56 38 38 34 34 35 9 23 42 28 31 16 26 32 44 21 76 42 39 58 38 45 49 55 52 44 42 29 41 34 10 22 80 26 40 41 50 37 9 55 61 53 24 46 16 58 62 69 34 12 
73 34 22 64 36 51 60 42 16 31 16 11 68 94 28 0 63 43 21 37 54 21 68 72 68 24 56 56 55 85 84 12 26 38 38 59 34 6 41 56 54 43 23 7 47 37 54 69 44 55 44 21 27 60 79 17 21 55 14 51 19 29 89 15 35 15 70 15 20 77 81 47 31 73 15 33 74 73 43 28 
16 87 71 28 87 50 64 67 47 58 72 57 39 82 35 63 0 68 50 36 20 65 25 36 74 39 75 9 59 74 23 73 68 54 57 25 30 58 65 7 30 22 54 67 60 37 107 15 59 75 57 79 82 64 21 79 75 21 76 37 45 48 80 59 67 76 39 70 43 37 48 74 46 14 50 91 59 76 52 40 
68 33 25 51 30 23 22 82 45 70 32 33 47 55 47 43 68 0 28 32 71 64 56 53 27 39 13 58 19 47 90 53 69 14 76 79 43 46 81 63 77 59 22 38 11 31 46 80 82 12 81 36 32 21 89 44 31 73 51 34 48 64 49 56 77 39 49 32 41 58 55 7 23 70 35 41 41 31 79 56 
57 37 21 45 38 30 41 55 17 42 23 10 48 74 20 21 50 28 0 18 47 38 49 52 50 12 41 41 35 65 72 33 43 19 48 54 20 21 54 43 51 34 6 21 29 17 57 59 54 40 53 30 32 41 69 32 26 49 34 31 20 36 69 30 50 28 50 21 13 57 60 34 10 57 7 42 54 55 51 28 
40 53 37 27 52 20 35 63 28 51 40 28 31 64 20 37 36 32 18 0 40 51 31 35 45 16 42 27 29 55 58 50 56 19 55 47 13 35 62 31 47 28 20 38 26 1 72 48 60 41 58 47 48 35 57 50 43 42 51 14 28 42 60 42 60 46 33 39 21 40 44 39 11 40 22 58 41 49 55 32 
36 83 67 44 84 58 73 48 38 41 66 51 55 97 28 54 20 71 47 40 0 50 43 54 84 35 82 22 68 88 32 62 53 58 39 8 29 48 46 15 11 13 53 60 66 41 104 16 40 81 38 73 77 74 26 71 70 2 66 47 34 32 94 46 49 69 55 64 37 56 65 78 48 34 44 85 74 87 33 27 
78 53 43 75 56 68 79 21 23 13 37 31 81 112 33 21 65 64 38 51 50 0 77 84 88 35 77 61 73 103 82 18 5 56 20 52 42 18 21 58 46 43 42 28 66 51 72 66 25 76 26 40 47 79 76 32 41 50 23 65 23 18 107 8 14 34 83 36 30 88 94 68 47 77 31 50 91 92 28 25 
15 83 68 5 81 33 45 84 55 73 71 59 15 58 44 68 25 56 49 31 43 77 0 11 54 44 59 21 42 50 41 80 81 44 75 49 35 65 82 27 53 38 51 69 46 32 100 40 78 60 76 78 79 46 43 81 73 45 82 22 54 63 56 69 83 77 14 70 49 13 23 62 41 17 52 89 36 56 71 53 
25 82 69 10 81 30 38 93 61 81 73 62 6 47 51 72 36 53 52 35 54 84 11 0 46 49 54 31 36 39 51 84 88 43 83 60 42 70 91 38 64 48 52 73 42 35 98 51 87 55 85 80 79 39 54 83 75 55 85 22 60 72 45 76 91 79 4 72 54 6 12 58 43 28 57 89 26 47 81 61 
68 58 52 49 54 25 10 105 67 92 59 58 40 29 64 68 74 27 50 45 84 88 54 46 0 58 16 65 16 22 93 79 93 32 97 91 58 70 104 71 92 73 45 64 22 44 66 88 103 18 102 63 58 10 95 70 58 86 77 37 69 85 23 80 100 66 41 59 61 50 43 26 42 70 58 67 23 4 99 76 
49 49 33 41 50 35 48 48 12 35 33 18 46 79 7 24 39 39 12 16 35 35 44 49 58 0 51 32 42 70 61 36 40 27 40 42 9 21 47 33 39 22 18 28 37 17 69 47 45 50 44 40 43 48 57 40 36 36 38 30 12 27 74 27 44 36 48 31 5 54 59 45 16 48 10 52 57 62 41 18 
73 42 38 54 38 26 17 96 58 83 45 46 48 45 58 56 75 13 41 42 82 77 59 54 16 51 0 66 18 38 97 66 82 24 89 89 53 59 95 72 88 69 35 51 16 41 50 89 95 2 94 48 42 16 97 56 43 83 64 39 61 77 39 69 90 51 50 45 53 59 54 11 35 75 48 51 36 20 91 69 
18 78 62 22 78 41 55 65 41 55 64 49 33 75 29 56 9 58 41 27 22 61 21 31 65 32 66 0 50 67 32 67 65 45 56 29 23 52 63 7 33 19 45 60 51 28 98 23 58 66 56 71 73 56 31 71 67 24 70 28 39 45 72 54 65 68 33 62 36 33 43 65 38 17 42 83 52 68 51 36 
56 51 42 37 48 10 6 90 52 77 48 44 31 39 49 55 59 19 35 29 68 73 42 36 16 42 18 50 0 30 80 66 79 17 82 76 42 56 88 56 76 57 31 52 9 28 64 73 87 18 86 53 50 6 81 60 48 70 65 22 54 69 34 65 85 55 32 48 46 42 37 22 26 58 43 60 22 20 83 60 
64 79 72 46 76 35 25 118 81 105 78 74 35 9 75 85 74 47 65 55 88 103 50 39 22 70 38 67 30 0 90 97 108 48 110 96 67 86 117 74 98 79 62 82 39 54 88 89 115 40 113 83 79 26 93 90 78 90 96 42 82 97 6 95 114 85 35 78 74 41 31 48 56 67 72 88 15 19 109 87 
26 109 93 45 110 71 84 79 68 73 94 79 55 98 56 84 23 90 72 58 32 82 41 51 93 61 97 32 80 90 0 93 85 76 70 32 52 78 77 29 39 41 77 88 82 59 129 16 70 97 68 101 104 85 8 100 97 32 97 58 65 64 96 77 81 97 55 92 64 50 61 96 69 24 71 113 77 96 63 58 
84 36 29 77 40 63 72 38 26 30 22 23 81 106 38 12 73 53 33 50 62 18 80 84 79 36 66 67 66 97 93 0 21 49 37 66 45 15 39 66 60 52 35 15 58 50 54 77 43 65 44 23 31 71 88 15 25 62 6 64 28 32 100 17 31 17 82 22 31 89 93 56 43 84 28 32 86 84 45 35 
82 57 47 80 61 73 85 18 28 13 41 36 86 117 38 26 68 69 43 56 53 5 81 88 93 40 82 65 79 108 85 21 0 62 19 54 47 23 18 61 47 46 48 32 72 56 75 68 24 81 25 44 51 84 78 36 45 53 26 70 28 21 112 14 11 37 88 40 35 93 99 73 53 81 36 53 96 98 27 29 
56 39 27 39 38 15 23 73 36 61 32 27 38 56 34 38 54 14 19 19 58 56 44 43 32 27 24 45 17 48 76 49 62 0 66 66 29 39 72 49 64 45 14 35 10 17 56 67 72 23 71 38 36 23 75 44 33 60 49 22 38 53 51 48 68 39 39 31 30 49 48 20 11 57 26 47 38 36 68 45 
72 71 59 74 74 75 88 10 31 7 54 44 82 119 34 38 57 76 48 55 39 20 75 83 97 40 89 56 82 110 70 37 19 66 0 39 43 33 8 51 31 37 54 45 76 56 91 54 6 88 7 58 65 88 63 52 58 38 43 68 28 13 114 23 11 52 84 52 36 87 95 81 56 71 41 69 96 102 9 23 
41 89 74 51 91 66 81 47 44 42 72 57 62 104 35 59 25 79 54 47 8 52 49 60 91 42 89 29 76 96 32 66 54 66 39 0 36 53 45 22 7 20 60 65 74 49 110 16 38 89 36 79 83 81 25 76 76 6 70 55 40 34 101 49 50 74 62 70 43 62 72 85 56 38 50 91 81 95 31 31 
39 57 41 33 57 33 47 52 20 40 42 27 40 76 9 34 30 43 20 13 29 42 35 42 58 9 53 23 42 67 52 45 47 29 43 36 0 30 51 24 35 16 25 37 38 14 77 40 48 53 46 49 52 48 49 49 45 31 48 25 19 31 72 34 49 46 41 40 14 46 52 49 19 39 20 61 53 62 42 20 
69 39 26 62 42 51 62 37 11 26 22 12 67 95 23 6 58 46 21 35 48 18 65 70 70 21 59 52 56 86 78 15 23 39 33 53 30 0 37 51 48 38 24 13 48 36 60 63 39 58 39 27 33 61 74 23 26 49 18 50 14 23 89 10 31 21 68 20 16 75 79 50 30 69 14 39 74 74 38 22 
80 74 63 82 77 81 94 2 37 12 57 49 90 126 42 41 65 81 54 62 46 21 82 91 104 47 95 63 88 117 77 39 18 72 8 45 51 37 0 58 38 44 59 48 82 63 93 61 7 93 10 61 68 94 70 53 61 45 44 76 35 20 121 27 8 54 91 56 43 95 102 86 62 78 47 71 103 108 14 30 
22 81 64 29 81 47 61 60 40 51 65 50 40 82 28 56 7 63 43 31 15 58 27 38 71 33 72 7 56 74 29 66 61 49 51 22 24 51 58 0 26 15 48 60 56 32 101 17 53 72 51 72 75 62 26 72 69 17 69 34 37 41 79 52 60 69 40 63 36 40 50 70 41 20 43 84 59 75 46 33 
46 85 70 55 87 67 82 40 39 35 68 53 65 107 31 54 30 77 51 47 11 46 53 64 92 39 88 33 76 98 39 60 47 64 31 7 35 48 38 26 0 19 57 60 73 48 106 23 31 88 29 74 79 82 32 70 72 9 64 56 35 28 103 43 42 69 66 66 39 66 76 84 54 44 47 86 83 95 24 26 
36 71 55 38 72 47 62 46 27 36 54 39 48 88 16 43 22 59 34 28 13 43 38 48 73 22 69 19 57 79 41 52 46 45 37 20 16 38 44 15 19 0 40 48 54 29 91 26 40 69 38 61 65 63 36 59 58 15 56 37 24 26 84 37 46 57 49 52 24 51 60 65 35 35 32 73 65 76 33 18 
60 33 17 46 33 28 37 60 23 48 21 12 48 71 26 23 54 22 6 20 53 42 51 52 45 18 35 45 31 62 77 35 48 14 54 60 25 24 59 48 57 40 0 21 24 19 53 64 60 34 59 28 28 37 74 31 23 54 35 31 26 42 65 34 55 27 50 19 19 58 59 28 9 60 13 38 51 50 57 35 
76 27 15 66 29 49 57 49 21 38 9 11 69 91 32 7 67 38 21 38 60 28 69 73 64 28 51 60 52 82 88 15 32 35 45 65 37 13 48 60 60 48 21 0 44 38 47 74 51 50 51 14 20 57 84 12 13 61 13 51 25 36 86 22 42 9 70 8 24 78 80 42 30 76 18 26 73 69 51 34 
59 43 33 40 40 12 13 83 46 71 40 36 36 47 44 47 60 11 29 26 66 66 46 42 22 37 16 51 9 39 82 58 72 10 76 74 38 48 82 56 73 54 24 44 0 25 57 73 82 16 81 45 41 13 81 51 39 68 57 24 48 63 42 58 79 47 38 39 40 47 45 16 21 60 36 51 31 26 78 55 
41 52 36 28 51 19 34 64 28 52 40 27 31 63 21 37 37 31 17 1 41 51 32 35 44 17 41 28 28 54 59 50 56 17 56 49 14 36 63 32 48 29 19 38 25 0 71 49 61 40 59 47 47 34 58 49 42 43 51 14 29 43 58 43 61 45 33 38 21 40 43 38 10 41 22 58 41 48 56 33 
111 21 37 95 20 69 66 93 67 83 38 53 93 93 76 54 107 46 57 72 104 72 100 98 66 69 50 98 64 88 129 54 75 56 91 110 77 60 93 101 106 91 53 47 57 71 0 116 97 48 97 33 27 65 126 39 34 105 49 78 71 83 88 68 86 39 94 40 67 104 101 42 60 112 60 22 85 69 97 80 
28 96 80 43 97 64 78 63 53 56 80 65 54 97 42 69 15 80 59 48 16 66 40 51 88 47 89 23 73 89 16 77 68 67 54 16 40 63 61 17 23 26 64 74 73 49 116 0 54 89 52 87 91 79 10 85 84 16 81 51 49 48 95 62 65 83 54 78 50 51 62 87 58 25 57 99 74 91 47 42 
75 77 65 78 80 80 94 9 37 14 60 50 86 124 39 44 59 82 54 60 40 25 78 87 103 45 95 58 87 115 70 43 24 72 6 38 48 39 7 53 31 40 60 51 82 61 97 54 0 94 2 64 71 93 63 58 65 39 49 73 34 18 119 29 14 58 88 59 42 91 99 87 61 73 47 75 101 107 7 28 
74 40 36 55 36 27 18 94 57 82 43 45 49 46 58 55 75 12 40 41 81 76 60 55 18 50 2 66 18 40 97 65 81 23 88 89 53 58 93 72 88 69 34 50 16 40 48 89 94 0 93 46 41 17 97 54 41 83 62 39 60 76 41 68 89 50 50 43 52 60 55 9 34 75 47 49 37 22 91 68 
72 78 65 76 81 79 92 11 36 14 61 50 85 122 38 44 57 81 53 58 38 26 76 85 102 44 94 56 86 113 68 44 25 71 7 36 46 39 10 51 29 38 59 51 81 59 97 52 2 93 0 65 72 92 61 58 65 37 49 72 33 18 118 29 16 59 86 59 41 89 97 87 60 71 46 76 99 106 5 26 
87 13 12 74 17 53 58 61 35 51 7 22 75 91 45 21 79 36 30 47 73 40 78 80 63 40 48 71 53 83 101 23 44 38 58 79 49 27 61 72 74 61 28 14 45 47 33 87 64 46 65 0 8 57 97 9 5 74 19 58 39 50 85 35 54 6 77 9 37 86 86 37 37 87 30 12 75 67 64 48 
88 6 11 74 9 51 54 68 40 58 11 26 74 86 49 27 82 32 32 48 77 47 79 79 58 43 42 73 50 79 104 31 51 36 65 83 52 33 68 75 79 65 28 20 41 47 27 91 71 41 72 8 0 53 101 16 7 79 26 58 44 56 81 42 61 14 76 13 41 85 84 32 37 88 33 10 72 62 71 54 
60 54 45 41 50 15 1 96 58 83 52 49 33 34 55 60 64 21 41 35 74 79 46 39 10 48 16 56 6 26 85 71 84 23 88 81 48 61 94 62 82 63 37 57 13 34 65 79 93 17 92 57 53 0 86 64 52 76 70 28 60 75 29 71 91 59 34 52 52 44 38 23 32 62 48 62 21 14 89 66 
29 106 90 47 107 71 85 72 63 66 90 75 58 101 52 79 21 89 69 57 26 76 43 54 95 57 97 31 81 93 8 88 78 75 63 25 49 74 70 26 32 36 74 84 81 58 126 10 63 97 61 97 101 86 0 96 94 26 92 58 60 58 99 72 74 93 58 88 60 54 65 95 67 27 68 109 79 97 56 52 
88 21 18 77 26 58 64 53 33 44 12 23 79 98 44 17 79 44 32 50 71 32 81 83 70 40 56 71 60 90 100 15 36 44 52 76 49 23 53 72 70 59 31 12 51 49 39 85 58 54 58 9 16 64 96 0 13 72 10 62 36 45 92 29 46 5 81 12 36 89 91 45 40 88 29 17 81 75 58 45 
82 13 6 69 16 48 52 62 33 51 4 19 70 86 42 21 75 31 26 43 70 41 73 75 58 36 43 67 48 78 97 25 45 33 58 76 45 26 61 69 72 58 23 13 39 42 34 84 65 41 65 5 7 52 94 13 0 72 22 53 37 49 80 35 55 9 72 6 34 80 81 32 32 82 26 16 70 62 64 46 
37 85 69 46 86 60 75 47 39 41 68 53 57 99 29 55 21 73 49 42 2 50 45 55 86 36 83 24 70 90 32 62 53 60 38 6 31 49 45 17 9 15 54 61 68 43 105 16 39 83 37 74 79 76 26 72 72 0 67 49 35 32 96 46 49 70 57 66 38 57 67 80 50 35 46 87 76 89 32 27 
87 31 26 78 35 63 71 44 29 36 19 24 82 104 41 14 76 51 34 51 66 23 82 85 77 38 64 70 65 96 97 6 26 49 43 70 48 18 44 69 64 56 35 13 57 51 49 81 49 62 49 19 26 70 92 10 22 67 0 64 32 38 99 22 37 13 83 19 34 91 94 53 43 87 29 27 86 82 50 39 
35 61 47 17 60 13 27 77 42 65 51 41 17 51 34 51 37 34 31 14 47 65 22 22 37 30 39 28 22 42 58 64 70 22 68 55 25 50 76 34 56 37 31 51 24 14 78 51 73 39 72 58 58 28 58 62 53 49 64 0 42 56 47 57 74 58 19 50 35 27 29 40 21 36 36 68 28 40 67 46 
57 50 35 52 52 47 60 36 4 23 33 19 58 91 10 19 45 48 20 28 34 23 54 60 69 12 61 39 54 82 65 28 28 38 28 40 19 14 35 37 35 24 26 25 48 29 71 49 34 60 33 39 44 60 60 36 37 35 32 42 0 16 86 15 32 34 60 31 8 65 71 54 27 56 13 51 69 73 31 9 
63 62 49 62 65 62 75 22 19 10 45 33 70 106 22 29 48 64 36 42 32 18 63 72 85 27 77 45 69 97 64 32 21 53 13 34 31 23 20 41 28 26 42 36 63 43 83 48 18 76 18 50 56 75 58 45 49 32 38 56 16 0 101 16 20 44 71 43 23 76 82 69 43 61 29 62 83 89 15 10 
70 81 74 52 77 40 28 122 85 110 81 78 41 6 80 89 80 49 69 60 94 107 56 45 23 74 39 72 34 6 96 100 112 51 114 101 72 89 121 79 103 84 65 86 42 58 88 95 119 41 118 85 81 29 99 92 80 96 99 47 86 101 0 99 118 88 41 81 79 47 36 49 60 72 76 90 20 19 114 92 
72 48 36 67 51 60 71 27 15 16 31 23 73 104 26 15 59 56 30 42 46 8 69 76 80 27 69 54 65 95 77 17 14 48 23 49 34 10 27 52 43 37 34 22 58 43 68 62 29 68 29 35 42 71 72 29 35 46 22 57 15 16 99 0 21 29 75 30 21 80 85 60 39 71 22 46 83 84 29 20 
82 67 57 82 71 79 91 7 33 9 51 44 89 123 40 35 67 77 50 60 49 14 83 91 100 44 90 65 85 114 81 31 11 68 11 50 49 31 8 60 42 46 55 42 79 61 86 65 14 89 16 54 61 91 74 46 55 49 37 74 32 20 118 21 0 48 91 50 40 95 102 81 59 80 43 64 101 105 19 30 
84 19 14 73 23 54 60 55 30 45 7 19 75 93 41 15 76 39 28 46 69 34 77 79 66 36 51 68 55 85 97 17 37 39 52 74 46 21 54 69 69 57 27 9 47 45 39 83 58 50 59 6 14 59 93 5 9 70 13 58 34 44 88 29 48 0 77 8 33 85 86 41 36 84 26 17 77 70 58 43 
29 79 65 11 77 26 34 93 60 81 70 60 2 43 50 70 39 49 50 33 55 83 14 4 41 48 50 33 32 35 55 82 88 39 84 62 41 68 91 40 66 49 50 70 38 33 94 54 88 50 86 77 76 34 58 81 72 57 83 19 60 71 41 75 91 77 0 69 53 10 11 54 40 31 55 86 22 43 81 61 
78 20 8 66 22 46 52 56 27 45 2 13 67 86 37 15 70 32 21 39 64 36 70 72 59 31 45 62 48 78 92 22 40 31 52 70 40 20 56 63 66 52 19 8 39 38 40 78 59 43 59 9 13 52 88 12 6 66 19 50 31 43 81 30 50 8 69 0 28 77 79 35 29 78 21 21 69 63 58 40 
53 47 31 46 48 39 52 44 7 31 30 15 52 83 9 20 43 41 13 21 37 30 49 54 61 5 53 36 46 74 64 31 35 30 36 43 14 16 43 36 39 24 19 24 40 21 67 50 42 52 41 37 41 52 60 36 34 38 34 35 8 23 79 21 40 33 53 28 0 59 64 47 20 53 8 49 62 66 38 16 
24 88 74 13 86 35 43 97 66 86 79 67 11 48 55 77 37 58 57 40 56 88 13 6 50 54 59 33 42 41 50 89 93 49 87 62 46 75 95 40 66 51 58 78 47 40 104 51 91 60 89 86 85 44 54 89 80 57 91 27 65 76 47 80 95 85 10 77 59 0 11 63 49 27 62 95 29 51 84 65 
35 87 75 21 85 33 37 104 71 92 80 70 13 37 61 81 48 55 60 44 65 94 23 12 43 59 54 43 37 31 61 93 99 48 95 72 52 79 102 50 76 60 59 80 45 43 101 62 99 55 97 86 84 38 65 91 81 67 94 29 71 82 36 85 102 86 11 79 64 11 0 60 50 38 65 95 20 43 92 72 
75 31 27 56 28 28 24 87 51 75 34 38 52 55 53 47 74 7 34 39 78 68 62 58 26 45 11 65 22 48 96 56 73 20 81 85 49 50 86 70 84 65 28 42 16 38 42 87 87 9 87 37 32 23 95 45 32 80 53 40 54 69 49 60 81 41 54 35 47 63 60 0 30 76 40 40 44 30 84 62 
51 42 26 37 41 21 32 63 26 51 30 20 39 65 24 31 46 23 10 11 48 47 41 43 42 16 35 38 26 56 69 43 53 11 56 56 19 30 62 41 54 35 9 30 21 10 60 58 61 34 60 37 37 32 67 40 32 50 43 21 27 43 60 39 59 36 40 29 20 49 50 30 0 51 17 47 44 46 57 34 
3 93 77 22 93 49 61 80 58 71 80 65 32 74 46 73 14 70 57 40 34 77 17 28 70 48 75 17 58 67 24 84 81 57 71 38 39 69 78 20 44 35 60 76 60 41 112 25 73 75 71 87 88 62 27 88 82 35 87 36 56 61 72 71 80 84 31 78 53 27 38 76 51 0 58 98 53 73 66 52 
59 39 23 49 40 37 49 48 10 35 23 7 53 81 16 15 50 35 7 22 44 31 52 57 58 10 48 42 43 72 71 28 36 26 41 50 20 14 47 43 47 32 13 18 36 22 60 57 47 47 46 30 33 48 68 29 26 46 29 36 13 29 76 22 43 26 55 21 8 62 65 40 17 58 0 42 61 62 44 22 
98 9 21 84 13 61 63 71 47 62 19 34 84 95 58 33 91 41 42 58 85 50 89 89 67 52 51 83 60 88 113 32 53 47 69 91 61 39 71 84 86 73 38 26 51 58 22 99 75 49 76 12 10 62 109 17 16 87 27 68 51 62 90 46 64 17 86 21 49 95 95 40 47 98 42 0 82 71 76 60 
51 73 63 32 70 23 20 105 68 92 70 63 21 23 62 74 59 41 54 41 74 91 36 26 23 57 36 52 22 15 77 86 96 38 96 81 53 74 103 59 83 65 51 73 31 41 85 74 101 37 99 75 72 21 79 81 70 76 86 28 69 83 20 83 101 77 22 69 62 29 20 44 44 53 61 82 0 23 95 73 
71 61 56 51 58 29 14 109 72 97 63 62 42 25 69 73 76 31 55 49 87 92 56 47 4 62 20 68 20 19 96 84 98 36 102 95 62 74 108 75 95 76 50 69 26 48 69 91 107 22 106 67 62 14 97 75 62 89 82 40 73 89 19 84 105 70 43 63 66 51 43 30 46 73 62 71 23 0 103 80 
68 77 64 71 80 75 89 16 34 15 60 48 80 118 34 43 52 79 51 55 33 28 71 81 99 41 91 51 83 109 63 45 27 68 9 31 42 38 14 46 24 33 57 51 78 56 97 47 7 91 5 64 71 89 56 58 64 32 50 67 31 15 114 29 19 58 81 58 38 84 92 84 57 66 44 76 95 103 0 23 
54 60 45 52 62 52 66 32 13 20 42 28 60 96 12 28 40 56 28 32 27 25 53 61 76 18 69 36 60 87 58 35 29 45 23 31 20 22 30 33 26 18 35 34 55 33 80 42 28 68 26 48 54 66 52 45 46 27 39 46 9 10 92 20 30 43 61 40 16 65 72 62 34 52 22 60 73 80 23 0 
0 865 13 200 17 62 168 10 32 1386 1576 80 1453 8 385 116 40 422 28 14 21 68 501 870 120 207 14 11 10 40 262 227 24 46 13 3000 47 562 305 58 527 96 39 462 532 94 26 201 763 11 423 8 3000 328 15 106 664 861 130 115 18 122 102 270 83 181 1370 1013 74 918 1552 11 69 81 114 1281 10 18 229 107 
865 0 684 193 85 459 154 14 580 14 9 124 77 261 52 2715 2909 12 835 0 9 32 121 1205 281 624 100 9 101 936 66 1115 21 34 27 194 836 120 160 89 277 0 362 14 31 192 470 97 38 39 0 1026 1031 20 297 242 198 230 49 200 373 436 168 79 590 0 632 44 1619 98 0 18 2120 1908 1935 905 244 0 123 42 
13 684 0 3000 8 142 24 1423 9 111 49 443 377 30 55 10 71 22 16 57 556 231 441 16 101 277 1205 87 817 141 171 229 112 34 987 86 32 162 26 23 124 40 112 35 9 39 86 14 59 509 7 630 131 385 273 482 585 13 32 102 527 204 637 59 199 183 722 34 45 19 11 31 2428 481 444 394 8 201 581 18 
200 193 3000 0 39 2471 1693 18 63 1105 22 0 50 68 16 9 791 35 271 30 388 546 30 1040 771 671 655 420 13 38 18 84 45 7 65 122 119 386 0 0 2971 0 27 134 1708 50 59 2969 10 87 0 188 9 38 17 74 780 406 469 298 122 0 154 299 716 0 95 296 168 154 0 208 1844 3000 1115 3000 185 0 10 125 
17 85 8 39 0 434 109 26 7 141 11 0 99 2460 151 30 145 39 126 185 306 136 265 11 141 105 74 628 416 97 104 12 22 21 43 161 205 282 51 0 251 0 101 9 91 588 25 40 479 8 0 96 168 191 19 371 8 52 75 61 596 21 18 803 306 0 765 286 213 63 0 3000 379 327 68 26 155 0 211 26 
62 459 142 2471 434 0 0 0 140 0 481 41 137 0 24 3000 763 28 1247 155 26 25 0 30 0 0 0 332 699 2487 0 0 0 55 0 14 133 965 338 0 164 921 199 58 124 0 426 202 196 591 85 299 0 175 367 9 177 0 0 0 0 2060 0 0 0 28 51 0 17 1117 24 119 454 0 0 121 0 1539 0 835 
168 154 24 1693 109 0 0 188 15 574 61 0 11 279 211 486 131 751 0 0 532 3000 270 200 3000 283 182 0 0 2441 562 51 192 0 8 44 3000 0 52 31 13 0 517 8 0 8 0 3000 343 86 0 433 16 136 251 9 150 9 1382 1414 585 20 33 426 13 0 32 9 14 26 0 8 20 34 2999 40 164 0 15 145 
10 14 1423 18 26 0 188 0 9 528 110 33 29 19 84 99 75 377 3000 0 48 301 566 29 15 27 267 26 1223 9 48 567 3000 0 10 277 26 0 596 845 253 67 54 156 37 22 0 80 81 42 0 54 23 99 131 23 18 216 23 246 89 18 8 10 19 298 212 95 3000 16 0 215 1603 104 596 168 32 56 13 2229 
32 580 9 63 7 140 15 9 0 1505 40 15 16 159 35 20 34 423 1653 63 12 606 38 79 21 37 698 1084 33 1813 98 431 7 1735 21 66 25 80 703 204 24 32 84 179 412 3000 330 527 15 8 55 185 77 51 441 68 530 47 26 305 70 921 170 548 10 201 12 589 10 37 24 528 10 54 704 77 156 12 3000 189 
1386 14 111 1105 141 0 574 528 1505 0 0 0 276 14 133 0 0 0 0 0 0 116 301 0 147 225 15 0 0 472 14 192 21 0 0 0 567 0 0 0 61 0 61 1790 0 138 0 267 1505 615 0 0 11 1061 0 196 25 9 274 1409 68 0 71 408 327 0 0 1226 0 0 0 0 100 241 96 40 276 0 167 358 
1576 9 49 22 11 481 61 110 40 0 0 20 326 2409 74 26 68 19 710 0 33 3000 12 30 72 329 0 139 322 466 105 0 0 1098 3000 33 244 126 16 24 122 40 362 108 244 0 12 211 25 333 0 63 0 38 143 24 7 3000 0 319 34 119 33 3000 1598 131 53 441 26 985 30 2036 151 0 76 134 0 43 1224 237 
80 124 443 0 0 41 0 33 15 0 20 0 41 0 22 34 469 44 186 0 1198 22 0 11 73 0 0 428 231 11 0 0 0 1526 269 9 0 24 104 1082 76 293 16 68 127 0 48 189 98 0 113 136 0 32 3000 19 456 0 0 0 0 22 0 0 23 433 13 0 263 2055 823 1650 0 0 75 0 0 93 203 59 
1453 77 377 50 99 137 11 29 16 276 326 41 0 368 579 104 19 21 75 58 2391 11 62 9 21 164 27 598 187 40 97 3000 68 36 79 67 2003 630 38 40 287 3000 59 68 13 90 14 40 66 49 92 2406 1858 13 25 1097 114 451 133 1919 24 541 40 723 484 945 7 26 204 213 1204 129 239 95 55 284 594 13 81 78 
8 261 30 68 2460 0 279 19 159 14 2409 0 368 0 1289 0 638 0 0 0 0 263 88 192 229 415 13 0 0 101 172 1142 22 0 98 463 33 0 0 0 27 0 904 39 0 3000 0 21 52 91 0 116 116 68 503 35 181 93 695 95 73 0 29 18 268 0 0 14 8 20 0 0 550 119 187 33 30 0 181 3000 
385 52 55 16 151 24 211 84 35 133 74 22 579 1289 0 13 12 67 50 77 24 12 307 3000 68 0 1856 22 276 28 51 439 85 21 120 1135 22 496 0 0 839 11 272 481 16 162 288 2605 32 34 615 0 18 58 43 15 17 43 864 0 0 56 73 0 267 0 3000 0 141 10 0 366 9 125 28 26 25 0 160 179 
116 2715 10 9 30 3000 486 99 20 0 26 34 104 0 13 0 163 426 778 2173 107 449 99 29 53 0 0 24 17 697 17 0 0 74 189 542 1310 66 450 9 177 1777 129 326 12 0 14 3000 172 461 334 368 0 123 10 19 14 0 0 0 16 97 0 0 16 356 408 0 35 24 109 169 682 0 1558 32 0 11 14 101 
40 2909 71 791 145 763 131 75 34 0 68 469 19 638 12 163 0 49 558 584 852 103 16 16 71 0 0 1226 34 40 91 0 67 1015 17 363 18 44 63 121 38 38 18 53 95 0 10 346 121 986 54 161 0 61 1081 82 63 506 35 0 27 207 117 0 11 9 253 0 2004 679 1758 1024 26 15 127 81 0 2743 8 236 
422 12 22 35 39 28 751 377 423 0 19 44 21 0 67 426 49 0 15 39 15 36 536 34 30 0 0 203 177 24 19 0 0 302 20 7 13 261 255 481 21 115 60 92 195 0 461 23 14 288 219 15 0 13 645 114 150 3000 0 0 151 644 68 0 23 51 18 216 3000 206 25 34 353 0 20 340 0 141 17 274 
28 835 16 271 126 1247 0 3000 1653 0 710 186 75 0 50 778 558 15 0 35 163 8 469 57 13 0 0 3000 1865 22 247 0 0 73 209 8 202 17 128 103 3000 511 853 12 22 0 27 9 9 135 84 436 0 9 14 33 43 0 0 0 0 2192 0 0 20 448 3000 0 162 270 354 31 290 1775 0 123 268 13 13 1213 
14 0 57 30 185 155 0 0 63 0 0 0 58 0 77 2173 584 39 35 0 610 701 0 1443 0 0 0 33 20 76 0 43 0 379 0 665 18 34 0 0 0 0 106 85 2226 0 162 107 342 1115 31 0 0 17 0 60 84 0 0 0 0 0 0 0 0 0 0 0 136 0 0 11 58 2785 0 15 7 0 0 0 
21 9 556 388 306 26 532 48 12 0 33 1198 2391 0 24 107 852 15 163 610 0 709 3000 8 289 0 0 71 287 342 184 0 0 384 244 74 24 1033 15 11 181 19 296 60 10 0 1357 74 92 856 455 990 0 133 451 154 10 0 0 0 238 1038 160 0 463 1632 120 0 2365 8 108 146 30 0 8 135 0 25 2551 93 
68 32 231 546 136 25 3000 301 606 116 3000 22 11 263 12 449 103 36 8 701 709 0 7 35 162 0 23 10 19 254 112 41 7 49 405 8 25 2436 0 0 29 9 1491 61 67 166 314 9 89 1049 8 0 226 11 9 721 20 304 18 0 0 51 181 0 2177 0 35 0 289 169 32 13 2283 55 520 70 246 21 13 28 
501 121 441 30 265 0 270 566 38 301 12 0 62 88 307 99 16 536 469 0 3000 7 0 155 2846 10 81 111 1383 84 174 32 216 296 340 10 1450 0 0 0 28 0 2042 2452 11 375 0 10 11 7 0 83 283 51 23 483 33 78 176 20 23 206 33 152 1062 0 397 22 156 3000 0 2093 74 293 8 13 133 0 658 507 
870 1205 16 1040 11 30 200 29 79 0 30 11 9 192 3000 29 16 34 57 1443 8 35 155 0 10 0 0 11 15 31 93 124 8 26 89 135 794 44 46 14 643 1702 69 139 34 93 381 17 520 53 54 29 0 394 22 22 8 296 48 0 181 10 2379 1043 9 3000 58 123 723 9 272 1007 81 95 58 345 11 529 330 826 
120 281 101 771 141 0 3000 15 21 147 72 73 21 229 68 53 71 30 13 0 289 162 2846 10 0 88 54 27 0 97 1528 0 223 0 27 818 24 0 55 35 43 54 122 519 1222 115 0 102 16 17 0 8 871 12 578 200 702 19 3000 18 3000 1776 115 52 8 127 82 167 527 462 106 3000 174 0 82 38 0 35 491 58 
207 624 277 671 105 0 283 27 37 225 329 0 164 415 0 0 0 0 0 0 0 0 10 0 88 0 133 0 0 0 13 124 592 0 137 0 638 0 237 0 44 0 66 0 0 69 0 0 10 180 0 11 170 12 50 466 110 38 172 37 38 0 804 28 17 0 106 258 0 154 0 0 29 67 92 16 13 0 590 36 
14 100 1205 655 74 0 182 267 698 15 0 0 27 13 1856 0 0 0 0 0 0 23 81 0 54 133 0 0 0 72 53 10 478 0 424 0 72 0 0 0 99 0 266 935 0 30 0 100 157 502 0 0 65 43 0 65 246 166 223 288 10 0 3000 80 72 0 0 708 0 18 0 0 53 278 16 115 9 0 341 537 
11 9 87 420 628 332 0 26 1084 0 139 428 598 0 22 24 1226 203 3000 33 71 10 111 11 27 0 0 0 17 125 104 0 0 41 11 9 39 20 180 682 9 393 3000 18 154 0 70 190 1319 9 179 48 0 30 56 182 30 0 0 0 0 49 0 0 42 23 141 0 46 46 745 19 169 0 20 178 0 124 188 214 
10 101 817 13 416 699 0 1223 33 0 322 231 187 0 276 17 34 177 1865 20 287 19 1383 15 0 0 0 17 0 113 225 483 13 36 0 2656 47 11 0 0 863 25 109 218 630 293 41 693 662 10 1207 0 0 64 56 3000 12 0 34 0 0 1524 0 0 0 0 3000 0 11 0 0 157 194 88 0 472 139 0 0 29 
40 936 141 38 97 2487 2441 9 1813 472 466 11 40 101 28 697 40 24 22 76 342 254 84 31 97 0 72 125 113 0 36 39 181 17 34 3000 44 84 0 0 200 40 68 41 26 217 27 3000 61 107 69 1130 19 2118 33 20 44 377 125 0 22 34 2016 1014 38 0 10 0 17 62 17 334 7 60 242 7 82 16 98 14 
262 66 171 18 104 0 562 48 98 14 105 0 97 172 51 17 91 19 247 0 184 112 174 93 1528 13 53 104 225 36 0 15 163 295 16 37 173 22 28 0 35 0 24 11 113 568 670 51 721 13 0 26 8 20 435 838 89 45 26 54 55 12 579 1048 1047 0 2833 32 239 439 0 408 86 94 7 27 671 0 11 50 
227 1115 229 84 12 0 51 567 431 192 0 0 3000 1142 439 0 0 0 0 43 0 41 32 124 0 124 10 0 483 39 15 0 257 3000 0 1445 143 0 0 0 199 0 583 13 104 286 0 21 243 32 0 0 17 752 0 85 83 8 48 80 185 0 2002 89 397 0 0 0 0 0 0 0 115 91 974 12 60 0 417 300 
24 21 112 45 22 0 192 3000 7 21 0 0 68 22 85 0 67 0 0 0 0 7 216 8 223 592 478 0 13 181 163 257 0 160 1158 38 271 0 0 0 257 0 142 667 43 124 0 297 75 53 0 0 3000 512 960 64 311 146 10 101 34 0 45 158 239 0 0 60 1093 172 0 0 10 128 40 32 19 0 41 16 
46 34 34 7 21 55 0 0 1735 0 1098 1526 36 0 21 74 1015 302 73 379 384 49 296 26 0 0 0 41 36 17 295 3000 160 0 0 533 1508 138 0 0 67 87 176 58 998 0 220 97 1157 2309 642 0 0 15 22 60 197 0 0 0 0 955 0 0 0 0 34 0 75 0 10 12 1642 9 0 122 141 681 0 0 
13 27 987 65 43 0 8 10 21 0 3000 269 79 98 120 189 17 20 209 0 244 405 340 89 27 137 424 11 0 34 16 0 1158 0 0 1060 406 0 258 28 25 331 17 68 2343 219 0 119 129 221 0 22 0 20 30 140 3000 184 18 19 24 674 60 436 42 120 20 44 43 40 3000 51 351 0 11 174 0 43 433 196 
3000 194 86 122 161 14 44 277 66 0 33 9 67 463 1135 542 363 7 8 665 74 8 10 135 818 0 0 9 2656 3000 37 1445 38 533 1060 0 7 1304 3000 0 178 206 1804 1443 28 74 20 8 817 60 18 11 0 760 27 13 265 0 28 0 0 125 49 0 362 103 33 0 10 115 105 10 62 29 1450 167 13 23 79 17 
47 836 32 119 205 133 3000 26 25 567 244 0 2003 33 22 1310 18 13 202 18 24 25 1450 794 24 638 72 39 47 44 173 143 271 1508 406 7 0 327 0 0 1334 0 49 8 126 99 162 56 789 103 292 0 32 167 93 52 19 12 178 35 1881 10 55 23 139 0 156 0 358 291 0 209 10 107 646 519 146 0 34 85 
562 120 162 386 282 965 0 0 80 0 126 24 630 0 496 66 44 261 17 34 1033 2436 0 44 0 0 0 20 11 84 22 0 0 138 0 1304 327 0 0 0 39 264 392 67 3000 0 17 11 2321 19 375 0 0 2587 33 687 14 0 0 0 0 10 0 0 0 0 52 0 20 25 59 1852 13 66 0 18 377 89 0 72 
305 160 26 0 51 338 52 596 703 0 16 104 38 0 0 450 63 255 128 0 15 0 0 46 55 237 0 180 0 0 28 0 0 0 258 3000 0 0 0 84 159 2007 1871 133 687 0 0 0 8 96 0 8 0 451 98 677 245 3000 0 183 33 2963 23 0 596 400 15 1092 321 1299 12 52 0 0 440 0 0 10 130 1107 
58 89 23 0 0 0 31 845 204 0 24 1082 40 0 0 9 121 481 103 0 11 0 0 14 35 0 0 682 0 0 0 0 0 0 28 0 0 0 84 0 11 128 11 8 59 0 0 0 0 0 0 893 0 0 14 79 0 0 0 368 18 322 0 0 3000 62 50 98 206 168 19 283 0 0 45 0 0 166 11 287 
527 277 124 2971 251 164 13 253 24 61 122 76 287 27 839 177 38 21 3000 0 181 29 28 643 43 44 99 9 863 200 35 199 257 67 25 178 1334 39 159 11 0 187 44 151 29 1606 72 243 21 1139 0 96 52 51 30 399 100 48 56 1479 99 253 277 38 58 15 66 182 3000 181 40 44 133 7 395 71 15 64 458 61 
96 0 40 0 0 921 0 67 32 0 40 293 3000 0 11 1777 38 115 511 0 19 9 0 1702 54 0 0 393 25 40 0 0 0 87 331 206 0 264 2007 128 187 0 326 15 9 0 161 20 0 0 512 788 0 0 2510 60 2887 0 0 0 0 3000 0 0 0 149 30 0 194 176 38 17 0 0 56 0 0 155 0 161 
39 362 112 27 101 199 517 54 84 61 362 16 59 904 272 129 18 60 853 106 296 1491 2042 69 122 66 266 3000 109 68 24 583 142 176 17 1804 49 392 1871 11 44 326 0 354 2008 96 40 2188 3000 14 444 127 765 29 65 24 46 535 560 409 7 30 213 741 78 9 16 30 131 42 185 18 317 123 1597 16 286 556 28 55 
462 14 35 134 9 58 8 156 179 1790 108 68 68 39 481 326 53 92 12 85 60 61 2452 139 519 0 935 18 218 41 11 13 667 58 68 1443 8 67 133 8 151 15 354 0 1053 121 352 22 56 719 44 50 14 95 15 54 18 241 63 0 13 96 11 326 26 89 55 0 276 776 967 519 724 30 16 77 807 591 10 803 
532 31 9 1708 91 124 0 37 412 0 244 127 13 0 16 12 95 195 22 2226 10 67 11 34 1222 0 0 154 630 26 113 104 43 998 2343 28 126 3000 687 59 29 9 2008 1053 0 0 2250 13 65 88 9 35 0 11 753 15 1378 0 3000 0 0 8 0 0 2719 216 81 0 20 132 199 113 15 270 0 240 52 23 159 22 
94 192 39 50 588 0 8 22 3000 138 0 0 90 3000 162 0 0 0 0 0 0 166 375 93 115 69 30 0 293 217 568 286 124 0 219 74 99 0 0 0 1606 0 96 121 0 0 0 29 72 61 0 0 223 12 0 17 22 180 80 8 547 0 51 1212 20 0 0 770 0 0 0 0 90 211 1887 52 28 0 1180 102 
26 470 86 59 25 426 0 0 330 0 12 48 14 0 288 14 10 461 27 162 1357 314 0 381 0 0 0 70 41 27 670 0 0 220 0 20 162 17 0 0 72 161 40 352 2250 0 0 495 13 14 12 0 0 11 1747 112 149 0 0 0 0 42 0 0 0 0 257 0 8 50 2920 130 455 26 0 102 58 647 0 104 
201 97 14 2969 40 202 3000 80 527 267 211 189 40 21 2605 3000 346 23 9 107 74 9 10 17 102 0 100 190 693 3000 51 21 297 97 119 8 56 11 0 0 243 20 2188 22 13 29 495 0 14 13 71 0 56 39 60 63 8 46 23 0 0 50 111 0 19 0 27 0 8 402 49 176 9 24 0 55 151 1168 155 1059 
763 38 59 10 479 196 343 81 15 1505 25 98 66 52 32 172 121 14 9 342 92 89 11 520 16 10 157 1319 662 61 721 243 75 1157 129 817 789 2321 8 0 21 0 3000 56 65 72 13 14 0 124 208 895 16 29 346 176 325 2441 441 301 745 923 311 852 143 0 18 159 147 47 0 135 7 72 48 9 246 0 200 43 
11 39 509 87 8 591 86 42 8 615 333 0 49 91 34 461 986 288 135 1115 856 1049 7 53 17 180 502 9 10 107 13 32 53 2309 221 60 103 19 96 0 1139 0 14 719 88 61 14 13 124 0 502 190 345 197 10 1262 95 32 54 28 65 1542 965 24 14 0 985 196 11 246 0 65 77 55 308 95 494 0 21 44 
423 0 7 0 0 85 0 0 55 0 0 113 92 0 615 334 54 219 84 31 455 8 0 54 0 0 0 179 1207 69 0 0 0 642 0 18 292 375 0 0 0 512 444 44 9 0 12 71 208 502 0 0 0 32 0 575 1797 0 0 0 0 0 0 0 0 0 0 0 41 0 57 105 258 0 0 288 0 0 0 0 
8 1026 630 188 96 299 433 54 185 0 63 136 2406 116 0 368 161 15 436 0 990 0 83 29 8 11 0 48 0 1130 26 0 0 0 22 11 0 0 8 893 96 788 127 50 35 0 0 0 895 190 0 0 0 37 379 30 21 10 0 29 65 7 26 1022 27 2381 239 557 3000 929 72 26 0 0 44 841 0 1653 130 10 
3000 1031 131 9 168 0 16 23 77 11 0 0 1858 116 18 0 0 0 0 0 0 226 283 0 871 170 65 0 0 19 8 17 3000 0 0 0 32 0 0 0 52 0 765 14 0 223 0 56 16 345 0 0 0 11 0 3000 239 11 71 18 2958 0 33 1645 9 0 0 464 0 0 0 0 30 63 286 258 197 0 336 1458 
328 20 385 38 191 175 136 99 51 1061 38 32 13 68 58 123 61 13 9 17 133 11 51 394 12 12 43 30 64 2118 20 752 512 15 20 760 167 2587 451 0 51 0 29 95 11 12 11 39 29 197 32 37 11 0 25 17 360 28 1035 108 95 224 1773 34 124 0 339 7 142 39 0 56 332 14 263 55 1407 0 37 23 
15 297 273 17 19 367 251 131 441 0 143 3000 25 503 43 10 1081 645 14 0 451 9 23 22 578 50 0 56 56 33 435 0 960 22 30 27 93 33 98 14 30 2510 65 15 753 0 1747 60 346 10 0 379 0 25 0 2488 111 154 106 12 81 341 981 59 262 37 78 21 28 581 2872 41 45 0 122 3000 0 36 651 656 
106 242 482 74 371 9 9 23 68 196 24 19 1097 35 15 19 82 114 33 60 154 721 483 22 200 466 65 182 3000 20 838 85 64 60 140 13 52 687 677 79 399 60 24 54 15 17 112 63 176 1262 575 30 3000 17 2488 0 431 164 158 21 37 128 148 173 793 2807 207 47 20 154 50 160 148 65 162 192 9 3000 54 413 
664 198 585 780 8 177 150 18 530 25 7 456 114 181 17 14 63 150 43 84 10 20 33 8 702 110 246 30 12 44 89 83 311 197 3000 265 19 14 245 0 100 2887 46 18 1378 22 149 8 325 95 1797 21 239 360 111 431 0 46 156 68 469 59 33 671 629 0 84 0 37 89 17 454 48 16 361 870 76 270 8 51 
861 230 13 406 52 0 9 216 47 9 3000 0 451 93 43 0 506 3000 0 0 0 304 78 296 19 38 166 0 0 377 45 8 146 0 184 0 12 0 3000 0 48 0 535 241 0 180 0 46 2441 32 0 10 11 28 154 164 46 0 63 24 640 0 411 72 964 0 12 495 1391 1676 0 0 155 46 183 231 39 0 1432 80 
130 49 32 469 75 0 1382 23 26 274 0 0 133 695 864 0 35 0 0 0 0 18 176 48 3000 172 223 0 34 125 26 48 10 0 18 28 178 0 0 0 56 0 560 63 3000 80 0 23 441 54 0 0 71 1035 106 158 156 63 0 1209 298 0 22 2437 200 0 0 2342 98 11 0 0 82 2802 31 238 51 0 11 19 
115 200 102 298 61 0 1414 246 305 1409 319 0 1919 95 0 0 0 0 0 0 0 0 20 0 18 37 288 0 0 0 54 80 101 0 19 0 35 0 183 368 1479 0 409 0 0 8 0 0 301 28 0 29 18 108 12 21 68 24 1209 0 488 0 14 519 123 0 39 3000 0 18 0 0 439 46 30 1066 0 0 13 396 
18 373 527 122 596 0 585 89 70 68 34 0 24 73 0 16 27 151 0 0 238 0 23 181 3000 38 10 0 0 22 55 185 34 0 24 0 1881 0 33 18 99 0 7 13 0 547 0 0 745 65 0 65 2958 95 81 37 469 640 298 488 0 36 18 470 16 253 1253 703 1615 1558 0 26 41 31 111 39 797 0 24 270 
122 436 204 0 21 2060 20 18 921 0 119 22 541 0 56 97 207 644 2192 0 1038 51 206 10 1776 0 0 49 1524 34 12 0 0 955 674 125 10 10 2963 322 253 3000 30 96 8 0 42 50 923 1542 0 7 0 224 341 128 59 0 0 0 36 0 134 0 93 8 36 27 54 8 80 18 0 0 86 26 0 299 29 20 
102 168 637 154 18 0 33 8 170 71 33 0 40 29 73 0 117 68 0 0 160 181 33 2379 115 804 3000 0 0 2016 579 2002 45 0 60 49 55 0 23 0 277 0 213 11 0 51 0 111 311 965 0 26 33 1773 981 148 33 411 22 14 18 134 0 196 68 0 193 56 380 276 0 210 126 129 128 3000 33 0 146 77 
270 79 59 299 803 0 426 10 548 408 3000 0 723 18 0 0 0 0 0 0 0 0 152 1043 52 28 80 0 0 1014 1048 89 158 0 436 0 23 0 0 0 38 0 741 326 0 1212 0 0 852 24 0 1022 1645 34 59 173 671 72 2437 519 470 0 196 0 1782 0 61 18 0 1515 0 0 22 53 26 68 3000 0 577 30 
83 590 199 716 306 0 13 19 10 327 1598 23 484 268 267 16 11 23 20 0 463 2177 1062 9 8 17 72 42 0 38 1047 397 239 0 42 362 139 0 596 3000 58 0 78 26 2719 20 0 19 143 14 0 27 9 124 262 793 629 964 200 123 16 93 68 1782 0 588 236 302 104 37 0 125 757 91 229 35 11 8 536 52 
181 0 183 0 0 28 0 298 201 0 131 433 945 0 0 356 9 51 448 0 1632 0 0 3000 127 0 0 23 0 0 0 0 0 0 120 103 0 0 400 62 15 149 9 89 216 0 0 0 0 0 0 2381 0 0 37 2807 0 0 0 0 253 8 0 0 588 0 67 15 44 458 209 19 0 0 23 0 0 37 52 24 
1370 632 722 95 765 51 32 212 12 0 53 13 7 0 3000 408 253 18 3000 0 120 35 397 58 82 106 0 141 3000 10 2833 0 0 34 20 33 156 52 15 50 66 30 16 55 81 0 257 27 18 985 0 239 0 339 78 207 84 12 0 39 1253 36 193 61 236 67 0 10 112 611 77 1322 311 0 221 295 0 1246 55 1447 
1013 44 34 296 286 0 9 95 589 1226 441 0 26 14 0 0 0 216 0 0 0 0 22 123 167 258 708 0 0 0 32 0 60 0 44 0 0 0 1092 98 182 0 30 0 0 770 0 0 159 196 0 557 464 7 21 47 0 495 2342 3000 703 27 56 18 302 15 10 0 191 148 0 0 51 0 20 171 0 0 3000 67 
74 1619 45 168 213 17 14 3000 10 0 26 263 204 8 141 35 2004 3000 162 136 2365 289 156 723 527 0 0 46 11 17 239 0 1093 75 43 10 358 20 321 206 3000 194 131 276 20 0 8 8 147 11 41 3000 0 142 28 20 37 1391 98 0 1615 54 380 0 104 44 112 191 0 378 150 32 14 0 65 21 0 7 316 578 
918 98 19 154 63 1117 26 16 37 0 985 2055 213 20 10 24 679 206 270 0 8 169 3000 9 462 154 18 46 0 62 439 0 172 0 40 115 291 25 1299 168 181 176 42 776 132 0 50 402 47 246 0 929 0 39 581 154 89 1676 11 18 1558 8 276 1515 37 458 611 148 378 0 495 229 1192 0 10 3000 0 325 396 63 
1552 0 11 0 0 24 0 0 24 0 30 823 1204 0 0 109 1758 25 354 0 108 32 0 272 106 0 0 745 0 17 0 0 0 10 3000 105 0 59 12 19 40 38 185 967 199 0 2920 49 0 0 57 72 0 0 2872 50 17 0 0 0 0 80 0 0 0 209 77 0 150 495 0 157 0 0 0 0 0 9 0 959 
11 18 31 208 3000 119 8 215 528 0 2036 1650 129 0 366 169 1024 34 31 11 146 13 2093 1007 3000 0 0 19 157 334 408 0 0 12 51 10 209 1852 52 283 44 17 18 519 113 0 130 176 135 65 105 26 0 56 41 160 454 0 0 0 26 18 210 0 125 19 1322 0 32 229 157 0 8 0 2650 8 0 348 32 705 
69 2120 2428 1844 379 454 20 1603 10 100 151 0 239 550 9 682 26 353 290 58 30 2283 74 81 174 29 53 169 194 7 86 115 10 1642 351 62 10 13 0 0 133 0 317 724 15 90 455 9 7 77 258 0 30 332 45 148 48 155 82 439 41 0 126 22 757 0 311 51 14 1192 0 8 0 427 18 245 98 0 65 110 
81 1908 481 3000 327 0 34 104 54 241 0 0 95 119 125 0 15 0 1775 2785 0 55 293 95 0 67 278 0 88 60 94 91 128 9 0 29 107 66 0 0 7 0 123 30 270 211 26 24 72 55 0 0 63 14 0 65 16 46 2802 46 31 0 129 53 91 0 0 0 0 0 0 0 427 0 128 14 37 0 184 105 
114 1935 444 1115 68 0 2999 596 704 96 76 75 55 187 28 1558 127 20 0 0 8 520 8 58 82 92 16 20 0 242 7 974 40 0 11 1450 646 0 440 45 395 56 1597 16 0 1887 0 0 48 308 0 44 286 263 122 162 361 183 31 30 111 86 128 26 229 23 221 20 65 10 0 2650 18 128 0 13 85 200 2476 7 
1281 905 394 3000 26 121 40 168 77 40 134 0 284 33 26 32 81 340 123 15 135 70 13 345 38 16 115 178 472 7 27 12 32 122 174 167 519 18 0 0 71 0 16 77 240 52 102 55 9 95 288 841 258 55 3000 192 870 231 238 1066 39 26 3000 68 35 0 295 171 21 3000 0 8 245 14 13 0 1975 0 134 11 
10 244 8 185 155 0 164 32 156 276 0 0 594 30 25 0 0 0 268 7 0 246 133 11 0 13 9 0 139 82 671 60 19 141 0 13 146 377 0 0 15 0 286 807 52 28 58 151 246 494 0 0 197 1407 0 9 76 39 51 0 797 0 33 3000 11 0 0 0 0 0 0 0 98 37 85 1975 0 0 635 3000 
18 0 201 0 0 1539 0 56 12 0 43 93 13 0 0 11 2743 141 13 0 25 21 0 529 35 0 0 124 0 16 0 0 0 681 43 23 0 89 10 166 64 155 556 591 23 0 647 1168 0 0 0 1653 0 0 36 3000 270 0 0 0 0 299 0 0 8 37 1246 0 7 325 9 348 0 0 200 0 0 0 1352 1003 
229 123 581 10 211 0 15 13 3000 167 1224 203 81 181 160 14 8 17 13 0 2551 13 658 330 491 590 341 188 0 98 11 417 41 0 433 79 34 0 130 11 458 0 28 10 159 1180 0 155 200 21 0 130 336 37 651 54 8 1432 11 13 24 29 146 577 536 52 55 3000 316 396 0 32 65 184 2476 134 635 1352 0 109 
107 42 18 125 26 835 145 2229 189 358 237 59 78 3000 179 101 236 274 1213 0 93 28 507 826 58 36 537 214 29 14 50 300 16 0 196 17 85 72 1107 287 61 161 55 803 22 102 104 1059 43 44 0 10 1458 23 656 413 51 80 19 396 270 20 77 30 52 24 1447 67 578 63 959 705 110 105 7 11 3000 1003 109 0 
