80
0 42 99 41 20 64 57 75 13 76 62 25 41 66 15 61 51 53 18 80 33 17 59 72 72 63 21 98 41 23 73 61 15 28 80 66 78 14 40 9 81 69 97 77 64 30 41 25 6 42 19 20 37 14 66 98 31 30 66 31 17 59 34 37 80 25 34 30 43 72 25 92 17 19 9 7 6 17 32 25 
42 0 63 21 50 43 18 47 54 54 21 38 3 28 47 30 50 38 59 43 14 55 17 74 29 24 22 61 43 21 56 41 52 15 38 38 50 28 5 42 56 63 58 42 30 15 61 66 47 9 52 39 11 49 24 63 32 52 52 21 53 38 36 10 42 61 48 49 45 43 27 59 58 43 33 47 48 58 44 67 
99 63 0 81 112 94 45 29 109 39 43 101 62 34 108 39 69 94 117 19 67 106 56 80 46 38 79 2 72 76 45 93 102 76 35 83 89 87 67 95 96 65 11 22 36 78 93 124 102 58 100 86 73 109 50 3 95 115 52 68 114 90 98 63 20 122 84 88 72 85 89 13 116 90 91 102 105 110 107 124 
41 21 81 0 40 26 37 67 53 75 37 25 22 48 38 51 67 18 53 62 29 57 26 91 40 43 28 80 58 29 76 23 54 18 52 26 38 28 16 45 42 82 74 62 50 14 71 60 46 29 57 47 10 41 34 82 16 38 71 35 45 21 18 28 61 51 60 59 60 32 16 79 53 50 33 47 45 58 27 62 
20 50 112 40 0 56 68 91 25 93 71 15 50 78 5 75 71 45 17 93 46 34 64 92 78 74 34 111 61 37 92 53 33 36 88 62 72 26 46 29 73 89 108 91 77 35 61 22 24 54 38 40 42 7 72 112 24 11 84 46 7 52 25 49 92 12 54 50 63 68 25 106 19 39 24 24 19 31 18 25 
64 43 94 26 56 0 55 87 76 96 53 41 46 65 56 72 93 11 72 77 55 81 39 117 48 60 54 93 84 55 98 3 78 44 60 12 17 53 40 69 17 107 85 79 69 40 97 78 70 53 81 73 35 60 44 95 34 49 95 61 62 6 31 53 75 67 86 85 86 14 39 95 73 76 57 70 67 81 38 81 
57 18 45 37 68 55 0 32 68 41 7 56 18 11 63 17 48 52 74 26 24 67 18 70 21 7 36 44 45 34 44 53 64 32 25 47 57 44 22 55 64 57 40 25 14 33 65 81 61 15 63 49 29 65 18 45 50 70 43 29 70 51 54 20 25 78 53 56 45 51 45 42 74 53 48 61 63 71 62 82 
75 47 29 67 91 87 32 0 83 13 35 83 45 23 86 17 40 84 93 20 45 79 49 53 46 27 56 27 44 54 19 85 76 57 40 78 88 65 51 69 95 38 33 13 18 60 65 99 77 39 73 59 58 87 46 27 78 96 24 45 91 82 82 43 21 100 55 60 43 82 71 18 91 64 68 77 81 84 89 99 
13 54 109 53 25 76 68 83 0 82 74 35 53 77 22 70 54 65 13 90 44 9 71 71 84 74 33 107 44 35 79 72 9 40 92 78 91 27 52 14 93 71 107 87 73 42 38 17 8 54 14 25 50 19 78 108 42 36 71 41 20 71 45 48 90 25 35 30 46 85 38 101 10 21 22 7 8 6 42 16 
76 54 39 75 93 96 41 13 82 0 46 87 52 35 88 25 33 92 93 32 49 77 59 41 58 38 59 37 39 56 6 94 74 62 53 89 99 68 59 69 105 26 45 26 28 65 58 99 76 46 71 58 65 89 57 36 84 99 14 47 93 91 88 48 34 101 51 56 38 92 76 26 91 62 70 76 81 82 94 98 
62 21 43 37 71 53 7 35 74 46 0 59 22 12 67 22 55 51 79 25 30 73 14 77 14 8 41 42 52 39 49 51 70 36 19 44 53 48 25 60 60 63 37 26 18 36 72 86 66 20 69 55 31 69 12 44 52 72 49 35 74 48 55 26 23 82 60 62 52 47 47 43 78 60 53 66 68 76 64 87 
25 38 101 25 15 41 56 83 35 87 59 0 39 67 15 66 69 30 31 82 38 42 50 92 64 63 28 100 59 31 86 38 40 25 75 46 57 21 34 33 58 87 96 80 67 23 65 37 31 44 44 41 28 18 58 101 9 14 80 40 21 37 10 40 81 27 56 53 61 52 12 97 32 42 22 31 27 41 8 40 
41 3 62 22 50 46 18 45 53 52 22 39 0 28 46 29 47 40 58 43 12 53 19 71 31 24 20 61 40 19 53 43 50 14 40 41 53 27 6 40 58 61 58 42 29 15 58 65 45 7 50 37 13 48 26 63 33 52 50 18 52 40 37 8 42 61 45 46 42 46 27 58 57 41 31 45 47 56 45 66 
66 28 34 48 78 65 11 23 77 35 12 67 28 0 73 13 49 62 84 15 33 75 26 68 23 5 45 33 47 43 39 63 71 42 21 56 65 53 33 63 72 54 31 14 7 43 69 91 69 24 70 55 39 75 23 35 61 80 40 36 80 60 64 29 14 88 57 61 48 59 55 31 83 60 57 69 72 78 72 91 
15 47 108 38 5 56 63 86 22 88 67 15 46 73 0 70 65 45 16 88 41 30 61 86 74 70 29 106 55 32 86 53 28 32 85 61 72 21 43 24 73 83 104 86 72 32 56 22 19 49 33 35 38 3 69 107 23 15 79 41 7 52 25 44 88 15 49 45 57 67 22 102 17 34 18 20 14 27 20 25 
61 30 39 51 75 72 17 17 70 25 22 66 29 13 70 0 36 68 79 22 29 67 35 55 35 15 41 37 36 38 27 70 64 41 34 64 74 49 35 56 81 41 39 17 6 43 58 85 63 23 62 47 41 72 34 38 62 79 27 30 76 67 66 26 22 84 46 50 36 68 55 31 77 52 53 63 67 71 73 85 
51 50 69 67 71 93 48 40 54 33 55 69 47 49 65 36 0 85 66 56 38 47 63 24 69 50 42 67 10 39 28 90 45 50 70 88 100 48 53 42 106 18 72 50 42 53 25 71 49 41 40 31 57 65 66 67 69 79 19 32 68 87 74 40 57 76 20 25 8 94 61 57 64 33 48 49 55 52 77 70 
53 38 94 18 45 11 52 84 65 92 51 30 40 62 45 68 85 0 61 76 47 70 38 109 49 58 45 93 76 46 93 8 67 35 61 18 28 42 34 59 28 100 86 77 66 31 88 67 59 47 71 63 28 48 44 95 22 38 89 53 51 7 20 46 74 56 76 75 78 23 28 93 62 65 46 59 56 70 28 70 
18 59 117 53 17 72 74 93 13 93 79 31 58 84 16 79 66 61 0 98 51 22 74 84 88 81 39 116 57 41 90 69 22 44 97 77 88 31 56 24 89 84 115 95 81 45 51 7 17 60 28 36 52 12 82 116 39 27 82 49 10 68 41 55 98 12 47 43 59 83 37 110 3 33 27 17 12 17 35 9 
80 43 19 62 93 77 26 20 90 32 25 82 43 15 88 22 56 76 98 0 48 88 38 72 30 19 60 18 57 57 38 75 85 57 22 67 74 68 48 76 82 57 17 6 17 58 79 105 83 39 83 68 54 90 33 20 76 95 42 50 94 73 79 44 2 103 68 72 57 69 70 18 97 73 72 83 86 92 87 105 
33 14 67 29 46 55 24 45 44 49 30 38 12 33 41 29 38 47 51 48 0 43 31 62 42 30 12 65 30 10 49 52 40 13 49 51 63 20 15 30 68 53 64 45 31 17 46 57 36 10 39 25 19 43 37 66 35 51 43 7 47 49 39 5 47 56 34 35 31 57 27 60 49 30 24 37 39 46 45 58 
17 55 106 57 34 81 67 79 9 77 73 42 53 75 30 67 47 70 22 88 43 0 72 63 84 72 33 104 38 34 73 78 3 42 92 83 95 30 54 13 98 64 105 84 71 45 29 25 12 53 6 20 53 27 79 104 48 45 64 39 28 76 52 48 88 34 27 22 40 89 43 96 19 15 25 11 16 5 49 23 
59 17 56 26 64 39 18 49 71 59 14 50 19 26 61 35 63 38 74 38 31 72 0 86 14 22 39 55 58 38 62 37 69 31 25 30 39 44 19 59 46 74 49 40 31 29 77 81 63 23 70 56 22 63 8 57 42 63 61 37 67 35 44 26 37 75 64 66 59 33 39 56 74 60 49 64 64 75 54 83 
72 74 80 91 92 117 70 53 71 41 77 92 71 68 86 55 24 109 84 72 62 63 86 0 90 70 65 78 33 63 35 114 62 74 89 112 124 71 77 62 130 15 86 65 61 77 35 88 69 65 57 51 81 86 88 77 93 101 29 56 88 111 98 64 73 95 38 42 31 117 85 67 81 53 70 68 74 68 100 86 
72 29 46 40 78 48 21 46 84 58 14 64 31 23 74 35 69 49 88 30 42 84 14 90 0 20 51 45 65 50 62 47 81 44 12 37 44 57 32 71 51 76 37 34 30 43 86 95 76 32 81 67 36 77 6 48 56 77 62 47 81 45 58 37 29 89 73 75 66 39 53 49 87 71 62 77 78 87 67 96 
63 24 38 43 74 60 7 27 74 38 8 63 24 5 70 15 50 58 81 19 30 72 22 70 20 0 42 37 47 40 42 59 69 38 21 51 61 50 29 60 68 56 34 19 10 39 68 88 66 21 68 53 35 72 19 39 57 76 42 34 76 56 60 26 18 84 56 60 48 55 51 36 80 58 54 67 69 76 68 88 
21 22 79 28 34 54 36 56 33 59 41 28 20 45 29 41 42 45 39 60 12 33 39 65 51 42 0 77 32 3 58 51 30 10 60 53 66 9 21 20 70 59 76 57 43 14 43 46 25 21 31 19 21 31 46 78 28 40 51 12 35 49 32 16 59 44 32 31 34 59 20 72 38 22 12 25 27 36 36 46 
98 61 2 80 111 93 44 27 107 37 42 100 61 33 106 37 67 93 116 18 65 104 55 78 45 37 77 0 71 75 44 92 101 75 34 83 89 86 66 93 96 63 11 20 34 76 92 122 100 57 99 84 72 108 49 3 94 113 51 67 112 89 97 62 19 121 82 86 70 84 88 12 114 89 89 100 104 108 105 123 
41 43 72 58 61 84 45 44 44 39 52 59 40 47 55 36 10 76 57 57 30 38 58 33 65 47 32 71 0 30 35 81 36 41 68 81 93 38 45 32 98 28 74 52 41 45 22 61 40 35 32 21 49 55 62 70 60 69 26 24 58 79 65 33 58 66 12 17 2 87 52 61 54 24 38 39 45 43 67 60 
23 21 76 29 37 55 34 54 35 56 39 31 19 43 32 38 39 46 41 57 10 34 38 63 50 40 3 75 30 0 55 52 31 11 58 54 66 12 20 21 71 56 73 54 40 15 42 48 27 19 32 19 21 34 45 75 30 43 49 9 38 50 35 14 57 46 30 30 32 60 22 69 40 23 15 27 29 37 39 49 
73 56 45 76 92 98 44 19 79 6 49 86 53 39 86 27 28 93 90 38 49 73 62 35 62 42 58 44 35 55 0 96 71 62 58 91 102 66 60 66 108 20 51 32 32 65 53 96 73 46 67 54 66 87 61 42 84 98 9 46 90 93 88 48 40 99 47 52 34 95 76 32 88 58 68 73 78 78 94 95 
61 41 93 23 53 3 53 85 72 94 51 38 43 63 53 70 90 8 69 75 52 78 37 114 47 59 51 92 81 52 96 0 75 41 59 12 20 50 38 66 20 104 84 77 67 37 94 75 67 50 78 70 33 56 43 94 30 46 93 58 59 3 28 50 74 64 83 82 83 16 35 94 70 72 54 67 64 78 36 78 
15 52 102 54 33 78 64 76 9 74 70 40 50 71 28 64 45 67 22 85 40 3 69 62 81 69 30 101 36 31 71 75 0 39 88 80 92 26 50 10 95 62 102 81 68 42 29 26 9 49 5 17 49 26 76 101 45 43 62 35 28 73 49 44 85 34 26 21 38 86 40 94 19 12 22 9 14 8 47 25 
28 15 76 18 36 44 32 57 40 62 36 25 14 42 32 41 50 35 44 57 13 42 31 74 44 38 10 75 41 11 62 41 39 0 53 43 55 14 12 29 59 65 72 55 42 4 53 51 33 18 41 30 10 34 38 76 22 39 57 18 38 39 26 14 56 46 42 41 42 49 14 71 44 33 19 33 34 44 32 52 
80 38 35 52 88 60 25 40 92 53 19 75 40 21 85 34 70 61 97 22 49 92 25 89 12 21 60 34 68 58 58 59 88 53 0 49 54 66 42 79 62 75 25 27 28 53 89 104 84 39 88 73 47 87 17 37 67 89 60 53 91 57 70 44 20 99 77 80 69 50 64 39 97 78 71 85 87 95 79 105 
66 38 83 26 62 12 47 78 78 89 44 46 41 56 61 64 88 18 77 67 51 83 30 112 37 51 53 83 81 54 91 12 80 43 49 0 13 53 36 70 18 101 74 69 61 39 96 83 72 47 82 72 33 64 34 85 38 56 89 58 67 11 36 48 65 73 84 84 82 6 41 85 78 75 58 73 70 83 45 86 
78 50 89 38 72 17 57 88 91 99 53 57 53 65 72 74 100 28 88 74 63 95 39 124 44 61 66 89 93 66 102 20 92 55 54 13 0 66 48 83 7 113 79 77 70 52 109 94 84 59 95 85 45 75 42 91 49 66 100 70 79 20 47 60 72 83 96 97 95 7 53 93 89 88 71 85 82 96 55 97 
14 28 87 28 26 53 44 65 27 68 48 21 27 53 21 49 48 42 31 68 20 30 44 71 57 50 9 86 38 12 66 50 26 14 66 53 66 0 25 17 69 66 84 65 52 15 46 38 19 29 29 21 23 22 52 87 22 32 59 21 27 47 27 24 67 35 35 34 40 60 15 81 30 23 5 20 20 31 29 39 
40 5 67 16 46 40 22 51 52 59 25 34 6 33 43 35 53 34 56 48 15 54 19 77 32 29 21 66 45 20 60 38 50 12 42 36 48 25 0 40 53 66 62 47 34 11 61 63 44 13 51 39 7 45 26 67 28 48 56 22 49 35 31 13 47 57 49 49 47 42 23 64 55 43 30 45 46 56 39 64 
9 42 95 45 29 69 55 69 14 69 60 33 40 63 24 56 42 59 24 76 30 13 59 62 71 60 20 93 32 21 66 66 10 29 79 70 83 17 40 0 86 60 93 73 59 32 32 30 7 40 12 12 40 23 66 94 37 39 58 27 26 64 42 35 76 34 25 21 34 77 31 86 22 9 12 7 13 16 41 30 
81 56 96 42 73 17 64 95 93 105 60 58 58 72 73 81 106 28 89 82 68 98 46 130 51 68 70 96 98 71 108 20 95 59 62 18 7 69 53 86 0 119 87 85 77 56 113 95 87 65 98 89 50 77 49 99 51 66 106 75 79 22 48 66 80 84 101 101 100 13 55 100 91 92 74 87 84 98 55 98 
69 63 65 82 89 107 57 38 71 26 63 87 61 54 83 41 18 100 84 57 53 64 74 15 76 56 59 63 28 56 20 104 62 65 75 101 113 66 66 60 119 0 71 50 47 69 39 88 67 54 58 49 72 83 75 62 86 97 14 48 86 101 91 54 58 94 37 42 26 106 78 52 81 51 66 67 73 69 95 87 
97 58 11 74 108 85 40 33 107 45 37 96 58 31 104 39 72 86 115 17 64 105 49 86 37 34 76 11 74 73 51 84 102 72 25 74 79 84 62 93 87 71 0 22 34 73 96 121 100 55 100 85 68 106 42 14 89 110 57 67 110 82 92 60 17 119 85 89 74 75 85 22 113 90 88 100 103 109 101 122 
77 42 22 62 91 79 25 13 87 26 26 80 42 14 86 17 50 77 95 6 45 84 40 65 34 19 57 20 52 54 32 77 81 55 27 69 77 65 47 73 85 50 22 0 14 57 73 102 80 37 79 64 54 88 36 21 75 94 36 46 92 74 78 42 8 100 63 67 51 72 69 17 94 69 69 80 83 88 86 102 
64 30 36 50 77 69 14 18 73 28 18 67 29 7 72 6 42 66 81 17 31 71 31 61 30 10 43 34 41 40 32 67 68 42 28 61 70 52 34 59 77 47 34 14 0 44 63 88 66 23 66 51 41 74 29 35 62 80 33 33 78 64 66 28 17 87 52 55 41 64 55 30 80 56 55 66 70 75 73 88 
30 15 78 14 35 40 33 60 42 65 36 23 15 43 32 43 53 31 45 58 17 45 29 77 43 39 14 76 45 15 65 37 42 4 53 39 52 15 11 32 56 69 73 57 44 0 57 52 35 20 44 33 8 34 37 78 19 37 60 21 38 35 23 17 57 46 45 45 46 45 12 73 45 36 21 35 35 46 30 53 
41 61 93 71 61 97 65 65 38 58 72 65 58 69 56 58 25 88 51 79 46 29 77 35 86 68 43 92 22 42 53 94 29 53 89 96 109 46 61 32 113 39 96 73 63 57 0 54 37 54 23 24 63 54 81 91 68 71 44 40 56 92 72 50 79 62 13 12 22 102 60 82 48 23 43 36 42 34 73 51 
25 66 124 60 22 78 81 99 17 99 86 37 65 91 22 85 71 67 7 105 57 25 81 88 95 88 46 122 61 48 96 75 26 51 104 83 94 38 63 30 95 88 121 102 88 52 54 0 23 67 31 41 59 19 89 123 45 31 87 55 16 74 47 62 105 14 52 47 63 89 44 116 8 38 34 23 19 20 40 3 
6 47 102 46 24 70 61 77 8 76 66 31 45 69 19 63 49 59 17 83 36 12 63 69 76 66 25 100 40 27 73 67 9 33 84 72 84 19 44 7 87 67 100 80 66 35 37 23 0 46 14 19 43 18 71 101 37 34 65 33 20 65 40 41 83 27 31 27 42 78 31 94 15 16 14 1 6 12 38 23 
42 9 58 29 54 53 15 39 54 46 20 44 7 24 49 23 41 47 60 39 10 53 23 65 32 21 21 57 35 19 46 50 49 18 39 47 59 29 13 40 65 54 55 37 23 20 54 67 46 0 49 35 19 51 28 58 39 57 43 15 55 47 43 5 38 64 41 43 36 52 32 53 59 39 33 46 48 56 50 68 
19 52 100 57 38 81 63 73 14 71 69 44 50 70 33 62 40 71 28 83 39 6 70 57 81 68 31 99 32 32 67 78 5 41 88 82 95 29 51 12 98 58 100 79 66 44 23 31 14 49 0 15 51 31 76 99 49 48 58 34 33 76 53 44 83 39 21 16 33 89 43 91 25 10 24 13 19 12 52 29 
20 39 86 47 40 73 49 59 25 58 55 41 37 55 35 47 31 63 36 68 25 20 56 51 67 53 19 84 21 19 54 70 17 30 73 72 85 21 39 12 89 49 85 64 51 33 24 41 19 35 15 0 40 34 62 84 44 49 46 20 38 68 48 30 68 45 14 12 23 79 36 77 34 5 19 19 24 25 49 41 
37 11 73 10 42 35 29 58 50 65 31 28 13 39 38 41 57 28 52 54 19 53 22 81 36 35 21 72 49 21 66 33 49 10 47 33 45 23 7 40 50 72 68 54 41 8 63 59 43 19 51 40 0 41 30 74 22 42 61 25 45 30 25 18 53 53 51 51 51 39 17 70 52 43 28 43 43 54 33 61 
14 49 109 41 7 60 65 87 19 89 69 18 48 75 3 72 65 48 12 90 43 27 63 86 77 72 31 108 55 34 87 56 26 34 87 64 75 22 45 23 77 83 106 88 74 34 54 19 18 51 31 34 41 0 71 109 26 17 79 42 4 55 29 46 89 13 48 44 57 70 25 103 14 33 19 18 12 25 23 21 
66 24 50 34 72 44 18 46 78 57 12 58 26 23 69 34 66 44 82 33 37 79 8 88 6 19 46 49 62 45 61 43 76 38 17 34 42 52 26 66 49 75 42 36 29 37 81 89 71 28 76 62 30 71 0 51 50 71 61 43 75 41 52 32 31 83 69 71 63 36 47 51 82 67 57 71 72 82 62 90 
98 63 3 82 112 95 45 27 108 36 44 101 63 35 107 38 67 95 116 20 66 104 57 77 48 39 78 3 70 75 42 94 101 76 37 85 91 87 67 94 99 62 14 21 35 78 91 123 101 58 99 84 74 109 51 0 95 115 50 68 113 92 99 63 21 122 82 86 70 86 90 10 115 89 90 101 104 109 107 123 
31 32 95 16 24 34 50 78 42 84 52 9 33 61 23 62 69 22 39 76 35 48 42 93 56 57 28 94 60 30 84 30 45 22 67 38 49 22 28 37 51 86 89 75 62 19 68 45 37 39 49 44 22 26 50 95 0 21 78 38 30 29 5 36 75 36 58 56 62 44 8 91 40 45 25 37 34 47 12 48 
30 52 115 38 11 49 70 96 36 99 72 14 52 80 15 79 79 38 27 95 51 45 63 101 77 76 40 113 69 43 98 46 43 39 89 56 66 32 48 39 66 97 110 94 80 37 71 31 34 57 48 49 42 17 71 115 21 0 91 52 17 46 20 53 94 18 63 60 71 62 25 110 29 48 31 35 29 42 11 34 
66 52 52 71 84 95 43 24 71 14 49 80 50 40 79 27 19 89 82 42 43 64 61 29 62 42 51 51 26 49 9 93 62 57 60 89 100 59 56 58 106 14 57 36 33 60 44 87 65 43 58 46 61 79 61 50 78 91 0 40 83 90 83 44 44 91 38 43 25 94 70 40 80 50 60 65 70 69 88 86 
31 21 68 35 46 61 29 45 41 47 35 40 18 36 41 30 32 53 49 50 7 39 37 56 47 34 12 67 24 9 46 58 35 18 53 58 70 21 22 27 75 48 67 46 33 21 40 55 33 15 34 20 25 42 43 68 38 52 40 0 46 55 43 11 50 55 27 29 25 63 30 61 47 25 23 33 37 42 48 56 
17 53 114 45 7 62 70 91 20 93 74 21 52 80 7 76 68 51 10 94 47 28 67 88 81 76 35 112 58 38 90 59 28 38 91 67 79 27 49 26 79 86 110 92 78 38 56 16 20 55 33 38 45 4 75 113 30 17 83 46 0 58 31 51 94 9 51 47 60 74 29 107 12 35 23 20 14 25 25 18 
59 38 90 21 52 6 51 82 71 91 48 37 40 60 52 67 87 7 68 73 49 76 35 111 45 56 49 89 79 50 93 3 73 39 57 11 20 47 35 64 22 101 82 74 64 35 92 74 65 47 76 68 30 55 41 92 29 46 90 55 58 0 27 47 71 63 80 80 80 16 33 91 69 70 52 65 62 76 35 76 
34 36 98 18 25 31 54 82 45 88 55 10 37 64 25 66 74 20 41 79 39 52 44 98 58 60 32 97 65 35 88 28 49 26 70 36 47 27 31 42 48 91 92 78 66 23 72 47 40 43 53 48 25 29 52 99 5 20 83 43 31 27 0 40 78 36 62 60 67 42 13 95 43 50 30 41 37 51 10 50 
37 10 63 28 49 53 20 43 48 48 26 40 8 29 44 26 40 46 55 44 5 48 26 64 37 26 16 62 33 14 48 50 44 14 44 48 60 24 13 35 66 54 60 42 28 17 50 62 41 5 44 30 18 46 32 63 36 53 44 11 51 47 40 0 43 59 38 39 34 54 28 57 54 35 28 41 43 51 47 62 
80 42 20 61 92 75 25 21 90 34 23 81 42 14 88 22 57 74 98 2 47 88 37 73 29 18 59 19 58 57 40 74 85 56 20 65 72 67 47 76 80 58 17 8 17 57 79 105 83 38 83 68 53 89 31 21 75 94 44 50 94 71 78 43 0 102 68 72 58 67 69 20 97 73 71 83 86 92 86 105 
25 61 122 51 12 67 78 100 25 101 82 27 61 88 15 84 76 56 12 103 56 34 75 95 89 84 44 121 66 46 99 64 34 46 99 73 83 35 57 34 84 94 119 100 87 46 62 14 27 64 39 45 53 13 83 122 36 18 91 55 9 63 36 59 102 0 58 53 68 79 36 116 15 43 32 27 21 29 28 17 
34 48 84 60 54 86 53 55 35 51 60 56 45 57 49 46 20 76 47 68 34 27 64 38 73 56 32 82 12 30 47 83 26 42 77 84 96 35 49 25 101 37 85 63 52 45 13 52 31 41 21 14 51 48 69 82 58 63 38 27 51 80 62 38 68 58 0 5 13 90 50 73 45 15 33 31 37 33 64 50 
30 49 88 59 50 85 56 60 30 56 62 53 46 61 45 50 25 75 43 72 35 22 66 42 75 60 31 86 17 30 52 82 21 41 80 84 97 34 49 21 101 42 89 67 55 45 12 47 27 43 16 12 51 44 71 86 56 60 43 29 47 80 60 39 72 53 5 0 18 90 48 78 40 12 31 27 33 28 61 45 
43 45 72 60 63 86 45 43 46 38 52 61 42 48 57 36 8 78 59 57 31 40 59 31 66 48 34 70 2 32 34 83 38 42 69 82 95 40 47 34 100 26 74 51 41 46 22 63 42 36 33 23 51 57 63 70 62 71 25 25 60 80 67 34 58 68 13 18 0 88 54 61 56 26 40 41 47 45 69 62 
72 43 85 32 68 14 51 82 85 92 47 52 46 59 67 68 94 23 83 69 57 89 33 117 39 55 59 84 87 60 95 16 86 49 50 6 7 60 42 77 13 106 75 72 64 45 102 89 78 52 89 79 39 70 36 86 44 62 94 63 74 16 42 54 67 79 90 90 88 0 47 87 84 82 64 79 77 90 51 92 
25 27 89 16 25 39 45 71 38 76 47 12 27 55 22 55 61 28 37 70 27 43 39 85 53 51 20 88 52 22 76 35 40 14 64 41 53 15 23 31 55 78 85 69 55 12 60 44 31 32 43 36 17 25 47 90 8 25 70 30 29 33 13 28 69 36 50 48 54 47 0 85 37 38 18 32 30 43 18 46 
92 59 13 79 106 95 42 18 101 26 43 97 58 31 102 31 57 93 110 18 60 96 56 67 49 36 72 12 61 69 32 94 94 71 39 85 93 81 64 86 100 52 22 17 30 73 82 116 94 53 91 77 70 103 51 10 91 110 40 61 107 91 95 57 20 116 73 78 61 87 85 0 108 81 84 94 98 101 103 116 
17 58 116 53 19 73 74 91 10 91 78 32 57 83 17 77 64 62 3 97 49 19 74 81 87 80 38 114 54 40 88 70 19 44 97 78 89 30 55 22 91 81 113 94 80 45 48 8 15 59 25 34 52 14 82 115 40 29 80 47 12 69 43 54 97 15 45 40 56 84 37 108 0 30 26 15 11 14 37 9 
19 43 90 50 39 76 53 64 21 62 60 42 41 60 34 52 33 65 33 73 30 15 60 53 71 58 22 89 24 23 58 72 12 33 78 75 88 23 43 9 92 51 90 69 56 36 23 38 16 39 10 5 43 33 67 89 45 48 50 25 35 70 50 35 73 43 15 12 26 82 38 81 30 0 20 16 22 20 50 37 
9 33 91 33 24 57 48 68 22 70 53 22 31 57 18 53 48 46 27 72 24 25 49 70 62 54 12 89 38 15 68 54 22 19 71 58 71 5 30 12 74 66 88 69 55 21 43 34 14 33 24 19 28 19 57 90 25 31 60 23 23 52 30 28 71 32 33 31 40 64 18 84 26 20 0 15 15 26 30 34 
7 47 102 47 24 70 61 77 7 76 66 31 45 69 20 63 49 59 17 83 37 11 64 68 77 67 25 100 39 27 73 67 9 33 85 73 85 20 45 7 87 67 100 80 66 35 36 23 1 46 13 19 43 18 71 101 37 35 65 33 20 65 41 41 83 27 31 27 41 79 32 94 15 16 15 0 6 11 38 22 
6 48 105 45 19 67 63 81 8 81 68 27 47 72 14 67 55 56 12 86 39 16 64 74 78 69 27 104 45 29 78 64 14 34 87 70 82 20 46 13 84 73 103 83 70 35 42 19 6 48 19 24 43 12 72 104 34 29 70 37 14 62 37 43 86 21 37 33 47 77 30 98 11 22 15 6 0 14 34 19 
17 58 110 58 31 81 71 84 6 82 76 41 56 78 27 71 52 70 17 92 46 5 75 68 87 76 36 108 43 37 78 78 8 44 95 83 96 31 56 16 98 69 109 88 75 46 34 20 12 56 12 25 54 25 82 109 47 42 69 42 25 76 51 51 92 29 33 28 45 90 43 101 14 20 26 11 14 0 47 18 
32 44 107 27 18 38 62 89 42 94 64 8 45 72 20 73 77 28 35 87 45 49 54 100 67 68 36 105 67 39 94 36 47 32 79 45 55 29 39 41 55 95 101 86 73 30 73 40 38 50 52 49 33 23 62 107 12 11 88 48 25 35 10 47 86 28 64 61 69 51 18 103 37 50 30 38 34 47 0 43 
25 67 124 62 25 81 82 99 16 98 87 40 66 91 25 85 70 70 9 105 58 23 83 86 96 88 46 123 60 49 95 78 25 52 105 86 97 39 64 30 98 87 122 102 88 53 51 3 23 68 29 41 61 21 90 123 48 34 86 56 18 76 50 62 105 17 50 45 62 92 46 116 9 37 34 22 19 18 43 0 
0 29 86 3000 63 301 96 398 1243 181 536 7 341 593 571 156 94 104 37 541 182 442 10 627 21 182 30 110 228 320 34 12 1605 616 61 117 38 93 72 57 17 1882 32 167 16 240 76 34 518 68 160 13 59 286 546 111 0 96 31 354 13 132 0 30 536 55 50 11 0 102 11 75 20 89 355 0 129 10 1709 78 
29 0 105 1356 753 23 0 1921 21 2037 125 9 27 17 1066 565 7 8 24 30 139 2613 0 0 0 74 183 516 2779 53 1171 228 80 371 27 0 352 0 0 324 32 14 67 300 7 59 0 86 0 45 0 41 0 37 14 71 0 0 50 992 1225 150 0 36 23 1572 3000 154 554 2242 366 0 117 134 152 51 23 26 27 24 
86 105 0 0 80 1145 1103 0 199 95 635 0 27 200 367 11 116 20 10 42 2500 0 54 218 35 0 74 16 193 288 13 813 67 18 242 317 1345 156 27 61 16 409 36 420 0 80 1999 0 9 176 11 596 892 506 58 0 0 14 12 142 0 638 0 273 26 70 88 3000 0 245 628 261 20 8 12 0 367 0 0 992 
3000 1356 0 0 192 0 0 2947 180 146 1915 1841 17 390 23 82 0 119 130 1553 220 270 0 0 0 198 1061 347 13 18 15 174 97 284 23 0 81 0 36 182 56 8 7 12 326 26 0 54 0 33 91 0 0 53 3000 46 146 0 61 8 272 9 199 69 0 148 0 528 354 15 0 0 246 16 20 40 39 94 172 0 
63 753 80 192 0 148 56 69 19 1573 929 229 8 9 24 106 9 44 1300 332 173 34 135 17 15 1135 115 15 68 21 325 3000 64 199 32 3000 78 202 540 60 829 8 221 230 63 36 725 412 11 381 109 121 2213 49 1794 480 37 38 99 470 9 11 130 1079 96 270 195 20 245 40 67 18 43 34 83 27 2455 2068 10 819 
301 23 1145 0 148 0 14 0 36 0 82 713 73 190 3000 111 17 839 13 1120 0 539 0 0 0 25 42 34 0 0 0 2654 8 142 169 0 59 332 0 444 1150 1847 23 1223 281 25 12 0 0 11 0 64 0 1110 107 0 0 3000 28 0 0 22 0 186 10 0 158 1831 0 1177 1142 0 411 0 1387 10 275 397 0 152 
96 0 1103 0 56 14 0 0 11 36 0 0 8 0 96 137 10 0 91 112 0 0 13 558 396 0 9 0 0 0 0 110 43 0 524 1616 356 1322 72 10 13 2231 291 135 0 21 165 0 61 10 0 3000 14 48 126 0 0 186 36 0 0 13 0 263 12 0 418 1215 0 224 192 53 55 209 0 0 128 0 0 49 
398 1921 0 2947 69 0 0 0 0 88 2049 607 88 2448 3000 196 0 11 320 0 398 64 0 159 0 400 37 256 143 12 28 245 58 80 41 33 297 0 88 347 0 232 2796 87 2130 19 0 145 117 0 100 0 0 41 13 491 3000 0 168 144 9 64 19 951 0 25 0 0 28 22 0 0 251 630 1353 0 12 242 435 0 
1243 21 199 180 19 36 11 0 0 2638 16 550 30 336 974 64 42 41 1656 134 0 67 0 0 0 113 285 54 185 0 0 905 282 1385 14 0 353 0 0 124 496 205 67 3000 16 99 0 244 0 348 0 1919 0 406 339 108 0 119 137 0 0 105 0 2513 86 0 72 162 0 52 14 0 276 600 12 45 23 103 162 8 
181 2037 95 146 1573 0 36 88 2638 0 126 81 247 129 547 8 0 1724 94 27 183 559 153 11 443 174 53 19 35 49 207 63 325 237 96 139 30 44 19 14 80 427 85 2354 69 492 325 397 110 3000 28 289 18 97 252 411 17 69 70 79 449 22 60 45 3000 143 0 1741 185 1123 0 189 33 35 124 0 42 46 484 1023 
536 125 635 1915 929 82 0 2049 16 126 0 3000 46 535 219 622 507 3000 75 400 890 375 0 0 0 641 156 49 7 65 316 9 161 1090 540 0 12 0 31 43 14 13 35 13 3000 8 0 842 0 19 888 276 0 1710 242 12 31 0 27 12 1530 53 0 310 970 79 385 128 8 823 347 0 605 193 33 726 162 16 117 589 
7 9 0 1841 229 713 0 607 550 81 3000 0 54 55 450 2932 372 13 16 108 308 269 0 0 0 209 198 12 24 54 29 34 1175 19 8 0 34 0 29 107 700 11 299 104 88 176 0 286 0 17 682 151 0 158 54 394 60 0 10 99 618 529 88 389 147 44 59 552 1491 10 0 0 298 46 356 8 94 115 2034 1471 
341 27 27 17 8 73 8 88 30 247 46 54 0 1367 1664 187 394 256 312 44 334 1405 248 20 296 333 30 42 20 10 27 95 47 172 536 150 113 79 22 142 551 115 176 32 499 21 17 239 98 45 215 103 105 375 366 67 34 841 32 178 1929 244 293 137 47 19 186 16 71 196 1293 78 329 22 182 0 319 149 321 29 
593 17 200 390 9 190 0 2448 336 129 535 55 1367 0 1102 2101 125 65 38 401 22 322 0 0 0 890 19 1641 15 292 305 497 202 168 8 0 111 0 0 91 64 62 223 16 96 9 0 50 0 1129 0 22 0 47 0 34 0 0 27 0 201 18 0 277 1308 0 330 10 0 142 42 0 142 16 59 1637 18 197 232 2424 
571 1066 367 23 24 3000 96 3000 974 547 219 450 1664 1102 0 1144 46 482 24 12 1196 85 39 162 25 0 337 617 384 123 263 35 107 24 14 31 1040 2572 65 970 197 313 14 29 9 32 255 31 127 100 46 11 106 50 338 150 17 23 191 54 512 19 76 87 604 3000 396 423 11 166 0 307 299 11 616 0 10 365 1023 55 
156 565 11 82 106 111 137 196 64 8 622 2932 187 2101 1144 0 44 811 240 50 129 27 57 22 111 0 299 344 746 943 65 1070 28 141 268 22 10 341 96 23 697 43 182 227 2334 221 3000 27 205 302 87 101 2895 450 458 2616 39 39 230 42 19 3000 107 19 576 18 100 185 46 156 27 55 89 245 59 0 15 21 44 31 
94 7 116 0 9 17 10 0 42 0 507 372 394 125 46 44 0 781 634 188 0 177 0 0 0 378 25 21 0 0 0 86 31 268 202 0 37 58 0 71 103 247 38 59 0 61 155 0 0 359 0 326 0 9 85 0 0 134 27 0 0 12 0 33 7 0 1664 788 0 57 504 0 415 0 8 0 1080 0 0 270 
104 8 20 119 44 839 0 11 41 1724 3000 13 256 65 482 811 781 0 132 26 359 899 0 106 0 208 8 97 325 20 86 28 54 61 21 71 2265 154 116 1075 287 169 9 39 120 368 405 472 0 70 20 905 0 9 10 1059 241 0 179 2066 23 207 49 254 585 2146 3000 9 290 13 26 0 997 560 240 16 47 113 3000 100 
37 24 10 130 1300 13 91 320 1656 94 75 16 312 38 24 240 634 132 0 15 237 109 360 60 9 68 135 89 52 248 23 1709 252 148 3000 14 8 115 112 50 8 23 37 247 30 18 1090 16 0 7 0 848 96 3000 26 36 0 17 63 46 250 46 0 210 21 60 607 863 0 10 18 0 1673 3000 277 20 224 109 372 17 
541 30 42 1553 332 1120 112 0 134 27 400 108 44 401 12 50 188 26 15 0 9 69 109 404 27 662 76 40 35 20 1375 977 564 217 77 81 56 1563 610 20 286 155 26 1049 21 44 19 15 67 10 0 303 444 83 565 15 0 690 14 73 277 309 0 67 8 59 12 204 0 22 10 21 277 236 396 88 408 73 24 22 
182 139 2500 220 173 0 0 398 0 183 890 308 334 22 1196 129 0 359 237 9 0 34 0 168 0 299 105 346 241 16 189 416 525 410 29 46 209 0 10 359 0 114 277 46 745 135 0 13 30 0 576 2928 0 205 1323 923 624 0 316 18 58 1439 151 1221 0 2726 0 144 40 121 0 0 521 433 328 0 44 24 3000 18 
442 2613 0 270 34 539 0 64 67 559 375 269 1405 322 85 27 177 899 109 69 34 0 0 0 0 40 13 216 16 2751 751 150 61 80 248 0 485 0 0 332 226 28 61 34 11 16 0 34 0 103 0 0 0 656 0 29 0 0 168 0 12 36 0 729 52 0 110 14 0 758 189 0 184 80 44 94 682 109 3000 0 
10 0 54 0 135 0 13 0 0 153 0 0 248 0 39 57 0 0 360 109 0 0 0 1073 8 0 9 0 50 13 0 69 78 0 46 223 0 1729 90 57 0 8 47 491 0 27 953 0 173 0 16 168 343 0 1068 0 0 39 91 1399 0 52 0 48 287 73 48 22 0 459 38 80 128 162 0 0 3000 0 0 709 
627 0 218 0 17 0 558 159 0 11 0 0 20 0 162 22 0 106 60 404 168 0 1073 0 97 0 2902 2633 157 214 19 53 102 0 370 68 418 21 3000 1313 0 27 13 20 0 27 141 10 127 0 682 2390 421 1161 2827 0 94 718 188 139 35 8 204 3000 1026 1751 0 64 11 56 0 210 21 88 53 0 1135 0 0 23 
21 0 35 0 15 0 396 0 0 443 0 0 296 0 25 111 0 0 9 27 0 0 8 97 0 0 58 0 20 0 0 27 173 0 0 65 0 40 80 1584 0 528 98 34 0 44 223 0 290 0 78 320 94 0 123 0 0 27 564 252 0 958 0 782 66 29 421 87 0 9 0 3000 82 24 0 0 188 0 0 24 
182 74 0 198 1135 25 0 400 113 174 641 209 333 890 0 0 378 208 68 662 299 40 0 0 0 0 65 182 299 168 61 13 315 12 253 0 95 0 0 100 40 0 1334 23 24 0 0 237 0 270 0 0 0 141 0 1091 0 0 103 0 18 185 0 1262 0 0 0 0 0 60 0 0 40 497 259 1443 95 245 51 0 
30 183 74 1061 115 42 9 37 285 53 156 198 30 19 337 299 25 8 135 76 105 13 9 2902 58 65 0 48 16 640 98 322 26 196 29 18 313 374 300 269 607 599 43 619 52 154 531 2307 78 2870 57 91 221 315 34 269 0 25 1300 28 197 3000 0 11 544 773 3000 24 0 13 1239 0 410 1617 660 595 39 86 97 8 
110 516 16 347 15 34 0 256 54 19 49 12 42 1641 617 344 21 97 89 40 346 216 0 2633 0 182 48 0 50 260 66 18 1922 28 153 0 43 0 45 18 13 88 7 113 29 27 0 9 0 245 134 32 0 31 505 1143 830 0 26 40 84 205 3000 50 40 80 9 869 273 1963 65 0 460 203 121 343 15 1272 40 385 
228 2779 193 13 68 0 0 143 185 35 7 24 20 15 384 746 0 325 52 35 241 16 50 157 20 299 16 50 0 522 63 91 104 1006 391 229 775 23 118 475 2058 33 1709 61 263 929 3000 63 137 0 1021 1851 9 62 14 12 87 0 11 40 133 13 1640 70 0 22 0 39 212 55 0 0 157 17 160 0 83 20 26 57 
320 53 288 18 21 0 0 12 0 49 65 54 10 292 123 943 0 20 248 20 16 2751 13 214 0 168 640 260 522 0 88 20 3000 80 84 224 927 144 43 24 0 95 38 82 15 2459 87 1872 852 0 1519 374 13 52 57 43 221 0 68 241 30 1387 53 1036 0 271 0 227 103 47 0 0 24 312 8 0 82 41 12 154 
34 1171 13 15 325 0 0 28 0 207 316 29 27 305 263 65 0 86 23 1375 189 751 0 19 0 61 98 66 63 88 0 1492 379 108 97 209 27 0 101 488 0 24 1226 14 60 44 0 906 272 0 44 43 0 34 1618 410 511 0 249 31 701 74 20 347 0 847 0 45 475 13 0 0 11 256 86 0 21 45 37 9 
12 228 813 174 3000 2654 110 245 905 63 9 34 95 497 35 1070 86 28 1709 977 416 150 69 53 27 13 322 18 91 20 1492 0 29 11 2513 410 23 23 89 610 24 1515 143 20 86 382 14 364 1714 39 64 58 54 98 34 13 9 48 1114 831 104 1113 44 34 11 39 9 24 318 950 45 0 35 42 93 781 122 1232 49 3000 
1605 80 67 97 64 8 43 58 282 325 161 1175 47 202 107 28 31 54 252 564 525 61 78 102 173 315 26 1922 104 3000 379 29 0 100 65 103 869 65 1348 27 15 10 13 163 20 115 85 62 3000 492 70 24 1445 41 43 2188 595 441 526 12 594 54 912 60 9 661 69 1093 70 633 74 52 171 219 89 130 105 11 1355 377 
616 371 18 284 199 142 0 80 1385 237 1090 19 172 168 24 141 268 61 148 217 410 80 0 0 0 12 196 28 1006 80 108 11 100 0 809 0 94 0 88 450 361 18 84 15 26 291 0 92 0 62 233 12 0 44 71 9 0 8 1006 589 383 874 0 327 25 101 7 768 62 609 16 0 87 9 3000 58 12 28 127 27 
61 27 242 23 32 169 524 41 14 96 540 8 536 8 14 268 202 21 3000 77 29 248 46 370 0 253 29 153 391 84 97 2513 65 809 0 0 44 82 22 150 99 79 75 97 21 35 68 114 0 11 0 236 0 192 229 54 0 161 28 10 23 27 0 779 1660 133 2600 113 0 355 786 0 212 33 37 761 70 1437 59 2653 
117 0 317 0 3000 0 1616 33 0 139 0 0 150 0 31 22 0 71 14 81 46 0 223 68 65 0 18 0 229 224 209 410 103 0 0 0 28 8 89 39 0 69 264 235 0 80 82 1307 457 0 22 57 33 0 10 313 147 332 16 26 3000 8 243 31 319 57 0 394 42 37 0 1072 65 102 0 0 3000 0 0 8 
38 352 1345 81 78 59 356 297 353 30 12 34 113 111 1040 10 37 2265 8 56 209 485 0 418 0 95 313 43 775 927 27 23 869 94 44 28 0 17 34 976 84 42 35 345 13 26 12 57 0 86 105 435 0 452 147 37 87 668 241 23 2064 170 11 2488 615 454 23 17 1427 1838 1286 0 35 15 1181 119 722 297 558 3000 
93 0 156 0 202 332 1322 0 0 44 0 0 79 0 2572 341 58 154 115 1563 0 0 1729 21 40 0 374 0 23 144 0 23 65 0 82 8 17 0 266 2317 1366 246 169 19 0 546 19 0 113 1768 105 166 18 38 9 0 0 3000 152 3000 0 31 0 25 544 69 30 227 0 13 1291 34 731 140 198 0 52 0 0 16 
72 0 27 36 540 0 72 88 0 19 31 29 22 0 65 96 0 116 112 610 10 0 90 3000 80 0 300 45 118 43 101 89 1348 88 22 89 34 266 0 14 0 80 538 70 0 1068 170 145 27 0 485 21 194 82 82 25 37 0 116 374 41 11 142 1591 0 1650 0 23 59 8 0 602 3000 58 29 0 30 42 9 58 
57 324 61 182 60 444 10 347 124 14 43 107 142 91 970 23 71 1075 50 20 359 332 57 1313 1584 100 269 18 475 24 488 610 27 450 150 39 976 2317 14 0 77 215 20 112 22 56 1477 7 13 76 277 3000 38 160 678 353 197 35 19 88 38 92 564 1190 416 313 26 382 79 13 33 53 334 144 169 0 943 14 126 17 
17 32 16 56 829 1150 13 0 496 80 14 700 551 64 197 697 103 287 8 286 0 226 0 0 0 40 607 13 2058 0 0 24 15 361 99 0 84 1366 0 77 0 48 8 54 884 10 491 1962 0 18 0 216 0 169 19 0 0 1593 19 0 0 185 0 189 443 0 101 106 0 32 87 0 1680 625 648 733 50 43 146 1002 
1882 14 409 8 8 1847 2231 232 205 427 13 11 115 62 313 43 247 169 23 155 114 28 8 27 528 0 599 88 33 95 24 1515 10 18 79 69 42 246 80 215 48 0 40 44 15 3000 35 22 29 1875 233 73 356 305 428 14 37 354 58 102 98 83 7 22 294 1266 944 9 613 383 679 13 7 2788 247 0 11 1110 64 1647 
32 67 36 7 221 23 291 2796 67 85 35 299 176 223 14 182 38 9 37 26 277 61 47 13 98 1334 43 7 1709 38 1226 143 13 84 75 264 35 169 538 20 8 40 0 79 78 53 620 38 89 379 152 491 290 59 50 171 10 256 10 26 47 214 78 47 62 25 1514 23 90 2329 1880 0 19 28 79 87 28 36 988 156 
167 300 420 12 230 1223 135 87 3000 2354 13 104 32 16 29 227 59 39 247 1049 46 34 491 20 34 23 619 113 61 82 14 20 163 15 97 235 345 19 70 112 54 44 79 0 183 2324 79 43 213 1700 8 1975 15 42 39 22 14 1706 1279 75 41 556 52 19 9 934 395 28 687 107 13 34 39 3000 17 0 91 615 9 39 
16 7 0 326 63 281 0 2130 16 69 3000 88 499 96 9 2334 0 120 30 21 745 11 0 0 0 24 52 29 263 15 60 86 20 26 21 0 13 0 0 22 884 15 78 183 0 33 0 49 0 72 0 0 0 129 0 121 681 0 68 608 10 103 15 775 458 70 0 613 214 27 0 0 103 33 353 3000 9 114 21 0 
240 59 80 26 36 25 21 19 99 492 8 176 21 9 32 221 61 368 18 44 135 16 27 27 44 0 154 27 929 2459 44 382 115 291 35 80 26 546 1068 56 10 3000 53 2324 33 0 130 18 262 37 36 326 34 23 200 21 0 19 384 90 387 434 0 426 161 13 325 51 0 16 72 207 45 1092 114 0 2624 172 525 188 
76 0 1999 0 725 12 165 0 0 325 0 0 17 0 255 3000 155 405 1090 19 0 0 953 141 223 0 531 0 3000 87 0 14 85 0 68 82 12 19 170 1477 491 35 620 79 0 130 0 0 505 49 83 25 32 550 569 0 0 13 15 24 0 110 0 3000 148 309 44 11 0 228 181 112 91 120 0 0 104 0 0 30 
34 86 0 54 412 0 0 145 244 397 842 286 239 50 31 27 0 472 16 15 13 34 0 10 0 237 2307 9 63 1872 906 364 62 92 114 1307 57 0 145 7 1962 22 38 43 49 18 0 0 0 60 3000 49 0 307 12 90 43 0 22 3000 59 125 483 14 0 403 0 291 25 60 0 0 12 42 193 156 146 18 49 7 
518 0 9 0 11 0 61 117 0 110 0 0 98 0 127 205 0 0 0 67 30 0 173 127 290 0 78 0 137 852 272 1714 3000 0 0 457 0 113 27 13 0 29 89 213 0 262 505 0 0 0 88 63 8 0 154 0 1311 28 50 668 12 8 79 68 0 10 0 57 886 427 0 11 57 608 0 0 57 0 0 31 
68 45 176 33 381 11 10 0 348 3000 19 17 45 1129 100 302 359 70 7 10 0 103 0 0 0 270 2870 245 0 0 0 39 492 62 11 0 86 1768 0 76 18 1875 379 1700 72 37 49 60 0 0 0 460 0 95 96 0 0 41 430 0 0 155 0 200 14 0 44 30 0 208 171 0 1306 8 170 276 133 201 3000 168 
160 0 11 91 109 0 0 100 0 28 888 682 215 0 46 87 0 20 0 0 576 0 16 682 78 0 57 134 1021 1519 44 64 70 233 0 22 105 105 485 277 0 233 152 8 0 36 83 3000 88 0 0 706 402 55 11 592 11 0 32 1751 116 613 9 875 0 522 0 427 14 7 0 20 1087 965 1577 0 27 143 27 70 
13 41 596 0 121 64 3000 0 1919 289 276 151 103 22 11 101 326 905 848 303 2928 0 168 2390 320 0 91 32 1851 374 43 58 24 12 236 57 435 166 21 3000 216 73 491 1975 0 326 25 49 63 460 706 0 403 20 144 0 0 1088 20 279 0 13 0 43 15 80 159 44 0 668 17 757 1952 12 1356 0 14 0 0 528 
59 0 892 0 2213 0 14 0 0 18 0 0 105 0 106 2895 0 0 96 444 0 0 343 421 94 0 221 0 9 13 0 54 1445 0 0 33 0 18 194 38 0 356 290 15 0 34 32 0 8 0 402 403 0 0 65 0 0 275 34 253 0 275 0 125 141 156 251 10 0 333 0 1241 11 1033 0 0 17 0 0 108 
286 37 506 53 49 1110 48 41 406 97 1710 158 375 47 50 450 9 9 3000 83 205 656 0 1161 0 141 315 31 62 52 34 98 41 44 192 0 452 38 82 160 169 305 59 42 129 23 550 307 0 95 55 20 0 0 45 1029 0 137 1066 20 339 24 0 110 18 3000 59 13 18 28 2836 0 37 264 156 620 259 11 3000 14 
546 14 58 3000 1794 107 126 13 339 252 242 54 366 0 338 458 85 10 26 565 1323 0 1068 2827 123 0 34 505 14 57 1618 34 43 71 229 10 147 9 82 678 19 428 50 39 0 200 569 12 154 96 11 144 65 45 0 116 120 2013 566 16 127 456 708 9 160 104 2329 86 33 310 31 325 103 76 25 0 809 0 2469 57 
111 71 0 46 480 0 0 491 108 411 12 394 67 34 150 2616 0 1059 36 15 923 29 0 0 0 1091 269 1143 12 43 410 13 2188 9 54 313 37 0 25 353 0 14 171 22 121 21 0 90 0 0 592 0 0 1029 116 0 13 0 16 41 293 233 1598 230 0 44 0 0 90 34 0 0 177 749 19 1261 229 571 505 0 
0 0 0 146 37 0 0 3000 0 17 31 60 34 0 17 39 0 241 0 0 624 0 0 94 0 0 0 830 87 221 511 9 595 0 0 147 87 0 37 197 0 37 10 14 681 0 0 43 1311 0 11 0 0 0 120 13 0 0 7 10 327 0 244 14 0 203 0 0 102 53 0 0 39 3000 249 0 137 276 290 0 
96 0 14 0 38 3000 186 0 119 69 0 0 841 0 23 39 134 0 17 690 0 0 39 718 27 0 25 0 0 0 0 48 441 8 161 332 668 3000 0 35 1593 354 256 1706 0 19 13 0 28 41 0 1088 275 137 2013 0 0 0 419 0 0 389 0 733 84 0 36 345 0 40 158 14 614 0 0 0 11 0 0 26 
31 50 12 61 99 28 36 168 137 70 27 10 32 27 191 230 27 179 63 14 316 168 91 188 564 103 1300 26 11 68 249 1114 526 1006 28 16 241 152 116 19 19 58 10 1279 68 384 15 22 50 430 32 20 34 1066 566 16 7 419 0 767 571 644 903 12 127 3000 54 147 401 66 83 23 458 35 59 113 41 27 150 257 
354 992 142 8 470 0 0 144 0 79 12 99 178 0 54 42 0 2066 46 73 18 0 1399 139 252 0 28 40 40 241 31 831 12 589 10 26 23 3000 374 88 0 102 26 75 608 90 24 3000 668 0 1751 279 253 20 16 41 10 0 767 0 1063 110 17 128 0 28 0 703 204 573 0 156 679 40 31 0 95 13 46 258 
13 1225 0 272 9 0 0 9 0 449 1530 618 1929 201 512 19 0 23 250 277 58 12 0 35 0 18 197 84 133 30 701 104 594 383 23 3000 2064 0 41 38 0 98 47 41 10 387 0 59 12 0 116 0 0 339 127 293 327 0 571 1063 0 82 33 55 0 230 0 0 186 88 0 0 106 37 121 0 312 13 737 762 
132 150 638 9 11 22 13 64 105 22 53 529 244 18 19 3000 12 207 46 309 1439 36 52 8 958 185 3000 205 13 1387 74 1113 54 874 27 8 170 31 11 92 185 83 214 556 103 434 110 125 8 155 613 13 275 24 456 233 0 389 644 110 82 0 0 28 67 93 50 21 0 44 11 95 71 1231 93 338 194 143 7 390 
0 0 0 199 130 0 0 19 0 60 0 88 293 0 76 107 0 49 0 0 151 0 0 204 0 0 0 3000 1640 53 20 44 912 0 0 243 11 0 142 564 0 7 78 52 15 0 0 483 79 0 9 0 0 0 708 1598 244 0 903 17 33 0 0 158 0 15 0 0 20 1090 0 0 331 938 16 0 8 66 79 0 
30 36 273 69 1079 186 263 951 2513 45 310 389 137 277 87 19 33 254 210 67 1221 729 48 3000 782 1262 11 50 70 1036 347 34 60 327 779 31 2488 25 1591 1190 189 22 47 19 775 426 3000 14 68 200 875 43 125 110 9 230 14 733 12 128 55 28 158 0 133 20 87 1303 25 272 73 22 280 40 488 27 135 2471 168 573 
536 23 26 0 96 10 12 0 86 3000 970 147 47 1308 604 576 7 585 21 8 0 52 287 1026 66 0 544 40 0 0 0 11 9 25 1660 319 615 544 0 416 443 294 62 9 458 161 148 0 0 14 0 15 141 18 160 0 0 84 127 0 0 67 0 133 0 0 127 1108 0 348 8 150 35 639 734 0 983 0 404 1340 
55 1572 70 148 270 0 0 25 0 143 79 44 19 0 3000 18 0 2146 60 59 2726 0 73 1751 29 0 773 80 22 271 847 39 661 101 133 57 454 69 1650 313 0 1266 25 934 70 13 309 403 10 0 522 80 156 3000 104 44 203 0 3000 28 230 93 15 20 0 0 0 36 39 8 0 14 749 763 49 0 51 1254 54 119 
50 3000 88 0 195 158 418 0 72 0 385 59 186 330 396 100 1664 3000 607 12 0 110 48 0 421 0 3000 9 0 0 0 9 69 7 2600 0 23 30 0 26 101 944 1514 395 0 325 44 0 0 44 0 159 251 59 2329 0 0 36 54 0 0 50 0 87 127 0 0 280 0 112 144 0 249 0 19 0 1625 0 0 190 
11 154 3000 528 20 1831 1215 0 162 1741 128 552 16 10 423 185 788 9 863 204 144 14 22 64 87 0 24 869 39 227 45 24 1093 768 113 394 17 227 23 382 106 9 23 28 613 51 11 291 57 30 427 44 10 13 86 0 0 345 147 703 0 21 0 1303 1108 36 280 0 0 237 17 186 70 2940 132 0 537 175 3000 14 
0 554 0 354 245 0 0 28 0 185 8 1491 71 0 11 46 0 290 0 0 40 0 0 11 0 0 0 273 212 103 475 318 70 62 0 42 1427 0 59 79 0 613 90 687 214 0 0 25 886 0 14 0 0 18 33 90 102 0 401 204 186 0 20 25 0 39 0 0 0 190 0 0 451 201 13 0 22 141 25 0 
102 2242 245 15 40 1177 224 22 52 1123 823 10 196 142 166 156 57 13 10 22 121 758 459 56 9 60 13 1963 55 47 13 950 633 609 355 37 1838 13 8 13 32 383 2329 107 27 16 228 60 427 208 7 668 333 28 310 34 53 40 66 573 88 44 1090 272 348 8 112 237 190 0 75 0 1283 655 20 1025 73 18 66 9 
11 366 628 0 67 1142 192 0 14 0 347 0 1293 42 0 27 504 26 18 10 0 189 38 0 0 0 1239 65 0 0 0 45 74 16 786 0 1286 1291 0 33 87 679 1880 13 0 72 181 0 0 171 0 17 0 2836 31 0 0 158 83 0 0 11 0 73 8 0 144 17 0 75 0 0 633 0 66 0 1558 0 0 19 
75 0 261 0 18 0 53 0 0 189 0 0 78 0 307 55 0 0 0 21 0 0 80 210 3000 0 0 0 0 0 0 0 52 0 0 1072 0 34 602 53 0 13 0 34 0 207 112 0 11 0 20 757 1241 0 325 0 0 14 23 156 0 95 0 22 150 14 0 186 0 0 0 0 9 96 0 0 162 0 0 1793 
20 117 20 246 43 411 55 251 276 33 605 298 329 142 299 89 415 997 1673 277 521 184 128 21 82 40 410 460 157 24 11 35 171 87 212 65 35 731 3000 334 1680 7 19 39 103 45 91 12 57 1306 1087 1952 11 37 103 177 39 614 458 679 106 71 331 280 35 749 249 70 451 1283 633 9 0 583 64 0 9 10 192 129 
89 134 8 16 34 0 209 630 600 35 193 46 22 16 11 245 0 560 3000 236 433 80 162 88 24 497 1617 203 17 312 256 42 219 9 33 102 15 140 58 144 625 2788 28 3000 33 1092 120 42 608 8 965 12 1033 264 76 749 3000 0 35 40 37 1231 938 40 639 763 0 2940 201 655 0 96 583 0 14 1514 3000 573 284 9 
355 152 12 20 83 1387 0 1353 12 124 33 356 182 59 616 59 8 240 277 396 328 44 0 53 0 259 660 121 160 8 86 93 89 3000 37 0 1181 198 29 169 648 247 79 17 353 114 0 193 0 170 1577 1356 0 156 25 19 249 0 59 31 121 93 16 488 734 49 19 132 13 20 66 0 64 14 0 511 17 64 24 279 
0 51 0 40 27 10 0 0 45 0 726 8 0 1637 0 0 0 16 20 88 0 94 0 0 0 1443 595 343 0 0 0 781 130 58 761 0 119 0 0 0 733 0 87 0 3000 0 0 156 0 276 0 0 0 620 0 1261 0 0 113 0 0 338 0 27 0 0 0 0 0 1025 0 0 0 1514 511 0 29 670 74 0 
129 23 367 39 2455 275 128 12 23 42 162 94 319 18 10 15 1080 47 224 408 44 682 3000 1135 188 95 39 15 83 82 21 122 105 12 70 3000 722 52 30 943 50 11 28 91 9 2624 104 146 57 133 27 14 17 259 809 229 137 11 41 95 312 194 8 135 983 51 1625 537 22 73 1558 162 9 3000 17 29 0 435 13 201 
10 26 0 94 2068 397 0 242 103 46 16 115 149 197 365 21 0 113 109 73 24 109 0 0 0 245 86 1272 20 41 45 1232 11 28 1437 0 297 0 42 14 43 1110 36 615 114 172 0 18 0 201 143 0 0 11 0 571 276 0 27 13 13 143 66 2471 0 1254 0 175 141 18 0 0 10 573 64 670 435 0 61 0 
