80
0 27 76 65 56 54 90 92 75 44 71 62 43 66 60 66 6 61 14 47 75 30 42 21 19 56 101 37 65 47 25 81 74 66 44 68 10 7 70 35 75 70 31 36 91 35 84 29 54 40 50 66 56 99 90 76 79 45 54 9 72 97 24 15 10 15 73 59 85 35 44 49 36 51 85 25 88 50 66 92 
27 0 74 65 75 69 97 74 86 45 76 47 68 78 33 69 23 60 21 69 85 11 69 42 37 41 87 47 42 58 44 68 63 48 54 76 27 33 49 10 83 51 42 58 79 32 69 56 57 59 51 63 32 83 91 73 73 18 53 35 69 79 40 25 31 20 84 31 95 61 18 22 36 59 69 5 78 47 64 95 
76 74 0 10 57 45 32 50 38 32 20 38 77 37 73 15 71 15 63 65 34 63 87 63 59 40 43 43 62 38 58 34 25 43 38 28 65 73 55 82 30 47 46 63 31 43 39 85 23 57 26 11 63 49 19 5 10 79 21 73 6 55 55 61 66 63 35 84 42 79 84 77 40 31 40 69 25 27 10 24 
65 65 10 0 49 36 34 53 34 22 17 35 67 31 69 8 61 5 53 56 31 54 77 53 48 36 49 32 59 28 48 37 27 41 28 23 55 62 53 74 28 46 36 53 38 34 42 74 13 47 16 6 58 54 26 13 18 72 12 63 9 59 45 51 56 53 32 79 40 69 77 70 30 22 43 61 32 18 5 30 
56 75 57 49 0 13 49 100 29 44 39 75 26 23 97 42 56 48 54 13 31 69 38 35 39 72 98 30 93 24 32 84 74 81 27 31 49 49 92 85 34 87 35 21 87 52 89 43 39 17 43 54 87 103 58 61 66 90 47 48 58 106 35 51 47 55 29 102 37 34 92 92 47 28 90 70 81 49 53 57 
54 69 45 36 13 0 41 88 22 33 28 63 34 14 87 30 53 35 49 22 23 61 46 34 35 61 86 22 83 13 29 72 62 70 16 20 46 48 81 79 25 75 27 24 74 42 77 48 27 18 31 41 78 90 48 49 54 83 35 47 46 94 31 46 44 50 21 94 31 40 86 83 37 16 77 64 68 37 41 47 
90 97 32 34 49 41 0 80 20 52 20 69 75 27 103 28 88 38 81 62 18 86 87 72 71 70 69 54 93 43 67 65 57 75 47 22 81 85 87 106 16 79 59 65 60 65 70 89 40 58 46 39 92 78 17 36 41 105 45 85 37 85 66 78 80 81 20 113 16 81 110 104 60 39 71 92 53 50 38 12 
92 74 50 53 100 88 80 0 87 58 69 31 113 85 52 61 86 53 78 105 83 65 121 90 84 36 19 75 37 77 88 17 26 27 75 76 84 93 28 78 80 24 75 98 22 59 11 113 61 94 58 47 45 9 65 45 40 67 53 95 45 6 82 79 87 77 84 65 91 112 74 63 61 72 11 73 28 52 48 70 
75 86 38 34 29 22 20 87 0 44 18 68 55 9 99 26 73 36 68 42 4 77 67 56 56 68 80 40 91 29 51 70 61 75 32 12 66 69 87 96 7 80 45 46 69 56 76 70 32 40 38 40 88 87 32 43 48 97 40 69 42 92 51 65 65 68 3 107 9 62 101 97 51 27 76 81 63 45 39 29 
44 45 32 22 44 33 52 58 44 0 32 31 54 37 55 24 40 17 32 47 42 34 63 34 29 28 62 16 50 21 30 44 35 37 18 33 34 42 48 54 40 42 17 40 50 13 48 57 13 36 6 22 45 63 47 32 35 54 10 42 28 64 26 30 35 32 41 63 52 54 58 54 8 18 49 40 46 7 22 51 
71 76 20 17 39 28 20 69 18 32 0 52 62 17 84 9 68 20 61 49 14 66 73 54 52 52 63 34 75 25 49 53 43 58 28 8 61 66 70 86 11 63 40 49 51 45 58 73 19 43 26 23 73 69 21 25 30 85 25 66 24 74 47 58 61 61 15 94 23 66 90 85 40 20 59 72 45 31 22 22 
62 47 38 35 75 63 69 31 68 31 52 0 84 64 36 43 56 33 48 77 66 36 91 60 54 6 41 47 24 51 58 21 18 6 48 57 54 62 18 53 63 12 45 69 33 29 23 83 38 66 33 30 25 37 57 35 33 45 29 64 32 36 52 48 56 47 66 48 75 82 51 42 31 47 23 44 33 26 31 62 
43 68 77 67 26 34 75 113 55 54 62 84 0 48 96 62 46 64 47 13 57 65 12 26 33 79 115 38 97 39 27 98 88 90 39 55 41 36 98 77 59 95 38 15 103 56 102 19 55 20 56 71 89 117 82 80 85 85 61 34 76 118 32 44 37 48 55 98 63 9 86 88 53 45 103 64 98 60 71 82 
66 78 37 31 23 14 27 85 9 37 17 64 48 0 92 23 65 32 59 35 9 69 59 47 47 62 79 31 85 20 42 68 58 70 24 9 57 61 82 88 11 75 37 38 68 49 74 62 26 32 32 37 82 85 36 42 47 90 34 60 40 90 42 56 56 60 7 100 18 54 94 90 43 19 74 73 62 39 36 34 
60 33 73 69 97 87 103 52 99 55 84 36 96 92 0 76 55 65 50 95 96 31 100 70 63 33 69 66 15 75 70 53 54 33 71 87 57 64 25 31 94 31 62 84 65 45 51 88 67 83 60 64 11 61 93 70 69 18 59 66 68 54 65 52 61 49 96 13 107 91 24 13 50 74 51 35 67 54 65 98 
66 69 15 8 42 30 28 61 26 24 9 43 62 23 76 0 63 11 55 51 23 59 73 51 48 43 57 31 66 24 46 45 35 49 25 14 56 62 61 79 19 54 35 49 45 37 51 72 13 43 18 14 65 62 23 19 24 77 17 62 17 67 44 53 56 55 23 85 32 66 82 76 33 17 51 64 39 22 13 26 
6 23 71 61 56 53 88 86 73 40 68 56 46 65 55 63 0 57 9 49 73 24 46 21 18 50 96 34 60 45 25 76 69 60 41 65 7 10 64 31 72 64 29 38 86 30 78 34 50 40 46 61 50 93 86 72 74 40 50 12 68 91 22 10 10 9 71 54 83 38 40 44 32 49 79 19 83 45 62 89 
61 60 15 5 48 35 38 53 36 17 20 33 64 32 65 11 57 0 49 54 33 50 74 49 44 32 51 28 56 25 44 37 27 39 25 24 51 58 51 70 30 44 31 50 39 29 42 71 10 45 11 7 54 55 31 17 21 67 7 58 13 59 40 47 52 48 33 75 43 66 72 66 25 19 43 56 34 13 6 35 
14 21 63 53 54 49 81 78 68 32 61 48 47 59 50 55 9 49 0 48 67 19 50 21 15 42 87 28 53 39 23 67 61 52 35 59 7 15 57 31 66 56 23 37 77 22 70 38 43 38 38 53 44 85 78 64 66 38 42 17 59 83 19 3 11 1 66 51 77 41 39 41 24 42 71 17 74 37 54 81 
47 69 65 56 13 22 62 105 42 47 49 77 13 35 95 51 49 54 48 0 43 65 25 28 33 74 105 31 93 29 25 89 80 84 30 42 42 40 93 79 46 89 33 11 93 51 94 31 45 12 47 61 86 108 69 69 74 86 52 39 66 111 30 45 39 49 41 98 49 21 87 88 47 35 95 65 88 52 60 69 
75 85 34 31 31 23 18 83 4 42 14 66 57 9 96 23 73 33 67 43 0 75 68 56 55 65 76 39 88 28 51 67 57 72 31 9 66 69 84 95 4 77 44 47 65 54 73 71 30 41 36 37 86 83 28 39 44 96 37 69 38 89 51 64 64 67 2 105 11 63 100 95 49 25 73 80 59 42 36 26 
30 11 63 54 69 61 86 65 77 34 66 36 65 69 31 59 24 50 19 65 75 0 68 39 32 31 77 39 36 50 40 57 53 39 46 66 26 33 41 20 74 42 34 54 69 21 59 57 47 54 41 52 26 73 80 62 62 21 43 35 57 70 34 21 29 17 74 34 86 60 25 23 26 50 59 8 67 37 53 84 
42 69 87 77 38 46 87 121 67 63 73 91 12 59 100 73 46 74 50 25 68 68 0 31 38 86 124 47 102 50 33 106 97 96 49 66 43 36 104 77 70 101 46 24 112 62 111 13 65 30 65 81 93 125 93 90 95 86 70 34 86 126 39 47 39 51 66 100 74 9 86 90 60 56 111 65 108 69 80 93 
21 42 63 53 35 34 72 90 56 34 54 60 26 47 70 51 21 49 21 28 56 39 31 0 7 55 95 21 71 29 5 77 68 66 27 50 15 14 73 51 56 71 17 16 84 32 81 23 40 19 38 55 63 96 74 65 69 59 43 13 61 96 9 18 12 22 54 72 65 22 60 62 30 34 82 38 80 41 55 76 
19 37 59 48 39 35 71 84 56 29 52 54 33 47 63 48 18 44 15 33 55 32 38 7 0 48 89 18 64 28 7 71 62 59 24 49 11 14 66 46 55 64 13 22 79 25 74 29 36 23 33 50 56 89 71 60 64 53 38 14 56 89 5 12 9 16 54 66 65 29 54 55 23 32 75 32 75 35 50 73 
56 41 40 36 72 61 70 36 68 28 52 6 79 62 33 43 50 32 42 74 65 31 86 55 48 0 47 43 23 48 53 27 23 10 45 56 48 57 20 47 62 16 41 65 38 24 28 78 36 62 30 31 22 43 59 37 36 40 28 58 34 41 47 42 51 41 65 44 75 77 46 37 27 45 29 38 38 24 32 64 
101 87 43 49 98 86 69 19 80 62 63 41 115 79 69 57 96 51 87 105 76 77 124 95 89 47 0 77 54 76 92 20 27 39 76 70 92 101 45 93 73 38 78 100 12 66 19 118 60 95 59 45 61 11 53 38 33 83 54 102 40 21 87 87 94 86 78 82 83 115 89 79 66 71 18 85 18 55 45 58 
37 47 43 32 30 22 54 75 40 16 34 47 38 31 66 31 34 28 28 31 39 39 47 21 18 43 77 0 63 11 16 60 51 53 7 31 27 32 63 58 38 58 6 23 66 21 65 42 19 19 18 35 57 79 54 45 49 61 24 32 41 81 13 25 26 29 37 72 49 38 64 62 17 15 65 42 61 23 35 56 
65 42 62 59 93 83 93 37 91 50 75 24 97 85 15 66 60 56 53 93 88 36 102 71 64 23 54 63 0 70 70 38 40 19 67 79 60 68 10 43 86 17 60 84 51 42 36 92 59 82 53 54 10 46 81 58 56 31 51 70 56 40 65 55 64 52 88 28 98 93 37 26 46 68 36 42 53 47 55 86 
47 58 38 28 24 13 43 77 29 21 25 51 39 20 75 24 45 25 39 29 28 50 50 29 28 48 76 11 70 0 24 61 51 58 4 21 38 42 68 68 28 63 17 25 65 30 66 48 16 19 19 32 65 80 46 41 45 71 24 41 37 82 23 36 37 40 26 82 38 42 74 72 25 6 67 53 59 25 32 47 
25 44 58 48 32 29 67 88 51 30 49 58 27 42 70 46 25 44 23 25 51 40 33 5 7 53 92 16 70 24 0 74 65 64 21 45 18 19 72 54 51 69 13 14 81 29 78 27 35 15 34 50 62 93 69 61 64 60 39 18 56 93 6 19 15 24 49 73 60 24 62 63 27 29 78 39 76 37 50 71 
81 68 34 37 84 72 65 17 70 44 53 21 98 68 53 45 76 37 67 89 67 57 106 77 71 27 20 60 38 61 74 0 10 21 60 59 73 81 29 73 63 21 60 83 13 47 6 100 45 79 43 31 43 19 50 29 24 65 38 83 29 22 69 67 75 67 68 65 75 98 71 61 48 56 6 65 15 37 32 55 
74 63 25 27 74 62 57 26 61 35 43 18 88 58 54 35 69 27 61 80 57 53 97 68 62 23 27 51 40 51 65 10 0 21 50 50 65 74 32 70 54 24 52 74 17 39 15 91 35 69 33 21 43 29 43 20 17 63 28 75 20 32 60 60 67 60 58 66 66 89 69 60 39 46 16 60 15 28 22 48 
66 48 43 41 81 70 75 27 75 37 58 6 90 70 33 49 60 39 52 84 72 39 96 66 59 10 39 53 19 58 64 21 21 0 55 63 58 67 12 53 69 5 51 75 33 34 20 88 44 72 39 36 23 34 62 39 37 44 36 69 37 31 58 53 61 51 72 45 81 88 50 40 37 54 21 47 34 32 37 67 
44 54 38 28 27 16 47 75 32 18 28 48 39 24 71 25 41 25 35 30 31 46 49 27 24 45 76 7 67 4 21 60 50 55 0 24 34 39 65 64 31 60 13 25 64 26 64 47 15 20 17 32 62 78 48 41 45 67 22 38 37 81 20 32 33 36 30 78 42 41 70 68 21 8 65 49 59 23 31 49 
68 76 28 23 31 20 22 76 12 33 8 57 55 9 87 14 65 24 59 42 9 66 66 50 49 56 70 31 79 21 45 59 50 63 24 0 58 63 75 86 7 68 37 43 59 45 65 67 21 37 27 29 76 76 27 32 38 87 28 62 31 81 44 56 58 60 9 96 20 60 91 86 40 17 65 71 53 33 27 27 
10 27 65 55 49 46 81 84 66 34 61 54 41 57 57 56 7 51 7 42 66 26 43 15 11 48 92 27 60 38 18 73 65 58 34 58 0 9 64 37 65 62 22 31 82 26 76 32 44 33 40 56 51 91 79 66 69 44 44 11 62 89 15 6 4 8 64 58 76 34 45 48 27 41 76 23 79 40 56 82 
7 33 73 62 49 48 85 93 69 42 66 62 36 61 64 62 10 58 15 40 69 33 36 14 14 57 101 32 68 42 19 81 74 67 39 63 9 0 72 41 69 71 27 29 90 35 84 24 50 33 47 63 59 99 85 74 77 51 51 2 70 98 19 14 6 17 68 64 79 28 51 54 35 46 85 30 87 48 63 88 
70 49 55 53 92 81 87 28 87 48 70 18 98 82 25 61 64 51 57 93 84 41 104 73 66 20 45 63 10 68 72 29 32 12 65 75 64 72 0 51 81 8 60 84 41 42 26 95 56 82 50 48 18 37 74 51 49 40 47 74 49 31 66 58 67 56 84 37 93 95 46 35 46 65 27 48 44 44 49 79 
35 10 82 74 85 79 106 78 96 54 86 53 77 88 31 79 31 70 31 79 95 20 77 51 46 47 93 58 43 68 54 73 70 53 64 86 37 41 51 0 93 55 52 68 86 41 74 64 67 69 61 72 33 87 100 81 82 13 63 43 77 82 50 34 40 30 94 26 105 69 10 18 46 70 74 15 85 57 73 104 
75 83 30 28 34 25 16 80 7 40 11 63 59 11 94 19 72 30 66 46 4 74 70 56 55 62 73 38 86 28 51 63 54 69 31 7 65 69 81 93 0 74 44 48 62 52 69 73 28 42 34 34 83 79 25 35 40 94 35 69 35 85 51 63 64 67 5 103 13 65 98 93 47 24 69 78 55 40 32 24 
70 51 47 46 87 75 79 24 80 42 63 12 95 75 31 54 64 44 56 89 77 42 101 71 64 16 38 58 17 63 69 21 24 5 60 68 62 71 8 55 74 0 57 81 34 39 20 93 49 77 44 40 23 32 66 43 41 45 41 73 42 28 63 57 66 55 77 44 86 93 51 40 42 59 20 49 36 38 42 71 
31 42 46 36 35 27 59 75 45 17 40 45 38 37 62 35 29 31 23 33 44 34 46 17 13 41 78 6 60 17 13 60 52 51 13 37 22 27 60 52 44 57 0 24 67 18 65 40 23 22 21 37 53 79 58 48 51 56 26 27 44 80 9 19 21 23 43 67 55 37 58 57 14 20 65 37 63 23 37 61 
36 58 63 53 21 24 65 98 46 40 49 69 15 38 84 49 38 50 37 11 47 54 24 16 22 65 100 23 84 25 14 83 74 75 25 43 31 29 84 68 48 81 24 0 89 42 88 24 40 6 41 57 76 102 70 66 70 75 46 28 62 104 20 34 28 38 45 87 55 17 76 77 38 32 88 54 84 46 56 70 
91 79 31 38 87 74 60 22 69 50 51 33 103 68 65 45 86 39 77 93 65 69 112 84 79 38 12 66 51 65 81 13 17 33 64 59 82 90 41 86 62 34 67 89 0 56 15 107 49 84 48 33 56 18 43 26 21 77 42 91 28 26 76 77 84 77 66 78 72 104 83 73 56 59 15 77 6 44 33 49 
35 32 43 34 52 42 65 59 56 13 45 29 56 49 45 37 30 29 22 51 54 21 62 32 25 24 66 21 42 30 29 47 39 34 26 45 26 35 42 41 52 39 18 42 56 0 50 54 25 40 19 32 36 65 59 43 45 41 22 36 38 65 24 21 28 21 53 52 65 53 46 42 5 30 51 27 53 16 33 63 
84 69 39 42 89 77 70 11 76 48 58 23 102 74 51 51 78 42 70 94 73 59 111 81 74 28 19 65 36 66 78 6 15 20 64 65 76 84 26 74 69 20 65 88 15 50 0 104 51 84 47 37 42 15 55 34 30 64 43 86 35 16 73 70 78 69 74 64 81 102 70 60 51 61 1 67 19 42 37 61 
29 56 85 74 43 48 89 113 70 57 73 83 19 62 88 72 34 71 38 31 71 57 13 23 29 78 118 42 92 48 27 100 91 88 47 67 32 24 95 64 73 93 40 24 107 54 104 0 61 30 60 77 83 119 94 87 91 74 66 22 83 119 31 37 28 40 69 88 79 10 74 78 52 54 104 53 103 63 77 94 
54 57 23 13 39 27 40 61 32 13 19 38 55 26 67 13 50 10 43 45 30 47 65 40 36 36 60 19 59 16 35 45 35 44 15 21 44 50 56 67 28 49 23 40 49 25 51 61 0 35 6 16 56 64 36 26 30 66 8 50 22 67 32 40 44 43 29 75 40 57 71 66 21 10 51 52 44 13 16 39 
40 59 57 47 17 18 58 94 40 36 43 66 20 32 83 43 40 45 38 12 41 54 30 19 23 62 95 19 82 19 15 79 69 72 20 37 33 33 82 69 42 77 22 6 84 40 84 30 35 0 36 51 75 98 64 60 65 75 42 31 57 100 19 35 30 39 39 87 49 23 77 77 35 26 84 54 79 42 51 64 
50 51 26 16 43 31 46 58 38 6 26 33 56 32 60 18 46 11 38 47 36 41 65 38 33 30 59 18 53 19 34 43 33 39 17 27 40 47 50 61 34 44 21 41 48 19 47 60 6 36 0 17 50 61 41 27 31 60 5 47 23 64 30 36 40 38 36 69 47 56 64 59 15 15 48 46 43 7 17 44 
66 63 11 6 54 41 39 47 40 22 23 30 71 37 64 14 61 7 53 61 37 52 81 55 50 31 45 35 54 32 50 31 21 36 32 29 56 63 48 72 34 40 37 57 33 32 37 77 16 51 17 0 53 49 29 11 14 68 12 64 6 53 46 51 57 53 37 75 46 72 74 66 29 26 37 59 27 16 1 34 
56 32 63 58 87 78 92 45 88 45 73 25 89 82 11 65 50 54 44 86 86 26 93 63 56 22 61 57 10 65 62 43 43 23 62 76 51 59 18 33 83 23 53 76 56 36 42 83 56 75 50 53 0 54 82 60 58 22 49 61 57 49 57 46 55 43 85 22 96 85 28 18 41 63 43 32 57 43 54 87 
99 83 49 54 103 90 78 9 87 63 69 37 117 85 61 62 93 55 85 108 83 73 125 96 89 43 11 79 46 80 93 19 29 34 78 76 91 99 37 87 79 32 79 102 18 65 15 119 64 98 61 49 54 0 62 44 39 77 56 101 45 10 87 85 93 84 84 74 90 117 83 72 66 74 14 81 25 56 50 67 
90 91 19 26 58 48 17 65 32 47 21 57 82 36 93 23 86 31 78 69 28 80 93 74 71 59 53 54 81 46 69 50 43 62 48 27 79 85 74 100 25 66 58 70 43 59 55 94 36 64 41 29 82 62 0 23 26 97 38 86 25 69 67 76 80 78 30 103 31 87 103 95 56 40 55 87 37 44 28 6 
76 73 5 13 61 49 36 45 43 32 25 35 80 42 70 19 72 17 64 69 39 62 90 65 60 37 38 45 58 41 61 29 20 39 41 32 66 74 51 81 35 43 48 66 26 43 34 87 26 60 27 11 60 44 23 0 5 77 22 74 4 50 57 62 68 63 40 82 47 82 82 74 40 35 35 69 20 27 10 28 
79 73 10 18 66 54 41 40 48 35 30 33 85 47 69 24 74 21 66 74 44 62 95 69 64 36 33 49 56 45 64 24 17 37 45 38 69 77 49 82 40 41 51 70 21 45 30 91 30 65 31 14 58 39 26 5 0 76 26 78 8 45 60 64 70 66 45 80 51 86 82 74 43 39 30 70 15 29 14 31 
45 18 79 72 90 83 105 67 97 54 85 45 85 90 18 77 40 67 38 86 96 21 86 59 53 40 83 61 31 71 60 65 63 44 67 87 44 51 40 13 94 45 56 75 77 41 64 74 66 75 60 68 22 77 97 77 76 0 61 53 73 71 55 41 48 37 95 14 106 79 6 5 47 71 65 21 78 55 69 102 
54 53 21 12 47 35 45 53 40 10 25 29 61 34 59 17 50 7 42 52 37 43 70 43 38 28 54 24 51 24 39 38 28 36 22 28 44 51 47 63 35 41 26 46 42 22 43 66 8 42 5 12 49 56 38 22 26 61 0 52 18 59 35 40 45 42 37 69 47 62 66 60 18 19 43 49 38 6 12 42 
9 35 73 63 48 47 85 95 69 42 66 64 34 60 66 62 12 58 17 39 69 35 34 13 14 58 102 32 70 41 18 83 75 69 38 62 11 2 74 43 69 73 27 28 91 36 86 22 50 31 47 64 61 101 86 74 78 53 52 0 70 100 19 16 7 18 67 66 78 26 53 56 36 46 86 32 88 48 64 88 
72 69 6 9 58 46 37 45 42 28 24 32 76 40 68 17 68 13 59 66 38 57 86 61 56 34 40 41 56 37 56 29 20 37 37 31 62 70 49 77 35 42 44 62 28 38 35 83 22 57 23 6 57 45 25 4 8 73 18 70 0 51 53 58 63 59 39 79 46 78 79 71 36 31 35 65 23 23 6 30 
97 79 55 59 106 94 85 6 92 64 74 36 118 90 54 67 91 59 83 111 89 70 126 96 89 41 21 81 40 82 93 22 32 31 81 81 89 98 31 82 85 28 80 104 26 65 16 119 67 100 64 53 49 10 69 50 45 71 59 100 51 0 88 84 92 82 90 67 96 117 77 66 67 77 16 77 32 58 54 75 
24 40 55 45 35 31 66 82 51 26 47 52 32 42 65 44 22 40 19 30 51 34 39 9 5 47 87 13 65 23 6 69 60 58 20 44 15 19 66 50 51 63 9 20 76 24 73 31 32 19 30 46 57 87 67 57 60 55 35 19 53 88 0 15 14 20 49 68 61 30 57 58 21 28 73 35 72 32 46 69 
15 25 61 51 51 46 78 79 65 30 58 48 44 56 52 53 10 47 3 45 64 21 47 18 12 42 87 25 55 36 19 67 60 53 32 56 6 14 58 34 63 57 19 34 77 21 70 37 40 35 36 51 46 85 76 62 64 41 40 16 58 84 15 0 9 4 63 54 74 39 42 44 22 39 71 20 74 35 52 79 
10 31 66 56 47 44 80 87 65 35 61 56 37 56 61 56 10 52 11 39 64 29 39 12 9 51 94 26 64 37 15 75 67 61 33 58 4 6 67 40 64 66 21 28 84 28 78 28 44 30 40 57 55 93 80 68 70 48 45 7 63 92 14 9 0 12 63 62 74 31 49 51 28 41 79 27 81 41 57 82 
15 20 63 53 55 50 81 77 68 32 61 47 48 60 49 55 9 48 1 49 67 17 51 22 16 41 86 29 52 40 24 67 60 51 36 60 8 17 56 30 67 55 23 38 77 21 69 40 43 39 38 53 43 84 78 63 66 37 42 18 59 82 20 4 12 0 66 50 78 43 38 40 23 43 70 16 74 37 53 81 
73 84 35 32 29 21 20 84 3 41 15 66 55 7 96 23 71 33 66 41 2 74 66 54 54 65 78 37 88 26 49 68 58 72 30 9 64 68 84 94 5 77 43 45 66 53 74 69 29 39 36 37 85 84 30 40 45 95 37 67 39 90 49 63 63 66 0 104 12 61 99 95 48 24 74 79 60 42 36 29 
59 31 84 79 102 94 113 65 107 63 94 48 98 100 13 85 54 75 51 98 105 34 100 72 66 44 82 72 28 82 73 65 66 45 78 96 58 64 37 26 103 44 67 87 78 52 64 88 75 87 69 75 22 74 103 82 80 14 69 66 79 67 68 54 62 50 104 0 115 92 16 10 57 81 64 35 79 63 76 108 
85 95 42 40 37 31 16 91 9 52 23 75 63 18 107 32 83 43 77 49 11 86 74 65 65 75 83 49 98 38 60 75 66 81 42 20 76 79 93 105 13 86 55 55 72 65 81 79 40 49 47 46 96 90 31 47 51 106 47 78 46 96 61 74 74 78 12 115 0 70 110 106 60 36 81 90 66 53 45 27 
35 61 79 69 34 40 81 112 62 54 66 82 9 54 91 66 38 66 41 21 63 60 9 22 29 77 115 38 93 42 24 98 89 88 41 60 34 28 95 69 65 93 37 17 104 53 102 10 57 23 56 72 85 117 87 82 86 79 62 26 78 117 30 39 31 43 61 92 70 0 79 82 51 48 102 57 99 60 72 87 
44 18 84 77 92 86 110 74 101 58 90 51 86 94 24 82 40 72 39 87 100 25 86 60 54 46 89 64 37 74 62 71 69 50 70 91 45 51 46 10 98 51 58 76 83 46 70 74 71 77 64 74 28 83 103 82 82 6 66 53 79 77 57 42 49 38 99 16 110 79 0 11 51 75 71 22 84 60 75 107 
49 22 77 70 92 83 104 63 97 54 85 42 88 90 13 76 44 66 41 88 95 23 90 62 55 37 79 62 26 72 63 61 60 40 68 86 48 54 35 18 93 40 57 77 73 42 60 78 66 77 59 66 18 72 95 74 74 5 60 56 71 66 58 44 51 40 95 10 106 82 11 0 47 71 60 25 74 54 68 100 
36 36 40 30 47 37 60 61 51 8 40 31 53 43 50 33 32 25 24 47 49 26 60 30 23 27 66 17 46 25 27 48 39 37 21 40 27 35 46 46 47 42 14 38 56 5 51 52 21 35 15 29 41 66 56 40 43 47 18 36 36 67 21 22 28 23 48 57 60 51 51 47 0 24 52 32 52 13 30 59 
51 59 31 22 28 16 39 72 27 18 20 47 45 19 74 17 49 19 42 35 25 50 56 34 32 45 71 15 68 6 29 56 46 54 8 17 41 46 65 70 24 59 20 32 59 30 61 54 10 26 15 26 63 74 40 35 39 71 19 46 31 77 28 39 41 43 24 81 36 48 75 71 24 0 61 55 54 21 26 41 
85 69 40 43 90 77 71 11 76 49 59 23 103 74 51 51 79 43 71 95 73 59 111 82 75 29 18 65 36 67 78 6 16 21 65 65 76 85 27 74 69 20 65 88 15 51 1 104 51 84 48 37 43 14 55 35 30 65 43 86 35 16 73 71 79 70 74 64 81 102 71 60 52 61 0 67 19 43 38 61 
25 5 69 61 70 64 92 73 81 40 72 44 64 73 35 64 19 56 17 65 80 8 65 38 32 38 85 42 42 53 39 65 60 47 49 71 23 30 48 15 78 49 37 54 77 27 67 53 52 54 46 59 32 81 87 69 70 21 49 32 65 77 35 20 27 16 79 35 90 57 22 25 32 55 67 0 75 43 60 90 
88 78 25 32 81 68 53 28 63 46 45 33 98 62 67 39 83 34 74 88 59 67 108 80 75 38 18 61 53 59 76 15 15 34 59 53 79 87 44 85 55 36 63 84 6 53 19 103 44 79 43 27 57 25 37 20 15 78 38 88 23 32 72 74 81 74 60 79 66 99 84 74 52 54 19 75 0 40 28 43 
50 47 27 18 49 37 50 52 45 7 31 26 60 39 54 22 45 13 37 52 42 37 69 41 35 24 55 23 47 25 37 37 28 32 23 33 40 48 44 57 40 38 23 46 44 16 42 63 13 42 7 16 43 56 44 27 29 55 6 48 23 58 32 35 41 37 42 63 53 60 60 54 13 21 43 43 40 0 17 48 
66 64 10 5 53 41 38 48 39 22 22 31 71 36 65 13 62 6 54 60 36 53 80 55 50 32 45 35 55 32 50 32 22 37 31 27 56 63 49 73 32 42 37 56 33 33 37 77 16 51 17 1 54 50 28 10 14 69 12 64 6 54 46 52 57 53 36 76 45 72 75 68 30 26 38 60 28 17 0 32 
92 95 24 30 57 47 12 70 29 51 22 62 82 34 98 26 89 35 81 69 26 84 93 76 73 64 58 56 86 47 71 55 48 67 49 27 82 88 79 104 24 71 61 70 49 63 61 94 39 64 44 34 87 67 6 28 31 102 42 88 30 75 69 79 82 81 29 108 27 87 107 100 59 41 61 90 43 48 32 0 
0 114 209 8 221 198 584 301 863 79 211 66 549 223 201 80 315 662 39 21 674 733 207 30 1408 30 748 548 0 45 350 96 291 1921 1458 502 36 85 1181 36 935 173 17 65 84 633 7 26 53 105 15 32 193 9 422 62 755 384 3000 84 462 926 256 96 12 127 327 23 173 91 57 302 150 7 56 452 112 2653 11 227 
114 0 86 428 0 0 19 82 0 83 0 0 66 263 903 0 0 14 3000 268 721 122 279 933 375 1544 0 0 8 67 98 24 56 18 1023 66 0 28 12 200 0 29 213 320 1829 0 0 8 140 0 10 141 0 0 787 242 0 0 17 138 0 31 13 231 48 0 15 1558 0 3000 0 0 50 0 0 34 0 29 130 104 
209 86 0 47 307 31 15 11 441 7 236 36 2242 0 413 1187 398 1026 0 48 0 9 16 0 485 7 50 16 0 0 26 288 0 179 346 8 19 52 268 327 21 7 21 274 76 54 142 54 95 275 460 125 377 10 90 74 935 862 35 62 3000 1605 683 72 8 13 2728 11 482 8 153 504 31 17 1962 77 11 0 16 711 
8 428 47 0 0 1001 0 820 0 0 201 0 275 120 16 0 545 3000 0 13 543 548 492 24 13 645 0 0 0 0 18 18 0 144 1863 771 0 501 7 2227 3000 15 259 0 0 0 0 84 220 0 683 0 0 0 8 963 0 0 402 282 1269 3000 1246 140 947 0 2937 7 0 9 0 0 112 140 0 16 1767 648 44 48 
221 0 307 0 0 0 242 26 119 192 180 20 0 60 10 335 133 0 243 88 0 0 0 0 354 51 11 14 325 2327 20 91 2004 30 0 0 744 52 0 749 0 0 0 51 100 400 0 0 26 220 0 92 2220 260 277 89 474 2763 585 0 0 666 0 170 18 94 0 27 62 82 35 163 348 0 1148 78 11 0 0 0 
198 0 31 1001 0 0 0 27 0 39 265 16 0 0 0 185 51 142 0 0 0 0 71 0 196 0 733 121 0 0 2259 2944 0 0 0 12 266 0 13 11 3000 49 60 405 0 12 62 353 224 237 628 0 0 280 193 853 35 0 0 0 23 0 0 0 31 201 371 239 0 78 0 17 0 36 61 0 24 0 23 747 
584 19 15 0 242 0 0 2301 1631 76 13 1138 20 868 1102 346 12 1991 117 650 0 33 246 907 14 32 154 128 124 83 199 402 1369 241 0 0 13 9 84 19 11 19 3000 18 220 1059 0 327 32 28 482 427 19 19 132 2273 3000 485 657 695 412 10 0 413 88 73 88 16 10 40 8 2423 41 109 50 267 314 2594 68 236 
301 82 11 820 26 27 2301 0 79 708 368 56 1129 0 54 792 1086 2958 191 32 1483 362 37 63 30 1805 14 271 0 20 111 3000 0 340 85 262 3000 16 55 358 58 60 1528 18 513 59 260 17 154 17 860 78 410 24 171 965 83 116 1161 16 61 252 62 247 376 488 98 272 712 60 376 41 92 9 554 319 154 25 689 43 
863 0 441 0 119 0 1631 79 0 54 0 3000 0 0 0 2108 44 0 0 0 0 0 0 0 226 75 850 12 0 60 0 67 2504 11 0 0 41 0 0 66 0 0 0 103 42 23 0 0 0 9 0 3000 185 9 1187 81 89 418 318 0 0 122 0 287 53 32 0 121 47 1215 352 79 0 0 13 0 452 0 0 0 
79 83 7 0 192 39 76 708 54 0 18 8 11 0 368 131 302 74 590 35 0 12 666 0 9 147 40 713 38 71 12 13 27 15 0 21 2020 14 11 19 380 10 18 162 52 1196 2122 3000 14 606 10 101 3000 976 10 7 568 27 96 297 52 61 0 28 47 67 8 462 8 212 40 97 3000 1667 19 7 85 0 435 21 
211 0 236 201 180 265 13 368 0 18 0 264 595 0 8 3000 83 823 0 1083 12 46 47 0 39 3000 463 429 0 0 737 652 0 63 20 55 15 1095 82 540 109 68 61 11 31 141 31 141 33 394 81 461 16 21 97 210 34 37 97 48 18 13 165 14 23 50 825 9 205 269 15 151 146 81 1150 39 70 239 15 618 
66 0 36 0 20 16 1138 56 3000 8 264 0 0 0 0 412 344 53 0 0 0 0 14 0 67 592 23 228 0 0 10 39 0 15 0 0 31 0 0 15 29 0 44 543 323 2070 60 3000 766 261 0 0 33 9 10 386 37 21 0 0 26 694 0 670 27 29 252 154 16 65 330 170 0 32 32 0 24 0 1655 46 
549 66 2242 275 0 0 20 1129 0 11 595 0 0 271 125 0 132 24 278 86 12 210 362 439 62 103 0 89 18 71 15 1307 101 69 82 400 334 413 17 59 16 41 13 19 0 0 0 22 251 0 89 9 0 0 777 176 0 0 84 2981 0 63 908 440 1086 0 558 1541 0 559 0 0 100 144 0 57 215 192 177 1330 
223 263 0 120 60 0 868 0 0 0 0 0 271 0 178 0 0 2213 43 1045 13 2005 0 53 22 662 0 0 11 493 888 791 45 477 51 0 0 75 27 265 0 0 0 70 130 0 0 0 17 0 3000 101 0 0 0 48 0 0 64 48 0 250 34 536 834 0 0 0 0 31 0 0 10 0 0 15 0 211 0 0 
201 903 413 16 10 0 1102 54 0 368 8 0 125 178 0 135 39 24 119 951 398 15 48 664 410 96 67 16 3000 584 67 598 165 2533 79 391 13 55 20 453 18 13 215 63 248 306 0 173 608 127 271 310 41 0 131 22 291 0 327 26 22 81 37 584 99 252 10 201 11 346 0 172 205 8 0 28 22 43 13 98 
80 0 1187 0 335 185 346 792 2108 131 3000 412 0 0 135 0 37 782 0 174 0 61 63 0 325 35 117 23 0 165 51 15 2768 1018 0 0 7 27 3000 353 100 0 909 303 2209 465 1463 363 122 55 314 9 11 159 3000 140 290 37 20 38 22 11 0 36 469 182 1185 26 303 3000 25 71 11 1231 10 24 11 0 14 2974 
315 0 398 545 133 51 12 1086 44 302 83 344 132 0 39 37 0 35 0 287 0 93 24 0 103 68 107 156 0 0 90 322 0 22 139 1625 540 1151 33 220 86 159 17 31 16 73 111 1427 335 33 8 1955 202 30 181 3000 483 25 19 22 414 1553 3000 16 2281 57 127 25 13 10 93 184 503 193 100 81 1136 0 1753 101 
662 14 1026 3000 0 142 1991 2958 0 74 823 53 24 2213 24 782 35 0 649 341 340 53 111 666 2666 64 79 272 0 0 351 12 0 392 44 89 196 87 168 8 42 23 152 190 66 460 757 8 26 1454 17 1509 1425 181 935 255 335 0 30 30 159 211 27 13 84 853 844 179 31 44 64 185 449 427 2499 273 1149 445 27 11 
39 3000 0 0 243 0 117 191 0 590 0 0 278 43 119 0 0 649 0 8 0 133 0 8 56 680 0 349 361 29 112 1507 51 603 82 0 0 16 3000 7 0 0 0 66 191 0 0 0 9 0 110 15 10 0 73 43 0 643 37 13 0 3000 215 1564 89 0 0 103 287 65 0 0 124 0 0 116 0 402 0 0 
21 268 48 13 88 0 650 32 0 35 1083 0 86 1045 951 174 287 341 8 0 93 39 122 111 29 39 0 28 127 7 398 147 12 165 18 10 33 16 219 16 0 8 312 88 8 0 0 3000 101 11 674 106 108 0 242 17 0 0 678 16 0 306 381 153 313 340 39 12 15 150 0 0 76 0 0 16 48 44 8 8 
674 721 0 543 0 0 0 1483 0 0 12 0 12 13 398 0 0 340 0 93 0 10 35 236 1013 94 0 0 0 0 725 27 0 69 34 63 0 8 3000 8 0 19 60 0 0 0 0 82 685 0 299 0 0 0 0 30 0 0 290 276 0 0 23 329 90 0 28 687 0 174 0 0 294 43 0 698 0 12 3000 559 
733 122 9 548 0 0 33 362 0 12 46 0 210 2005 15 61 93 53 133 39 10 0 58 32 119 558 0 1430 435 247 51 57 664 2153 24 42 957 14 2215 53 8 43 61 20 81 0 0 1558 201 0 406 42 0 0 708 95 0 0 17 528 19 14 100 88 293 362 150 254 0 25 0 0 495 388 0 302 133 191 96 978 
207 279 16 492 0 71 246 37 0 666 47 14 362 0 48 63 24 111 0 122 35 58 0 16 197 18 10 553 0 0 207 215 0 649 46 382 79 600 688 1051 24 172 128 1776 0 62 12 199 24 0 71 0 0 66 24 23 539 0 8 102 353 9 98 8 40 80 128 8 0 46 0 121 53 161 14 27 11 378 30 69 
30 933 0 24 0 0 907 63 0 0 0 0 439 53 664 0 0 666 8 111 236 32 16 0 97 1225 0 0 140 26 744 68 155 20 9 600 0 248 1982 23 0 47 10 100 0 0 0 73 31 0 28 9 0 0 58 13 0 0 368 20 0 31 3000 1863 60 0 454 19 0 22 0 0 16 0 0 104 0 505 17 770 
1408 375 485 13 354 196 14 30 226 9 39 67 62 22 410 325 103 2666 56 29 1013 119 197 97 0 256 23 2463 74 34 83 8 20 2108 175 15 147 22 9 43 118 22 128 143 43 430 206 254 32 16 122 293 10 197 12 34 59 105 119 29 59 219 1131 103 213 3000 150 3000 19 14 15 364 26 3000 35 43 148 635 132 13 
30 1544 7 645 51 0 32 1805 75 147 3000 592 103 662 96 35 68 64 680 39 94 558 18 1225 256 0 12 165 23 193 379 77 517 3000 984 210 45 29 556 17 370 9 87 9 374 21 0 11 389 18 97 20 10 482 35 126 18 102 11 503 22 71 142 363 48 254 12 13 61 11 357 317 30 153 12 11 2060 24 32 30 
748 0 50 0 11 733 154 14 850 40 463 23 0 0 67 117 107 79 0 0 0 0 10 0 23 12 0 50 0 0 124 15 0 803 0 169 575 59 1059 8 19 81 21 564 133 29 238 284 1549 631 14 1279 77 152 8 52 1832 466 0 0 3000 10 0 12 112 23 74 485 13 1177 11 1018 0 313 219 0 74 0 21 100 
548 0 16 0 14 121 128 271 12 713 429 228 89 0 16 23 156 272 349 28 0 1430 553 0 2463 165 50 0 32 155 8 431 369 365 0 0 26 137 9 67 17 0 170 52 61 1442 51 29 48 32 58 145 18 39 86 264 178 28 1339 19 477 1170 0 269 117 9 1144 33 278 2344 32 129 13 197 55 92 765 0 8 40 
0 8 0 0 325 0 124 0 0 38 0 0 18 11 3000 0 0 0 361 127 0 435 0 140 74 23 0 32 0 571 96 479 32 122 44 0 0 987 76 9 0 0 0 98 9 0 0 0 178 0 33 19 310 0 0 2194 0 0 435 66 0 13 31 304 122 0 0 0 0 225 0 0 125 0 0 621 0 250 0 0 
45 67 0 0 2327 0 83 20 60 71 0 0 71 493 584 165 0 0 29 7 0 247 0 26 34 193 0 155 571 0 202 88 121 14 0 0 369 24 0 3000 0 0 0 3000 8 0 0 0 123 15 0 78 317 0 36 15 59 1708 61 57 0 589 0 70 28 450 0 47 167 86 7 0 13 0 82 3000 0 13 0 0 
350 98 26 18 20 2259 199 111 0 12 737 10 15 888 67 51 90 351 112 398 725 51 207 744 83 379 124 8 96 202 0 325 606 144 8 227 1089 502 410 15 144 821 41 1569 210 55 93 1029 710 495 104 49 1935 57 86 21 398 0 3000 11 14 820 30 12 8 2014 246 94 44 1520 0 135 55 64 819 2137 46 759 424 86 
96 24 288 18 91 2944 402 3000 67 13 652 39 1307 791 598 15 322 12 1507 147 27 57 215 68 8 77 15 431 479 88 325 0 420 40 46 264 73 2950 76 18 150 7 89 8 392 185 2654 123 1315 482 1736 673 131 59 25 501 10 53 46 610 695 970 251 37 785 364 218 325 21 104 208 26 21 380 159 313 92 1041 209 2289 
291 56 0 0 2004 0 1369 0 2504 27 0 0 101 45 165 2768 0 0 51 12 0 664 0 155 20 517 0 369 32 121 606 420 0 245 133 0 1928 71 8 84 0 0 0 45 35 0 0 0 74 756 150 275 23 0 1981 26 0 224 112 352 0 117 0 35 41 0 0 1670 1343 143 9 0 1149 0 0 285 0 277 0 0 
1921 18 179 144 30 0 241 340 11 15 63 15 69 477 2533 1018 22 392 603 165 69 2153 649 20 2108 3000 803 365 122 14 144 40 245 0 230 340 74 22 47 172 20 8 61 66 295 365 0 46 331 8 168 2086 91 126 11 34 75 56 33 29 33 51 609 1289 407 91 1364 36 1313 148 8 47 16 63 177 11 14 151 106 3000 
1458 1023 346 1863 0 0 0 85 0 0 20 0 82 51 79 0 139 44 82 18 34 24 46 9 175 984 0 0 44 0 8 46 133 230 0 326 0 87 80 453 0 1953 98 0 0 0 0 127 81 0 14 87 0 0 3000 198 0 0 21 114 0 193 176 19 33 0 56 1771 0 988 0 0 10 46 0 1491 0 8 1527 62 
502 66 8 771 0 12 0 262 0 21 55 0 400 0 391 0 1625 89 0 10 63 42 382 600 15 210 169 0 0 0 227 264 0 340 326 0 62 11 29 2244 97 214 287 0 0 118 56 35 873 0 199 0 0 0 79 320 0 0 77 312 325 0 22 0 11 280 117 10 0 65 0 131 3000 207 0 953 3000 8 582 95 
36 0 19 0 744 266 13 3000 41 2020 15 31 334 0 13 7 540 196 0 33 0 957 79 0 147 45 575 26 0 369 1089 73 1928 74 0 62 0 54 17 100 130 2798 49 2937 128 428 32 1160 23 106 799 26 133 30 673 249 34 275 350 18 90 235 0 3000 3000 176 344 1364 131 126 690 53 21 25 1390 42 94 0 629 932 
85 28 52 501 52 0 9 16 0 14 1095 0 413 75 55 27 1151 87 16 16 8 14 600 248 22 29 59 137 987 24 502 2950 71 22 87 11 54 0 122 40 163 3000 3000 525 155 222 0 340 767 55 44 93 20 0 44 27 343 212 21 39 1610 557 31 23 477 174 64 198 10 12 708 0 1363 16 33 17 682 111 117 90 
1181 12 268 7 0 13 84 55 0 11 82 0 17 27 20 3000 33 168 3000 219 3000 2215 688 1982 9 556 1059 9 76 0 410 76 8 47 80 29 17 122 0 44 38 14 14 8 0 62 0 76 1332 18 288 1298 0 0 68 1303 16 0 438 11 256 531 2174 73 625 80 54 16 0 66 0 488 7 540 0 434 663 12 629 36 
36 200 327 2227 749 11 19 358 66 19 540 15 59 265 453 353 220 8 7 16 8 53 1051 23 43 17 8 67 9 3000 15 18 84 172 453 2244 100 40 44 0 274 865 108 22 52 69 0 666 24 84 12 125 15 350 122 13 9 213 2421 42 14 44 41 171 13 8 109 117 39 10 29 26 57 98 354 27 38 32 1663 201 
935 0 21 3000 0 3000 11 58 0 380 109 29 16 0 18 100 86 42 0 0 0 8 24 0 118 370 19 17 0 0 144 150 0 20 0 97 130 163 38 274 0 108 214 7 0 102 11 16 85 2529 17 0 467 198 18 31 276 1991 0 27 95 128 353 58 1750 21 27 124 1506 53 3000 159 0 54 42 0 967 0 212 67 
173 29 7 15 0 49 19 60 0 10 68 0 41 0 13 0 159 23 0 8 19 43 172 47 22 9 81 0 0 0 821 7 0 8 1953 214 2798 3000 14 865 108 0 159 205 0 366 371 17 10 0 25 0 0 0 289 58 0 0 56 82 808 1052 569 10 34 285 151 57 0 20 0 9 436 133 0 38 613 771 18 23 
17 213 21 259 0 60 3000 1528 0 18 61 44 13 0 215 909 17 152 0 312 60 61 128 10 128 87 21 170 0 0 41 89 0 61 98 287 49 3000 14 108 214 159 0 160 0 12 547 45 456 0 13 0 0 136 52 9 142 0 0 1157 326 8 989 0 1553 30 18 129 0 53 0 92 39 244 0 77 176 134 108 374 
65 320 274 0 51 405 18 18 103 162 11 543 19 70 63 303 31 190 66 88 0 20 1776 100 143 9 564 52 98 3000 1569 8 45 66 0 0 2937 525 8 22 7 205 160 0 126 53 511 1038 23 51 72 201 132 97 46 120 16 9 10 509 8 1693 0 8 30 85 24 165 1233 822 42 145 12 35 79 248 1178 583 25 260 
84 1829 76 0 100 0 220 513 42 52 31 323 0 130 248 2209 16 66 191 8 0 81 0 0 43 374 133 61 9 8 210 392 35 295 0 0 128 155 0 52 0 0 0 126 0 225 0 0 54 1124 0 7 148 35 87 731 17 418 1161 117 0 184 0 9 24 222 0 70 52 1260 150 0 50 0 249 137 850 0 0 0 
633 0 54 0 400 12 1059 59 23 1196 141 2070 0 0 306 465 73 460 0 0 0 0 62 0 430 21 29 1442 0 0 55 185 0 365 0 118 428 222 62 69 102 366 12 53 225 0 22 217 10 111 449 1592 659 23 61 203 49 31 32 267 581 95 0 15 356 8 1082 45 3000 34 52 240 1106 197 59 258 135 0 13 120 
7 0 142 0 0 62 0 260 0 2122 31 60 0 0 0 1463 111 757 0 0 0 0 12 0 206 0 238 51 0 0 93 2654 0 0 0 56 32 0 0 0 11 371 547 511 0 22 0 14 0 206 37 0 0 306 252 420 263 0 0 0 352 0 0 0 126 278 64 322 43 138 263 153 0 317 185 0 59 0 1354 9 
26 8 54 84 0 353 327 17 0 3000 141 3000 22 0 173 363 1427 8 0 3000 82 1558 199 73 254 11 284 29 0 0 1029 123 0 46 127 35 1160 340 76 666 16 17 45 1038 0 217 14 0 148 0 18 0 0 0 14 1568 46 0 112 442 129 952 460 166 380 268 118 1876 0 20 0 88 41 317 0 16 317 34 8 93 
53 140 95 220 26 224 32 154 0 14 33 766 251 17 608 122 335 26 9 101 685 201 24 31 32 389 1549 48 178 123 710 1315 74 331 81 873 23 767 1332 24 85 10 456 23 54 10 0 148 0 26 251 2822 60 243 1522 38 58 0 204 7 42 104 9 21 830 347 899 41 1185 48 116 58 32 303 14 50 73 40 64 25 
105 0 275 0 220 237 28 17 9 606 394 261 0 0 127 55 33 1454 0 11 0 0 0 0 16 18 631 32 0 15 495 482 756 8 0 0 106 55 18 84 2529 0 0 51 1124 111 206 0 26 0 9 15 417 661 231 2887 47 62 325 0 762 1356 0 23 3000 121 0 76 7 634 2348 1165 83 88 363 212 711 0 41 1796 
15 10 460 683 0 628 482 860 0 10 81 0 89 3000 271 314 8 17 110 674 299 406 71 28 122 97 14 58 33 0 104 1736 150 168 14 199 799 44 288 12 17 25 13 72 0 449 37 18 251 9 0 594 0 0 13 64 13 0 44 25 8 358 549 130 32 19 150 39 0 8 0 40 24 101 0 14 29 19 617 251 
32 141 125 0 92 0 427 78 3000 101 461 0 9 101 310 9 1955 1509 15 106 0 42 0 9 293 20 1279 145 19 78 49 673 275 2086 87 0 26 93 1298 125 0 0 0 201 7 1592 0 0 2822 15 594 0 77 140 235 40 75 1003 338 31 0 441 1935 99 19 149 23 1136 312 44 67 0 3000 0 15 7 313 10 28 56 
193 0 377 0 2220 0 19 410 185 3000 16 33 0 0 41 11 202 1425 10 108 0 0 0 0 10 10 77 18 310 317 1935 131 23 91 0 0 133 20 0 15 467 0 0 132 148 659 0 0 60 417 0 77 0 94 55 16 306 18 123 0 0 254 0 57 10 404 0 72 180 27 35 1386 121 0 87 17 54 0 0 0 
9 0 10 0 260 280 19 24 9 976 21 9 0 0 0 159 30 181 0 0 0 0 66 0 197 482 152 39 0 0 57 59 0 126 0 0 30 0 0 350 198 0 136 97 35 23 306 0 243 661 0 140 94 0 844 26 64 2786 0 0 1631 550 0 719 18 217 1494 307 79 368 9 494 0 842 72 0 10 0 8 20 
422 787 90 8 277 193 132 171 1187 10 97 10 777 0 131 3000 181 935 73 242 0 708 24 58 12 35 8 86 0 36 86 25 1981 11 3000 79 673 44 68 122 18 289 52 46 87 61 252 14 1522 231 13 235 55 844 0 50 569 201 65 26 184 166 208 832 335 10 114 3000 1137 159 66 73 181 140 43 33 201 18 333 132 
62 242 74 963 89 853 2273 965 81 7 210 386 176 48 22 140 3000 255 43 17 30 95 23 13 34 126 52 264 2194 15 21 501 26 34 198 320 249 27 1303 13 31 58 9 120 731 203 420 1568 38 2887 64 40 16 26 50 0 254 45 8 276 358 34 102 1017 170 159 10 30 664 221 495 2155 2819 2525 42 22 350 398 302 147 
755 0 935 0 474 35 3000 83 89 568 34 37 0 0 291 290 483 335 0 0 0 0 539 0 59 18 1832 178 0 59 398 10 0 75 0 0 34 343 16 9 276 0 142 16 17 49 263 46 58 47 13 75 306 64 569 254 0 141 8 0 8 32 0 250 26 33 654 34 11 20 416 290 13 225 2140 0 657 0 116 117 
384 0 862 0 2763 0 485 116 418 27 37 21 0 0 0 37 25 0 643 0 0 0 0 0 105 102 466 28 0 1708 0 53 224 56 0 0 275 212 0 213 1991 0 0 9 418 31 0 0 0 62 0 1003 18 2786 201 45 141 0 35 0 0 184 0 101 445 25 0 108 53 134 52 33 57 0 68 0 53 0 0 0 
3000 17 35 402 585 0 657 1161 318 96 97 0 84 64 327 20 19 30 37 678 290 17 8 368 119 11 0 1339 435 61 3000 46 112 33 21 77 350 21 438 2421 0 56 0 10 1161 32 0 112 204 325 44 338 123 0 65 8 8 35 0 9 0 26 8 348 94 164 143 20 13 8 45 0 436 0 1167 248 286 92 728 8 
84 138 62 282 0 0 695 16 0 297 48 0 2981 48 26 38 22 30 13 16 276 528 102 20 29 503 0 19 66 57 11 610 352 29 114 312 18 39 11 42 27 82 1157 509 117 267 0 442 7 0 25 31 0 0 26 276 0 0 9 0 32 11 23 59 1292 73 812 17 0 393 0 0 40 17 0 1399 42 668 54 141 
462 0 3000 1269 0 23 412 61 0 52 18 26 0 0 22 22 414 159 0 0 0 19 353 0 59 22 3000 477 0 0 14 695 0 33 0 325 90 1610 256 14 95 808 326 8 0 581 352 129 42 762 8 0 0 1631 184 358 8 0 0 32 0 158 12 0 10 150 168 35 142 9 8 1261 0 1814 155 0 203 0 155 30 
926 31 1605 3000 666 0 10 252 122 61 13 694 63 250 81 11 1553 211 3000 306 0 14 9 31 219 71 10 1170 13 589 820 970 117 51 193 0 235 557 531 44 128 1052 8 1693 184 95 0 952 104 1356 358 441 254 550 166 34 32 184 26 11 158 0 8 299 26 9 7 302 51 28 93 289 27 0 89 46 524 21 513 11 
256 13 683 1246 0 0 0 62 0 0 165 0 908 34 37 0 3000 27 215 381 23 100 98 3000 1131 142 0 0 31 0 30 251 0 609 176 22 0 31 2174 41 353 569 989 0 0 0 0 460 9 0 549 1935 0 0 208 102 0 0 8 23 12 8 0 9 56 0 36 54 0 320 0 0 34 176 0 116 0 269 75 252 
96 231 72 140 170 0 413 247 287 28 14 670 440 536 584 36 16 13 1564 153 329 88 8 1863 103 363 12 269 304 70 12 37 35 1289 19 0 3000 23 73 171 58 10 0 8 9 15 0 166 21 23 130 99 57 719 832 1017 250 101 348 59 0 299 9 0 44 22 15 1457 712 99 55 25 165 0 15 97 407 42 7 8 
12 48 8 947 18 31 88 376 53 47 23 27 1086 834 99 469 2281 84 89 313 90 293 40 60 213 48 112 117 122 28 8 785 41 407 33 11 3000 477 625 13 1750 34 1553 30 24 356 126 380 830 3000 32 19 10 18 335 170 26 445 94 1292 10 26 56 44 0 10 304 75 180 22 608 62 348 19 146 228 1182 9 9 230 
127 0 13 0 94 201 73 488 32 67 50 29 0 0 252 182 57 853 0 340 0 362 80 0 3000 254 23 9 0 450 2014 364 0 91 0 280 176 174 80 8 21 285 30 85 222 8 278 268 347 121 19 149 404 217 10 159 33 25 164 73 150 9 0 22 10 0 111 45 75 107 585 18 9 416 1633 24 89 0 19 25 
327 15 2728 2937 0 371 88 98 0 8 825 252 558 0 10 1185 127 844 0 39 28 150 128 454 150 12 74 1144 0 0 246 218 0 1364 56 117 344 64 54 109 27 151 18 24 0 1082 64 118 899 0 150 23 0 1494 114 10 654 0 143 812 168 7 36 15 304 111 0 367 0 384 0 2378 99 564 0 7 17 94 37 46 
23 1558 11 7 27 239 16 272 121 462 9 154 1541 0 201 26 25 179 103 12 687 254 8 19 3000 13 485 33 0 47 94 325 1670 36 1771 10 1364 198 16 117 124 57 129 165 70 45 322 1876 41 76 39 1136 72 307 3000 30 34 108 20 17 35 302 54 1457 75 45 367 0 127 147 213 10 13 203 451 115 110 62 505 16 
173 0 482 0 62 0 10 712 47 8 205 16 0 0 11 303 13 31 287 15 0 0 0 0 19 61 13 278 0 167 44 21 1343 1313 0 0 131 10 0 39 1506 0 0 1233 52 3000 43 0 1185 7 0 312 180 79 1137 664 11 53 13 0 142 51 0 712 180 75 0 127 0 20 30 291 39 0 105 259 1072 0 796 97 
91 3000 8 9 82 78 40 60 1215 212 269 65 559 31 346 3000 10 44 65 150 174 25 46 22 14 11 1177 2344 225 86 1520 104 143 148 988 65 126 12 66 10 53 20 53 822 1260 34 138 20 48 634 8 44 27 368 159 221 20 134 8 393 9 28 320 99 22 107 384 147 20 0 9 3000 89 9 1821 25 72 28 28 35 
57 0 153 0 35 0 8 376 352 40 15 330 0 0 0 25 93 64 0 0 0 0 0 0 15 357 11 32 0 7 0 208 9 8 0 0 690 708 0 29 3000 0 0 42 150 52 263 0 116 2348 0 67 35 9 66 495 416 52 45 0 8 93 0 55 608 585 0 213 30 9 0 139 68 0 119 47 24 0 0 0 
302 0 504 0 163 17 2423 41 79 97 151 170 0 0 172 71 184 185 0 0 0 0 121 0 364 317 1018 129 0 0 135 26 0 47 0 131 53 0 488 26 159 9 92 145 0 240 153 88 58 1165 40 0 1386 494 73 2155 290 33 0 0 1261 289 0 25 62 18 2378 10 291 3000 139 0 0 158 108 0 291 0 210 130 
150 50 31 112 348 0 41 92 0 3000 146 0 100 10 205 11 503 449 124 76 294 495 53 16 26 30 0 13 125 13 55 21 1149 16 10 3000 21 1363 7 57 0 436 39 12 50 1106 0 41 32 83 24 3000 121 0 181 2819 13 57 436 40 0 27 34 165 348 9 99 13 39 89 68 0 0 0 0 19 980 166 410 156 
7 0 17 140 0 36 109 9 0 1667 81 32 144 0 8 1231 193 427 0 0 43 388 161 0 3000 153 313 197 0 0 64 380 0 63 46 207 25 16 540 98 54 133 244 35 0 197 317 317 303 88 101 0 0 842 140 2525 225 0 0 17 1814 0 176 0 19 416 564 203 0 9 0 158 0 0 38 0 862 158 314 147 
56 0 1962 0 1148 61 50 554 13 19 1150 32 0 0 0 10 100 2499 0 0 0 0 14 0 35 12 219 55 0 82 819 159 0 177 0 0 1390 33 0 354 42 0 0 79 249 59 185 0 14 363 0 15 87 72 43 42 2140 68 1167 0 155 89 0 15 146 1633 0 451 105 1821 119 108 0 38 0 0 79 0 118 57 
452 34 77 16 78 0 267 319 0 7 39 0 57 15 28 24 81 273 116 16 698 302 27 104 43 11 0 92 621 3000 2137 313 285 11 1491 953 42 17 434 27 0 38 77 248 137 258 0 16 50 212 14 7 17 0 33 22 0 0 248 1399 0 46 116 97 228 24 7 115 259 25 47 0 19 0 0 0 35 2232 59 9 
112 0 11 1767 11 24 314 154 452 85 70 24 215 0 22 11 1136 1149 0 48 0 133 11 0 148 2060 74 765 0 0 46 92 0 14 0 3000 94 682 663 38 967 613 176 1178 850 135 59 317 73 711 29 313 54 10 201 350 657 53 286 42 203 524 0 407 1182 89 17 110 1072 72 24 291 980 862 79 35 0 0 17 220 
2653 29 0 648 0 0 2594 25 0 0 239 0 192 211 43 0 0 445 402 44 12 191 378 505 635 24 0 0 250 13 759 1041 277 151 8 8 0 111 12 32 0 771 134 583 0 0 0 34 40 0 19 10 0 0 18 398 0 0 92 668 0 21 269 42 9 0 94 62 0 28 0 0 166 158 0 2232 0 0 546 9 
11 130 16 44 0 23 68 689 0 435 15 1655 177 0 13 14 1753 27 0 8 3000 96 30 17 132 32 21 8 0 0 424 209 0 106 1527 582 629 117 629 1663 212 18 108 25 0 13 1354 8 64 41 617 28 0 8 333 302 116 0 728 54 155 513 75 7 9 19 37 505 796 28 0 210 410 314 118 59 17 546 0 37 
227 104 711 48 0 747 236 43 0 21 618 46 1330 0 98 2974 101 11 0 8 559 978 69 770 13 30 100 40 0 0 86 2289 0 3000 62 95 932 90 36 201 67 23 374 260 0 120 9 93 25 1796 251 56 0 20 132 147 117 0 8 141 30 11 252 8 230 25 46 16 97 35 0 130 156 147 57 9 220 9 37 0 
