80
0 73 83 54 70 66 79 42 88 83 59 65 81 76 41 53 93 72 61 40 68 91 30 74 66 68 88 91 21 94 101 125 85 58 53 43 46 108 74 69 44 38 87 72 64 84 96 80 86 44 82 52 86 49 86 61 76 102 31 95 14 92 32 36 41 59 54 16 36 51 95 85 94 72 17 73 13 79 100 63 
73 0 75 53 42 7 8 61 42 21 72 47 44 44 36 22 25 18 74 47 5 21 57 23 62 47 15 22 62 21 53 59 71 44 26 36 43 44 38 8 60 51 38 10 32 12 45 7 15 47 65 27 52 72 38 39 72 31 43 33 59 22 41 47 37 20 25 57 47 46 52 37 53 56 57 54 66 7 35 27 
83 75 0 31 110 75 82 41 116 62 26 29 115 114 57 79 70 57 26 94 73 73 53 96 18 28 82 94 62 81 46 81 6 34 83 85 45 68 38 66 39 48 112 64 98 76 48 78 73 97 10 56 29 37 46 37 7 77 76 61 76 73 67 52 84 58 83 76 91 102 38 111 36 19 80 20 89 79 68 48 
54 53 31 0 81 51 60 15 90 48 20 13 88 86 26 50 59 38 22 63 50 59 24 70 14 15 64 74 33 66 51 82 32 9 54 55 14 65 26 44 13 17 87 44 70 58 48 58 57 66 28 28 34 22 40 15 26 67 45 54 45 59 36 21 53 33 54 45 60 71 43 86 42 18 49 19 58 59 61 26 
70 42 110 81 0 38 41 83 19 63 100 81 11 5 56 31 65 59 101 30 41 60 73 21 94 83 49 41 72 57 95 98 108 76 27 30 68 85 77 48 83 71 21 52 12 51 87 45 56 27 102 54 92 95 80 73 106 69 44 75 60 61 50 66 32 52 27 58 34 20 94 19 95 92 54 90 58 43 75 63 
66 7 75 51 38 0 13 58 40 27 71 47 41 40 32 15 32 21 72 40 3 28 53 20 61 48 22 26 56 28 58 66 72 43 19 29 40 51 40 10 57 47 37 14 27 19 50 14 23 40 67 24 55 69 42 39 72 39 36 40 53 29 35 43 30 18 18 51 40 39 57 36 57 57 50 55 59 13 41 28 
79 8 82 60 41 13 0 69 37 24 80 54 40 42 44 27 25 25 82 50 12 20 65 20 69 54 10 14 69 18 56 58 78 52 29 40 50 45 44 16 68 59 32 17 32 10 48 4 15 50 72 35 58 80 42 47 80 29 49 35 65 21 47 55 41 28 28 63 51 48 57 32 58 63 62 61 72 2 35 35 
42 61 41 15 83 58 69 0 95 61 18 29 92 88 28 54 72 50 20 60 58 71 13 75 25 31 75 83 21 77 67 97 43 23 57 54 19 80 41 54 2 12 92 55 72 69 63 68 68 64 40 35 49 12 55 29 34 80 42 68 36 72 34 17 52 42 57 37 56 70 59 90 57 32 41 33 49 68 75 38 
88 42 116 90 19 40 37 95 0 61 110 87 9 15 67 41 60 61 111 48 43 55 86 20 101 88 43 31 87 49 93 89 113 83 39 46 77 79 80 50 94 83 5 53 24 47 85 41 51 45 107 62 94 106 79 79 113 62 60 72 76 56 64 78 48 58 38 74 52 39 94 5 95 97 71 96 76 40 70 68 
83 21 62 48 63 27 24 61 61 0 67 37 64 65 43 40 11 12 68 65 24 12 61 44 53 37 21 34 68 19 32 42 57 39 45 54 43 25 24 18 59 53 57 14 53 15 24 20 11 66 52 32 35 69 18 33 61 20 57 13 70 12 51 51 54 25 44 68 64 66 33 56 34 45 69 42 80 22 17 23 
59 72 26 20 100 71 80 18 110 67 0 29 107 104 44 69 77 57 2 78 70 78 32 90 16 30 84 94 39 85 63 97 30 28 73 71 32 81 43 64 18 30 106 64 88 78 62 78 76 82 30 48 44 11 56 34 19 85 60 71 54 78 51 35 69 53 72 55 74 88 55 105 53 26 60 28 67 79 78 46 
65 47 29 13 81 47 54 29 87 37 29 0 87 85 31 50 48 29 31 67 45 49 36 67 16 2 56 67 45 56 38 69 27 8 55 58 21 52 14 38 27 28 83 37 69 50 35 51 48 70 21 27 21 34 27 8 26 56 51 42 55 49 42 30 56 29 54 54 65 74 30 82 29 10 58 9 68 52 49 19 
81 44 115 88 11 41 40 92 9 64 107 87 0 6 64 38 64 62 109 41 43 59 82 21 100 88 47 36 82 54 96 95 113 82 35 40 75 84 80 51 91 79 12 54 19 50 88 44 55 38 107 60 96 103 81 79 112 67 54 75 70 60 59 74 42 57 35 68 45 31 96 10 97 97 65 95 69 42 74 68 
76 44 114 86 5 40 42 88 15 65 104 85 6 0 61 35 66 62 106 36 43 61 78 21 98 86 50 40 77 57 97 98 111 80 32 35 72 86 80 51 87 76 17 54 16 52 89 46 57 32 106 58 95 100 82 77 110 69 50 77 65 62 55 71 38 56 32 63 40 25 97 15 97 95 60 94 64 44 76 67 
41 36 57 26 56 32 44 28 67 43 44 31 64 61 0 26 53 31 45 37 32 51 21 48 40 33 51 57 26 55 62 84 56 23 29 28 12 67 35 30 27 16 64 32 45 46 56 43 47 40 52 11 50 39 46 24 52 62 20 54 28 52 11 11 27 19 29 27 34 45 56 63 56 40 29 40 39 43 60 23 
53 22 79 50 31 15 27 54 41 40 69 50 38 35 26 0 47 32 71 25 18 43 45 23 63 52 37 37 47 44 69 81 77 45 5 14 37 66 47 23 53 42 39 27 20 34 62 29 38 25 72 23 63 65 53 42 75 54 23 53 40 44 24 37 15 22 4 38 25 26 67 37 67 61 36 59 45 28 56 33 
93 25 70 59 65 32 25 72 60 11 77 48 64 66 53 47 0 22 78 71 29 5 71 45 63 47 17 30 78 12 34 34 65 50 50 61 54 20 34 25 70 64 55 21 56 14 27 21 10 72 60 42 42 80 25 43 71 9 65 12 79 4 61 62 61 34 49 78 72 71 38 55 39 54 78 52 88 23 10 34 
72 18 57 38 59 21 25 50 61 12 57 29 62 62 31 32 22 0 59 56 19 22 49 41 45 30 26 38 56 28 37 53 53 29 37 45 32 36 19 11 48 42 56 8 48 20 30 22 19 57 47 20 34 59 21 23 55 31 46 23 58 22 40 40 45 13 36 57 55 58 35 56 36 38 58 36 68 23 29 12 
61 74 26 22 101 72 82 20 111 68 2 31 109 106 45 71 78 59 0 80 71 79 33 91 17 31 85 96 41 86 64 97 30 30 74 73 34 82 44 66 20 31 108 65 90 79 63 80 78 84 30 49 45 12 57 36 18 87 61 72 56 80 53 36 71 55 74 57 76 89 55 107 54 27 61 29 69 80 80 47 
40 47 94 63 30 40 50 60 48 65 78 67 41 36 37 25 71 56 80 0 43 67 48 38 77 69 60 58 45 67 93 106 93 60 21 11 49 90 68 47 60 49 48 51 25 59 85 53 62 4 88 41 84 71 76 60 89 78 18 78 31 68 27 44 12 44 22 29 4 11 89 46 89 77 25 77 28 51 81 54 
68 5 73 50 41 3 12 58 43 24 70 45 43 43 32 18 29 19 71 43 0 25 53 23 60 46 20 25 57 26 54 63 70 42 22 32 39 48 37 7 56 47 39 11 30 16 47 12 20 43 65 23 52 69 39 37 71 36 38 36 54 26 36 43 33 17 21 52 43 43 54 38 54 55 52 53 61 11 38 26 
91 21 73 59 60 28 20 71 55 12 78 49 59 61 51 43 5 22 79 67 25 0 70 40 64 49 12 25 77 8 39 39 68 50 46 57 53 25 36 22 69 63 50 19 51 9 32 16 5 68 63 40 46 80 29 44 73 11 62 17 77 1 58 61 57 33 45 75 68 66 42 50 43 56 75 54 85 18 15 33 
30 57 53 24 73 53 65 13 86 61 32 36 82 78 21 45 71 49 33 48 53 70 0 67 36 38 71 78 9 75 73 100 55 28 47 43 18 83 46 50 14 8 84 52 63 66 68 64 67 52 51 31 57 24 59 33 46 80 30 70 23 71 23 10 41 38 48 23 44 58 66 82 65 41 28 42 36 64 77 38 
74 23 96 70 21 20 20 75 20 44 90 67 21 21 48 23 45 41 91 38 23 40 67 0 81 68 29 22 69 36 76 77 93 63 21 31 58 65 60 30 74 64 17 33 14 31 68 25 35 36 87 42 75 87 61 59 93 49 44 55 61 41 46 59 33 38 21 59 40 32 76 15 76 77 56 75 64 22 55 48 
66 62 18 14 94 61 69 25 101 53 16 16 100 98 40 63 63 45 17 77 60 64 36 81 0 16 71 83 45 72 47 81 19 18 67 68 28 65 28 53 23 30 98 52 82 65 46 66 63 80 16 40 28 24 40 23 12 71 59 55 58 64 50 34 67 44 67 58 73 85 39 97 37 10 62 12 72 67 63 34 
68 47 28 15 83 48 54 31 88 37 30 2 88 86 33 52 47 30 31 69 46 49 38 68 16 0 56 67 47 56 36 67 25 10 56 60 23 51 13 39 29 30 84 37 71 50 33 51 47 72 20 29 19 36 26 10 25 55 53 40 57 49 44 32 58 30 56 57 67 76 28 83 27 9 60 8 70 52 48 20 
88 15 82 64 49 22 10 75 43 21 84 56 47 50 51 37 17 26 85 60 20 12 71 29 71 56 0 13 77 8 51 49 78 55 39 50 56 37 44 21 73 65 38 20 41 6 44 8 10 60 72 41 56 85 39 49 81 20 58 29 74 13 56 62 51 33 38 72 61 58 53 38 54 64 72 62 81 9 27 38 
91 22 94 74 41 26 14 83 31 34 94 67 36 40 57 37 30 38 96 58 25 25 78 22 83 67 13 0 82 19 64 58 90 66 38 50 64 49 56 30 81 72 26 30 35 19 57 16 23 57 85 48 69 94 52 60 93 31 60 42 77 26 60 68 51 41 38 75 60 53 67 26 68 76 74 74 82 15 39 48 
21 62 62 33 72 56 69 21 87 68 39 45 82 77 26 47 78 56 41 45 57 77 9 69 45 47 77 82 0 81 82 108 64 37 48 42 26 91 54 56 23 17 85 58 63 72 77 69 73 49 61 36 66 30 68 42 55 87 28 78 16 77 23 17 39 44 49 17 40 55 75 83 74 51 22 52 28 69 84 46 
94 21 81 66 57 28 18 77 49 19 85 56 54 57 55 44 12 28 86 67 26 8 75 36 72 56 8 19 81 0 46 41 76 57 46 57 59 30 44 26 76 69 45 23 49 10 39 15 9 67 71 45 54 87 36 51 80 12 64 24 80 8 61 66 58 37 45 78 68 65 50 45 51 64 78 62 87 16 20 40 
101 53 46 51 95 58 56 67 93 32 63 38 96 97 62 69 34 37 64 93 54 39 73 76 47 36 51 64 82 46 0 35 40 45 74 82 56 23 28 47 64 65 88 44 84 46 8 52 42 94 37 53 19 71 16 40 50 38 80 22 89 38 73 65 81 49 73 88 91 96 9 88 10 37 90 35 101 54 28 40 
125 59 81 82 98 66 58 97 89 42 97 69 95 98 84 81 34 53 97 106 63 39 100 77 81 67 49 58 108 41 35 0 75 74 85 95 82 17 55 59 95 92 84 55 90 48 34 54 44 106 72 73 53 103 42 68 84 29 99 30 111 38 93 91 95 66 84 110 106 105 43 85 45 71 111 68 121 56 25 62 
85 71 6 32 108 72 78 43 113 57 30 27 113 111 56 77 65 53 30 93 70 68 55 93 19 25 78 90 64 76 40 75 0 33 81 84 45 62 34 63 42 49 109 61 96 72 42 74 68 97 6 54 24 41 40 35 12 72 76 56 77 68 67 52 83 56 81 77 90 101 32 108 30 16 81 18 90 76 63 45 
58 44 34 9 76 43 52 23 83 39 28 8 82 80 23 45 50 29 30 60 42 50 28 63 18 10 55 66 37 57 45 74 33 0 49 51 13 57 18 36 21 20 80 36 64 49 41 50 48 63 28 22 29 30 32 6 30 58 43 45 47 50 35 22 50 26 49 47 57 68 37 79 36 17 50 17 60 50 53 17 
53 26 83 54 27 19 29 57 39 45 73 55 35 32 29 5 50 37 74 21 22 46 47 21 67 56 39 38 48 46 74 85 81 49 0 11 40 69 52 27 56 44 37 31 16 37 66 32 41 22 76 27 68 68 57 46 79 57 22 58 40 47 25 39 12 27 1 38 22 22 71 35 71 65 36 64 43 30 60 38 
43 36 85 55 30 29 40 54 46 54 71 58 40 35 28 14 61 45 73 11 32 57 43 31 68 60 50 50 42 57 82 95 84 51 11 0 41 79 57 36 54 42 44 40 21 48 74 43 52 13 79 31 74 66 65 50 80 68 14 67 31 58 21 37 2 33 12 29 11 17 78 42 78 68 26 67 33 41 70 43 
46 43 45 14 68 40 50 19 77 43 32 21 75 72 12 37 54 32 34 49 39 53 18 58 28 23 56 64 26 59 56 82 45 13 40 41 0 65 28 35 17 10 74 36 56 50 51 49 50 52 40 16 41 30 41 16 40 63 31 52 34 54 22 10 39 23 40 34 46 57 49 73 48 29 37 29 47 49 59 21 
108 44 68 65 85 51 45 80 79 25 81 52 84 86 67 66 20 36 82 90 48 25 83 65 65 51 37 49 91 30 23 17 62 57 69 79 65 0 39 43 78 75 74 39 76 34 20 41 30 91 58 56 39 86 25 51 70 18 82 13 94 24 76 74 79 50 69 93 90 91 30 75 32 56 94 53 105 43 10 45 
74 38 38 26 77 40 44 41 80 24 43 14 80 80 35 47 34 19 44 68 37 36 46 60 28 13 44 56 54 44 28 55 34 18 52 57 28 39 0 30 39 38 75 27 65 38 23 41 35 70 28 27 16 48 14 13 37 42 54 28 62 36 46 38 57 25 51 61 66 73 22 75 21 20 63 18 74 42 35 14 
69 8 66 44 48 10 16 54 50 18 64 38 51 51 30 23 25 11 66 47 7 22 50 30 53 39 21 30 56 26 47 59 63 36 27 36 35 43 30 0 52 44 46 4 37 16 40 14 17 48 57 20 45 64 32 31 64 33 40 31 55 23 36 40 36 12 26 53 47 49 46 45 47 48 53 46 63 15 34 19 
44 60 39 13 83 57 68 2 94 59 18 27 91 87 27 53 70 48 20 60 56 69 14 74 23 29 73 81 23 76 64 95 42 21 56 54 17 78 39 52 0 11 91 53 72 67 61 66 66 64 39 33 47 13 53 27 33 78 42 66 37 70 33 17 52 40 56 37 56 70 57 89 55 30 42 31 50 66 73 36 
38 51 48 17 71 47 59 12 83 53 30 28 79 76 16 42 64 42 31 49 47 63 8 64 30 30 65 72 17 69 65 92 49 20 44 42 10 75 38 44 11 0 80 45 60 59 60 58 60 52 45 24 49 24 51 25 42 73 30 62 28 64 22 5 40 32 45 28 45 58 58 79 57 35 32 35 41 58 69 31 
87 38 112 87 21 37 32 92 5 57 106 83 12 17 64 39 55 56 108 48 39 50 84 17 98 84 38 26 85 45 88 84 109 80 37 44 74 74 75 46 91 80 0 48 23 42 81 37 47 45 103 59 90 103 75 75 109 57 58 67 75 51 62 75 47 54 36 73 52 39 89 2 90 93 70 92 76 35 65 64 
72 10 64 44 52 14 17 55 53 14 64 37 54 54 32 27 21 8 65 51 11 19 52 33 52 37 20 30 58 23 44 55 61 36 31 40 36 39 27 4 53 45 48 0 41 14 36 14 15 52 55 22 42 65 28 30 62 30 44 27 58 20 39 42 41 14 30 56 51 53 43 48 43 46 57 44 67 15 30 18 
64 32 98 70 12 27 32 72 24 53 88 69 19 16 45 20 56 48 90 25 30 51 63 14 82 71 41 35 63 49 84 90 96 64 16 21 56 76 65 37 72 60 23 41 0 42 77 36 46 23 91 43 81 84 69 61 94 61 35 65 52 52 40 55 24 41 16 50 28 18 83 21 83 80 47 79 53 34 66 52 
84 12 76 58 51 19 10 69 47 15 78 50 50 52 46 34 14 20 79 59 16 9 66 31 65 50 6 19 72 10 46 48 72 49 37 48 50 34 38 16 67 59 42 14 42 0 39 6 5 59 66 36 50 79 34 43 75 20 55 25 70 11 52 56 49 28 36 68 59 57 48 42 49 58 68 56 78 8 24 32 
96 45 48 48 87 50 48 63 85 24 62 35 88 89 56 62 27 30 63 85 47 32 68 68 46 33 44 57 77 39 8 34 42 41 66 74 51 20 23 40 61 60 81 36 77 39 0 44 34 87 38 46 19 68 10 35 50 32 74 15 83 31 66 60 74 42 65 82 84 88 11 81 13 36 84 34 95 46 22 33 
80 7 78 58 45 14 4 68 41 20 78 51 44 46 43 29 21 22 80 53 12 16 64 25 66 51 8 16 69 15 52 54 74 50 32 43 49 41 41 14 66 58 37 14 36 6 44 0 11 53 69 34 54 78 38 44 76 26 50 31 66 17 48 54 44 26 31 64 54 51 53 36 54 60 64 58 73 2 31 32 
86 15 73 57 56 23 15 68 51 11 76 48 55 57 47 38 10 19 78 62 20 5 67 35 63 47 10 23 73 9 42 44 68 48 41 52 50 30 35 17 66 60 47 15 46 5 34 11 0 62 63 36 47 78 30 42 72 16 57 20 72 6 54 57 52 28 40 71 63 61 44 47 45 56 70 53 80 13 20 31 
44 47 97 66 27 40 50 64 45 66 82 70 38 32 40 25 72 57 84 4 43 68 52 36 80 72 60 57 49 67 94 106 97 63 22 13 52 91 70 48 64 52 45 52 23 59 87 53 62 0 92 44 86 75 78 63 92 78 22 79 35 69 31 47 14 46 22 33 8 7 91 43 91 80 29 80 32 51 81 56 
82 65 10 28 102 67 72 40 107 52 30 21 107 106 52 72 60 47 30 88 65 63 51 87 16 20 72 85 61 71 37 72 6 28 76 79 40 58 28 57 39 45 103 55 91 66 38 69 63 92 0 49 19 39 35 29 13 67 71 51 73 63 63 48 78 50 75 73 86 96 28 102 27 11 77 12 86 70 58 39 
52 27 56 28 54 24 35 35 62 32 48 27 60 58 11 23 42 20 49 41 23 40 31 42 40 29 41 48 36 45 53 73 54 22 27 31 16 56 27 20 33 24 59 22 43 36 46 34 36 44 49 0 43 46 37 19 52 51 27 43 38 41 20 21 30 8 27 37 39 47 48 58 48 38 38 37 49 34 49 13 
86 52 29 34 92 55 58 49 94 35 44 21 96 95 50 63 42 34 45 84 52 46 57 75 28 19 56 69 66 54 19 53 24 29 68 74 41 39 16 45 47 49 90 42 81 50 19 54 47 86 19 43 0 52 17 26 31 49 69 32 75 45 61 51 73 41 67 75 82 89 10 89 9 19 78 17 88 56 39 30 
49 72 37 22 95 69 80 12 106 69 11 34 103 100 39 65 80 59 12 71 69 80 24 87 24 36 85 94 30 87 71 103 41 30 68 66 30 86 48 64 13 24 103 65 84 79 68 78 78 75 39 46 52 0 61 37 30 89 53 75 45 81 45 29 63 52 68 46 67 81 62 102 61 33 51 35 58 79 83 47 
86 38 46 40 80 42 42 55 79 18 56 27 81 82 46 53 25 21 57 76 39 29 59 61 40 26 39 52 68 36 16 42 40 32 57 65 41 25 14 32 53 51 75 28 69 34 10 38 30 78 35 37 17 61 0 27 46 32 64 15 74 28 57 51 65 32 57 73 75 79 15 74 15 31 75 28 85 40 23 24 
61 39 37 15 73 39 47 29 79 33 34 8 79 77 24 42 43 23 36 60 37 44 33 59 23 10 49 60 42 51 40 68 35 6 46 50 16 51 13 31 27 25 75 30 61 43 35 44 42 63 29 19 26 37 27 0 34 52 44 39 50 44 35 25 49 21 46 49 57 66 33 74 33 18 52 17 62 45 46 12 
76 72 7 26 106 72 80 34 113 61 19 26 112 110 52 75 71 55 18 89 71 73 46 93 12 25 81 93 55 80 50 84 12 30 79 80 40 70 37 64 33 42 109 62 94 75 50 76 72 92 13 52 31 30 46 34 0 78 71 62 69 73 62 46 78 55 78 69 85 97 41 108 39 16 74 19 82 78 70 45 
102 31 77 67 69 39 29 80 62 20 85 56 67 69 62 54 9 31 87 78 36 11 80 49 71 55 20 31 87 12 38 29 72 58 57 68 63 18 42 33 78 73 57 30 61 20 32 26 16 78 67 51 49 89 32 52 78 0 73 17 88 10 69 71 68 43 56 86 79 77 43 57 44 62 86 60 96 28 10 43 
31 43 76 45 44 36 49 42 60 57 60 51 54 50 20 23 65 46 61 18 38 62 30 44 59 53 58 60 28 64 80 99 76 43 22 14 31 82 54 40 42 30 58 44 35 55 74 50 57 22 71 27 69 53 64 44 71 73 0 69 17 63 9 25 12 33 23 15 15 29 75 56 75 60 14 60 23 49 73 41 
95 33 61 54 75 40 35 68 72 13 71 42 75 77 54 53 12 23 72 78 36 17 70 55 55 40 29 42 78 24 22 30 56 45 58 67 52 13 28 31 66 62 67 27 65 25 15 31 20 79 51 43 32 75 15 39 62 17 69 0 81 16 63 61 67 37 57 80 77 79 26 67 28 46 81 44 92 33 8 32 
14 59 76 45 60 53 65 36 76 70 54 55 70 65 28 40 79 58 56 31 54 77 23 61 58 57 74 77 16 80 89 111 77 47 40 31 34 94 62 55 37 28 75 58 52 70 83 66 72 35 73 38 75 45 74 50 69 88 17 81 0 78 19 25 29 45 40 2 26 42 83 73 82 62 6 63 13 65 87 50 
92 22 73 59 61 29 21 72 56 12 78 49 60 62 52 44 4 22 80 68 26 1 71 41 64 49 13 26 77 8 38 38 68 50 47 58 54 24 36 23 70 64 51 20 52 11 31 17 6 69 63 41 45 81 28 44 73 10 63 16 78 0 59 61 58 33 46 76 69 68 41 51 43 56 76 54 86 19 14 34 
32 41 67 36 50 35 47 34 64 51 51 42 59 55 11 24 61 40 53 27 36 58 23 46 50 44 56 60 23 61 73 93 67 35 25 21 22 76 46 36 33 22 62 39 40 52 66 48 54 31 63 20 61 45 57 35 62 69 9 63 19 59 0 17 18 27 26 17 24 36 68 60 67 51 18 51 29 47 68 33 
36 47 52 21 66 43 55 17 78 51 35 30 74 71 11 37 62 40 36 44 43 61 10 59 34 32 62 68 17 66 65 91 52 22 39 37 10 74 38 40 17 5 75 42 55 56 60 54 57 47 48 21 51 29 51 25 46 71 25 61 25 61 17 0 35 29 40 25 40 53 59 74 58 37 28 38 38 54 67 29 
41 37 84 53 32 30 41 52 48 54 69 56 42 38 27 15 61 45 71 12 33 57 41 33 67 58 51 51 39 58 81 95 83 50 12 2 39 79 57 36 52 40 47 41 24 49 74 44 52 14 78 30 73 63 65 49 78 68 12 67 29 58 18 35 0 32 13 27 10 18 77 45 77 66 24 66 31 42 70 43 
59 20 58 33 52 18 28 42 58 25 53 29 57 56 19 22 34 13 55 44 17 33 38 38 44 30 33 41 44 37 49 66 56 26 27 33 23 50 25 12 40 32 54 14 41 28 42 26 28 46 50 8 41 52 32 21 55 43 33 37 45 33 27 29 32 0 26 44 43 48 45 53 45 40 45 38 55 26 42 11 
54 25 83 54 27 18 28 57 38 44 72 54 35 32 29 4 49 36 74 22 21 45 48 21 67 56 38 38 49 45 73 84 81 49 1 12 40 69 51 26 56 45 36 30 16 36 65 31 40 22 75 27 67 68 57 46 78 56 23 57 40 46 26 40 13 26 0 38 23 23 71 34 71 65 36 63 44 29 59 37 
16 57 76 45 58 51 63 37 74 68 55 54 68 63 27 38 78 57 57 29 52 75 23 59 58 57 72 75 17 78 88 110 77 47 38 29 34 93 61 53 37 28 73 56 50 68 82 64 71 33 73 37 75 46 73 49 69 86 15 80 2 76 17 25 27 44 38 0 24 40 82 71 82 62 5 63 13 64 85 49 
36 47 91 60 34 40 51 56 52 64 74 65 45 40 34 25 72 55 76 4 43 68 44 40 73 67 61 60 40 68 91 106 90 57 22 11 46 90 66 47 56 45 52 51 28 59 84 54 63 8 86 39 82 67 75 57 85 79 15 77 26 69 24 40 10 43 23 24 0 16 87 50 87 74 20 74 24 52 81 52 
51 46 102 71 20 39 48 70 39 66 88 74 31 25 45 26 71 58 89 11 43 66 58 32 85 76 58 53 55 65 96 105 101 68 22 17 57 91 73 49 70 58 39 53 18 57 88 51 61 7 96 47 89 81 79 66 97 77 29 79 42 68 36 53 18 48 23 40 16 0 93 37 93 84 36 84 39 49 81 59 
95 52 38 43 94 57 57 59 94 33 55 30 96 97 56 67 38 35 55 89 54 42 66 76 39 28 53 67 75 50 9 43 32 37 71 78 49 30 22 46 57 58 89 43 83 48 11 53 44 91 28 48 10 62 15 33 41 43 75 26 83 41 68 59 77 45 71 82 87 93 0 89 2 29 85 27 95 55 33 35 
85 37 111 86 19 36 32 90 5 56 105 82 10 15 63 37 55 56 107 46 38 50 82 15 97 83 38 26 83 45 88 85 108 79 35 42 73 75 75 45 89 79 2 48 21 42 81 36 47 43 102 58 89 102 74 74 108 57 56 67 73 51 60 74 45 53 34 71 50 37 89 0 90 92 68 91 74 35 65 63 
94 53 36 42 95 57 58 57 95 34 53 29 97 97 56 67 39 36 54 89 54 43 65 76 37 27 54 68 74 51 10 45 30 36 71 78 48 32 21 47 55 57 90 43 83 49 13 54 45 91 27 48 9 61 15 33 39 44 75 28 82 43 67 58 77 45 71 82 87 93 2 90 0 27 84 25 95 55 34 35 
72 56 19 18 92 57 63 32 97 45 26 10 97 95 40 61 54 38 27 77 55 56 41 77 10 9 64 76 51 64 37 71 16 17 65 68 29 56 20 48 30 35 93 46 80 58 36 60 56 80 11 38 19 33 31 18 16 62 60 46 62 56 51 37 66 40 65 62 74 84 29 92 27 0 66 2 76 61 54 29 
17 57 80 49 54 50 62 41 71 69 60 58 65 60 29 36 78 58 61 25 52 75 28 56 62 60 72 74 22 78 90 111 81 50 36 26 37 94 63 53 42 32 70 57 47 68 84 64 70 29 77 38 78 51 75 52 74 86 14 81 6 76 18 28 24 45 36 5 20 36 85 68 84 66 0 66 11 63 86 51 
73 54 20 19 90 55 61 33 96 42 28 9 95 94 40 59 52 36 29 77 53 54 42 75 12 8 62 74 52 62 35 68 18 17 64 67 29 53 18 46 31 35 92 44 79 56 34 58 53 80 12 37 17 35 28 17 19 60 60 44 63 54 51 38 66 38 63 63 74 84 27 91 25 2 66 0 76 59 52 28 
13 66 89 58 58 59 72 49 76 80 67 68 69 64 39 45 88 68 69 28 61 85 36 64 72 70 81 82 28 87 101 121 90 60 43 33 47 105 74 63 50 41 76 67 53 78 95 73 80 32 86 49 88 58 85 62 82 96 23 92 13 86 29 38 31 55 44 13 24 39 95 74 95 76 11 76 0 72 96 62 
79 7 79 59 43 13 2 68 40 22 79 52 42 44 43 28 23 23 80 51 11 18 64 22 67 52 9 15 69 16 54 56 76 50 30 41 49 43 42 15 66 58 35 15 34 8 46 2 13 51 70 34 56 79 40 45 78 28 49 33 65 19 47 54 42 26 29 64 52 49 55 35 55 61 63 59 72 0 33 33 
100 35 68 61 75 41 35 75 70 17 78 49 74 76 60 56 10 29 80 81 38 15 77 55 63 48 27 39 84 20 28 25 63 53 60 70 59 10 35 34 73 69 65 30 66 24 22 31 20 81 58 49 39 83 23 46 70 10 73 8 87 14 68 67 70 42 59 85 81 81 33 65 34 54 86 52 96 33 0 38 
63 27 48 26 63 28 35 38 68 23 46 19 68 67 23 33 34 12 47 54 26 33 38 48 34 20 38 48 46 40 40 62 45 17 38 43 21 45 14 19 36 31 64 18 52 32 33 32 31 56 39 13 30 47 24 12 45 43 41 32 50 34 33 29 43 11 37 49 52 59 35 63 35 29 51 28 62 33 38 0 
0 72 197 0 61 477 0 13 545 625 544 449 12 13 131 854 133 33 19 34 72 236 514 740 0 487 70 358 0 2116 439 0 157 19 16 0 656 258 2057 0 0 338 509 104 168 0 78 25 0 10 333 39 376 179 0 236 26 47 43 137 22 841 297 149 0 0 627 690 0 53 0 21 215 0 0 30 0 0 16 188 
72 0 0 1152 44 0 0 0 74 0 19 54 12 0 22 0 1348 3000 0 0 553 0 1770 0 0 202 71 12 0 9 358 1792 541 0 160 9 0 602 45 75 0 1131 0 54 300 23 71 734 0 87 0 0 0 17 0 22 488 0 35 45 17 0 551 0 289 63 2144 0 113 24 101 3000 41 1272 18 0 0 3000 15 450 
197 0 0 0 17 31 296 612 3000 79 42 34 201 23 3000 331 55 630 14 99 72 96 501 19 14 52 13 325 208 183 214 0 8 51 39 0 333 23 36 25 27 158 80 323 31 0 70 10 304 267 3000 14 19 2434 51 16 113 66 38 949 42 123 17 21 0 0 33 30 624 257 17 24 181 0 0 41 9 0 8 42 
0 1152 0 0 1160 0 348 0 186 0 11 1947 8 0 992 0 389 55 0 0 108 0 411 0 0 0 251 74 265 1658 258 30 588 0 25 985 0 34 3000 246 0 35 0 2735 47 343 57 44 0 401 0 0 0 44 0 98 231 0 568 0 2272 0 99 0 82 26 461 0 34 56 187 2817 12 8 2111 0 0 126 82 58 
61 44 17 1160 0 448 0 0 700 0 655 29 28 324 540 0 213 420 0 12 25 0 13 0 0 20 131 38 276 91 167 26 2045 7 174 47 389 96 452 719 0 126 0 19 75 103 25 157 0 23 0 0 0 25 0 3000 210 0 84 1573 21 33 50 0 455 78 14 142 22 197 45 219 20 46 67 549 0 11 164 456 
477 0 31 0 448 0 49 3000 11 123 8 44 141 451 2347 15 45 1978 93 224 88 28 1827 12 112 681 0 124 65 0 112 0 587 27 187 0 41 8 20 3000 21 56 328 16 194 15 8 15 1247 84 25 64 45 431 44 28 37 293 406 199 50 44 3000 1033 0 0 46 21 633 57 1214 22 148 3000 0 25 35 0 240 436 
0 0 296 348 0 49 0 0 56 148 77 95 80 27 8 0 127 0 541 0 0 425 0 170 12 0 0 47 239 22 255 18 0 21 10 0 0 0 169 13 43 0 0 17 0 179 0 0 349 613 3000 0 196 0 10 1387 1199 0 0 0 0 8 23 409 0 0 40 0 401 0 270 252 20 7 0 0 99 11 14 94 
13 0 612 0 0 3000 0 0 16 748 23 477 853 57 0 109 44 0 135 477 28 67 0 422 50 1227 0 0 262 0 84 0 147 1383 343 0 899 0 605 130 8 0 10 316 137 0 245 20 305 71 102 245 69 0 870 11 45 14 255 0 0 53 84 17 0 0 27 12 0 30 111 163 451 0 0 154 737 0 0 38 
545 74 3000 186 700 11 56 16 0 186 136 28 488 433 27 0 41 54 62 0 103 51 173 352 18 315 34 8 65 1742 357 2713 3000 1021 289 18 234 106 696 35 1966 504 0 1318 65 1380 55 20 18 88 28 0 85 91 337 19 20 0 812 0 1511 7 816 15 12 32 44 107 144 27 1522 3000 518 11 13 0 65 118 162 862 
625 0 79 0 0 123 148 748 186 0 11 16 32 198 218 36 693 0 14 0 131 19 0 79 57 284 0 0 14 0 28 26 0 58 127 0 31 78 3000 11 280 0 1376 374 0 87 0 11 50 529 45 101 25 0 205 10 1079 8 0 0 0 672 85 25 0 0 2136 3000 346 851 379 63 34 636 0 0 98 0 1079 83 
544 19 42 11 655 8 77 23 136 11 0 87 376 929 143 215 19 117 67 475 52 39 95 14 16 93 1079 26 28 136 10 254 1193 560 11 1697 1712 115 17 15 29 9 387 43 67 925 131 9 63 36 2241 47 297 217 51 970 48 435 402 810 389 138 1559 3000 2840 36 8 464 106 418 22 101 143 3000 1415 1191 990 8 49 46 
449 54 34 1947 29 44 95 477 28 16 87 0 77 24 102 136 322 51 47 3000 216 32 194 34 35 107 408 619 208 18 237 34 49 74 277 52 19 347 16 715 129 283 596 12 162 85 11 19 9 663 9 0 3000 80 9 633 855 109 22 201 917 221 72 9 38 486 110 434 36 1218 1033 3000 827 7 189 10 80 1217 1473 1279 
12 12 201 8 28 141 80 853 488 32 376 77 0 13 118 766 8 11 1305 213 1077 1456 20 0 19 3000 421 154 92 2334 22 906 9 16 385 156 296 36 1595 3000 0 14 211 344 67 12 38 741 0 593 462 0 59 287 1277 10 464 0 8 105 8 991 420 7 44 262 202 23 22 997 9 19 1457 163 749 1129 16 543 123 639 
13 0 23 0 324 451 27 57 433 198 929 24 13 0 1505 78 47 68 235 1372 60 41 0 291 99 201 0 0 152 0 487 56 1285 30 265 0 61 23 83 21 104 0 12 118 21 9 398 102 32 315 123 145 335 0 226 77 119 204 320 0 0 17 50 373 0 0 19 12 898 29 3000 242 65 694 0 1549 64 0 65 637 
131 22 3000 992 540 2347 8 0 27 218 143 102 118 1505 0 0 113 1443 0 59 315 53 315 0 31 33 205 18 222 235 906 13 393 124 11 316 117 135 163 709 178 15 0 137 10 2831 13 214 119 59 158 0 432 128 8 24 654 0 377 15 112 59 149 18 51 42 640 11 34 391 159 2410 25 45 8 39 571 1133 42 204 
854 0 331 0 0 15 0 109 0 36 215 136 766 78 0 0 527 0 28 884 177 50 0 155 131 517 0 0 0 0 343 0 54 710 59 0 9 0 10 0 0 0 277 2357 202 0 128 120 0 50 183 441 44 0 14 398 436 11 52 0 0 412 89 21 0 0 2118 110 0 488 0 2756 11 0 0 11 0 0 0 0 
133 1348 55 389 213 45 127 44 41 693 19 322 8 47 113 527 0 677 25 432 681 886 211 60 206 2611 797 14 27 1597 151 61 2090 2662 44 0 138 204 338 16 264 7 9 44 97 279 36 60 22 39 11 14 82 10 681 10 203 8 449 347 170 110 802 1790 544 1025 19 52 284 76 497 78 74 19 89 71 195 194 19 58 
33 3000 630 55 420 1978 0 0 54 0 117 51 11 68 1443 0 677 0 0 60 107 0 913 0 0 2747 56 22 120 116 34 10 100 15 181 3000 36 153 3000 9 0 280 0 9 39 78 143 152 0 28 0 0 0 13 0 282 1883 0 23 26 320 103 48 0 48 725 1327 9 131 223 236 8 441 14 499 50 0 1060 28 1394 
19 0 14 0 0 93 541 135 62 14 67 47 1305 235 0 28 25 0 0 37 15 22 0 744 13 355 0 0 16 0 2293 0 0 15 28 0 699 0 303 44 3000 0 19 9 0 527 0 137 28 590 151 3000 21 0 62 8 136 164 0 0 0 156 39 167 0 0 214 8 0 351 588 45 15 0 0 1313 103 0 52 331 
34 0 99 0 12 224 0 477 0 0 475 3000 213 1372 59 884 432 60 37 0 2064 0 85 103 0 1500 0 19 0 0 855 0 250 1224 454 0 264 392 775 0 0 159 26 0 460 0 50 572 0 39 1039 123 0 91 0 552 28 1079 438 337 11 920 203 0 0 0 119 75 0 37 0 11 642 0 0 45 0 0 54 0 
72 553 72 108 25 88 0 28 103 131 52 216 1077 60 315 177 681 107 15 2064 0 545 144 0 0 40 319 242 83 71 58 88 21 122 71 87 17 10 3000 940 0 145 27 3000 175 0 214 355 0 16 199 0 540 1987 0 43 827 0 542 158 109 15 1617 115 83 82 9 1408 557 21 318 29 30 329 2193 929 0 45 96 30 
236 0 96 0 0 28 425 67 51 19 39 32 1456 41 53 50 886 0 22 0 545 0 0 89 166 236 0 0 471 0 9 439 0 29 22 0 26 0 8 986 17 0 88 13 0 61 0 13 16 27 14 62 23 0 3000 88 143 19 0 0 0 101 113 59 0 0 146 192 3000 186 139 869 129 631 0 0 13 0 555 30 
514 1770 501 411 13 1827 0 0 173 0 95 194 20 0 315 0 211 913 0 85 144 0 0 0 0 593 140 82 0 1721 515 0 323 197 55 43 35 136 67 0 0 216 0 0 14 0 32 307 0 781 0 0 0 16 0 123 458 0 28 56 20 0 2043 0 44 47 23 787 0 3000 0 8 99 0 177 8 0 129 46 9 
740 0 19 0 0 12 170 422 352 79 14 34 0 291 0 155 60 0 744 103 0 89 0 0 359 709 0 0 92 0 20 0 0 403 12 0 45 0 19 78 141 0 90 359 0 0 0 650 324 98 399 24 904 0 203 820 237 30 0 0 0 1610 9 69 0 0 817 66 0 42 141 61 0 0 0 16 20 0 0 26 
0 0 14 0 0 112 12 50 18 57 16 35 19 99 31 131 206 0 13 0 0 166 0 359 0 0 0 0 30 0 3000 300 0 1024 3000 0 855 0 28 59 57 0 94 3000 0 314 0 0 42 91 37 113 14 0 117 292 23 1341 0 0 0 53 381 340 0 0 33 3000 526 0 14 1047 151 795 0 0 160 808 239 3000 
487 202 52 0 20 681 0 1227 315 284 93 107 3000 201 33 517 2611 2747 355 1500 40 236 593 709 0 0 41 815 0 193 185 0 104 237 13 0 181 31 366 0 0 89 17 3000 3000 0 334 221 0 169 134 28 3000 343 0 1865 906 92 699 31 12 363 150 100 0 0 56 12 0 45 0 10 15 0 0 2050 0 0 41 271 
70 71 13 251 131 0 0 0 34 0 1079 408 421 0 205 0 797 56 0 0 319 0 140 0 0 41 0 148 3000 291 3000 28 29 0 29 191 0 44 286 186 0 454 0 259 10 39 207 1010 0 20 0 0 0 209 0 9 13 0 564 1236 39 0 115 0 110 12 19 0 1630 3000 137 2189 146 1341 74 0 0 110 96 20 
358 12 325 74 38 124 47 0 8 0 26 619 154 0 18 0 14 22 0 19 242 0 82 0 0 815 148 0 2148 30 3000 35 799 121 164 800 0 45 246 95 0 163 0 200 3000 10 1306 19 0 29 0 0 0 86 0 330 15 0 189 27 36 86 228 0 1792 14 29 0 211 302 227 275 134 39 639 77 0 220 246 1778 
0 0 208 265 276 65 239 262 65 14 28 208 92 152 222 0 27 120 16 0 83 471 0 92 30 0 3000 2148 0 33 24 16 0 1900 3000 0 319 28 24 15 3000 0 0 74 0 467 0 0 273 125 1106 0 227 29 440 160 603 0 0 0 0 109 692 27 0 307 22 413 46 39 190 35 304 20 0 0 27 54 19 271 
2116 9 183 1658 91 0 22 0 1742 0 136 18 2334 0 235 0 1597 116 0 0 71 0 1721 0 0 193 291 30 33 0 3000 15 2980 3000 98 3000 0 3000 87 9 0 198 0 50 1898 16 715 887 0 2726 0 0 0 396 0 287 534 0 17 0 17 106 73 0 1495 8 330 0 24 712 45 1178 10 58 138 0 155 8 31 32 
439 358 214 258 167 112 255 84 357 28 10 237 22 487 906 343 151 34 2293 855 58 9 515 20 3000 185 3000 3000 24 3000 0 48 3000 91 228 10 26 249 158 50 25 21 8 63 290 520 177 189 91 95 290 0 1298 333 693 108 625 97 1479 0 1189 43 12 249 44 18 97 3000 3000 9 107 7 167 320 17 31 177 25 254 28 
0 1792 0 30 26 0 18 0 2713 26 254 34 906 56 13 0 61 10 0 0 88 439 0 0 300 0 28 35 16 15 48 0 0 50 63 20 0 2535 57 69 133 117 0 2286 0 563 0 0 814 23 0 0 106 1830 287 20 286 0 0 0 75 24 49 27 2149 1865 16 0 3000 75 39 7 3000 103 66 0 8 1427 183 1110 
157 541 8 588 2045 587 0 147 3000 0 1193 49 9 1285 393 54 2090 100 0 250 21 0 323 0 0 104 29 799 0 2980 3000 0 0 970 9 9 435 63 17 0 0 40 13 101 416 0 529 993 0 43 0 0 0 40 0 8 298 0 197 47 26 119 103 0 657 349 157 80 0 547 0 1633 8 0 25 764 0 140 1199 107 
19 0 51 0 7 27 21 1383 1021 58 560 74 16 30 124 710 2662 15 15 1224 122 29 197 403 1024 237 0 121 1900 3000 91 50 970 0 114 0 56 427 257 45 40 38 26 559 11 777 43 25 170 39 37 395 18 61 2305 171 89 175 67 0 323 65 1117 20 0 0 23 1324 128 699 64 88 49 129 0 21 55 176 19 10 
16 160 39 25 174 187 10 343 289 127 11 277 385 265 11 59 44 181 28 454 71 22 55 12 3000 13 29 164 3000 98 228 63 9 114 0 23 159 17 155 226 3000 416 19 99 397 14 25 354 10 1615 1071 0 29 19 27 10 159 899 56 16 8 43 411 1089 536 93 33 306 32 47 272 19 213 260 12 86 111 320 19 14 
0 9 0 985 47 0 0 0 18 0 1697 52 156 0 316 0 0 3000 0 0 87 0 43 0 0 0 191 800 0 3000 10 20 9 0 23 0 0 178 378 0 0 56 0 905 63 0 1467 0 0 10 0 0 0 1393 0 53 0 0 8 0 87 0 226 0 10 28 0 0 32 243 19 63 24 10 719 0 0 8 54 218 
656 0 333 0 389 41 0 899 234 31 1712 19 296 61 117 9 138 36 699 264 17 26 35 45 855 181 0 0 319 0 26 0 435 56 159 0 0 50 1884 71 0 0 180 3000 12 0 618 214 0 84 281 620 51 0 3000 38 108 78 64 9 0 20 457 2141 0 0 447 164 0 48 23 266 101 0 0 65 341 0 318 15 
258 602 23 34 96 8 0 0 106 78 115 347 36 23 135 0 204 153 0 392 10 0 136 0 0 31 44 45 28 3000 249 2535 63 427 17 178 50 0 106 48 0 89 459 12 1451 1200 24 14 0 581 0 0 15 32 0 151 116 0 865 564 33 28 140 1728 3000 19 23 36 260 9 66 367 264 33 7 154 78 90 138 3000 
2057 45 36 3000 452 20 169 605 696 3000 17 16 1595 83 163 10 338 3000 303 775 3000 8 67 19 28 366 286 246 24 87 158 57 17 257 155 378 1884 106 0 38 0 2495 104 36 621 287 75 16 0 26 114 613 21 478 367 131 13 218 8 58 23 82 145 12 24 36 26 21 145 376 8 25 68 58 205 228 32 71 9 1025 
0 75 25 246 719 3000 13 130 35 11 15 715 3000 21 709 0 16 9 44 0 940 986 0 78 59 0 186 95 15 9 50 69 0 45 226 0 71 48 38 0 156 0 0 1858 0 8 0 898 126 65 11 0 3000 11 746 9 20 0 0 0 414 1509 8 1125 0 3000 56 590 63 30 1893 272 65 736 29 0 82 154 101 18 
0 0 27 0 0 21 43 8 1966 280 29 129 0 104 178 0 264 0 3000 0 0 17 0 141 57 0 0 0 3000 0 25 133 0 40 3000 0 0 0 0 156 0 0 0 15 0 1735 0 0 39 374 991 143 66 0 419 3000 38 3000 0 0 0 210 908 596 0 0 383 93 27 0 43 269 1383 10 0 0 48 745 77 21 
338 1131 158 35 126 56 0 0 504 0 9 283 14 0 15 0 7 280 0 159 145 0 216 0 0 89 454 163 0 198 21 117 40 38 416 56 0 89 2495 0 0 0 0 19 2373 0 1532 1138 0 20 0 0 0 574 0 1686 268 0 126 44 15 0 13 0 792 2065 7 26 248 27 1063 144 173 32 12 12 0 1508 70 25 
509 0 80 0 0 328 0 10 0 1376 387 596 211 12 0 277 9 0 19 26 27 88 0 90 94 17 0 0 0 0 8 0 13 26 19 0 180 459 104 0 0 0 0 0 573 0 3000 522 0 11 28 73 72 0 187 917 88 127 9 0 0 20 97 42 0 0 3000 14 0 92 0 1430 104 0 0 99 0 0 0 0 
104 54 323 2735 19 16 17 316 1318 374 43 12 344 118 137 2357 44 9 9 0 3000 13 0 359 3000 3000 259 200 74 50 63 2286 101 559 99 905 3000 12 36 1858 15 19 0 0 0 12 109 208 11 298 79 0 39 190 50 16 7 84 12 0 358 78 172 106 9 310 30 14 264 25 62 516 15 40 12 0 26 14 141 9 
168 300 31 47 75 194 0 137 65 0 67 162 67 21 10 202 97 39 0 460 175 0 14 0 0 3000 10 3000 0 1898 290 0 416 11 397 63 12 1451 621 0 0 2373 573 0 0 0 232 890 0 47 0 0 0 9 0 10 282 0 465 365 727 718 102 0 275 33 218 483 0 135 0 74 1023 0 22 64 0 0 79 132 
0 23 0 343 103 15 179 0 1380 87 925 85 12 9 2831 0 279 78 527 0 0 61 0 0 314 0 39 10 467 16 520 563 0 777 14 0 0 1200 287 8 1735 0 0 12 0 0 0 0 95 49 2651 0 224 268 23 184 813 0 0 0 0 758 9 674 0 983 22 0 16 0 14 95 66 25 0 0 190 30 26 1681 
78 71 70 57 25 8 0 245 55 0 131 11 38 398 13 128 36 143 0 50 214 0 32 0 0 334 207 1306 0 715 177 0 529 43 25 1467 618 24 75 0 0 1532 3000 109 232 0 0 684 0 147 0 0 0 21 0 899 153 0 1056 1495 26 233 22 0 1318 610 969 121 1306 3000 0 753 20 0 25 87 0 92 23 50 
25 734 10 44 157 15 0 20 20 11 9 19 741 102 214 120 60 152 137 572 355 13 307 650 0 221 1010 19 0 887 189 0 993 25 354 0 214 14 16 898 0 1138 522 208 890 0 684 0 0 1039 119 21 0 853 0 15 29 170 51 495 79 2142 255 898 151 65 10 27 0 922 240 40 216 0 77 8 0 491 176 18 
0 0 304 0 0 1247 349 305 18 50 63 9 0 32 119 0 22 0 28 0 0 16 0 324 42 0 0 0 273 0 91 814 0 170 10 0 0 0 0 126 39 0 0 11 0 95 0 0 0 847 1322 100 18 0 9 59 28 10 0 0 0 51 226 82 0 0 9 123 1042 0 65 32 1296 54 0 0 91 141 64 397 
10 87 267 401 23 84 613 71 88 529 36 663 593 315 59 50 39 28 590 39 16 27 781 98 91 169 20 29 125 2726 95 23 43 39 1615 10 84 581 26 65 374 20 11 298 47 49 147 1039 847 0 34 54 3000 20 44 38 1193 1573 793 16 1943 38 145 39 127 550 478 688 30 44 22 13 478 154 119 286 991 71 13 262 
333 0 3000 0 0 25 3000 102 28 45 2241 9 462 123 158 183 11 0 151 1039 199 14 0 399 37 134 0 0 1106 0 290 0 0 37 1071 0 281 0 114 11 991 0 28 79 0 2651 0 119 1322 34 0 157 335 0 44 84 224 24 0 0 0 12 49 431 0 0 317 879 20 626 3000 42 3000 246 0 26 1119 0 46 80 
39 0 14 0 0 64 0 245 0 101 47 0 0 145 0 441 14 0 3000 123 0 62 0 24 113 28 0 0 0 0 0 0 0 395 0 0 620 0 613 0 143 0 73 0 0 0 0 21 100 54 157 0 103 0 61 32 226 42 0 0 0 93 0 134 0 0 62 14 0 0 0 0 0 0 0 85 0 0 0 0 
376 0 19 0 0 45 196 69 85 25 297 3000 59 335 432 44 82 0 21 0 540 23 0 904 14 3000 0 0 227 0 1298 106 0 18 29 0 51 15 21 3000 66 0 72 39 0 224 0 0 18 3000 335 103 0 0 168 18 55 396 0 0 0 67 9 63 0 0 19 265 50 14 31 90 37 3000 0 0 815 32 98 1196 
179 17 2434 44 25 431 0 0 91 0 217 80 287 0 128 0 10 13 0 91 1987 0 16 0 0 343 209 86 29 396 333 1830 40 61 19 1393 0 32 478 11 0 574 0 190 9 268 21 853 0 20 0 0 0 0 0 67 62 0 42 86 107 70 2275 0 55 181 26 0 206 184 623 408 2778 11 29 15 0 14 19 36 
0 0 51 0 0 44 10 870 337 205 51 9 1277 226 8 14 681 0 62 0 0 3000 0 203 117 0 0 0 440 0 693 287 0 2305 27 0 3000 0 367 746 419 0 187 50 0 23 0 0 9 44 44 61 168 0 0 790 42 57 0 0 0 20 120 48 0 0 60 306 1202 128 19 70 20 436 0 0 742 705 44 1483 
236 22 16 98 3000 28 1387 11 19 10 970 633 10 77 24 398 10 282 8 552 43 88 123 820 292 1865 9 330 160 287 108 20 8 171 10 53 38 151 131 9 3000 1686 917 16 10 184 899 15 59 38 84 32 18 67 790 0 488 231 543 1368 107 32 10 1091 50 117 12 1561 458 511 309 2078 2750 284 707 1224 89 41 127 299 
26 488 113 231 210 37 1199 45 20 1079 48 855 464 119 654 436 203 1883 136 28 827 143 458 237 23 906 13 15 603 534 625 286 298 89 159 0 108 116 13 20 38 268 88 7 282 813 153 29 28 1193 224 226 55 62 42 488 0 269 225 71 31 402 30 11 0 895 64 301 79 154 345 18 219 580 0 13 792 67 53 28 
47 0 66 0 0 293 0 14 0 8 435 109 0 204 0 11 8 0 164 1079 0 19 0 30 1341 92 0 0 0 0 97 0 0 175 899 0 78 0 218 0 3000 0 127 84 0 0 0 170 10 1573 24 42 396 0 57 231 269 0 0 0 0 242 32 68 0 0 15 578 0 229 0 14 0 0 0 17 17 0 0 0 
43 35 38 568 84 406 0 255 812 0 402 22 8 320 377 52 449 23 0 438 542 0 28 0 0 699 564 189 0 17 1479 0 197 67 56 8 64 865 8 0 0 126 9 12 465 0 1056 51 0 793 0 0 0 42 0 543 225 0 0 2451 20 148 21 0 31 34 360 10 0 354 0 1084 411 0 429 1658 0 46 42 55 
137 45 949 0 1573 199 0 0 0 0 810 201 105 0 15 0 347 26 0 337 158 0 56 0 0 31 1236 27 0 0 0 0 47 0 16 0 9 564 58 0 0 44 0 0 365 0 1495 495 0 16 0 0 0 86 0 1368 71 0 2451 0 34 0 417 0 17 0 1320 3000 0 73 0 0 130 0 148 11 0 0 0 0 
22 17 42 2272 21 50 0 0 1511 0 389 917 8 0 112 0 170 320 0 11 109 0 20 0 0 12 39 36 0 17 1189 75 26 323 8 87 0 33 23 414 0 15 0 358 727 0 26 79 0 1943 0 0 0 107 0 107 31 0 20 34 0 0 21 0 484 127 28 0 16 1569 354 462 137 212 209 2460 0 14 11 402 
841 0 123 0 33 44 8 53 7 672 138 221 991 17 59 412 110 103 156 920 15 101 0 1610 53 363 0 86 109 106 43 24 119 65 43 0 20 28 82 1509 210 0 20 78 718 758 233 2142 51 38 12 93 67 70 20 32 402 242 148 0 0 0 94 142 0 0 66 17 73 430 912 3000 1399 41 0 132 708 33 35 100 
297 551 17 99 50 3000 23 84 816 85 1559 72 420 50 149 89 802 48 39 203 1617 113 2043 9 381 150 115 228 692 73 12 49 103 1117 411 226 457 140 145 8 908 13 97 172 102 9 22 255 226 145 49 0 9 2275 120 10 30 32 21 417 21 94 0 298 141 3000 146 3000 13 935 3000 38 683 192 3000 212 18 71 115 28 
149 0 21 0 0 1033 409 17 15 25 3000 9 7 373 18 21 1790 0 167 0 115 59 0 69 340 100 0 0 27 0 249 27 0 20 1089 0 2141 1728 12 1125 596 0 42 106 0 674 0 898 82 39 431 134 63 0 48 1091 11 68 0 0 0 142 298 0 0 0 19 60 219 61 172 189 14 104 0 0 193 1869 91 21 
0 289 0 82 455 0 0 0 12 0 2840 38 44 0 51 0 544 48 0 0 83 0 44 0 0 0 110 1792 0 1495 44 2149 657 0 536 10 0 3000 24 0 0 792 0 9 275 0 1318 151 0 127 0 0 0 55 0 50 0 0 31 17 484 0 141 0 0 1463 0 0 19 11 477 149 32 99 74 0 0 65 331 25 
0 63 0 26 78 0 0 0 32 0 36 486 262 0 42 0 1025 725 0 0 82 0 47 0 0 0 12 14 307 8 18 1865 349 0 93 28 0 19 36 3000 0 2065 0 310 33 983 610 65 0 550 0 0 0 181 0 117 895 0 34 0 127 0 3000 0 1463 0 67 0 366 17 20 8 28 269 94 0 0 404 409 525 
627 2144 33 461 14 46 40 27 44 2136 8 110 202 19 640 2118 19 1327 214 119 9 146 23 817 33 56 19 29 22 330 97 16 157 23 33 0 447 23 26 56 383 7 3000 30 218 22 969 10 9 478 317 62 19 26 60 12 64 15 360 1320 28 66 146 19 0 67 0 2085 843 456 1891 9 436 8 0 582 67 452 1222 90 
690 0 30 0 142 21 0 12 107 3000 464 434 23 12 11 110 52 9 8 75 1408 192 787 66 3000 12 0 0 413 0 3000 0 80 1324 306 0 164 36 21 590 93 26 14 14 483 0 121 27 123 688 879 14 265 0 306 1561 301 578 10 3000 0 17 3000 60 0 0 2085 0 0 412 31 81 144 0 0 349 258 0 256 165 
0 113 624 34 22 633 401 0 144 346 106 36 22 898 34 0 284 131 0 0 557 3000 0 0 526 0 1630 211 46 24 3000 3000 0 128 32 32 0 260 145 63 27 248 0 264 0 16 1306 0 1042 30 20 0 50 206 1202 458 79 0 0 0 16 73 13 219 19 366 843 0 0 38 3000 62 3000 54 130 0 725 14 699 132 
53 24 257 56 197 57 0 30 27 851 418 1218 997 29 391 488 76 223 351 37 21 186 3000 42 0 45 3000 302 39 712 9 75 547 699 47 243 48 9 376 30 0 27 92 25 135 0 3000 922 0 44 626 0 14 184 128 511 154 229 354 73 1569 430 935 61 11 17 456 412 38 0 23 56 3000 9 3000 13 0 102 21 484 
0 101 17 187 45 1214 270 111 1522 379 22 1033 9 3000 159 0 497 236 588 0 318 139 0 141 14 0 137 227 190 45 107 39 0 64 272 19 23 66 8 1893 43 1063 0 62 0 14 0 240 65 22 3000 0 31 623 19 309 345 0 0 0 354 912 3000 172 477 20 1891 31 3000 23 0 33 13 16 20 0 669 21 1581 142 
21 3000 24 2817 219 22 252 163 3000 63 101 3000 19 242 2410 2756 78 8 45 11 29 869 8 61 1047 10 2189 275 35 1178 7 7 1633 88 19 63 266 367 25 272 269 144 1430 516 74 95 753 40 32 13 42 0 90 408 70 2078 18 14 1084 0 462 3000 38 189 149 8 9 81 62 56 33 0 36 1171 63 418 2556 27 2303 78 
215 41 181 12 20 148 20 451 518 34 143 827 1457 65 25 11 74 441 15 642 30 129 99 0 151 15 146 134 304 10 167 3000 8 49 213 24 101 264 68 65 1383 173 104 15 1023 66 20 216 1296 478 3000 0 37 2778 20 2750 219 0 411 130 137 1399 683 14 32 28 436 144 3000 3000 13 36 0 76 175 46 551 448 17 252 
0 1272 0 8 46 3000 7 0 11 636 3000 7 163 694 45 0 19 14 0 0 329 631 0 0 795 0 1341 39 20 58 320 103 0 129 260 10 0 33 58 736 10 32 0 40 0 25 0 0 54 154 246 0 3000 11 436 284 580 0 0 0 212 41 192 104 99 269 8 0 54 9 16 1171 76 0 126 0 38 16 50 59 
0 18 0 2111 67 0 0 0 13 0 1415 189 749 0 8 0 89 499 0 0 2193 0 177 0 0 0 74 639 0 138 17 66 25 0 12 719 0 7 205 29 0 12 0 12 22 0 25 77 0 119 0 0 0 29 0 707 0 0 429 148 209 0 3000 0 74 94 0 0 130 3000 20 63 175 126 0 0 0 493 192 127 
30 0 41 0 549 25 0 154 0 0 1191 10 1129 1549 39 11 71 50 1313 45 929 0 8 16 0 2050 0 77 0 0 31 0 764 21 86 0 65 154 228 0 0 12 99 0 64 0 87 8 0 286 26 85 0 15 0 1224 13 17 1658 11 2460 132 212 0 0 0 582 349 0 13 0 418 46 0 0 0 0 0 119 0 
0 0 9 0 0 35 99 737 65 98 990 80 16 64 571 0 195 0 103 0 0 13 0 20 160 0 0 0 27 155 177 8 0 55 111 0 341 78 32 82 48 0 0 26 0 190 0 0 91 991 1119 0 815 0 742 89 792 17 0 0 0 708 18 193 0 0 67 258 725 0 669 2556 551 38 0 0 0 1046 141 99 
0 3000 0 126 11 0 11 0 118 0 8 1217 543 0 1133 0 194 1060 0 0 45 0 129 0 808 0 110 220 54 8 25 1427 140 176 320 8 0 90 71 154 745 1508 0 14 0 30 92 491 141 71 0 0 32 14 705 41 67 0 46 0 14 33 71 1869 65 404 452 0 14 102 21 27 448 16 493 0 1046 0 1228 45 
16 15 8 82 164 240 14 0 162 1079 49 1473 123 65 42 0 19 28 52 54 96 555 46 0 239 41 96 246 19 31 254 183 1199 19 19 54 318 138 9 101 77 70 0 141 79 26 23 176 64 13 46 0 98 19 44 127 53 0 42 0 11 35 115 91 331 409 1222 256 699 21 1581 2303 17 50 192 119 141 1228 0 18 
188 450 42 58 456 436 94 38 862 83 46 1279 639 637 204 0 58 1394 331 0 30 30 9 26 3000 271 20 1778 271 32 28 1110 107 10 14 218 15 3000 1025 18 21 25 0 9 132 1681 50 18 397 262 80 0 1196 36 1483 299 28 0 55 0 402 100 28 21 25 525 90 165 132 484 142 78 252 59 127 0 99 45 18 0 
