80
0 84 75 31 33 97 84 35 88 54 22 44 96 36 63 100 44 45 32 39 61 75 87 106 13 84 57 85 108 76 69 41 54 73 71 60 59 89 63 56 35 72 66 103 81 62 88 91 79 36 84 32 53 36 108 34 48 92 23 32 16 20 98 38 86 9 61 37 52 108 69 93 58 76 94 69 94 103 71 62 
84 0 70 56 51 77 89 81 74 90 62 40 94 58 86 66 77 42 91 84 30 12 61 43 92 90 27 2 54 62 46 43 81 44 94 24 44 103 30 33 51 58 85 77 106 34 82 12 25 48 49 54 31 50 46 80 91 31 62 91 68 84 83 49 36 75 75 84 32 80 89 97 60 16 27 22 58 76 55 91 
75 70 0 52 63 22 19 45 13 36 62 62 26 43 26 29 34 47 56 43 77 59 19 54 73 20 61 69 47 8 23 57 27 25 29 63 30 33 79 45 68 12 22 29 39 38 15 66 45 64 26 71 61 51 54 45 42 49 58 55 70 59 23 49 40 70 18 45 62 34 25 28 19 78 55 49 28 29 15 31 
31 56 52 0 13 72 65 30 64 47 11 20 76 9 50 72 32 14 38 34 40 46 60 75 37 66 30 56 77 50 40 14 41 44 59 33 29 74 43 25 19 45 51 77 71 31 66 62 48 16 54 20 27 6 77 29 44 61 8 37 19 29 74 7 56 23 42 33 26 82 55 75 33 52 63 39 66 77 43 51 
33 51 63 13 0 81 78 42 74 59 12 11 88 22 63 80 44 17 48 47 30 43 68 78 43 78 24 52 82 60 47 9 54 50 72 27 37 87 33 27 6 55 64 86 84 35 77 59 50 4 61 8 20 12 80 41 57 63 13 48 17 38 85 14 59 24 55 45 19 91 68 87 44 44 64 39 73 86 52 64 
97 77 22 72 81 0 27 67 9 56 83 79 23 63 44 14 56 65 77 65 90 67 16 48 95 27 75 75 37 22 36 74 48 35 44 76 46 39 93 59 86 27 40 7 49 51 14 69 51 82 28 90 76 70 47 66 63 49 78 76 91 81 7 68 41 92 39 67 77 12 41 29 39 88 55 59 20 8 29 49 
84 89 19 65 78 27 0 50 20 34 75 79 12 56 22 40 40 64 58 46 95 78 34 70 78 1 80 88 62 27 43 73 30 45 18 81 48 14 98 63 83 31 18 34 22 57 13 85 65 79 44 86 79 66 70 50 41 68 70 57 82 65 22 64 58 81 24 49 79 37 17 9 34 97 73 68 42 35 34 26 
35 81 45 30 42 67 50 0 57 20 33 49 62 23 29 72 11 39 12 5 69 70 60 88 29 50 58 81 86 48 48 43 20 52 37 61 41 54 73 48 47 46 32 73 47 49 56 84 66 45 61 48 55 34 89 1 15 77 29 11 37 15 66 34 68 33 28 3 54 78 35 58 31 80 81 60 69 74 45 27 
88 74 13 64 74 9 20 57 0 47 75 73 20 55 35 20 46 58 68 56 85 64 15 51 86 20 70 73 42 14 30 67 39 31 36 71 39 33 88 54 79 20 31 16 42 46 8 68 49 75 27 83 71 63 50 57 53 50 70 67 82 72 11 60 41 83 30 58 71 21 32 25 31 85 55 56 23 17 23 40 
54 90 36 47 59 56 34 20 47 0 52 65 45 38 12 65 15 53 25 15 85 79 55 88 46 34 72 90 83 42 49 58 10 53 18 74 47 35 88 58 65 42 16 63 27 56 43 91 71 62 59 66 69 50 88 21 7 79 48 24 57 34 54 49 70 54 19 18 69 68 17 41 31 93 84 69 64 64 44 8 
22 62 62 11 12 83 75 33 75 52 0 22 86 19 57 83 38 24 38 38 41 53 71 85 31 75 36 63 88 61 51 19 48 55 67 38 40 83 44 35 15 56 59 88 78 42 77 69 58 15 65 15 31 15 88 32 48 71 5 38 8 27 85 17 66 13 51 36 30 93 63 84 44 56 73 47 77 88 54 58 
44 40 62 20 11 79 79 49 73 65 22 0 88 27 66 76 50 15 57 54 20 33 65 70 53 79 14 41 75 58 44 7 58 46 75 16 34 89 24 21 11 53 67 83 88 30 77 49 42 8 56 15 10 15 72 48 63 55 23 57 28 47 83 16 52 35 57 52 8 88 71 88 45 34 55 30 68 83 50 69 
96 94 26 76 88 23 12 62 20 45 86 88 0 67 34 37 51 73 70 58 103 84 35 70 90 12 88 93 60 32 49 82 41 50 29 89 56 17 106 71 93 37 30 29 29 64 13 89 69 89 47 96 88 76 69 62 53 70 81 69 93 77 16 74 61 92 35 61 88 31 28 7 44 104 76 75 42 30 41 37 
36 58 43 9 22 63 56 23 55 38 19 27 67 0 41 65 23 16 34 28 47 47 52 71 39 56 35 58 72 42 34 20 32 38 50 37 24 65 50 25 28 38 42 69 62 29 57 62 46 24 48 30 32 11 73 23 37 59 15 33 27 27 66 10 52 29 33 27 31 74 46 66 24 57 61 38 59 69 36 42 
63 86 26 50 63 44 22 29 35 12 57 66 34 41 0 54 20 53 36 25 85 75 44 79 57 22 71 86 73 32 42 60 9 46 9 73 42 26 88 55 68 33 4 51 22 52 31 85 65 65 50 70 69 52 79 29 19 72 53 35 63 44 42 50 62 61 11 27 69 56 6 30 26 91 77 65 54 52 35 5 
100 66 29 72 80 14 40 72 20 65 83 76 37 65 54 0 62 63 84 72 84 58 12 34 99 40 70 65 23 25 33 72 56 30 55 70 43 52 86 55 84 28 50 11 62 46 27 58 42 80 20 88 71 69 32 72 71 37 79 83 91 86 21 67 31 93 47 74 72 14 52 43 42 79 43 52 8 10 29 59 
44 77 34 32 44 56 40 11 46 15 38 50 51 23 20 62 0 38 22 10 69 65 50 79 39 40 57 76 76 37 39 43 10 44 29 59 34 45 73 44 50 36 22 63 40 43 45 78 59 47 52 51 54 35 80 11 15 69 34 21 44 26 55 34 60 41 17 12 54 68 26 48 22 78 73 55 59 63 36 20 
45 42 47 14 17 65 64 39 58 53 24 15 73 16 53 63 38 0 49 43 32 32 51 62 51 64 19 42 65 44 30 9 45 33 62 22 20 75 36 11 22 38 53 69 74 18 62 48 34 17 44 25 17 9 64 38 52 48 21 49 31 42 69 7 43 36 43 43 16 74 57 73 30 41 49 25 55 69 36 55 
32 91 56 38 48 77 58 12 68 25 38 57 70 34 36 84 22 49 0 12 77 80 72 100 22 58 68 91 98 59 60 51 29 64 42 70 53 60 81 58 53 57 40 84 51 61 66 95 77 52 73 53 64 43 101 13 18 89 35 1 40 13 76 43 81 34 38 10 63 89 42 65 43 89 92 72 81 85 57 33 
39 84 43 34 47 65 46 5 56 15 38 54 58 28 25 72 10 43 12 0 74 73 60 89 32 47 62 84 86 47 49 47 17 53 32 65 43 50 77 51 52 45 28 72 42 52 53 87 68 50 61 53 59 38 90 6 10 79 34 11 42 19 64 38 70 38 26 3 59 77 31 54 31 84 83 63 69 72 46 23 
61 30 77 40 30 90 95 69 85 85 41 20 103 47 85 84 69 32 77 74 0 29 75 70 72 95 15 32 78 71 55 27 77 56 94 14 47 106 3 32 26 66 85 93 106 39 91 42 44 26 64 29 16 35 73 68 83 55 43 77 45 67 95 36 56 52 75 73 16 97 89 104 61 17 53 32 76 92 63 88 
75 12 59 46 43 67 78 70 64 79 53 33 84 47 75 58 65 32 80 73 29 0 51 41 83 79 20 11 49 52 35 35 69 34 82 18 32 91 30 22 44 47 73 68 94 23 71 16 16 41 39 48 24 40 44 69 80 26 52 80 60 74 73 39 28 66 64 73 25 72 78 86 49 21 24 10 50 68 44 79 
87 61 19 60 68 16 34 60 15 55 71 65 35 52 44 12 50 51 72 60 75 51 0 36 87 35 60 59 29 13 21 60 45 19 47 61 31 48 77 44 73 15 41 19 56 36 23 54 35 68 12 76 61 57 36 60 60 34 67 71 79 74 22 55 26 81 36 62 62 23 43 40 30 72 40 43 9 18 17 50 
106 43 54 75 78 48 70 88 51 88 85 70 70 71 79 34 79 62 100 89 70 41 36 0 110 71 59 42 12 47 40 69 78 36 83 58 48 84 71 51 80 45 76 44 92 44 59 32 29 77 29 85 62 71 3 87 92 15 83 99 93 98 55 69 20 98 69 90 64 46 79 75 58 59 17 40 28 43 44 84 
13 92 73 37 43 95 78 29 86 46 31 53 90 39 57 99 39 51 22 32 72 83 87 110 0 78 66 93 110 75 71 49 49 76 64 69 62 81 75 62 46 72 60 101 73 67 85 99 84 46 85 43 62 43 112 29 39 97 31 23 28 14 95 44 90 20 56 29 61 106 63 86 57 87 100 76 95 102 71 55 
84 90 20 66 78 27 1 50 20 34 75 79 12 56 22 40 40 64 58 47 95 79 35 71 78 0 80 89 62 27 43 73 30 45 18 82 49 13 98 64 83 32 18 34 22 58 13 85 65 80 45 86 79 66 70 50 41 68 71 57 82 65 22 64 59 81 24 49 80 37 17 9 34 98 74 69 43 35 35 26 
57 27 61 30 24 75 80 58 70 72 36 14 88 35 71 70 57 19 68 62 15 20 60 59 66 80 0 28 66 56 40 17 63 41 80 3 32 92 18 17 24 51 70 78 92 24 76 36 31 22 50 28 4 25 61 57 71 44 36 67 41 59 80 25 43 48 61 62 6 83 75 89 46 22 43 19 61 78 47 74 
85 2 69 56 52 75 88 81 73 90 63 41 93 58 86 65 76 42 91 84 32 11 59 42 93 89 28 0 52 61 46 44 80 43 93 25 43 102 32 33 51 57 84 75 105 34 80 11 24 49 47 56 32 50 45 80 91 29 62 91 69 84 82 50 34 76 75 84 33 79 89 96 60 18 25 21 57 75 54 90 
108 54 47 77 82 37 62 86 42 83 88 75 60 72 73 23 76 65 98 86 78 49 29 12 110 62 66 52 0 41 39 73 73 35 76 65 49 75 80 55 85 41 69 33 84 47 49 43 35 81 25 90 68 73 10 85 88 23 85 97 96 97 44 71 23 100 64 88 70 34 72 66 55 69 27 47 20 32 41 78 
76 62 8 50 60 22 27 48 14 42 61 58 32 42 32 25 37 44 59 47 71 52 13 47 75 27 56 61 41 0 17 53 33 18 36 57 25 41 74 40 65 5 29 27 46 32 20 58 38 61 18 68 56 48 47 48 48 41 57 58 69 62 25 46 32 70 23 49 57 32 32 35 18 71 47 42 22 27 9 38 
69 46 23 40 47 36 43 48 30 49 51 44 49 34 42 33 39 30 60 49 55 35 21 40 71 43 40 46 39 17 0 39 39 5 49 41 11 56 58 24 52 12 40 39 60 16 36 43 23 48 15 56 40 37 42 47 52 31 47 59 59 58 40 34 21 62 31 50 41 44 44 51 18 55 35 26 26 39 8 47 
41 43 57 14 9 74 73 43 67 58 19 7 82 20 60 72 43 9 51 47 27 35 60 69 49 73 17 44 73 53 39 0 51 42 69 20 29 83 30 18 12 48 60 79 82 27 71 51 41 8 53 16 13 9 71 42 57 54 18 51 25 42 78 10 50 32 51 46 12 84 65 82 39 38 55 30 65 78 45 62 
54 81 27 41 54 48 30 20 39 10 48 58 41 32 9 56 10 45 29 17 77 69 45 78 49 30 63 80 73 33 39 51 0 43 18 66 37 35 80 49 59 32 12 55 31 46 37 81 60 56 49 61 61 43 78 20 15 69 44 28 54 36 47 42 60 52 9 19 61 60 15 38 21 84 74 59 55 56 33 11 
73 44 25 44 50 35 45 52 31 53 55 46 50 38 46 30 44 33 64 53 56 34 19 36 76 45 41 43 35 18 5 42 43 0 52 42 14 58 58 25 54 14 44 38 63 17 37 40 20 50 11 58 42 40 37 52 57 26 51 63 63 63 40 38 17 66 35 55 43 42 47 53 22 54 31 25 22 37 11 51 
71 94 29 59 72 44 18 37 36 18 67 75 29 50 9 55 29 62 42 32 94 82 47 83 64 18 80 93 76 36 49 69 18 52 0 82 50 17 97 64 78 39 9 51 13 60 30 92 71 74 55 79 78 61 83 37 25 77 62 42 72 52 40 59 68 70 19 35 78 55 5 24 34 99 83 72 56 52 41 9 
60 24 63 33 27 76 81 61 71 74 38 16 89 37 73 70 59 22 70 65 14 18 61 58 69 82 3 25 65 57 41 20 66 42 82 0 33 94 17 18 26 52 73 79 94 25 77 34 31 24 50 30 7 28 61 60 74 43 38 70 44 62 81 28 43 51 63 64 8 83 77 91 48 19 42 19 62 78 49 76 
59 44 30 29 37 46 48 41 39 47 40 34 56 24 42 43 34 20 53 43 47 32 31 48 62 49 32 43 49 25 11 29 37 14 50 33 0 61 50 15 41 19 41 50 62 10 44 44 25 37 25 45 32 26 50 40 49 36 37 52 49 50 50 24 28 52 31 44 32 55 46 57 16 49 39 22 36 49 16 47 
89 103 33 74 87 39 14 54 33 35 83 89 17 65 26 52 45 75 60 50 106 91 48 84 81 13 92 102 75 41 56 83 35 58 17 94 61 0 110 75 93 45 24 45 12 70 25 99 78 89 58 95 91 76 83 54 42 81 78 59 89 69 33 74 72 87 32 52 91 47 20 10 45 110 87 82 56 46 48 27 
63 30 79 43 33 93 98 73 88 88 44 24 106 50 88 86 73 36 81 77 3 30 77 71 75 98 18 32 80 74 58 30 80 58 97 17 50 110 0 35 29 69 88 95 109 42 94 42 46 29 66 32 19 39 74 72 86 57 46 80 47 70 98 39 58 55 78 76 19 100 93 107 64 16 54 35 78 95 65 91 
56 33 45 25 27 59 63 48 54 58 35 21 71 25 55 55 44 11 58 51 32 22 44 51 62 64 17 33 55 40 24 18 49 25 64 18 15 75 35 0 30 34 55 63 76 9 59 37 23 26 35 35 17 20 53 47 58 37 33 58 43 52 64 19 32 48 45 51 18 68 59 72 30 35 38 13 47 62 31 59 
35 51 68 19 6 86 83 47 79 65 15 11 93 28 68 84 50 22 53 52 26 44 73 80 46 83 24 51 85 65 52 12 59 54 78 26 41 93 29 30 0 60 69 91 90 39 83 60 52 4 65 4 20 17 83 46 62 66 18 53 18 42 90 19 62 26 60 50 18 96 74 93 50 42 66 40 77 91 57 70 
72 58 12 45 55 27 31 46 20 42 56 53 37 38 33 28 36 38 57 45 66 47 15 45 72 32 51 57 41 5 12 48 32 14 39 52 19 45 69 34 60 0 31 32 49 27 25 54 34 56 17 63 51 43 46 45 47 39 52 56 65 59 30 41 29 66 23 47 51 37 34 39 15 66 44 37 23 32 3 39 
66 85 22 51 64 40 18 32 31 16 59 67 30 42 4 50 22 53 40 28 85 73 41 76 60 18 70 84 69 29 40 60 12 44 9 73 41 24 88 55 69 31 0 47 22 51 27 83 63 66 47 71 69 53 76 32 23 69 55 39 66 47 38 51 60 64 10 31 69 52 5 26 25 90 74 63 50 48 33 9 
103 77 29 77 86 7 34 73 16 63 88 83 29 69 51 11 63 69 84 72 93 68 19 44 101 34 78 75 33 27 39 79 55 38 51 79 50 45 95 63 91 32 47 0 56 54 21 69 52 87 29 94 79 75 43 73 70 48 84 83 96 88 12 73 41 97 46 74 80 5 48 35 45 89 54 61 19 1 34 56 
81 106 39 71 84 49 22 47 42 27 78 88 29 62 22 62 40 74 51 42 106 94 56 92 73 22 92 105 84 46 60 82 31 63 13 94 62 12 109 76 90 49 22 56 0 72 35 103 83 87 65 91 90 73 92 48 33 88 74 50 84 61 44 72 78 81 31 45 90 59 17 23 46 112 93 84 64 57 52 20 
62 34 38 31 35 51 57 49 46 56 42 30 64 29 52 46 43 18 61 52 39 23 36 44 67 58 24 34 47 32 16 27 46 17 60 25 10 70 42 9 39 27 51 54 72 0 52 35 17 35 26 43 25 27 46 48 58 30 39 60 50 56 56 25 24 54 41 52 26 59 55 66 26 40 32 12 39 54 23 56 
88 82 15 66 77 14 13 56 8 43 77 77 13 57 31 27 45 62 66 53 91 71 23 59 85 13 76 80 49 20 36 71 37 37 30 77 44 25 94 59 83 25 27 21 35 52 0 76 56 79 34 86 76 66 58 56 50 57 72 65 84 71 11 63 48 84 28 56 76 25 27 17 33 91 63 62 31 22 28 36 
91 12 66 62 59 69 85 84 68 91 69 49 89 62 85 58 78 48 95 87 42 16 54 32 99 85 36 11 43 58 43 51 81 40 92 34 44 99 42 37 60 54 83 69 103 35 76 0 21 57 42 64 40 56 34 83 93 21 68 94 76 89 76 55 28 83 74 87 41 72 87 92 60 28 16 24 50 68 51 90 
79 25 45 48 50 51 65 66 49 71 58 42 69 46 65 42 59 34 77 68 44 16 35 29 84 65 31 24 35 38 23 41 60 20 71 31 25 78 46 23 52 34 63 52 83 17 56 21 0 48 23 56 34 43 31 65 73 14 55 77 65 73 58 41 12 70 54 68 35 56 67 72 39 37 16 12 34 51 31 69 
36 48 64 16 4 82 79 45 75 62 15 8 89 24 65 80 47 17 52 50 26 41 68 77 46 80 22 49 81 61 48 8 56 50 74 24 37 89 29 26 4 56 66 87 87 35 79 57 48 0 61 8 17 14 79 44 60 62 17 52 20 41 86 15 58 27 57 48 16 92 70 89 46 41 62 37 73 86 53 67 
84 49 26 54 61 28 44 61 27 59 65 56 47 48 50 20 52 44 73 61 64 39 12 29 85 45 50 47 25 18 15 53 49 11 55 50 25 58 66 35 65 17 47 29 65 26 34 42 23 61 0 69 51 51 29 60 64 23 62 72 74 73 34 49 14 77 40 63 52 33 50 51 30 60 29 32 12 28 16 55 
32 54 71 20 8 90 86 48 83 66 15 15 96 30 70 88 51 25 53 53 29 48 76 85 43 86 28 56 90 68 56 16 61 58 79 30 45 95 32 35 4 63 71 94 91 43 86 64 56 8 69 0 24 20 87 47 63 70 18 53 16 41 93 22 66 23 63 51 23 99 76 95 52 45 70 45 81 94 61 71 
53 31 61 27 20 76 79 55 71 69 31 10 88 32 69 71 54 17 64 59 16 24 61 62 62 79 4 32 68 56 40 13 61 42 78 7 32 91 19 17 20 51 69 79 90 25 76 40 34 17 51 24 0 21 65 54 68 47 32 64 37 55 81 22 45 44 59 59 1 84 74 88 45 25 47 22 63 79 48 72 
36 50 51 6 12 70 66 34 63 50 15 15 76 11 52 69 35 9 43 38 35 40 57 71 43 66 25 50 73 48 37 9 43 40 61 28 26 76 39 20 17 43 53 75 73 27 66 56 43 14 51 20 21 0 73 33 48 57 13 42 23 34 73 2 51 28 43 37 21 80 57 75 32 47 58 33 62 75 41 54 
108 46 54 77 80 47 70 89 50 88 88 72 69 73 79 32 80 64 101 90 73 44 36 3 112 70 61 45 10 47 42 71 78 37 83 61 50 83 74 53 83 46 76 43 92 46 58 34 31 79 29 87 65 73 0 89 93 17 85 100 96 99 54 71 22 100 69 91 66 44 79 75 59 62 20 43 28 42 45 84 
34 80 45 29 41 66 50 1 57 21 32 48 62 23 29 72 11 38 13 6 68 69 60 87 29 50 57 80 85 48 47 42 20 52 37 60 40 54 72 47 46 45 32 73 48 48 56 83 65 44 60 47 54 33 89 0 16 76 28 12 37 15 66 33 68 33 28 4 54 78 35 58 30 79 80 60 69 74 45 28 
48 91 42 44 57 63 41 15 53 7 48 63 53 37 19 71 15 52 18 10 83 80 60 92 39 41 71 91 88 48 52 57 15 57 25 74 49 42 86 58 62 47 23 70 33 58 50 93 73 60 64 63 68 48 93 16 0 83 44 17 53 28 61 47 74 48 24 12 68 74 24 48 35 93 87 70 70 71 48 16 
92 31 49 61 63 49 68 77 50 79 71 55 70 59 72 37 69 48 89 79 55 26 34 15 97 68 44 29 23 41 31 54 69 26 77 43 36 81 57 37 66 39 69 48 88 30 57 21 14 62 23 70 47 57 17 76 83 0 69 88 79 86 56 55 10 84 61 79 49 51 73 74 48 46 6 25 29 47 36 77 
23 62 58 8 13 78 70 29 70 48 5 23 81 15 53 79 34 21 35 34 43 52 67 83 31 71 36 62 85 57 47 18 44 51 62 38 37 78 46 33 18 52 55 84 74 39 72 68 55 17 62 18 32 13 85 28 44 69 0 35 12 24 81 14 63 15 47 32 30 89 59 80 39 57 71 46 73 84 50 54 
32 91 55 37 48 76 57 11 67 24 38 57 69 33 35 83 21 49 1 11 77 80 71 99 23 57 67 91 97 58 59 51 28 63 42 70 52 59 80 58 53 56 39 83 50 60 65 94 77 52 72 53 64 42 100 12 17 88 35 0 40 13 75 42 80 34 37 9 63 88 41 65 42 89 92 71 80 84 56 32 
16 68 70 19 17 91 82 37 82 57 8 28 93 27 63 91 44 31 40 42 45 60 79 93 28 82 41 69 96 69 59 25 54 63 72 44 49 89 47 43 18 65 66 96 84 50 84 76 65 20 74 16 37 23 96 37 53 79 12 40 0 27 93 25 74 8 58 40 36 101 69 91 51 60 80 55 85 96 62 64 
20 84 59 29 38 81 65 15 72 34 27 47 77 27 44 86 26 42 13 19 67 74 74 98 14 65 59 84 97 62 58 42 36 63 52 62 50 69 70 52 42 59 47 88 61 56 71 89 73 41 73 41 55 34 99 15 28 86 24 13 27 0 81 35 78 21 43 17 54 93 50 74 44 80 89 66 82 88 58 42 
98 83 23 74 85 7 22 66 11 54 85 83 16 66 42 21 55 69 76 64 95 73 22 55 95 22 80 82 44 25 40 78 47 40 40 81 50 33 98 64 90 30 38 12 44 56 11 76 58 86 34 93 81 73 54 66 61 56 81 75 93 81 0 71 48 93 38 66 81 15 38 22 41 94 62 65 27 13 33 46 
38 49 49 7 14 68 64 34 60 49 17 16 74 10 50 67 34 7 43 38 36 39 55 69 44 64 25 50 71 46 34 10 42 38 59 28 24 74 39 19 19 41 51 73 72 25 63 55 41 15 49 22 22 2 71 33 47 55 14 42 25 35 71 0 49 29 42 37 21 78 55 73 30 47 56 32 60 72 39 52 
86 36 40 56 59 41 58 68 41 70 66 52 61 52 62 31 60 43 81 70 56 28 26 20 90 59 43 34 23 32 21 50 60 17 68 43 28 72 58 32 62 29 60 41 78 24 48 28 12 58 14 66 45 51 22 68 74 10 63 80 74 78 48 49 0 78 52 71 47 45 63 65 39 49 15 24 22 40 27 67 
9 75 70 23 24 92 81 33 83 54 13 35 92 29 61 93 41 36 34 38 52 66 81 98 20 81 48 76 100 70 62 32 52 66 70 51 52 87 55 48 26 66 64 97 81 54 84 83 70 27 77 23 44 28 100 33 48 84 15 34 8 21 93 29 78 0 57 36 43 103 67 90 52 68 86 61 88 98 64 61 
61 75 18 42 55 39 24 28 30 19 51 57 35 33 11 47 17 43 38 26 75 64 36 69 56 24 61 75 64 23 31 51 9 35 19 63 31 32 78 45 60 23 10 46 31 41 28 74 54 57 40 63 59 43 69 28 24 61 47 37 58 43 38 42 52 57 0 28 59 51 14 33 15 80 66 54 45 47 25 16 
37 84 45 33 45 67 49 3 58 18 36 52 61 27 27 74 12 43 10 3 73 73 62 90 29 49 62 84 88 49 50 46 19 55 35 64 44 52 76 51 50 47 31 74 45 52 56 87 68 48 63 51 59 37 91 4 12 79 32 9 40 17 66 37 71 36 28 0 58 79 33 57 33 83 83 63 70 74 47 26 
52 32 62 26 19 77 79 54 71 69 30 8 88 31 69 72 54 16 63 59 16 25 62 64 61 80 6 33 70 57 41 12 61 43 78 8 32 91 19 18 18 51 69 80 90 26 76 41 35 16 52 23 1 21 66 54 68 49 30 63 36 54 81 21 47 43 59 58 0 85 74 89 45 26 48 23 64 80 48 72 
108 80 34 82 91 12 37 78 21 68 93 88 31 74 56 14 68 74 89 77 97 72 23 46 106 37 83 79 34 32 44 84 60 42 55 83 55 47 100 68 96 37 52 5 59 59 25 72 56 92 33 99 84 80 44 78 74 51 89 88 101 93 15 78 45 103 51 79 85 0 52 37 51 93 56 65 22 5 39 61 
69 89 25 55 68 41 17 35 32 17 63 71 28 46 6 52 26 57 42 31 89 78 43 79 63 17 75 89 72 32 44 65 15 47 5 77 46 20 93 59 74 34 5 48 17 55 27 87 67 70 50 76 74 57 79 35 24 73 59 41 69 50 38 55 63 67 14 33 74 52 0 24 29 95 78 68 52 49 37 9 
93 97 28 75 87 29 9 58 25 41 84 88 7 66 30 43 48 73 65 54 104 86 40 75 86 9 89 96 66 35 51 82 38 53 24 91 57 10 107 72 93 39 26 35 23 66 17 92 72 89 51 95 88 75 75 58 48 74 80 65 91 74 22 73 65 90 33 57 89 37 24 0 43 106 80 77 47 36 43 32 
58 60 19 33 44 39 34 31 31 31 44 45 44 24 26 42 22 30 43 31 61 49 30 58 57 34 46 60 55 18 18 39 21 22 34 48 16 45 64 30 50 15 25 45 46 26 33 60 39 46 30 52 45 32 59 30 35 48 39 42 51 44 41 30 39 52 15 33 45 51 29 43 0 65 53 39 38 46 15 30 
76 16 78 52 44 88 97 80 85 93 56 34 104 57 91 79 78 41 89 84 17 21 72 59 87 98 22 18 69 71 55 38 84 54 99 19 49 110 16 35 42 66 90 89 112 40 91 28 37 41 60 45 25 47 62 79 93 46 57 89 60 80 94 47 49 68 80 83 26 93 95 106 65 0 42 29 71 89 63 94 
94 27 55 63 64 55 73 81 55 84 73 55 76 61 77 43 73 49 92 83 53 24 40 17 100 74 43 25 27 47 35 55 74 31 83 42 39 87 54 38 66 44 74 54 93 32 63 16 16 62 29 70 47 58 20 80 87 6 71 92 80 89 62 56 15 86 66 83 48 56 78 80 53 42 0 26 35 53 42 82 
69 22 49 39 39 59 68 60 56 69 47 30 75 38 65 52 55 25 72 63 32 10 43 40 76 69 19 21 47 42 26 30 59 25 72 19 22 82 35 13 40 37 63 61 84 12 62 24 12 37 32 45 22 33 43 60 70 25 46 71 55 66 65 32 24 61 54 63 23 65 68 77 39 29 26 0 44 60 34 69 
94 58 28 66 73 20 42 69 23 64 77 68 42 59 54 8 59 55 81 69 76 50 9 28 95 43 61 57 20 22 26 65 55 22 56 62 36 56 78 47 77 23 50 19 64 39 31 50 34 73 12 81 63 62 28 69 70 29 73 80 85 82 27 60 22 88 45 70 64 22 52 47 38 71 35 44 0 18 24 59 
103 76 29 77 86 8 35 74 17 64 88 83 30 69 52 10 63 69 85 72 92 68 18 43 102 35 78 75 32 27 39 78 56 37 52 78 49 46 95 62 91 32 48 1 57 54 22 68 51 86 28 94 79 75 42 74 71 47 84 84 96 88 13 72 40 98 47 74 80 5 49 36 46 89 53 60 18 0 34 57 
71 55 15 43 52 29 34 45 23 44 54 50 41 36 35 29 36 36 57 46 63 44 17 44 71 35 47 54 41 9 8 45 33 11 41 49 16 48 65 31 57 3 33 34 52 23 28 51 31 53 16 61 48 41 45 45 48 36 50 56 62 58 33 39 27 64 25 47 48 39 37 43 15 63 42 34 24 34 0 40 
62 91 31 51 64 49 26 27 40 8 58 69 37 42 5 59 20 55 33 23 88 79 50 84 55 26 74 90 78 38 47 62 11 51 9 76 47 27 91 59 70 39 9 56 20 56 36 90 69 67 55 71 72 54 84 28 16 77 54 32 64 42 46 52 67 61 16 26 72 61 9 32 30 94 82 69 59 57 40 0 
0 47 74 0 55 62 109 28 0 2526 91 50 0 0 34 1044 142 127 91 1347 542 55 669 18 100 1504 33 3000 285 11 0 0 584 141 74 8 463 158 41 38 3000 20 1212 103 236 44 1428 254 2016 241 99 91 2697 0 25 545 93 327 414 87 78 13 103 761 73 0 33 503 259 190 1982 0 141 0 450 11 1064 53 667 317 
47 0 102 70 67 1059 179 3000 1938 24 80 161 43 1766 246 1155 506 25 10 10 39 486 101 695 162 8 9 236 563 1050 196 7 47 309 0 1488 50 363 29 506 206 70 107 334 9 40 930 264 67 116 63 26 0 43 7 0 0 355 0 744 43 0 105 72 79 32 0 86 11 217 243 269 89 189 2581 515 976 964 382 256 
74 102 0 16 10 2458 1102 1011 59 14 1043 47 134 91 106 202 1273 25 20 0 63 12 35 184 3000 11 8 0 38 9 9 52 269 243 33 8 116 294 224 12 0 42 389 0 59 360 1038 118 22 283 234 13 21 55 125 31 82 18 7 54 49 134 0 19 676 135 8 19 61 218 55 279 210 280 0 16 47 1545 865 57 
0 70 16 0 290 183 282 0 133 254 412 163 605 175 0 39 422 48 0 0 175 0 67 20 0 256 0 0 67 0 473 14 1683 25 0 35 308 53 1303 0 0 434 337 0 40 115 0 13 0 0 54 18 61 16 0 0 8 367 0 29 31 18 0 127 210 276 65 0 0 166 0 59 0 1097 0 200 467 95 0 922 
55 67 10 290 0 924 18 0 272 14 198 182 853 232 78 1491 36 36 2339 111 575 57 32 111 1750 132 0 476 807 1969 274 1818 135 334 0 0 2205 3000 327 117 1289 613 146 213 69 929 82 590 111 16 0 71 0 20 165 0 0 264 0 13 2138 0 98 11 675 36 0 54 82 45 503 7 13 34 443 74 30 9 138 85 
62 1059 2458 183 924 0 509 0 228 227 752 94 11 34 159 201 2220 52 216 2134 166 1088 10 1183 0 444 0 14 29 0 17 1693 28 10 0 0 61 31 174 0 22 1048 458 80 54 156 28 7 360 0 0 60 0 88 0 0 0 45 0 19 18 0 14 2628 157 432 0 33 15 256 2300 903 9 266 0 272 314 120 1419 9 
109 179 1102 282 18 509 0 11 439 8 833 147 196 92 359 24 160 15 7 0 191 12 410 442 23 600 530 0 31 0 16 461 200 76 641 3000 58 2495 1547 8 0 33 1908 0 34 21 822 41 233 167 1085 25 409 11 480 23 2884 160 12 18 1923 38 0 904 33 94 2833 520 112 110 0 3000 257 25 0 96 10 315 11 64 
28 3000 1011 0 0 0 11 0 0 158 123 190 0 0 0 96 12 0 369 16 339 64 538 46 68 2562 48 161 20 3000 0 0 3000 12 8 39 15 1266 450 9 0 102 116 15 44 3000 189 15 121 7 321 3000 80 0 18 1073 169 173 707 10 83 105 0 557 35 0 31 25 8 0 379 0 0 0 20 0 0 199 683 8 
0 1938 59 133 272 228 439 0 0 351 79 111 107 74 490 754 131 78 0 0 262 9 66 804 0 13 0 0 485 0 466 91 64 8 0 860 734 14 8 0 0 19 397 0 435 12 129 212 3000 0 164 1901 3000 22 0 0 91 29 0 281 28 104 0 10 25 9 2053 179 0 1390 0 30 1396 35 0 51 89 2340 12 0 
2526 24 14 254 14 227 8 158 351 0 418 19 386 28 27 51 84 20 867 0 739 41 79 379 683 24 0 0 187 0 30 1197 8 47 0 158 48 18 1005 0 0 26 178 0 44 142 162 387 15 0 377 8 10 1054 0 0 1163 699 0 194 1216 605 0 15 816 97 39 7 30 223 0 748 71 105 0 58 8 2543 642 45 
91 80 1043 412 198 752 833 123 79 418 0 25 388 128 30 19 80 41 35 11 766 54 18 357 13 8 0 238 3000 43 1048 1703 178 629 0 8 35 47 159 56 120 99 8 611 47 201 8 89 3000 18 9 84 385 2137 52 0 352 1025 0 19 45 0 149 3000 38 107 0 1296 16 342 90 398 206 69 50 46 46 42 62 106 
50 161 47 163 182 94 147 190 111 19 25 0 71 112 109 224 47 565 1009 521 8 10 961 1598 87 128 0 198 94 75 35 13 705 57 0 0 93 16 145 37 545 26 8 525 118 173 1411 135 35 8 1772 48 0 190 10 0 0 46 0 24 2090 0 42 889 204 306 0 151 80 869 550 37 1061 8 22 357 55 296 89 339 
0 43 134 605 853 11 196 0 107 386 388 71 0 22 1553 117 147 116 0 0 7 531 40 44 0 440 0 0 169 0 125 87 18 1026 0 0 32 36 15 0 214 11 71 0 108 9 11 2847 686 0 0 29 65 83 0 0 11 15 0 151 13 165 343 59 69 169 0 29 3000 848 425 1040 148 141 0 33 378 153 65 62 
0 1766 91 175 232 34 92 0 74 28 128 112 22 0 14 36 429 970 58 180 1826 30 0 11 0 17 0 91 29 0 370 43 55 22 0 0 479 225 67 0 12 123 245 13 0 1569 32 0 49 0 0 8 0 409 0 0 0 0 0 48 0 0 93 0 133 212 0 27 18 61 16 37 508 103 8 1761 19 244 32 1069 
34 246 106 0 78 159 359 0 490 27 30 109 1553 14 0 2253 74 178 3000 23 1864 117 0 83 705 14 0 1341 19 139 0 66 20 93 0 0 123 39 588 15 1922 144 54 26 0 399 1257 0 78 92 0 1028 0 133 24 0 0 0 0 309 0 0 324 0 22 0 0 30 81 253 422 78 8 217 7 121 156 51 20 416 
1044 1155 202 39 1491 201 24 96 754 51 19 224 117 36 2253 0 97 49 60 42 40 331 33 1824 766 12 48 11 173 139 518 3000 16 820 283 807 466 291 32 88 141 10 40 7 690 98 18 27 32 101 46 565 949 450 72 215 12 151 890 97 193 38 54 375 3000 190 577 3000 1744 1167 423 117 166 263 47 373 1404 219 265 28 
142 506 1273 422 36 2220 160 12 131 84 80 47 147 429 74 97 0 16 44 187 101 52 48 14 39 32 87 7 86 3000 222 28 130 8 13 291 3000 596 219 9 58 673 106 1019 9 8 436 267 10 505 8 10 0 30 160 631 0 170 64 59 1231 0 62 119 601 138 0 168 424 683 2439 208 42 25 193 43 23 1633 3000 213 
127 25 25 48 36 52 15 0 78 20 41 565 116 970 178 49 16 0 2386 120 240 48 563 1842 56 9 0 672 67 0 15 57 51 268 0 16 9 136 75 0 159 8 18 33 15 9 107 64 105 0 33 11 17 56 29 0 44 90 0 277 104 32 103 87 12 45 0 153 80 494 129 619 17 3000 11 73 561 94 24 1587 
91 10 20 0 2339 216 7 369 0 867 35 1009 0 58 3000 60 44 2386 0 230 54 921 871 653 264 11 13 49 23 385 0 0 93 606 577 1751 113 263 65 320 509 56 182 179 612 100 606 10 308 328 570 1485 0 0 231 88 0 881 79 1561 12 0 137 9 188 0 0 120 29 1484 547 20 121 0 119 426 78 12 50 376 
1347 10 0 0 111 2134 0 16 0 0 11 521 0 180 23 42 187 120 230 0 0 175 0 8 1411 12 307 51 11 14 0 0 101 124 282 0 668 134 105 3000 9 63 19 43 148 0 1745 0 96 19 478 290 0 0 164 920 0 0 76 0 0 0 651 0 938 0 0 27 174 0 26 623 123 0 161 681 161 187 194 346 
542 39 63 175 575 166 191 339 262 739 766 8 7 1826 1864 40 101 240 54 0 0 30 144 72 21 3000 0 0 401 0 48 68 239 40 0 719 237 976 10 0 258 129 385 0 226 142 81 258 265 0 86 45 863 361 0 81 10 235 0 189 2991 95 0 30 249 35 37 116 354 297 26 632 23 1725 0 290 226 33 11 14 
55 486 12 0 57 1088 12 64 9 41 54 10 531 30 117 331 52 48 921 175 30 0 25 155 1039 1285 1021 85 535 175 0 211 876 346 263 157 117 17 325 2465 19 234 22 40 25 39 79 99 7 9 186 580 0 636 788 27 0 92 32 127 819 0 68 284 13 0 0 88 19 489 405 126 115 19 40 3000 70 113 49 218 
669 101 35 67 32 10 410 538 66 79 18 961 40 0 0 33 48 563 871 0 144 25 0 34 3000 566 73 0 10 0 273 3000 11 47 2128 2858 1736 41 26 139 0 40 46 0 69 1589 0 99 10 610 7 19 245 267 0 333 40 36 431 336 673 12 0 1717 719 50 3000 20 0 126 0 0 0 75 0 190 0 164 247 48 
18 695 184 20 111 1183 442 46 804 379 357 1598 44 11 83 1824 14 1842 653 8 72 155 34 0 77 1163 35 276 10 78 44 81 3000 149 30 37 149 2069 228 319 155 17 28 9 24 142 492 62 3000 567 531 944 280 139 28 99 2905 322 67 183 42 222 74 65 86 110 24 748 1593 226 42 16 13 36 42 13 12 106 37 12 
100 162 3000 0 1750 0 23 68 0 683 13 87 0 0 705 766 39 56 264 1411 21 1039 3000 77 0 28 384 29 194 9 0 0 10 98 33 233 990 11 852 51 22 1516 52 48 120 39 168 207 76 1984 203 482 740 0 933 186 57 3000 12 21 229 10 53 33 169 0 3000 13 38 0 127 0 11 0 89 492 0 1510 453 313 
1504 8 11 256 132 444 600 2562 13 24 8 128 440 17 14 12 32 9 11 12 3000 1285 566 1163 28 0 136 1811 507 9 3000 81 27 303 2814 13 3000 19 700 477 16 11 113 155 1414 777 1557 107 627 750 28 8 81 29 1582 118 466 18 29 242 87 53 13 44 11 177 0 212 35 20 213 419 197 401 169 33 25 172 3000 937 
33 9 8 0 0 0 530 48 0 0 0 0 0 0 0 48 87 0 13 307 0 1021 73 35 384 136 0 12 15 677 0 0 19 21 356 580 0 0 269 3000 0 94 293 14 63 0 2605 72 705 1680 18 13 0 0 8 62 0 18 796 0 32 0 25 0 89 0 0 70 144 0 357 0 0 0 148 0 0 545 9 87 
3000 236 0 0 476 14 0 161 0 0 238 198 0 91 1341 11 7 672 49 51 0 85 0 276 29 1811 12 0 878 169 0 0 598 239 0 0 13 1131 26 60 529 2857 94 56 0 2139 20 0 1780 547 0 290 0 0 16 0 0 0 53 0 0 0 20 0 23 0 0 19 149 223 76 84 669 0 155 91 63 43 69 15 
285 563 38 67 807 29 31 20 485 187 3000 94 169 29 19 173 86 67 23 11 401 535 10 10 194 507 15 878 0 19 12 177 29 185 27 16 93 171 11 124 64 15 238 7 814 788 313 25 76 11 176 175 72 13 188 155 158 62 234 17 16 92 81 39 100 296 2469 211 39 195 13 93 58 8 22 197 1012 656 1353 2106 
11 1050 9 0 1969 0 0 3000 0 0 43 75 0 0 139 139 3000 0 385 14 0 175 0 78 9 9 677 169 19 0 0 0 274 581 63 85 134 0 42 575 15 37 74 39 331 0 306 0 237 45 287 33 0 0 3000 816 0 37 106 0 0 0 80 0 97 0 0 1433 41 0 1791 0 196 0 80 0 0 19 3000 206 
0 196 9 473 274 17 16 0 466 30 1048 35 125 370 0 518 222 15 0 0 48 0 273 44 0 3000 0 0 12 0 0 81 368 22 0 57 55 24 182 0 0 13 1337 0 39 16 0 99 0 0 422 184 951 251 0 0 8 116 0 237 295 12 0 9 16 48 532 23 0 383 0 823 0 45 0 41 212 1243 0 109 
0 7 52 14 1818 1693 461 0 91 1197 1703 13 87 43 66 3000 28 57 0 0 68 211 3000 81 0 81 0 0 177 0 81 0 283 29 0 0 96 1391 831 0 231 29 137 0 275 12 225 23 34 0 0 3000 119 323 0 0 22 18 0 25 145 0 68 991 212 93 0 14 34 82 894 1256 1566 1012 0 16 102 541 226 917 
584 47 269 1683 135 28 200 3000 64 8 178 705 18 55 20 16 130 51 93 101 239 876 11 3000 10 27 19 598 29 274 368 283 0 258 244 125 75 16 106 52 38 30 44 79 74 188 2375 651 54 2223 703 1216 270 39 39 277 13 14 3000 60 241 319 3000 134 868 160 2545 53 25 15 784 1114 31 33 856 35 470 76 9 225 
141 309 243 25 334 10 76 12 8 47 629 57 1026 22 93 820 8 268 606 124 40 346 47 149 98 303 21 239 185 581 22 29 258 0 185 72 1720 377 119 1377 82 98 340 105 277 9 1049 119 137 609 2115 171 0 51 52 119 0 26 2637 432 19 0 597 671 21 140 0 60 23 14 230 24 490 84 7 8 90 35 26 71 
74 0 33 0 0 0 641 8 0 0 0 0 0 0 0 283 13 0 577 282 0 263 2128 30 33 2814 356 0 27 63 0 0 244 185 0 70 0 0 263 299 0 48 281 0 326 0 0 33 1845 41 32 94 0 0 29 332 0 50 216 0 165 0 0 15 208 0 0 27 10 0 0 0 0 0 829 0 0 52 0 52 
8 1488 8 35 0 0 3000 39 860 158 8 0 0 0 0 807 291 16 1751 0 719 157 2858 37 233 13 580 0 16 85 57 0 125 72 70 0 245 140 86 12 0 317 132 0 66 220 0 85 570 46 250 12 28 0 30 529 20 170 230 20 1202 51 0 12 83 23 12 2442 0 26 0 0 0 0 0 0 0 556 0 31 
463 50 116 308 2205 61 58 15 734 48 35 93 32 479 123 466 3000 9 113 668 237 117 1736 149 990 3000 0 13 93 134 55 96 75 1720 0 245 0 52 109 29 13 154 3000 511 12 181 196 411 3000 25 24 50 281 156 387 0 108 187 0 309 208 35 290 32 51 36 0 71 90 64 224 55 10 161 11 55 3000 264 95 16 
158 363 294 53 3000 31 2495 1266 14 18 47 16 36 225 39 291 596 136 263 134 976 17 41 2069 11 19 0 1131 171 0 24 1391 16 377 0 140 52 0 47 0 997 80 61 386 263 15 24 1387 76 0 90 16 62 25 27 0 24 531 0 411 256 59 40 134 36 114 1224 8 3000 13 101 40 87 3000 716 2965 116 1109 9 190 
41 29 224 1303 327 174 1547 450 8 1005 159 145 15 67 588 32 219 75 65 105 10 325 26 228 852 700 269 26 11 42 182 831 106 119 263 86 109 47 0 489 48 8 730 309 26 1948 157 862 71 174 371 65 125 277 480 19 103 9 44 107 349 33 231 193 8 244 0 11 50 1083 363 92 237 89 146 14 25 205 536 11 
38 506 12 0 117 0 8 9 0 0 56 37 0 0 15 88 9 0 320 3000 0 2465 139 319 51 477 3000 60 124 575 0 0 52 1377 299 12 29 0 489 0 60 132 114 1208 1633 0 84 1728 189 3000 1434 37 0 0 61 50 0 580 408 0 118 0 28 0 324 0 0 49 35 0 572 0 15 0 476 0 0 81 984 152 
3000 206 0 0 1289 22 0 0 0 0 120 545 214 12 1922 141 58 159 509 9 258 19 0 155 22 16 0 529 64 15 0 231 38 82 0 0 13 997 48 60 0 16 113 73 0 60 9 0 2157 10 0 28 0 254 718 0 0 0 0 0 0 0 15 0 8 0 0 26 20 1045 130 615 35 72 1509 75 97 27 900 88 
20 70 42 434 613 1048 33 102 19 26 99 26 11 123 144 10 673 8 56 63 129 234 40 17 1516 11 94 2857 15 37 13 29 30 98 48 317 154 80 8 132 16 0 61 391 34 35 82 97 10 918 10 89 938 8 10 1090 38 621 49 802 656 0 761 67 77 3000 0 13 94 22 8 999 128 135 1321 40 391 43 82 73 
1212 107 389 337 146 458 1908 116 397 178 8 8 71 245 54 40 106 18 182 19 385 22 46 28 52 113 293 94 238 74 1337 137 44 340 281 132 3000 61 730 114 113 61 0 32 8 129 3000 780 991 23 561 108 319 10 86 203 247 474 625 494 381 38 1248 3000 56 8 9 113 18 11 9 13 76 11 166 8 146 1076 160 48 
103 334 0 0 213 80 0 15 0 0 611 525 0 13 26 7 1019 33 179 43 0 40 0 9 48 155 14 56 7 39 0 0 79 105 0 0 511 386 309 1208 73 391 32 0 0 124 780 0 1546 44 0 976 0 0 7 0 0 0 137 0 0 0 1096 0 18 0 0 975 204 2581 138 1158 1058 0 103 53 528 386 8 138 
236 9 59 40 69 54 34 44 435 44 47 118 108 0 0 690 9 15 612 148 226 25 69 24 120 1414 63 0 814 331 39 275 74 277 326 66 12 263 26 1633 0 34 8 0 0 630 21 1913 1595 834 24 43 3000 17 137 114 3000 26 66 84 3000 398 0 19 220 41 21 31 102 171 179 170 20 86 23 24 1477 9 523 134 
44 40 360 115 929 156 21 3000 12 142 201 173 9 1569 399 98 8 9 100 0 142 39 1589 142 39 777 0 2139 788 0 16 12 188 9 0 220 181 15 1948 0 60 35 129 124 630 0 149 15 148 0 241 15 1328 29 0 0 207 142 0 75 148 90 2990 3000 53 86 2133 1650 415 17 225 104 139 146 0 366 913 66 14 32 
1428 930 1038 0 82 28 822 189 129 162 8 1411 11 32 1257 18 436 107 606 1745 81 79 0 492 168 1557 2605 20 313 306 0 225 2375 1049 0 0 196 24 157 84 9 82 3000 780 21 149 0 1084 35 15 14 15 0 742 342 0 0 151 0 12 231 0 142 0 1892 0 0 217 537 1423 7 18 822 1509 277 118 915 130 106 12 
254 264 118 13 590 7 41 15 212 387 89 135 2847 0 0 27 267 64 10 0 258 99 99 62 207 107 72 0 25 0 99 23 651 119 33 85 411 1387 862 1728 0 97 780 0 1913 15 1084 0 238 27 66 74 3000 38 8 262 3000 1078 122 68 17 218 0 311 113 597 280 1744 307 112 0 224 50 378 0 87 337 87 1905 340 
2016 67 22 0 111 360 233 121 3000 15 3000 35 686 49 78 32 10 105 308 96 265 7 10 3000 76 627 705 1780 76 237 0 34 54 137 1845 570 3000 76 71 189 2157 10 991 1546 1595 148 35 238 0 255 21 1033 0 21 317 111 0 117 7 214 185 0 75 236 20 0 0 3000 1902 91 114 54 46 584 108 84 69 38 569 24 
241 116 283 0 16 0 167 7 0 0 18 8 0 0 92 101 505 0 328 19 0 9 610 567 1984 750 1680 547 11 45 0 0 2223 609 41 46 25 0 174 3000 10 918 23 44 834 0 15 27 255 0 68 148 0 0 75 2457 0 73 15 0 16 0 21 0 177 0 0 155 3000 0 41 0 21 0 276 0 0 18 10 196 
99 63 234 54 0 0 1085 321 164 377 9 1772 0 0 0 46 8 33 570 478 86 186 7 531 203 28 18 0 176 287 422 0 703 2115 32 250 24 90 371 1434 0 10 561 0 24 241 14 66 21 68 0 40 49 0 7 154 162 13 375 1875 125 182 0 483 693 346 46 2537 13 130 0 0 0 0 37 0 0 2058 66 81 
91 26 13 18 71 60 25 3000 1901 8 84 48 29 8 1028 565 10 11 1485 290 45 580 19 944 482 8 13 290 175 33 184 3000 1216 171 94 12 50 16 65 37 28 89 108 976 43 15 15 74 1033 148 40 0 569 11 1223 539 625 217 43 79 132 39 3000 30 97 436 0 31 801 37 25 13 7 1618 2175 180 14 2801 27 1492 
2697 0 21 61 0 0 409 80 3000 10 385 0 65 0 0 949 0 17 0 0 863 0 245 280 740 81 0 0 72 0 951 119 270 0 0 28 281 62 125 0 0 938 319 0 3000 1328 0 3000 0 0 49 569 0 1636 0 74 194 246 0 226 20 1512 0 640 753 1081 26 0 0 131 0 0 0 3000 0 947 0 2088 0 13 
0 43 55 16 20 88 11 0 22 1054 2137 190 83 409 133 450 30 56 0 0 361 636 267 139 0 29 0 0 13 0 251 323 39 51 0 0 156 25 277 0 254 8 10 0 17 29 742 38 21 0 0 11 1636 0 0 0 55 588 0 14 332 0 3000 3000 115 524 0 34 281 10 619 56 2179 177 0 307 29 102 145 82 
25 7 125 0 165 0 480 18 0 0 52 10 0 0 24 72 160 29 231 164 0 788 0 28 933 1582 8 16 188 3000 0 0 39 52 29 30 387 27 480 61 718 10 86 7 137 0 342 8 317 75 7 1223 0 0 0 117 0 7 35 0 7 0 205 0 280 0 0 40 338 0 40 0 289 0 292 776 181 255 3000 3000 
545 0 31 0 0 0 23 1073 0 0 0 0 0 0 0 215 631 0 88 920 81 27 333 99 186 118 62 0 155 816 0 0 277 119 332 529 0 0 19 50 0 1090 203 0 114 0 0 262 111 2457 154 539 74 0 117 0 98 113 39 0 15 333 0 40 388 0 922 294 0 0 0 0 0 0 352 0 0 439 0 89 
93 0 82 8 0 0 2884 169 91 1163 352 0 11 0 0 12 0 44 0 0 10 0 40 2905 57 466 0 0 158 0 8 22 13 0 0 20 108 24 103 0 0 38 247 0 3000 207 0 3000 0 0 162 625 194 55 0 98 0 23 0 61 772 211 0 174 1378 1971 10 0 0 64 0 0 0 28 0 610 0 406 0 208 
327 355 18 367 264 45 160 173 29 699 1025 46 15 0 0 151 170 90 881 0 235 92 36 322 3000 18 18 0 62 37 116 18 14 26 50 170 187 531 9 580 0 621 474 0 26 142 151 1078 117 73 13 217 246 588 7 113 23 0 21 28 100 11 0 165 53 42 746 205 9 134 0 13 173 55 0 19 335 20 643 9 
414 0 7 0 0 0 12 707 0 0 0 0 0 0 0 890 64 0 79 76 0 32 431 67 12 29 796 53 234 106 0 0 3000 2637 216 230 0 0 44 408 0 49 625 137 66 0 0 122 7 15 375 43 0 0 35 39 0 21 0 0 1654 0 0 0 21 0 0 128 55 0 0 0 0 0 181 0 0 3000 0 247 
87 744 54 29 13 19 18 10 281 194 19 24 151 48 309 97 59 277 1561 0 189 127 336 183 21 242 0 0 17 0 237 25 60 432 0 20 309 411 107 0 0 802 494 0 84 75 12 68 214 0 1875 79 226 14 0 0 61 28 0 0 27 101 0 360 498 55 381 43 21 62 0 224 83 1166 0 58 14 38 121 23 
78 43 49 31 2138 18 1923 83 28 1216 45 2090 13 0 0 193 1231 104 12 0 2991 819 673 42 229 87 32 0 16 0 295 145 241 19 165 1202 208 256 349 118 0 656 381 0 3000 148 231 17 185 16 125 132 20 332 7 15 772 100 1654 27 0 95 0 55 505 54 14 100 53 58 0 131 16 3000 0 187 8 2106 333 552 
13 0 134 18 0 0 38 105 104 605 0 0 165 0 0 38 0 32 0 0 95 0 12 222 10 53 0 0 92 0 12 0 319 0 0 51 35 59 33 0 0 0 38 0 398 90 0 218 0 0 182 39 1512 0 0 333 211 11 0 101 95 0 0 72 48 1305 13 0 0 560 0 0 0 0 0 0 0 7 0 3000 
103 105 0 0 98 14 0 0 0 0 149 42 343 93 324 54 62 103 137 651 0 68 0 74 53 13 25 20 81 80 0 68 3000 597 0 0 290 40 231 28 15 761 1248 1096 0 2990 142 0 75 21 0 3000 0 3000 205 0 0 0 0 0 0 0 0 0 416 0 0 43 9 258 287 8 159 604 34 741 60 906 11 286 
761 72 19 127 11 2628 904 557 10 15 3000 889 59 0 0 375 119 87 9 0 30 284 1717 65 33 44 0 0 39 0 9 991 134 671 15 12 32 134 193 0 0 67 3000 0 19 3000 0 311 236 0 483 30 640 3000 0 40 174 165 0 360 55 72 0 0 10 358 29 14 140 266 0 139 35 45 0 10 87 305 1104 247 
73 79 676 210 675 157 33 35 25 816 38 204 69 133 22 3000 601 12 188 938 249 13 719 86 169 11 89 23 100 97 16 212 868 21 208 83 51 36 8 324 8 77 56 18 220 53 1892 113 20 177 693 97 753 115 280 388 1378 53 21 498 505 48 416 10 0 974 55 508 1488 37 38 14 173 21 38 59 39 483 41 59 
0 32 135 276 36 432 94 0 9 97 107 306 169 212 0 190 138 45 0 0 35 0 50 110 0 177 0 0 296 0 48 93 160 140 0 23 36 114 244 0 0 3000 8 0 41 86 0 597 0 0 346 436 1081 524 0 0 1971 42 0 55 54 1305 0 358 974 0 20 3000 0 502 0 28 14 26 0 3000 278 170 0 10 
33 0 8 65 0 0 2833 31 2053 39 0 0 0 0 0 577 0 0 0 0 37 0 3000 24 3000 0 0 0 2469 0 532 0 2545 0 0 12 0 1224 0 0 0 0 9 0 21 2133 0 280 0 0 46 0 26 0 0 922 10 746 0 381 14 13 0 29 55 20 0 0 0 0 0 0 0 0 0 0 0 158 0 50 
503 86 19 0 54 33 520 25 179 7 1296 151 29 27 30 3000 168 153 120 27 116 88 20 748 13 212 70 19 211 1433 23 14 53 60 27 2442 71 8 11 49 26 13 113 975 31 1650 217 1744 3000 155 2537 31 0 34 40 294 0 205 128 43 100 0 43 14 508 3000 0 0 136 64 30 15 11 13 866 95 3000 32 59 59 
259 11 61 0 82 15 112 8 0 30 16 80 3000 18 81 1744 424 80 29 174 354 19 0 1593 38 35 144 149 39 41 0 34 25 23 10 0 90 3000 50 35 20 94 18 204 102 415 537 307 1902 3000 13 801 0 281 338 0 0 9 55 21 53 0 9 140 1488 0 0 136 0 201 196 538 146 2034 517 57 92 19 52 2315 
190 217 218 166 45 256 110 0 1390 223 342 869 848 61 253 1167 683 494 1484 0 297 489 126 226 0 20 0 223 195 0 383 82 15 14 0 26 64 13 1083 0 1045 22 11 2581 171 17 1423 112 91 0 130 37 131 10 0 0 64 134 0 62 58 560 258 266 37 502 0 64 201 0 26 134 494 788 0 477 574 109 938 52 
1982 243 55 0 503 2300 0 379 0 0 90 550 425 16 422 423 2439 129 547 26 26 405 0 42 127 213 357 76 13 1791 0 894 784 230 0 0 224 101 363 572 130 8 9 138 179 225 7 0 114 41 0 25 0 619 40 0 0 0 0 0 0 0 287 0 38 0 0 30 196 26 0 181 1221 85 63 13 57 282 815 899 
0 269 279 59 7 903 3000 0 30 748 398 37 1040 37 78 117 208 619 20 623 632 126 0 16 0 419 0 84 93 0 823 1256 1114 24 0 0 55 40 92 0 615 999 13 1158 170 104 18 224 54 0 0 13 0 56 0 0 0 13 0 224 131 0 8 139 14 28 0 15 538 134 181 0 16 14 0 1342 159 757 496 1574 
141 89 210 0 13 9 257 0 1396 71 206 1061 148 508 8 166 42 17 121 123 23 115 0 13 11 197 0 669 58 196 0 1566 31 490 0 0 10 87 237 15 35 128 76 1058 20 139 822 50 46 21 0 7 0 2179 289 0 0 173 0 83 16 0 159 35 173 14 0 11 146 494 1221 16 0 192 19 697 98 157 250 1129 
0 189 280 1097 34 266 25 0 35 105 69 8 141 103 217 263 25 3000 0 0 1725 19 75 36 0 401 0 0 8 0 45 1012 33 84 0 0 161 3000 89 0 72 135 11 0 86 146 1509 378 584 0 0 1618 3000 177 0 0 28 55 0 1166 3000 0 604 45 21 26 0 13 2034 788 85 14 192 0 0 444 412 50 9 0 
450 2581 0 0 443 0 0 20 0 0 50 22 0 8 7 47 193 11 119 161 0 40 0 42 89 169 148 155 22 80 0 0 856 7 829 0 11 716 146 476 1509 1321 166 103 23 0 277 0 108 276 37 2175 0 0 292 352 0 0 181 0 0 0 34 0 38 0 0 866 517 0 63 0 19 0 0 23 41 321 444 209 
11 515 16 200 74 272 96 0 51 58 46 357 33 1761 121 373 43 73 426 681 290 3000 190 13 492 33 0 91 197 0 41 16 35 8 0 0 55 2965 14 0 75 40 8 53 24 366 118 87 84 0 0 180 947 307 776 0 610 19 0 58 187 0 741 10 59 3000 0 95 57 477 13 1342 697 444 23 0 32 178 142 9 
1064 976 47 467 30 314 10 0 89 8 46 55 378 19 156 1404 23 561 78 161 226 70 0 12 0 25 0 63 1012 0 212 102 470 90 0 0 3000 116 25 0 97 391 146 528 1477 913 915 337 69 0 0 14 0 29 181 0 0 335 0 14 8 0 60 87 39 278 0 3000 92 574 57 159 98 412 41 32 0 131 169 1389 
53 964 1545 95 9 120 315 199 2340 2543 42 296 153 244 51 219 1633 94 12 187 33 113 164 106 1510 172 545 43 656 19 1243 541 76 35 52 556 264 1109 205 81 27 43 1076 386 9 66 130 87 38 18 2058 2801 2088 102 255 439 406 20 3000 38 2106 7 906 305 483 170 158 32 19 109 282 757 157 50 321 178 131 0 2264 17 
667 382 865 0 138 1419 11 683 12 642 62 89 65 32 20 265 3000 24 50 194 11 49 247 37 453 3000 9 69 1353 3000 0 226 9 26 0 0 95 9 536 984 900 82 160 8 523 14 106 1905 569 10 66 27 0 145 3000 0 0 643 0 121 333 0 11 1104 41 0 0 59 52 938 815 496 250 9 444 142 169 2264 0 469 
