80
0 60 70 71 61 73 33 43 27 72 14 59 76 17 26 50 33 36 55 48 69 66 37 51 65 28 53 55 34 69 69 13 39 78 105 67 27 75 79 61 68 63 75 33 50 29 26 30 93 82 88 18 21 63 67 31 8 24 26 71 60 42 83 93 31 6 59 72 33 19 67 59 75 38 87 68 25 73 19 76 
60 0 110 29 2 110 27 37 79 105 56 83 89 76 64 67 37 85 11 81 12 60 47 9 16 32 11 37 73 29 113 71 55 121 93 40 75 108 60 110 56 4 32 80 11 87 76 46 77 80 87 43 39 39 102 29 60 44 50 47 21 48 73 79 46 65 79 115 32 58 101 50 41 66 66 109 53 80 61 25 
70 110 0 101 110 7 90 74 43 13 84 32 44 69 48 47 73 34 100 29 114 67 63 102 105 84 109 81 38 100 8 59 55 13 86 87 89 14 83 18 74 114 105 36 106 52 88 64 85 64 65 74 85 84 10 89 77 69 61 86 97 63 74 83 64 67 38 7 79 56 13 71 97 44 88 3 58 53 87 113 
71 29 101 0 27 100 43 31 81 93 72 71 71 87 64 55 39 84 22 73 22 40 42 30 13 45 39 21 70 2 107 79 48 114 66 16 92 96 33 106 34 32 5 79 38 93 93 45 49 57 63 53 55 17 92 46 74 48 51 21 11 39 48 52 45 76 65 107 37 62 90 31 12 60 38 101 54 60 79 12 
61 2 110 27 0 110 28 37 80 105 57 83 89 77 65 66 37 85 11 81 9 59 47 10 14 33 13 36 74 27 114 73 55 122 92 39 77 108 58 110 55 5 30 81 14 88 78 46 75 79 86 44 41 38 103 30 62 44 51 45 20 48 72 77 46 67 79 115 33 59 101 49 39 66 64 109 54 79 63 22 
73 110 7 100 110 0 91 74 47 8 87 30 39 73 50 45 74 38 100 30 114 64 63 103 104 86 110 80 40 98 15 63 55 16 81 85 93 7 80 24 71 115 103 40 107 57 92 65 80 60 60 76 87 83 8 91 81 70 62 84 96 63 70 79 65 71 35 12 79 59 10 69 94 44 84 9 59 49 91 112 
33 27 90 43 28 91 0 27 54 87 30 68 79 49 42 52 19 61 23 62 37 56 31 18 35 6 21 36 52 42 92 45 39 100 95 45 50 90 63 87 55 30 48 56 18 61 51 26 79 76 82 17 13 42 84 3 34 21 29 51 32 35 72 81 27 39 65 94 14 34 83 46 51 47 71 88 32 72 36 46 
43 37 74 31 37 74 27 0 50 68 49 46 53 59 33 29 11 54 26 45 40 28 11 31 31 25 40 12 40 29 78 50 19 86 67 23 68 71 37 76 28 42 35 49 37 63 68 15 53 49 55 27 34 19 66 29 49 20 21 28 23 11 45 54 14 48 42 79 14 31 64 19 32 31 45 73 23 45 56 40 
27 79 43 81 80 47 54 50 0 47 41 41 59 27 17 39 43 9 71 28 86 61 39 70 79 48 75 61 16 79 42 16 35 50 96 71 47 50 77 34 66 83 85 8 72 16 46 35 87 71 76 36 45 68 41 53 34 35 30 73 72 43 76 87 36 25 43 45 47 20 42 59 81 26 85 41 27 61 45 89 
72 105 13 93 105 8 87 68 47 0 86 23 31 74 48 39 70 39 95 26 108 57 58 98 98 82 106 73 38 92 22 63 50 24 73 78 94 3 72 30 63 110 96 40 103 59 93 61 72 52 52 73 84 76 6 87 80 67 58 76 90 57 62 71 60 71 28 20 75 56 5 63 87 40 77 16 56 41 91 105 
14 56 84 72 57 87 30 49 41 86 0 72 88 23 40 62 38 50 53 62 66 74 45 48 65 27 47 60 48 71 83 26 49 92 114 71 20 89 86 75 76 58 77 47 45 40 21 38 101 92 98 23 17 67 81 28 7 30 35 76 61 51 92 102 39 17 72 86 37 31 81 67 79 51 94 82 36 85 7 76 
59 83 32 71 83 30 68 46 41 23 72 0 18 66 33 17 49 36 73 13 86 35 37 77 76 63 85 51 26 69 39 54 29 45 59 56 84 25 51 42 41 88 74 33 82 56 84 41 54 35 37 55 67 53 22 68 67 48 40 54 67 35 43 53 41 60 6 39 54 41 20 40 65 22 56 33 38 23 78 82 
76 89 44 71 89 39 79 53 59 31 88 18 0 84 50 27 59 54 78 32 89 32 48 84 79 75 93 54 44 70 52 72 40 55 42 55 102 32 44 58 38 94 73 52 90 74 101 53 42 21 21 69 80 54 34 80 84 61 54 51 71 44 32 40 52 77 17 50 65 57 31 41 63 38 47 45 52 12 94 83 
17 76 69 87 77 73 49 59 27 74 23 66 84 0 35 61 49 35 71 54 86 79 52 68 82 45 69 71 40 86 66 12 52 74 117 83 20 77 94 57 82 79 92 35 66 19 19 45 106 93 99 35 37 79 68 47 17 40 40 86 77 57 96 107 46 11 68 69 50 30 69 74 92 47 102 66 38 84 23 93 
26 64 48 64 65 50 42 33 17 48 40 33 50 35 0 25 28 21 56 22 71 45 22 56 63 36 62 44 10 62 50 23 18 58 82 54 52 50 61 45 49 69 68 16 59 32 51 19 72 58 63 26 37 50 43 41 34 21 14 56 56 26 61 72 19 27 33 52 32 9 43 42 64 12 69 47 11 49 45 73 
50 67 47 55 66 45 52 29 39 39 62 17 27 61 25 0 33 38 56 19 69 23 21 60 59 48 69 34 24 53 53 49 14 59 57 40 76 42 40 53 29 71 58 34 65 55 76 26 48 33 38 42 53 38 38 53 58 34 27 40 51 19 37 48 26 52 12 53 39 32 36 25 50 14 47 47 26 23 68 66 
33 37 73 39 37 74 19 11 43 70 38 49 59 49 28 33 0 48 28 44 43 38 12 29 36 15 36 23 37 37 77 40 20 85 78 34 57 72 48 73 39 41 43 44 33 55 57 9 64 58 64 15 23 30 66 20 38 9 14 39 29 16 55 65 9 38 46 78 5 23 65 29 43 30 56 72 17 53 45 46 
36 85 34 84 85 38 61 54 9 39 50 36 54 35 21 38 48 0 76 22 91 60 42 76 84 55 81 64 14 82 33 25 37 42 93 73 55 41 77 26 66 89 88 5 78 21 54 40 86 68 72 43 53 70 33 60 43 41 35 75 76 45 74 85 40 33 39 36 53 26 34 60 83 26 84 32 31 57 53 94 
55 11 100 22 11 100 23 26 71 95 53 73 78 71 56 56 28 76 0 71 15 49 37 8 12 27 18 26 64 22 104 65 45 112 83 31 73 97 50 101 46 15 26 71 16 81 74 37 67 70 76 37 36 29 92 26 57 36 41 37 12 37 63 69 37 60 68 105 24 51 91 39 33 56 56 99 45 69 59 23 
48 81 29 73 81 30 62 45 28 26 62 13 32 54 22 19 44 22 71 0 85 42 34 73 76 56 81 52 14 71 34 42 26 41 71 59 72 28 59 34 48 85 76 20 78 43 71 36 65 46 50 47 59 56 22 62 56 41 33 59 68 34 53 64 35 48 17 35 50 31 21 44 69 15 65 29 30 35 67 84 
69 12 114 22 9 114 37 40 86 108 66 86 89 86 71 69 43 91 15 85 0 59 51 18 10 41 22 36 79 23 118 80 59 126 88 36 86 110 55 115 54 11 24 86 23 96 87 52 71 78 84 52 49 36 106 39 70 51 56 42 18 51 69 74 51 75 81 119 39 66 104 49 34 71 60 113 60 79 72 14 
66 60 67 40 59 64 56 28 61 57 74 35 32 79 45 23 38 60 49 42 59 0 29 56 48 53 66 24 46 38 73 67 27 79 40 24 92 59 17 75 7 64 41 56 63 76 92 36 27 20 27 52 62 23 57 57 73 44 40 20 40 24 17 28 35 69 29 73 42 49 55 11 31 35 24 67 41 20 81 52 
37 47 63 42 47 63 31 11 39 58 45 37 48 52 22 21 12 42 37 34 51 29 0 40 43 27 48 22 29 40 67 41 9 75 69 32 63 61 42 65 31 51 46 37 45 53 63 7 56 47 53 23 34 28 56 32 44 15 12 35 35 5 46 57 6 41 34 68 17 22 54 22 42 20 50 63 13 41 52 52 
51 9 102 30 10 103 18 31 70 98 48 77 84 68 56 60 29 76 8 73 18 56 40 0 19 23 10 33 65 30 105 63 48 114 91 39 67 101 58 102 53 13 34 72 8 79 68 38 75 77 83 35 31 36 95 21 52 35 42 45 20 41 70 77 38 57 72 107 24 50 94 46 41 59 65 101 45 75 53 29 
65 16 105 13 14 104 35 31 79 98 65 76 79 82 63 59 36 84 12 76 10 48 43 19 0 38 27 26 71 13 110 75 50 117 78 26 84 101 45 107 43 19 16 79 26 90 85 44 61 67 73 47 47 26 97 37 68 45 50 32 8 42 59 64 44 71 71 110 33 59 95 38 25 62 50 105 53 69 71 11 
28 32 84 45 33 86 6 25 48 82 27 63 75 45 36 48 15 55 27 56 41 53 27 23 38 0 27 35 46 44 86 40 34 95 93 45 47 85 62 81 53 35 50 51 24 55 48 22 78 73 79 12 10 42 78 5 30 15 23 51 34 31 70 79 22 34 60 88 11 29 77 44 52 42 70 83 26 68 34 49 
53 11 109 39 13 110 21 40 75 106 47 85 93 69 62 69 36 81 18 81 22 66 48 10 27 27 0 42 72 39 112 65 56 120 101 48 65 108 68 107 63 12 42 77 3 81 67 45 85 86 93 38 32 46 103 22 52 41 48 55 29 50 80 87 45 59 81 114 31 55 101 55 51 66 74 108 52 84 52 36 
55 37 81 21 36 80 36 12 61 73 60 51 54 71 44 34 23 64 26 52 36 24 22 33 26 35 42 0 50 19 86 62 28 93 60 11 80 76 27 85 20 41 25 59 40 75 80 27 44 44 50 38 45 7 72 38 61 32 33 16 17 19 38 45 26 60 45 86 24 43 70 13 20 39 35 81 35 43 67 32 
34 73 38 70 74 40 52 40 16 38 48 26 44 40 10 24 37 14 64 14 79 46 29 65 71 46 72 50 0 69 40 28 22 49 80 59 58 41 63 36 51 78 74 10 69 31 58 28 72 56 60 35 47 55 33 51 42 31 23 60 63 31 61 72 28 34 28 42 41 18 33 45 69 11 70 37 20 45 53 80 
69 29 100 2 27 98 42 29 79 92 71 69 70 86 62 53 37 82 22 71 23 38 40 30 13 44 39 19 69 0 105 78 47 112 65 15 91 94 32 104 32 32 6 78 38 92 92 44 48 56 62 51 54 16 91 45 73 47 50 20 11 38 47 51 43 75 63 105 36 60 89 29 12 58 37 100 52 58 78 14 
69 113 8 107 114 15 92 78 42 22 83 39 52 66 50 53 77 33 104 34 118 73 67 105 110 86 112 86 40 105 0 58 59 9 94 93 86 22 90 11 80 118 110 36 109 48 85 68 92 72 73 75 86 90 18 91 76 71 64 92 101 68 81 91 67 66 45 3 82 58 20 77 103 48 95 6 60 61 86 118 
13 71 59 79 73 63 45 50 16 63 26 54 72 12 23 49 40 25 65 42 80 67 41 63 75 40 65 62 28 78 58 0 40 66 105 73 31 66 82 49 71 75 84 24 63 16 30 35 95 81 86 28 34 69 58 43 19 31 29 76 69 46 84 95 36 9 55 60 43 19 58 63 82 35 90 57 27 72 29 86 
39 55 55 48 55 55 39 19 35 50 49 29 40 52 18 14 20 37 45 26 59 27 9 48 50 34 56 28 22 47 59 40 0 67 66 37 65 52 43 58 31 60 52 32 53 50 65 13 55 43 49 29 40 33 47 40 46 21 14 38 42 9 44 55 12 42 26 60 26 21 46 24 47 12 51 54 14 36 56 59 
78 121 13 114 122 16 100 86 50 24 92 45 55 74 58 59 85 42 112 41 126 79 75 114 117 95 120 93 49 112 9 66 67 0 97 100 94 24 95 18 86 126 117 45 117 56 93 76 97 76 76 84 94 97 23 100 85 80 72 99 109 75 86 95 75 75 51 7 90 66 25 84 109 56 100 13 69 65 95 125 
105 93 86 66 92 81 95 67 96 73 114 59 42 117 82 57 78 93 83 71 88 40 69 91 78 93 101 60 80 65 94 105 66 97 0 53 131 73 33 100 40 96 65 89 99 112 131 76 17 25 21 92 101 55 76 96 112 84 79 46 72 64 23 14 75 108 54 92 81 87 74 49 54 71 28 88 80 36 121 76 
67 40 87 16 39 85 45 23 71 78 71 56 55 83 54 40 34 73 31 59 36 24 32 39 26 45 48 11 59 15 93 73 37 100 53 0 91 81 19 93 18 44 18 68 46 85 91 38 36 41 48 49 55 4 78 48 72 43 43 6 19 28 33 39 37 72 50 93 35 54 76 16 10 48 26 87 46 44 78 28 
27 75 89 92 77 93 50 68 47 94 20 84 102 20 52 76 57 55 73 72 86 92 63 67 84 47 65 80 58 91 86 31 65 94 131 91 0 96 105 77 94 77 97 54 64 38 2 56 119 108 114 41 37 87 88 47 19 49 52 96 81 68 109 120 57 24 85 89 56 45 89 85 99 64 113 86 52 100 14 95 
75 108 14 96 108 7 90 71 50 3 89 25 32 77 50 42 72 41 97 28 110 59 61 101 101 85 108 76 41 94 22 66 52 24 73 81 96 0 74 31 65 112 99 42 105 61 95 64 74 53 53 75 87 78 8 90 82 69 61 79 92 60 63 72 63 73 31 20 78 59 8 65 90 43 78 16 59 42 93 108 
79 60 83 33 58 80 63 37 77 72 86 51 44 94 61 40 48 77 50 59 55 17 42 58 45 62 68 27 63 32 90 82 43 95 33 19 105 74 0 92 11 63 33 73 66 92 105 49 17 26 31 63 71 22 73 65 85 56 54 13 39 37 15 19 48 83 45 89 51 63 71 20 22 52 8 84 55 32 93 45 
61 110 18 106 110 24 87 76 34 30 75 42 58 57 45 53 73 26 101 34 115 75 65 102 107 81 107 85 36 104 11 49 58 18 100 93 77 31 92 0 82 114 110 30 104 38 75 64 97 77 79 70 79 90 25 86 68 67 59 93 100 66 85 96 64 58 48 14 78 52 27 78 103 46 98 15 56 65 78 116 
68 56 74 34 55 71 55 28 66 63 76 41 38 82 49 29 39 66 46 48 54 7 31 53 43 53 63 20 51 32 80 71 31 86 40 18 94 65 11 82 0 60 35 61 60 81 94 38 25 24 30 53 62 18 64 57 75 46 43 14 36 26 17 26 37 72 35 80 42 52 61 9 25 40 19 74 44 26 83 46 
63 4 114 32 5 115 30 42 83 110 58 88 94 79 69 71 41 89 15 85 11 64 51 13 19 35 12 41 78 32 118 75 60 126 96 44 77 112 63 114 60 0 34 84 13 91 78 50 80 84 91 47 42 43 107 32 63 48 55 50 25 52 77 82 50 69 83 119 36 63 105 54 44 71 69 113 58 84 63 25 
75 32 105 5 30 103 48 35 85 96 77 74 73 92 68 58 43 88 26 76 24 41 46 34 16 50 42 25 74 6 110 84 52 117 65 18 97 99 33 110 35 34 0 83 42 98 98 50 48 58 64 57 60 20 95 50 79 53 55 22 16 43 48 51 49 81 68 111 42 66 93 34 12 64 37 105 58 62 83 12 
33 80 36 79 81 40 56 49 8 40 47 33 52 35 16 34 44 5 71 20 86 56 37 72 79 51 77 59 10 78 36 24 32 45 89 68 54 42 73 30 61 84 83 0 74 23 53 35 81 65 69 39 49 65 34 56 41 36 30 70 72 40 70 81 35 32 36 39 48 22 34 55 79 21 80 34 27 54 51 89 
50 11 106 38 14 107 18 37 72 103 45 82 90 66 59 65 33 78 16 78 23 63 45 8 26 24 3 40 69 38 109 63 53 117 99 46 64 105 66 104 60 13 42 74 0 79 65 42 83 84 90 35 29 44 99 20 50 38 45 53 28 47 78 85 42 56 78 110 28 52 98 53 49 63 72 105 48 82 50 35 
29 87 52 93 88 57 61 63 16 59 40 56 74 19 32 55 55 21 81 43 96 76 53 79 90 55 81 75 31 92 48 16 50 56 112 85 38 61 92 38 81 91 98 23 79 0 37 48 103 87 92 44 50 81 53 59 33 45 42 88 84 57 92 103 48 24 59 51 57 32 54 74 95 42 100 49 40 77 41 101 
26 76 88 93 78 92 51 68 46 93 21 84 101 19 51 76 57 54 74 71 87 92 63 68 85 48 67 80 58 92 85 30 65 93 131 91 2 95 105 75 94 78 98 53 65 37 0 56 119 108 114 42 38 87 87 48 20 49 52 96 82 68 109 120 57 24 84 88 57 45 88 85 99 63 113 85 51 100 15 96 
30 46 64 45 46 65 26 15 35 61 38 41 53 45 19 26 9 40 37 36 52 36 7 38 44 22 45 27 28 44 68 35 13 76 76 38 56 64 49 64 38 50 50 35 42 48 56 0 63 54 61 16 27 34 58 27 36 8 6 42 37 13 54 64 1 34 38 69 14 16 57 29 47 21 57 63 9 48 45 54 
93 77 85 49 75 80 79 53 87 72 101 54 42 106 72 48 64 86 67 65 71 27 56 75 61 78 85 44 72 48 92 95 55 97 17 36 119 74 17 97 25 80 48 81 83 103 119 63 0 21 22 78 87 39 75 81 99 70 67 30 56 50 11 3 62 96 49 91 66 76 72 34 37 61 11 86 68 32 108 60 
82 80 64 57 79 60 76 49 71 52 92 35 21 93 58 33 58 68 70 46 78 20 47 77 67 73 86 44 56 56 72 81 43 76 25 41 108 53 26 77 24 84 58 65 84 87 108 54 21 0 7 71 81 42 54 77 89 62 57 36 60 42 12 19 53 85 30 71 62 64 52 31 47 46 27 66 57 11 99 69 
88 87 65 63 86 60 82 55 76 52 98 37 21 99 63 38 64 72 76 50 84 27 53 83 73 79 93 50 60 62 73 86 49 76 21 48 114 53 31 79 30 91 64 69 90 92 114 61 22 7 0 77 87 48 55 84 95 68 63 42 66 49 16 20 59 90 33 71 68 69 52 37 52 51 31 67 63 15 105 75 
18 43 74 53 44 76 17 27 36 73 23 55 69 35 26 42 15 43 37 47 52 52 23 35 47 12 38 38 35 51 75 28 29 84 92 49 41 75 63 70 53 47 57 39 35 44 42 16 78 71 77 0 12 45 68 16 22 8 15 54 42 28 69 79 17 24 53 77 15 17 68 44 58 33 72 72 17 64 29 58 
21 39 85 55 41 87 13 34 45 84 17 67 80 37 37 53 23 53 36 59 49 62 34 31 47 10 32 45 47 54 86 34 40 94 101 55 37 87 71 79 62 42 60 49 29 50 38 27 87 81 87 12 0 51 80 10 21 19 27 61 44 38 79 88 28 27 65 88 21 28 79 53 62 45 79 83 29 75 24 58 
63 39 84 17 38 83 42 19 68 76 67 53 54 79 50 38 30 70 29 56 36 23 28 36 26 42 46 7 55 16 90 69 33 97 55 4 87 78 22 90 18 43 20 65 44 81 87 34 39 42 48 45 51 0 75 44 68 39 39 9 18 25 34 41 33 67 48 90 31 50 73 14 14 45 29 85 42 43 74 30 
67 102 10 92 103 8 84 66 41 6 81 22 34 68 43 38 66 33 92 22 106 57 56 95 97 78 103 72 33 91 18 58 47 23 76 78 88 8 73 25 64 107 95 34 99 53 87 58 75 54 55 68 80 75 0 83 75 63 55 76 88 55 64 73 57 65 28 17 72 52 2 62 87 37 78 12 52 43 85 104 
31 29 89 46 30 91 3 29 53 87 28 68 80 47 41 53 20 60 26 62 39 57 32 21 37 5 22 38 51 45 91 43 40 100 96 48 47 90 65 86 57 32 50 56 20 59 48 27 81 77 84 16 10 44 83 0 31 21 29 53 34 36 74 83 28 37 65 93 16 34 83 48 54 47 73 88 32 73 34 48 
8 60 77 74 62 81 34 49 34 80 7 67 84 17 34 58 38 43 57 56 70 73 44 52 68 30 52 61 42 73 76 19 46 85 112 72 19 82 85 68 75 63 79 41 50 33 20 36 99 89 95 22 21 68 75 31 0 29 33 76 63 49 90 100 37 10 67 79 37 26 75 66 80 46 93 75 33 81 11 79 
24 44 69 48 44 70 21 20 35 67 30 48 61 40 21 34 9 41 36 41 51 44 15 35 45 15 41 32 31 47 71 31 21 80 84 43 49 69 56 67 46 48 53 36 38 45 49 8 70 62 68 8 19 39 63 21 29 0 8 47 38 20 61 71 9 29 46 73 12 15 62 36 52 27 64 68 11 56 37 55 
26 50 61 51 51 62 29 21 30 58 35 40 54 40 14 27 14 35 41 33 56 40 12 42 50 23 48 33 23 50 64 29 14 72 79 43 52 61 54 59 43 55 55 30 45 42 52 6 67 57 63 15 27 39 55 29 33 8 0 47 42 17 57 68 6 29 38 65 18 11 54 34 53 18 62 60 3 49 42 60 
71 47 86 21 45 84 51 28 73 76 76 54 51 86 56 40 39 75 37 59 42 20 35 45 32 51 55 16 60 20 92 76 38 99 46 6 96 79 13 93 14 50 22 70 53 88 96 42 30 36 42 54 61 9 76 53 76 47 47 0 26 31 27 32 41 75 48 92 40 57 74 15 11 49 20 86 49 40 83 33 
60 21 97 11 20 96 32 23 72 90 61 67 71 77 56 51 29 76 12 68 18 40 35 20 8 34 29 17 63 11 101 69 42 109 72 19 81 92 39 100 36 25 16 72 28 84 82 37 56 60 66 42 44 18 88 34 63 38 42 26 0 33 52 58 37 66 62 102 27 52 87 30 21 54 45 96 45 61 67 17 
42 48 63 39 48 63 35 11 43 57 51 35 44 57 26 19 16 45 37 34 51 24 5 41 42 31 50 19 31 38 68 46 9 75 64 28 68 60 37 66 26 52 43 40 47 57 68 13 50 42 49 28 38 25 55 36 49 20 17 31 33 0 41 51 12 46 31 69 21 27 54 17 39 21 45 63 18 37 57 50 
83 73 74 48 72 70 72 45 76 62 92 43 32 96 61 37 55 74 63 53 69 17 46 70 59 70 80 38 61 47 81 84 44 86 23 33 109 63 15 85 17 77 48 70 78 92 109 54 11 12 16 69 79 34 64 74 90 61 57 27 52 41 0 11 53 86 38 81 59 65 61 26 37 50 15 75 58 21 98 60 
93 79 83 52 77 79 81 54 87 71 102 53 40 107 72 48 65 85 69 64 74 28 57 77 64 79 87 45 72 51 91 95 55 95 14 39 120 72 19 96 26 82 51 81 85 103 120 64 3 19 20 79 88 41 73 83 100 71 68 32 58 51 11 0 63 97 48 90 68 76 71 35 40 61 14 85 69 30 109 63 
31 46 64 45 46 65 27 14 36 60 39 41 52 46 19 26 9 40 37 35 51 35 6 38 44 22 45 26 28 43 67 36 12 75 75 37 57 63 48 64 37 50 49 35 42 48 57 1 62 53 59 17 28 33 57 28 37 9 6 41 37 12 53 63 0 35 38 69 15 17 56 28 47 20 56 63 9 47 46 54 
6 65 67 76 67 71 39 48 25 71 17 60 77 11 27 52 38 33 60 48 75 69 41 57 71 34 59 60 34 75 66 9 42 75 108 72 24 73 83 58 72 69 81 32 56 24 24 34 96 85 90 24 27 67 65 37 10 29 29 75 66 46 86 97 35 0 60 69 39 21 66 63 81 39 91 65 28 76 20 82 
59 79 38 65 79 35 65 42 43 28 72 6 17 68 33 12 46 39 68 17 81 29 34 72 71 60 81 45 28 63 45 55 26 51 54 50 85 31 45 48 35 83 68 36 78 59 84 38 49 30 33 53 65 48 28 65 67 46 38 48 62 31 38 48 38 60 0 44 51 41 26 34 59 21 50 39 36 19 78 77 
72 115 7 107 115 12 94 79 45 20 86 39 50 69 52 53 78 36 105 35 119 73 68 107 110 88 114 86 42 105 3 60 60 7 92 93 89 20 89 14 80 119 111 39 110 51 88 69 91 71 71 77 88 90 17 93 79 73 65 92 102 69 81 90 69 69 44 0 83 60 19 77 103 49 95 6 62 60 89 118 
33 32 79 37 33 79 14 14 47 75 37 54 65 50 32 39 5 53 24 50 39 42 17 24 33 11 31 24 41 36 82 43 26 90 81 35 56 78 51 78 42 36 42 48 28 57 57 14 66 62 68 15 21 31 72 16 37 12 18 40 27 21 59 68 15 39 51 83 0 27 71 33 43 35 58 78 22 57 43 44 
19 58 56 62 59 59 34 31 20 56 31 41 57 30 9 32 23 26 51 31 66 49 22 50 59 29 55 43 18 60 58 19 21 66 87 54 45 59 63 52 52 63 66 22 52 32 45 16 76 64 69 17 28 50 52 34 26 15 11 57 52 27 65 76 17 21 41 60 27 0 51 44 64 20 71 55 8 55 37 70 
67 101 13 90 101 10 83 64 42 5 81 20 31 69 43 36 65 34 91 21 104 55 54 94 95 77 101 70 33 89 20 58 46 25 74 76 89 8 71 27 61 105 93 34 98 54 88 57 72 52 52 68 79 73 2 83 75 62 54 74 87 54 61 71 56 66 26 19 71 51 0 60 85 36 75 14 51 40 85 102 
59 50 71 31 49 69 46 19 59 63 67 40 41 74 42 25 29 60 39 44 49 11 22 46 38 44 55 13 45 29 77 63 24 84 49 16 85 65 20 78 9 54 34 55 53 74 85 29 34 31 37 44 53 14 62 48 66 36 34 15 30 17 26 35 28 63 34 77 33 44 60 0 25 34 28 72 35 30 74 43 
75 41 97 12 39 94 51 32 81 87 79 65 63 92 64 50 43 83 33 69 34 31 42 41 25 52 51 20 69 12 103 82 47 109 54 10 99 90 22 103 25 44 12 79 49 95 99 47 37 47 52 58 62 14 87 54 80 52 53 11 21 39 37 40 47 81 59 103 43 64 85 25 0 58 26 97 55 51 86 23 
38 66 44 60 66 44 47 31 26 40 51 22 38 47 12 14 30 26 56 15 71 35 20 59 62 42 66 39 11 58 48 35 12 56 71 48 64 43 52 46 40 71 64 21 63 42 63 21 61 46 51 33 45 45 37 47 46 27 18 49 54 21 50 61 20 39 21 49 35 20 36 34 58 0 59 43 16 37 56 71 
87 66 88 38 64 84 71 45 85 77 94 56 47 102 69 47 56 84 56 65 60 24 50 65 50 70 74 35 70 37 95 90 51 100 28 26 113 78 8 98 19 69 37 80 72 100 113 57 11 27 31 72 79 29 78 73 93 64 62 20 45 45 15 14 56 91 50 95 58 71 75 28 26 59 0 89 63 36 101 49 
68 109 3 101 109 9 88 73 41 16 82 33 45 66 47 47 72 32 99 29 113 67 63 101 105 83 108 81 37 100 6 57 54 13 88 87 86 16 84 15 74 113 105 34 105 49 85 63 86 66 67 72 83 85 12 88 75 68 60 86 96 63 75 85 63 65 39 6 78 55 14 72 97 43 89 0 57 54 85 113 
25 53 58 54 54 59 32 23 27 56 36 38 52 38 11 26 17 31 45 30 60 41 13 45 53 26 52 35 20 52 60 27 14 69 80 46 52 59 55 56 44 58 58 27 48 40 51 9 68 57 63 17 29 42 52 32 33 11 3 49 45 18 58 69 9 28 36 62 22 8 51 35 55 16 63 57 0 49 42 63 
73 80 53 60 79 49 72 45 61 41 85 23 12 84 49 23 53 57 69 35 79 20 41 75 69 68 84 43 45 58 61 72 36 65 36 44 100 42 32 65 26 84 62 54 82 77 100 48 32 11 15 64 75 43 43 73 81 56 49 40 61 37 21 30 47 76 19 60 57 55 40 30 51 37 36 54 49 0 91 72 
19 61 87 79 63 91 36 56 45 91 7 78 94 23 45 68 45 53 59 67 72 81 52 53 71 34 52 67 53 78 86 29 56 95 121 78 14 93 93 78 83 63 83 51 50 41 15 45 108 99 105 29 24 74 85 34 11 37 42 83 67 57 98 109 46 20 78 89 43 37 85 74 86 56 101 85 42 91 0 82 
76 25 113 12 22 112 46 40 89 105 76 82 83 93 73 66 46 94 23 84 14 52 52 29 11 49 36 32 80 14 118 86 59 125 76 28 95 108 45 116 46 25 12 89 35 101 96 54 60 69 75 58 58 30 104 48 79 55 60 33 17 50 60 63 54 82 77 118 44 70 102 43 23 71 49 113 63 72 82 0 
0 137 98 90 77 264 86 168 91 42 268 920 357 94 392 140 289 202 46 8 39 37 586 136 591 13 85 49 25 168 994 892 46 109 165 197 838 32 774 254 119 149 0 50 297 170 886 35 450 41 112 0 450 3000 453 1276 0 101 26 0 15 133 0 602 437 1152 14 52 3000 150 86 30 10 593 781 190 33 0 365 68 
137 0 114 12 245 3000 357 10 246 323 177 15 13 70 743 1673 134 431 314 424 37 91 100 51 43 260 496 55 67 59 75 23 670 84 16 236 46 11 2154 38 51 19 391 13 63 2577 50 407 34 119 83 19 228 526 699 16 0 381 12 172 9 197 69 377 75 1769 270 110 1188 1398 227 85 3000 80 21 72 28 112 223 990 
98 114 0 425 572 8 283 102 16 944 408 104 28 24 82 30 2212 756 9 471 689 425 661 89 3000 38 101 143 227 312 26 1132 49 159 88 1428 8 94 40 252 876 1006 49 407 3000 62 3000 398 65 464 1048 369 443 18 12 703 20 42 1647 40 114 18 340 227 658 36 583 15 9 76 39 81 890 71 213 26 723 0 25 393 
90 12 425 0 335 359 0 0 66 45 138 129 384 893 3000 0 275 43 269 3000 267 3000 26 8 0 63 53 518 426 302 0 0 1053 1576 0 90 270 878 10 13 1743 35 0 0 43 0 14 36 73 2374 190 0 476 2160 162 0 0 0 1547 0 0 75 0 249 15 617 241 345 0 0 75 234 0 71 0 15 124 0 85 41 
77 245 572 335 0 939 0 0 101 18 379 320 32 92 55 0 39 116 120 525 0 122 354 0 0 0 145 15 3000 50 0 0 50 51 0 18 29 27 61 144 522 1015 48 0 21 0 215 0 0 92 8 403 11 122 0 0 0 0 0 0 0 136 32 3000 18 3000 204 14 0 0 28 180 0 42 0 23 52 50 20 3000 
264 3000 8 359 939 0 0 0 678 1014 120 153 86 0 251 0 2446 124 504 156 754 90 177 22 0 1135 276 83 176 64 0 0 3000 138 0 35 1029 53 110 10 1541 188 0 0 76 0 283 2613 33 237 514 0 169 33 2041 220 0 0 137 0 0 9 0 27 19 37 416 63 0 0 513 72 0 920 0 336 36 0 416 19 
86 357 283 0 0 0 0 135 0 0 889 33 8 388 26 39 11 148 0 3000 178 930 231 365 170 0 25 7 23 0 34 24 0 1849 2135 552 0 1010 77 87 416 877 1520 32 629 59 73 238 1679 222 133 2911 110 128 0 131 25 103 753 67 1171 0 289 218 0 0 88 333 508 78 10 1107 116 0 1302 128 79 682 102 0 
168 10 102 0 0 0 135 0 0 0 122 2850 273 436 0 162 8 31 424 37 3000 0 39 13 13 16 2974 646 625 0 72 325 0 8 169 9 82 16 1782 61 118 38 15 175 94 2380 26 553 123 82 145 1824 0 227 571 76 36 141 398 1878 161 255 0 375 147 0 569 327 87 537 157 183 39 0 85 336 417 0 18 0 
91 246 16 66 101 678 0 0 0 461 12 19 77 0 37 0 21 49 211 48 63 10 12 142 0 500 107 124 187 24 0 0 98 691 0 12 452 10 309 40 151 27 0 0 40 0 3000 3000 402 1515 1269 0 60 199 671 529 0 0 19 0 0 156 0 33 13 15 14 2078 0 0 233 26 0 325 0 15 3000 0 3000 223 
42 323 944 45 18 1014 0 0 461 0 158 78 366 3000 94 0 1065 140 72 1433 0 872 224 0 0 0 246 67 220 340 0 0 25 213 0 202 55 23 604 109 55 45 60 0 34 0 84 19 0 61 194 0 45 313 0 0 0 0 89 0 0 171 57 17 239 96 11 374 0 0 28 3000 0 31 0 15 32 349 17 334 
268 177 408 138 379 120 889 122 12 158 0 37 568 17 93 56 1236 345 21 10 673 229 655 26 427 0 180 52 514 17 11 385 14 42 924 33 3000 69 331 126 116 1063 3000 40 3000 222 166 18 0 48 3000 213 26 54 0 370 73 96 0 330 14 0 67 494 80 3000 37 16 34 108 2944 78 42 8 43 246 20 37 197 125 
920 15 104 129 320 153 33 2850 19 78 37 0 252 404 13 112 933 104 1136 31 207 1049 46 1703 10 30 607 3000 99 446 83 162 31 8 28 134 102 57 152 16 126 9 70 36 1289 66 192 28 18 582 552 15 329 212 141 12 261 493 111 210 536 355 0 2784 708 83 1014 53 2437 12 341 18 14 181 28 303 150 0 169 17 
357 13 28 384 32 86 8 273 77 366 568 252 0 135 54 11 27 154 11 60 115 447 39 494 18 43 15 211 33 19 38 9 231 367 389 59 153 25 52 47 34 247 0 18 501 71 55 60 58 617 36 0 32 199 1867 102 59 1051 111 21 150 10 0 923 86 76 8 249 528 18 13 44 1166 76 187 3000 101 0 113 738 
94 70 24 893 92 0 388 436 0 3000 17 404 135 0 19 0 625 3000 0 224 0 28 35 0 125 0 3000 392 0 27 12 22 22 705 335 3000 0 76 597 12 686 57 1152 119 76 0 3000 0 0 209 729 7 680 2690 0 0 0 3000 0 13 1242 0 31 0 0 139 134 8 0 35 422 0 48 27 29 32 0 944 1274 44 
392 743 82 3000 55 251 26 0 37 94 93 13 54 19 0 0 115 20 22 3000 0 18 302 0 29 0 565 173 357 59 16 49 14 222 57 53 72 23 3000 39 384 75 65 210 293 0 60 0 0 486 196 76 732 17 0 0 0 8 0 0 322 0 363 22 58 29 257 127 0 10 3000 562 24 108 7 126 210 44 186 30 
140 1673 30 0 0 0 39 162 0 0 56 112 11 0 0 0 0 1469 15 448 161 0 287 42 273 380 147 24 421 0 58 370 0 85 1250 9 344 907 23 20 12 196 0 755 14 13 191 3000 2889 3000 9 0 0 40 20 144 40 230 180 267 104 213 0 81 27 0 24 51 319 25 42 85 28 0 34 122 16 0 57 0 
289 134 2212 275 39 2446 11 8 21 1065 1236 933 27 625 115 0 0 52 811 69 0 38 26 0 689 0 53 8 51 391 242 30 188 34 476 3000 40 739 97 20 73 31 3000 36 24 0 12 1088 0 310 165 89 132 1626 0 0 0 37 0 1759 727 0 37 25 44 42 14 54 0 135 572 2132 605 45 176 138 16 219 129 45 
202 431 756 43 116 124 148 31 49 140 345 104 154 3000 20 1469 52 0 3000 978 935 2197 142 63 22 0 58 467 8 521 146 254 3000 21 63 48 126 3000 17 173 84 11 29 16 13 81 110 118 0 83 154 11 122 91 0 2367 766 141 190 1486 1202 9 123 25 423 67 19 280 303 993 146 18 311 10 9 8 8 71 19 458 
46 314 9 269 120 504 0 424 211 72 21 1136 11 0 22 15 811 3000 0 209 1324 64 11 723 0 288 146 208 535 531 448 0 347 13 0 57 496 88 3000 73 21 10 0 0 1495 0 19 77 925 59 108 0 111 61 13 108 0 0 36 0 15 1637 0 74 309 62 82 53 0 0 133 812 0 24 9 100 1096 0 350 516 
8 424 471 3000 525 156 3000 37 48 1433 10 31 60 224 3000 448 69 978 209 0 3000 147 918 634 395 803 606 54 360 652 127 130 92 1709 8 30 65 3000 3000 347 59 540 76 1759 180 24 29 28 117 13 70 934 30 11 0 8 3000 126 3000 214 44 176 19 634 41 37 757 9 16 150 874 494 28 11 340 145 57 3000 37 240 
39 37 689 267 0 754 178 3000 63 0 673 207 115 0 0 161 0 935 1324 3000 0 0 87 257 33 35 184 20 966 0 32 82 24 94 1553 1644 64 77 17 392 11 10 0 361 62 58 98 1282 1259 634 125 0 0 1950 135 925 1969 1152 94 10 521 543 0 283 70 0 849 286 316 234 46 89 19 0 7 457 210 0 8 0 
37 91 425 3000 122 90 930 0 10 872 229 1049 447 28 18 0 38 2197 64 147 0 0 577 0 88 0 65 216 0 414 598 12 386 10 47 3000 111 268 104 205 558 349 131 0 33 0 12 0 0 285 2810 1627 132 443 0 0 0 0 0 0 0 0 15 57 457 227 202 29 0 38 1243 7 161 933 0 338 859 46 204 135 
586 100 661 26 354 177 231 39 12 224 655 46 39 35 302 287 26 142 11 918 87 577 0 20 140 943 909 3000 99 476 19 10 188 305 225 32 45 2133 153 679 708 1074 161 1301 285 41 1637 10 353 76 388 7 231 38 56 945 10 286 35 32 363 410 205 209 271 134 631 34 18 17 917 57 284 32 80 33 164 26 34 9 
136 51 89 8 0 22 365 13 142 0 26 1703 494 0 0 42 0 63 723 634 257 0 20 0 0 146 17 143 131 0 380 0 1070 28 76 19 14 332 28 721 268 101 0 15 153 244 14 42 109 46 509 0 0 63 72 1394 10 293 2724 0 46 113 0 3000 33 159 484 60 30 27 23 691 1066 0 3000 828 18 0 743 0 
591 43 3000 0 0 0 170 13 0 0 427 10 18 125 29 273 689 22 0 395 33 88 140 0 0 0 925 29 1150 0 41 230 0 2348 117 367 0 25 18 22 24 352 8 114 52 7 8 206 0 623 23 61 83 0 0 0 318 755 0 11 1396 0 51 0 0 0 21 24 555 2624 28 0 124 0 461 32 1110 126 42 14 
13 260 38 63 0 1135 0 16 500 0 0 30 43 0 0 380 0 0 288 803 35 0 943 146 0 0 1154 0 340 0 305 0 40 0 0 67 1179 140 10 0 957 0 0 0 9 20 23 72 1108 30 0 0 0 3000 11 13 0 0 379 0 45 145 0 595 193 0 308 55 97 0 253 610 0 0 907 0 84 0 114 0 
85 496 101 53 145 276 25 2974 107 246 180 607 15 3000 565 147 53 58 146 606 184 65 909 17 925 1154 0 229 231 423 16 10 561 179 178 57 3000 75 766 43 44 21 49 484 154 36 615 832 153 432 20 31 192 62 358 3000 12 1373 181 3000 521 38 77 62 14 33 63 556 27 61 66 14 499 9 36 96 2992 920 10 230 
49 55 143 518 15 83 7 646 124 67 52 3000 211 392 173 24 8 467 208 54 20 216 3000 143 29 0 229 0 229 20 1180 2560 328 532 10 1066 60 139 516 8 112 32 49 17 343 719 3000 11 1532 25 33 43 59 525 0 63 38 17 89 1432 43 72 149 56 138 15 9 173 122 275 70 277 558 9 47 182 31 116 111 24 
25 67 227 426 3000 176 23 625 187 220 514 99 33 0 357 421 51 8 535 360 966 0 99 131 1150 340 231 229 0 127 85 113 1643 22 19 13 25 1023 444 235 100 123 0 8 11 18 77 18 58 76 597 0 664 129 85 756 8 100 19 334 12 3000 0 22 19 790 8 645 58 61 61 107 109 3000 19 174 24 0 59 261 
168 59 312 302 50 64 0 0 24 340 17 446 19 27 59 0 391 521 531 652 0 414 476 0 0 0 423 20 127 0 0 0 29 269 0 19 51 70 440 151 141 145 0 0 8 0 638 38 0 1115 9 0 139 7 0 0 0 0 1060 0 0 42 476 10 20 252 13 1160 0 0 135 332 0 50 0 24 190 49 18 15 
994 75 26 0 0 0 34 72 0 0 11 83 38 12 16 58 242 146 448 127 32 598 19 380 41 305 16 1180 85 0 0 15 22 16 1084 390 247 542 12 2441 2769 2476 691 16 10 98 2058 402 189 1852 63 186 390 73 0 116 3000 24 93 145 95 219 230 1122 15 0 29 41 3000 20 78 72 636 0 248 727 2061 98 443 351 
892 23 1132 0 0 0 24 325 0 0 385 162 9 22 49 370 30 254 0 130 82 12 10 0 230 0 10 2560 113 0 15 0 0 189 84 222 0 138 268 31 56 154 118 40 155 115 42 902 0 120 16 85 10 285 0 31 955 15 0 31 105 0 106 0 0 0 43 217 426 64 24 12 70 0 891 214 221 233 60 193 
46 670 49 1053 50 3000 0 0 98 25 14 31 231 22 14 0 188 3000 347 92 24 386 188 1070 0 40 561 328 1643 29 22 0 0 451 0 685 594 21 10 18 8 33 0 0 243 0 117 92 1047 65 20 0 43 132 31 565 0 0 280 0 1487 72 88 38 19 344 150 453 0 0 211 57 0 1413 72 834 102 9 114 61 
109 84 159 1576 51 138 1849 8 691 213 42 8 367 705 222 85 34 21 13 1709 94 10 305 28 2348 0 179 532 22 269 16 189 451 0 482 603 46 374 93 76 12 807 1158 24 209 37 251 139 0 166 30 22 22 26 0 204 929 348 653 459 105 12 699 821 21 32 387 46 48 13 51 78 144 17 2792 329 277 113 12 238 
165 16 88 0 0 0 2135 169 0 0 924 28 389 335 57 1250 476 63 0 8 1553 47 225 76 117 0 178 10 19 0 1084 84 0 482 0 88 184 35 15 92 603 799 31 9 36 1845 319 3000 0 71 48 1789 9 379 0 22 551 77 32 31 29 0 34 114 85 0 849 52 833 132 310 329 54 1288 25 152 334 10 144 26 
197 236 1428 90 18 35 552 9 12 202 33 134 59 3000 53 9 3000 48 57 30 1644 3000 32 19 367 67 57 1066 13 19 390 222 685 603 88 0 1940 50 72 82 52 1256 51 295 54 304 98 26 25 373 3000 73 1151 11 54 8 3000 161 74 2034 106 27 2575 3000 187 21 3000 113 39 413 251 263 60 56 325 42 61 108 333 101 
838 46 8 270 29 1029 0 82 452 55 3000 102 153 0 72 344 40 126 496 65 64 111 45 14 0 1179 3000 60 25 51 247 0 594 46 184 1940 0 236 66 38 241 50 0 0 229 1615 2571 52 8 3000 30 0 103 56 594 3000 0 0 3000 0 9 51 0 85 41 28 26 1797 312 1379 110 51 0 30 696 883 29 0 47 16 
32 11 94 878 27 53 1010 16 10 23 69 57 25 76 23 907 739 3000 88 3000 77 268 2133 332 25 140 75 139 1023 70 542 138 21 374 35 50 236 0 18 58 94 1204 8 443 93 1286 45 11 17 28 596 2394 13 274 102 35 0 144 128 1589 36 35 583 114 136 161 60 15 50 18 18 327 677 198 8 43 1158 654 20 479 
774 2154 40 10 61 110 77 1782 309 604 331 152 52 597 3000 23 97 17 3000 3000 17 104 153 28 18 10 766 516 444 440 12 268 10 93 15 72 66 18 0 2719 244 426 9 11 15 96 13 344 596 262 17 182 607 38 31 46 40 88 24 348 78 470 110 8 84 44 844 32 2142 7 96 12 488 221 440 451 137 2091 178 1238 
254 38 252 13 144 10 87 61 40 109 126 16 47 12 39 20 20 173 73 347 392 205 679 721 22 0 43 8 235 151 2441 31 18 76 92 82 38 58 2719 0 11 11 8 49 17 89 137 24 249 32 278 1267 99 70 0 197 79 93 8 11 106 111 268 12 98 36 196 42 89 152 8 25 170 625 2436 144 3000 465 16 14 
119 51 876 1743 522 1541 416 118 151 55 116 126 34 686 384 12 73 84 21 59 11 558 708 268 24 957 44 112 100 141 2769 56 8 12 603 52 241 94 244 11 0 924 122 0 62 0 15 62 117 59 1925 221 45 1206 172 886 0 223 41 0 390 42 271 1185 61 85 518 526 0 119 242 95 60 150 29 60 38 13 78 46 
149 19 1006 35 1015 188 877 38 27 45 1063 9 247 57 75 196 31 11 10 540 10 349 1074 101 352 0 21 32 123 145 2476 154 33 807 799 1256 50 1204 426 11 924 0 203 131 20 1069 3000 576 23 204 25 376 126 68 0 776 104 50 48 458 88 53 17 154 52 22 907 125 133 1817 100 29 381 322 3000 92 68 88 384 21 
0 391 49 0 48 0 1520 15 0 60 3000 70 0 1152 65 0 3000 29 0 76 0 131 161 0 8 0 49 49 0 0 691 118 0 1158 31 51 0 8 9 8 122 203 0 349 340 0 208 0 0 851 162 42 46 0 0 0 127 486 0 318 3000 0 105 0 0 0 262 11 0 137 62 0 2960 13 1193 389 0 3000 31 1032 
50 13 407 0 0 0 32 175 0 0 40 36 18 119 210 755 36 16 0 1759 361 0 1301 15 114 0 484 17 8 0 16 40 0 24 9 295 0 443 11 49 0 131 349 0 180 395 841 486 0 24 227 75 13 125 0 2000 32 11 0 1299 184 0 584 0 0 0 22 10 588 171 165 10 796 0 10 12 19 15 67 0 
297 63 3000 43 21 76 629 94 40 34 3000 1289 501 76 293 14 24 13 1495 180 62 33 285 153 52 9 154 343 11 8 10 155 243 209 36 54 229 93 15 17 62 20 340 180 0 222 2278 11 96 28 436 44 16 55 60 85 3000 60 13 261 18 651 1106 188 110 68 30 379 10 512 17 1066 69 1699 540 1501 602 178 284 11 
170 2577 62 0 0 0 59 2380 0 0 222 66 71 0 0 13 0 81 0 24 58 0 41 244 7 20 36 719 18 0 98 115 0 37 1845 304 1615 1286 96 89 0 1069 0 395 222 0 0 413 9 80 16 36 0 242 1796 154 719 14 2771 7 817 21 0 72 91 0 246 45 2380 14 81 158 2468 0 38 94 338 0 103 0 
886 50 3000 14 215 283 73 26 3000 84 166 192 55 3000 60 191 12 110 19 29 98 12 1637 14 8 23 615 3000 77 638 2058 42 117 251 319 98 2571 45 13 137 15 3000 208 841 2278 0 0 89 1259 163 244 71 3000 78 0 70 0 10 16 22 12 144 103 28 8 20 48 32 0 143 55 51 113 74 423 338 48 38 16 1082 
35 407 398 36 0 2613 238 553 3000 19 18 28 60 0 0 3000 1088 118 77 28 1282 0 10 42 206 72 832 11 18 38 402 902 92 139 3000 26 52 11 344 24 62 576 0 486 11 413 89 0 666 1055 15 0 0 136 147 349 316 440 290 44 366 1825 0 78 10 829 284 515 539 76 22 21 309 201 171 379 64 0 369 0 
450 34 65 73 0 33 1679 123 402 0 0 18 58 0 0 2889 0 0 925 117 1259 0 353 109 0 1108 153 1532 58 0 189 0 1047 0 0 25 8 17 596 249 117 23 0 0 96 9 1259 666 0 761 37 0 0 199 588 11 37 579 166 0 8 249 0 114 442 0 49 50 1027 12 10 21 0 0 861 88 196 0 58 0 
41 119 464 2374 92 237 222 82 1515 61 48 582 617 209 486 3000 310 83 59 13 634 285 76 46 623 30 432 25 76 1115 1852 120 65 166 71 373 3000 28 262 32 59 204 851 24 28 80 163 1055 761 0 1377 86 121 154 0 116 11 8 16 223 183 59 89 37 56 30 127 18 1649 119 29 1765 86 19 111 158 259 193 865 33 
112 83 1048 190 8 514 133 145 1269 194 3000 552 36 729 196 9 165 154 108 70 125 2810 388 509 23 0 20 33 597 9 63 16 20 30 48 3000 30 596 17 278 1925 25 162 227 436 16 244 15 37 1377 0 79 1027 404 0 186 35 267 114 745 53 0 12 44 792 331 78 27 892 657 221 101 99 16 30 33 82 16 1095 54 
0 19 369 0 403 0 2911 1824 0 0 213 15 0 7 76 0 89 11 0 934 0 1627 7 0 61 0 31 43 0 0 186 85 0 22 1789 73 0 2394 182 1267 221 376 42 75 44 36 71 0 0 86 79 0 52 0 0 0 188 2437 0 241 201 0 126 0 0 0 288 37 1232 44 543 0 1188 22 20 8 0 190 16 646 
450 228 443 476 11 169 110 0 60 45 26 329 32 680 732 0 132 122 111 30 0 132 231 0 83 0 192 59 664 139 390 10 43 22 9 1151 103 13 607 99 45 126 46 13 16 0 3000 0 0 121 1027 52 0 102 0 0 0 281 0 0 3000 0 267 21 998 28 404 38 0 3000 328 17 40 16 0 1845 14 144 169 23 
3000 526 18 2160 122 33 128 227 199 313 54 212 199 2690 17 40 1626 91 61 11 1950 443 38 63 0 3000 62 525 129 7 73 285 132 26 379 11 56 274 38 70 1206 68 0 125 55 242 78 136 199 154 404 0 102 0 15 31 0 69 28 0 627 540 0 1012 407 28 1189 1038 618 30 16 323 200 15 3000 163 182 0 249 21 
453 699 12 162 0 2041 0 571 671 0 0 141 1867 0 0 20 0 0 13 0 135 0 56 72 0 11 358 0 85 0 0 0 31 0 0 54 594 102 31 0 172 0 0 0 60 1796 0 147 588 0 0 0 0 15 0 60 0 0 291 0 495 1564 0 13 9 0 43 0 298 0 56 51 0 0 16 0 78 0 55 0 
1276 16 703 0 0 220 131 76 529 0 370 12 102 0 0 144 0 2367 108 8 925 0 945 1394 0 13 3000 63 756 0 116 31 565 204 22 8 3000 35 46 197 886 776 0 2000 85 154 70 349 11 116 186 0 0 31 60 0 1093 707 453 18 782 542 0 2918 49 0 353 10 72 99 29 7 1400 0 40 76 45 0 258 0 
0 0 20 0 0 0 25 36 0 0 73 261 59 0 0 40 0 766 0 3000 1969 0 10 10 318 0 12 38 8 0 3000 955 0 929 551 3000 0 0 40 79 0 104 127 32 3000 719 0 316 37 11 35 188 0 0 0 1093 0 142 0 144 101 0 0 0 0 0 280 0 192 29 0 19 30 0 2051 8 47 0 178 0 
101 381 42 0 0 0 103 141 0 0 96 493 1051 3000 8 230 37 141 0 126 1152 0 286 293 755 0 1373 17 100 0 24 15 0 348 77 161 0 144 88 93 223 50 486 11 60 14 10 440 579 8 267 2437 281 69 0 707 142 0 147 214 30 0 159 366 677 0 142 267 327 9 13 36 994 0 9 678 19 0 155 0 
26 12 1647 1547 0 137 753 398 19 89 0 111 111 0 0 180 0 190 36 3000 94 0 35 2724 0 379 181 89 19 1060 93 0 280 653 32 74 3000 128 24 8 41 48 0 0 13 2771 16 290 166 16 114 0 0 28 291 453 0 147 0 0 136 12 0 140 60 308 41 1051 17 323 354 43 0 0 3000 247 251 0 1274 0 
0 172 40 0 0 0 67 1878 0 0 330 210 21 13 0 267 1759 1486 0 214 10 0 32 0 11 0 3000 1432 334 0 145 31 0 459 31 2034 0 1589 348 11 0 458 318 1299 261 7 22 44 0 223 745 241 0 0 0 18 144 214 0 0 347 0 175 0 0 0 540 498 57 320 0 0 15 0 49 193 90 154 1227 0 
15 9 114 0 0 0 1171 161 0 0 14 536 150 1242 322 104 727 1202 15 44 521 0 363 46 1396 45 521 43 12 0 95 105 1487 105 29 106 9 36 78 106 390 88 3000 184 18 817 12 366 8 183 53 201 3000 627 495 782 101 30 136 347 0 8 0 44 112 0 122 82 123 66 76 37 175 0 10 13 512 0 23 0 
133 197 18 75 136 9 0 255 156 171 0 355 10 0 0 213 0 9 1637 176 543 0 410 113 0 145 38 72 3000 42 219 0 72 12 0 27 51 35 470 111 42 53 0 0 651 21 144 1825 249 59 0 0 0 540 1564 542 0 0 12 0 8 0 0 1839 669 14 14 59 0 0 337 219 0 18 42 10 25 0 263 60 
0 69 340 0 32 0 289 0 0 57 67 0 0 31 363 0 37 123 0 19 0 15 205 0 51 0 77 149 0 476 230 106 88 699 34 2575 0 583 110 268 271 17 105 584 1106 0 103 0 0 89 12 126 267 0 0 0 0 159 0 175 0 0 0 0 0 248 0 85 0 141 596 0 127 148 0 65 0 386 751 3000 
602 377 227 249 3000 27 218 375 33 17 494 2784 923 0 22 81 25 25 74 634 283 57 209 3000 0 595 62 56 22 10 1122 0 38 821 114 3000 85 114 8 12 1185 154 0 0 188 72 28 78 114 37 44 0 21 1012 13 2918 0 366 140 0 44 1839 0 0 10 41 62 801 12 176 72 34 0 471 55 17 351 0 205 17 
437 75 658 15 18 19 0 147 13 239 80 708 86 0 58 27 44 423 309 41 70 457 271 33 0 193 14 138 19 20 15 0 19 21 85 187 41 136 84 98 61 52 0 0 110 91 8 10 442 56 792 0 998 407 9 49 0 677 60 0 112 669 0 10 0 248 551 252 26 326 907 37 0 365 13 292 1174 0 12 331 
1152 1769 36 617 3000 37 0 0 15 96 3000 83 76 139 29 0 42 67 62 37 0 227 134 159 0 0 33 15 790 252 0 0 344 32 0 21 28 161 44 36 85 22 0 0 68 0 20 829 0 30 331 0 28 28 0 0 0 0 308 0 0 14 248 41 248 0 27 25 0 0 312 131 0 38 0 12 33 582 3000 445 
14 270 583 241 204 416 88 569 14 11 37 1014 8 134 257 24 14 19 82 757 849 202 631 484 21 308 63 9 8 13 29 43 150 387 849 3000 26 60 844 196 518 907 262 22 30 246 48 284 49 127 78 288 404 1189 43 353 280 142 41 540 122 14 0 62 551 27 0 43 22 42 9 57 973 39 567 46 11 0 38 2456 
52 110 15 345 14 63 333 327 2078 374 16 53 249 8 127 51 54 280 53 9 286 29 34 60 24 55 556 173 645 1160 41 217 453 46 52 113 1797 15 32 42 526 125 11 10 379 45 32 515 50 18 27 37 38 1038 0 10 0 267 1051 498 82 59 85 801 252 25 43 0 69 27 75 24 25 12 309 93 87 146 91 20 
3000 1188 9 0 0 0 508 87 0 0 34 2437 528 0 0 319 0 303 0 16 316 0 18 30 555 97 27 122 58 0 3000 426 0 48 833 39 312 50 2142 89 0 133 0 588 10 2380 0 539 1027 1649 892 1232 0 618 298 72 192 327 17 57 123 0 0 12 26 0 22 69 0 128 18 386 1067 0 66 195 1159 0 525 0 
150 1398 76 0 0 0 78 537 0 0 108 12 18 35 10 25 135 993 0 150 234 38 17 27 2624 0 61 275 61 0 20 64 0 13 132 413 1379 18 7 152 119 1817 137 171 512 14 143 76 12 119 657 44 3000 30 0 99 29 9 323 320 66 0 141 176 326 0 42 27 128 0 36 1801 15 0 68 212 15 61 214 0 
86 227 39 75 28 513 10 157 233 28 2944 341 13 422 3000 42 572 146 133 874 46 1243 917 23 28 253 66 70 61 135 78 24 211 51 310 251 110 18 96 8 242 100 62 165 17 81 55 22 10 29 221 543 328 16 56 29 0 13 354 0 76 337 596 72 907 312 9 75 18 36 0 19 55 325 88 272 58 1385 465 2155 
30 85 81 234 180 72 1107 183 26 3000 78 18 44 0 562 85 2132 18 812 494 89 7 57 691 0 610 14 277 107 332 72 12 57 78 329 263 51 327 12 25 95 29 0 10 1066 158 51 21 21 1765 101 0 17 323 51 7 19 36 43 0 37 219 0 34 37 131 57 24 386 1801 19 0 253 15 560 32 100 0 252 190 
10 3000 890 0 0 0 116 39 0 0 42 14 1166 48 24 28 605 311 0 28 19 161 284 1066 124 0 499 558 109 0 636 70 0 144 54 60 0 677 488 170 60 381 2960 796 69 2468 113 309 0 86 99 1188 40 200 0 1400 30 994 0 15 175 0 127 0 0 0 973 25 1067 15 55 253 0 0 85 9 3000 13 188 23 
593 80 71 71 42 920 0 0 325 31 8 181 76 27 108 0 45 10 24 11 0 933 32 0 0 0 9 9 3000 50 0 0 1413 17 1288 56 30 198 221 625 150 322 13 0 1699 0 74 201 0 19 16 22 16 15 0 0 0 0 0 0 0 18 148 471 365 38 39 12 0 0 325 15 0 0 0 477 3000 67 280 10 
781 21 213 0 0 0 1302 85 0 0 43 28 187 29 7 34 176 9 9 340 7 0 80 3000 461 907 36 47 19 0 248 891 72 2792 25 325 696 8 440 2436 29 3000 1193 10 540 38 423 171 861 111 30 20 0 3000 16 40 2051 9 3000 49 10 42 0 55 13 0 567 309 66 68 88 560 85 0 0 1240 153 0 37 0 
190 72 26 15 23 336 128 336 15 15 246 303 3000 32 126 122 138 8 100 145 457 338 33 828 32 0 96 182 174 24 727 214 834 329 152 42 883 43 451 144 60 92 389 12 1501 94 338 379 88 158 33 8 1845 163 0 76 8 678 247 193 13 10 65 17 292 12 46 93 195 212 272 32 9 477 1240 0 410 2818 408 29 
33 28 723 124 52 36 79 417 3000 32 20 150 101 0 210 16 16 8 1096 57 210 859 164 18 1110 84 2992 31 24 190 2061 221 102 277 334 61 29 1158 137 3000 38 68 0 19 602 338 48 64 196 259 82 0 14 182 78 45 47 19 251 90 512 25 0 351 1174 33 11 87 1159 15 58 100 3000 3000 153 410 0 0 156 21 
