80
0 36 58 81 57 58 17 13 37 42 76 47 83 74 46 31 49 43 40 27 83 21 43 50 75 28 23 24 34 79 39 46 3 49 18 23 41 48 40 43 72 63 61 40 24 33 51 55 30 36 19 18 42 99 52 53 27 72 27 69 31 20 43 81 48 22 77 11 48 57 83 6 31 59 41 34 11 39 89 32 
36 0 66 66 66 64 27 34 7 10 86 12 65 86 24 58 51 8 70 53 73 55 72 31 45 63 38 21 62 57 39 19 33 62 43 49 61 83 43 34 54 63 56 42 18 30 49 27 6 58 36 21 34 105 76 80 61 57 30 44 26 26 73 53 81 54 49 29 55 40 64 33 30 63 64 62 43 40 99 12 
58 66 0 45 2 4 46 71 73 76 20 68 50 20 49 39 17 73 43 38 37 52 44 45 70 60 36 73 38 55 27 55 60 11 42 39 24 66 23 95 46 14 22 24 51 37 20 58 62 28 76 67 93 41 33 40 53 42 38 58 40 45 45 69 62 50 67 66 11 42 53 63 85 7 28 38 68 26 33 73 
81 66 45 0 47 41 64 89 73 73 54 61 5 59 42 77 38 69 84 73 13 86 86 36 40 95 61 84 77 17 43 47 81 53 70 71 65 107 44 100 12 31 24 43 61 48 33 42 66 67 94 79 100 59 77 84 89 10 55 29 51 61 86 34 103 84 34 83 44 27 10 83 95 38 69 77 92 44 61 77 
57 66 2 47 0 6 45 69 72 75 21 68 51 21 49 37 17 73 41 36 39 50 42 45 71 58 34 72 36 57 27 55 59 9 40 37 22 64 23 93 47 16 24 23 50 36 21 58 61 26 75 66 92 42 31 38 51 44 37 59 39 44 42 70 60 48 68 64 11 42 54 61 83 8 26 36 66 25 34 72 
58 64 4 41 6 0 45 70 71 74 22 65 46 24 46 41 13 70 45 39 34 53 47 42 66 61 35 72 40 51 25 52 60 13 42 39 27 69 21 93 42 10 18 22 49 34 17 54 60 30 76 66 92 42 37 43 55 38 36 54 38 43 47 65 65 51 63 65 10 38 49 63 83 3 30 40 68 24 35 71 
17 27 46 64 45 45 0 26 32 36 65 36 65 64 30 32 34 35 43 26 66 30 46 33 60 39 12 27 35 62 23 31 17 39 16 22 35 58 24 49 55 49 45 25 10 16 35 40 21 31 32 21 47 87 50 53 36 55 10 52 14 3 46 65 56 29 61 20 35 40 66 19 38 45 37 35 28 23 79 29 
13 34 71 89 69 70 26 0 33 37 89 45 90 87 50 44 60 40 53 40 92 32 55 56 77 37 35 15 47 85 49 49 11 62 31 37 54 57 51 31 79 75 71 51 29 42 62 58 29 50 6 13 29 112 65 66 38 80 36 73 39 29 55 84 57 33 80 6 60 64 90 8 19 71 55 47 12 49 102 26 
37 7 73 73 72 71 32 33 0 5 93 15 72 93 31 63 58 7 74 58 80 57 77 38 49 66 44 18 66 63 46 26 34 68 47 53 67 86 50 28 61 71 63 49 24 37 56 33 11 63 34 21 27 112 81 84 64 63 36 49 33 31 77 58 84 58 53 29 62 47 70 34 26 70 69 66 44 47 106 7 
42 10 76 73 75 74 36 37 5 0 96 13 72 96 32 67 60 5 78 62 81 62 81 39 47 70 48 23 71 63 49 26 39 72 52 58 71 90 53 29 61 73 65 52 28 40 59 32 15 67 39 25 29 115 86 89 68 64 40 48 36 36 82 56 89 62 52 33 65 47 70 38 28 73 73 71 48 50 109 12 
76 86 20 54 21 22 65 89 93 96 0 88 59 6 68 52 36 93 52 53 43 66 53 63 86 72 54 92 50 68 47 74 78 27 58 54 37 74 43 114 59 27 37 44 70 56 38 76 82 42 95 86 112 23 38 44 66 55 57 73 60 64 53 84 69 64 82 84 31 58 63 81 104 23 39 50 84 46 13 93 
47 12 68 61 68 65 36 45 15 13 88 0 59 89 21 67 52 9 78 61 69 65 81 27 34 74 45 32 70 50 41 14 44 66 52 57 67 93 46 42 48 63 55 45 26 33 50 19 17 65 48 33 42 105 83 87 71 51 36 35 30 34 81 43 91 64 39 40 58 35 57 44 40 64 70 70 55 43 100 22 
83 65 50 5 51 46 65 90 72 72 59 59 0 64 42 80 41 68 88 76 18 88 90 35 36 98 63 84 81 12 45 46 82 57 73 74 69 111 47 100 11 36 28 46 61 50 37 40 66 70 95 80 99 65 82 88 92 10 56 26 52 63 90 29 107 87 30 84 48 27 4 84 95 43 73 81 94 47 67 77 
74 86 20 59 21 24 64 87 93 96 6 89 64 0 70 49 37 93 47 50 48 63 48 65 89 68 53 91 46 72 47 76 76 25 56 52 34 69 43 113 63 30 40 44 70 56 40 78 82 39 92 85 112 27 33 39 62 59 57 76 60 63 48 87 64 61 85 82 31 61 68 79 102 25 35 46 82 46 16 92 
46 24 49 42 49 46 30 50 31 32 68 21 42 70 0 57 33 28 67 51 49 59 70 7 30 69 34 42 59 35 24 6 44 49 43 48 53 86 29 58 31 43 34 27 22 19 30 11 24 51 55 39 57 85 69 74 64 33 24 23 18 27 70 35 83 57 31 44 39 16 41 46 53 45 57 59 56 26 80 35 
31 58 39 77 37 41 32 44 63 67 52 67 80 49 57 0 39 67 11 5 73 14 14 57 86 20 22 53 4 81 37 60 34 28 16 10 15 31 33 74 72 50 53 35 41 38 44 67 53 11 48 47 72 76 21 22 14 71 32 76 39 33 14 89 27 12 85 41 34 60 82 36 62 43 13 4 35 35 64 59 
49 51 17 38 17 13 34 60 58 60 36 52 41 37 33 39 0 57 47 36 35 49 49 29 55 58 26 60 39 44 12 39 50 18 35 35 28 70 10 81 34 14 14 9 36 21 5 42 47 29 66 54 80 55 42 48 52 32 25 43 25 32 49 56 66 47 52 54 8 26 43 53 72 12 32 40 59 11 48 58 
43 8 73 69 73 70 35 40 7 5 93 9 68 93 28 67 57 0 78 61 77 63 81 34 43 71 46 25 70 58 46 22 40 70 51 57 69 91 50 33 57 69 61 49 26 37 55 28 14 66 41 27 33 111 84 88 69 59 38 44 34 34 81 51 90 62 47 35 62 43 65 40 32 70 72 70 50 47 106 15 
40 70 43 84 41 45 43 53 74 78 52 78 88 47 67 11 47 78 0 17 79 21 3 67 96 22 33 63 8 90 46 71 44 32 27 21 19 24 42 84 81 55 60 44 52 48 51 78 64 18 57 57 82 75 15 13 17 79 43 86 50 44 3 99 19 19 95 51 40 69 90 46 71 48 15 8 43 44 63 70 
27 53 38 73 36 39 26 40 58 62 53 61 76 50 51 5 36 61 17 0 71 14 19 52 81 22 17 49 9 77 32 54 30 27 10 4 16 35 29 69 68 48 50 31 36 33 40 62 47 11 45 42 68 76 25 27 16 67 27 71 34 28 20 84 32 12 80 37 31 55 78 32 58 41 15 9 32 30 65 54 
83 73 37 13 39 34 66 92 80 81 43 69 18 48 49 73 35 77 79 71 0 84 81 43 52 93 60 88 73 29 43 55 83 47 70 69 60 103 43 107 23 24 22 43 65 50 32 51 72 63 97 84 106 47 71 77 87 19 56 40 54 63 81 47 98 82 46 86 40 34 22 85 100 32 64 73 93 44 49 83 
21 55 52 86 50 53 30 32 57 62 66 65 88 63 59 14 49 63 21 14 84 0 23 61 89 10 26 44 18 88 43 60 24 41 16 14 29 28 41 64 79 61 63 43 39 41 53 69 49 25 36 39 62 90 35 34 6 78 35 80 41 32 23 93 27 2 89 31 45 65 90 26 51 55 27 17 22 42 79 52 
43 72 44 86 42 47 46 55 77 81 53 81 90 48 70 14 49 81 3 19 81 23 0 70 99 23 36 66 11 92 49 73 46 34 30 24 21 22 45 86 83 57 62 46 55 51 53 81 67 20 59 60 84 75 15 12 19 81 46 88 52 47 0 101 18 22 98 53 42 72 92 48 74 49 17 11 45 46 63 72 
50 31 45 36 45 42 33 56 38 39 63 27 35 65 7 57 29 34 67 52 43 61 70 0 29 71 36 48 59 29 22 12 49 46 45 49 51 87 26 65 24 38 28 25 27 19 25 13 30 51 60 45 64 79 67 73 66 26 26 20 20 30 70 32 84 59 28 49 36 9 34 51 59 40 56 59 61 24 75 42 
75 45 70 40 71 66 60 77 49 47 86 34 36 89 30 86 55 43 96 81 52 89 99 29 0 99 64 66 88 23 50 29 73 73 73 77 80 116 55 76 29 59 49 53 51 48 51 20 48 79 81 65 76 97 96 101 94 33 54 13 48 57 99 9 113 88 6 72 63 29 32 74 75 64 84 88 85 53 96 56 
28 63 60 95 58 61 39 37 66 70 72 74 98 68 69 20 58 71 22 22 93 10 23 71 99 0 36 51 22 98 53 70 32 49 26 24 36 20 51 69 89 70 72 52 49 51 62 79 58 32 41 46 67 96 37 35 6 88 45 90 51 42 23 103 20 12 99 38 53 75 99 33 56 63 33 22 26 51 84 60 
23 38 36 61 34 35 12 35 44 48 54 45 63 53 34 22 26 46 33 17 60 26 36 36 64 36 0 39 25 62 18 37 25 27 10 13 23 52 17 60 54 40 39 18 20 16 29 45 33 20 41 32 59 76 38 42 30 53 10 55 17 12 36 68 49 24 64 30 25 40 64 28 50 36 26 25 33 17 67 41 
24 21 73 84 72 72 27 15 18 23 92 32 84 91 42 53 60 25 63 49 88 44 66 48 66 51 39 0 57 77 48 39 20 66 39 45 61 71 51 22 73 74 69 51 24 39 60 48 18 57 16 7 20 114 74 76 50 74 35 64 36 28 66 74 71 45 69 13 62 57 83 18 12 72 62 57 27 49 106 11 
34 62 38 77 36 40 35 47 66 71 50 70 81 46 59 4 39 70 8 9 73 18 11 59 88 22 25 57 0 82 38 62 37 27 19 13 14 30 34 78 73 49 53 36 44 40 44 70 56 10 52 50 76 73 18 19 16 71 35 78 41 36 12 91 26 16 87 45 33 61 83 40 66 42 11 0 39 36 61 62 
79 57 55 17 57 51 62 85 63 63 68 50 12 72 35 81 44 58 90 77 29 88 92 29 23 98 62 77 82 0 45 38 78 62 72 74 72 112 48 91 10 43 33 46 56 47 39 31 59 72 89 74 91 76 86 92 92 13 54 15 48 59 93 17 108 86 17 79 52 22 8 80 87 49 76 82 90 47 76 69 
39 39 27 43 27 25 23 49 46 49 47 41 45 47 24 37 12 46 46 32 43 43 49 22 50 53 18 48 38 45 0 29 40 25 28 30 30 67 5 69 36 26 22 3 24 9 12 34 35 29 55 42 68 67 46 51 47 35 13 40 13 21 49 53 64 42 49 43 16 23 46 42 60 24 34 38 50 2 60 46 
46 19 55 47 55 52 31 49 26 26 74 14 46 76 6 60 39 22 71 54 55 60 73 12 29 70 37 39 62 38 29 0 44 54 46 50 57 88 34 53 35 49 40 33 22 23 36 9 21 55 53 37 53 91 73 78 66 38 27 25 21 28 74 36 86 60 31 43 45 21 45 45 49 51 61 63 56 31 86 31 
3 33 60 81 59 60 17 11 34 39 78 44 82 76 44 34 50 40 44 30 83 24 46 49 73 32 25 20 37 78 40 44 0 51 20 26 43 52 40 40 72 64 62 41 22 33 52 53 27 39 16 14 38 101 55 56 30 72 27 68 30 20 47 79 51 25 75 7 50 56 82 3 28 60 44 38 12 39 91 28 
49 62 11 53 9 13 39 62 68 72 27 66 57 25 49 28 18 70 32 27 47 41 34 46 73 49 27 66 27 62 25 54 51 0 32 28 13 56 20 88 52 23 29 22 45 33 23 59 57 17 68 60 86 50 24 31 42 49 32 61 36 38 34 74 51 39 71 57 10 44 60 54 77 16 17 27 58 23 40 67 
18 43 42 70 40 42 16 31 47 52 58 52 73 56 43 16 35 51 27 10 70 16 30 45 73 26 10 39 19 72 28 46 20 32 0 6 23 43 26 60 64 48 48 27 26 26 38 54 37 19 37 32 58 82 35 38 21 63 19 65 26 18 30 78 40 14 73 27 32 50 74 23 48 43 24 19 26 26 71 43 
23 49 39 71 37 39 22 37 53 58 54 57 74 52 48 10 35 57 21 4 69 14 24 49 77 24 13 45 13 74 30 50 26 28 6 0 18 39 27 66 66 47 48 28 31 29 38 58 43 13 42 38 64 78 29 31 18 64 23 68 30 23 24 81 36 12 77 33 30 52 76 29 54 41 18 13 30 28 67 50 
41 61 24 65 22 27 35 54 67 71 37 67 69 34 53 15 28 69 19 16 60 29 21 51 80 36 23 61 14 72 30 57 43 13 23 18 0 43 25 82 62 36 41 27 43 35 33 63 56 5 59 54 81 61 16 21 29 60 31 69 37 35 21 82 38 27 78 50 21 52 71 46 71 29 4 14 48 27 50 64 
48 83 66 107 64 69 58 57 86 90 74 93 111 69 86 31 70 91 24 35 103 28 22 87 116 20 52 71 30 112 67 88 52 56 43 39 43 0 64 88 103 79 83 66 67 68 74 97 77 40 60 66 86 96 36 31 22 101 62 106 68 60 22 120 5 29 115 58 63 91 113 53 76 71 39 30 45 65 83 80 
40 43 23 44 23 21 24 51 50 53 43 46 47 43 29 33 10 50 42 29 43 41 45 26 55 51 17 51 34 48 5 34 40 20 26 27 25 64 0 72 39 24 22 2 27 13 12 39 39 25 56 45 70 64 41 46 45 37 15 44 17 23 45 57 60 39 53 45 12 27 49 43 62 21 29 35 50 3 56 50 
43 34 95 100 93 93 49 31 28 29 114 42 100 113 58 74 81 33 84 69 107 64 86 65 76 69 60 22 78 91 69 53 40 88 60 66 82 88 72 0 89 95 89 71 44 59 80 61 35 78 28 28 2 135 95 96 69 91 57 77 56 50 86 84 89 65 80 33 83 74 98 38 12 93 84 78 43 69 127 23 
72 54 46 12 47 42 55 79 61 61 59 48 11 63 31 72 34 57 81 68 23 79 83 24 29 89 54 73 73 10 36 35 72 52 64 66 62 103 39 89 0 33 24 37 51 39 30 30 55 63 84 69 88 68 76 82 84 4 46 17 41 52 83 25 99 78 24 73 42 16 11 74 84 39 67 73 83 38 68 66 
63 63 14 31 16 10 49 75 71 73 27 63 36 30 43 50 14 69 55 48 24 61 57 38 59 70 40 74 49 43 26 49 64 23 48 47 36 79 24 95 33 0 10 24 50 35 14 50 61 39 80 68 94 42 47 53 64 29 39 47 39 47 57 57 74 59 55 69 17 32 39 67 86 7 40 49 73 26 38 72 
61 56 22 24 24 18 45 71 63 65 37 55 28 40 34 53 14 61 60 50 22 63 62 28 49 72 39 69 53 33 22 40 62 29 48 48 41 83 22 89 24 10 0 21 45 30 10 40 54 42 77 64 88 51 54 60 66 20 35 36 33 43 62 47 79 61 45 65 20 22 31 64 81 16 45 53 72 23 48 65 
40 42 24 43 23 22 25 51 49 52 44 45 46 44 27 35 9 49 44 31 43 43 46 25 53 52 18 51 36 46 3 33 41 22 27 28 27 66 2 71 37 24 21 0 27 12 11 37 38 27 56 45 70 64 43 48 46 36 15 42 16 23 47 55 62 41 52 45 13 26 47 44 62 21 31 36 51 2 57 49 
24 18 51 61 50 49 10 29 24 28 70 26 61 70 22 41 36 26 52 36 65 39 55 27 51 49 20 24 44 56 24 22 22 45 26 31 43 67 27 44 51 50 45 27 0 15 36 31 13 40 33 19 43 91 58 62 45 51 13 45 12 8 55 57 65 38 53 22 39 35 61 24 36 48 46 44 34 25 83 22 
33 30 37 48 36 34 16 42 37 40 56 33 50 56 19 38 21 37 48 33 50 41 51 19 48 51 16 39 40 47 9 23 33 33 26 29 35 68 13 59 39 35 30 12 15 0 21 30 26 33 47 34 58 76 51 55 46 39 7 39 4 13 52 52 65 40 48 35 25 24 50 35 51 34 38 40 44 11 69 37 
51 49 20 33 21 17 35 62 56 59 38 50 37 40 30 44 5 55 51 40 32 53 53 25 51 62 29 60 44 39 12 36 52 23 38 38 33 74 12 80 30 14 10 11 36 21 0 38 46 34 67 54 79 56 47 53 56 27 26 38 25 33 54 51 70 51 48 55 13 22 39 54 72 15 37 44 62 12 51 58 
55 27 58 42 58 54 40 58 33 32 76 19 40 78 11 67 42 28 78 62 51 69 81 13 20 79 45 48 70 31 34 9 53 59 54 58 63 97 39 61 30 50 40 37 31 30 38 0 29 62 62 46 60 91 79 84 75 33 35 16 28 37 81 26 94 68 22 52 49 19 38 55 58 53 67 70 65 36 88 39 
30 6 62 66 61 60 21 29 11 15 82 17 66 82 24 53 47 14 64 47 72 49 67 30 48 58 33 18 56 59 35 21 27 57 37 43 56 77 39 35 55 61 54 38 13 26 46 29 0 52 32 17 34 102 71 74 55 56 25 45 22 21 67 56 76 48 51 24 51 39 65 28 29 60 58 56 38 36 95 12 
36 58 28 67 26 30 31 50 63 67 42 65 70 39 51 11 29 66 18 11 63 25 20 51 79 32 20 57 10 72 29 55 39 17 19 13 5 40 25 78 63 39 42 27 40 33 34 62 52 0 55 50 76 65 18 23 25 61 29 69 35 32 20 82 36 22 78 46 23 52 72 42 67 32 6 11 43 27 54 60 
19 36 76 94 75 76 32 6 34 39 95 48 95 92 55 48 66 41 57 45 97 36 59 60 81 41 41 16 52 89 55 53 16 68 37 42 59 60 56 28 84 80 77 56 33 47 67 62 32 55 0 16 26 117 70 70 42 85 41 77 44 34 60 88 61 38 84 12 66 68 95 13 16 76 60 52 15 55 108 27 
18 21 67 79 66 66 21 13 21 25 86 33 80 85 39 47 54 27 57 42 84 39 60 45 65 46 32 7 50 74 42 37 14 60 32 38 54 66 45 28 69 68 64 45 19 34 54 46 17 50 16 0 27 108 67 69 45 70 29 61 30 22 60 72 65 39 68 8 56 53 79 13 18 66 56 51 23 43 99 14 
42 34 93 100 92 92 47 29 27 29 112 42 99 112 57 72 80 33 82 68 106 62 84 64 76 67 59 20 76 91 68 53 38 86 58 64 81 86 70 2 88 94 88 70 43 58 79 60 34 76 26 27 0 134 93 94 67 90 55 77 55 48 85 84 87 63 80 31 82 73 98 36 10 92 82 76 41 68 126 23 
99 105 41 59 42 42 87 112 112 115 23 105 65 27 85 76 55 111 75 76 47 90 75 79 97 96 76 114 73 76 67 91 101 50 82 78 61 96 64 135 68 42 51 64 91 76 56 91 102 65 117 108 134 0 60 65 90 64 79 85 80 86 75 93 91 88 92 106 52 72 69 104 126 42 63 73 108 66 13 113 
52 76 33 77 31 37 50 65 81 86 38 83 82 33 69 21 42 84 15 25 71 35 15 67 96 37 38 74 18 86 46 73 55 24 35 29 16 36 41 95 76 47 54 43 58 51 47 79 71 18 70 67 93 60 0 6 32 74 47 84 53 50 15 97 31 33 94 62 34 68 85 58 83 39 13 18 56 43 48 78 
53 80 40 84 38 43 53 66 84 89 44 87 88 39 74 22 48 88 13 27 77 34 12 73 101 35 42 76 19 92 51 78 56 31 38 31 21 31 46 96 82 53 60 48 62 55 53 84 74 23 70 69 94 65 6 0 30 80 51 90 57 54 12 103 26 33 100 63 40 73 91 58 84 46 17 18 56 49 53 81 
27 61 53 89 51 55 36 38 64 68 66 71 92 62 64 14 52 69 17 16 87 6 19 66 94 6 30 50 16 92 47 66 30 42 21 18 29 22 45 69 84 64 66 46 45 46 56 75 55 25 42 45 67 90 32 30 0 82 40 85 46 38 19 98 21 7 94 37 47 70 94 32 57 57 27 16 27 46 78 58 
72 57 42 10 44 38 55 80 63 64 55 51 10 59 33 71 32 59 79 67 19 78 81 26 33 88 53 74 71 13 35 38 72 49 63 64 60 101 37 91 4 29 20 36 51 39 27 33 56 61 85 70 90 64 74 80 82 0 46 21 42 52 81 29 97 77 28 74 39 17 11 74 85 36 64 71 83 37 64 68 
27 30 38 55 37 36 10 36 36 40 57 36 56 57 24 32 25 38 43 27 56 35 46 26 54 45 10 35 35 54 13 27 27 32 19 23 31 62 15 57 46 39 35 15 13 7 26 35 25 29 41 29 55 79 47 51 40 46 0 46 7 7 46 58 59 33 54 30 27 31 57 29 47 36 35 35 37 13 71 35 
69 44 58 29 59 54 52 73 49 48 73 35 26 76 23 76 43 44 86 71 40 80 88 20 13 90 55 64 78 15 40 25 68 61 65 68 69 106 44 77 17 47 36 42 45 39 38 16 45 69 77 61 77 85 84 90 85 21 46 0 39 50 89 13 103 79 9 67 51 17 23 69 74 51 73 78 79 42 83 55 
31 26 40 51 39 38 14 39 33 36 60 30 52 60 18 39 25 34 50 34 54 41 52 20 48 51 17 36 41 48 13 21 30 36 26 30 37 68 17 56 41 39 33 16 12 4 25 28 22 35 44 30 55 80 53 57 46 42 7 39 0 11 53 52 65 40 48 32 29 26 52 33 47 37 40 42 42 14 73 33 
20 26 45 61 44 43 3 29 31 36 64 34 63 63 27 33 32 34 44 28 63 32 47 30 57 42 12 28 36 59 21 28 20 38 18 23 35 60 23 50 52 47 43 23 8 13 33 37 21 32 34 22 48 86 50 54 38 52 7 50 11 0 47 62 58 31 58 22 34 37 63 22 40 44 38 36 31 21 77 29 
43 73 45 86 42 47 46 55 77 82 53 81 90 48 70 14 49 81 3 20 81 23 0 70 99 23 36 66 12 93 49 74 47 34 30 24 21 22 45 86 83 57 62 47 55 52 54 81 67 20 60 60 85 75 15 12 19 81 46 89 53 47 0 102 17 22 98 54 42 72 92 49 74 50 17 11 45 47 63 73 
81 53 69 34 70 65 65 84 58 56 84 43 29 87 35 89 56 51 99 84 47 93 101 32 9 103 68 74 91 17 53 36 79 74 78 81 82 120 57 84 25 57 47 55 57 52 51 26 56 82 88 72 84 93 97 103 98 29 58 13 52 62 102 0 116 92 4 78 63 30 25 81 83 63 86 91 91 55 93 64 
48 81 62 103 60 65 56 57 84 89 69 91 107 64 83 27 66 90 19 32 98 27 18 84 113 20 49 71 26 108 64 86 51 51 40 36 38 5 60 89 99 74 79 62 65 65 70 94 76 36 61 65 87 91 31 26 21 97 59 103 65 58 17 116 0 27 112 58 59 87 109 52 76 67 34 26 46 62 78 79 
22 54 50 84 48 51 29 33 58 62 64 64 87 61 57 12 47 62 19 12 82 2 22 59 88 12 24 45 16 86 42 60 25 39 14 12 27 29 39 65 78 59 61 41 38 40 51 68 48 22 38 39 63 88 33 33 7 77 33 79 40 31 22 92 27 0 88 32 43 64 88 27 52 53 25 16 24 40 76 52 
77 49 67 34 68 63 61 80 53 52 82 39 30 85 31 85 52 47 95 80 46 89 98 28 6 99 64 69 87 17 49 31 75 71 73 77 78 115 53 80 24 55 45 52 53 48 48 22 51 78 84 68 80 92 94 100 94 28 54 9 48 58 98 4 112 88 0 74 60 26 26 76 79 60 83 87 87 51 91 60 
11 29 66 83 64 65 20 6 29 33 84 40 84 82 44 41 54 35 51 37 86 31 53 49 72 38 30 13 45 79 43 43 7 57 27 33 50 58 45 33 73 69 65 45 22 35 55 52 24 46 12 8 31 106 62 63 37 74 30 67 32 22 54 78 58 32 74 0 55 57 83 5 21 65 51 45 15 43 97 22 
48 55 11 44 11 10 35 60 62 65 31 58 48 31 39 34 8 62 40 31 40 45 42 36 63 53 25 62 33 52 16 45 50 10 32 30 21 63 12 83 42 17 20 13 39 25 13 49 51 23 66 56 82 52 34 40 47 39 27 51 29 34 42 63 59 43 60 55 0 34 51 53 73 11 25 34 58 15 44 62 
57 40 42 27 42 38 40 64 47 47 58 35 27 61 16 60 26 43 69 55 34 65 72 9 29 75 40 57 61 22 23 21 56 44 50 52 52 91 27 74 16 32 22 26 35 24 22 19 39 52 68 53 73 72 68 73 70 17 31 17 26 37 72 30 87 64 26 57 34 0 26 58 68 36 56 62 68 25 70 51 
83 64 53 10 54 49 66 90 70 70 63 57 4 68 41 82 43 65 90 78 22 90 92 34 32 99 64 83 83 8 46 45 82 60 74 76 71 113 49 98 11 39 31 47 61 50 39 38 65 72 95 79 98 69 85 91 94 11 57 23 52 63 92 25 109 88 26 83 51 26 0 84 94 46 75 83 94 48 71 75 
6 33 63 83 61 63 19 8 34 38 81 44 84 79 46 36 53 40 46 32 85 26 48 51 74 33 28 18 40 80 42 45 3 54 23 29 46 53 43 38 74 67 64 44 24 35 54 55 28 42 13 13 36 104 58 58 32 74 29 69 33 22 49 81 52 27 76 5 53 58 84 0 26 63 47 40 11 42 94 27 
31 30 85 95 83 83 38 19 26 28 104 40 95 102 53 62 72 32 71 58 100 51 74 59 75 56 50 12 66 87 60 49 28 77 48 54 71 76 62 12 84 86 81 62 36 51 72 58 29 67 16 18 10 126 83 84 57 85 47 74 47 40 74 83 76 52 79 21 73 68 94 26 0 83 72 66 31 60 117 19 
59 63 7 38 8 3 45 71 70 73 23 64 43 25 45 43 12 70 48 41 32 55 49 40 64 63 36 72 42 49 24 51 60 16 43 41 29 71 21 93 39 7 16 21 48 34 15 53 60 32 76 66 92 42 39 46 57 36 36 51 37 44 50 63 67 53 60 65 11 36 46 63 83 0 33 42 69 23 36 71 
41 64 28 69 26 30 37 55 69 73 39 70 73 35 57 13 32 72 15 15 64 27 17 56 84 33 26 62 11 76 34 61 44 17 24 18 4 39 29 84 67 40 45 31 46 38 37 67 58 6 60 56 82 63 13 17 27 64 35 73 40 38 17 86 34 25 83 51 25 56 75 47 72 33 0 11 47 31 51 66 
34 62 38 77 36 40 35 47 66 71 50 70 81 46 59 4 40 70 8 9 73 17 11 59 88 22 25 57 0 82 38 63 38 27 19 13 14 30 35 78 73 49 53 36 44 40 44 70 56 11 52 51 76 73 18 18 16 71 35 78 42 36 11 91 26 16 87 45 34 62 83 40 66 42 11 0 39 36 62 63 
11 43 68 92 66 68 28 12 44 48 84 55 94 82 56 35 59 50 43 32 93 22 45 61 85 26 33 27 39 90 50 56 12 58 26 30 48 45 50 43 83 73 72 51 34 44 62 65 38 43 15 23 41 108 56 56 27 83 37 79 42 31 45 91 46 24 87 15 58 68 94 11 31 69 47 39 0 49 97 37 
39 40 26 44 25 24 23 49 47 50 46 43 47 46 26 35 11 47 44 30 44 42 46 24 53 51 17 49 36 47 2 31 39 23 26 28 27 65 3 69 38 26 23 2 25 11 12 36 36 27 55 43 68 66 43 49 46 37 13 42 14 21 47 55 62 40 51 43 15 25 48 42 60 23 31 36 49 0 59 47 
89 99 33 61 34 35 79 102 106 109 13 100 67 16 80 64 48 106 63 65 49 79 63 75 96 84 67 106 61 76 60 86 91 40 71 67 50 83 56 127 68 38 48 57 83 69 51 88 95 54 108 99 126 13 48 53 78 64 71 83 73 77 63 93 78 76 91 97 44 70 71 94 117 36 51 62 97 59 0 106 
32 12 73 77 72 71 29 26 7 12 93 22 77 92 35 59 58 15 70 54 83 52 72 42 56 60 41 11 62 69 46 31 28 67 43 50 64 80 50 23 66 72 65 49 22 37 58 39 12 60 27 14 23 113 78 81 58 68 35 55 33 29 73 64 79 52 60 22 62 51 75 27 19 71 66 63 37 47 106 0 
0 0 17 929 1754 527 27 34 138 11 20 0 51 12 316 372 51 2028 1275 0 813 0 112 16 42 0 126 0 102 22 9 198 17 8 1184 7 1911 0 35 0 43 53 0 62 107 52 0 72 943 185 1756 69 2154 226 26 882 498 1607 0 9 47 14 283 301 545 487 416 278 31 53 76 134 30 115 166 1083 1986 77 1896 264 
0 0 37 0 0 18 875 1655 0 0 82 182 200 0 78 312 41 0 19 0 0 1241 33 10 0 0 633 27 0 0 0 0 39 0 0 22 165 0 104 61 0 0 130 0 0 321 0 74 0 0 90 0 16 102 0 0 0 106 87 88 0 31 37 0 345 0 78 0 0 0 0 43 56 3000 0 0 97 0 0 92 
17 37 0 98 0 165 0 109 42 2803 2491 975 36 296 11 264 9 265 78 177 118 458 0 84 0 11 826 69 29 37 11 12 1280 822 95 293 930 8 31 99 165 33 81 517 10 100 12 281 78 85 57 25 150 390 239 0 0 471 3000 21 959 51 3000 88 10 1075 11 317 39 362 2459 77 403 20 90 36 573 17 7 229 
929 0 98 0 0 0 0 12 55 98 73 1027 53 161 12 128 803 42 424 16 16 363 0 1391 8 75 219 58 506 33 164 22 25 1386 3000 1037 22 2330 27 0 858 59 15 68 53 10 14 140 3000 16 52 14 55 215 14 21 0 206 69 36 30 59 62 27 11 14 325 8 1447 819 3000 253 142 22 546 12 115 100 308 25 
1754 0 0 0 0 9 29 3000 0 0 29 0 0 748 20 863 0 0 22 0 79 0 66 12 39 0 3000 0 0 140 9 38 0 0 998 0 459 0 275 0 0 30 0 0 0 0 0 0 63 0 114 0 0 36 0 21 12 301 0 0 353 835 0 0 7 37 11 49 655 67 8 0 126 180 0 862 0 0 416 11 
527 18 165 0 9 0 7 29 0 0 22 1261 63 14 152 121 18 0 15 0 0 945 623 28 623 0 313 2199 244 0 0 8 85 0 55 683 122 0 30 15 0 0 11 0 0 1825 0 881 86 0 387 0 950 368 0 502 259 130 77 653 373 7 181 0 121 0 246 0 0 11 0 90 202 24 0 0 8 0 26 1161 
27 875 0 0 29 7 0 339 0 0 905 0 0 46 34 178 39 0 1886 0 3000 0 256 926 42 0 276 49 15 18 0 1802 149 0 365 183 49 0 17 188 0 530 0 0 15 569 0 242 1127 0 1145 0 0 10 0 9 1834 598 0 291 353 33 45 0 639 8 193 66 21 79 271 34 46 288 0 803 119 0 857 850 
34 1655 109 12 3000 29 339 0 40 619 17 127 275 60 21 143 2127 41 259 0 74 1517 21 287 43 0 10 320 232 57 19 2358 3000 93 96 567 70 0 54 1300 153 22 200 96 748 576 0 1575 3000 995 29 247 570 854 89 2868 13 341 46 97 449 97 110 11 258 10 31 7 229 83 19 712 89 41 12 17 76 3000 1334 662 
138 0 42 55 0 0 0 40 0 730 7 94 69 42 0 41 223 12 84 22 1345 2906 0 509 16 240 0 0 23 138 62 328 398 24 574 25 100 276 1157 0 17 73 163 45 19 0 443 118 87 155 230 284 170 29 17 3000 36 267 0 3000 183 0 230 866 0 56 104 1399 18 124 395 74 186 94 25 587 48 348 19 984 
11 0 2803 98 0 0 0 619 730 0 360 0 10 1027 0 8 0 935 9 65 20 0 0 0 1231 0 0 0 27 20 366 8 0 108 12 583 0 3000 9 0 78 1395 0 1085 145 0 0 28 29 357 29 90 64 0 372 186 0 0 0 29 157 0 1102 464 0 66 0 129 186 169 242 0 1445 0 180 27 202 300 265 26 
20 82 2491 73 29 22 905 17 7 360 0 113 370 211 74 1538 48 13 822 0 125 102 50 177 12 0 482 22 20 295 270 234 1696 24 44 87 364 0 178 18 10 23 125 27 748 219 0 42 11 11 16 114 2670 39 79 57 21 30 119 99 16 16 39 8 372 42 1630 21 841 27 792 1632 1477 42 25 33 8 36 591 222 
0 182 975 1027 0 1261 0 127 94 0 113 0 887 22 10 39 213 17 79 269 0 13 0 35 0 181 942 195 3000 0 0 11 34 0 50 774 319 88 8 9 0 244 129 0 281 32 330 109 96 808 8 664 202 31 316 0 0 49 59 1147 412 19 3000 0 143 101 177 12 44 95 0 41 125 64 168 0 874 0 778 182 
51 200 36 53 0 63 0 275 69 10 370 887 0 10 1029 14 12 11 70 64 34 81 0 379 173 56 335 3000 330 152 661 7 80 42 669 3000 22 1653 136 230 206 369 40 1787 334 357 170 15 43 299 764 89 1384 96 41 15 0 968 8 346 1248 67 88 81 135 246 80 109 64 45 99 1983 547 533 1306 982 926 1139 1689 52 
12 0 296 161 748 14 46 60 42 1027 211 22 10 0 1932 135 1038 180 993 15 176 35 27 97 3000 47 8 0 2231 130 243 49 3000 13 77 2283 289 24 146 0 17 16 13 180 365 488 13 192 21 720 56 9 519 114 59 291 55 260 1609 9 143 235 76 15 187 48 111 19 71 640 58 207 79 22 36 57 26 111 21 582 
316 78 11 12 20 152 34 21 0 0 74 10 1029 1932 0 30 10 0 210 0 0 1671 92 195 10 0 634 8 445 180 0 19 92 0 619 31 176 0 410 124 0 517 1855 0 123 317 0 3000 259 0 1684 1103 12 91 129 23 405 818 409 169 185 585 66 0 34 1056 979 59 15 27 47 3000 2790 39 0 106 45 0 131 110 
372 312 264 128 863 121 178 143 41 8 1538 39 14 135 30 0 271 57 51 585 396 12 58 18 118 84 32 374 844 20 87 424 73 459 808 58 273 72 1093 199 747 28 9 19 8 730 89 16 13 534 211 562 55 7 2857 187 81 272 1252 96 332 41 212 252 24 663 549 331 449 63 146 7 194 301 164 244 30 14 3000 40 
51 41 9 803 0 18 39 2127 223 0 48 213 12 1038 10 271 0 12 285 109 773 20 8 526 499 43 76 175 214 7 0 659 2077 0 155 18 24 14 75 267 15 65 395 0 139 254 90 53 307 246 524 22 1473 363 19 23 256 26 73 8 12 190 552 23 10 1127 2651 38 13 781 74 111 260 2517 183 250 23 9 119 164 
2028 0 265 42 0 0 0 41 12 935 13 17 11 180 0 57 12 0 22 219 278 22 0 172 0 588 0 0 2839 125 339 162 107 880 8 148 0 222 190 0 64 48 49 273 1506 2265 64 47 334 29 1079 893 400 27 155 0 0 0 87 10 425 0 16 100 0 80 0 222 399 9 8 20 1179 0 1458 75 143 31 17 3000 
1275 19 78 424 22 15 1886 259 84 9 822 79 70 993 210 51 285 22 0 107 1538 156 226 3000 14 293 139 34 12 46 30 29 173 21 1982 239 216 9 20 132 661 26 456 49 54 46 37 7 23 146 1577 179 24 1199 56 852 68 19 55 146 332 941 262 23 462 102 99 227 68 250 133 338 871 689 36 171 1214 17 28 502 
0 0 177 16 0 0 0 0 22 65 0 269 64 15 0 585 109 219 107 0 37 104 0 3000 0 13 0 0 15 0 0 9 16 0 564 12 0 213 93 0 45 27 9 761 56 2361 112 16 1022 28 81 18 52 46 1732 0 0 0 39 13 396 0 2241 33 0 9 0 226 258 16 0 499 10 0 53 0 753 37 0 338 
813 0 118 16 79 0 3000 74 1345 20 125 0 34 176 0 396 773 278 1538 37 0 0 23 15 54 0 0 0 3000 22 213 37 305 196 1755 200 37 436 320 0 87 23 0 16 869 0 0 64 61 217 34 355 19 29 1064 20 431 36 0 145 19 0 8 1344 0 31 477 189 684 37 30 446 788 29 27 523 186 50 14 388 
0 1241 458 363 0 945 0 1517 2906 0 102 13 81 35 1671 12 20 22 156 104 0 0 0 133 0 633 1657 460 58 0 0 89 14 0 1054 31 0 9 114 106 0 377 3000 0 55 458 115 272 87 244 1237 17 84 1956 14 0 0 0 28 47 38 564 25 0 353 0 0 29 93 21 0 113 103 0 76 0 596 0 0 258 
112 33 0 0 66 623 256 21 0 0 50 0 0 27 92 58 8 0 226 0 23 0 0 482 897 0 276 137 146 238 0 57 26 0 154 23 911 0 9 504 0 64 0 0 0 109 0 48 54 0 14 0 0 252 0 9 83 29 3000 25 70 18 63 0 809 45 26 34 65 104 2143 9 121 37 0 173 9 0 18 8 
16 10 84 1391 12 28 926 287 509 0 177 35 379 97 195 18 526 172 3000 3000 15 133 482 0 9 392 48 35 14 3000 8 305 376 0 1241 1044 234 120 444 46 107 18 110 0 37 3000 561 131 152 385 193 18 34 33 974 10 1114 10 60 3000 222 8 74 11 64 192 815 91 535 207 172 2987 9 9 12 291 22 38 530 37 
42 0 0 8 39 623 42 43 16 1231 12 0 173 3000 10 118 499 0 14 0 54 0 897 9 0 0 724 0 164 526 152 29 35 200 199 11 3000 0 98 0 18 31 0 80 10 0 0 0 513 0 2905 896 56 33 0 32 47 447 0 104 10 253 82 9 79 1086 19 71 10 292 15 0 71 26 0 416 195 17 55 500 
0 0 11 75 0 0 0 0 240 0 0 181 56 47 0 84 43 588 293 13 0 633 0 392 0 0 0 261 37 0 0 8 1309 0 0 274 0 558 97 0 0 120 28 0 54 1521 13 1248 0 8 24 399 10 0 20 0 0 0 96 384 0 0 199 0 0 0 0 0 0 278 0 753 0 0 20 0 114 0 0 1757 
126 633 826 219 3000 313 276 10 0 0 482 942 335 8 634 32 76 0 139 0 0 1657 276 48 724 0 0 635 152 0 0 49 2975 0 111 1771 262 0 64 20 0 75 419 0 351 8 0 125 549 18 16 32 2932 47 92 11 3000 732 474 276 73 45 19 0 293 113 686 30 0 75 0 39 170 1198 153 0 496 0 202 360 
0 27 69 58 0 2199 49 320 0 0 22 195 3000 0 8 374 175 0 34 0 0 460 137 35 0 261 635 0 175 0 0 325 330 0 73 121 922 0 10 161 0 0 7 0 0 940 0 22 0 85 36 176 138 7 69 0 0 19 297 107 224 11 788 0 22 0 16 0 0 2813 0 751 150 943 3000 0 1690 0 247 121 
102 0 29 506 0 244 15 232 23 27 20 3000 330 2231 445 844 214 2839 12 15 3000 58 146 14 164 37 152 175 0 160 132 12 12 22 3000 8 143 290 27 0 591 38 139 1887 3000 350 163 1322 554 120 15 14 348 71 1688 80 1304 205 494 73 443 23 388 25 63 509 221 1155 14 149 669 116 3000 11 3000 482 551 525 51 114 
22 0 37 33 140 0 18 57 138 20 295 0 152 130 180 20 7 125 46 0 22 0 238 3000 526 0 0 0 160 0 85 367 221 40 398 565 8 0 1598 0 287 259 0 10 8 0 0 705 11 18 414 154 24 13 141 19 48 1886 0 251 30 126 3000 192 1981 144 236 23 391 954 8 89 1345 266 125 41 11 12 24 100 
9 0 11 164 9 0 0 19 62 366 270 0 661 243 0 87 0 339 30 0 213 0 0 8 152 0 0 0 132 85 0 62 0 421 25 53 91 0 32 0 20 370 0 33 29 0 0 0 12 70 432 207 197 16 60 1090 622 658 0 1161 278 0 187 683 0 837 0 1684 3000 149 11 0 122 1677 1231 384 1404 7 327 249 
198 0 12 22 38 8 1802 2358 328 8 234 11 7 49 19 424 659 162 29 9 37 89 57 305 29 8 49 325 12 367 62 0 15 507 28 118 365 26 7 0 38 29 66 8 12 8 8 12 63 55 811 142 10 118 87 2171 1705 34 101 17 473 141 10 56 190 1382 1589 108 114 56 69 1721 2770 503 151 109 24 150 9 60 
17 39 1280 25 0 85 149 3000 398 0 1696 34 80 3000 92 73 2077 107 173 16 305 14 26 376 35 1309 2975 330 12 221 0 15 0 0 652 401 256 442 124 1109 0 1344 192 0 890 103 56 230 99 17 132 355 307 252 21 207 0 3000 545 65 1850 93 2986 10 1198 84 18 1008 23 167 33 7 537 82 40 1072 109 840 31 421 
8 0 822 1386 0 0 0 93 24 108 24 0 42 13 0 459 0 880 21 0 196 0 0 0 200 0 0 0 22 40 421 507 0 0 41 3000 7 0 121 0 54 21 0 13 12 0 0 0 184 22 10 458 487 25 62 209 383 0 0 229 466 0 342 22 0 90 0 13 56 115 37 0 70 609 144 430 555 441 87 1004 
1184 0 95 3000 998 55 365 96 574 12 44 50 669 77 619 808 155 8 1982 564 1755 1054 154 1241 199 0 111 73 3000 398 25 28 652 41 0 129 12 318 30 0 28 2667 154 47 32 44 1638 55 94 8 101 14 33 40 328 99 1483 1769 578 162 183 29 598 1242 1090 119 182 16 37 8 305 10 36 61 305 53 56 56 72 1038 
7 22 293 1037 0 683 183 567 25 583 87 774 3000 2283 31 58 18 148 239 12 200 31 23 1044 11 274 1771 121 8 565 53 118 401 3000 129 0 19 372 174 633 14 407 634 182 23 91 234 43 252 331 614 17 38 757 46 8 0 108 87 145 1634 45 11 105 70 864 50 421 111 560 215 17 143 46 25 453 56 215 10 63 
1911 165 930 22 459 122 49 70 100 0 364 319 22 289 176 273 24 0 216 0 37 0 911 234 3000 0 262 922 143 8 91 365 256 7 12 19 0 0 240 108 213 341 48 0 93 688 0 873 175 131 70 51 96 109 705 2773 1013 34 162 42 302 99 755 44 915 805 1388 19 20 83 361 36 142 21 129 12 11 194 81 802 
0 0 8 2330 0 0 0 0 276 3000 0 88 1653 24 0 72 14 222 9 213 436 9 0 120 0 558 0 0 290 0 0 26 442 0 318 372 0 0 207 0 3000 262 502 0 18 1280 69 1903 695 260 340 211 14 112 41 0 0 0 3000 48 0 0 354 74 0 25 0 703 42 17 0 11 2994 0 755 0 13 795 0 546 
35 104 31 27 275 30 17 54 1157 9 178 8 136 146 410 1093 75 190 20 93 320 114 9 444 98 97 64 10 27 1598 32 7 124 121 30 174 240 207 0 55 254 10 20 17 1440 226 193 178 98 50 519 568 71 2472 754 619 38 48 3000 528 588 22 128 1321 13 20 12 21 97 12 17 114 380 1138 187 149 1233 10 25 29 
0 61 99 0 0 15 188 1300 0 0 18 9 230 0 124 199 267 0 132 0 0 106 504 46 0 0 20 161 0 0 0 0 1109 0 0 633 108 0 55 0 0 0 164 0 0 12 0 341 0 0 16 0 3000 37 0 0 0 18 65 937 0 9 23 0 229 0 677 0 0 0 0 8 555 135 0 0 868 0 0 500 
43 0 165 858 0 0 0 153 17 78 10 0 206 17 0 747 15 64 661 45 87 0 0 107 18 0 0 0 591 287 20 38 0 54 28 14 213 3000 254 0 0 147 0 156 34 0 0 240 67 77 83 31 124 3000 55 9 0 0 0 12 70 0 317 2669 0 74 0 15 98 56 19 0 245 910 138 40 931 146 107 3000 
53 0 33 59 30 0 530 22 73 1395 23 244 369 16 517 28 65 48 26 27 23 377 64 18 31 120 75 0 38 259 370 29 1344 21 2667 407 341 262 10 0 147 0 165 384 189 479 146 77 46 480 12 149 2023 130 133 81 19 227 398 61 22 43 618 33 817 670 70 48 773 406 136 1911 125 118 185 129 200 22 14 62 
0 130 81 15 0 11 0 200 163 0 125 129 40 13 1855 9 395 49 456 9 0 3000 0 110 0 28 419 7 139 0 0 66 192 0 154 634 48 502 20 164 0 165 0 0 40 279 860 17 1841 238 435 105 260 1076 1440 0 0 0 145 274 257 254 10 25 101 220 0 50 383 33 0 101 31 187 102 0 11 232 1792 115 
62 0 517 68 0 0 0 96 45 1085 27 0 1787 180 0 19 0 273 49 761 16 0 0 0 80 0 0 0 1887 10 33 8 0 13 47 182 0 0 17 0 156 384 0 0 214 0 0 0 8 26 364 187 44 0 92 19 0 0 0 23 72 0 17 1075 0 40 0 183 81 12 82 0 12 0 1348 32 50 2604 1182 420 
107 0 10 53 0 0 15 748 19 145 748 281 334 365 123 8 139 1506 54 56 869 55 0 37 10 54 351 0 3000 8 29 12 890 12 32 23 93 18 1440 0 34 189 40 214 0 102 353 247 24 74 545 20 19 293 173 241 0 23 122 867 375 7 73 23 10 316 83 530 45 131 8 3000 1414 1669 47 8 1490 150 20 22 
52 321 100 10 0 1825 569 576 0 0 219 32 357 488 317 730 254 2265 46 2361 0 458 109 3000 0 1521 8 940 350 0 0 8 103 0 44 91 688 1280 226 12 0 479 279 0 102 0 517 479 1203 3000 13 2802 641 142 31 0 0 36 1780 18 8 49 13 0 12 60 27 491 284 631 0 274 405 9 874 0 163 0 33 81 
0 0 12 14 0 0 0 0 443 0 0 330 170 13 0 89 90 64 37 112 0 115 0 561 0 13 0 0 163 0 0 8 56 0 1638 234 0 69 193 0 0 146 860 0 353 517 0 1103 0 17 356 17 816 476 17 0 0 0 166 11 0 0 158 296 0 0 0 18 629 88 0 30 27 0 357 0 267 39 0 230 
72 74 281 140 0 881 242 1575 118 28 42 109 15 192 3000 16 53 47 7 16 64 272 48 131 0 1248 125 22 1322 705 0 12 230 0 55 43 873 1903 178 341 240 77 17 0 247 479 1103 0 721 81 30 923 146 459 192 0 0 239 47 324 901 317 8 98 3000 249 34 972 12 11 595 627 251 110 209 786 2813 527 49 68 
943 0 78 3000 63 86 1127 3000 87 29 11 96 43 21 259 13 307 334 23 1022 61 87 54 152 513 0 549 0 554 11 12 63 99 184 94 252 175 695 98 0 67 46 1841 8 24 1203 0 721 0 407 284 412 1375 559 3000 327 231 1040 334 22 66 118 551 456 77 7 63 31 743 30 15 10 9 225 565 722 63 8 14 18 
185 0 85 16 0 0 0 995 155 357 11 808 299 720 0 534 246 29 146 28 217 244 0 385 0 8 18 85 120 18 70 55 17 22 8 331 131 260 50 0 77 480 238 26 74 3000 17 81 407 0 15 267 119 454 1694 0 0 0 136 323 15 70 1972 291 2319 8 0 126 471 52 105 500 24 204 256 17 164 724 33 863 
1756 90 57 52 114 387 1145 29 230 29 16 8 764 56 1684 211 524 1079 1577 81 34 1237 14 193 2905 24 16 36 15 414 432 811 132 10 101 614 70 340 519 16 83 12 435 364 545 13 356 30 284 15 0 654 61 519 9 99 73 1621 35 419 495 113 1128 112 32 8 229 308 91 119 16 42 16 54 294 21 51 179 8 1668 
69 0 25 14 0 0 0 247 284 90 114 664 89 9 1103 562 22 893 179 18 355 17 0 18 896 399 32 176 14 154 207 142 355 458 14 17 51 211 568 0 31 149 105 187 20 2802 17 923 412 267 654 0 17 31 84 0 0 21 389 7 139 147 38 388 721 13 107 25 256 86 574 1689 17 38 20 365 24 103 37 180 
2154 16 150 55 0 950 0 570 170 64 2670 202 1384 519 12 55 1473 400 24 52 19 84 0 34 56 10 2932 138 348 24 197 10 307 487 33 38 96 14 71 3000 124 2023 260 44 19 641 816 146 1375 119 61 17 0 51 1741 0 0 1064 85 264 327 263 99 1187 1312 219 1457 2061 44 9 2650 18 2725 2496 213 68 1449 3000 286 465 
226 102 390 215 36 368 10 854 29 0 39 31 96 114 91 7 363 27 1199 46 29 1956 252 33 33 0 47 7 71 13 16 118 252 25 40 757 109 112 2472 37 3000 130 1076 0 293 142 476 459 559 454 519 31 51 0 476 8 93 274 24 57 658 247 3000 425 53 152 3000 486 23 201 13 26 25 32 22 1314 19 33 467 904 
26 0 239 14 0 0 0 89 17 372 79 316 41 59 129 2857 19 155 56 1732 1064 14 0 974 0 20 92 69 1688 141 60 87 21 62 328 46 705 41 754 0 55 133 1440 92 173 31 17 192 3000 1694 9 84 1741 476 0 0 0 0 197 200 10 20 30 15 65 36 217 33 118 107 443 766 1056 191 435 406 22 30 57 3000 
882 0 0 21 21 502 9 2868 3000 186 57 0 15 291 23 187 23 0 852 0 20 0 9 10 32 0 11 0 80 19 1090 2171 207 209 99 8 2773 0 619 0 9 81 0 19 241 0 0 0 327 0 99 0 0 8 0 0 360 217 0 26 90 1096 61 681 166 90 10 535 147 3000 24 0 162 3000 0 34 384 2113 543 13 
498 0 0 0 12 259 1834 13 36 0 21 0 0 55 405 81 256 0 68 0 431 0 83 1114 47 0 3000 0 1304 48 622 1705 0 383 1483 0 1013 0 38 0 0 19 0 0 0 0 0 0 231 0 73 0 0 93 0 360 0 264 0 0 125 149 244 0 1709 25 8 10 68 45 155 0 1076 527 0 115 0 0 12 29 
1607 106 471 206 301 130 598 341 267 0 30 49 968 260 818 272 26 0 19 0 36 0 29 10 447 0 732 19 205 1886 658 34 3000 0 1769 108 34 0 48 18 0 227 0 0 23 36 0 239 1040 0 1621 21 1064 274 0 217 264 0 313 87 2375 1557 444 0 30 3000 14 20 2148 57 63 429 645 1825 0 78 149 0 193 23 
0 87 3000 69 0 77 0 46 0 0 119 59 8 1609 409 1252 73 87 55 39 0 28 3000 60 0 96 474 297 494 0 0 101 545 0 578 87 162 3000 3000 65 0 398 145 0 122 1780 166 47 334 136 35 389 85 24 197 0 0 313 0 137 192 1972 78 0 496 0 8 25 0 3000 0 103 341 450 130 0 39 0 746 510 
9 88 21 36 0 653 291 97 3000 29 99 1147 346 9 169 96 8 10 146 13 145 47 25 3000 104 384 276 107 73 251 1161 17 65 229 162 145 42 48 528 937 12 61 274 23 867 18 11 324 22 323 419 7 264 57 200 26 0 87 137 0 167 549 83 174 41 102 53 50 60 9 64 8 12 223 35 1290 798 38 112 116 
47 0 959 30 353 373 353 449 183 157 16 412 1248 143 185 332 12 425 332 396 19 38 70 222 10 0 73 224 443 30 278 473 1850 466 183 1634 302 0 588 0 70 22 257 72 375 8 0 901 66 15 495 139 327 658 10 90 125 2375 192 167 0 407 9 77 14 162 80 1707 32 38 38 953 181 105 63 75 45 36 199 11 
14 31 51 59 835 7 33 97 0 0 16 19 67 235 585 41 190 0 941 0 0 564 18 8 253 0 45 11 23 126 0 141 93 0 29 45 99 0 22 9 0 43 254 0 7 49 0 317 118 70 113 147 263 247 20 1096 149 1557 1972 549 407 0 26 0 15 33 3000 47 37 1391 96 153 63 137 42 350 449 0 1032 31 
283 37 3000 62 0 181 45 110 230 1102 39 3000 88 76 66 212 552 16 262 2241 8 25 63 74 82 199 19 788 388 3000 187 10 2986 342 598 11 755 354 128 23 317 618 10 17 73 13 158 8 551 1972 1128 38 99 3000 30 61 244 444 78 83 9 26 0 579 720 10 48 1027 9 62 57 209 1169 7 67 25 10 45 322 2014 
301 0 88 27 0 0 0 11 866 464 8 0 81 15 0 252 23 100 23 33 1344 0 0 11 9 0 0 0 25 192 683 56 10 22 1242 105 44 74 1321 0 2669 33 25 1075 23 0 296 98 456 291 112 388 1187 425 15 681 0 0 0 174 77 0 579 0 0 1538 0 42 91 2562 52 0 2408 18 101 1919 44 932 61 44 
545 345 10 11 7 121 639 258 0 0 372 143 135 187 34 24 10 0 462 0 0 353 809 64 79 0 293 22 63 1981 0 190 1198 0 1090 70 915 0 13 229 0 817 101 0 10 12 0 3000 77 2319 32 721 1312 53 65 166 1709 30 496 41 14 15 720 0 0 1417 10 51 24 12 438 582 2141 634 34 66 202 0 18 8 
487 0 1075 14 37 0 8 10 56 66 42 101 246 48 1056 663 1127 80 102 9 31 0 45 192 1086 0 113 0 509 144 837 1382 84 90 119 864 805 25 20 0 74 670 220 40 316 60 0 249 7 8 8 13 219 152 36 90 25 3000 0 102 162 33 10 1538 1417 0 16 34 24 14 12 155 141 78 20 282 27 263 317 30 
416 78 11 325 11 246 193 31 104 0 1630 177 80 111 979 549 2651 0 99 0 477 0 26 815 19 0 686 16 221 236 0 1589 18 0 182 50 1388 0 12 677 0 70 0 0 83 27 0 34 63 0 229 107 1457 3000 217 10 8 14 8 53 80 3000 48 0 10 16 0 318 20 80 9 21 112 19 0 1684 65 0 1123 37 
278 0 317 8 49 0 66 7 1399 129 21 12 109 19 59 331 38 222 227 226 189 29 34 91 71 0 30 0 1155 23 1684 108 1008 13 16 421 19 703 21 0 15 48 50 183 530 491 18 972 31 126 308 25 2061 486 33 535 10 20 25 50 1707 47 1027 42 51 34 318 0 3000 270 52 339 406 43 138 17 551 17 309 18 
31 0 39 1447 655 0 21 229 18 186 841 44 64 71 15 449 13 399 68 258 684 93 65 535 10 0 0 0 14 391 3000 114 23 56 37 111 20 42 97 0 98 773 383 81 45 284 629 12 743 471 91 256 44 23 118 147 68 2148 0 60 32 37 9 91 24 24 20 3000 0 35 34 1112 9 215 510 286 22 1235 79 108 
53 0 362 819 67 11 79 83 124 169 27 95 45 640 27 63 781 9 250 16 37 21 104 207 292 278 75 2813 149 954 149 56 167 115 8 560 83 17 12 0 56 406 33 12 131 631 88 11 30 52 119 86 9 201 107 3000 45 57 3000 9 38 1391 62 2562 12 14 80 270 35 0 17 874 108 1218 692 17 41 413 27 3000 
76 0 2459 3000 8 0 271 19 395 242 792 0 99 58 47 146 74 8 133 0 30 0 2143 172 15 0 0 0 669 8 11 69 33 37 305 215 361 0 17 0 19 136 0 82 8 0 0 595 15 105 16 574 2650 13 443 24 155 63 0 64 38 96 57 52 438 12 9 52 34 17 0 261 47 163 279 438 195 188 1472 37 
134 43 77 253 0 90 34 712 74 0 1632 41 1983 207 3000 7 111 20 338 499 446 113 9 2987 0 753 39 751 116 89 0 1721 7 0 10 17 36 11 114 8 0 1911 101 0 3000 274 30 627 10 500 42 1689 18 26 766 0 0 429 103 8 953 153 209 0 582 155 21 339 1112 874 261 0 8 9 1393 18 127 0 7 24 
30 56 403 142 126 202 46 89 186 1445 1477 125 547 79 2790 194 260 1179 871 10 788 103 121 9 71 0 170 150 3000 1345 122 2770 537 70 36 143 142 2994 380 555 245 125 31 12 1414 405 27 251 9 24 16 17 2725 25 1056 162 1076 645 341 12 181 63 1169 2408 2141 141 112 406 9 108 47 8 0 8 92 301 3000 170 22 307 
115 3000 20 22 180 24 288 41 94 0 42 64 533 22 39 301 2517 0 689 0 29 0 37 9 26 0 1198 943 11 266 1677 503 82 609 61 46 21 0 1138 135 910 118 187 0 1669 9 0 110 225 204 54 38 2496 32 191 3000 527 1825 450 223 105 137 7 18 634 78 19 43 215 1218 163 9 8 0 1568 14 1763 817 194 197 
166 0 90 546 0 0 0 12 25 180 25 168 1306 36 0 164 183 1458 36 53 27 76 0 12 0 20 153 3000 3000 125 1231 151 40 144 305 25 129 755 187 0 138 185 102 1348 47 874 357 209 565 256 294 20 213 22 435 0 0 0 130 35 63 42 67 101 34 20 0 138 510 692 279 1393 92 1568 0 18 184 7 102 15 
1083 0 36 12 862 0 803 17 587 27 33 0 982 57 106 244 250 75 171 0 523 0 173 291 416 0 0 0 482 41 384 109 1072 430 53 453 12 0 149 0 40 129 0 32 8 0 0 786 722 17 21 365 68 1314 406 34 115 78 0 1290 75 350 25 1919 66 282 1684 17 286 17 438 18 301 14 18 0 187 245 207 101 
1986 97 573 115 0 8 119 76 48 202 8 874 926 26 45 30 23 143 1214 753 186 596 9 22 195 114 496 1690 551 11 1404 24 109 555 56 56 11 13 1233 868 931 200 11 50 1490 163 267 2813 63 164 51 24 1449 19 22 384 0 149 39 798 45 449 10 44 202 27 65 551 22 41 195 127 3000 1763 184 187 0 7 338 148 
77 0 17 100 0 0 0 3000 348 300 36 0 1139 111 0 14 9 31 17 37 50 0 0 38 17 0 0 0 525 12 7 150 840 441 56 215 194 795 10 0 146 22 232 2604 150 0 39 527 8 724 179 103 3000 33 30 2113 0 0 0 38 36 0 45 932 0 263 0 17 1235 413 188 0 170 817 7 245 7 0 33 624 
