80
0 81 87 28 52 69 81 61 95 51 30 42 51 32 12 47 86 55 78 80 44 12 84 61 55 40 20 54 108 28 60 52 61 92 57 65 56 51 28 75 10 12 72 7 77 70 53 63 34 59 29 61 80 87 85 43 74 38 58 77 40 83 35 55 64 34 24 66 23 69 35 71 26 35 60 39 28 69 83 91 
81 0 21 84 30 28 41 20 32 70 73 39 34 58 71 67 19 29 26 24 37 74 46 68 51 89 68 39 45 72 27 49 43 24 48 17 33 70 76 7 77 69 14 84 13 31 43 47 48 60 94 25 28 34 18 54 9 83 56 39 90 22 56 39 50 89 84 26 86 43 55 52 74 47 24 42 66 12 21 10 
87 21 0 96 38 48 62 31 11 87 72 47 49 59 79 61 40 44 47 45 47 83 67 58 44 103 71 56 63 72 43 44 62 5 66 32 49 87 88 27 86 75 33 92 34 21 39 37 57 50 93 43 49 14 3 69 18 97 47 24 87 5 56 56 69 102 84 45 87 31 55 72 74 54 29 50 66 24 5 23 
28 84 96 0 58 63 70 66 106 30 56 50 50 52 23 72 83 55 72 75 50 20 72 84 75 12 43 47 99 54 58 71 50 101 45 68 53 29 9 77 20 31 72 22 76 83 69 81 39 81 57 60 73 100 93 33 80 10 79 92 68 93 55 48 50 6 52 62 51 86 55 56 52 44 68 47 52 74 93 93 
52 30 38 58 0 28 46 10 48 52 46 10 15 30 42 44 39 13 35 36 8 45 51 50 33 65 39 25 65 44 17 30 34 43 36 15 20 52 50 25 48 39 24 55 29 28 23 34 19 43 65 18 38 42 35 33 23 60 39 38 63 35 29 26 42 64 55 24 57 35 27 47 46 17 10 13 38 18 34 39 
69 28 48 63 28 0 18 23 59 44 72 33 18 56 57 73 20 17 9 12 30 58 23 79 61 65 62 16 40 70 11 58 16 52 21 19 13 44 54 21 62 58 15 69 16 49 51 61 35 71 89 10 11 59 45 31 31 60 67 60 90 48 56 15 22 67 79 5 81 60 55 24 71 39 32 34 64 25 46 33 
81 41 62 70 46 18 0 40 73 44 88 49 34 73 69 90 24 34 15 17 46 70 5 96 78 69 77 28 29 86 28 75 21 65 25 36 28 45 62 36 73 71 29 80 28 66 69 79 50 88 104 28 13 74 58 39 46 64 84 76 106 62 73 26 20 72 95 22 96 77 71 16 87 54 49 51 80 42 61 42 
61 20 31 66 10 23 40 0 42 56 55 19 17 39 52 52 30 12 28 28 17 54 46 56 38 72 49 26 56 54 14 36 33 36 37 5 19 56 57 15 57 49 14 64 19 27 29 38 28 48 75 14 30 39 28 38 14 66 44 37 73 29 38 26 41 71 65 19 67 37 37 45 55 27 9 22 48 9 28 30 
95 32 11 106 48 59 73 42 0 98 77 57 60 65 88 64 50 54 58 55 56 91 78 59 47 113 78 67 72 77 55 48 73 7 78 43 60 98 98 38 94 83 45 100 45 26 44 40 67 52 99 54 60 11 15 80 29 108 49 24 90 13 63 68 81 112 90 56 93 32 62 83 80 63 38 60 72 35 14 33 
51 70 87 30 52 44 44 56 98 0 72 47 39 62 41 83 63 44 51 54 46 39 45 94 80 25 59 31 73 70 44 76 28 92 22 55 38 1 24 63 42 47 56 47 59 80 72 84 39 89 80 45 51 94 84 19 69 21 85 90 88 85 64 31 25 30 73 44 72 86 63 29 69 46 61 46 65 63 84 76 
30 73 72 56 46 72 88 55 77 72 0 39 54 16 33 18 85 55 80 81 42 37 92 31 31 68 14 61 110 2 61 29 70 76 69 60 60 72 53 69 37 26 69 37 74 52 33 39 38 32 21 62 82 67 71 57 64 65 31 55 18 67 17 62 77 62 13 68 16 46 18 84 4 33 50 37 8 62 67 83 
42 39 47 50 10 33 49 19 57 47 39 0 15 23 33 41 47 16 41 42 3 36 54 49 33 57 30 24 71 37 22 29 34 52 35 23 21 47 42 34 39 30 31 46 37 34 25 37 10 43 57 23 43 50 44 28 32 52 39 44 57 44 24 26 41 55 47 29 49 39 22 48 38 8 18 3 31 27 43 49 
51 34 49 50 15 18 34 17 60 39 54 15 0 38 40 56 36 5 27 29 12 42 39 64 47 55 44 10 58 52 9 44 19 54 21 18 6 39 41 27 45 39 22 52 27 42 38 49 17 57 70 11 29 56 45 20 31 49 53 52 72 47 39 11 27 55 61 15 62 50 37 33 53 20 23 16 46 25 46 43 
32 58 59 52 30 56 73 39 65 62 16 23 38 0 29 21 69 40 64 65 26 33 77 33 24 63 13 46 94 14 45 20 56 63 55 44 44 61 47 54 34 22 53 38 58 40 21 31 25 29 36 46 66 56 57 45 49 59 27 45 34 54 3 48 63 58 26 52 29 37 4 69 16 19 34 22 8 46 54 68 
12 71 79 23 42 57 69 52 88 41 33 33 40 29 0 48 75 44 66 69 34 4 72 61 52 35 20 42 96 31 49 49 49 85 46 55 45 41 20 65 6 7 62 13 67 64 48 59 24 58 38 50 68 80 77 32 65 31 56 71 47 76 32 43 53 30 32 54 31 64 32 60 30 26 51 30 28 60 75 81 
47 67 61 72 44 73 90 52 64 83 18 41 56 21 48 0 82 56 79 80 44 52 95 13 18 83 28 65 108 20 62 18 75 65 75 57 62 83 67 65 53 41 67 55 71 40 24 25 45 14 37 62 82 53 60 66 58 79 15 41 26 56 19 67 82 78 30 68 33 32 20 89 22 39 45 41 20 56 56 76 
86 19 40 83 39 20 24 30 50 63 85 47 36 69 75 82 0 32 12 9 44 77 29 85 67 85 77 36 27 83 26 65 35 43 40 25 31 63 74 17 80 75 16 88 11 49 58 65 52 77 104 25 12 53 37 51 27 80 72 58 102 42 68 35 39 87 94 21 96 61 66 39 85 54 37 49 77 26 40 18 
55 29 44 55 13 17 34 12 54 44 55 16 5 40 44 56 32 0 24 26 13 46 39 63 45 60 46 13 55 54 6 42 22 48 25 13 7 43 47 22 50 43 18 57 22 38 36 47 21 55 73 7 27 51 40 26 26 55 51 49 73 42 40 14 30 60 63 12 65 47 38 35 55 23 19 18 47 20 41 37 
78 26 47 72 35 9 15 28 58 51 80 41 27 64 66 79 12 24 0 4 38 67 20 84 66 73 70 25 31 78 19 64 23 51 28 23 22 51 63 21 71 66 15 78 13 52 57 66 44 76 97 18 3 59 44 39 31 68 72 62 98 48 64 24 27 75 88 12 89 63 62 27 79 47 36 42 72 27 46 29 
80 24 45 75 36 12 17 28 55 54 81 42 29 65 69 80 9 26 4 0 39 70 22 84 66 77 72 28 29 80 21 64 26 48 32 23 24 55 67 19 74 69 14 81 11 51 57 65 47 76 99 19 4 57 42 43 30 72 72 61 99 46 65 27 31 79 90 15 91 62 63 30 81 49 36 44 73 26 44 25 
44 37 47 50 8 30 46 17 56 46 42 3 12 26 34 44 44 13 38 39 0 37 51 52 35 57 33 21 68 40 19 32 31 52 32 21 18 46 42 31 40 32 29 47 34 35 27 39 11 45 60 20 40 50 44 27 31 52 41 45 60 43 27 23 39 55 50 25 52 41 25 45 41 10 18 5 34 26 43 47 
12 74 83 20 45 58 70 54 91 39 37 36 42 33 4 52 77 46 67 70 37 0 73 65 56 31 24 43 97 34 51 52 49 88 46 57 46 39 17 67 4 11 64 11 68 67 51 63 26 62 40 52 69 84 80 31 68 28 59 75 50 79 36 44 53 26 34 56 33 68 36 59 33 29 54 33 32 62 78 83 
84 46 67 72 51 23 5 46 78 45 92 54 39 77 72 95 29 39 20 22 51 73 0 101 83 70 81 32 29 90 34 81 24 70 27 41 33 45 64 41 76 75 35 83 33 71 74 84 54 94 108 33 18 79 64 41 51 65 89 81 110 68 78 30 21 74 99 27 100 82 76 16 91 59 54 55 84 47 66 47 
61 68 58 84 50 79 96 56 59 94 31 49 64 33 61 13 85 63 84 84 52 65 101 0 18 95 41 73 112 33 68 21 83 61 84 61 70 94 80 68 65 54 70 68 75 38 27 21 55 8 48 68 87 48 58 76 59 91 13 35 35 53 30 75 91 91 42 74 46 27 31 97 35 48 48 50 33 59 54 76 
55 51 44 75 33 61 78 38 47 80 31 33 47 24 52 18 67 45 66 66 35 56 83 18 0 85 36 56 94 32 50 4 66 47 68 43 52 79 69 50 58 45 52 62 56 23 9 8 40 10 52 50 69 36 43 61 41 80 6 24 43 38 20 58 74 81 44 56 47 15 20 80 34 34 30 34 28 41 39 59 
40 89 103 12 65 65 69 72 113 25 68 57 55 63 35 83 85 60 73 77 57 31 70 95 85 0 55 50 98 65 62 81 51 108 45 73 56 25 16 82 31 42 76 33 80 92 79 91 47 92 68 64 74 107 100 35 86 6 89 101 80 100 66 51 49 7 64 65 62 95 65 54 64 53 75 55 63 80 99 97 
20 68 71 43 39 62 77 49 78 59 14 30 44 13 20 28 77 46 70 72 33 24 81 41 36 55 0 50 101 11 52 32 58 76 57 53 50 58 40 63 24 13 62 27 67 52 34 43 27 40 27 53 73 69 69 44 60 51 38 58 30 66 16 51 64 50 17 58 19 50 16 71 11 24 45 28 9 56 66 78 
54 39 56 47 25 16 28 26 67 31 61 24 10 46 42 65 36 13 25 28 21 43 32 73 56 50 50 0 54 59 13 53 10 61 11 25 7 31 39 32 46 43 26 54 29 51 48 59 23 66 76 14 27 64 53 15 38 45 62 62 79 55 47 2 17 51 67 15 68 60 45 24 59 28 32 24 53 32 54 47 
108 45 63 99 65 40 29 56 72 73 110 71 58 94 96 108 27 55 31 29 68 97 29 112 94 98 101 54 0 109 50 92 49 65 54 51 52 74 91 44 101 97 42 108 37 76 85 92 75 103 128 48 29 78 61 67 54 93 99 84 128 66 94 53 49 101 119 43 120 88 92 45 110 78 64 73 102 53 65 40 
28 72 72 54 44 70 86 54 77 70 2 37 52 14 31 20 83 54 78 80 40 34 90 33 32 65 11 59 109 0 59 29 68 76 67 59 58 69 51 68 34 24 68 35 73 52 33 40 36 33 22 60 80 67 70 55 64 62 32 55 20 67 16 60 74 60 13 66 16 47 17 81 3 32 49 36 6 60 67 82 
60 27 43 58 17 11 28 14 55 44 61 22 9 45 49 62 26 6 19 21 19 51 34 68 50 62 52 13 50 59 0 47 19 48 23 12 6 44 50 20 54 48 14 61 18 41 41 51 26 60 78 2 21 52 40 27 26 57 56 51 79 42 45 13 27 63 69 7 71 50 43 31 60 28 22 24 53 19 41 34 
52 49 44 71 30 58 75 36 48 76 29 29 44 20 49 18 65 42 64 64 32 52 81 21 4 81 32 53 92 29 47 0 63 48 64 41 49 76 65 48 54 42 50 58 55 23 7 11 37 13 50 48 66 38 43 57 40 76 9 26 43 39 17 54 71 77 42 53 45 17 17 77 32 30 28 30 25 39 39 58 
61 43 62 50 34 16 21 33 73 28 70 34 19 56 49 75 35 22 23 26 31 49 24 83 66 51 58 10 49 68 19 63 0 66 6 31 14 28 42 36 53 51 29 60 31 59 57 68 32 76 84 19 24 71 58 18 44 46 72 70 88 61 57 8 8 53 76 17 76 68 55 14 68 37 40 34 62 38 60 49 
92 24 5 101 43 52 65 36 7 92 76 52 54 63 85 65 43 48 51 48 52 88 70 61 47 108 76 61 65 76 48 48 66 0 71 36 54 92 93 31 91 80 38 97 37 25 43 41 62 53 98 47 52 14 8 74 23 102 50 26 90 9 61 61 74 107 89 50 91 34 60 76 78 59 34 55 71 29 9 25 
57 48 66 45 36 21 25 37 78 22 69 35 21 55 46 75 40 25 28 32 32 46 27 84 68 45 57 11 54 67 23 64 6 71 0 35 18 23 37 41 49 49 34 56 37 63 59 70 31 77 82 24 29 75 63 14 48 40 73 73 87 65 57 11 7 48 74 22 74 71 55 14 67 37 44 34 61 42 64 54 
65 17 32 68 15 19 36 5 43 55 60 23 18 44 55 57 25 13 23 23 21 57 41 61 43 73 53 25 51 59 12 41 31 36 35 0 18 55 59 10 61 53 9 68 14 30 34 43 31 53 80 11 25 41 28 38 14 67 49 40 78 30 43 25 39 73 70 15 72 41 42 42 60 31 13 26 53 7 29 26 
56 33 49 53 20 13 28 19 60 38 60 21 6 44 45 62 31 7 22 24 18 46 33 70 52 56 50 7 52 58 6 49 14 54 18 18 0 38 44 26 50 45 20 57 24 45 43 54 23 62 76 7 24 58 46 21 31 51 58 56 78 48 45 7 23 57 67 10 68 54 43 28 59 26 26 22 52 25 47 40 
51 70 87 29 52 44 45 56 98 1 72 47 39 61 41 83 63 43 51 55 46 39 45 94 79 25 58 31 74 69 44 76 28 92 23 55 38 0 23 63 41 47 57 47 59 80 71 84 39 88 79 45 51 94 84 19 69 21 85 90 87 85 64 31 25 29 72 44 72 86 62 29 69 46 61 45 65 63 84 77 
28 76 88 9 50 54 62 57 98 24 53 42 41 47 20 67 74 47 63 67 42 17 64 80 69 16 40 39 91 51 50 65 42 93 37 59 44 23 0 69 19 27 63 23 68 76 63 75 32 76 57 51 65 92 85 24 72 11 73 85 67 85 50 40 43 14 51 53 51 79 49 49 50 37 60 39 48 66 84 84 
75 7 27 77 25 21 36 15 38 63 69 34 27 54 65 65 17 22 21 19 31 67 41 68 50 82 63 32 44 68 20 48 36 31 41 10 26 63 69 0 71 63 7 78 8 32 41 47 41 59 89 18 23 38 23 47 10 76 55 42 87 27 53 32 43 82 80 19 82 44 51 45 70 41 20 36 62 9 26 16 
10 77 86 20 48 62 73 57 94 42 37 39 45 34 6 53 80 50 71 74 40 4 76 65 58 31 24 46 101 34 54 54 53 91 49 61 50 41 19 71 0 12 67 7 72 70 54 65 30 63 38 56 73 86 83 35 71 29 61 77 49 82 37 48 56 26 33 59 32 70 37 63 33 32 57 36 33 66 81 86 
12 69 75 31 39 58 71 49 83 47 26 30 39 22 7 41 75 43 66 69 32 11 75 54 45 42 13 43 97 24 48 42 51 80 49 53 45 47 27 63 12 0 60 17 65 59 42 53 23 51 34 50 69 75 73 35 62 39 49 66 41 71 25 45 56 37 26 54 26 58 25 63 23 22 47 27 21 57 71 78 
72 14 33 72 24 15 29 14 45 56 69 31 22 53 62 67 16 18 15 14 29 64 35 70 52 76 62 26 42 68 14 50 29 38 34 9 20 57 63 7 67 60 0 74 5 37 43 51 38 62 88 12 17 45 30 41 16 71 58 47 87 33 53 26 36 77 79 12 81 48 51 39 69 39 22 34 61 12 32 21 
7 84 92 22 55 69 80 64 100 47 37 46 52 38 13 55 88 57 78 81 47 11 83 68 62 33 27 54 108 35 61 58 60 97 56 68 57 47 23 78 7 17 74 0 79 75 58 69 37 66 35 63 80 92 89 42 78 32 64 82 47 88 41 55 63 27 31 67 30 75 41 70 33 38 64 42 35 73 87 93 
77 13 34 76 29 16 28 19 45 59 74 37 27 58 67 71 11 22 13 11 34 68 33 75 56 80 67 29 37 73 18 55 31 37 37 14 24 59 68 8 72 65 5 79 0 40 48 55 43 66 93 17 15 46 31 45 18 74 62 50 92 35 58 29 38 81 84 15 86 52 56 39 74 44 27 39 67 16 33 17 
70 31 21 83 28 49 66 27 26 80 52 34 42 40 64 40 49 38 52 51 35 67 71 38 23 92 52 51 76 52 41 23 59 25 63 30 45 80 76 32 70 59 37 75 40 0 19 17 44 30 73 40 54 17 20 61 22 86 27 11 66 16 37 52 68 89 64 45 67 12 36 72 54 39 19 37 47 25 16 38 
53 43 39 69 23 51 69 29 44 72 33 25 38 21 48 24 58 36 57 57 27 51 74 27 9 79 34 48 85 33 41 7 57 43 59 34 43 71 63 41 54 42 43 58 48 19 0 13 33 19 55 41 60 35 38 53 34 74 15 24 48 34 18 49 65 76 45 47 48 17 18 71 35 26 21 26 28 33 34 52 
63 47 37 81 34 61 79 38 40 84 39 37 49 31 59 25 65 47 66 65 39 63 84 21 8 91 43 59 92 40 51 11 68 41 70 43 54 84 75 47 65 53 51 69 55 17 13 0 45 13 60 51 68 29 37 65 38 86 10 16 51 32 28 60 76 88 52 57 55 7 28 82 42 39 30 38 36 39 33 55 
34 48 57 39 19 35 50 28 67 39 38 10 17 25 24 45 52 21 44 47 11 26 54 55 40 47 27 23 75 36 26 37 32 62 31 31 23 39 32 41 30 23 38 37 43 44 33 45 0 49 54 27 46 60 54 21 42 42 46 54 56 54 26 24 38 45 44 32 46 48 25 45 37 7 29 8 31 36 53 57 
59 60 50 81 43 71 88 48 52 89 32 43 57 29 58 14 77 55 76 76 45 62 94 8 10 92 40 66 103 33 60 13 76 53 77 53 62 88 76 59 63 51 62 66 66 30 19 13 49 0 51 61 79 41 50 70 50 88 4 28 40 45 26 68 84 88 44 66 47 19 27 90 36 43 40 44 31 51 46 68 
29 94 93 57 65 89 104 75 99 80 21 57 70 36 38 37 104 73 97 99 60 40 108 48 52 68 27 76 128 22 78 50 84 98 82 80 76 79 57 89 38 34 88 35 93 73 55 60 54 51 0 80 100 88 92 69 85 67 52 76 15 89 38 77 90 62 10 85 8 67 39 97 20 50 70 55 28 82 89 103 
61 25 43 60 18 10 28 14 54 45 62 23 11 46 50 62 25 7 18 19 20 52 33 68 50 64 53 14 48 60 2 48 19 47 24 11 7 45 51 18 56 50 12 63 17 40 41 51 27 61 80 0 20 52 39 29 25 58 56 51 80 41 46 14 27 64 70 6 72 50 44 31 61 29 22 25 54 19 40 33 
80 28 49 73 38 11 13 30 60 51 82 43 29 66 68 82 12 27 3 4 40 69 18 87 69 74 73 27 29 80 21 66 24 52 29 25 24 51 65 23 73 69 17 80 15 54 60 68 46 79 100 20 0 61 46 41 33 69 74 64 100 50 66 25 27 76 90 15 92 66 65 26 82 49 39 45 74 30 48 30 
87 34 14 100 42 59 74 39 11 94 67 50 56 56 80 53 53 51 59 57 50 84 79 48 36 107 69 64 78 67 52 38 71 14 75 41 58 94 92 38 86 75 45 92 46 17 35 29 60 41 88 52 61 0 17 76 28 102 38 13 80 12 53 65 79 106 80 55 83 21 52 83 70 56 33 53 63 33 13 38 
85 18 3 93 35 45 58 28 15 84 71 44 45 57 77 60 37 40 44 42 44 80 64 58 43 100 69 53 61 70 40 43 58 8 63 28 46 84 85 23 83 73 30 89 31 20 38 37 54 50 92 39 46 17 0 66 15 94 47 25 86 6 55 53 66 99 83 42 85 31 53 68 72 51 26 47 65 21 4 21 
43 54 69 33 33 31 39 38 80 19 57 28 20 45 32 66 51 26 39 43 27 31 41 76 61 35 44 15 67 55 27 57 18 74 14 38 21 19 24 47 35 35 41 42 45 61 53 65 21 70 69 29 41 76 66 0 52 30 66 71 74 67 47 16 21 36 61 30 61 67 45 28 55 28 42 27 50 45 66 61 
74 9 18 80 23 31 46 14 29 69 64 32 31 49 65 58 27 26 31 30 31 68 51 59 41 86 60 38 54 64 26 40 44 23 48 14 31 69 72 10 71 62 16 78 18 22 34 38 42 50 85 25 33 28 15 52 0 80 46 31 81 17 48 38 51 85 76 27 78 34 46 54 65 40 15 36 58 6 16 19 
38 83 97 10 60 60 64 66 108 21 65 52 49 59 31 79 80 55 68 72 52 28 65 91 80 6 51 45 93 62 57 76 46 102 40 67 51 21 11 76 29 39 71 32 74 86 74 86 42 88 67 58 69 102 94 30 80 0 85 96 77 95 61 45 44 9 62 59 60 90 61 50 61 48 69 49 59 74 94 91 
58 56 47 79 39 67 84 44 49 85 31 39 53 27 56 15 72 51 72 72 41 59 89 13 6 89 38 62 99 32 56 9 72 50 73 49 58 85 73 55 61 49 58 64 62 27 15 10 46 4 52 56 74 38 47 66 46 85 0 26 41 42 24 64 80 85 44 62 47 17 24 86 35 39 36 40 30 46 43 64 
77 39 24 92 38 60 76 37 24 90 55 44 52 45 71 41 58 49 62 61 45 75 81 35 24 101 58 62 84 55 51 26 70 26 73 40 56 90 85 42 77 66 47 82 50 11 24 16 54 28 76 51 64 13 25 71 31 96 26 0 67 19 42 63 78 98 68 56 71 9 42 82 58 48 30 46 51 35 20 45 
40 90 87 68 63 90 106 73 90 88 18 57 72 34 47 26 102 73 98 99 60 50 110 35 43 80 30 79 128 20 79 43 88 90 87 78 78 87 67 87 49 41 87 47 92 66 48 51 56 40 15 80 100 80 86 74 81 77 41 67 0 82 34 80 94 74 16 86 18 58 36 101 19 51 67 56 26 79 82 99 
83 22 5 93 35 48 62 29 13 85 67 44 47 54 76 56 42 42 48 46 43 79 68 53 38 100 66 55 66 67 42 39 61 9 65 30 48 85 85 27 82 71 33 88 35 16 34 32 54 45 89 41 50 12 6 67 17 95 42 19 82 0 52 55 69 99 79 45 82 26 51 72 69 50 25 47 62 23 1 27 
35 56 56 55 29 56 73 38 63 64 17 24 39 3 32 19 68 40 64 65 27 36 78 30 20 66 16 47 94 16 45 17 57 61 57 43 45 64 50 53 37 25 53 41 58 37 18 28 26 26 38 46 66 53 55 47 48 61 24 42 34 52 0 49 64 61 28 52 31 34 2 70 18 20 33 23 10 45 52 66 
55 39 56 48 26 15 26 26 68 31 62 26 11 48 43 67 35 14 24 27 23 44 30 75 58 51 51 2 53 60 13 54 8 61 11 25 7 31 40 32 48 45 26 55 29 52 49 60 24 68 77 14 25 65 53 16 38 45 64 63 80 55 49 0 16 52 68 14 69 61 47 22 61 29 33 26 54 32 54 46 
64 50 69 50 42 22 20 41 81 25 77 41 27 63 53 82 39 30 27 31 39 53 21 91 74 49 64 17 49 74 27 71 8 74 7 39 23 25 43 43 56 56 36 63 38 68 65 76 38 84 90 27 27 79 66 21 51 44 80 78 94 69 64 16 0 52 81 24 82 76 62 7 75 44 48 41 69 46 67 55 
34 89 102 6 64 67 72 71 112 30 62 55 55 58 30 78 87 60 75 79 55 26 74 91 81 7 50 51 101 60 63 77 53 107 48 73 57 29 14 82 26 37 77 27 81 89 76 88 45 88 62 64 76 106 99 36 85 9 85 98 74 99 61 52 52 0 58 66 56 92 61 58 58 50 73 53 58 79 98 97 
24 84 84 52 55 79 95 65 90 73 13 47 61 26 32 30 94 63 88 90 50 34 99 42 44 64 17 67 119 13 69 42 76 89 74 70 67 72 51 80 33 26 79 31 84 64 45 52 44 44 10 70 90 80 83 61 76 62 44 68 16 79 28 68 81 58 0 75 3 59 29 88 10 41 60 45 18 72 80 94 
66 26 45 62 24 5 22 19 56 44 68 29 15 52 54 68 21 12 12 15 25 56 27 74 56 65 58 15 43 66 7 53 17 50 22 15 10 44 53 19 59 54 12 67 15 45 47 57 32 66 85 6 15 55 42 30 27 59 62 56 86 45 52 14 24 66 75 0 77 55 50 27 67 35 27 30 60 22 43 32 
23 86 87 51 57 81 96 67 93 72 16 49 62 29 31 33 96 65 89 91 52 33 100 46 47 62 19 68 120 16 71 45 76 91 74 72 68 72 51 82 32 26 81 30 86 67 48 55 46 47 8 72 92 83 85 61 78 60 47 71 18 82 31 69 82 56 3 77 0 62 32 89 13 42 63 47 21 74 82 96 
69 43 31 86 35 60 77 37 32 86 46 39 50 37 64 32 61 47 63 62 41 68 82 27 15 95 50 60 88 47 50 17 68 34 71 41 54 86 79 44 70 58 48 75 52 12 17 7 48 19 67 50 66 21 31 67 34 90 17 9 58 26 34 61 76 92 59 55 62 0 34 81 49 42 28 41 43 36 27 50 
35 55 55 55 27 55 71 37 62 63 18 22 37 4 32 20 66 38 62 63 25 36 76 31 20 65 16 45 92 17 43 17 55 60 55 42 43 62 49 51 37 25 51 41 56 36 18 28 25 27 39 44 65 52 53 45 46 61 24 42 36 51 2 47 62 61 29 50 32 34 0 69 19 18 31 21 11 43 51 64 
71 52 72 56 47 24 16 45 83 29 84 48 33 69 60 89 39 35 27 30 45 59 16 97 80 54 71 24 45 81 31 77 14 76 14 42 28 29 49 45 63 63 39 70 39 72 71 82 45 90 97 31 26 83 68 28 54 50 86 82 101 72 70 22 7 58 88 27 89 81 69 0 82 51 53 48 76 49 70 55 
26 74 74 52 46 71 87 55 80 69 4 38 53 16 30 22 85 55 79 81 41 33 91 35 34 64 11 59 110 3 60 32 68 78 67 60 59 69 50 70 33 23 69 33 74 54 35 42 37 36 20 61 82 70 72 55 65 61 35 58 19 69 18 61 75 58 10 67 13 49 19 82 0 32 50 37 8 62 69 84 
35 47 54 44 17 39 54 27 63 46 33 8 20 19 26 39 54 23 47 49 10 29 59 48 34 53 24 28 78 32 28 30 37 59 37 31 26 46 37 41 32 22 39 38 44 39 26 39 7 43 50 29 49 56 51 28 40 48 39 48 51 50 20 29 44 50 41 35 42 42 18 51 32 0 25 5 25 35 50 56 
60 24 29 68 10 32 49 9 38 61 50 18 23 34 51 45 37 19 36 36 18 54 54 48 30 75 45 32 64 49 22 28 40 34 44 13 26 61 60 20 57 47 22 64 27 19 21 30 29 40 70 22 39 33 26 42 15 69 36 30 67 25 33 33 48 73 60 27 63 28 31 53 50 25 0 21 42 12 25 33 
39 42 50 47 13 34 51 22 60 46 37 3 16 22 30 41 49 18 42 44 5 33 55 50 34 55 28 24 73 36 24 30 34 55 34 26 22 45 39 36 36 27 34 42 39 37 26 38 8 44 55 25 45 53 47 27 36 49 40 46 56 47 23 26 41 53 45 30 47 41 21 48 37 5 21 0 29 30 46 52 
28 66 66 52 38 64 80 48 72 65 8 31 46 8 28 20 77 47 72 73 34 32 84 33 28 63 9 53 102 6 53 25 62 71 61 53 52 65 48 62 33 21 61 35 67 47 28 36 31 31 28 54 74 63 65 50 58 59 30 51 26 62 10 54 69 58 18 60 21 43 11 76 8 25 42 29 0 54 62 76 
69 12 24 74 18 25 42 9 35 63 62 27 25 46 60 56 26 20 27 26 26 62 47 59 41 80 56 32 53 60 19 39 38 29 42 7 25 63 66 9 66 57 12 73 16 25 33 39 36 51 82 19 30 33 21 45 6 74 46 35 79 23 45 32 46 79 72 22 74 36 43 49 62 35 12 30 54 0 22 22 
83 21 5 93 34 46 61 28 14 84 67 43 46 54 75 56 40 41 46 44 43 78 66 54 39 99 66 54 65 67 41 39 60 9 64 29 47 84 84 26 81 71 32 87 33 16 34 33 53 46 89 40 48 13 4 66 16 94 43 20 82 1 52 54 67 98 80 43 82 27 51 70 69 50 25 46 62 22 0 25 
91 10 23 93 39 33 42 30 33 76 83 49 43 68 81 76 18 37 29 25 47 83 47 76 59 97 78 47 40 82 34 58 49 25 54 26 40 77 84 16 86 78 21 93 17 38 52 55 57 68 103 33 30 38 21 61 19 91 64 45 99 27 66 46 55 97 94 32 96 50 64 55 84 56 33 52 76 22 25 0 
0 0 163 76 127 63 10 0 125 115 388 14 836 57 106 0 105 69 71 234 0 24 0 237 25 3000 34 76 162 1842 37 21 305 0 349 0 55 0 64 180 53 0 584 53 523 109 9 146 345 371 275 18 0 2804 163 34 44 0 26 15 83 14 894 7 112 102 582 21 19 0 238 38 11 2788 59 156 292 455 216 11 
0 0 94 3000 480 153 0 10 103 0 30 8 110 0 0 9 0 308 0 139 63 29 40 0 0 342 9 42 494 608 0 0 37 150 876 184 0 81 124 421 0 46 8 220 133 0 0 30 339 111 29 0 51 356 56 524 86 73 0 89 20 0 1814 0 164 75 0 11 40 0 422 0 0 10 0 0 0 50 277 56 
163 94 0 483 63 117 0 32 23 33 357 16 8 475 0 75 1398 38 394 895 53 736 225 16 77 104 13 20 3000 566 105 45 825 294 65 150 129 7 128 309 0 226 29 47 11 0 0 1659 1488 136 197 93 2820 8 196 236 358 59 1637 214 63 0 14 0 35 20 38 42 1716 146 224 0 0 204 39 11 0 11 3000 13 
76 3000 483 0 1362 14 38 107 2635 2801 116 15 34 68 1159 201 209 140 63 9 78 247 75 682 221 37 397 555 859 29 16 203 7 350 139 31 17 42 544 822 315 137 152 14 305 86 3000 120 3000 118 311 2652 86 3000 37 225 488 273 192 0 35 172 27 1516 954 822 1718 55 0 115 582 182 52 2764 2101 13 20 235 102 39 
127 480 63 1362 0 199 1389 28 10 8 1930 23 56 354 361 41 960 99 319 761 42 56 252 44 220 9 12 1620 448 27 38 67 343 100 48 925 49 17 392 245 1859 326 39 20 141 238 268 288 93 323 995 912 55 81 346 20 399 69 10 427 13 37 12 0 826 140 11 432 308 70 219 169 10 11 2216 884 197 1671 41 638 
63 153 117 14 199 0 1544 8 73 11 61 69 594 979 0 99 8 23 87 30 1000 817 172 8 358 83 154 60 81 59 34 35 3000 773 497 283 93 21 9 259 371 286 14 12 1900 24 213 29 328 432 215 44 69 364 3000 2851 1880 405 97 58 8 264 8 0 24 3000 8 532 296 44 14 36 0 8 195 689 284 196 463 67 
10 0 0 38 1389 1544 0 0 218 15 1536 20 237 7 1717 0 69 92 101 8 0 22 0 61 8 888 0 0 0 74 1141 11 20 0 0 0 55 0 0 190 50 0 1054 20 1034 30 459 0 12 907 16 0 0 666 14 0 198 0 57 131 0 602 0 172 0 0 1849 0 0 0 1073 1749 8 278 33 540 193 0 388 307 
0 10 32 107 28 8 0 0 0 0 0 622 70 0 0 13 0 91 0 0 9 1572 685 0 0 241 49 10 898 145 0 0 69 226 3000 12 0 256 659 0 0 200 0 0 0 0 0 13 49 0 17 0 8 142 0 79 310 20 0 0 0 0 86 0 1494 654 0 47 0 166 109 0 0 209 0 0 0 13 0 47 
125 103 23 2635 10 73 218 0 0 833 17 581 224 79 29 0 47 21 76 13 0 25 0 0 0 1461 413 907 494 1230 31 13 1903 0 175 0 96 0 0 29 11 0 311 11 554 60 2591 1325 124 10 279 0 0 84 75 122 100 0 729 71 1112 176 49 11 154 0 21 71 145 0 191 84 267 276 122 900 43 46 51 83 
115 0 33 2801 8 11 15 0 833 0 18 166 85 9 70 0 285 20 11 9 0 8 0 12 56 3000 15 8 25 22 83 661 178 0 0 0 37 0 717 65 89 0 50 58 15 636 19 1192 17 2528 580 8 0 9 16 0 60 0 355 58 37 34 800 391 301 1600 13 2508 633 0 14 163 85 2110 263 15 29 575 219 20 
388 30 357 116 1930 61 1536 0 17 18 0 27 196 251 671 0 311 196 15 131 113 14 0 723 127 62 210 192 141 176 467 32 32 0 1101 442 31 2951 130 41 2968 45 83 250 3000 89 52 357 23 489 29 11 25 232 24 24 1920 1508 28 792 22 482 131 276 410 265 14 463 19 176 103 152 10 7 595 333 180 2841 156 12 
14 8 16 15 23 69 20 622 581 166 27 0 373 16 0 63 3000 1491 79 3000 0 11 2295 0 0 2243 9 21 23 178 130 0 66 632 778 0 41 0 9 42 0 0 18 55 95 0 11 25 109 34 491 0 0 333 10 3000 33 306 24 35 162 0 94 0 21 101 0 174 37 0 333 0 0 204 3000 0 1906 71 71 216 
836 110 8 34 56 594 237 70 224 85 196 373 0 140 60 597 224 150 21 74 1190 85 160 16 13 8 104 409 57 20 237 23 280 94 59 52 591 90 10 627 2039 27 1546 48 496 113 160 20 68 25 72 483 451 30 427 386 7 32 119 36 381 17 367 732 180 305 8 779 1416 164 265 262 3000 541 21 351 186 13 639 39 
57 0 475 68 354 979 7 0 79 9 251 16 140 0 298 0 16 1483 124 34 11 22 0 24 2531 1470 61 10 73 51 73 9 115 0 33 131 24 540 3000 171 75 123 26 19 20 1009 225 181 321 77 181 136 116 7 3000 9 553 0 167 7 0 162 843 221 25 9 100 42 0 578 252 19 33 837 61 296 23 33 223 47 
106 0 0 1159 361 0 1717 0 29 70 671 0 60 298 0 0 2718 539 205 366 0 602 0 256 843 0 0 0 0 0 893 107 802 0 0 0 136 0 0 29 20 0 123 157 493 27 69 0 0 171 0 43 0 8 876 0 1705 0 88 0 0 19 0 315 0 0 12 0 0 0 0 30 106 422 2194 3000 1740 0 0 90 
0 9 75 201 41 99 0 13 0 0 0 63 597 0 0 0 0 186 0 0 931 48 41 0 31 16 146 1031 500 0 0 0 415 16 38 10 0 11 15 15 0 147 0 173 0 0 0 711 63 0 30 0 47 19 0 283 1057 399 0 0 0 0 46 0 435 380 0 1032 0 690 22 0 0 30 0 0 0 24 0 208 
105 0 1398 209 960 8 69 0 47 285 311 3000 224 16 2718 0 0 1300 20 543 0 3000 0 98 22 21 13 0 0 480 162 27 72 0 0 0 11 445 820 9 312 0 78 105 1990 164 11 1003 170 815 14 505 0 38 121 0 199 0 108 307 0 2634 0 134 0 80 207 0 0 14 199 3000 19 1348 465 26 8 0 13 30 
69 308 38 140 99 23 92 91 21 20 196 1491 150 1483 539 186 1300 0 29 16 8 101 22 2115 1316 268 254 52 8 7 278 573 382 22 253 19 35 519 230 513 185 3000 17 354 74 3000 11 40 11 9 240 1052 7 24 49 15 236 66 31 147 3000 1090 567 58 69 57 673 2398 0 628 1062 327 310 58 229 588 1335 1014 47 181 
71 0 394 63 319 87 101 0 76 11 15 79 21 124 205 0 20 29 0 48 0 73 0 50 20 286 0 0 0 11 79 61 1583 0 0 0 38 108 527 154 16 0 705 9 17 753 17 0 439 230 86 42 0 1255 365 0 60 0 42 502 0 981 0 37 0 397 38 0 0 213 259 269 39 32 17 277 287 0 23 466 
234 139 895 9 761 30 8 0 13 9 131 3000 74 34 366 0 543 16 48 0 0 26 35 269 23 508 459 733 280 175 1405 69 161 0 13 0 50 0 922 1771 18 0 302 282 239 61 134 173 1516 8 8 0 0 1731 8 20 55 34 1392 328 85 860 415 59 226 113 927 28 2720 0 278 190 178 151 48 17 21 68 47 215 
0 63 53 78 42 1000 0 9 0 0 113 0 1190 11 0 931 0 8 0 0 0 330 493 520 181 309 8 253 450 0 0 1228 34 33 51 19 0 13 15 551 0 859 0 364 150 0 0 17 199 798 0 22 314 704 2534 125 267 22 0 0 0 0 19 0 8 2999 110 54 0 63 0 0 0 722 0 39 0 8 0 321 
24 29 736 247 56 817 22 1572 25 8 14 11 85 22 602 48 3000 101 73 26 330 0 62 245 222 201 85 27 695 10 211 142 48 192 123 23 109 378 33 35 191 133 313 57 91 102 14 59 255 18 969 14 36 59 9 277 39 218 3000 151 32 74 67 9 946 667 40 15 107 173 10 144 174 7 3000 225 303 9 188 189 
0 40 225 75 252 172 0 685 0 0 0 2295 160 0 0 41 0 22 0 35 493 62 0 0 0 109 16 9 3000 63 0 0 29 1787 62 448 0 160 19 0 0 381 0 0 0 0 0 75 25 0 114 0 1427 445 12 109 62 240 0 0 187 0 143 0 29 64 0 215 2789 0 597 0 0 528 0 0 0 78 222 58 
237 0 16 682 44 8 61 0 0 12 723 0 16 24 256 0 98 2115 50 269 520 245 0 0 144 95 121 85 0 0 9 1051 659 0 1468 1022 921 204 168 82 100 88 0 1523 66 1463 560 19 414 70 0 21 19 102 145 0 671 0 858 0 0 99 1225 19 0 522 9 0 0 54 0 29 10 147 24 356 551 0 0 753 
25 0 77 221 220 358 8 0 0 56 127 0 13 2531 843 31 22 1316 20 23 181 222 0 144 0 109 605 53 37 0 37 13 1034 0 11 11 50 1440 8 14 225 23 0 52 1266 34 131 686 43 297 0 1201 72 9 42 380 140 88 14 0 0 17 51 233 419 21 151 783 0 404 18 64 10 94 136 76 90 93 268 187 
3000 342 104 37 9 83 888 241 1461 3000 62 2243 8 1470 0 16 21 268 286 508 309 201 109 95 109 0 20 11 1023 14 316 49 424 48 56 17 65 540 99 122 225 133 926 57 26 0 434 19 2455 21 74 188 44 27 13 126 13 45 23 60 46 0 36 0 378 145 40 12 65 59 219 610 0 49 263 536 40 1755 127 94 
34 9 13 397 12 154 0 49 413 15 210 9 104 61 0 146 13 254 0 459 8 85 16 121 605 20 0 2477 474 73 31 285 31 18 59 56 0 20 1716 1179 0 621 50 13 1250 0 0 591 269 48 19 132 949 3000 98 1960 21 42 82 11 61 0 31 0 55 56 447 274 52 617 1818 0 0 10 77 969 0 438 60 10 
76 42 20 555 1620 60 0 10 907 8 192 21 409 10 0 1031 0 52 0 733 253 27 9 85 53 11 2477 0 242 116 0 24 13 16 194 46 0 115 127 1031 0 1711 0 20 113 0 0 763 276 102 42 454 243 1167 2764 8 3000 390 0 0 3000 0 123 0 236 887 2485 15 0 376 8 0 0 39 0 7 0 1231 206 2398 
162 494 3000 859 448 81 0 898 494 25 141 23 57 73 0 500 0 8 0 280 450 695 3000 0 37 1023 474 242 0 265 207 0 15 43 323 215 0 628 8 144 0 102 395 492 376 0 0 12 18 355 192 0 3000 282 12 24 205 47 592 10 46 0 709 0 56 205 11 422 339 0 21 0 0 294 0 0 0 1059 31 3000 
1842 608 566 29 27 59 74 145 1230 22 176 178 20 51 0 0 480 7 11 175 0 10 63 0 0 14 73 116 265 0 1285 0 29 0 34 0 1910 0 897 12 319 0 29 14 49 0 22 115 27 224 153 0 0 350 148 166 19 318 11 50 9 0 3000 0 362 32 0 98 228 0 21 0 0 2745 150 0 1170 3000 18 13 
37 0 105 16 38 34 1141 0 31 83 467 130 237 73 893 0 162 278 79 1405 0 211 0 9 37 316 31 0 207 1285 0 20 144 0 0 0 1204 0 0 34 36 0 253 104 670 111 73 17 19 210 38 0 0 735 27 0 15 0 32 10 27 363 435 62 316 0 24 1129 17 0 128 103 116 13 116 2034 956 26 222 739 
21 0 45 203 67 35 11 0 13 661 32 0 23 9 107 0 27 573 61 69 1228 142 0 1051 13 49 285 24 0 0 20 0 31 0 12 15 27 61 290 172 48 199 0 320 53 39 2245 46 3000 1744 0 51 75 1443 3000 0 131 0 429 0 0 194 1017 56 0 352 1295 130 0 43 50 115 471 388 112 168 34 0 126 16 
305 37 825 7 343 3000 20 69 1903 178 32 66 280 115 802 415 72 382 1583 161 34 48 29 659 1034 424 31 13 15 29 144 31 0 0 36 1782 24 436 216 20 743 47 155 8 1998 286 678 742 296 10 29 637 281 394 57 244 118 161 142 93 200 1247 35 1890 431 55 653 384 121 9 225 510 12 166 22 39 608 213 3000 1174 
0 150 294 350 100 773 0 226 0 0 0 632 94 0 0 16 0 22 0 0 33 192 1787 0 0 48 18 16 43 0 0 0 0 0 127 456 0 77 1887 0 0 46 0 0 0 0 0 13 82 0 2361 0 1240 0 0 76 0 161 0 0 0 0 79 0 198 3000 0 61 0 0 0 0 0 7 0 0 0 274 0 44 
349 876 65 139 48 497 0 3000 175 0 1101 778 59 33 0 38 0 253 0 13 51 123 62 1468 11 56 59 194 323 34 0 12 36 127 0 624 0 81 178 650 0 64 0 165 12 0 0 358 204 90 17 85 19 30 9 98 59 21 0 0 1936 0 238 0 218 17 22 103 1391 2024 305 0 0 1893 0 24 0 38 20 261 
0 184 150 31 925 283 0 12 0 0 442 0 52 131 0 10 0 19 0 0 19 23 448 1022 11 17 56 46 215 0 0 15 1782 456 624 0 0 363 12 368 0 14 0 612 161 0 0 91 0 87 0 43 188 17 0 38 0 69 0 0 0 0 673 0 239 2729 719 19 0 71 0 0 0 25 0 3000 0 701 0 19 
55 0 129 17 49 93 55 0 96 37 31 41 591 24 136 0 11 35 38 50 0 109 0 921 50 65 0 0 0 1910 1204 27 24 0 0 0 0 0 626 633 3000 0 49 13 114 234 178 0 27 73 207 81 0 28 14 0 136 0 170 2108 0 26 0 28 0 21 8 0 0 0 53 13 32 23 18 515 44 0 97 105 
0 81 7 42 17 21 0 256 0 0 2951 0 90 540 0 11 445 519 108 0 13 378 160 204 1440 540 20 115 628 0 0 61 436 77 81 363 0 0 745 77 0 276 0 76 3000 0 0 75 1177 90 0 32 233 112 31 641 0 12 0 0 0 0 1896 0 681 14 23 75 0 69 0 54 0 401 665 664 0 22 0 60 
64 124 128 544 392 9 0 659 0 717 130 9 10 3000 0 15 820 230 527 922 15 33 19 168 8 99 1716 127 8 897 0 290 216 1887 178 12 626 745 0 367 0 530 0 83 517 0 0 8 53 3000 568 111 19 58 21 41 11 10 0 0 0 0 25 0 230 169 325 8 0 238 796 13 0 3000 20 16 0 42 12 179 
180 421 309 822 245 259 190 0 29 65 41 42 627 171 29 15 9 513 154 1771 551 35 0 82 14 122 1179 1031 144 12 34 172 20 0 650 368 633 77 367 0 299 55 160 16 513 384 78 29 114 14 220 241 622 678 1169 54 171 391 227 484 63 556 120 10 1760 58 15 295 72 1327 134 32 242 150 298 118 51 27 67 12 
53 0 0 315 1859 371 50 0 11 89 2968 0 2039 75 20 0 312 185 16 18 0 191 0 100 225 225 0 0 0 319 36 48 743 0 0 0 3000 0 0 299 0 0 159 926 157 150 165 0 2931 458 0 127 0 33 2944 0 31 0 46 93 0 307 0 15 0 0 121 0 0 0 113 987 219 24 85 142 145 0 151 355 
0 46 226 137 326 286 0 200 0 0 45 0 27 123 0 147 0 3000 0 0 859 133 381 88 23 133 621 1711 102 0 0 199 47 46 64 14 0 276 530 55 0 0 0 1035 61 0 0 35 0 127 0 321 1415 18 0 532 0 310 0 0 0 0 310 0 80 21 236 1348 0 1198 0 0 0 90 0 11 0 77 0 511 
584 8 29 152 39 14 1054 0 311 50 83 18 1546 26 123 0 78 17 705 302 0 313 0 0 0 926 50 0 395 29 253 0 155 0 0 0 49 0 0 160 159 0 0 242 11 320 256 899 50 71 19 0 0 391 194 202 177 0 39 111 1082 484 45 3000 248 0 0 1706 55 0 1116 20 8 399 15 0 213 1534 3000 283 
53 220 47 14 20 12 20 0 11 58 250 55 48 19 157 173 105 354 9 282 364 57 0 1523 52 57 13 20 492 14 104 320 8 0 165 612 13 76 83 16 926 1035 242 0 23 18 10 14 1215 624 3000 396 3000 279 2066 514 3000 72 914 0 0 24 93 731 21 293 549 230 0 319 202 907 17 22 435 251 107 1041 8 359 
523 133 11 305 141 1900 1034 0 554 15 3000 95 496 20 493 0 1990 74 17 239 150 91 0 66 1266 26 1250 113 376 49 670 53 1998 0 12 161 114 3000 517 513 157 61 11 23 0 69 3000 152 2076 73 316 2135 177 249 289 38 87 21 9 3000 12 116 263 773 181 1117 11 43 207 27 9 60 416 1911 15 116 9 67 76 32 
109 0 0 86 238 24 30 0 60 636 89 0 113 1009 27 0 164 3000 753 61 0 102 0 1463 34 0 0 0 0 0 111 39 286 0 0 0 234 0 0 384 150 0 320 18 69 0 1012 0 0 577 0 129 0 802 133 0 2325 0 26 0 0 74 0 413 0 0 980 0 0 0 0 309 915 1816 1688 166 3000 0 0 366 
9 0 0 3000 268 213 459 0 2591 19 52 11 160 225 69 0 11 11 17 134 0 14 0 560 131 434 0 0 0 22 73 2245 678 0 0 0 178 0 0 78 165 0 256 10 3000 1012 0 0 179 1117 201 222 0 124 1035 0 459 0 219 47 26 9 0 281 0 0 348 0 12 0 9 7 200 373 228 34 308 0 497 11 
146 30 1659 120 288 29 0 13 1325 1192 357 25 20 181 0 711 1003 40 0 173 17 59 75 19 686 19 591 763 12 115 17 46 742 13 358 91 0 75 8 29 0 35 899 14 152 0 0 0 368 342 2796 164 871 205 3000 58 18 136 178 220 74 0 79 0 8 3000 348 21 45 52 66 0 0 52 22 256 0 11 54 311 
345 339 1488 3000 93 328 12 49 124 17 23 109 68 321 0 63 170 11 439 1516 199 255 25 414 43 2455 269 276 18 27 19 3000 296 82 204 0 27 1177 53 114 2931 0 50 1215 2076 0 179 368 0 1074 114 0 9 31 82 21 885 44 14 405 10 8 19 0 1413 9 196 7 1354 0 64 1371 54 39 874 198 42 1118 116 23 
371 111 136 118 323 432 907 0 10 2528 489 34 25 77 171 0 815 9 230 8 798 18 0 70 297 21 48 102 355 224 210 1744 10 0 90 87 73 90 3000 14 458 127 71 624 73 577 1117 342 1074 0 38 21 26 3000 798 12 67 260 66 52 1138 105 597 25 2326 40 144 2243 89 216 117 285 10 157 59 1425 24 49 1074 1736 
275 29 197 311 995 215 16 17 279 580 29 491 72 181 0 30 14 240 86 8 0 969 114 0 0 74 19 42 192 153 38 0 29 2361 17 0 207 0 568 220 0 0 19 3000 316 0 201 2796 114 38 0 0 0 256 25 346 154 844 35 220 1061 0 26 0 3000 51 0 9 18 0 641 0 0 37 15 0 36 3000 84 843 
18 0 93 2652 912 44 0 0 0 8 11 0 483 136 43 0 505 1052 42 0 22 14 0 21 1201 188 132 454 0 0 0 51 637 0 85 43 81 32 111 241 127 321 0 396 2135 129 222 164 0 21 0 0 545 493 3000 0 0 19 0 0 0 314 70 8 0 230 16 10 0 52 0 784 611 84 8 46 0 0 0 34 
0 51 2820 86 55 69 0 8 0 0 25 0 451 116 0 47 0 7 0 0 314 36 1427 19 72 44 949 243 3000 0 0 75 281 1240 19 188 0 233 19 622 0 1415 0 3000 177 0 0 871 9 26 0 545 0 592 397 13 44 300 0 0 0 0 22 0 275 585 89 174 0 608 0 0 0 1348 0 2188 0 3000 0 87 
2804 356 8 3000 81 364 666 142 84 9 232 333 30 7 8 19 38 24 1255 1731 704 59 445 102 9 27 3000 1167 282 350 735 1443 394 0 30 17 28 112 58 678 33 18 391 279 249 802 124 205 31 3000 256 493 592 0 602 535 117 17 79 738 178 192 39 370 8 12 253 360 51 849 120 100 53 15 19 44 7 28 786 2288 
163 56 196 37 346 3000 14 0 75 16 24 10 427 3000 876 0 121 49 365 8 2534 9 12 145 42 13 98 2764 12 148 27 3000 57 0 9 0 14 31 21 1169 2944 0 194 2066 289 133 1035 3000 82 798 25 3000 397 602 0 658 911 20 56 1243 1286 216 14 34 9 116 10 42 42 0 53 37 475 15 3000 1147 16 46 15 107 
34 524 236 225 20 2851 0 79 122 0 24 3000 386 9 0 283 0 15 0 20 125 277 109 0 380 126 1960 8 24 166 0 0 244 76 98 38 0 641 41 54 0 532 202 514 38 0 0 58 21 12 346 0 13 535 658 0 3000 15 36 362 3000 0 38 0 873 880 146 24 41 116 3000 0 0 122 0 0 0 1329 62 2463 
44 86 358 488 399 1880 198 310 100 60 1920 33 7 553 1705 1057 199 236 60 55 267 39 62 671 140 13 21 3000 205 19 15 131 118 0 59 0 136 0 11 171 31 0 177 3000 87 2325 459 18 885 67 154 0 44 117 911 3000 0 207 3000 56 49 158 1566 75 749 317 341 158 37 0 353 76 40 10 695 87 385 55 1152 244 
0 73 59 273 69 405 0 20 0 0 1508 306 32 0 0 399 0 66 0 34 22 218 240 0 88 45 42 390 47 318 0 0 161 161 21 69 0 12 10 391 0 310 0 72 21 0 0 136 44 260 844 19 300 17 20 15 207 0 0 0 0 0 138 0 46 58 34 112 0 22 104 0 0 325 0 0 0 615 133 217 
26 0 1637 192 10 97 57 0 729 355 28 24 119 167 88 0 108 31 42 1392 0 3000 0 858 14 23 82 0 592 11 32 429 142 0 0 0 170 0 0 227 46 0 39 914 9 26 219 178 14 66 35 0 0 79 56 36 3000 0 0 10 9 33 672 28 398 0 439 8 221 0 44 21 129 182 26 75 330 37 7 66 
15 89 214 0 427 58 131 0 71 58 792 35 36 7 0 0 307 147 502 328 0 151 0 0 0 60 11 0 10 50 10 0 93 0 0 0 2108 0 0 484 93 0 111 0 3000 0 47 220 405 52 220 0 0 738 1243 362 56 0 10 0 10 0 113 0 18 0 0 154 298 0 2440 0 0 222 20 0 24 1049 1422 352 
83 20 63 35 13 8 0 0 1112 37 22 162 381 0 0 0 0 3000 0 85 0 32 187 0 0 46 61 3000 46 9 27 0 200 0 1936 0 0 0 0 63 0 0 1082 0 12 0 26 74 10 1138 1061 0 0 178 1286 3000 49 0 9 10 0 0 951 0 43 0 0 141 227 0 360 0 0 8 0 0 9 479 227 32 
14 0 0 172 37 264 602 0 176 34 482 0 17 162 19 0 2634 1090 981 860 0 74 0 99 17 0 0 0 0 0 363 194 1247 0 0 0 26 0 0 556 307 0 484 24 116 74 9 0 8 105 0 314 0 192 216 0 158 0 33 0 0 0 0 1961 0 0 193 0 0 0 606 36 50 50 366 512 34 0 9 142 
894 1814 14 27 12 8 0 86 49 800 131 94 367 843 0 46 0 567 0 415 19 67 143 1225 51 36 31 123 709 3000 435 1017 35 79 238 673 0 1896 25 120 0 310 45 93 263 0 0 79 19 597 26 70 22 39 14 38 1566 138 672 113 951 0 0 0 54 338 12 356 90 23 419 0 0 93 64 3000 0 3000 12 110 
7 0 0 1516 0 0 172 0 11 391 276 0 732 221 315 0 134 58 37 59 0 9 0 19 233 0 0 0 0 0 62 56 1890 0 0 0 28 0 0 10 15 0 3000 731 773 413 281 0 0 25 0 8 0 370 34 0 75 0 28 0 0 1961 0 0 0 0 63 0 0 0 0 100 9 7 320 9 132 0 0 357 
112 164 35 954 826 24 0 1494 154 301 410 21 180 25 0 435 0 69 0 226 8 946 29 0 419 378 55 236 56 362 316 0 431 198 218 239 0 681 230 1760 0 80 248 21 181 0 0 8 1413 2326 3000 0 275 8 9 873 749 46 398 18 43 0 54 0 0 100 70 888 1712 0 121 0 0 110 0 0 0 130 2532 57 
102 75 20 822 140 3000 0 654 0 1600 265 101 305 9 0 380 80 57 397 113 2999 667 64 522 21 145 56 887 205 32 0 352 55 3000 17 2729 21 14 169 58 0 21 0 293 1117 0 0 3000 9 40 51 230 585 12 116 880 317 58 0 0 0 0 338 0 100 0 1020 17 0 934 354 165 0 441 97 46 0 76 29 229 
582 0 38 1718 11 8 1849 0 21 13 14 0 8 100 12 0 207 673 38 927 110 40 0 9 151 40 447 2485 11 0 24 1295 653 0 22 719 8 23 325 15 121 236 0 549 11 980 348 348 196 144 0 16 89 253 10 146 341 34 439 0 0 193 12 63 70 1020 0 9 0 316 261 13 3000 176 334 587 466 3000 135 15 
21 11 42 55 432 532 0 47 71 2508 463 174 779 42 0 1032 0 2398 0 28 54 15 215 0 783 12 274 15 422 98 1129 130 384 61 103 19 0 75 8 295 0 1348 1706 230 43 0 0 21 7 2243 9 10 174 360 42 24 158 112 8 154 141 0 356 0 888 17 9 0 10 319 655 0 0 2937 0 0 0 1957 28 250 
19 40 1716 0 308 296 0 0 145 633 19 37 1416 0 0 0 0 0 0 2720 0 107 2789 0 0 65 52 0 339 228 17 0 121 0 1391 0 0 0 0 72 0 0 55 0 207 0 12 45 1354 89 18 0 0 51 42 41 37 0 221 298 227 0 90 0 1712 0 0 10 0 0 386 0 0 556 0 0 18 1678 192 520 
0 0 146 115 70 44 0 166 0 0 176 0 164 578 0 690 14 628 213 0 63 173 0 54 404 59 617 376 0 0 0 43 9 0 2024 71 0 69 238 1327 0 1198 0 319 27 0 0 52 0 216 0 52 608 849 0 116 0 22 0 0 0 0 23 0 0 934 316 319 0 0 0 23 0 404 10 22 0 122 0 176 
238 422 224 582 219 14 1073 109 191 14 103 333 265 252 0 22 199 1062 259 278 0 10 597 0 18 219 1818 8 21 21 128 50 225 0 305 0 53 0 796 134 113 0 1116 202 9 0 9 66 64 117 641 0 0 120 53 3000 353 104 44 2440 360 606 419 0 121 354 261 655 386 0 0 0 11 14 220 38 2861 593 43 166 
38 0 0 182 169 36 1749 0 84 163 152 0 262 19 30 0 3000 327 269 190 0 144 0 29 64 610 0 0 0 0 103 115 510 0 0 0 13 54 13 32 987 0 20 907 60 309 7 0 1371 285 0 784 0 100 37 0 76 0 21 0 0 36 0 100 0 165 13 0 0 23 0 0 14 199 326 23 24 0 0 246 
11 0 0 52 10 0 8 0 267 85 10 0 3000 33 106 0 19 310 39 178 0 174 0 10 10 0 0 0 0 0 116 471 12 0 0 0 32 0 0 242 219 0 8 17 416 915 200 0 54 10 0 611 0 53 475 0 40 0 129 0 0 50 0 9 0 0 3000 0 0 0 11 14 0 22 350 1227 376 0 18 29 
2788 10 204 2764 11 8 278 209 276 2110 7 204 541 837 422 30 1348 58 32 151 722 7 528 147 94 49 10 39 294 2745 13 388 166 7 1893 25 23 401 3000 150 24 90 399 22 1911 1816 373 52 39 157 37 84 1348 15 15 122 10 325 182 222 8 50 93 7 110 441 176 2937 556 404 14 199 22 0 395 39 728 79 13 12 
59 0 39 2101 2216 195 33 0 122 263 595 3000 21 61 2194 0 465 229 17 48 0 3000 0 24 136 263 77 0 0 150 116 112 22 0 0 0 18 665 20 298 85 0 15 435 15 1688 228 22 874 59 15 8 0 19 3000 0 695 0 26 20 0 366 64 320 0 97 334 0 0 10 220 326 350 395 0 2027 41 0 131 9 
156 0 11 13 884 689 540 0 900 15 333 0 351 296 3000 0 26 588 277 17 39 225 0 356 76 536 969 7 0 0 2034 168 39 0 24 3000 515 664 16 118 142 11 0 251 116 166 34 256 198 1425 0 46 2188 44 1147 0 87 0 75 0 0 512 3000 9 0 46 587 0 0 22 38 23 1227 39 2027 0 18 0 0 1416 
292 0 0 20 197 284 193 0 43 29 180 1906 186 23 1740 0 8 1335 287 21 0 303 0 551 90 40 0 0 0 1170 956 34 608 0 0 0 44 0 0 51 145 0 213 107 9 3000 308 0 42 24 36 0 0 7 16 0 385 0 330 24 9 34 0 132 0 0 466 0 18 0 2861 24 376 728 41 18 0 0 98 278 
455 50 11 235 1671 196 0 13 46 575 2841 71 13 33 0 24 0 1014 0 68 8 9 78 0 93 1755 438 1231 1059 3000 26 0 213 274 38 701 0 22 42 27 0 77 1534 1041 67 0 0 11 1118 49 3000 0 3000 28 46 1329 55 615 37 1049 479 0 3000 0 130 76 3000 1957 1678 122 593 0 0 79 0 0 0 0 52 27 
216 277 3000 102 41 463 388 0 51 219 156 71 639 223 0 0 13 47 23 47 0 188 222 0 268 127 60 206 31 18 222 126 3000 0 20 0 97 0 12 67 151 0 3000 8 76 0 497 54 116 1074 84 0 0 786 15 62 1152 133 7 1422 227 9 12 0 2532 29 135 28 192 0 43 0 18 13 131 0 98 52 0 9 
11 56 13 39 638 67 307 47 83 20 12 216 39 47 90 208 30 181 466 215 321 189 58 753 187 94 10 2398 3000 13 739 16 1174 44 261 19 105 60 179 12 355 511 283 359 32 366 11 311 23 1736 843 34 87 2288 107 2463 244 217 66 352 32 142 110 357 57 229 15 250 520 176 166 246 29 12 9 1416 278 27 9 0 
