80
0 95 42 38 87 82 53 60 82 38 79 46 36 66 67 97 108 41 32 31 50 44 56 56 66 73 21 64 82 82 87 21 83 75 51 76 70 91 60 60 19 58 80 76 65 43 18 46 62 24 38 58 28 69 54 20 65 57 87 30 38 86 36 11 102 71 15 85 109 19 75 35 67 102 54 22 15 89 17 51 
95 0 67 84 52 41 60 50 31 60 60 77 75 68 51 31 27 54 82 78 48 61 40 84 55 34 79 42 33 39 44 113 32 25 77 85 56 5 80 76 114 53 27 36 63 52 105 52 36 118 74 65 95 29 52 78 94 76 22 66 63 37 72 101 15 36 109 26 30 99 44 85 60 14 42 115 81 33 104 44 
42 67 0 61 84 74 11 20 68 16 37 12 8 74 66 82 89 27 54 13 22 48 37 75 66 37 41 28 69 43 80 53 45 43 67 91 71 64 76 74 56 18 64 38 23 24 59 38 46 58 7 65 29 50 52 38 87 71 68 20 43 75 7 53 79 60 56 49 90 57 68 59 70 79 37 54 35 76 42 32 
38 84 61 0 57 56 68 71 60 47 94 71 60 31 40 74 88 41 7 56 54 24 49 18 36 76 22 70 59 88 60 57 86 72 14 39 39 79 22 23 53 70 61 80 83 46 31 35 49 58 62 25 62 56 32 24 28 20 68 41 24 61 57 33 85 51 44 85 87 24 49 3 35 86 46 58 30 66 55 47 
87 52 84 57 0 12 83 78 22 68 97 96 88 27 20 25 39 57 60 88 63 43 48 46 22 70 67 71 20 80 8 108 75 60 43 38 18 49 40 38 106 80 27 74 93 60 87 47 39 111 89 32 101 38 34 67 51 39 31 69 49 15 84 87 44 25 98 70 37 80 15 59 21 44 46 110 73 20 102 52 
82 41 74 56 12 0 72 66 10 59 85 86 79 31 17 18 33 48 57 79 52 38 37 49 20 58 62 60 8 68 6 103 63 48 44 46 18 37 44 41 101 69 15 62 82 51 85 39 28 106 79 32 94 27 28 62 57 41 19 61 44 5 75 83 34 14 94 58 31 78 8 58 23 35 36 105 68 11 96 42 
53 60 11 68 83 72 0 10 65 21 27 17 19 77 67 78 83 30 62 24 20 52 35 81 68 27 50 19 67 32 78 64 35 35 72 95 72 57 81 78 67 7 61 28 14 25 69 40 44 70 17 69 39 47 54 47 93 76 64 28 48 73 18 63 73 58 67 39 85 67 68 66 72 72 37 65 44 73 53 31 
60 50 20 71 78 66 10 0 58 25 23 27 29 75 63 70 74 30 65 33 18 51 31 81 65 17 54 9 60 22 72 73 25 25 72 94 68 48 80 78 75 3 54 18 16 25 76 39 39 79 27 67 49 40 51 51 93 75 56 32 48 67 27 70 63 52 74 29 76 72 62 69 69 63 33 74 50 66 62 28 
82 31 68 60 22 10 65 58 0 54 76 80 74 38 22 15 28 44 60 75 46 39 31 56 26 49 62 51 2 59 15 102 53 38 50 55 26 27 51 48 101 61 5 52 74 46 86 37 22 106 74 37 90 19 29 62 64 48 10 57 44 8 70 84 26 10 94 48 27 79 13 62 30 27 31 104 67 8 94 36 
38 60 16 47 68 59 21 25 54 0 47 28 19 58 50 69 77 11 41 20 12 32 23 60 50 36 29 27 55 45 65 54 45 38 51 75 54 56 60 58 55 24 51 39 35 9 52 22 32 59 20 49 36 37 35 26 72 55 56 8 27 61 16 46 69 45 52 47 79 48 53 45 54 69 23 56 26 62 44 18 
79 60 37 94 97 85 27 23 76 47 0 36 44 97 84 85 86 53 87 49 41 74 52 104 86 27 76 27 78 21 91 88 27 38 95 116 90 59 103 101 92 23 71 24 14 48 96 62 60 94 42 90 61 59 74 73 116 98 72 54 71 85 43 89 74 72 92 33 89 93 83 92 91 74 55 89 71 83 77 50 
46 77 12 71 96 86 17 27 80 28 36 0 12 86 78 93 99 39 64 16 34 59 48 86 78 44 50 35 81 47 92 53 51 52 78 103 82 74 87 85 56 24 76 44 22 36 64 50 58 58 9 77 25 61 64 47 97 82 79 31 54 87 14 58 89 71 58 55 101 63 80 68 82 89 49 54 43 88 41 44 
36 75 8 60 88 79 19 29 74 19 44 12 0 76 69 88 95 31 52 5 28 49 42 75 69 45 38 36 75 51 85 45 54 51 67 92 73 72 76 74 48 26 70 46 30 28 53 41 51 51 2 67 20 56 54 35 86 71 75 20 43 80 4 47 86 65 49 57 97 52 73 57 73 86 42 46 31 82 34 37 
66 68 74 31 27 31 77 75 38 58 97 86 76 0 17 49 63 47 35 74 57 26 45 19 13 74 45 71 36 85 32 86 81 66 17 19 12 63 14 10 83 76 41 78 90 51 62 37 40 88 77 9 85 44 24 47 26 12 48 55 32 36 72 63 64 32 74 78 61 55 25 34 8 65 42 87 53 41 82 47 
67 51 66 40 20 17 67 63 22 50 84 78 69 17 0 35 49 38 41 68 46 23 32 34 4 59 47 58 21 70 21 88 66 50 28 35 6 47 29 25 86 64 25 63 78 42 68 28 25 91 70 15 82 28 15 47 42 25 31 50 29 22 65 67 48 16 78 62 48 61 10 41 8 49 30 90 53 27 82 35 
97 31 82 74 25 18 78 70 15 69 85 93 88 49 35 0 15 59 74 89 60 54 46 68 38 58 77 62 15 66 18 117 60 47 62 63 37 29 62 59 116 73 17 61 85 60 101 52 37 121 88 50 105 32 44 77 75 59 14 72 59 13 84 99 19 26 110 54 13 94 25 76 41 20 46 119 82 8 109 51 
108 27 89 88 39 33 83 74 28 77 86 99 95 63 49 15 0 69 88 97 67 67 54 82 53 60 90 66 29 65 32 128 59 49 77 77 51 27 77 74 128 77 28 62 88 69 114 63 47 132 95 64 114 41 57 89 89 74 22 82 71 28 92 112 12 38 122 53 4 107 39 89 56 13 55 130 93 22 120 60 
41 54 27 41 57 48 30 30 44 11 53 39 31 47 38 59 69 0 35 31 13 22 15 51 39 36 27 30 45 47 54 60 46 35 42 65 43 50 51 48 60 30 42 40 44 5 52 10 22 64 32 38 46 28 24 25 63 45 47 13 18 50 27 48 61 35 56 46 70 47 42 39 43 61 13 62 27 52 51 10 
32 82 54 7 60 57 62 65 60 41 87 64 52 35 41 74 88 35 0 49 48 21 45 25 38 71 14 65 59 82 61 51 81 68 20 45 42 77 28 28 48 64 60 75 76 40 28 31 46 53 54 28 55 53 31 17 35 25 67 34 19 62 50 28 84 50 39 80 87 21 50 5 38 84 42 53 23 66 49 42 
31 78 13 56 88 79 24 33 75 20 49 16 5 74 68 89 97 31 49 0 31 48 43 72 68 49 35 40 76 56 85 40 58 54 64 90 73 74 74 72 43 30 72 51 35 29 49 41 52 46 7 65 17 57 54 32 83 69 76 19 42 81 7 42 88 65 44 61 99 47 73 54 72 88 43 42 27 83 29 38 
50 48 22 54 63 52 20 18 46 12 41 34 28 57 46 60 67 13 48 31 0 34 15 63 48 24 39 17 48 35 58 66 34 25 54 76 51 44 63 60 67 19 42 28 32 8 63 21 24 71 28 49 47 28 34 36 75 57 46 20 31 54 25 58 58 38 64 35 68 58 47 52 52 58 16 68 37 54 56 11 
44 61 48 24 43 38 52 51 39 32 74 59 49 26 23 54 67 22 21 48 34 0 25 30 22 54 24 49 39 66 43 65 63 49 21 44 26 56 29 27 63 52 39 58 65 27 47 13 25 68 51 17 60 32 10 24 42 24 46 29 6 42 46 45 63 29 56 61 67 40 31 24 24 63 22 67 30 46 59 25 
56 40 37 49 48 37 35 31 31 23 52 48 42 45 32 46 54 15 45 43 15 25 0 54 34 29 40 26 33 41 43 75 38 24 46 64 38 35 53 49 75 32 28 33 46 15 65 13 9 79 42 38 59 14 22 38 66 47 33 28 25 39 38 61 47 23 70 36 56 60 32 48 39 47 3 76 41 40 66 5 
56 84 75 18 46 49 81 81 56 60 104 86 75 19 34 68 82 51 25 72 63 30 54 0 30 84 38 79 54 95 51 75 92 78 9 21 31 79 6 9 71 81 58 88 95 56 48 43 52 75 77 19 80 57 34 41 12 8 65 55 33 54 72 50 82 48 61 90 80 41 43 21 27 82 51 76 47 60 73 55 
66 55 66 36 22 20 68 65 26 50 86 78 69 13 4 38 53 39 38 68 48 22 34 30 0 62 45 60 25 73 23 86 69 53 24 32 4 51 25 22 84 66 29 66 80 43 66 29 28 89 70 11 81 31 15 46 38 21 35 49 28 25 65 65 52 20 76 65 51 59 13 38 5 53 32 88 52 30 81 37 
73 34 37 76 70 58 27 17 49 36 27 44 45 74 59 58 60 36 71 49 24 54 29 84 62 0 63 9 51 12 64 88 10 11 75 93 65 33 82 79 90 20 44 4 28 32 87 41 34 93 44 67 65 32 51 61 95 77 44 43 53 58 42 82 48 46 88 12 63 83 56 75 67 48 32 90 61 55 77 29 
21 79 41 22 67 62 50 54 62 29 76 50 38 45 47 77 90 27 14 35 39 24 40 38 45 63 0 56 62 74 67 41 73 62 32 58 49 75 41 41 39 53 62 67 64 31 25 28 44 44 41 37 41 51 34 3 49 38 68 22 18 66 36 22 84 52 32 73 90 20 55 19 46 84 38 43 9 70 37 37 
64 42 28 70 71 60 19 9 51 27 27 35 36 71 58 62 66 30 65 40 17 49 26 79 60 9 56 0 53 18 65 79 19 17 70 90 63 39 78 75 81 12 47 12 23 25 79 36 33 84 34 64 56 33 47 53 91 73 48 35 47 59 33 73 55 46 79 21 68 75 56 69 65 54 29 80 53 58 68 25 
82 33 69 59 20 8 67 60 2 55 78 81 75 36 21 15 29 45 59 76 48 39 33 54 25 51 62 53 0 61 13 102 55 41 48 53 24 29 49 46 101 63 7 55 76 47 86 37 24 106 75 36 91 21 29 62 63 46 12 58 44 6 71 84 28 11 94 50 28 79 11 61 28 28 32 104 67 7 95 38 
82 39 43 88 80 68 32 22 59 45 21 47 51 85 70 66 65 47 82 56 35 66 41 95 73 12 74 18 61 0 74 95 6 20 86 104 76 38 93 90 98 25 54 8 28 43 97 53 46 101 49 78 71 43 62 71 107 88 53 53 64 67 49 91 54 56 97 12 69 93 67 87 78 53 44 97 71 64 84 41 
87 44 80 60 8 6 78 72 15 65 91 92 85 32 21 18 32 54 61 85 58 43 43 51 23 64 67 65 13 74 0 108 68 53 47 45 21 41 45 42 106 74 20 67 88 57 89 45 34 111 85 34 99 33 33 67 57 43 23 67 49 7 81 88 36 20 99 63 30 82 13 62 25 36 42 110 73 12 102 48 
21 113 53 57 108 103 64 73 102 54 88 53 45 86 88 117 128 60 51 40 66 65 75 75 86 88 41 79 102 95 108 0 97 92 71 95 90 109 79 79 5 70 100 90 74 61 29 65 82 6 47 78 28 88 75 41 82 76 106 48 59 106 47 24 121 92 15 100 129 34 95 53 88 121 73 2 35 110 11 70 
83 32 45 86 75 63 35 25 53 45 27 51 54 81 66 60 59 46 81 58 34 63 38 92 69 10 73 19 55 6 68 97 0 16 84 100 71 32 90 87 99 28 48 7 33 42 97 51 42 103 52 75 74 38 59 71 104 85 47 53 62 61 51 92 47 51 98 6 62 93 62 85 74 47 41 99 71 58 86 39 
75 25 43 72 60 48 35 25 38 38 38 52 51 66 50 47 49 35 68 54 25 49 24 78 53 11 62 17 41 20 53 92 16 0 69 85 56 22 75 72 93 28 33 14 39 32 87 37 26 97 50 60 71 23 44 60 89 70 33 45 49 47 48 82 38 36 89 12 52 82 47 72 58 38 27 93 62 44 81 26 
51 77 67 14 43 44 72 72 50 51 95 78 67 17 28 62 77 42 20 64 54 21 46 9 24 75 32 70 48 86 47 71 84 69 0 26 26 72 10 9 67 73 51 79 86 47 46 34 43 72 69 13 73 49 25 34 21 6 58 47 25 49 64 47 76 41 58 81 75 39 37 18 22 76 43 72 40 54 68 46 
76 85 91 39 38 46 95 94 55 75 116 103 92 19 35 63 77 65 45 90 76 44 64 21 32 93 58 90 53 104 45 95 100 85 26 0 30 81 17 18 92 95 58 97 108 70 69 55 59 96 94 27 99 63 43 60 17 21 64 72 49 50 89 71 80 51 82 97 74 62 42 42 27 80 62 97 67 56 94 66 
70 56 71 39 18 18 72 68 26 54 90 82 73 12 6 37 51 43 42 73 51 26 38 31 4 65 49 63 24 76 21 90 71 56 26 30 0 52 26 22 88 70 29 69 84 47 69 33 30 93 75 14 85 33 19 50 39 23 35 54 32 23 70 69 52 21 80 68 49 62 13 42 4 52 35 92 56 29 85 41 
91 5 64 79 49 37 57 48 27 56 59 74 72 63 47 29 27 50 77 74 44 56 35 79 51 33 75 39 29 38 41 109 32 22 72 81 52 0 75 72 110 51 23 35 61 48 100 47 31 114 71 60 91 24 47 73 89 71 18 62 58 34 68 96 16 31 105 26 30 94 39 80 55 15 37 111 76 30 100 39 
60 80 76 22 40 44 81 80 51 60 103 87 76 14 29 62 77 51 28 74 63 29 53 6 25 82 41 78 49 93 45 79 90 75 10 17 26 75 0 4 76 81 54 86 94 56 53 42 49 80 78 15 82 54 31 44 14 5 60 56 33 49 73 55 77 44 66 87 75 46 38 26 21 78 50 81 50 55 77 53 
60 76 74 23 38 41 78 78 48 58 101 85 74 10 25 59 74 48 28 72 60 27 49 9 22 79 41 75 46 90 42 79 87 72 9 18 22 72 4 0 76 78 50 83 92 53 54 39 46 81 76 12 81 51 28 43 17 3 57 54 31 46 71 56 74 41 67 84 72 47 35 26 18 74 47 81 49 51 77 50 
19 114 56 53 106 101 67 75 101 55 92 56 48 83 86 116 128 60 48 43 67 63 75 71 84 90 39 81 101 98 106 5 99 93 67 92 88 110 76 76 0 73 100 92 78 62 24 65 81 5 50 75 32 88 73 39 78 73 106 48 58 105 49 21 121 91 10 102 128 30 94 50 85 121 73 6 34 109 15 70 
58 53 18 70 80 69 7 3 61 24 23 24 26 76 64 73 77 30 64 30 19 52 32 81 66 20 53 12 63 25 74 70 28 28 73 95 70 51 81 78 73 0 56 21 14 25 74 39 41 76 24 68 46 42 52 50 93 76 59 31 48 69 24 68 66 54 72 32 79 71 64 69 71 66 34 72 48 68 59 29 
80 27 64 61 27 15 61 54 5 51 71 76 70 41 25 17 28 42 60 72 42 39 28 58 29 44 62 47 7 54 20 100 48 33 51 58 29 23 54 50 100 56 0 48 69 43 86 35 19 104 70 39 87 15 29 61 67 50 7 55 43 13 66 83 24 10 93 43 28 79 17 62 33 25 28 102 65 12 92 33 
76 36 38 80 74 62 28 18 52 39 24 44 46 78 63 61 62 40 75 51 28 58 33 88 66 4 67 12 55 8 67 90 7 14 79 97 69 35 86 83 92 21 48 0 27 36 90 45 38 96 45 71 67 36 55 64 99 81 47 46 57 61 44 85 50 49 90 11 65 86 60 79 71 50 36 92 64 59 79 33 
65 63 23 83 93 82 14 16 74 35 14 22 30 90 78 85 88 44 76 35 32 65 46 95 80 28 64 23 76 28 88 74 33 39 86 108 84 61 94 92 78 14 69 27 0 39 83 53 54 80 28 82 47 55 66 61 106 89 71 42 61 82 30 76 77 68 79 38 91 80 78 81 85 76 48 76 58 81 63 43 
43 52 24 46 60 51 25 25 46 9 48 36 28 51 42 60 69 5 40 29 8 27 15 56 43 32 31 25 47 43 57 61 42 32 47 70 47 48 56 53 62 25 43 36 39 0 55 15 23 66 29 43 45 29 28 29 68 50 48 14 23 53 24 50 61 37 58 42 70 51 45 44 47 61 14 63 30 54 52 10 
18 105 59 31 87 85 69 76 86 52 96 64 53 62 68 101 114 52 28 49 63 47 65 48 66 87 25 79 86 97 89 29 97 87 46 69 69 100 53 54 24 74 86 90 83 55 0 53 70 28 56 56 45 77 57 27 55 52 93 44 43 89 53 7 109 76 14 98 114 7 77 28 66 109 63 30 26 93 32 62 
46 52 38 35 47 39 40 39 37 22 62 50 41 37 28 52 63 10 31 41 21 13 13 43 29 41 28 36 37 53 45 65 51 37 34 55 33 47 42 39 65 39 35 45 53 15 53 0 17 69 42 28 55 24 14 26 54 37 41 22 12 42 37 50 57 26 59 49 63 47 32 35 33 57 11 67 31 44 58 12 
62 36 46 49 39 28 44 39 22 32 60 58 51 40 25 37 47 22 46 52 24 25 9 52 28 34 44 33 24 46 34 82 42 26 43 59 30 31 49 46 81 41 19 38 54 23 70 17 0 86 52 34 68 7 18 43 63 44 25 36 27 29 47 66 40 14 76 38 47 63 24 49 33 40 9 83 47 30 73 14 
24 118 58 58 111 106 70 79 106 59 94 58 51 88 91 121 132 64 53 46 71 68 79 75 89 93 44 84 106 101 111 6 103 97 72 96 93 114 80 81 5 76 104 96 80 66 28 69 86 0 53 80 33 92 78 44 82 78 110 52 62 110 52 25 126 95 14 105 132 34 99 55 90 125 77 5 39 113 17 74 
38 74 7 62 89 79 17 27 74 20 42 9 2 77 70 88 95 32 54 7 28 51 42 77 70 44 41 34 75 49 85 47 52 50 69 94 75 71 78 76 50 24 70 45 28 29 56 42 52 53 0 68 22 56 56 38 88 73 75 22 45 81 5 49 86 65 51 56 97 54 73 59 74 85 43 48 33 82 36 37 
58 65 65 25 32 32 69 67 37 49 90 77 67 9 15 50 64 38 28 65 49 17 38 19 11 67 37 64 36 78 34 78 75 60 13 27 14 60 15 12 75 68 39 71 82 43 56 28 34 80 68 0 76 39 16 38 29 11 46 46 23 36 63 56 63 29 67 72 63 48 25 28 10 64 35 80 45 42 74 39 
28 95 29 62 101 94 39 49 90 36 61 25 20 85 82 105 114 46 55 17 47 60 59 80 81 65 41 56 91 71 99 28 74 71 73 99 85 91 82 81 32 46 87 67 47 45 45 55 68 33 22 76 0 73 67 39 90 78 92 33 53 96 23 39 105 80 36 77 115 47 87 59 84 105 59 29 32 98 17 54 
69 29 50 56 38 27 47 40 19 37 59 61 56 44 28 32 41 28 53 57 28 32 14 57 31 32 51 33 21 43 33 88 38 23 49 63 33 24 54 51 88 42 15 36 55 29 77 24 7 92 56 39 73 0 24 50 68 49 19 41 34 27 52 73 33 13 82 34 42 70 24 56 36 33 15 90 54 26 79 19 
54 52 52 32 34 28 54 51 29 35 74 64 54 24 15 44 57 24 31 54 34 10 22 34 15 51 34 47 29 62 33 75 59 44 25 43 19 47 31 28 73 52 29 55 66 28 57 14 18 78 56 16 67 24 0 34 45 26 36 35 16 32 51 55 53 19 66 56 56 50 21 33 19 53 19 76 39 36 68 23 
20 78 38 24 67 62 47 51 62 26 73 47 35 47 47 77 89 25 17 32 36 24 38 41 46 61 3 53 62 71 67 41 71 60 34 60 50 73 44 43 39 50 61 64 61 29 27 26 43 44 38 38 39 50 34 0 52 40 67 19 18 66 33 23 83 51 33 71 89 22 55 22 47 83 36 42 6 69 35 35 
65 94 87 28 51 57 93 93 64 72 116 97 86 26 42 75 89 63 35 83 75 42 66 12 38 95 49 91 63 107 57 82 104 89 21 17 39 89 14 17 78 93 67 99 106 68 55 54 63 82 88 29 90 68 45 52 0 19 74 67 45 61 83 58 90 58 68 101 87 48 51 31 34 91 63 84 57 67 82 66 
57 76 71 20 39 41 76 75 48 55 98 82 71 12 25 59 74 45 25 69 57 24 47 8 21 77 38 73 46 88 43 76 85 70 6 21 23 71 5 3 73 76 50 81 89 50 52 37 44 78 73 11 78 49 26 40 19 0 57 51 28 46 68 53 74 40 64 82 72 44 35 23 18 74 44 78 46 52 74 48 
87 22 68 68 31 19 64 56 10 56 72 79 75 48 31 14 22 47 67 76 46 46 33 65 35 44 68 48 12 53 23 106 47 33 58 64 35 18 60 57 106 59 7 47 71 48 93 41 25 110 75 46 92 19 36 67 74 57 0 60 50 16 71 90 17 17 100 41 23 86 23 69 39 18 34 108 72 12 98 38 
30 66 20 41 69 61 28 32 57 8 54 31 20 55 50 72 82 13 34 19 20 29 28 55 49 43 22 35 58 53 67 48 53 45 47 72 54 62 56 54 48 31 55 46 42 14 44 22 36 52 22 46 33 41 35 19 67 51 60 0 23 63 17 38 74 48 45 54 83 40 54 39 53 74 27 49 18 65 38 23 
38 63 43 24 49 44 48 48 44 27 71 54 43 32 29 59 71 18 19 42 31 6 25 33 28 53 18 47 44 64 49 59 62 49 25 49 32 58 33 31 58 48 43 57 61 23 43 12 27 62 45 23 53 34 16 18 45 28 50 23 0 48 40 40 67 34 51 61 71 36 36 23 31 67 22 61 24 51 53 23 
86 37 75 61 15 5 73 67 8 61 85 87 80 36 22 13 28 50 62 81 54 42 39 54 25 58 66 59 6 67 7 106 61 47 49 50 23 34 49 46 105 69 13 61 82 53 89 42 29 110 81 36 96 27 32 66 61 46 16 63 48 0 77 87 30 16 98 56 26 82 12 63 28 30 38 108 71 6 99 44 
36 72 7 57 84 75 18 27 70 16 43 14 4 72 65 84 92 27 50 7 25 46 38 72 65 42 36 33 71 49 81 47 51 48 64 89 70 68 73 71 49 24 66 44 30 24 53 37 47 52 5 63 23 52 51 33 83 68 71 17 40 77 0 46 82 61 49 54 93 51 69 54 69 82 39 48 29 78 35 33 
11 101 53 33 87 83 63 70 84 46 89 58 47 63 67 99 112 48 28 42 58 45 61 50 65 82 22 73 84 91 88 24 92 82 47 71 69 96 55 56 21 68 83 85 76 50 7 50 66 25 49 56 39 73 55 23 58 53 90 38 40 87 46 0 106 74 11 93 111 10 76 30 66 106 59 26 21 91 26 57 
102 15 79 85 44 34 73 63 26 69 74 89 86 64 48 19 12 61 84 88 58 63 47 82 52 48 84 55 28 54 36 121 47 38 76 80 52 16 77 74 121 66 24 50 77 61 109 57 40 126 86 63 105 33 53 83 90 74 17 74 67 30 82 106 0 35 116 41 15 103 39 86 56 1 48 123 87 24 112 52 
71 36 60 51 25 14 58 52 10 45 72 71 65 32 16 26 38 35 50 65 38 29 23 48 20 46 52 46 11 56 20 92 51 36 41 51 21 31 44 41 91 54 10 49 68 37 76 26 14 95 65 29 80 13 19 51 58 40 17 48 34 16 61 74 35 0 84 47 38 69 11 52 24 35 22 93 56 18 84 28 
15 109 56 44 98 94 67 74 94 52 92 58 49 74 78 110 122 56 39 44 64 56 70 61 76 88 32 79 94 97 99 15 98 89 58 82 80 105 66 67 10 72 93 90 79 58 14 59 76 14 51 67 36 82 66 33 68 64 100 45 51 98 49 11 116 84 0 99 122 20 87 41 77 116 68 16 29 102 20 66 
85 26 49 85 70 58 39 29 48 47 33 55 57 78 62 54 53 46 80 61 35 61 36 90 65 12 73 21 50 12 63 100 6 12 81 97 68 26 87 84 102 32 43 11 38 42 98 49 38 105 56 72 77 34 56 71 101 82 41 54 61 56 54 93 41 47 99 0 56 93 57 84 70 41 39 101 72 53 89 38 
109 30 90 87 37 31 85 76 27 79 89 101 97 61 48 13 4 70 87 99 68 67 56 80 51 63 90 68 28 69 30 129 62 52 75 74 49 30 75 72 128 79 28 65 91 70 114 63 47 132 97 63 115 42 56 89 87 72 23 83 71 26 93 111 15 38 122 56 0 107 38 88 54 16 56 130 94 21 121 61 
19 99 57 24 80 78 67 72 79 48 93 63 52 55 61 94 107 47 21 47 58 40 60 41 59 83 20 75 79 93 82 34 93 82 39 62 62 94 46 47 30 71 79 86 80 51 7 47 63 34 54 48 47 70 50 22 48 44 86 40 36 82 51 10 103 69 20 93 107 0 70 21 59 103 57 35 22 86 35 56 
75 44 68 49 15 8 68 62 13 53 83 80 73 25 10 25 39 42 50 73 47 31 32 43 13 56 55 56 11 67 13 95 62 47 37 42 13 39 38 35 94 64 17 60 78 45 77 32 24 99 73 25 87 24 21 55 51 35 23 54 36 12 69 76 39 11 87 57 38 70 0 51 17 40 31 97 60 17 89 37 
35 85 59 3 59 58 66 69 62 45 92 68 57 34 41 76 89 39 5 54 52 24 48 21 38 75 19 69 61 87 62 53 85 72 18 42 42 80 26 26 50 69 62 79 81 44 28 35 49 55 59 28 59 56 33 22 31 23 69 39 23 63 54 30 86 52 41 84 88 21 51 0 38 87 45 55 27 68 52 46 
67 60 70 35 21 23 72 69 30 54 91 82 73 8 8 41 56 43 38 72 52 24 39 27 5 67 46 65 28 78 25 88 74 58 22 27 4 55 21 18 85 71 33 71 85 47 66 33 33 90 74 10 84 36 19 47 34 18 39 53 31 28 69 66 56 24 77 70 54 59 17 38 0 56 36 89 54 33 83 42 
102 14 79 86 44 35 72 63 27 69 74 89 86 65 49 20 13 61 84 88 58 63 47 82 53 48 84 54 28 53 36 121 47 38 76 80 52 15 78 74 121 66 25 50 76 61 109 57 40 125 85 64 105 33 53 83 91 74 18 74 67 30 82 106 1 35 116 41 16 103 40 87 56 0 48 123 87 25 112 51 
54 42 37 46 46 36 37 33 31 23 55 49 42 42 30 46 55 13 42 43 16 22 3 51 32 32 38 29 32 44 42 73 41 27 43 62 35 37 50 47 73 34 28 36 48 14 63 11 9 77 43 35 59 15 19 36 63 44 34 27 22 38 39 59 48 22 68 39 56 57 31 45 36 48 0 75 39 39 65 6 
22 115 54 58 110 105 65 74 104 56 89 54 46 87 90 119 130 62 53 42 68 67 76 76 88 90 43 80 104 97 110 2 99 93 72 97 92 111 81 81 6 72 102 92 76 63 30 67 83 5 48 80 29 90 76 42 84 78 108 49 61 108 48 26 123 93 16 101 130 35 97 55 89 123 75 0 37 111 13 72 
15 81 35 30 73 68 44 50 67 26 71 43 31 53 53 82 93 27 23 27 37 30 41 47 52 61 9 53 67 71 73 35 71 62 40 67 56 76 50 49 34 48 65 64 58 30 26 31 47 39 33 45 32 54 39 6 57 46 72 18 24 71 29 21 87 56 29 72 94 22 60 27 54 87 39 37 0 74 29 37 
89 33 76 66 20 11 73 66 8 62 83 88 82 41 27 8 22 52 66 83 54 46 40 60 30 55 70 58 7 64 12 110 58 44 54 56 29 30 55 51 109 68 12 59 81 54 93 44 30 113 82 42 98 26 36 69 67 52 12 65 51 6 78 91 24 18 102 53 21 86 17 68 33 25 39 111 74 0 102 45 
17 104 42 55 102 96 53 62 94 44 77 41 34 82 82 109 120 51 49 29 56 59 66 73 81 77 37 68 95 84 102 11 86 81 68 94 85 100 77 77 15 59 92 79 63 52 32 58 73 17 36 74 17 79 68 35 82 74 98 38 53 99 35 26 112 84 20 89 121 35 89 52 83 112 65 13 29 102 0 61 
51 44 32 47 52 42 31 28 36 18 50 44 37 47 35 51 60 10 42 38 11 25 5 55 37 29 37 25 38 41 48 70 39 26 46 66 41 39 53 50 70 29 33 33 43 10 62 12 14 74 37 39 54 19 23 35 66 48 38 23 23 44 33 57 52 28 66 38 61 56 37 46 42 51 6 72 37 45 61 0 
0 670 8 0 292 32 359 36 26 691 22 648 920 22 171 7 27 298 86 213 0 0 245 41 292 80 453 1835 0 175 703 23 11 26 53 28 9 173 55 27 157 1337 11 1372 19 1440 20 32 177 129 66 104 801 99 0 508 13 1517 475 20 202 212 14 12 0 26 2362 20 60 475 32 105 63 0 574 122 598 113 0 12 
670 0 1185 44 442 182 20 3000 3000 20 61 68 146 929 324 30 304 8 34 466 85 367 85 173 3000 449 466 332 659 23 9 1467 31 2869 151 786 76 13 1182 305 12 28 53 1360 457 215 0 64 3000 20 49 133 160 34 711 204 975 3000 32 99 163 1294 1054 11 260 56 132 98 153 130 624 13 1527 0 336 436 14 8 1073 719 
8 1185 0 281 263 20 18 0 8 35 10 362 67 24 24 68 51 1160 206 88 38 114 16 224 15 47 3000 47 125 138 710 44 79 75 54 98 621 34 66 2228 17 0 333 854 317 54 553 279 1993 598 32 1171 160 215 85 1273 429 353 13 163 213 2968 8 17 533 2099 1791 735 37 2851 0 163 69 75 207 532 1554 19 158 350 
0 44 281 0 11 143 7 0 0 16 0 231 0 29 729 345 27 306 177 59 336 1329 631 28 198 26 134 34 13 0 782 18 815 0 0 1027 445 180 0 0 0 0 10 165 1098 474 11 164 140 3000 8 263 541 205 1282 29 65 0 279 26 139 0 345 24 129 31 19 0 84 55 0 352 0 0 899 344 0 0 161 0 
292 442 263 11 0 1951 35 53 12 1072 19 9 15 16 920 106 91 97 165 409 315 43 19 186 117 98 233 103 426 1162 2572 67 207 56 536 57 251 532 352 19 14 0 92 756 296 50 322 63 8 120 379 617 357 480 20 34 696 921 225 22 451 1166 1198 451 12 309 182 79 1243 179 16 165 847 21 32 213 21 347 1747 694 
32 182 20 143 1951 0 148 0 0 0 1190 34 651 50 279 56 152 0 0 107 10 1173 0 661 145 218 0 0 190 52 0 40 0 242 1644 69 105 992 768 29 73 0 23 36 0 75 23 0 2899 375 95 231 162 29 1265 446 77 36 29 302 0 8 0 3000 13 0 3000 0 65 2483 0 193 20 113 1296 0 0 11 1319 255 
359 20 18 7 35 148 0 0 54 73 0 533 0 312 367 52 1325 354 24 134 2207 10 51 17 705 8 3000 18 333 0 133 26 1231 0 650 22 20 122 1472 54 198 0 2933 65 22 114 1645 32 326 952 17 34 70 13 21 1056 33 104 274 11 42 0 279 918 385 50 3000 25 345 60 25 95 71 0 148 71 346 0 45 56 
36 3000 0 0 53 0 0 0 11 822 2734 15 171 0 0 92 21 19 131 105 0 0 19 35 0 0 2157 0 0 34 212 207 1115 174 197 17 23 0 112 1976 89 9 0 0 571 0 0 0 0 0 0 15 0 0 0 0 127 30 290 0 337 953 60 365 0 222 0 270 315 0 181 11 1084 0 42 135 521 1467 0 391 
26 3000 8 0 12 0 54 11 0 145 363 263 2527 285 0 23 974 292 114 44 0 0 550 169 0 0 8 972 0 73 71 11 865 29 165 2179 372 0 292 84 9 328 0 0 13 0 0 0 382 13 110 113 0 0 0 543 22 519 10 197 24 2486 15 213 0 85 0 339 72 219 85 126 11 0 75 229 343 52 0 228 
691 20 35 16 1072 0 73 822 145 0 0 1869 0 3000 12 69 24 74 178 3000 0 0 133 871 238 3000 19 131 0 0 22 0 9 0 1502 805 44 31 524 0 0 56 0 701 817 481 0 378 0 0 0 8 12 0 756 164 631 1791 0 0 581 0 385 441 285 426 0 11 168 13 26 0 0 0 23 634 91 0 0 0 
22 61 10 0 19 1190 0 2734 363 0 0 52 139 0 0 0 45 0 2180 1642 0 0 17 11 0 0 12 0 0 25 134 48 0 3000 212 375 213 0 44 347 83 386 312 0 0 0 1168 0 119 16 155 18 0 1137 0 0 466 27 12 310 143 29 0 32 0 385 21 52 28 0 3000 594 260 76 154 0 219 640 0 124 
648 68 362 231 9 34 533 15 263 1869 52 0 474 38 340 71 26 126 39 47 0 40 1067 7 9 57 2044 66 43 67 107 3000 3000 45 680 14 422 608 588 308 2317 1000 27 64 255 3000 51 9 84 21 68 226 102 9 150 14 8 495 429 3000 61 15 416 149 10 18 724 762 369 333 134 46 436 17 579 24 3000 214 2976 70 
920 146 67 0 15 651 0 171 2527 0 139 474 0 0 0 0 225 0 0 16 0 105 72 353 0 3000 33 0 102 33 0 812 0 11 42 399 605 1411 73 3000 15 144 7 0 0 0 16 0 142 629 562 152 0 8 0 0 0 1796 125 304 83 43 0 19 0 431 39 19 92 123 899 653 1005 201 37 0 39 17 2019 12 
22 929 24 29 16 50 312 0 285 3000 0 38 0 0 3000 101 444 193 44 8 36 330 208 43 488 705 31 39 1739 0 92 55 11 0 14 15 58 27 135 473 307 0 2715 36 236 14 564 14 933 620 317 121 821 237 102 58 43 88 135 47 23 16 197 40 61 158 101 443 254 78 10 8 32 0 22 28 89 845 24 518 
171 324 24 729 920 279 367 0 0 12 0 340 0 3000 0 9 242 3000 21 96 724 998 24 510 14 60 392 756 455 0 211 145 1157 0 0 405 51 29 0 0 0 0 3000 13 180 85 29 889 990 62 88 725 130 57 139 948 9 0 0 10 785 0 3000 620 1443 453 193 0 335 147 0 0 0 0 307 1038 0 0 786 0 
7 30 68 345 106 56 52 92 23 69 0 71 0 101 9 0 22 53 31 720 1208 26 47 161 35 58 88 45 0 0 556 378 17 0 49 482 38 472 25 39 1635 32 0 194 2797 26 0 1076 768 0 24 381 17 100 70 221 581 47 10 58 50 0 65 436 9 100 0 32 39 81 161 890 310 0 39 2040 195 0 1514 0 
27 304 51 27 91 152 1325 21 974 24 45 26 225 444 242 22 0 53 57 95 0 31 35 16 53 3000 1147 702 32 10 152 65 11 51 204 2347 21 2659 46 256 434 44 33 49 299 1033 179 26 634 1850 27 402 113 574 19 656 131 13 63 40 328 49 268 26 0 1199 1135 9 234 60 120 8 96 10 27 20 75 34 785 1134 
298 8 1160 306 97 0 354 19 292 74 0 126 0 193 3000 53 53 0 1949 93 0 0 22 19 9 0 29 415 0 0 610 0 116 0 0 16 0 2108 125 0 0 579 0 9 1052 390 0 23 0 0 0 36 144 0 490 232 523 0 0 0 398 0 202 609 0 195 0 105 23 15 315 0 0 0 25 73 22 0 0 0 
86 34 206 177 165 0 24 131 114 178 2180 39 0 44 21 31 57 1949 0 60 0 0 3000 13 14 17 29 20 0 0 149 809 188 0 804 46 15 527 227 74 35 129 0 80 754 38 0 280 0 0 0 1004 69 0 229 15 3000 329 0 0 19 0 3000 139 0 72 0 35 441 15 1370 0 379 0 19 17 398 181 0 0 
213 466 88 59 409 107 134 105 44 3000 1642 47 16 8 96 720 95 93 60 0 0 26 13 361 50 206 119 91 20 146 165 1450 3000 124 2631 130 11 16 203 37 60 155 718 124 28 31 351 116 1930 810 266 1416 65 8 8 929 149 396 19 1502 71 3000 1763 2324 38 20 26 110 742 94 378 71 38 15 1364 482 30 39 238 20 
0 85 38 336 315 10 2207 0 0 0 0 0 0 36 724 1208 0 0 0 0 0 10 0 460 26 949 0 1064 116 0 0 20 167 0 0 9 123 491 0 0 65 0 19 370 0 131 3000 429 74 133 402 0 3000 99 883 74 446 0 37 230 0 0 552 0 61 0 158 0 16 46 0 1992 0 0 322 0 0 0 26 229 
0 367 114 1329 43 1173 10 0 0 0 0 40 105 330 998 26 31 0 0 26 10 0 0 110 215 611 0 0 1186 72 0 159 0 16 1005 22 439 469 128 24 44 0 15 129 0 234 83 86 2437 9 30 0 33 47 20 461 0 21 65 38 0 1018 0 0 327 0 54 0 28 146 0 916 25 75 29 0 0 625 11 69 
245 85 16 631 19 0 51 19 550 133 17 1067 72 208 24 47 35 22 3000 13 0 0 0 609 11 23 22 616 0 0 168 26 250 9 522 58 48 130 24 289 165 107 0 468 64 149 0 133 250 313 284 35 485 119 14 1089 540 48 3000 634 52 169 86 49 0 967 0 42 10 496 34 1140 972 0 3000 2975 297 131 0 0 
41 173 224 28 186 661 17 35 169 871 11 7 353 43 510 161 16 19 13 361 460 110 609 0 793 19 119 103 47 157 158 3000 177 120 64 518 829 1799 206 305 374 84 39 25 22 300 200 525 266 45 701 24 78 17 18 24 14 15 475 12 345 289 84 102 216 905 169 188 223 30 364 13 1889 9 99 279 7 894 27 182 
292 3000 15 198 117 145 705 0 0 238 0 9 0 488 14 35 53 9 14 50 26 215 11 793 0 66 984 79 64 0 364 118 10 0 0 65 3000 1068 0 0 0 0 117 13 234 40 0 113 12 15 447 52 65 145 186 39 1725 0 0 300 26 0 167 28 261 52 0 0 247 257 686 0 0 0 340 249 0 0 29 0 
80 449 47 26 98 218 8 0 0 3000 0 57 3000 705 60 58 3000 0 17 206 949 611 23 19 66 0 13 35 295 48 0 209 10 27 85 1114 339 219 35 64 539 0 1419 49 190 30 161 772 140 27 882 340 594 94 24 8 85 7 9 550 1262 48 75 10 1340 25 98 0 138 89 0 16 439 65 464 38 0 994 96 59 
453 466 3000 134 233 0 3000 2157 8 19 12 2044 33 31 392 88 1147 29 29 119 0 0 22 119 984 13 0 1109 0 87 1495 19 181 497 11 277 12 287 25 25 31 144 0 30 16 194 0 453 301 199 344 648 22 16 44 16 12 99 194 166 81 97 137 592 0 344 0 215 43 933 24 486 3000 0 1505 378 747 29 0 1587 
1835 332 47 34 103 0 18 0 972 131 0 66 0 39 756 45 702 415 20 91 1064 0 616 103 79 35 1109 0 0 0 1391 0 186 0 0 130 0 615 9 0 0 0 0 714 45 9 0 135 0 0 0 229 61 0 30 146 2336 0 0 0 173 0 830 1315 1304 80 0 79 1881 1105 20 0 0 0 442 290 16 0 0 0 
0 659 125 13 426 190 333 0 0 0 0 43 102 1739 455 0 32 0 0 20 116 1186 0 47 64 295 0 0 0 75 0 1615 0 13 24 9 113 114 19 100 3000 0 17 379 0 30 774 0 303 1263 48 0 103 23 60 792 0 3000 328 321 0 109 0 0 1324 0 816 0 332 17 0 972 204 118 1050 0 0 81 51 709 
175 23 138 0 1162 52 0 34 73 0 25 67 33 0 0 0 10 0 0 146 0 72 0 157 0 48 87 0 75 0 0 1204 0 23 1806 45 16 215 8 61 52 1116 51 0 0 0 257 0 236 18 2453 12 0 376 0 0 0 526 73 123 16 391 0 15 0 0 197 40 17 3000 0 29 88 1325 369 0 28 81 116 18 
703 9 710 782 2572 0 133 212 71 22 134 107 0 92 211 556 152 610 149 165 0 0 168 158 364 0 1495 1391 0 0 0 0 115 0 673 7 952 28 39 764 395 723 0 55 47 239 0 57 0 0 0 2368 3000 0 0 406 41 228 0 0 8 0 40 455 0 85 0 16 51 244 26 0 79 0 9 183 12 23 0 0 
23 1467 44 18 67 40 26 207 11 0 48 3000 812 55 145 378 65 0 809 1450 20 159 26 3000 118 209 19 0 1615 1204 0 0 0 195 96 848 296 74 24 1206 32 265 904 0 0 17 8 0 61 242 486 299 3000 142 31 102 12 14 8 125 3000 12 0 55 2509 3000 365 82 69 10 0 91 30 36 58 0 413 75 19 23 
11 31 79 815 207 0 1231 1115 865 9 0 3000 0 11 1157 17 11 116 188 3000 167 0 250 177 10 10 181 186 0 0 115 0 0 0 317 54 8 8 1477 0 0 0 0 68 59 60 0 2688 264 0 0 152 185 103 23 124 9 0 0 0 114 0 978 8 10 860 0 641 163 48 138 0 0 0 45 10 29 0 26 0 
26 2869 75 0 56 242 0 174 29 0 3000 45 11 0 0 0 51 0 0 124 0 16 9 120 0 27 497 0 13 23 0 195 0 0 25 156 24 1316 12 3000 46 145 15 0 0 0 27 0 55 180 302 131 0 19 0 0 14 65 1010 839 314 37 0 61 0 29 627 390 38 118 24 289 51 63 2083 0 74 26 334 19 
53 151 54 0 536 1644 650 197 165 1502 212 680 42 14 0 49 204 0 804 2631 0 1005 522 64 0 85 11 0 24 1806 673 96 317 25 0 58 1207 389 49 3000 9 1635 90 0 0 0 33 0 3000 13 74 3000 692 14 0 691 13 11 108 58 328 1528 20 21 0 3000 89 50 73 397 1668 36 32 54 446 46 216 55 24 248 
28 786 98 1027 57 69 22 17 2179 805 375 14 399 15 405 482 2347 16 46 130 9 22 58 518 65 1114 277 130 9 45 7 848 54 156 58 0 137 123 82 1480 34 0 135 12 7 178 75 67 16 219 15 31 7 17 85 39 42 341 1264 129 56 562 2558 10 83 133 27 8 45 677 19 25 148 21 330 717 86 8 13 182 
9 76 621 445 251 105 20 23 372 44 213 422 605 58 51 38 21 0 15 11 123 439 48 829 3000 339 12 0 113 16 952 296 8 24 1207 137 0 365 96 72 39 2600 87 0 0 15 59 0 349 105 141 1808 491 74 52 52 945 9 153 36 139 176 352 27 17 207 294 28 16 225 333 8 162 113 808 756 367 116 31 1642 
173 13 34 180 532 992 122 0 0 31 0 608 1411 27 29 472 2659 2108 527 16 491 469 130 1799 1068 219 287 615 114 215 28 74 8 1316 389 123 365 0 1406 143 52 0 650 38 140 19 546 567 2439 310 1241 853 31 214 1682 12 414 27 22 808 8 499 85 19 9 562 650 0 170 761 0 1272 36 0 7 21 0 18 49 22 
55 1182 66 0 352 768 1472 112 292 524 44 588 73 135 0 25 46 125 227 203 0 128 24 206 0 35 25 9 19 8 39 24 1477 12 49 82 96 1406 0 142 100 30 183 0 15 721 90 0 36 45 55 25 2734 2554 0 9 31 31 12 1113 57 74 9 11 0 35 777 3000 17 13 176 913 33 19 37 42 772 65 47 51 
27 305 2228 0 19 29 54 1976 84 0 347 308 3000 473 0 39 256 0 74 37 0 24 289 305 0 64 25 0 100 61 764 1206 0 3000 3000 1480 72 143 142 0 363 181 141 0 0 0 317 0 22 3000 855 2422 1190 71 0 44 355 752 2078 55 537 363 0 736 0 158 9 170 376 333 319 62 107 467 469 0 383 8 86 63 
157 12 17 0 14 73 198 89 9 0 83 2317 15 307 0 1635 434 0 35 60 65 44 165 374 0 539 31 0 3000 52 395 32 0 46 9 34 39 52 100 363 0 90 37 0 0 20 143 0 100 472 390 580 12 1191 909 8 11 2992 331 133 897 27 0 1377 31 1202 178 241 133 62 10 30 1713 3000 18 0 35 569 9 43 
1337 28 0 0 0 0 0 9 328 56 386 1000 144 0 0 32 44 579 129 155 0 0 107 84 0 0 144 0 0 1116 723 265 0 145 1635 0 2600 0 30 181 90 0 0 0 37 0 0 0 0 0 0 23 0 0 0 0 50 36 168 0 327 24 152 51 0 83 0 549 260 0 240 116 1269 0 11 856 222 52 0 0 
11 53 333 10 92 23 2933 0 0 0 312 27 7 2715 3000 0 33 0 0 718 19 15 0 39 117 1419 0 0 17 51 0 904 0 15 90 135 87 650 183 141 37 0 0 178 0 214 195 0 61 31 92 603 47 14 448 41 0 38 121 112 0 24 0 129 1030 0 180 0 9 359 0 203 2484 47 147 0 0 7 12 11 
1372 1360 854 165 756 36 65 0 0 701 0 64 0 36 13 194 49 9 80 124 370 129 468 25 13 49 30 714 379 0 55 0 68 0 0 12 0 38 0 0 0 0 178 0 194 20 0 8 35 0 11 7 446 276 66 101 363 0 0 0 418 0 108 24 239 1706 0 0 627 14 139 0 0 0 858 59 0 0 189 0 
19 457 317 1098 296 0 22 571 13 817 0 255 0 236 180 2797 299 1052 754 28 0 0 64 22 234 190 16 45 0 0 47 0 59 0 0 7 0 140 15 0 0 37 0 194 0 312 0 9 0 0 0 333 221 0 12 2291 23 0 0 0 1045 0 3000 7 9 136 0 327 88 450 987 0 0 0 31 360 248 0 0 0 
1440 215 54 474 50 75 114 0 0 481 0 3000 0 14 85 26 1033 390 38 31 131 234 149 300 40 30 194 9 30 0 239 17 60 0 0 178 15 19 721 0 20 0 214 20 312 0 377 19 205 109 229 494 1782 23 102 2045 116 0 12 18 446 0 431 40 1480 38 294 0 813 60 0 48 604 0 22 77 0 0 61 109 
20 0 553 11 322 23 1645 0 0 0 1168 51 16 564 29 0 179 0 0 351 3000 83 0 200 0 161 0 0 774 257 0 8 0 27 33 75 59 546 90 317 143 0 195 0 0 377 0 0 18 40 43 0 164 116 32 575 0 1178 90 2204 0 400 0 0 1161 0 71 0 1359 378 0 74 57 1386 2083 0 0 739 29 168 
32 64 279 164 63 0 32 0 0 378 0 9 0 14 889 1076 26 23 280 116 429 86 133 525 113 772 453 135 0 0 57 0 2688 0 0 67 0 567 0 0 0 0 0 8 9 19 0 0 0 0 0 12 40 0 279 572 45 0 0 0 525 0 47 168 617 37 0 0 20 44 607 0 0 0 73 331 0 0 466 0 
177 3000 1993 140 8 2899 326 0 382 0 119 84 142 933 990 768 634 0 0 1930 74 2437 250 266 12 140 301 0 303 236 0 61 264 55 3000 16 349 2439 36 22 100 0 61 35 0 205 18 0 0 479 27 27 21 691 109 3000 92 1184 9 159 59 64 0 25 49 959 818 104 48 106 0 10 40 2901 3000 0 354 128 50 2945 
129 20 598 3000 120 375 952 0 13 0 16 21 629 620 62 0 1850 0 0 810 133 9 313 45 15 27 199 0 1263 18 0 242 0 180 13 219 105 310 45 3000 472 0 31 0 0 109 40 0 479 0 10 358 568 182 16 3000 73 30 181 34 10 41 0 800 20 40 30 58 8 669 0 12 154 45 609 0 152 1174 36 8 
66 49 32 8 379 95 17 0 110 0 155 68 562 317 88 24 27 0 0 266 402 30 284 701 447 882 344 0 48 2453 0 486 0 302 74 15 141 1241 55 855 390 0 92 11 0 229 43 0 27 10 0 43 637 152 724 285 23 2647 487 83 278 40 0 185 32 48 1324 172 638 135 0 361 31 140 113 0 779 19 33 345 
104 133 1171 263 617 231 34 15 113 8 18 226 152 121 725 381 402 36 1004 1416 0 0 35 24 52 340 648 229 0 12 2368 299 152 131 3000 31 1808 853 25 2422 580 23 603 7 333 494 0 12 27 358 43 0 162 17 617 29 827 14 1411 414 33 585 44 90 22 11 17 236 166 302 13 473 569 0 351 67 104 727 11 1613 
801 160 160 541 357 162 70 0 0 12 0 102 0 821 130 17 113 144 69 65 3000 33 485 78 65 594 22 61 103 0 3000 3000 185 0 692 7 491 31 2734 1190 12 0 47 446 221 1782 164 40 21 568 637 162 0 1123 117 10 203 417 670 516 449 84 3000 21 41 429 58 0 1796 119 0 19 39 0 50 888 0 3000 40 57 
99 34 215 205 480 29 13 0 0 0 1137 9 8 237 57 100 574 0 0 8 99 47 119 17 145 94 16 0 23 376 0 142 103 19 14 17 74 214 2554 71 1191 0 14 276 0 23 116 0 691 182 152 17 1123 0 328 125 186 3000 38 14 335 42 0 83 11 11 255 2715 131 2799 0 259 140 183 390 0 862 18 25 27 
0 711 85 1282 20 1265 21 0 0 756 0 150 0 102 139 70 19 490 229 8 883 20 14 18 186 24 44 30 60 0 0 31 23 0 0 85 52 1682 0 0 909 0 448 66 12 102 32 279 109 16 724 617 117 328 0 2075 63 0 30 350 0 0 2340 3000 83 146 200 0 352 92 0 28 25 0 107 329 0 0 119 117 
508 204 1273 29 34 446 1056 0 543 164 0 14 0 58 948 221 656 232 15 929 74 461 1089 24 39 8 16 146 792 0 406 102 124 0 691 39 52 12 9 44 8 0 41 101 2291 2045 575 572 3000 3000 285 29 10 125 2075 0 191 921 3000 122 34 40 7 3000 271 163 17 13 182 163 1355 10 284 0 21 20 432 55 166 36 
13 975 429 65 696 77 33 127 22 631 466 8 0 43 9 581 131 523 3000 149 446 0 540 14 1725 85 12 2336 0 0 41 12 9 14 13 42 945 414 31 355 11 50 0 363 23 116 0 45 92 73 23 827 203 186 63 191 0 83 23 882 43 0 32 83 1541 263 0 65 389 350 50 10 11 0 128 1010 421 22 97 0 
1517 3000 353 0 921 36 104 30 519 1791 27 495 1796 88 0 47 13 0 329 396 0 21 48 15 0 7 99 0 3000 526 228 14 0 65 11 341 9 27 31 752 2992 36 38 0 0 0 1178 0 1184 30 2647 14 417 3000 0 921 83 0 545 44 344 43 0 76 0 29 63 24 187 70 1249 877 349 96 15 0 34 1079 154 297 
475 32 13 279 225 29 274 290 10 0 12 429 125 135 0 10 63 0 0 19 37 65 3000 475 0 9 194 0 328 73 0 8 0 1010 108 1264 153 22 12 2078 331 168 121 0 0 12 90 0 9 181 487 1411 670 38 30 3000 23 545 0 222 116 1805 0 198 2289 1200 36 580 224 263 0 273 151 10 86 0 26 701 37 151 
20 99 163 26 22 302 11 0 197 0 310 3000 304 47 10 58 40 0 0 1502 230 38 634 12 300 550 166 0 321 123 0 125 0 839 58 129 36 808 1113 55 133 0 112 0 0 18 2204 0 159 34 83 414 516 14 350 122 882 44 222 0 3000 13 0 41 13 295 606 43 399 10 0 17 16 29 579 0 45 1341 1357 23 
202 163 213 139 451 0 42 337 24 581 143 61 83 23 785 50 328 398 19 71 0 0 52 345 26 1262 81 173 0 16 8 3000 114 314 328 56 139 8 57 537 897 327 0 418 1045 446 0 525 59 10 278 33 449 335 0 34 43 344 116 3000 0 39 534 1431 0 72 45 12 1721 129 62 207 1931 0 121 52 704 3000 0 37 
212 1294 2968 0 1166 8 0 953 2486 0 29 15 43 16 0 0 49 0 0 3000 0 1018 169 289 0 48 97 0 109 391 0 12 0 37 1528 562 176 499 74 363 27 24 24 0 0 0 400 0 64 41 40 585 84 42 0 40 0 43 1805 13 39 0 0 114 0 59 129 94 75 175 0 2778 52 462 11 0 109 123 80 103 
14 1054 8 345 1198 0 279 60 15 385 0 416 0 197 3000 65 268 202 3000 1763 552 0 86 84 167 75 137 830 0 0 40 0 978 0 20 2558 352 85 9 0 0 152 0 108 3000 431 0 47 0 0 0 44 3000 0 2340 7 32 0 0 0 534 0 0 26 126 219 0 375 22 9 27 0 0 0 10 695 57 0 0 0 
12 11 17 24 451 3000 918 365 213 441 32 149 19 40 620 436 26 609 139 2324 0 0 49 102 28 10 592 1315 0 15 455 55 8 61 21 10 27 19 11 736 1377 51 129 24 7 40 0 168 25 800 185 90 21 83 3000 3000 83 76 198 41 1431 114 26 0 10 278 3000 985 32 601 43 35 8 0 12 21 53 15 308 111 
0 260 533 129 12 13 385 0 0 285 0 10 0 61 1443 9 0 0 0 38 61 327 0 216 261 1340 0 1304 1324 0 0 2509 10 0 0 83 17 9 0 0 31 0 1030 239 9 1480 1161 617 49 20 32 22 41 11 83 271 1541 0 2289 13 0 0 126 10 0 3000 346 0 1406 37 0 37 31 0 61 1582 0 0 860 0 
26 56 2099 31 309 0 50 222 85 426 385 18 431 158 453 100 1199 195 72 20 0 0 967 905 52 25 344 80 0 0 85 3000 860 29 3000 133 207 562 35 158 1202 83 0 1706 136 38 0 37 959 40 48 11 429 11 146 163 263 29 1200 295 72 59 219 278 3000 0 0 142 22 10 18 3000 908 0 21 701 559 8 0 0 
2362 132 1791 19 182 3000 3000 0 0 0 21 724 39 101 193 0 1135 0 0 26 158 54 0 169 0 98 0 0 816 197 0 365 0 627 89 27 294 650 777 9 178 0 180 0 0 294 71 0 818 30 1324 17 58 255 200 17 0 63 36 606 45 129 0 3000 346 0 0 28 16 303 0 589 27 15 201 0 316 99 271 35 
20 98 735 0 79 0 25 270 339 11 52 762 19 443 0 32 9 105 35 110 0 0 42 188 0 0 215 79 0 40 16 82 641 390 50 8 28 0 3000 170 241 549 0 0 327 0 0 0 104 58 172 236 0 2715 0 13 65 24 580 43 12 94 375 985 0 142 28 0 1669 16 158 1169 2300 10 96 578 2226 2184 0 18 
60 153 37 84 1243 65 345 315 72 168 28 369 92 254 335 39 234 23 441 742 16 28 10 223 247 138 43 1881 332 17 51 69 163 38 73 45 16 170 17 376 133 260 9 627 88 813 1359 20 48 8 638 166 1796 131 352 182 389 187 224 399 1721 75 22 32 1406 22 16 1669 0 24 222 57 1281 0 199 121 67 7 17 746 
475 130 2851 55 179 2483 60 0 219 13 0 333 123 78 147 81 60 15 15 94 46 146 496 30 257 89 933 1105 17 3000 244 10 48 118 397 677 225 761 13 333 62 0 359 14 450 60 378 44 106 669 135 302 119 2799 92 163 350 70 263 10 129 175 9 601 37 10 303 16 24 0 17 12 900 0 1271 88 103 216 16 12 
32 624 0 0 16 0 25 181 85 26 3000 134 899 10 0 161 120 315 1370 378 0 0 34 364 686 0 24 20 0 0 26 0 138 24 1668 19 333 0 176 319 10 240 0 139 987 0 0 607 0 0 0 13 0 0 0 1355 50 1249 0 0 62 0 27 43 0 18 0 158 222 17 0 42 1254 0 19 30 472 215 0 0 
105 13 163 352 165 193 95 11 126 0 594 46 653 8 0 890 8 0 0 71 1992 916 1140 13 0 16 486 0 972 29 0 91 0 289 36 25 8 1272 913 62 30 116 203 0 0 48 74 0 10 12 361 473 19 259 28 10 10 877 273 17 207 2778 0 35 37 3000 589 1169 57 12 42 0 3000 45 134 0 230 715 349 25 
63 1527 69 0 847 20 71 1084 11 0 260 436 1005 32 0 310 96 0 379 38 0 25 972 1889 0 439 3000 0 204 88 79 30 0 51 32 148 162 36 33 107 1713 1269 2484 0 0 604 57 0 40 154 31 569 39 140 25 284 11 349 151 16 1931 52 0 8 31 908 27 2300 1281 900 1254 3000 0 30 33 0 41 24 496 174 
0 0 75 0 21 113 0 0 0 0 76 17 201 0 0 0 10 0 0 15 0 75 0 9 0 65 0 0 118 1325 0 36 0 63 54 21 113 0 19 467 3000 0 47 0 0 0 1386 0 2901 45 140 0 0 183 0 0 0 96 10 29 0 462 0 0 0 0 15 10 0 0 0 45 30 0 0 0 821 71 12 54 
574 336 207 899 32 1296 148 42 75 23 154 579 37 22 307 39 27 25 19 1364 322 29 3000 99 340 464 1505 442 1050 369 9 58 45 2083 446 330 808 7 37 469 18 11 147 858 31 22 2083 73 3000 609 113 351 50 390 107 21 128 15 86 579 121 11 10 12 61 21 201 96 199 1271 19 134 33 0 0 29 12 7 44 11 
122 436 532 344 213 0 71 135 229 634 0 24 0 28 1038 2040 20 73 17 482 0 0 2975 279 249 38 378 290 0 0 183 0 10 0 46 717 756 21 42 0 0 856 0 59 360 77 0 331 0 0 0 67 888 0 329 20 1010 0 0 0 52 0 695 21 1582 701 0 578 121 88 30 0 0 0 29 0 1391 0 0 0 
598 14 1554 0 21 0 346 521 343 91 219 3000 39 89 0 195 75 22 398 30 0 0 297 7 0 0 747 16 0 28 12 413 29 74 216 86 367 0 772 383 35 222 0 0 248 0 0 0 354 152 779 104 0 862 0 432 421 34 26 45 704 109 57 53 0 559 316 2226 67 103 472 230 41 821 12 1391 0 7 0 235 
113 8 19 0 347 11 0 1467 52 0 640 214 17 845 0 0 34 0 181 39 0 625 131 894 0 994 29 0 81 81 23 75 0 26 55 8 116 18 65 8 569 52 7 0 0 0 739 0 128 1174 19 727 3000 18 0 55 22 1079 701 1341 3000 123 0 15 0 8 99 2184 7 216 215 715 24 71 7 0 7 0 10 2695 
