80
0 45 55 35 27 52 65 21 44 17 78 51 63 21 32 84 33 28 18 34 38 51 48 26 12 46 52 58 72 50 25 21 16 18 55 65 31 36 42 74 17 12 16 47 44 61 15 41 75 44 16 26 33 14 25 45 46 51 25 59 10 22 75 42 14 75 1 49 23 69 70 39 42 31 51 24 63 16 44 20 
45 0 39 29 66 36 25 66 71 59 34 14 33 41 65 45 53 26 61 43 7 12 36 20 57 40 51 32 29 53 22 66 30 39 39 21 56 10 43 37 43 51 61 57 14 27 39 78 34 35 60 37 14 43 64 18 65 19 61 23 38 68 39 67 34 49 45 44 22 32 28 7 48 17 51 51 28 36 78 47 
55 39 0 62 58 74 33 73 96 59 47 53 18 65 53 41 35 29 72 73 38 51 73 42 64 76 86 12 62 21 47 67 50 61 78 55 40 36 17 31 64 66 69 89 52 66 60 95 37 10 69 64 45 62 80 57 93 58 53 61 45 70 30 92 41 88 55 80 41 70 62 40 80 31 86 41 66 38 98 69 
35 29 62 0 62 17 54 51 44 52 61 25 61 18 65 74 60 37 43 14 26 26 14 21 45 14 23 59 45 69 17 55 21 18 20 40 60 27 59 66 22 33 47 28 18 30 21 53 63 55 44 12 18 24 42 15 35 21 58 28 34 56 68 40 33 40 34 18 23 37 42 24 19 31 24 54 31 37 51 24 
27 66 58 62 0 79 80 27 64 12 94 75 72 48 8 96 23 41 32 62 59 74 76 48 22 73 79 66 94 43 49 15 42 46 82 87 18 56 41 85 44 36 26 73 69 86 43 54 88 48 28 53 56 41 42 70 70 76 5 83 29 19 85 63 32 102 29 76 45 93 93 60 69 49 78 17 88 30 60 46 
52 36 74 17 79 0 58 66 51 68 61 25 69 33 82 77 76 51 59 23 36 27 4 36 61 10 17 68 39 84 33 72 37 34 4 37 77 38 73 71 37 48 62 29 22 21 37 64 66 68 60 27 30 40 55 18 39 19 76 23 51 72 74 47 50 24 51 11 39 27 36 34 22 44 18 71 22 54 60 38 
65 25 33 54 80 58 0 87 96 76 14 33 17 65 77 20 61 40 83 67 30 31 59 42 77 64 74 21 32 53 45 84 53 62 61 26 66 31 46 13 66 73 82 82 37 42 62 102 10 36 81 62 38 66 86 41 89 39 75 38 56 86 16 92 52 64 65 67 43 43 33 30 73 34 74 64 42 52 102 71 
21 66 73 51 27 66 87 0 38 17 99 71 84 33 35 105 45 48 8 45 59 71 62 46 10 58 61 78 92 65 45 11 36 32 69 85 41 57 59 95 29 18 5 52 63 79 30 28 96 63 6 39 53 26 17 63 46 70 28 77 31 9 96 38 35 90 21 60 44 87 89 59 50 53 60 36 81 36 33 28 
44 71 96 44 64 51 96 38 0 53 104 68 100 31 71 116 76 67 32 30 66 70 47 56 42 41 37 96 88 94 52 50 46 35 51 83 74 66 85 108 32 32 39 23 61 71 36 17 105 86 36 34 58 34 22 59 13 64 64 71 52 47 109 4 55 71 43 40 55 77 84 65 28 66 35 68 72 59 11 27 
17 59 59 52 12 68 76 17 53 0 90 67 71 37 19 93 28 37 21 50 52 67 65 40 11 62 67 65 87 48 41 8 33 34 72 80 24 49 43 83 32 24 15 61 60 78 32 44 85 49 17 42 48 29 31 61 58 67 11 75 21 11 83 52 25 92 18 65 37 85 85 53 57 43 67 19 79 25 49 35 
78 34 47 61 94 61 14 99 104 90 0 37 29 75 91 18 76 53 94 75 40 35 63 53 90 69 78 34 27 67 55 97 64 72 63 25 80 42 60 19 76 84 94 88 43 42 73 112 11 50 93 70 47 76 97 47 96 42 89 39 69 99 22 100 65 61 77 72 55 41 30 40 79 46 79 78 42 65 111 80 
51 14 53 25 75 25 33 71 68 67 37 0 45 41 76 51 64 37 64 38 17 2 26 26 63 32 42 45 21 67 26 72 35 40 28 15 67 21 56 46 44 54 66 51 8 14 41 78 41 49 64 36 18 45 65 10 60 6 70 9 46 74 49 64 43 35 50 35 30 19 19 16 42 29 42 62 14 45 76 47 
63 33 18 61 72 69 17 84 100 71 29 45 0 68 68 24 51 36 81 74 35 43 69 44 74 73 83 6 48 39 48 79 54 65 72 42 56 34 33 14 68 73 79 89 47 56 64 102 19 24 79 66 43 67 87 51 95 51 67 52 53 82 13 96 49 78 63 77 44 59 49 36 80 34 84 55 57 47 104 73 
21 41 65 18 48 33 65 33 31 37 75 41 68 0 53 85 52 36 25 13 35 42 30 24 28 26 31 65 62 66 20 39 15 4 36 57 51 35 57 77 4 15 29 27 34 48 6 37 75 56 27 6 28 8 24 32 28 39 46 46 25 39 78 28 26 57 20 29 24 55 59 35 21 35 30 44 49 31 36 6 
32 65 53 65 8 82 77 35 71 19 91 76 68 53 0 92 17 40 39 66 59 75 79 49 29 77 84 62 94 37 51 23 45 50 86 87 12 55 35 81 49 42 33 79 70 88 47 62 85 44 35 57 57 46 50 72 76 77 8 84 31 27 81 70 33 105 33 81 46 95 93 60 74 48 83 14 89 30 68 52 
84 45 41 74 96 77 20 105 116 93 18 51 24 85 92 0 75 57 102 87 50 50 78 61 95 83 93 30 44 62 65 101 72 82 79 41 80 51 57 10 86 93 100 101 57 59 82 121 11 48 100 82 58 85 106 60 109 57 91 55 75 104 11 112 70 79 84 86 63 58 47 50 93 53 94 79 58 69 121 90 
33 53 35 60 23 76 61 45 76 28 76 64 51 52 17 75 0 27 46 64 47 63 73 40 36 73 81 45 81 21 43 35 40 48 80 74 5 43 18 64 49 45 41 79 60 78 45 71 68 27 43 55 48 45 56 63 79 67 19 74 27 39 64 74 27 96 34 77 37 84 80 48 72 36 81 9 79 22 75 53 
28 26 29 37 41 51 40 48 67 37 53 37 36 36 40 57 27 0 45 45 20 36 49 15 38 50 60 31 55 33 20 44 21 32 55 47 30 16 22 47 35 38 43 61 33 51 31 68 48 19 43 36 21 33 52 36 64 40 36 46 18 47 47 63 14 70 28 54 13 56 53 21 53 9 60 26 51 12 69 40 
18 61 72 43 32 59 83 8 32 21 94 64 81 25 39 102 46 45 0 37 54 65 55 41 10 50 53 76 86 66 39 18 31 25 61 79 43 52 59 92 22 11 6 44 57 73 23 24 92 62 4 32 48 20 10 56 39 63 32 71 28 16 93 32 32 82 18 52 39 80 83 54 42 49 52 37 74 34 29 21 
34 43 73 14 62 23 67 45 30 50 75 38 74 13 66 87 64 45 37 0 39 40 19 31 41 13 17 71 58 77 26 52 25 16 25 53 64 39 67 80 18 27 41 16 32 41 19 41 77 64 39 10 31 21 32 29 22 34 59 41 38 51 82 26 38 46 33 16 32 48 55 38 8 42 17 57 42 42 39 16 
38 7 38 26 59 36 30 59 66 52 40 17 35 35 59 50 47 20 54 39 0 16 35 13 50 38 48 33 36 50 15 59 23 32 39 28 50 4 40 42 36 44 54 54 14 31 33 72 40 32 53 32 8 36 57 18 60 21 54 27 31 60 43 62 27 51 38 42 15 37 34 2 45 11 49 45 32 29 72 41 
51 12 51 26 74 27 31 71 70 67 35 2 43 42 75 50 63 36 65 40 16 0 28 26 63 34 44 43 21 65 26 72 35 41 30 14 66 20 55 44 45 54 66 53 8 15 42 79 39 47 65 37 18 46 66 11 61 8 70 11 46 74 47 66 42 37 51 37 29 20 19 15 44 28 44 61 16 45 77 48 
48 36 73 14 76 4 59 62 47 65 63 26 69 30 79 78 73 49 55 19 35 28 0 34 58 7 16 68 42 82 30 68 34 31 7 39 74 37 72 72 34 45 59 26 22 24 34 60 67 66 57 24 29 37 51 18 36 20 72 25 48 68 74 43 47 28 47 9 36 30 38 33 19 43 16 68 25 51 57 34 
26 20 42 21 48 36 42 46 56 40 53 26 44 24 49 61 40 15 41 31 13 26 34 0 38 35 44 40 47 48 5 46 11 21 40 40 42 11 38 52 25 32 42 47 20 38 21 60 51 34 40 22 8 24 45 22 51 28 44 35 19 48 54 52 16 56 25 39 3 45 45 13 38 11 44 36 40 19 60 29 
12 57 64 45 22 61 77 10 42 11 90 63 74 28 29 95 36 38 10 41 50 63 58 38 0 54 59 69 84 56 37 10 28 27 64 77 33 48 49 85 24 14 5 51 56 73 24 35 86 53 6 34 45 21 21 56 48 63 21 70 21 11 86 41 25 85 13 57 35 80 82 51 48 43 58 27 74 26 39 25 
46 40 76 14 73 10 64 58 41 62 69 32 73 26 77 83 73 50 50 13 38 34 7 35 54 0 10 71 48 83 30 64 33 27 11 45 73 40 73 77 30 40 54 20 27 30 30 54 73 68 52 20 31 33 45 23 29 26 70 31 47 64 79 37 46 33 44 4 37 37 45 37 12 44 11 66 32 50 50 29 
52 51 86 23 79 17 74 61 37 67 78 42 83 31 84 93 81 60 53 17 48 44 16 44 59 10 0 81 57 92 40 69 41 34 16 54 81 50 82 87 35 44 58 13 37 38 37 52 83 78 56 27 41 38 47 33 24 36 76 40 54 68 89 33 54 35 50 7 46 44 53 47 11 55 1 74 39 59 47 33 
58 32 12 59 66 68 21 78 96 65 34 45 6 65 62 30 45 31 76 71 33 43 68 40 69 71 81 0 51 33 45 73 50 61 71 44 50 32 27 20 64 68 74 86 46 57 60 98 25 18 74 63 40 63 82 50 92 50 61 53 48 76 19 92 44 79 58 75 40 60 52 34 78 30 82 49 57 42 99 69 
72 29 62 45 94 39 32 92 88 87 27 21 48 62 94 44 81 55 86 58 36 21 42 47 84 48 57 51 0 80 47 93 56 61 41 8 85 39 70 43 65 75 87 68 29 18 62 98 36 61 86 57 39 66 86 30 78 24 90 17 66 95 46 84 63 35 72 50 50 15 4 35 60 46 58 81 17 64 96 68 
50 53 21 69 43 84 53 65 94 48 67 67 39 66 37 62 21 33 66 77 50 65 82 48 56 83 92 33 80 0 53 56 52 63 88 72 25 47 11 52 64 63 61 93 64 80 60 90 58 19 62 68 54 61 75 68 94 71 40 76 42 59 51 91 40 101 51 87 46 85 79 52 85 40 92 29 81 36 94 68 
25 22 47 17 49 33 45 45 52 41 55 26 48 20 51 65 43 20 39 26 15 26 30 5 37 30 40 45 47 53 0 46 9 17 36 40 45 14 42 56 21 29 40 42 19 37 17 56 55 38 39 18 8 21 42 21 47 27 45 34 20 47 58 48 18 54 24 35 6 44 45 15 34 15 40 39 38 21 57 26 
21 66 67 55 15 72 84 11 50 8 97 72 79 39 23 101 35 44 18 52 59 72 68 46 10 64 69 73 93 56 46 0 38 37 75 86 31 56 51 91 34 24 11 61 65 82 35 39 93 57 14 45 54 31 28 66 56 72 17 80 28 3 91 49 32 95 22 67 44 90 91 59 58 50 68 27 84 32 45 36 
16 30 50 21 42 37 53 36 46 33 64 35 54 15 45 72 40 21 31 25 23 35 34 11 28 33 41 50 56 52 9 38 0 12 41 49 40 22 42 63 14 21 32 41 28 45 10 49 62 40 30 16 17 13 34 28 44 35 38 42 14 39 64 43 13 60 16 37 10 52 54 23 33 20 41 33 46 17 50 19 
18 39 61 18 46 34 62 32 35 34 72 40 65 4 50 82 48 32 25 16 32 41 31 21 27 27 34 61 61 63 17 37 12 0 37 55 48 32 53 73 4 15 28 30 32 47 3 39 72 52 26 7 25 6 25 31 32 38 43 45 22 37 75 31 23 58 17 31 21 55 58 32 24 31 33 41 49 27 39 8 
55 39 78 20 82 4 61 69 51 72 63 28 72 36 86 79 80 55 61 25 39 30 7 40 64 11 16 71 41 88 36 75 41 37 0 39 81 42 77 74 40 51 65 29 25 22 40 65 69 71 63 30 34 43 57 21 40 22 79 24 55 75 77 47 53 22 54 11 42 27 37 38 23 48 17 74 23 57 61 40 
65 21 55 40 87 37 26 85 83 80 25 15 42 57 87 41 74 47 79 53 28 14 39 40 77 45 54 44 8 72 40 86 49 55 39 0 77 31 63 39 59 69 81 65 23 18 56 93 32 53 79 51 32 60 80 25 74 19 82 15 59 88 42 79 55 38 65 48 42 17 8 27 57 38 55 73 17 57 91 62 
31 56 40 60 18 77 66 41 74 24 80 67 56 51 12 80 5 30 43 64 50 66 74 42 33 73 81 50 85 25 45 31 40 48 81 77 0 46 23 69 48 43 38 78 62 80 45 68 73 32 39 55 50 44 53 65 77 70 14 76 27 34 69 72 27 98 33 77 39 86 84 51 72 39 81 7 81 23 72 51 
36 10 36 27 56 38 31 57 66 49 42 21 34 35 55 51 43 16 52 39 4 20 37 11 48 40 50 32 39 47 14 56 22 32 42 31 46 0 36 42 35 42 52 55 18 35 31 71 41 29 51 32 9 35 56 21 60 25 51 30 28 58 43 62 24 55 35 44 13 40 38 5 46 7 50 42 35 25 71 40 
42 43 17 59 41 73 46 59 85 43 60 56 33 57 35 57 18 22 59 67 40 55 72 38 49 73 82 27 70 11 42 51 42 53 77 63 23 36 0 47 54 54 55 83 54 70 51 83 52 10 55 58 43 52 67 57 85 61 36 66 33 54 46 83 31 91 43 77 36 75 70 41 75 29 82 25 71 27 86 59 
74 37 31 66 85 71 13 95 108 83 19 46 14 77 81 10 64 47 92 80 42 44 72 52 85 77 87 20 43 52 56 91 63 73 74 39 69 42 47 0 77 83 90 94 50 55 73 112 8 37 90 73 50 76 97 54 101 52 80 52 65 94 3 104 61 76 74 80 53 56 45 42 86 43 88 68 55 59 113 82 
17 43 64 22 44 37 66 29 32 32 76 44 68 4 49 86 49 35 22 18 36 45 34 25 24 30 35 64 65 64 21 34 14 4 40 59 48 35 54 77 0 11 25 30 36 51 4 35 76 54 23 10 29 3 21 35 31 42 41 49 22 34 78 29 24 61 16 33 24 58 62 36 25 35 34 41 52 28 36 5 
12 51 66 33 36 48 73 18 32 24 84 54 73 15 42 93 45 38 11 27 44 54 45 32 14 40 44 68 75 63 29 24 21 15 51 69 43 42 54 83 11 0 14 37 46 62 13 30 83 56 12 21 37 9 14 46 35 52 34 60 21 24 84 30 25 72 11 43 30 69 72 44 34 40 44 36 63 28 32 11 
16 61 69 47 26 62 82 5 39 15 94 66 79 29 33 100 41 43 6 41 54 66 59 42 5 54 58 74 87 61 40 11 32 28 65 81 38 52 55 90 25 14 0 50 59 75 26 30 91 59 3 35 49 22 17 59 45 65 26 73 26 10 91 38 30 86 17 57 39 82 85 55 47 48 57 32 76 32 35 25 
47 57 89 28 73 29 82 52 23 61 88 51 89 27 79 101 79 61 44 16 54 53 26 47 51 20 13 86 68 93 42 61 41 30 29 65 78 55 83 94 30 37 50 0 45 50 33 39 91 80 47 25 46 34 36 41 11 46 71 51 52 60 96 20 53 48 46 18 48 56 65 53 9 58 12 71 51 57 34 27 
44 14 52 18 69 22 37 63 61 60 43 8 47 34 70 57 60 33 57 32 14 8 22 20 56 27 37 46 29 64 19 65 28 32 25 23 62 18 54 50 36 46 59 45 0 18 34 70 46 47 57 28 12 38 57 4 53 7 64 15 39 67 52 57 37 37 43 30 24 25 26 13 36 25 37 57 19 39 69 39 
61 27 66 30 86 21 42 79 71 78 42 14 56 48 88 59 78 51 73 41 31 15 24 38 73 30 38 57 18 80 37 82 45 47 22 18 80 35 70 55 51 62 75 50 18 0 49 82 49 62 73 42 30 53 71 17 60 11 82 5 57 83 58 66 55 22 60 32 42 7 15 29 43 42 39 75 1 57 80 53 
15 39 60 21 43 37 62 30 36 32 73 41 64 6 47 82 45 31 23 19 33 42 34 21 24 30 37 60 62 60 17 35 10 3 40 56 45 31 51 73 4 13 26 33 34 49 0 39 72 50 24 10 25 4 25 33 34 40 40 47 19 35 74 33 20 61 14 34 20 57 60 32 27 30 36 38 51 24 40 9 
41 78 95 53 54 64 102 28 17 44 112 78 102 37 62 121 71 68 24 41 72 79 60 60 35 54 52 98 98 90 56 39 49 39 65 93 68 71 83 112 35 30 30 39 70 82 39 0 111 85 28 42 64 36 16 68 30 75 55 82 51 36 113 20 54 86 40 54 59 89 95 71 42 69 51 62 84 57 7 31 
75 34 37 63 88 66 10 96 105 85 11 41 19 75 85 11 68 48 92 77 40 39 67 51 86 73 83 25 36 58 55 93 62 72 69 32 73 41 52 8 76 83 91 91 46 49 72 111 0 42 90 71 47 75 96 50 99 47 83 46 65 95 11 102 61 70 75 76 53 49 38 40 82 43 83 72 49 61 111 80 
44 35 10 55 48 68 36 63 86 49 50 49 24 56 44 48 27 19 62 64 32 47 66 34 53 68 78 18 61 19 38 57 40 52 71 53 32 29 10 37 54 56 59 80 47 62 50 85 42 0 59 55 37 52 69 51 84 53 44 58 34 60 37 83 31 83 45 72 32 67 61 34 72 24 78 32 63 28 88 59 
16 60 69 44 28 60 81 6 36 17 93 64 79 27 35 100 43 43 4 39 53 65 57 40 6 52 56 74 86 62 39 14 30 26 63 79 39 51 55 90 23 12 3 47 57 73 24 28 90 59 0 33 47 20 14 57 43 63 28 71 25 12 90 35 29 84 16 55 38 81 83 53 45 47 55 33 75 31 33 23 
26 37 64 12 53 27 62 39 34 42 70 36 66 6 57 82 55 36 32 10 32 37 24 22 34 20 27 63 57 68 18 45 16 7 30 51 55 32 58 73 10 21 35 25 28 42 10 42 71 55 33 0 24 13 30 27 29 33 50 40 28 45 75 30 28 51 24 23 23 49 54 31 18 33 26 48 43 33 41 12 
33 14 45 18 56 30 38 53 58 48 47 18 43 28 57 58 48 21 48 31 8 18 29 8 45 31 41 40 39 54 8 54 17 25 34 32 50 9 43 50 29 37 49 46 12 30 25 64 47 37 47 24 0 29 50 15 52 20 52 27 27 56 51 54 24 49 33 35 11 37 37 7 37 14 42 44 32 27 64 33 
14 43 62 24 41 40 66 26 34 29 76 45 67 8 46 85 45 33 20 21 36 46 37 24 21 33 38 63 66 61 21 31 13 6 43 60 44 35 52 76 3 9 22 34 38 53 4 36 75 52 20 13 29 0 21 37 33 43 38 51 19 32 77 31 21 64 12 36 23 60 64 36 28 33 38 37 54 25 37 7 
25 64 80 42 42 55 86 17 22 31 97 65 87 24 50 106 56 52 10 32 57 66 51 45 21 45 47 82 86 75 42 28 34 25 57 80 53 56 67 97 21 14 17 36 57 71 25 16 96 69 14 30 50 21 0 56 30 63 42 70 35 25 98 21 38 78 24 47 43 78 83 57 36 54 46 47 72 41 19 18 
45 18 57 15 70 18 41 63 59 61 47 10 51 32 72 60 63 36 56 29 18 11 18 22 56 23 33 50 30 68 21 66 28 31 21 25 65 21 57 54 35 46 59 41 4 17 33 68 50 51 57 27 15 37 56 0 50 7 66 14 41 67 57 55 38 34 44 26 26 24 27 17 33 28 33 59 18 42 67 38 
46 65 93 35 70 39 89 46 13 58 96 60 95 28 76 109 79 64 39 22 60 61 36 51 48 29 24 92 78 94 47 56 44 32 40 74 77 60 85 101 31 35 45 11 53 60 34 30 99 84 43 29 52 33 30 50 0 55 69 60 53 55 103 10 54 59 45 28 52 66 74 59 17 62 23 70 61 59 24 26 
51 19 58 21 76 19 39 70 64 67 42 6 51 39 77 57 67 40 63 34 21 8 20 28 63 26 36 50 24 71 27 72 35 38 22 19 70 25 61 52 42 52 65 46 7 11 40 75 47 53 63 33 20 43 63 7 55 0 72 7 47 73 55 60 44 30 50 29 31 18 21 20 38 32 37 64 12 47 73 45 
25 61 53 58 5 76 75 28 64 11 89 70 67 46 8 91 19 36 32 59 54 70 72 44 21 70 76 61 90 40 45 17 38 43 79 82 14 51 36 80 41 34 26 71 64 82 40 55 83 44 28 50 52 38 42 66 69 72 0 79 25 20 80 62 28 98 26 73 41 89 88 55 66 44 76 12 83 25 60 44 
59 23 61 28 83 23 38 77 71 75 39 9 52 46 84 55 74 46 71 41 27 11 25 35 70 31 40 53 17 76 34 80 42 45 24 15 76 30 66 52 49 60 73 51 15 5 47 82 46 58 71 40 27 51 70 14 60 7 79 0 54 81 54 66 51 26 58 33 38 10 14 25 43 38 41 71 5 54 79 52 
10 38 45 34 29 51 56 31 52 21 69 46 53 25 31 75 27 18 28 38 31 46 48 19 21 47 54 48 66 42 20 28 14 22 55 59 27 28 33 65 22 21 26 52 39 57 19 51 65 34 25 28 27 19 35 41 53 47 25 54 0 30 65 50 4 73 11 50 16 64 64 32 45 23 54 20 58 7 53 27 
22 68 70 56 19 72 86 9 47 11 99 74 82 39 27 104 39 47 16 51 60 74 68 48 11 64 68 76 95 59 47 3 39 37 75 88 34 58 54 94 34 24 10 60 67 83 35 36 95 60 12 45 56 32 25 67 55 73 20 81 30 0 94 47 34 96 23 67 45 91 92 61 57 53 67 30 85 35 42 35 
75 39 30 68 85 74 16 96 109 83 22 49 13 78 81 11 64 47 93 82 43 47 74 54 86 79 89 19 46 51 58 91 64 75 77 42 69 43 46 3 78 84 91 96 52 58 74 113 11 37 90 75 51 77 98 57 103 55 80 54 65 94 0 105 61 79 75 83 55 59 48 44 88 44 90 68 58 60 114 83 
42 67 92 40 63 47 92 38 4 52 100 64 96 28 70 112 74 63 32 26 62 66 43 52 41 37 33 92 84 91 48 49 43 31 47 79 72 62 83 104 29 30 38 20 57 66 33 20 102 83 35 30 54 31 21 55 10 60 62 66 50 47 105 0 52 68 40 36 52 73 80 61 24 63 32 66 68 56 14 24 
14 34 41 33 32 50 52 35 55 25 65 43 49 26 33 70 27 14 32 38 27 42 47 16 25 46 54 44 63 40 18 32 13 23 53 55 27 24 31 61 24 25 30 53 37 55 20 54 61 31 29 28 24 21 38 38 54 44 28 51 4 34 61 52 0 71 14 50 13 61 61 28 46 19 54 21 56 4 56 29 
75 49 88 40 102 24 64 90 71 92 61 35 78 57 105 79 96 70 82 46 51 37 28 56 85 33 35 79 35 101 54 95 60 58 22 38 98 55 91 76 61 72 86 48 37 22 61 86 70 83 84 51 49 64 78 34 59 30 98 26 73 96 79 68 71 0 74 32 59 21 32 50 44 62 36 92 22 75 82 62 
1 45 55 34 29 51 65 21 43 18 77 50 63 20 33 84 34 28 18 33 38 51 47 25 13 44 50 58 72 51 24 22 16 17 54 65 33 35 43 74 16 11 17 46 43 60 14 40 75 45 16 24 33 12 24 44 45 50 26 58 11 23 75 40 14 74 0 48 23 68 69 38 40 31 50 26 62 17 43 19 
49 44 80 18 76 11 67 60 40 65 72 35 77 29 81 86 77 54 52 16 42 37 9 39 57 4 7 75 50 87 35 67 37 31 11 48 77 44 77 80 33 43 57 18 30 32 34 54 76 72 55 23 35 36 47 26 28 29 73 33 50 67 83 36 50 32 48 0 41 38 47 40 12 49 7 70 33 54 50 32 
23 22 41 23 45 39 43 44 55 37 55 30 44 24 46 63 37 13 39 32 15 29 36 3 35 37 46 40 50 46 6 44 10 21 42 42 39 13 36 53 24 30 39 48 24 42 20 59 53 32 38 23 11 23 43 26 52 31 41 38 16 45 55 52 13 59 23 41 0 48 48 16 40 11 46 33 43 16 60 29 
69 32 70 37 93 27 43 87 77 85 41 19 59 55 95 58 84 56 80 48 37 20 30 45 80 37 44 60 15 85 44 90 52 55 27 17 86 40 75 56 58 69 82 56 25 7 57 89 49 67 81 49 37 60 78 24 66 18 89 10 64 91 59 73 61 21 68 38 48 0 11 35 49 48 45 81 6 64 87 61 
70 28 62 42 93 36 33 89 84 85 30 19 49 59 93 47 80 53 83 55 34 19 38 45 82 45 53 52 4 79 45 91 54 58 37 8 84 38 70 45 62 72 85 65 26 15 60 95 38 61 83 54 37 64 83 27 74 21 88 14 64 92 48 80 61 32 69 47 48 11 0 33 57 45 54 79 14 63 93 65 
39 7 40 24 60 34 30 59 65 53 40 16 36 35 60 50 48 21 54 38 2 15 33 13 51 37 47 34 35 52 15 59 23 32 38 27 51 5 41 42 36 44 55 53 13 29 32 71 40 34 53 31 7 36 57 17 59 20 55 25 32 61 44 61 28 50 38 40 16 35 33 0 44 13 47 46 30 30 71 40 
42 48 80 19 69 22 73 50 28 57 79 42 80 21 74 93 72 53 42 8 45 44 19 38 48 12 11 78 60 85 34 58 33 24 23 57 72 46 75 86 25 34 47 9 36 43 27 42 82 72 45 18 37 28 36 33 17 38 66 43 45 57 88 24 46 44 40 12 40 49 57 44 0 49 10 65 44 50 38 22 
31 17 31 31 49 44 34 53 66 43 46 29 34 35 48 53 36 9 49 42 11 28 43 11 43 44 55 30 46 40 15 50 20 31 48 38 39 7 29 43 35 40 48 58 25 42 30 69 43 24 47 33 14 33 54 28 62 32 44 38 23 53 44 63 19 62 31 49 11 48 45 13 49 0 55 34 43 19 70 39 
51 51 86 24 78 18 74 60 35 67 79 42 84 30 83 94 81 60 52 17 49 44 16 44 58 11 1 82 58 92 40 68 41 33 17 55 81 50 82 88 34 44 57 12 37 39 36 51 83 78 55 26 42 38 46 33 23 37 76 41 54 67 90 32 54 36 50 7 46 45 54 47 10 55 0 74 40 58 46 32 
24 51 41 54 17 71 64 36 68 19 78 62 55 44 14 79 9 26 37 57 45 61 68 36 27 66 74 49 81 29 39 27 33 41 74 73 7 42 25 68 41 36 32 71 57 75 38 62 72 32 33 48 44 37 47 59 70 64 12 71 20 30 68 66 21 92 26 70 33 81 79 46 65 34 74 0 76 17 66 45 
63 28 66 31 88 22 42 81 72 79 42 14 57 49 89 58 79 51 74 42 32 16 25 40 74 32 39 57 17 81 38 84 46 49 23 17 81 35 71 55 52 63 76 51 19 1 51 84 49 63 75 43 32 54 72 18 61 12 83 5 58 85 58 68 56 22 62 33 43 6 14 30 44 43 40 76 0 59 81 55 
16 36 38 37 30 54 52 36 59 25 65 45 47 31 30 69 22 12 34 42 29 45 51 19 26 50 59 42 64 36 21 32 17 27 57 57 23 25 27 59 28 28 32 57 39 57 24 57 61 28 31 33 27 25 41 42 59 47 25 54 7 35 60 56 4 75 17 54 16 64 63 30 50 19 58 17 59 0 60 33 
44 78 98 51 60 60 102 33 11 49 111 76 104 36 68 121 75 69 29 39 72 77 57 60 39 50 47 99 96 94 57 45 50 39 61 91 72 71 86 113 36 32 35 34 69 80 40 7 111 88 33 41 64 37 19 67 24 73 60 79 53 42 114 14 56 82 43 50 60 87 93 71 38 70 46 66 81 60 0 31 
20 47 69 24 46 38 71 28 27 35 80 47 73 6 52 90 53 40 21 16 41 48 34 29 25 29 33 69 68 68 26 36 19 8 40 62 51 40 59 82 5 11 25 27 39 53 9 31 80 59 23 12 33 7 18 38 26 45 44 52 27 35 83 24 29 62 19 32 29 61 65 40 22 39 32 45 55 33 31 0 
0 93 66 0 134 145 8 0 869 567 547 52 0 95 1619 0 48 15 0 0 472 3000 0 2289 39 351 15 0 9 0 35 308 0 106 115 166 328 59 79 48 0 139 121 312 202 0 20 1619 278 329 21 0 0 11 214 34 95 66 0 147 58 143 126 85 46 0 124 464 70 0 0 259 24 282 43 102 0 2009 39 22 
93 0 0 0 0 788 22 0 12 362 18 101 0 0 0 0 38 33 0 0 67 223 0 17 120 268 0 2031 8 0 769 0 0 265 48 714 37 0 215 0 869 10 18 12 10 0 0 993 61 1767 888 60 0 48 21 0 263 885 0 212 12 66 12 0 0 36 2220 8 0 0 0 0 10 47 1091 260 0 0 909 487 
66 0 0 12 44 7 360 346 263 66 133 26 530 53 0 1822 483 29 10 91 157 39 218 111 12 0 259 32 0 547 0 158 8 1281 14 0 90 21 29 61 43 0 14 19 20 62 1696 320 174 0 292 26 9 101 408 40 131 31 680 0 0 586 2456 1091 73 130 0 38 13 324 128 0 11 19 167 99 10 70 201 62 
0 0 12 0 0 17 73 13 11 0 125 15 104 218 0 3000 125 0 211 51 40 89 1515 0 0 0 23 103 0 7 0 899 58 10 25 9 370 0 312 0 49 0 0 251 705 137 0 11 0 0 25 69 35 12 0 19 0 0 85 0 0 11 0 184 0 1254 0 2175 53 591 360 0 769 109 42 35 14 0 14 53 
134 0 44 0 0 401 19 2359 36 11 0 563 0 258 793 97 50 12 0 187 11 77 92 1000 8 0 45 615 0 628 0 101 0 0 12 0 32 52 47 262 0 35 109 1871 82 2027 144 17 2540 0 9 40 44 172 37 113 371 108 1079 0 11 0 725 1527 15 0 171 543 39 0 0 29 46 934 87 59 225 456 358 0 
145 788 7 17 401 0 352 41 26 601 82 40 381 310 0 26 79 341 112 380 8 44 0 152 193 97 154 619 240 0 7 9 294 91 39 846 54 122 2885 30 18 138 25 1741 237 0 114 158 19 16 10 42 19 160 70 1428 546 11 54 24 22 17 19 12 232 13 935 2055 0 1547 16 0 752 324 7 154 33 46 10 964 
8 22 360 73 19 352 0 204 21 14 203 9 264 91 558 27 102 34 30 1826 1679 1183 18 214 2051 65 12 63 60 58 164 110 426 123 42 8 426 14 537 275 357 726 650 50 10 501 494 468 55 3000 307 27 412 83 14 342 3000 467 151 1887 94 102 228 168 369 50 833 31 896 38 617 358 13 2108 11 80 8 38 249 28 
0 0 346 13 2359 41 204 0 88 3000 780 162 3000 10 0 79 8 1482 818 128 40 59 2187 324 0 0 291 11 0 32 0 133 455 2720 31 0 1588 7 119 214 34 0 185 154 615 16 276 35 0 0 457 83 118 127 0 28 11 289 222 0 0 0 0 18 275 82 0 25 28 64 370 0 1705 823 651 87 23 165 9 0 
869 12 263 11 36 26 21 88 0 50 713 15 120 129 3000 112 1767 7 68 503 19 35 0 19 2025 410 29 205 965 0 18 104 59 63 1225 60 449 8 467 605 154 1832 635 962 96 0 3000 235 101 139 42 22 14 14 229 676 50 35 1202 157 94 194 3000 12 486 679 37 28 98 355 0 33 174 1061 95 26 296 509 193 3000 
567 362 66 0 11 601 14 3000 50 0 0 297 0 183 21 388 177 119 0 34 117 0 0 311 117 0 371 0 0 3000 0 69 0 0 30 0 3000 133 2089 443 0 449 20 1133 10 0 79 213 9 1583 8 0 1596 7 37 75 15 240 0 59 3000 24 472 618 73 0 1539 23 2075 0 0 117 15 178 163 3000 33 66 10 1018 
547 18 133 125 0 82 203 780 713 0 0 9 713 355 0 0 1463 9 203 1294 129 112 0 19 195 27 858 1699 263 0 57 0 15 111 37 89 566 0 195 0 12 0 129 905 7 0 0 36 0 53 1655 16 15 404 16 32 30 27 1453 221 2218 11 0 27 0 368 0 28 0 97 406 0 30 18 489 165 7 0 128 67 
52 101 26 15 563 40 9 162 15 297 9 0 116 223 0 49 65 409 576 1988 504 216 466 1758 12 11 531 21 147 11 73 20 118 14 8 28 1807 161 14 14 205 0 11 2062 1028 271 112 38 0 409 25 138 102 10 747 580 15 771 28 3000 0 38 53 58 57 39 0 1357 75 34 50 0 87 33 63 142 14 216 226 37 
0 0 530 104 0 381 264 3000 120 0 713 116 0 1732 0 263 148 0 219 141 0 28 10 0 0 0 300 8 0 0 0 0 27 24 0 9 312 0 245 0 1075 0 0 0 0 134 0 78 0 0 0 23 362 136 0 101 0 0 136 0 0 0 0 386 0 215 0 207 0 83 9 0 2697 3000 26 1900 383 0 0 0 
95 0 53 218 258 310 91 10 129 183 355 223 1732 0 0 225 371 96 171 17 27 77 24 23 176 0 846 8 0 36 0 61 23 35 122 0 153 50 303 82 0 79 8 9 29 14 33 1183 73 0 23 27 221 392 830 46 3000 184 3000 0 0 0 157 63 184 0 0 55 145 254 3000 0 24 161 64 95 148 50 1675 0 
1619 0 0 0 793 0 558 0 3000 21 0 0 0 0 0 0 0 402 0 0 46 0 0 1549 1115 0 310 0 0 0 0 180 0 0 22 0 0 61 436 11 0 100 15 1709 117 0 1313 0 48 138 872 0 0 0 3000 36 264 699 0 277 34 0 39 0 79 0 124 0 9 0 0 1492 0 75 59 0 0 82 29 0 
0 0 1822 3000 97 26 27 79 112 388 0 49 263 225 0 0 1061 1172 31 308 36 76 19 923 0 0 10 460 0 935 0 441 1462 282 7 0 65 75 14 1834 0 0 159 7 0 69 13 270 0 0 713 25 186 904 61 276 80 41 9 0 0 0 238 23 197 0 0 36 30 0 31 0 0 9 8 130 8 614 691 0 
48 38 483 125 50 79 102 8 1767 177 1463 65 148 371 0 1061 0 17 11 27 44 470 424 700 95 265 18 89 57 171 77 223 16 365 12 22 7 100 3000 71 74 41 9 356 1371 1631 551 213 992 31 26 339 154 15 574 45 87 7 452 789 1213 122 550 886 90 50 2211 590 21 805 46 0 196 33 506 19 44 341 514 178 
15 33 29 0 12 341 34 1482 7 119 9 409 0 96 402 1172 17 0 0 79 16 39 25 79 1070 115 28 33 865 32 35 324 0 237 925 443 79 9 77 15 0 163 7 737 8 338 1348 20 381 1167 7 7 12 121 53 881 560 23 0 1123 75 103 1256 14 29 0 1828 48 33 0 0 13 1095 3000 3000 30 41 287 243 251 
0 0 10 211 0 112 30 818 68 0 203 576 219 171 0 31 11 0 0 232 0 71 3000 0 0 471 0 8 61 0 20 0 3000 2069 0 318 41 0 697 0 17 0 0 0 332 62 0 460 0 0 0 140 1691 13 0 0 0 0 328 0 0 255 0 227 0 108 0 223 0 79 28 0 608 10 43 105 135 0 0 358 
0 0 91 51 187 380 1826 128 503 34 1294 1988 141 17 0 308 27 79 232 0 1391 38 50 189 0 0 126 180 0 17 0 334 36 15 70 0 72 10 134 90 387 0 1038 10 359 21 2308 1390 0 0 352 170 19 2116 18 13 579 709 111 0 0 0 1548 15 878 161 0 570 715 10 176 0 194 241 1879 208 91 16 619 0 
472 67 157 40 11 8 1679 40 19 117 129 504 0 27 46 36 44 16 0 1391 0 1348 199 30 111 145 517 104 0 30 0 16 0 14 251 0 343 18 68 471 0 276 3000 26 2709 113 47 233 20 347 11 1604 354 524 12 12 28 311 1148 125 12 473 40 7 10 0 49 127 176 0 0 1674 14 10 70 62 178 134 22 27 
3000 223 39 89 77 44 1183 59 35 0 112 216 28 77 0 76 470 39 71 38 1348 0 809 402 137 29 495 15 1384 152 729 78 47 7 39 717 2744 1443 168 420 50 0 166 113 1262 79 16 3000 0 126 12 308 136 176 659 261 144 279 43 798 62 10 0 8 0 228 0 103 0 46 48 0 12 326 160 2255 122 0 3000 9 
0 0 218 1515 92 0 18 2187 0 0 0 466 10 24 0 19 424 25 3000 50 199 809 0 0 0 0 517 12 0 343 0 48 47 0 18 0 2111 172 54 3000 0 0 0 232 0 2717 313 1169 0 0 246 41 162 982 0 16 46 0 63 0 0 0 0 68 11 0 0 0 8 0 48 0 0 42 404 443 423 356 19 0 
2289 17 111 0 1000 152 214 324 19 311 19 1758 0 23 1549 923 700 79 0 189 30 402 0 0 65 85 926 1023 500 0 241 27 0 1140 26 72 81 180 100 60 17 85 237 440 382 0 13 122 22 627 1619 46 27 40 1196 14 68 3000 0 45 170 926 108 3000 158 120 813 151 209 0 0 16 120 481 12 12 66 52 40 719 
39 120 12 0 8 193 2051 0 2025 117 195 12 0 176 1115 0 95 1070 0 0 111 137 0 65 0 455 106 0 1073 0 112 465 0 48 158 40 819 308 95 466 0 262 87 15 1608 0 1310 8 761 29 747 0 0 33 13 358 209 236 0 247 371 280 357 250 26 0 949 3000 0 0 0 160 197 16 65 55 0 13 14 499 
351 268 0 0 0 97 65 0 410 0 27 11 0 0 0 0 265 115 471 0 145 29 0 85 455 0 0 607 206 0 76 0 0 412 0 22 60 0 79 0 52 21 3000 59 55 0 0 7 11 61 444 739 0 22 50 0 3000 3000 0 13 28 488 38 0 0 21 14 151 0 1234 0 0 355 120 563 847 0 0 128 343 
15 0 259 23 45 154 12 291 29 371 858 531 300 846 310 10 18 28 0 126 517 495 517 926 106 0 0 522 0 285 0 57 29 61 719 0 12 302 46 100 0 72 61 13 128 223 16 95 31 0 9 59 47 1504 13 63 680 904 665 0 0 0 239 119 119 0 94 1257 20 0 0 1498 22 43 202 19 9 376 56 0 
0 2031 32 103 615 619 63 11 205 0 1699 21 8 8 0 460 89 33 8 180 104 15 12 1023 0 607 522 0 14 38 18 35 20 71 199 37 25 0 9 0 11 0 28 1711 231 8 0 1536 0 159 551 1286 409 1165 0 119 58 2980 9 33 0 1102 0 36 0 118 0 306 0 18 1004 0 126 1589 123 54 255 0 9 264 
9 8 0 0 0 240 60 0 965 0 263 147 0 0 0 0 57 865 61 0 0 1384 0 500 1073 206 0 14 0 0 3000 0 0 89 0 128 180 0 12 0 922 3000 1684 36 36 0 0 31 52 398 61 295 0 142 80 0 1014 10 0 668 20 11 62 0 0 873 8 806 0 67 0 0 292 1052 464 106 0 0 14 36 
0 0 547 7 628 0 58 32 0 3000 0 11 0 36 0 935 171 32 0 17 30 152 343 0 0 0 285 38 0 0 0 24 0 0 967 0 17 98 14 145 0 0 0 235 0 138 116 0 94 0 488 26 157 0 517 127 311 43 1901 0 0 0 1184 17 51 0 0 0 3000 0 0 0 0 225 401 694 499 797 60 0 
35 769 0 0 0 7 164 0 18 0 57 73 0 0 0 0 77 35 20 0 0 729 0 241 112 76 0 18 3000 0 0 0 0 36 0 1111 20 0 1089 0 44 0 420 251 40 0 0 733 0 8 1186 19 0 152 73 0 2001 1962 0 264 37 131 0 0 0 82 0 3000 0 30 0 0 298 94 1831 343 0 0 149 129 
308 0 158 899 101 9 110 133 104 69 0 20 0 61 180 441 223 324 0 334 16 78 48 27 465 0 57 35 0 24 0 0 0 0 15 0 109 536 15 56 0 534 3000 337 30 47 10 697 243 0 144 404 250 3000 1575 3000 10 14 59 3000 89 0 225 273 2561 0 73 271 140 0 0 55 276 9 80 107 188 1451 156 30 
0 0 8 58 0 294 426 455 59 0 15 118 27 23 0 1462 16 0 3000 36 0 47 47 0 0 0 29 20 0 0 0 0 0 925 99 634 9 0 43 0 748 0 0 565 0 85 0 33 0 0 141 23 634 3000 0 33 0 0 9 0 0 0 0 246 0 84 0 736 0 8 178 0 182 45 24 69 19 0 0 0 
106 265 1281 10 0 91 123 2720 63 0 111 14 24 35 0 282 365 237 2069 15 14 7 0 1140 48 412 61 71 89 0 36 0 925 0 63 36 583 0 157 0 104 0 165 531 507 0 0 31 0 73 198 23 43 255 54 50 846 108 68 50 13 703 0 104 0 276 0 150 0 616 3000 0 33 620 17 10 84 0 14 66 
115 48 14 25 12 39 42 31 1225 30 37 8 0 122 22 7 12 925 0 70 251 39 18 26 158 0 719 199 0 967 0 15 99 63 0 0 8 187 230 49 0 63 129 2398 17 322 17 766 149 29 144 2777 11 1668 413 400 11 283 7 389 23 66 1584 1818 578 0 176 398 139 0 0 31 26 165 362 35 932 15 18 40 
166 714 0 9 0 846 8 0 60 0 89 28 9 0 0 0 22 443 318 0 0 717 0 72 40 22 0 37 128 0 1111 0 634 36 0 0 17 0 7 0 19 0 41 0 44 0 0 122 0 427 209 482 0 22 41 0 0 961 58 1072 1038 22 0 0 0 242 0 339 0 198 218 0 256 306 15 30 0 0 16 21 
328 37 90 370 32 54 426 1588 449 3000 566 1807 312 153 0 65 7 79 41 72 343 2744 2111 81 819 60 12 25 180 17 20 109 9 583 8 17 0 230 9 421 478 0 15 3000 1051 196 34 106 0 80 41 513 7 57 143 452 72 669 45 25 0 78 183 3000 641 10 0 13 2130 14 13 0 52 476 61 655 13 57 175 1978 
59 0 21 0 52 122 14 7 8 133 0 161 0 50 61 75 100 9 0 10 18 1443 172 180 308 0 302 0 0 98 0 536 0 0 187 0 230 0 151 958 0 12 339 947 138 78 58 30 50 0 274 0 724 83 1283 49 23 53 1089 0 68 0 94 143 489 0 150 32 74 0 0 87 241 167 8 744 24 1459 134 0 
79 215 29 312 47 2885 537 119 467 2089 195 14 245 303 436 14 3000 77 697 134 68 168 54 100 95 79 46 9 12 14 1089 15 43 157 230 7 9 151 0 235 647 1103 34 561 600 8 90 64 12 130 428 52 25 50 374 59 509 386 3000 80 906 620 11 38 36 184 474 17 637 47 385 53 3000 13 33 59 9 347 55 201 
48 0 61 0 262 30 275 214 605 443 0 14 0 82 11 1834 71 15 0 90 471 420 3000 60 466 0 100 0 0 145 0 56 0 0 49 0 421 958 235 0 0 60 1038 354 21 44 561 120 729 0 11 0 151 10 177 1149 179 8 114 72 131 0 21 37 60 0 8 325 99 0 0 140 221 127 3000 75 335 326 89 0 
0 869 43 49 0 18 357 34 154 0 12 205 1075 0 0 0 74 0 17 387 0 50 0 17 0 52 0 11 922 0 44 0 748 104 0 19 478 0 647 0 0 0 3000 0 8 0 0 1061 0 28 20 21 0 452 0 0 0 0 113 49 0 14 0 1862 0 28 0 1132 0 15 637 0 195 42 92 735 0 0 47 305 
139 10 0 0 35 138 726 0 1832 449 0 0 0 79 100 0 41 163 0 0 276 0 0 85 262 21 72 0 3000 0 0 534 0 0 63 0 0 12 1103 60 0 0 126 173 12 0 66 0 96 407 121 0 0 0 84 14 260 7 0 715 7 61 404 0 26 0 57 2210 46 0 0 2648 61 972 17 139 0 372 3000 73 
121 18 14 0 109 25 650 185 635 20 129 11 0 8 15 159 9 7 0 1038 3000 166 0 237 87 3000 61 28 1684 0 420 3000 0 165 129 41 15 339 34 1038 3000 126 0 35 193 0 44 1153 68 33 47 2287 286 12 434 13 251 887 0 121 39 989 382 1046 81 0 117 443 31 0 0 39 687 139 124 18 0 102 726 226 
312 12 19 251 1871 1741 50 154 962 1133 905 2062 0 9 1709 7 356 737 0 10 26 113 232 440 15 59 13 1711 36 235 251 337 565 531 2398 0 3000 947 561 354 0 173 35 0 332 65 17 63 453 665 163 15 12 11 9 14 2728 273 43 45 412 21 130 197 1593 0 3000 92 266 0 0 109 256 23 16 40 14 58 54 177 
202 10 20 705 82 237 10 615 96 10 7 1028 0 29 117 0 1371 8 332 359 2709 1262 0 382 1608 55 128 231 36 0 40 30 0 507 17 44 1051 138 600 21 8 12 193 332 0 0 396 190 1796 34 994 14 0 128 148 96 1705 30 41 893 9 1527 413 115 225 810 11 116 0 132 0 123 18 18 261 169 0 531 696 15 
0 0 62 137 2027 0 501 16 0 0 0 271 134 14 0 69 1631 338 62 21 113 79 2717 0 0 0 223 8 0 138 0 47 85 0 322 0 196 78 8 44 0 0 0 65 0 0 222 387 0 0 10 148 22 1128 0 18 415 0 209 0 0 0 0 10 265 0 0 0 448 0 89 0 0 386 194 520 134 75 314 0 
20 0 1696 0 144 114 494 276 3000 79 0 112 0 33 1313 13 551 1348 0 2308 47 16 313 13 1310 0 16 0 0 116 0 10 0 0 17 0 34 58 90 561 0 66 44 17 396 222 0 143 168 0 47 0 411 120 9 1230 389 94 0 0 502 0 33 557 785 0 12 1209 30 0 0 13 423 144 23 24 602 27 10 0 
1619 993 320 11 17 158 468 35 235 213 36 38 78 1183 0 270 213 20 460 1390 233 3000 1169 122 8 7 95 1536 31 0 733 697 33 31 766 122 106 30 64 120 1061 0 1153 63 190 387 143 0 176 17 1463 422 223 11 119 34 8 10 156 507 3000 156 14 309 0 7 0 32 0 199 47 0 18 2963 84 280 18 0 2285 90 
278 61 174 0 2540 19 55 0 101 9 0 0 0 73 48 0 992 381 0 0 20 0 0 22 761 11 31 0 52 94 0 243 0 0 149 0 0 50 12 729 0 96 68 453 1796 0 168 176 0 1146 1855 0 0 127 40 301 123 181 0 3000 267 40 1339 194 472 0 1306 59 8 0 0 262 189 271 363 232 0 140 38 34 
329 1767 0 0 0 16 3000 0 139 1583 53 409 0 0 138 0 31 1167 0 0 347 126 0 627 29 61 0 159 398 0 8 0 0 73 29 427 80 0 130 0 28 407 33 665 34 0 0 17 1146 0 167 42 0 427 296 0 68 307 0 10 30 73 294 0 0 25 25 19 0 0 0 26 39 416 113 340 0 0 138 29 
21 888 292 25 9 10 307 457 42 8 1655 25 0 23 872 713 26 7 0 352 11 12 246 1619 747 444 9 551 61 488 1186 144 141 198 144 209 41 274 428 11 20 121 47 163 994 10 47 1463 1855 167 0 1672 86 96 129 84 127 102 2877 475 8 1447 9 520 17 115 149 63 972 0 0 53 88 157 8 23 1220 32 11 795 
0 60 26 69 40 42 27 83 22 0 16 138 23 27 0 25 339 7 140 170 1604 308 41 46 0 739 59 1286 295 26 19 404 23 23 2777 482 513 0 52 0 21 0 2287 15 14 148 0 422 0 42 1672 0 260 85 26 27 96 18 125 310 0 328 0 11 0 21 0 1907 0 173 17 0 23 326 16 189 25 0 443 292 
0 0 9 35 44 19 412 118 14 1596 15 102 362 221 0 186 154 12 1691 19 354 136 162 27 0 0 47 409 0 157 0 250 634 43 11 0 7 724 25 151 0 0 286 12 0 22 411 223 0 0 86 260 0 7 1079 163 744 10 37 0 0 0 24 98 997 731 0 27 294 49 21 0 68 99 94 99 423 2020 266 0 
11 48 101 12 172 160 83 127 14 7 404 10 136 392 0 904 15 121 13 2116 524 176 982 40 33 22 1504 1165 142 0 152 3000 3000 255 1668 22 57 83 50 10 452 0 12 11 128 1128 120 11 127 427 96 85 7 0 118 37 1141 1765 3000 1244 150 167 400 1343 53 10 7 238 0 236 143 0 339 197 10 50 444 19 29 513 
214 21 408 0 37 70 14 0 229 37 16 747 0 830 3000 61 574 53 0 18 12 659 0 1196 13 50 13 0 80 517 73 1575 0 54 413 41 143 1283 374 177 0 84 434 9 148 0 9 119 40 296 129 26 1079 118 0 12 152 63 0 203 161 52 98 1815 51 0 11 128 53 0 0 13 192 444 1055 356 0 35 271 330 
34 0 40 19 113 1428 342 28 676 75 32 580 101 46 36 276 45 881 0 13 12 261 16 14 358 0 63 119 0 127 0 3000 33 50 400 0 452 49 59 1149 0 14 13 14 96 18 1230 34 301 0 84 27 163 37 12 0 8 376 68 0 0 0 91 19 58 0 8 84 909 0 0 62 375 29 1429 18 19 14 874 390 
95 263 131 0 371 546 3000 11 50 15 30 15 0 3000 264 80 87 560 0 579 28 144 46 68 209 3000 680 58 1014 311 2001 10 0 846 11 0 72 23 509 179 0 260 251 2728 1705 415 389 8 123 68 127 96 744 1141 152 8 0 155 0 1259 123 2701 932 28 1886 0 1839 88 3000 0 0 35 12 3000 56 89 17 49 3000 19 
66 885 31 0 108 11 467 289 35 240 27 771 0 184 699 41 7 23 0 709 311 279 0 3000 236 3000 904 2980 10 43 1962 14 0 108 283 961 669 53 386 8 0 7 887 273 30 0 94 10 181 307 102 18 10 1765 63 376 155 0 0 1287 379 78 377 489 134 0 319 22 51 0 0 9 51 3000 35 303 33 1308 2559 167 
0 0 680 85 1079 54 151 222 1202 0 1453 28 136 3000 0 9 452 0 328 111 1148 43 63 0 0 0 665 9 0 1901 0 59 9 68 7 58 45 1089 3000 114 113 0 0 43 41 209 0 156 0 0 2877 125 37 3000 0 68 0 0 0 0 0 123 0 1316 0 15 0 121 59 182 85 0 14 28 96 180 8 0 1259 3000 
147 212 0 0 0 24 1887 0 157 59 221 3000 0 0 277 0 789 1123 0 0 125 798 0 45 247 13 0 33 668 0 264 3000 0 50 389 1072 25 0 80 72 49 715 121 45 893 0 0 507 3000 10 475 310 0 1244 203 0 1259 1287 0 0 10 202 19 0 0 0 112 1051 0 0 0 821 247 788 95 156 0 0 63 9 
58 12 0 0 11 22 94 0 94 3000 2218 0 0 0 34 0 1213 75 0 0 12 62 0 170 371 28 0 0 20 0 37 89 0 13 23 1038 0 68 906 131 0 7 39 412 9 0 502 3000 267 30 8 0 0 150 161 0 123 379 0 10 0 103 21 0 11 0 106 86 0 0 0 308 550 273 135 19 0 94 42 2422 
143 66 586 11 0 17 102 0 194 24 11 38 0 0 0 0 122 103 255 0 473 10 0 926 280 488 0 1102 11 0 131 0 0 703 66 22 78 0 620 0 14 61 989 21 1527 0 0 156 40 73 1447 328 0 167 52 0 2701 78 123 202 103 0 2421 44 0 22 401 7 0 552 0 0 282 159 75 85 0 0 175 782 
126 12 2456 0 725 19 228 0 3000 472 0 53 0 157 39 238 550 1256 0 1548 40 0 0 108 357 38 239 0 62 1184 0 225 0 0 1584 0 183 94 11 21 0 404 382 130 413 0 33 14 1339 294 9 0 24 400 98 91 932 377 0 19 21 2421 0 170 188 0 846 329 932 0 0 18 23 43 29 214 0 2670 7 404 
85 0 1091 184 1527 12 168 18 12 618 27 58 386 63 0 23 886 14 227 15 7 8 68 3000 250 0 119 36 0 17 0 273 246 104 1818 0 3000 143 38 37 1862 0 1046 197 115 10 557 309 194 0 520 11 98 1343 1815 19 28 489 1316 0 0 44 170 0 84 229 0 1380 134 89 49 0 171 2294 9 78 30 157 180 8 
46 0 73 0 15 232 369 275 486 73 0 57 0 184 79 197 90 29 0 878 10 0 11 158 26 0 119 0 0 51 0 2561 0 0 578 0 641 489 36 60 0 26 81 1593 225 265 785 0 472 0 17 0 997 53 51 58 1886 134 0 0 11 0 188 84 0 0 13 1059 230 0 0 38 0 52 15 176 11 71 12 0 
0 36 130 1254 0 13 50 82 679 0 368 39 215 0 0 0 50 0 108 161 0 228 0 120 0 21 0 118 873 0 82 0 84 276 0 242 10 0 184 0 28 0 0 0 810 0 0 7 0 25 115 21 731 10 0 0 0 0 15 0 0 22 0 229 0 0 0 18 0 296 34 0 71 36 152 122 0 0 0 105 
124 2220 0 0 171 935 833 0 37 1539 0 0 0 0 124 0 2211 1828 0 0 49 0 0 813 949 14 94 0 8 0 0 73 0 0 176 0 0 150 474 8 0 57 117 3000 11 0 12 0 1306 25 149 0 0 7 11 8 1839 319 0 112 106 401 846 0 13 0 0 69 0 0 0 50 241 15 1186 186 0 453 17 27 
464 8 38 2175 543 2055 31 25 28 23 28 1357 207 55 0 36 590 48 223 570 127 103 0 151 3000 151 1257 306 806 0 3000 271 736 150 398 339 13 32 17 325 1132 2210 443 92 116 0 1209 32 59 19 63 1907 27 238 128 84 88 22 121 1051 86 7 329 1380 1059 18 69 0 0 26 138 0 121 14 15 1003 125 873 19 32 
70 0 13 53 39 0 896 28 98 2075 0 75 0 145 9 30 21 33 0 715 176 0 8 209 0 0 20 0 0 3000 0 140 0 0 139 0 2130 74 637 99 0 46 31 266 0 448 30 0 8 0 972 0 294 0 53 909 3000 51 59 0 0 0 932 134 230 0 0 0 0 0 0 143 0 41 79 873 19 8 31 0 
0 0 324 591 0 1547 38 64 355 0 97 34 83 254 0 0 805 0 79 10 0 46 0 0 0 1234 0 18 67 0 30 0 8 616 0 198 14 0 47 0 15 0 0 0 132 0 0 199 0 0 0 173 49 236 0 0 0 0 182 0 0 552 0 89 0 296 0 26 0 0 10 0 255 14 18 78 138 0 0 493 
0 0 128 360 0 16 617 370 0 0 406 50 9 3000 0 31 46 0 28 176 0 48 48 0 0 0 0 1004 0 0 0 0 178 3000 0 218 13 0 385 0 637 0 0 0 0 89 0 47 0 0 0 17 21 143 0 0 0 0 85 0 0 0 0 49 0 34 0 138 0 10 0 0 22 138 7 46 61 0 0 0 
259 0 0 0 29 0 358 0 33 117 0 0 0 0 1492 0 0 13 0 0 1674 0 0 16 160 0 1498 0 0 0 0 55 0 0 31 0 0 87 53 140 0 2648 39 109 123 0 13 0 262 26 53 0 0 0 13 62 35 9 0 821 308 0 18 0 38 0 50 0 143 0 0 0 0 0 0 0 0 27 140 0 
24 10 11 769 46 752 13 1705 174 15 30 87 2697 24 0 0 196 1095 608 194 14 12 0 120 197 355 22 126 292 0 298 276 182 33 26 256 52 241 3000 221 195 61 687 256 18 0 423 18 189 39 88 23 68 339 192 375 12 51 14 247 550 282 23 171 0 71 241 121 0 255 22 0 0 81 19 8 0 0 31 9 
282 47 19 109 934 324 2108 823 1061 178 18 33 3000 161 75 9 33 3000 10 241 10 326 42 481 16 120 43 1589 1052 225 94 9 45 620 165 306 476 167 13 127 42 972 139 23 18 386 144 2963 271 416 157 326 99 197 444 29 3000 3000 28 788 273 159 43 2294 52 36 15 14 41 14 138 0 81 0 28 355 8 674 954 1350 
43 1091 167 42 87 7 11 651 95 163 489 63 26 64 59 8 506 3000 43 1879 70 160 404 12 65 563 202 123 464 401 1831 80 24 17 362 15 61 8 33 3000 92 17 124 16 261 194 23 84 363 113 8 16 94 10 1055 1429 56 35 96 95 135 75 29 9 15 152 1186 15 79 18 7 0 19 28 0 1420 29 897 33 143 
102 260 99 35 59 154 80 87 26 3000 165 142 1900 95 0 130 19 30 105 208 62 2255 443 12 55 847 19 54 106 694 343 107 69 10 35 30 655 744 59 75 735 139 18 40 169 520 24 280 232 340 23 189 99 50 356 18 89 303 180 156 19 85 214 78 176 122 186 1003 873 78 46 0 8 355 1420 0 49 17 48 146 
0 0 10 14 225 33 8 23 296 33 7 14 383 148 0 8 44 41 135 91 178 122 423 66 0 0 9 255 0 499 0 188 19 84 932 0 13 24 9 335 0 0 0 14 0 134 602 18 0 0 1220 25 423 444 0 19 17 33 8 0 0 0 0 30 11 0 0 125 19 138 61 0 0 8 29 49 0 45 8 0 
2009 0 70 0 456 46 38 165 509 66 0 216 0 50 82 614 341 287 0 16 134 0 356 52 13 0 376 0 0 797 0 1451 0 0 15 0 57 1459 347 326 0 372 102 58 531 75 27 0 140 0 32 0 2020 19 35 14 49 1308 0 0 94 0 2670 157 71 0 453 873 8 0 0 27 0 674 897 17 45 0 282 0 
39 909 201 14 358 10 249 9 193 10 128 226 0 1675 29 691 514 243 0 619 22 3000 19 40 14 128 56 9 14 60 149 156 0 14 18 16 175 134 55 89 47 3000 726 54 696 314 10 2285 38 138 11 443 266 29 271 874 3000 2559 1259 63 42 175 7 180 12 0 17 19 31 0 0 140 31 954 33 48 8 282 0 47 
22 487 62 53 0 964 28 0 3000 1018 67 37 0 0 0 0 178 251 358 0 27 9 0 719 499 343 0 264 36 0 129 30 0 66 40 21 1978 0 201 0 305 73 226 177 15 0 0 90 34 29 795 292 0 513 330 390 19 167 3000 9 2422 782 404 8 0 105 27 32 0 493 0 0 9 1350 143 146 0 0 47 0 
