80
0 37 72 33 13 26 55 60 51 21 32 11 32 16 56 43 57 20 27 46 42 24 64 50 50 43 23 43 39 35 48 4 37 26 77 83 75 44 59 75 17 41 39 33 10 44 35 36 32 48 39 17 65 73 85 30 50 75 51 43 33 39 28 57 38 10 3 63 47 21 66 53 38 40 61 24 39 88 35 33 
37 0 98 66 27 18 67 71 56 57 18 47 33 26 91 29 66 47 64 52 79 44 89 31 81 35 53 80 42 71 43 39 66 15 65 107 86 80 95 103 54 25 28 32 39 30 73 20 66 55 74 54 83 58 109 22 85 67 87 22 67 60 63 87 74 45 35 53 82 19 58 45 72 24 96 59 60 111 35 37 
72 98 0 39 74 80 41 41 53 72 82 62 104 74 36 114 45 86 59 54 65 55 10 85 23 73 49 61 62 47 69 74 35 93 84 13 39 44 39 6 60 111 77 69 64 115 63 82 79 51 40 59 25 87 15 100 37 75 74 87 80 38 76 18 49 62 74 76 35 80 73 72 37 81 34 50 38 19 66 105 
33 66 39 0 39 49 40 44 44 33 53 23 65 40 26 77 44 47 22 41 34 26 34 63 17 53 13 31 42 14 52 35 8 57 78 52 55 19 31 42 21 74 53 44 28 77 29 55 42 41 10 19 41 78 54 63 21 72 45 61 43 22 38 23 18 23 36 66 16 47 66 57 6 57 31 11 21 57 43 66 
13 27 74 39 0 13 49 54 43 34 19 21 35 3 64 42 50 31 38 38 54 20 65 37 54 31 26 55 29 44 37 16 39 20 66 83 70 53 68 78 28 38 26 22 11 42 47 23 45 40 47 27 63 61 86 28 58 64 64 30 46 37 41 61 47 18 11 52 54 9 55 41 45 27 69 31 37 88 24 37 
26 18 80 49 13 0 49 54 40 47 6 33 39 10 75 41 49 42 51 35 67 25 70 25 63 22 36 67 25 56 30 29 48 19 56 88 69 65 79 85 41 37 16 16 23 42 60 11 58 38 58 40 65 51 91 29 69 56 77 17 59 42 54 69 59 31 24 43 65 6 47 33 55 15 79 43 42 92 19 42 
55 67 41 40 49 49 0 5 13 67 49 51 84 48 59 90 5 74 60 15 74 30 31 46 38 36 36 71 25 53 29 58 32 67 44 44 21 57 64 47 54 86 41 35 45 91 68 48 78 12 49 52 18 46 47 76 55 36 85 50 79 18 74 41 57 48 55 35 51 53 32 31 44 45 60 46 19 47 32 86 
60 71 41 44 54 54 5 0 16 72 54 56 89 53 62 95 6 80 64 19 78 36 31 49 41 39 41 75 30 58 32 64 36 72 43 43 15 61 67 47 59 91 45 39 50 96 72 52 83 16 53 57 16 46 45 81 59 35 89 54 84 23 79 43 61 54 61 36 54 58 32 34 48 49 63 51 24 44 36 91 
51 56 53 44 43 40 13 16 0 66 39 49 77 41 67 81 10 71 61 5 77 27 43 33 47 23 37 75 15 57 16 54 38 58 35 57 30 63 72 59 54 77 29 24 41 82 70 36 78 4 54 52 31 35 60 68 63 28 88 38 79 23 74 51 61 46 51 24 58 44 22 19 49 33 69 48 24 59 21 79 
21 57 72 33 34 47 67 72 66 0 53 17 41 37 46 55 70 17 13 62 22 40 67 71 48 63 31 25 57 26 67 19 39 43 96 84 85 33 48 74 13 54 60 53 27 55 17 57 12 63 33 15 73 93 87 43 41 93 30 64 13 49 8 54 26 20 23 82 39 42 84 72 35 61 51 23 48 90 54 40 
32 18 82 53 19 6 49 54 39 53 0 39 43 16 79 44 48 47 56 34 72 28 72 20 66 18 40 73 24 61 27 34 51 22 52 90 69 69 83 87 46 40 12 15 28 45 66 5 64 37 62 45 66 46 93 33 73 52 82 12 64 44 60 72 64 36 30 39 69 12 43 30 59 10 83 48 44 93 18 46 
11 47 62 23 21 33 51 56 49 17 39 0 42 23 45 54 53 25 18 45 34 22 56 55 40 46 16 34 39 24 50 12 27 36 79 74 70 33 49 66 8 51 44 37 11 54 27 43 29 45 28 7 59 76 76 40 39 75 44 50 30 33 25 47 27 3 13 65 36 29 67 55 28 46 50 13 32 79 37 42 
32 33 104 65 35 39 84 89 77 41 43 42 0 36 85 14 85 24 53 72 62 54 97 62 82 61 56 66 62 64 68 30 69 21 95 115 104 72 88 108 46 15 54 54 41 15 58 48 45 74 69 47 97 89 118 11 80 95 68 53 45 71 43 89 66 42 31 82 77 33 86 72 70 53 91 55 70 120 56 4 
16 26 74 40 3 10 48 53 41 37 16 23 36 0 65 42 48 33 40 36 56 19 65 34 55 28 27 57 27 46 34 19 40 20 63 83 68 55 70 78 30 39 23 19 13 43 50 20 48 38 48 29 62 58 86 28 60 61 66 27 49 37 44 61 49 21 14 49 56 7 52 39 46 24 70 33 36 88 21 39 
56 91 36 26 64 75 59 62 67 46 79 45 85 65 0 98 64 63 33 65 32 52 37 90 21 79 40 27 67 21 78 57 30 81 101 49 68 13 5 35 39 96 79 71 53 99 31 82 49 64 17 39 52 102 50 85 6 94 39 88 50 44 47 20 20 46 59 90 10 73 89 82 20 83 5 33 43 54 69 85 
43 29 114 77 42 41 90 95 81 55 44 54 14 42 98 0 90 38 66 77 77 62 106 60 93 62 66 80 66 77 70 42 79 23 94 125 110 85 101 118 59 4 55 57 51 1 72 48 60 79 82 59 104 87 127 14 92 96 82 51 59 79 58 100 79 53 41 82 90 37 87 73 82 53 103 67 78 129 60 17 
57 66 45 44 50 49 5 6 10 70 48 53 85 48 64 90 0 76 63 14 77 32 36 43 43 33 39 75 24 57 26 60 36 67 39 48 21 62 68 52 57 86 39 33 46 91 72 46 81 11 53 55 22 41 51 76 60 31 89 48 82 22 77 46 61 51 57 31 56 52 27 28 48 43 65 49 23 50 30 87 
20 47 86 47 31 42 74 80 71 17 47 25 24 33 63 38 76 0 30 66 38 44 80 67 63 62 40 42 59 42 67 16 52 32 96 98 94 50 65 89 26 38 57 53 30 39 34 52 21 68 48 27 84 92 101 29 58 94 44 59 21 58 19 69 43 27 20 83 56 36 85 72 50 57 68 36 57 103 54 23 
27 64 59 22 38 51 60 64 61 13 56 18 53 40 33 66 63 30 0 58 16 36 55 72 36 63 25 17 55 13 65 26 29 52 94 72 77 20 35 61 10 65 61 53 28 67 10 60 20 58 20 11 63 91 74 54 28 89 27 67 21 41 17 42 13 20 29 80 26 47 81 70 22 63 38 14 40 78 53 52 
46 52 54 41 38 35 15 19 5 62 34 45 72 36 65 77 14 66 58 0 73 23 44 31 46 20 33 71 10 54 14 50 35 54 37 59 34 61 70 60 50 73 26 20 36 78 67 32 74 3 52 48 33 37 62 64 61 31 84 35 75 21 69 51 59 42 46 25 56 39 24 18 47 30 68 44 22 62 17 75 
42 79 65 34 54 67 74 78 77 22 72 34 62 56 32 77 77 38 16 73 0 53 63 88 43 79 40 5 71 21 81 40 42 66 110 78 89 21 32 65 26 76 77 70 44 77 7 76 19 73 27 28 74 107 80 66 29 105 11 83 20 55 19 47 18 36 44 96 30 62 97 87 31 79 37 29 54 84 69 61 
24 44 55 26 20 25 30 36 27 40 28 22 54 19 52 62 32 44 36 23 53 0 46 38 38 28 13 52 18 36 29 28 23 39 57 64 51 44 57 60 28 58 27 19 14 62 46 30 51 24 36 26 43 55 67 47 47 53 64 36 52 17 47 44 40 19 25 44 42 26 45 34 32 31 56 24 17 68 18 56 
64 89 10 34 65 70 31 31 43 67 72 56 97 65 37 106 36 80 55 44 63 46 0 74 20 63 41 59 52 44 58 67 28 84 74 19 32 43 41 16 54 103 67 59 56 107 60 72 75 41 37 53 17 77 21 92 37 66 73 77 76 29 72 17 46 55 66 66 34 71 63 62 33 71 37 44 29 24 56 98 
50 31 85 63 37 25 46 49 33 71 20 55 62 34 90 60 43 67 72 31 88 38 74 0 73 11 51 88 23 74 17 53 60 41 34 90 62 82 94 90 62 56 11 19 44 61 82 15 82 34 73 60 64 27 93 51 84 36 99 9 83 48 78 79 78 52 48 22 80 31 27 16 70 10 93 61 49 92 20 65 
50 81 23 17 54 63 38 41 47 48 66 40 82 55 21 93 43 63 36 46 43 38 20 73 0 62 28 39 50 24 60 52 15 73 82 36 48 23 25 26 37 91 64 55 43 94 40 67 56 44 17 36 32 83 38 79 18 74 53 73 57 26 53 7 26 40 52 71 14 62 69 64 14 68 22 27 25 42 53 83 
43 35 73 53 31 22 36 39 23 63 18 46 61 28 79 62 33 62 63 20 79 28 63 11 62 0 41 79 12 64 8 46 49 40 35 79 53 71 83 79 53 58 7 10 36 63 72 14 75 23 63 52 53 30 82 51 73 34 90 15 75 37 70 67 68 43 42 21 69 28 25 11 59 10 82 51 37 82 10 64 
23 53 49 13 26 36 36 41 37 31 40 16 56 27 40 66 39 40 25 33 40 13 41 51 28 41 0 39 31 23 42 26 14 45 69 60 55 31 44 53 18 63 40 32 15 67 34 42 42 33 23 16 43 68 62 52 34 64 51 48 43 18 38 35 27 14 25 56 30 34 57 47 20 44 44 11 17 64 31 57 
43 80 61 31 55 67 71 75 75 25 73 34 66 57 27 80 75 42 17 71 5 52 59 88 39 79 39 0 70 18 80 42 39 68 108 74 85 16 27 61 27 79 77 69 45 80 8 77 23 71 23 28 71 106 75 68 24 103 14 84 25 53 23 43 14 37 46 95 26 63 95 85 28 79 32 28 52 79 69 64 
39 42 62 42 29 25 25 30 15 57 24 39 62 27 67 66 24 59 55 10 71 18 52 23 50 12 31 70 0 54 11 42 37 44 39 68 45 61 72 67 46 62 16 9 30 67 64 22 69 13 52 44 43 37 71 53 62 36 82 25 69 25 64 56 58 37 38 26 58 29 27 16 48 20 71 42 25 71 6 65 
35 71 47 14 44 56 53 58 57 26 61 24 64 46 21 77 57 42 13 54 21 36 44 74 24 64 23 18 54 0 65 35 21 60 91 60 68 9 24 48 18 75 63 55 33 77 16 64 32 54 7 18 54 90 62 64 16 86 32 71 33 35 29 29 4 26 38 79 14 53 79 69 11 66 27 13 34 66 54 64 
48 43 69 52 37 30 29 32 16 67 27 50 68 34 78 70 26 67 65 14 81 29 58 17 60 8 42 80 11 65 0 52 47 48 29 73 45 72 82 75 56 66 15 15 40 71 75 23 79 17 63 54 47 26 76 59 73 27 93 23 80 34 75 65 69 47 47 15 68 35 18 5 59 19 81 53 35 76 13 71 
4 39 74 35 16 29 58 64 54 19 34 12 30 19 57 42 60 16 26 50 40 28 67 53 52 46 26 42 42 35 52 0 39 26 81 85 78 44 60 77 17 40 42 37 14 42 34 39 29 51 40 18 69 76 88 28 51 78 49 46 30 43 26 59 38 12 5 67 48 23 69 56 40 43 62 25 42 90 38 31 
37 66 35 8 39 48 32 36 38 39 51 27 69 40 30 79 36 52 29 35 42 23 28 60 15 49 14 39 37 21 47 39 0 59 72 47 47 26 35 39 27 77 50 41 29 80 36 53 49 34 17 25 34 72 49 65 25 66 53 59 50 15 45 21 25 27 39 60 21 47 59 52 12 54 34 17 14 52 39 70 
26 15 93 57 20 19 67 72 58 43 22 36 21 20 81 23 67 32 52 54 66 39 84 41 73 40 45 68 44 60 48 26 59 0 74 103 87 69 85 97 43 19 34 35 30 24 60 27 52 56 64 42 82 68 106 10 75 75 74 32 52 57 49 80 63 35 23 61 72 14 65 52 63 32 86 49 56 107 37 24 
77 65 84 78 66 56 44 43 35 96 52 79 95 63 101 94 39 96 94 37 110 57 74 34 82 35 69 108 39 91 29 81 72 74 0 84 49 98 106 90 85 90 41 44 69 95 103 47 108 38 89 83 59 8 86 84 97 9 121 43 109 58 104 85 96 76 76 14 93 62 13 24 84 42 104 81 58 85 43 98 
83 107 13 52 83 88 44 43 57 84 90 74 115 83 49 125 48 98 72 59 78 64 19 90 36 79 60 74 68 60 73 85 47 103 84 0 36 57 52 14 73 122 84 76 74 126 76 90 92 56 53 71 27 88 3 111 50 75 87 93 93 47 89 31 62 73 85 78 48 90 74 76 50 88 46 62 47 6 73 116 
75 86 39 55 70 69 21 15 30 85 69 70 104 68 68 110 21 94 77 34 89 51 32 62 48 53 55 85 45 68 45 78 47 87 49 36 0 70 72 45 72 106 59 54 65 111 84 66 96 31 62 70 16 54 38 97 66 40 99 68 97 37 92 48 71 68 76 45 62 73 41 46 58 63 68 63 38 36 51 106 
44 80 44 19 53 65 57 61 63 33 69 33 72 55 13 85 62 50 20 61 21 44 43 82 23 71 31 16 61 9 72 44 26 69 98 57 70 0 16 45 27 84 71 63 42 86 19 72 36 60 9 27 55 97 59 72 8 91 30 79 38 40 34 26 7 35 46 85 9 62 85 76 14 74 19 22 39 63 62 72 
59 95 39 31 68 79 64 67 72 48 83 49 88 70 5 101 68 65 35 70 32 57 41 94 25 83 44 27 72 24 82 60 35 85 106 52 72 16 0 37 43 99 84 75 57 102 33 86 50 68 22 42 57 107 53 88 10 99 37 92 51 49 49 24 22 50 62 95 15 77 94 87 24 87 5 37 48 57 74 87 
75 103 6 42 78 85 47 47 59 74 87 66 108 78 35 118 52 89 61 60 65 60 16 90 26 79 53 61 67 48 75 77 39 97 90 14 45 45 37 0 63 115 83 74 68 119 63 88 80 57 41 62 31 93 15 104 37 81 73 92 81 43 77 20 49 65 77 82 36 85 79 78 39 87 32 53 43 20 72 108 
17 54 60 21 28 41 54 59 54 13 46 8 46 30 39 59 57 26 10 50 26 28 54 62 37 53 18 27 46 18 56 17 27 43 85 73 72 27 43 63 0 57 51 43 18 59 20 50 24 50 23 2 60 82 75 46 34 81 37 57 25 36 20 44 21 10 20 71 31 37 73 61 24 53 45 10 35 78 44 46 
41 25 111 74 38 37 86 91 77 54 40 51 15 39 96 4 86 38 65 73 76 58 103 56 91 58 63 79 62 75 66 40 77 19 90 122 106 84 99 115 57 0 51 53 48 5 71 44 59 75 80 57 101 83 124 11 91 91 82 47 59 76 57 97 77 51 38 78 88 34 82 69 79 48 102 65 75 126 56 18 
39 28 77 53 26 16 41 45 29 60 12 44 54 23 79 55 39 57 61 26 77 27 67 11 64 7 40 77 16 63 15 42 50 34 41 84 59 71 84 83 51 51 0 9 33 56 70 8 71 29 63 49 58 35 86 44 74 41 88 9 72 40 67 70 67 41 37 27 70 22 32 18 60 4 83 50 40 87 11 58 
33 32 69 44 22 16 35 39 24 53 15 37 54 19 71 57 33 53 53 20 70 19 59 19 55 10 32 69 9 55 15 37 41 35 44 76 54 63 75 74 43 53 9 0 26 58 63 13 65 23 54 42 51 40 79 45 65 42 80 18 66 31 61 61 59 34 32 30 61 21 33 20 51 13 74 42 31 79 3 57 
10 39 64 28 11 23 45 50 41 27 28 11 41 13 53 51 46 30 28 36 44 14 56 44 43 36 15 45 30 33 40 14 29 30 69 74 65 42 57 68 18 48 33 26 0 51 38 32 39 38 35 17 56 65 77 36 47 66 55 39 40 30 35 50 36 8 11 55 43 20 57 45 33 35 57 20 29 79 27 43 
44 30 115 77 42 42 91 96 82 55 45 54 15 43 99 1 91 39 67 78 77 62 107 61 94 63 67 80 67 77 71 42 80 24 95 126 111 86 102 119 59 5 56 58 51 0 72 49 60 80 82 60 105 88 128 15 93 97 82 52 59 80 58 101 79 54 42 83 90 38 88 74 82 54 104 68 79 130 61 17 
35 73 63 29 47 60 68 72 70 17 66 27 58 50 31 72 72 34 10 67 7 46 60 82 40 72 34 8 64 16 75 34 36 60 103 76 84 19 33 63 20 71 70 63 38 72 0 70 17 67 23 21 70 101 77 60 27 98 18 77 19 49 16 45 14 30 38 90 28 56 91 80 27 73 37 23 48 81 63 57 
36 20 82 55 23 11 48 52 36 57 5 43 48 20 82 48 46 52 60 32 76 30 72 15 67 14 42 77 22 64 23 39 53 27 47 90 66 72 86 88 50 44 8 13 32 49 70 0 68 35 65 49 65 41 92 37 76 48 86 7 69 44 64 74 68 40 34 34 72 17 39 25 62 5 86 51 44 93 16 51 
32 66 79 42 45 58 78 83 78 12 64 29 45 48 49 60 81 21 20 74 19 51 75 82 56 75 42 23 69 32 79 29 49 52 108 92 96 36 50 80 24 59 71 65 39 60 17 68 0 74 39 26 83 104 94 50 45 104 23 75 1 60 4 61 31 32 34 94 44 53 96 84 42 72 54 33 59 97 66 43 
48 55 51 41 40 38 12 16 4 63 37 45 74 38 64 79 11 68 58 3 73 24 41 34 44 23 33 71 13 54 17 51 34 56 38 56 31 60 68 57 50 75 29 23 38 80 67 35 74 0 51 48 30 38 59 66 59 32 84 38 75 19 70 49 58 43 48 27 55 42 25 20 46 33 66 44 20 59 20 77 
39 74 40 10 47 58 49 53 54 33 62 28 69 48 17 82 53 48 20 52 27 36 37 73 17 63 23 23 52 7 63 40 17 64 89 53 62 9 22 41 23 80 63 54 35 82 23 65 39 51 0 23 47 88 55 68 12 82 37 71 40 31 36 22 9 29 42 76 8 55 76 68 5 66 22 15 30 59 53 69 
17 54 59 19 27 40 52 57 52 15 45 7 47 29 39 59 55 27 11 48 28 26 53 60 36 52 16 28 44 18 54 18 25 42 83 71 70 27 42 62 2 57 49 42 17 60 21 49 26 48 23 0 58 80 73 46 33 79 39 56 27 34 22 42 21 9 20 69 30 36 71 59 23 52 44 9 33 76 42 47 
65 83 25 41 63 65 18 16 31 73 66 59 97 62 52 104 22 84 63 33 74 43 17 64 32 53 43 71 43 54 47 69 34 82 59 27 16 55 57 31 60 101 58 51 56 105 70 65 83 30 47 58 0 62 29 90 50 50 85 68 84 26 79 32 57 57 67 52 47 67 48 49 43 63 52 50 27 29 48 98 
73 58 87 78 61 51 46 46 35 93 46 76 89 58 102 87 41 92 91 37 107 55 77 27 83 30 68 106 37 90 26 76 72 68 8 88 54 97 107 93 82 83 35 40 65 88 101 41 104 38 88 80 62 0 91 78 97 16 119 36 105 58 100 87 94 73 72 12 93 57 14 21 83 36 104 79 58 89 39 92 
85 109 15 54 86 91 47 45 60 87 93 76 118 86 50 127 51 101 74 62 80 67 21 93 38 82 62 75 71 62 76 88 49 106 86 3 38 59 53 15 75 124 86 79 77 128 77 92 94 59 55 73 29 91 0 113 52 77 88 96 95 49 91 33 64 76 87 81 50 92 77 78 52 91 47 65 50 5 76 119 
30 22 100 63 28 29 76 81 68 43 33 40 11 28 85 14 76 29 54 64 66 47 92 51 79 51 52 68 53 64 59 28 65 10 84 111 97 72 88 104 46 11 44 45 36 15 60 37 50 66 68 46 90 78 113 0 79 85 73 42 50 65 48 86 66 40 27 71 76 24 76 62 68 42 90 53 64 115 47 15 
50 85 37 21 58 69 55 59 63 41 73 39 80 60 6 92 60 58 28 61 29 47 37 84 18 73 34 24 62 16 73 51 25 75 97 50 66 8 10 37 34 91 74 65 47 93 27 76 45 59 12 33 50 97 52 79 0 90 37 82 46 40 43 20 15 41 53 86 5 67 85 77 14 77 11 27 39 56 64 79 
75 67 75 72 64 56 36 35 28 93 52 75 95 61 94 96 31 94 89 31 105 53 66 36 74 34 64 103 36 86 27 78 66 75 9 75 40 91 99 81 81 91 41 42 66 97 98 48 104 32 82 79 50 16 77 85 90 0 116 45 105 51 100 77 90 72 74 14 86 62 9 23 78 43 96 75 52 76 40 98 
51 87 74 45 64 77 85 89 88 30 82 44 68 66 39 82 89 44 27 84 11 64 73 99 53 90 51 14 82 32 93 49 53 74 121 87 99 30 37 73 37 82 88 80 55 82 18 86 23 84 37 39 85 119 88 73 37 116 0 93 23 66 25 56 28 47 53 107 39 72 108 98 42 90 43 40 65 93 80 66 
43 22 87 61 30 17 50 54 38 64 12 50 53 27 88 51 48 59 67 35 83 36 77 9 73 15 48 84 25 71 23 46 59 32 43 93 68 79 92 92 57 47 9 18 39 52 77 7 75 38 71 56 68 36 96 42 82 45 93 0 76 49 71 79 74 47 41 31 78 23 36 24 68 5 92 58 49 96 20 56 
33 67 80 43 46 59 79 84 79 13 64 30 45 49 50 59 82 21 21 75 20 52 76 83 57 75 43 25 69 33 80 30 50 52 109 93 97 38 51 81 25 59 72 66 40 59 19 69 1 75 40 27 84 105 95 50 46 105 23 76 0 61 5 62 32 33 35 95 46 53 97 85 43 73 55 34 60 99 66 42 
39 60 38 22 37 42 18 23 23 49 44 33 71 37 44 79 22 58 41 21 55 17 29 48 26 37 18 53 25 35 34 43 15 57 58 47 37 40 49 43 36 76 40 31 30 80 49 44 60 19 31 34 26 58 49 65 40 51 66 49 61 0 56 31 39 31 41 46 35 43 45 38 27 44 47 27 1 51 29 72 
28 63 76 38 41 54 74 79 74 8 60 25 43 44 47 58 77 19 17 69 19 47 72 78 53 70 38 23 64 29 75 26 45 49 104 89 92 34 49 77 20 57 67 61 35 58 16 64 4 70 36 22 79 100 91 48 43 100 25 71 5 56 0 58 28 28 30 90 42 49 92 80 39 68 53 29 55 94 61 42 
57 87 18 23 61 69 41 43 51 54 72 47 89 61 20 100 46 69 42 51 47 44 17 79 7 67 35 43 56 29 65 59 21 80 85 31 48 26 24 20 44 97 70 61 50 101 45 74 61 49 22 42 32 87 33 86 20 77 56 79 62 31 58 0 31 47 59 75 17 69 73 69 20 74 20 34 30 37 59 89 
38 74 49 18 47 59 57 61 61 26 64 27 66 49 20 79 61 43 13 59 18 40 46 78 26 68 27 14 58 4 69 38 25 63 96 62 71 7 22 49 21 77 67 59 36 79 14 68 31 58 9 21 57 94 64 66 15 90 28 74 32 39 28 31 0 29 40 83 14 56 83 74 14 70 25 17 38 67 58 65 
10 45 62 23 18 31 48 54 46 20 36 3 42 21 46 53 51 27 20 42 36 19 55 52 40 43 14 37 37 26 47 12 27 35 76 73 68 35 50 65 10 51 41 34 8 54 30 40 32 43 29 9 57 73 76 40 41 72 47 47 33 31 28 47 29 0 13 62 37 27 64 52 28 43 51 14 30 78 34 43 
3 35 74 36 11 24 55 61 51 23 30 13 31 14 59 41 57 20 29 46 44 25 66 48 52 42 25 46 38 38 47 5 39 23 76 85 76 46 62 77 20 38 37 32 11 42 38 34 34 48 42 20 67 72 87 27 53 74 53 41 35 41 30 59 40 13 0 62 50 19 65 52 41 38 64 26 40 90 34 32 
63 53 76 66 52 43 35 36 24 82 39 65 82 49 90 82 31 83 80 25 96 44 66 22 71 21 56 95 26 79 15 67 60 61 14 78 45 85 95 82 71 78 27 30 55 83 90 34 94 27 76 69 52 12 81 71 86 14 107 31 95 46 90 75 83 62 62 0 81 49 5 10 72 29 93 67 47 80 29 85 
47 82 35 16 54 65 51 54 58 39 69 36 77 56 10 90 56 56 26 56 30 42 34 80 14 69 30 26 58 14 68 48 21 72 93 48 62 9 15 36 31 88 70 61 43 90 28 72 44 55 8 30 47 93 50 76 5 86 39 78 46 35 42 17 14 37 50 81 0 63 80 73 10 73 14 23 34 54 59 77 
21 19 80 47 9 6 53 58 44 42 12 29 33 7 73 37 52 36 47 39 62 26 71 31 62 28 34 63 29 53 35 23 47 14 62 90 73 62 77 85 37 34 22 21 20 38 56 17 53 42 55 36 67 57 92 24 67 62 72 23 53 43 49 69 56 27 19 49 63 0 53 39 53 21 77 40 43 94 23 36 
66 58 73 66 55 47 32 32 22 84 43 67 86 52 89 87 27 85 81 24 97 45 63 27 69 25 57 95 27 79 18 69 59 65 13 74 41 85 94 79 73 82 32 33 57 88 91 39 96 25 76 71 48 14 77 76 85 9 108 36 97 45 92 73 83 64 65 5 80 53 0 14 71 34 91 68 46 75 31 89 
53 45 72 57 41 33 31 34 19 72 30 55 72 39 82 73 28 72 70 18 87 34 62 16 64 11 47 85 16 69 5 56 52 52 24 76 46 76 87 78 61 69 18 20 45 74 80 25 84 20 68 59 49 21 78 62 77 23 98 24 85 38 80 69 74 52 52 10 73 39 14 0 63 21 85 58 39 78 18 75 
38 72 37 6 45 55 44 48 49 35 59 28 70 46 20 82 48 50 22 47 31 32 33 70 14 59 20 28 48 11 59 40 12 63 84 50 58 14 24 39 24 79 60 51 33 82 27 62 42 46 5 23 43 83 52 68 14 78 42 68 43 27 39 20 14 28 41 72 10 53 71 63 0 63 24 15 26 55 49 70 
40 24 81 57 27 15 45 49 33 61 10 46 53 24 83 53 43 57 63 30 79 31 71 10 68 10 44 79 20 66 19 43 54 32 42 88 63 74 87 87 53 48 4 13 35 54 73 5 72 33 66 52 63 36 91 42 77 43 90 5 73 44 68 74 70 43 38 29 73 21 34 21 63 0 87 53 44 91 15 56 
61 96 34 31 69 79 60 63 69 51 83 50 91 70 5 103 65 68 38 68 37 56 37 93 22 82 44 32 71 27 81 62 34 86 104 46 68 19 5 32 45 102 83 74 57 104 37 86 54 66 22 44 52 104 47 90 11 96 43 92 55 47 53 20 25 51 64 93 14 77 91 85 24 87 0 38 46 52 73 90 
24 59 50 11 31 43 46 51 48 23 48 13 55 33 33 67 49 36 14 44 29 24 44 61 27 51 11 28 42 13 53 25 17 49 81 62 63 22 37 53 10 65 50 42 20 68 23 51 33 44 15 9 50 79 65 53 27 75 40 58 34 27 29 34 17 14 26 67 23 40 68 58 15 53 38 0 26 68 41 55 
39 60 38 21 37 42 19 24 24 48 44 32 70 36 43 78 23 57 40 22 54 17 29 49 25 37 17 52 25 34 35 42 14 56 58 47 38 39 48 43 35 75 40 31 29 79 48 44 59 20 30 33 27 58 50 64 39 52 65 49 60 1 55 30 38 30 40 47 34 43 46 39 26 44 46 26 0 51 29 71 
88 111 19 57 88 92 47 44 59 90 93 79 120 88 54 129 50 103 78 62 84 68 24 92 42 82 64 79 71 66 76 90 52 107 85 6 36 63 57 20 78 126 87 79 79 130 81 93 97 59 59 76 29 89 5 115 56 76 93 96 99 51 94 37 67 78 90 80 54 94 75 78 55 91 52 68 51 0 77 121 
35 35 66 43 24 19 32 36 21 54 18 37 56 21 69 60 30 54 53 17 69 18 56 20 53 10 31 69 6 54 13 38 39 37 43 73 51 62 74 72 44 56 11 3 27 61 63 16 66 20 53 42 48 39 76 47 64 40 80 20 66 29 61 59 58 34 34 29 59 23 31 18 49 15 73 41 29 77 0 59 
33 37 105 66 37 42 86 91 79 40 46 42 4 39 85 17 87 23 52 75 61 56 98 65 83 64 57 64 65 64 71 31 70 24 98 116 106 72 87 108 46 18 58 57 43 17 57 51 43 77 69 47 98 92 119 15 79 98 66 56 42 72 42 89 65 43 32 85 77 36 89 75 70 56 90 55 71 121 59 0 
0 1435 298 0 0 0 0 0 0 0 31 105 0 0 89 95 73 42 21 0 0 0 0 0 0 532 17 0 0 0 782 526 1571 10 0 38 951 173 0 0 1662 0 1089 0 56 640 0 100 0 101 0 174 310 0 0 15 12 300 0 0 47 9 45 2284 0 14 0 86 26 42 37 139 8 0 0 0 125 0 0 0 
1435 0 23 0 2204 0 213 0 46 183 221 24 9 51 509 25 792 7 1593 865 0 13 91 19 0 63 62 0 135 0 9 10 489 332 354 50 7 22 35 7 0 0 83 52 68 13 0 924 0 0 945 14 264 32 1033 176 734 29 24 0 15 69 160 145 101 372 29 57 639 193 14 53 343 27 0 181 553 0 0 0 
298 23 0 287 254 10 1603 766 24 442 8 454 14 49 15 264 27 283 84 189 94 9 162 61 302 59 415 3000 16 159 58 259 1151 874 226 13 9 113 137 488 516 153 481 506 217 37 95 352 65 32 15 164 174 15 190 15 48 487 135 68 2752 280 435 817 22 81 35 61 14 209 1346 234 15 11 478 34 76 1234 118 643 
0 0 287 0 36 152 36 191 52 541 0 87 107 15 546 0 18 192 101 0 92 71 31 13 174 613 0 121 218 391 0 0 13 0 201 0 0 212 262 39 183 1060 0 10 850 35 114 0 137 51 127 0 113 20 67 56 0 0 1061 8 0 19 184 3000 494 128 16 147 64 0 433 563 129 47 1856 51 372 3000 886 9 
0 2204 254 36 0 154 7 85 67 105 225 3000 206 213 197 0 211 9 12 128 155 217 334 174 39 423 0 34 17 376 0 0 192 476 242 0 0 714 191 1643 0 930 0 1285 58 254 231 0 0 0 538 0 13 59 127 179 0 0 76 86 29 0 44 8 13 54 72 0 419 0 305 67 127 385 290 24 15 977 424 153 
0 0 10 152 154 0 58 63 214 41 0 268 34 3000 1901 36 190 437 104 0 185 78 13 486 347 63 0 302 187 26 0 359 174 0 92 0 0 0 77 23 891 166 0 51 24 1393 22 0 39 326 26 72 154 0 309 809 0 0 30 21 0 8 1274 61 242 258 404 17 270 115 976 98 524 81 453 10 3000 36 642 2922 
0 213 1603 36 7 58 0 2434 361 672 0 2856 47 75 14 45 596 499 884 88 16 9 40 15 9 905 13 80 21 13 86 640 769 517 8 204 0 37 1039 54 1380 1055 34 99 258 265 83 29 150 38 140 191 103 11 100 163 47 211 66 116 22 1842 205 21 3000 150 528 9 196 33 158 3000 74 90 24 12 22 10 207 960 
0 0 766 191 85 63 2434 0 33 37 0 381 28 12 110 0 0 275 0 0 109 14 150 176 348 0 0 46 759 557 0 0 0 0 40 0 0 0 9 119 0 115 0 24 153 0 0 0 0 0 11 0 0 1532 575 72 0 0 69 48 0 0 14 0 1133 0 73 0 151 0 9 0 0 1091 247 11 56 0 2518 274 
0 46 24 52 67 214 361 33 0 228 163 203 468 67 22 50 119 142 1149 205 198 227 371 22 46 25 1170 17 290 990 57 99 719 83 3000 0 0 175 56 9 8 1399 0 92 26 31 8 0 1865 214 559 135 10 31 112 50 23 694 103 16 162 36 649 570 1986 83 457 18 19 61 9 14 122 36 324 1109 254 74 30 113 
0 183 442 541 105 41 672 37 228 0 0 190 119 15 297 39 96 1707 10 33 1053 257 81 311 49 73 499 1062 226 8 266 239 354 3000 12 49 0 59 18 1066 7 572 108 47 369 188 15 9 15 505 11 1026 22 9 447 25 28 3000 34 43 490 52 28 215 98 91 80 2122 11 536 2255 123 94 211 9 47 198 150 196 95 
31 221 8 0 225 0 0 0 163 0 0 148 0 0 423 0 10 30 0 1617 38 0 103 8 0 373 100 0 0 0 242 0 0 123 156 99 440 101 0 107 0 0 0 121 105 15 0 61 0 0 15 72 0 528 21 0 13 26 531 0 1546 0 725 353 13 28 216 0 63 125 165 21 0 0 0 0 153 0 0 0 
105 24 454 87 3000 268 2856 381 203 190 148 0 296 707 10 319 80 627 124 332 506 218 1079 202 221 66 3000 74 310 338 17 1175 70 674 229 10 254 152 86 591 13 620 35 142 148 149 39 18 118 143 30 46 86 190 3000 30 105 747 206 36 16 8 63 102 65 1346 209 28 17 17 15 3000 114 586 2527 90 44 240 15 23 
0 9 14 107 206 34 47 28 468 119 0 296 0 2636 72 0 25 1831 57 371 36 174 16 743 12 15 0 9 18 519 0 0 14 1748 2321 0 0 13 1351 37 261 799 0 24 97 50 23 0 301 190 30 0 19 238 153 211 0 0 76 96 239 325 137 45 104 1427 37 0 575 0 108 642 494 76 61 116 190 119 127 8 
0 51 49 15 213 3000 75 12 67 15 0 707 2636 0 33 13 288 9 160 32 34 1547 72 9 12 30 1442 341 323 232 14 68 220 117 9 160 56 61 248 29 48 156 191 58 377 157 59 160 3000 23 25 248 8 211 67 921 63 51 9 861 126 8 126 29 141 379 171 496 11 1526 8 18 19 643 14 384 78 16 56 565 
89 509 15 546 197 1901 14 110 22 297 423 10 72 33 0 0 107 552 1584 432 269 57 48 8 325 45 122 723 1606 543 137 965 164 3000 538 84 99 12 23 123 0 52 57 240 9 99 0 155 0 0 291 16 1135 86 907 32 589 19 303 1557 12 0 12 71 17 8 1760 17 70 47 339 13 628 127 304 335 18 0 650 19 
95 25 264 0 0 36 45 0 50 39 0 319 0 13 0 0 428 43 643 0 0 280 0 0 0 536 14 0 168 0 146 13 353 60 0 425 151 0 0 11 188 0 141 21 468 525 156 2206 115 710 0 70 168 0 0 17 23 14 0 0 0 9 17 72 0 48 3000 28 42 33 1103 184 103 0 0 10 3000 9 0 0 
73 792 27 18 211 190 596 0 119 96 10 80 25 288 107 428 0 32 229 9 3000 228 509 202 102 488 18 0 13 0 117 689 37 636 1005 179 105 50 494 34 0 0 52 131 54 316 0 369 0 0 66 563 7 69 1351 70 7 46 303 251 1232 131 93 8 8 81 496 31 271 479 652 26 46 52 28 51 1482 0 0 34 
42 7 283 192 9 437 499 275 142 1707 30 627 1831 9 552 43 32 0 69 58 76 48 86 60 482 15 1180 163 498 62 19 75 354 2433 192 2124 835 28 1648 68 26 245 217 15 19 40 0 154 13 46 19 291 9 237 8 302 2535 38 49 54 28 120 17 360 21 228 2234 84 716 21 88 9 84 108 1933 740 228 219 35 639 
21 1593 84 101 12 104 884 0 1149 10 0 124 57 160 1584 643 229 69 0 0 0 21 1661 412 13 89 63 13 66 10 3000 20 61 14 11 39 31 73 637 151 115 87 16 744 227 312 10 26 35 12 66 13 9 0 8 2471 101 268 229 227 63 52 289 56 283 65 555 1098 110 1228 3000 372 144 83 88 70 138 21 20 133 
0 865 189 0 128 0 88 0 205 33 1617 332 371 32 432 0 9 58 0 0 37 0 583 214 0 7 2542 0 0 0 555 0 0 31 1346 1609 0 991 8 111 0 0 0 331 110 14 0 106 0 0 24 18 0 78 82 0 33 101 10 3000 174 0 118 27 845 31 26 0 18 264 1171 176 0 0 135 0 3000 0 0 0 
0 0 94 92 155 185 16 109 198 1053 38 506 36 34 269 0 3000 76 0 37 0 1425 16 814 57 172 0 20 69 27 0 0 0 34 243 0 0 66 220 52 0 25 0 167 855 179 0 0 0 0 651 0 0 67 188 728 0 0 107 2392 47 0 8 157 99 0 145 0 17 0 784 13 0 400 24 9 22 0 252 46 
0 13 9 71 217 78 9 14 227 257 0 218 174 1547 57 280 228 48 21 0 1425 0 3000 85 689 337 0 49 31 326 0 0 18 601 58 0 0 612 3000 369 16 842 0 25 39 440 219 0 101 148 215 137 74 0 1025 28 0 0 338 416 16 36 103 57 57 93 1152 230 55 1991 213 93 11 110 1308 176 149 59 21 156 
0 91 162 31 334 13 40 150 371 81 103 1079 16 72 48 0 509 86 1661 583 16 3000 0 10 26 378 787 47 191 379 38 428 10 1420 80 188 0 292 728 13 0 55 319 75 21 307 0 2237 0 87 345 37 90 144 2331 40 157 8 10 40 53 212 25 46 16 37 19 36 637 3000 8 17 544 3000 27 1598 15 0 46 65 
0 19 61 13 174 486 15 176 22 311 8 202 743 9 8 0 202 60 412 214 814 85 10 0 51 57 37 748 415 79 180 0 2470 571 827 1418 0 25 34 27 0 72 0 314 136 1820 0 80 0 0 216 36 368 11 30 343 55 36 3000 1929 3000 0 3000 207 41 60 139 16 1083 157 138 186 37 64 91 30 61 0 54 9 
0 0 302 174 39 347 9 348 46 49 0 221 12 12 325 0 102 482 13 0 57 689 26 51 0 117 0 2389 84 60 0 0 23 0 9 0 0 94 9 105 29 149 0 22 30 72 171 0 42 405 60 0 574 0 80 275 0 0 1804 16 0 19 107 460 389 32 575 143 315 0 55 12 70 198 8 70 490 139 59 207 
532 63 59 613 423 63 905 0 25 73 373 66 15 30 45 536 488 15 89 7 172 337 378 57 117 0 50 0 48 0 1180 70 18 429 17 187 28 9 52 120 3000 0 182 144 102 121 0 10 0 13 33 12 127 1337 20 14 33 8 135 35 22 212 104 114 293 314 1131 174 130 795 1638 9 16 12 153 40 57 0 0 8 
17 62 415 0 0 0 13 0 1170 499 100 3000 0 1442 122 14 18 1180 63 2542 0 0 787 37 0 50 0 0 0 0 89 160 45 740 113 188 523 47 1026 225 0 0 24 118 48 122 0 13 0 0 35 19 94 1174 183 10 479 1012 8 0 207 0 74 237 26 12 29 12 35 74 1357 442 21 0 0 64 356 0 0 0 
0 0 3000 121 34 302 80 46 17 1062 0 74 9 341 723 0 0 163 13 0 20 49 47 748 2389 0 0 0 113 21 0 0 23 0 2538 0 0 0 36 9 0 626 0 19 3000 0 48 0 195 348 619 0 32 333 709 41 0 0 493 118 0 0 2122 21 13 15 10 0 138 0 1063 0 357 68 832 154 1152 146 12 22 
0 135 16 218 17 187 21 759 290 226 0 310 18 323 1606 168 13 498 66 0 69 31 191 415 84 48 0 113 0 25 0 0 566 27 227 0 0 851 3000 85 73 3000 0 281 250 171 367 0 76 15 34 256 280 31 137 225 0 0 300 185 2186 21 822 2178 22 201 1322 8 1211 1503 61 173 62 346 35 530 3000 120 27 269 
0 0 159 391 376 26 13 557 990 8 0 338 519 232 543 0 0 62 10 0 27 326 379 79 60 0 0 21 25 0 0 0 100 0 71 0 0 130 95 735 0 12 0 889 63 0 95 0 0 0 92 0 0 110 21 48 0 0 32 135 30 0 244 7 36 0 29 0 56 0 51 0 707 16 313 62 9 714 379 9 
782 9 58 0 0 0 86 0 57 266 242 17 0 14 137 146 117 19 3000 555 0 0 38 180 0 1180 89 0 0 0 0 28 45 229 0 584 76 114 0 2004 55 0 1571 23 173 771 0 163 0 785 0 120 10 25 89 8 377 32 0 0 143 128 995 592 0 22 17 28 26 23 7 163 128 0 0 0 11 0 0 0 
526 10 259 0 0 359 640 0 99 239 0 1175 0 68 965 13 689 75 20 0 0 0 428 0 0 70 160 0 0 0 28 0 18 120 0 11 22 197 0 2118 289 0 31 216 87 121 0 432 313 99 0 36 13 0 0 197 112 2944 0 0 20 2426 233 11 0 1030 147 377 11 766 54 16 94 0 0 0 23 0 0 0 
1571 489 1151 13 192 174 769 0 719 354 0 70 14 220 164 353 37 354 61 0 0 18 10 2470 23 18 45 23 566 100 45 18 0 8 155 48 39 84 11 25 9 228 157 206 27 206 111 466 1881 24 694 26 25 0 14 11 74 0 1581 23 0 24 196 17 129 31 9 433 2595 69 597 333 260 18 0 23 2354 626 0 10 
10 332 874 0 476 0 517 0 83 3000 123 674 1748 117 3000 60 636 2433 14 31 34 601 1420 571 0 429 740 0 27 0 229 120 8 0 210 38 218 669 23 157 0 0 134 99 103 34 0 109 0 0 61 80 393 70 38 26 443 296 751 8 1313 0 301 833 9 20 45 32 180 1445 30 8 211 615 1874 71 1057 0 0 0 
0 354 226 201 242 92 8 40 3000 12 156 229 2321 9 538 0 1005 192 11 1346 243 58 80 827 9 17 113 2538 227 71 0 0 155 210 0 0 0 435 121 17 0 256 0 24 11 87 0 0 0 0 56 0 3000 475 22 24 0 8 84 33 28 0 51 33 7 41 56 0 16 0 156 11 324 20 901 82 1042 0 204 84 
38 50 13 0 0 0 204 0 0 49 99 10 0 160 84 425 179 2124 39 1609 0 0 188 1418 0 187 188 0 0 0 584 11 48 38 0 0 110 119 0 185 0 0 9 137 90 1006 0 155 0 0 0 295 364 203 331 238 160 687 0 0 57 36 85 72 0 36 46 487 558 48 25 12 243 0 0 0 73 0 0 0 
951 7 9 0 0 0 0 0 0 0 440 254 0 56 99 151 105 835 31 0 0 0 0 0 0 28 523 0 0 0 76 22 39 218 0 110 0 275 0 0 18 0 229 0 359 3000 0 151 0 1468 0 157 46 0 0 34 743 159 0 0 472 117 20 111 0 50 0 29 9 3000 33 10 55 0 0 0 329 0 0 0 
173 22 113 212 714 0 37 0 175 59 101 152 13 61 12 0 50 28 73 991 66 612 292 25 94 9 47 0 851 130 114 197 84 669 435 119 275 0 17 86 0 0 17 38 106 12 0 10 0 0 578 210 195 10 52 218 115 264 19 9 210 0 1002 457 35 3000 65 31 21 207 39 216 808 469 101 209 9 0 0 149 
0 35 137 262 191 77 1039 9 56 18 0 86 1351 248 23 0 494 1648 637 8 220 3000 728 34 9 52 1026 36 3000 95 0 0 11 23 121 0 0 17 0 152 139 2770 0 618 36 24 7 0 38 1533 110 0 49 187 103 400 0 0 57 1525 17 23 169 16 8 741 308 0 58 0 273 926 58 155 11 638 565 861 9 52 
0 7 488 39 1643 23 54 119 9 1066 107 591 37 29 123 11 34 68 151 111 52 369 13 27 105 120 225 9 85 735 2004 2118 25 157 17 185 0 86 152 0 2224 1146 55 16 844 204 930 120 10 14 2182 130 48 96 200 16 1352 185 99 261 32 44 254 124 37 24 523 154 17 37 11 562 10 61 1222 960 23 543 8 12 
1662 0 516 183 0 891 1380 0 8 7 0 13 261 48 0 188 0 26 115 0 0 16 0 0 29 3000 0 0 73 0 55 289 9 0 0 0 18 0 139 2224 0 0 1702 199 12 344 2032 334 2740 74 56 3000 89 0 0 442 0 0 0 0 0 133 85 475 0 76 19 72 203 822 13 55 16 513 0 3000 66 12 0 74 
0 0 153 1060 930 166 1055 115 1399 572 0 620 799 156 52 0 0 245 87 0 25 842 55 72 149 0 0 626 3000 12 0 0 228 0 256 0 0 0 2770 1146 0 0 0 463 59 0 1498 0 638 0 14 0 40 72 707 365 0 0 115 443 0 0 237 124 153 37 424 0 116 0 87 0 300 390 29 60 972 20 19 48 
1089 83 481 0 0 0 34 0 0 108 0 35 0 191 57 141 52 217 16 0 0 0 319 0 0 182 24 0 0 0 1571 31 157 134 0 9 229 17 0 55 1702 0 0 25 376 19 0 474 1005 12 0 492 99 0 0 155 28 362 0 0 369 15 359 174 0 20 1385 24 133 1505 359 1555 8 0 0 0 138 0 0 0 
0 52 506 10 1285 51 99 24 92 47 121 142 24 58 240 21 131 15 744 331 167 25 75 314 22 144 118 19 281 889 23 216 206 99 24 137 0 38 618 16 199 463 25 0 177 1459 32 153 46 216 445 18 85 146 295 20 363 285 354 585 23 220 147 105 54 13 1059 90 776 89 75 153 76 96 203 28 296 22 3000 96 
56 68 217 850 58 24 258 153 26 369 105 148 97 377 9 468 54 19 227 110 855 39 21 136 30 102 48 3000 250 63 173 87 27 103 11 90 359 106 36 844 12 59 376 177 0 694 2624 181 719 13 508 91 122 21 66 13 209 152 17 112 287 46 59 31 3000 23 37 32 188 8 156 694 1879 19 8 288 294 133 21 130 
640 13 37 35 254 1393 265 0 31 188 15 149 50 157 99 525 316 40 312 14 179 440 307 1820 72 121 122 0 171 0 771 121 206 34 87 1006 3000 12 24 204 344 0 19 1459 694 0 0 885 0 0 509 27 372 227 13 35 296 521 478 396 146 30 29 62 31 100 251 126 21 3000 1489 20 9 513 3000 68 634 0 0 91 
0 0 95 114 231 22 83 0 8 15 0 39 23 59 0 156 0 0 10 0 0 219 0 0 171 0 0 48 367 95 0 0 111 0 0 0 0 0 7 930 2032 1498 0 32 2624 0 0 0 46 18 3000 0 372 0 0 2389 0 0 264 38 0 199 553 188 0 384 348 70 128 0 33 61 232 204 0 2521 0 25 91 19 
100 924 352 0 0 0 29 0 0 9 61 18 0 160 155 2206 369 154 26 106 0 0 2237 80 0 10 13 0 0 0 163 432 466 109 0 155 151 10 0 120 334 0 474 153 181 885 0 0 0 0 0 15 28 227 110 81 47 26 0 0 341 11 252 1225 0 18 58 755 630 769 73 9 92 0 0 0 93 0 0 0 
0 0 65 137 0 39 150 0 1865 15 0 118 301 3000 0 115 0 13 35 0 0 101 0 0 42 0 0 195 76 0 0 313 1881 0 0 0 0 0 38 10 2740 638 1005 46 719 0 46 0 0 43 35 39 1533 0 0 509 0 0 26 0 0 10 9 113 0 31 1637 80 552 17 3000 524 31 14 0 88 0 108 0 12 
101 0 32 51 0 326 38 0 214 505 0 143 190 23 0 710 0 46 12 0 0 148 87 0 405 13 0 348 15 0 785 99 24 0 0 0 1468 0 1533 14 74 0 12 216 13 0 18 0 43 0 41 18 37 0 0 290 0 0 138 0 0 2007 257 73 0 3000 227 175 818 23 37 270 8 1007 0 49 38 1002 0 102 
0 945 15 127 538 26 140 11 559 11 15 30 30 25 291 0 66 19 66 24 651 215 345 216 60 33 35 619 34 92 0 0 694 61 56 0 0 578 110 2182 56 14 0 445 508 509 3000 0 35 41 0 0 79 66 19 57 0 0 96 372 176 287 159 273 69 469 380 11 45 0 15 171 139 40 156 128 48 202 601 2289 
174 14 164 0 0 72 191 0 135 1026 72 46 0 248 16 70 563 291 13 18 0 137 37 36 0 12 19 0 256 0 120 36 26 80 0 295 157 210 0 130 3000 0 492 18 91 27 0 15 39 18 0 0 73 0 2141 33 40 48 145 0 27 3000 34 948 0 82 157 475 59 315 295 2126 942 0 0 145 93 0 0 0 
310 264 174 113 13 154 103 0 10 22 0 86 19 8 1135 168 7 9 9 0 0 74 90 368 574 127 94 32 280 0 10 13 25 393 3000 364 46 195 49 48 89 40 99 85 122 372 372 28 1533 37 79 73 0 0 232 114 593 749 478 1180 218 115 467 80 185 1998 1338 130 40 61 78 17 52 24 0 167 69 53 0 19 
0 32 15 20 59 0 11 1532 31 9 528 190 238 211 86 0 69 237 0 78 67 0 144 11 0 1337 1174 333 31 110 25 0 0 70 475 203 0 10 187 96 0 72 0 146 21 227 0 227 0 0 66 0 0 0 161 92 148 115 8 322 80 0 903 1420 355 40 446 0 49 0 163 513 0 70 133 282 1590 0 43 688 
0 1033 190 67 127 309 100 575 112 447 21 3000 153 67 907 0 1351 8 8 82 188 1025 2331 30 80 20 183 709 137 21 89 0 14 38 22 331 0 52 103 200 0 707 0 295 66 13 0 110 0 0 19 2141 232 161 0 11 146 22 266 50 413 0 63 26 21 131 70 281 111 15 311 41 1613 33 345 135 12 0 193 188 
15 176 15 56 179 809 163 72 50 25 0 30 211 921 32 17 70 302 2471 0 728 28 40 343 275 14 10 41 225 48 8 197 11 26 24 238 34 218 400 16 442 365 155 20 13 35 2389 81 509 290 57 33 114 92 11 0 216 16 11 251 546 72 203 58 35 19 68 754 43 28 186 42 191 152 57 3000 188 2388 57 479 
12 734 48 0 0 0 47 0 23 28 13 105 0 63 589 23 7 2535 101 33 0 0 157 55 0 33 479 0 0 0 377 112 74 443 0 160 743 115 0 1352 0 0 28 363 209 296 0 47 0 0 0 40 593 148 146 216 0 182 82 0 24 0 26 389 185 168 432 842 1345 189 168 147 3000 0 0 0 914 0 0 0 
300 29 487 0 0 0 211 0 694 3000 26 747 0 51 19 14 46 38 268 101 0 0 8 36 0 8 1012 0 0 0 32 2944 0 296 8 687 159 264 0 185 0 0 362 285 152 521 0 26 0 0 0 48 749 115 22 16 182 0 178 0 3000 0 204 3000 7 13 1374 1603 89 22 3000 1394 13 0 0 0 16 0 0 0 
0 24 135 1061 76 30 66 69 103 34 531 206 76 9 303 0 303 49 229 10 107 338 10 3000 1804 135 8 493 300 32 0 0 1581 751 84 0 0 19 57 99 0 115 0 354 17 478 264 0 26 138 96 145 478 8 266 11 82 178 0 10 3000 39 48 37 3000 52 304 81 161 0 91 15 844 20 2348 128 13 11 3000 30 
0 0 68 8 86 21 116 48 16 43 0 36 96 861 1557 0 251 54 227 3000 2392 416 40 1929 16 35 0 118 185 135 0 0 23 8 33 0 0 9 1525 261 0 443 0 585 112 396 38 0 0 0 372 0 1180 322 50 251 0 0 10 0 1062 0 465 1121 36 562 33 0 88 0 31 95 62 695 109 8 28 831 1919 11 
47 15 2752 0 29 0 22 0 162 490 1546 16 239 126 12 0 1232 28 63 174 47 16 53 3000 0 22 207 0 2186 30 143 20 0 1313 28 57 472 210 17 32 0 0 369 23 287 146 0 341 0 0 176 27 218 80 413 546 24 3000 3000 1062 0 0 30 138 1625 437 190 100 7 517 755 383 732 299 16 10 257 0 0 49 
9 69 280 19 0 8 1842 0 36 52 0 8 325 8 0 9 131 120 52 0 0 36 212 0 19 212 0 0 21 0 128 2426 24 0 0 36 117 0 23 44 133 0 15 220 46 30 199 11 10 2007 287 3000 115 0 0 72 0 0 39 0 0 0 191 84 0 29 3000 43 70 1549 288 18 137 78 0 70 1418 15 0 513 
45 160 435 184 44 1274 205 14 649 28 725 63 137 126 12 17 93 17 289 118 8 103 25 3000 107 104 74 2122 822 244 995 233 196 301 51 85 20 1002 169 254 85 237 359 147 59 29 553 252 9 257 159 34 467 903 63 203 26 204 48 465 30 191 0 666 2186 543 71 37 106 207 33 11 101 845 19 3000 31 213 718 14 
2284 145 817 3000 8 61 21 0 570 215 353 102 45 29 71 72 8 360 56 27 157 57 46 207 460 114 237 21 2178 7 592 11 17 833 33 72 111 457 16 124 475 124 174 105 31 62 188 1225 113 73 273 948 80 1420 26 58 389 3000 37 1121 138 84 666 0 33 45 69 297 54 571 241 36 149 61 64 161 67 2723 139 24 
0 101 22 494 13 242 3000 1133 1986 98 13 65 104 141 17 0 8 21 283 845 99 57 16 41 389 293 26 13 22 36 0 0 129 9 7 0 0 35 8 37 0 153 0 54 3000 31 0 0 0 0 69 0 185 355 21 35 185 7 3000 36 1625 0 2186 33 0 8 751 0 8 0 14 259 85 1517 29 1956 272 0 34 2382 
14 372 81 128 54 258 150 0 83 91 28 1346 1427 379 8 48 81 228 65 31 0 93 37 60 32 314 12 15 201 0 22 1030 31 20 41 36 50 3000 741 24 76 37 20 13 23 100 384 18 31 3000 469 82 1998 40 131 19 168 13 52 562 437 29 543 45 8 0 188 98 23 3000 603 160 234 155 0 312 123 129 0 541 
0 29 35 16 72 404 528 73 457 80 216 209 37 171 1760 3000 496 2234 555 26 145 1152 19 139 575 1131 29 10 1322 29 17 147 9 45 56 46 0 65 308 523 19 424 1385 1059 37 251 348 58 1637 227 380 157 1338 446 70 68 432 1374 304 33 190 3000 71 69 751 188 0 3000 223 28 28 8 1264 8 7 64 32 87 3000 96 
86 57 61 147 0 17 9 0 18 2122 0 28 0 496 17 28 31 84 1098 0 0 230 36 16 143 174 12 0 8 0 28 377 433 32 0 487 29 31 0 154 72 0 24 90 32 126 70 755 80 175 11 475 130 0 281 754 842 1603 81 0 100 43 37 297 0 98 3000 0 54 27 38 67 84 23 0 85 1715 3000 0 0 
26 639 14 64 419 270 196 151 19 11 63 17 575 11 70 42 271 716 110 18 17 55 637 1083 315 130 35 138 1211 56 26 11 2595 180 16 558 9 21 58 17 203 116 133 776 188 21 128 630 552 818 45 59 40 49 111 43 1345 89 161 88 7 70 106 54 8 23 223 54 0 3000 1478 32 384 185 911 50 96 79 208 10 
42 193 209 0 0 115 33 0 61 536 125 17 0 1526 47 33 479 21 1228 264 0 1991 3000 157 0 795 74 0 1503 0 23 766 69 1445 0 48 3000 207 0 37 822 0 1505 89 8 3000 0 769 17 23 0 315 61 0 15 28 189 22 0 0 517 1549 207 571 0 3000 28 27 3000 0 126 64 315 0 0 273 79 124 0 0 
37 14 1346 433 305 976 158 9 9 2255 165 15 108 8 339 1103 652 88 3000 1171 784 213 8 138 55 1638 1357 1063 61 51 7 54 597 30 156 25 33 39 273 11 13 87 359 75 156 1489 33 73 3000 37 15 295 78 163 311 186 168 3000 91 31 755 288 33 241 14 603 28 38 1478 126 0 19 376 84 934 1060 43 23 35 91 
139 53 234 563 67 98 3000 0 14 123 21 3000 642 18 13 184 26 9 372 176 13 93 17 186 12 9 442 0 173 0 163 16 333 8 11 12 10 216 926 562 55 0 1555 153 694 20 61 9 524 270 171 2126 17 513 41 42 147 1394 15 95 383 18 11 36 259 160 8 67 32 64 19 0 294 473 24 3000 26 136 0 11 
8 343 15 129 127 524 74 0 122 94 0 114 494 19 628 103 46 84 144 0 0 11 544 37 70 16 21 357 62 707 128 94 260 211 324 243 55 808 58 10 16 300 8 76 1879 9 232 92 31 8 139 942 52 0 1613 191 3000 13 844 62 732 137 101 149 85 234 1264 84 384 315 376 294 0 70 132 14 12 1194 234 936 
0 27 11 47 385 81 90 1091 36 211 0 586 76 643 127 0 52 108 83 0 400 110 3000 64 198 12 0 68 346 16 0 0 18 615 20 0 0 469 155 61 513 390 0 96 19 513 204 0 14 1007 40 0 24 70 33 152 0 0 20 695 299 78 845 61 1517 155 8 23 185 0 84 473 70 0 110 333 21 238 318 20 
0 0 478 1856 290 453 24 247 324 9 0 2527 61 14 304 0 28 1933 88 135 24 1308 27 91 8 153 0 832 35 313 0 0 0 1874 901 0 0 101 11 1222 0 29 0 203 8 3000 0 0 0 0 156 0 0 133 345 57 0 0 2348 109 16 0 19 64 29 0 7 0 911 0 934 24 132 110 0 104 77 0 28 140 
0 181 34 51 24 10 12 11 1109 47 0 90 116 384 335 10 51 740 70 0 9 176 1598 30 70 40 64 154 530 62 0 0 23 71 82 0 0 209 638 960 3000 60 0 28 288 68 2521 0 88 49 128 145 167 282 135 3000 0 0 128 8 10 70 3000 161 1956 312 64 85 50 273 1060 3000 14 333 104 0 19 8 59 1761 
125 553 76 372 15 3000 22 56 254 198 153 44 190 78 18 3000 1482 228 138 3000 22 149 15 61 490 57 356 1152 3000 9 11 23 2354 1057 1042 73 329 9 565 23 66 972 138 296 294 634 0 93 0 38 48 93 69 1590 12 188 914 16 13 28 257 1418 31 67 272 123 32 1715 96 79 43 26 12 21 77 19 0 0 46 94 
0 0 1234 3000 977 36 10 0 74 150 0 240 119 16 0 9 0 219 21 0 0 59 0 0 139 0 0 146 120 714 0 0 626 0 0 0 0 0 861 543 12 20 0 22 133 0 25 0 108 1002 202 0 53 0 0 2388 0 0 11 831 0 15 213 2723 0 129 87 3000 79 124 23 136 1194 238 0 8 0 0 16 52 
0 0 118 886 424 642 207 2518 30 196 0 15 127 56 650 0 0 35 20 0 252 21 46 54 59 0 0 12 27 379 0 0 0 0 204 0 0 0 9 8 0 19 0 3000 21 0 91 0 0 0 601 0 0 43 193 57 0 0 3000 1919 0 0 718 139 34 0 3000 0 208 0 35 0 234 318 28 59 46 16 0 252 
