80
0 16 27 66 51 54 60 67 18 38 41 44 24 29 62 45 55 49 24 48 62 25 37 78 72 73 36 29 17 64 36 17 58 35 61 44 33 59 58 8 48 20 19 24 18 76 14 55 58 50 24 64 53 50 32 43 64 27 48 73 16 55 33 64 49 11 33 17 34 26 40 67 37 34 20 36 9 43 19 11 
16 0 27 52 37 45 50 52 30 46 30 33 20 35 46 34 57 34 8 45 50 18 25 62 65 58 22 15 27 54 20 33 58 49 45 47 21 62 51 23 35 17 23 10 18 67 16 39 59 39 26 54 52 43 31 55 48 11 48 66 19 39 49 49 52 13 48 15 18 42 32 55 23 46 12 51 24 46 30 12 
27 27 0 52 61 30 38 53 21 65 24 25 8 13 65 60 30 40 30 21 45 13 51 70 92 63 28 24 17 80 36 38 31 58 61 71 23 35 78 31 60 42 45 23 42 94 13 50 32 30 5 81 26 70 4 69 65 30 21 93 41 49 50 54 25 17 54 12 38 42 59 80 48 60 16 58 35 70 21 34 
66 52 52 0 51 30 23 2 71 97 28 26 47 64 40 58 66 19 45 45 10 43 55 22 92 14 30 38 67 72 35 83 60 101 33 94 33 71 81 73 53 66 74 42 68 90 55 21 63 23 55 76 54 75 51 107 36 41 55 92 70 20 98 11 65 57 99 53 40 90 66 68 49 98 46 102 75 94 71 64 
51 37 61 51 0 65 65 51 68 61 49 51 53 71 17 10 89 37 31 72 57 49 14 47 41 48 38 38 64 22 26 66 88 77 23 51 42 95 30 57 3 36 44 38 38 39 52 31 90 55 61 25 81 25 64 75 22 31 79 41 42 32 81 42 85 51 78 51 23 76 20 20 14 68 45 80 57 52 68 41 
54 45 30 30 65 0 9 31 51 90 17 14 30 40 60 68 36 30 42 16 20 29 61 51 103 44 28 31 47 86 39 67 30 87 54 92 26 41 90 59 65 62 68 35 63 103 39 40 33 10 34 89 24 83 27 97 58 39 26 104 64 38 80 38 36 43 84 37 44 72 71 84 56 87 34 87 62 92 51 56 
60 50 38 23 65 9 0 25 59 96 21 17 37 48 58 69 44 28 46 24 13 35 63 45 105 37 30 35 55 87 41 74 37 94 51 97 30 49 92 66 65 67 73 40 68 103 46 37 40 12 42 89 31 85 35 103 55 43 34 105 69 36 88 32 44 50 91 44 46 80 73 84 57 94 40 95 69 96 59 62 
67 52 53 2 51 31 25 0 72 97 29 28 48 65 39 58 67 19 45 46 12 44 55 20 92 13 31 38 68 72 35 83 61 102 31 94 34 72 81 74 52 66 74 43 68 89 56 20 64 24 56 75 55 74 52 107 35 42 57 92 70 19 98 10 67 58 100 53 40 91 65 67 49 98 47 103 76 94 72 64 
18 30 21 71 68 51 59 72 0 51 44 46 24 15 76 63 41 57 38 41 65 28 55 87 90 81 43 37 4 82 48 19 46 38 74 61 39 44 76 17 65 38 36 33 37 94 17 65 45 51 17 82 43 69 25 52 77 39 37 91 34 64 29 72 35 17 34 20 47 21 59 85 53 43 27 38 20 59 0 29 
38 46 65 97 61 90 96 97 51 0 76 79 61 65 78 52 91 78 52 86 96 62 48 103 57 100 68 61 52 62 63 33 95 25 81 16 67 94 47 35 58 31 23 56 29 64 52 80 95 85 61 59 91 44 70 14 82 56 86 58 27 81 38 92 85 48 30 54 57 39 42 68 52 13 56 28 31 15 51 34 
41 30 24 28 49 17 21 29 44 76 0 3 20 37 47 51 44 17 25 25 22 16 44 46 86 39 11 15 39 70 22 56 41 76 41 76 9 49 73 47 48 46 53 19 47 86 28 28 43 9 28 72 34 66 24 84 45 22 33 87 49 26 71 31 42 31 73 25 27 63 54 68 39 74 20 77 50 76 44 41 
44 33 25 26 51 14 17 28 46 79 3 0 22 38 48 54 43 18 29 23 20 19 47 45 89 38 14 18 41 73 25 59 39 78 43 80 13 48 76 50 51 50 56 23 51 89 31 29 41 6 29 75 32 69 24 87 46 26 32 90 52 27 73 30 41 34 76 28 30 65 57 71 42 77 23 79 53 79 45 44 
24 20 8 47 53 30 37 48 24 61 20 22 0 20 57 51 38 34 22 26 42 5 43 64 84 58 20 15 20 72 28 37 38 57 53 65 16 43 70 29 51 36 40 14 36 86 9 43 39 28 9 73 32 62 12 67 57 21 29 85 36 42 51 49 33 13 54 7 30 44 51 72 39 57 8 58 32 64 24 28 
29 35 13 64 71 40 48 65 15 65 37 38 20 0 77 69 26 53 40 28 57 25 60 82 99 76 40 35 13 89 48 34 31 53 73 73 35 30 85 30 69 47 48 34 47 102 19 62 31 42 11 89 28 77 14 66 77 40 23 100 45 61 42 67 20 22 48 20 49 35 66 90 57 57 27 52 34 72 14 39 
62 46 65 40 17 60 58 39 76 78 47 48 57 77 0 27 91 30 39 71 48 52 30 31 55 33 38 42 72 34 29 78 87 91 8 69 43 96 46 69 21 50 58 43 52 51 59 21 90 50 66 38 80 42 67 91 5 37 79 55 56 23 94 29 87 59 92 58 29 88 37 28 27 84 50 94 69 69 76 53 
45 34 60 58 10 68 69 58 63 52 51 54 51 69 27 0 89 42 30 73 62 48 8 56 36 56 40 39 60 20 29 59 88 68 32 42 43 94 23 51 6 28 35 37 30 36 49 38 90 58 59 22 82 17 63 65 32 31 79 36 35 39 74 50 84 47 70 49 24 69 10 22 12 59 43 71 50 42 63 35 
55 57 30 66 89 36 44 67 41 91 44 43 38 26 91 89 0 62 59 21 56 41 81 87 122 80 53 51 39 109 64 60 9 78 85 99 48 5 108 56 88 72 74 52 71 124 43 72 6 44 32 110 13 100 26 92 89 58 11 123 70 71 66 73 6 46 73 42 66 60 88 109 77 83 46 77 60 98 40 63 
49 34 40 19 37 30 28 19 57 78 17 18 34 53 30 42 62 0 26 41 20 29 37 30 77 25 14 21 53 58 16 66 58 83 24 75 18 67 65 56 37 48 55 25 49 75 40 10 60 19 43 61 51 58 40 89 28 23 50 77 52 9 81 15 59 41 82 37 22 74 48 55 31 80 30 85 58 75 57 45 
24 8 30 45 31 42 46 45 38 52 25 29 22 40 39 30 59 26 0 45 44 18 22 54 63 50 16 11 34 50 12 41 59 58 37 51 16 64 50 32 30 22 29 8 23 65 21 31 60 34 30 51 52 42 33 62 40 3 49 64 25 31 57 41 55 20 57 20 10 51 30 50 18 53 14 60 33 51 38 19 
48 45 21 45 72 16 24 46 41 86 25 23 26 28 71 73 21 41 45 0 35 27 66 66 108 59 34 35 38 93 46 59 16 79 65 91 31 26 94 53 72 62 66 37 62 109 34 52 19 23 26 95 9 86 17 91 69 43 10 109 62 50 70 52 20 38 75 32 50 62 75 92 61 81 33 79 56 90 41 54 
62 50 45 10 57 20 13 12 65 96 22 20 42 57 48 62 56 20 44 35 0 38 58 32 97 24 28 35 61 78 36 78 50 97 40 94 29 61 85 69 58 65 73 40 67 95 50 27 53 14 49 81 44 78 43 105 44 40 45 97 69 25 93 20 56 53 95 47 41 85 68 74 52 95 42 98 72 94 65 62 
25 18 13 43 49 29 35 44 28 62 16 19 5 25 52 48 41 29 18 27 38 0 40 59 81 53 16 11 24 68 24 40 41 60 49 65 11 46 68 32 47 35 40 10 35 83 12 38 42 25 14 69 34 60 15 69 52 17 31 82 35 37 55 44 37 15 57 9 25 47 48 68 36 59 6 61 34 64 28 28 
37 25 51 55 14 61 63 55 55 48 44 47 43 60 30 8 81 37 22 66 58 40 0 56 42 55 33 31 52 29 23 51 81 62 33 40 36 86 29 43 11 21 29 29 24 43 41 35 82 52 51 30 74 21 55 61 34 23 71 43 28 36 67 47 76 39 63 41 17 62 11 30 6 54 35 65 42 41 55 27 
78 62 70 22 47 51 45 20 87 103 46 45 64 82 31 56 87 30 54 66 32 59 56 0 86 8 44 50 83 65 42 95 81 112 24 96 48 92 77 86 50 73 81 55 75 81 70 23 84 43 73 69 75 72 69 115 26 51 76 85 78 23 111 15 86 71 111 67 46 104 65 59 51 106 60 114 87 97 87 73 
72 65 92 92 41 103 105 92 90 57 86 89 84 99 55 36 122 77 63 108 97 81 42 86 0 87 75 73 89 21 64 79 122 80 62 40 78 127 14 75 40 52 55 71 53 9 80 72 124 94 91 17 116 22 96 70 60 65 113 1 57 73 91 83 117 77 84 80 59 89 34 28 48 69 76 84 72 42 90 61 
73 58 63 14 48 44 37 13 81 100 39 38 58 76 33 56 80 25 50 59 24 53 55 8 87 0 38 45 77 67 38 90 74 108 26 95 42 85 78 81 50 70 78 50 72 83 64 20 77 36 66 71 67 73 63 112 28 47 69 87 75 20 106 9 79 66 106 62 43 99 65 61 49 103 55 109 82 95 81 69 
36 22 28 30 38 28 30 31 43 68 11 14 20 40 38 40 53 14 16 34 28 16 33 44 75 38 0 7 39 59 12 52 50 71 34 67 5 58 62 43 38 37 45 12 39 75 26 22 52 19 30 61 43 55 29 77 37 12 42 76 41 21 68 29 49 28 69 24 16 61 43 58 28 68 16 72 45 66 43 34 
29 15 24 38 38 31 35 38 37 61 15 18 15 35 42 39 51 21 11 35 35 11 31 50 73 45 7 0 33 58 13 45 50 63 38 61 6 56 60 36 37 32 38 5 33 74 20 28 51 24 25 60 43 52 26 70 42 8 41 74 34 27 61 36 47 21 62 17 15 53 40 58 26 61 10 65 38 61 37 27 
17 27 17 67 64 47 55 68 4 52 39 41 20 13 72 60 39 53 34 38 61 24 52 83 89 77 39 33 0 80 44 22 44 41 70 61 35 42 75 17 62 36 36 29 35 92 13 61 43 47 13 80 40 67 21 54 73 36 35 89 33 60 33 68 33 14 37 15 44 25 56 82 50 45 23 41 21 59 4 28 
64 54 80 72 22 86 87 72 82 62 70 73 72 89 34 20 109 58 50 93 78 68 29 65 21 67 59 58 80 0 48 76 108 82 41 47 62 114 16 69 22 46 51 57 47 17 69 52 110 76 79 5 101 18 83 76 39 51 99 21 52 53 90 62 105 67 85 69 43 86 24 8 32 72 63 86 67 49 83 53 
36 20 36 35 26 39 41 35 48 63 22 25 28 48 29 29 64 16 12 46 36 24 23 42 64 38 12 13 44 48 0 53 62 70 26 59 15 69 51 44 26 32 40 15 33 64 31 19 63 30 38 50 55 44 39 73 29 9 53 65 36 19 69 30 60 31 69 29 6 62 33 46 17 65 22 72 45 59 48 31 
17 33 38 83 66 67 74 83 19 33 56 59 37 34 78 59 60 66 41 59 78 40 51 95 79 90 52 45 22 76 53 0 65 20 78 45 49 63 67 9 63 30 25 41 28 85 28 72 64 65 34 75 61 60 42 32 80 44 56 80 24 71 16 81 54 25 17 31 50 10 52 80 52 23 36 20 9 43 20 25 
58 58 31 60 88 30 37 61 46 95 41 39 38 31 87 88 9 58 59 16 50 41 81 81 122 74 50 50 44 108 62 65 0 84 82 102 46 12 109 61 87 74 76 51 74 124 45 68 3 39 35 110 7 101 27 98 86 58 10 123 73 66 73 67 13 49 79 43 65 66 89 108 76 88 46 83 64 101 46 66 
35 49 58 101 77 87 94 102 38 25 76 78 57 53 91 68 78 83 58 79 97 60 62 112 80 108 71 63 41 82 70 20 84 0 92 41 68 80 70 28 73 41 33 59 39 87 48 88 83 84 54 80 81 64 62 16 94 61 76 82 35 88 15 99 72 45 6 51 66 19 59 87 65 12 55 4 26 39 39 39 
61 45 61 33 23 54 51 31 74 81 41 43 53 73 8 32 85 24 37 65 40 49 33 24 62 26 34 38 70 41 26 78 82 92 0 73 38 91 53 69 25 52 60 41 54 58 57 14 84 43 63 45 75 48 62 93 4 35 74 62 58 16 94 22 83 57 92 55 28 87 41 36 28 86 47 95 69 73 74 54 
44 47 71 94 51 92 97 94 61 16 76 80 65 73 69 42 99 75 51 91 94 65 40 96 40 95 67 61 61 47 59 45 102 41 73 0 67 103 32 44 48 30 26 57 30 48 58 75 102 85 68 44 97 30 75 30 73 55 92 42 30 76 53 87 93 54 45 59 54 53 32 54 46 29 59 45 40 2 61 37 
33 21 23 33 42 26 30 34 39 67 9 13 16 35 43 43 48 18 16 31 29 11 36 48 78 42 5 6 35 62 15 49 46 68 38 67 0 53 65 40 41 37 44 10 38 78 22 27 48 18 25 64 39 57 24 75 42 13 37 79 40 26 64 33 45 24 66 20 19 57 45 61 31 66 13 69 42 66 39 32 
59 62 35 71 95 41 49 72 44 94 49 48 43 30 96 94 5 67 64 26 61 46 86 92 127 85 58 56 42 114 69 63 12 80 91 103 53 0 113 60 93 76 77 57 76 129 47 77 9 49 36 115 17 105 31 95 94 64 16 127 74 76 67 78 10 50 75 46 71 61 93 114 82 86 51 79 63 102 43 67 
58 51 78 81 30 90 92 81 76 47 73 76 70 85 46 23 108 65 50 94 85 68 29 77 14 78 62 60 75 16 51 67 109 70 53 32 65 113 0 62 28 38 42 57 40 18 66 61 110 81 77 12 102 8 82 61 51 52 99 15 43 62 79 72 103 63 73 66 46 76 20 24 35 59 62 73 59 34 77 47 
8 23 31 73 57 59 66 74 17 35 47 50 29 30 69 51 56 56 32 53 69 32 43 86 75 81 43 36 17 69 44 9 61 28 69 44 40 60 62 0 55 24 20 31 22 80 20 62 60 56 27 69 56 54 36 38 71 35 51 76 18 62 25 72 50 17 26 23 41 19 45 73 43 28 27 29 4 42 17 16 
48 35 60 53 3 65 65 52 65 58 48 51 51 69 21 6 88 37 30 72 58 47 11 50 40 50 38 37 62 22 26 63 87 73 25 48 41 93 28 55 0 33 40 37 35 38 50 32 89 55 59 24 80 23 62 71 25 30 78 40 39 34 78 44 84 48 75 50 22 73 17 21 12 65 43 76 54 49 65 38 
20 17 42 66 36 62 67 66 38 31 46 50 36 47 50 28 72 48 22 62 65 35 21 73 52 70 37 32 36 46 32 30 74 41 52 30 37 76 38 24 33 0 8 27 2 56 29 50 74 56 40 45 68 31 47 42 53 25 64 53 6 50 46 61 66 26 42 30 27 41 21 49 24 34 29 44 22 29 38 9 
19 23 45 74 44 68 73 74 36 23 53 56 40 48 58 35 74 55 29 66 73 40 29 81 55 78 45 38 36 51 40 25 76 33 60 26 44 77 42 20 40 8 0 33 7 60 32 58 77 62 42 50 71 35 50 34 62 33 67 56 4 58 39 69 68 28 34 33 35 35 27 56 32 25 34 36 17 25 37 12 
24 10 23 42 38 35 40 43 33 56 19 23 14 34 43 37 52 25 8 37 40 10 29 55 71 50 12 5 29 57 15 41 51 59 41 57 10 57 57 31 37 27 33 0 28 72 16 32 53 29 23 59 45 50 26 65 44 7 42 72 29 31 56 41 47 17 57 14 15 49 38 58 25 56 7 60 33 56 33 22 
18 18 42 68 38 63 68 68 37 29 47 51 36 47 52 30 71 49 23 62 67 35 24 75 53 72 39 33 35 47 33 28 74 39 54 30 38 76 40 22 35 2 7 28 0 58 29 52 74 56 39 47 68 32 47 40 56 27 64 54 4 52 44 63 66 25 40 30 28 39 23 51 26 32 29 42 20 29 37 8 
76 67 94 90 39 103 103 89 94 64 86 89 86 102 51 36 124 75 65 109 95 83 43 81 9 83 75 74 92 17 64 85 124 87 58 48 78 129 18 80 38 56 60 72 58 0 83 69 125 93 93 14 117 25 98 78 56 66 114 8 61 70 97 79 119 80 91 83 59 95 36 22 48 76 78 91 77 50 94 65 
14 16 13 55 52 39 46 56 17 52 28 31 9 19 59 49 43 40 21 34 50 12 41 70 80 64 26 20 13 69 31 28 45 48 57 58 22 47 66 20 50 29 32 16 29 83 0 48 45 37 11 70 39 58 18 58 60 22 35 81 28 47 42 55 37 4 45 3 31 35 47 71 38 48 10 48 23 56 17 21 
55 39 50 21 31 40 37 20 65 80 28 29 43 62 21 38 72 10 31 52 27 38 35 23 72 20 22 28 61 52 19 72 68 88 14 75 27 77 61 62 32 50 58 32 52 69 48 0 70 29 52 55 61 54 50 92 18 28 61 72 55 1 88 12 69 48 87 45 23 81 46 48 30 83 38 90 63 75 65 49 
58 59 32 63 90 33 40 64 45 95 43 41 39 31 90 90 6 60 60 19 53 42 82 84 124 77 52 51 43 110 63 64 3 83 84 102 48 9 110 60 89 74 77 53 74 125 45 70 0 42 35 111 9 102 28 97 88 59 11 124 73 69 71 70 11 49 78 44 67 65 90 109 78 88 47 82 64 101 45 66 
50 39 30 23 55 10 12 24 51 85 9 6 28 42 50 58 44 19 34 23 14 25 52 43 94 36 19 24 47 76 30 65 39 84 43 85 18 49 81 56 55 56 62 29 56 93 37 29 42 0 34 79 32 73 29 93 47 31 33 94 58 28 79 28 43 40 81 34 35 71 62 74 46 83 29 85 59 85 51 50 
24 26 5 55 61 34 42 56 17 61 28 29 9 11 66 59 32 43 30 26 49 14 51 73 91 66 30 25 13 79 38 34 35 54 63 68 25 36 77 27 59 40 42 23 39 93 11 52 35 34 0 80 29 69 9 65 66 30 25 91 38 51 45 58 27 14 50 10 38 38 57 80 47 56 16 54 31 67 17 31 
64 54 81 76 25 89 89 75 82 59 72 75 73 89 38 22 110 61 51 95 81 69 30 69 17 71 61 60 80 5 50 75 110 80 45 44 64 115 12 69 24 45 50 59 47 14 70 55 111 79 80 0 103 15 84 73 43 52 100 17 50 57 88 66 106 67 83 70 45 85 24 12 34 69 64 83 66 45 82 53 
53 52 26 54 81 24 31 55 43 91 34 32 32 28 80 82 13 51 52 9 44 34 74 75 116 67 43 43 40 101 55 61 7 81 75 97 39 17 102 56 80 68 71 45 68 117 39 61 9 32 29 103 0 94 21 94 79 51 5 116 67 59 70 61 14 43 76 38 58 63 82 101 69 84 40 80 60 96 42 60 
50 43 70 75 25 83 85 74 69 44 66 69 62 77 42 17 100 58 42 86 78 60 21 72 22 73 55 52 67 18 44 60 101 64 48 30 57 105 8 54 23 31 35 50 32 25 58 54 102 73 69 15 94 0 74 58 47 44 91 23 36 56 73 66 95 55 67 59 39 70 12 24 27 54 54 68 52 31 69 40 
32 31 4 51 64 27 35 52 25 70 24 24 12 14 67 63 26 40 33 17 43 15 55 69 96 63 29 26 21 83 39 42 27 62 62 75 24 31 82 36 62 47 50 26 47 98 18 50 28 29 9 84 21 74 0 74 66 33 17 97 46 49 54 54 22 22 58 16 41 46 62 83 51 64 20 62 39 74 25 38 
43 55 69 107 75 97 103 107 52 14 84 87 67 66 91 65 92 89 62 91 105 69 61 115 70 112 77 70 54 76 73 32 98 16 93 30 75 95 61 38 71 42 34 65 40 78 58 92 97 93 65 73 94 58 74 0 95 66 89 71 37 92 31 103 86 54 22 60 69 35 56 82 65 10 63 20 35 28 52 43 
64 48 65 36 22 58 55 35 77 82 45 46 57 77 5 32 89 28 40 69 44 52 34 26 60 28 37 42 73 39 29 80 86 94 4 73 42 94 51 71 25 53 62 44 56 56 60 18 88 47 66 43 79 47 66 95 0 38 78 60 60 20 96 25 86 60 95 58 31 90 42 34 30 87 51 97 71 74 77 56 
27 11 30 41 31 39 43 42 39 56 22 26 21 40 37 31 58 23 3 43 40 17 23 51 65 47 12 8 36 51 9 44 58 61 35 55 13 64 52 35 30 25 33 7 27 66 22 28 59 31 30 52 51 44 33 66 38 0 48 66 29 27 60 38 54 22 60 21 8 53 32 51 18 57 14 63 36 54 39 22 
48 48 21 55 79 26 34 57 37 86 33 32 29 23 79 79 11 50 49 10 45 31 71 76 113 69 42 41 35 99 53 56 10 76 74 92 37 16 99 51 78 64 67 42 64 114 35 61 11 33 25 100 5 91 17 89 78 48 0 113 63 59 65 62 10 39 71 33 56 58 79 99 67 79 36 75 55 91 37 56 
73 66 93 92 41 104 105 92 91 58 87 90 85 100 55 36 123 77 64 109 97 82 43 85 1 87 76 74 89 21 65 80 123 82 62 42 79 127 15 76 40 53 56 72 54 8 81 72 124 94 91 17 116 23 97 71 60 66 113 0 58 73 92 83 118 78 85 81 60 90 34 27 48 70 77 85 73 43 91 62 
16 19 41 70 42 64 69 70 34 27 49 52 36 45 56 35 70 52 25 62 69 35 28 78 57 75 41 34 33 52 36 24 73 35 58 30 40 74 43 18 39 6 4 29 4 61 28 55 73 58 38 50 67 36 46 37 60 29 63 58 0 55 39 66 64 24 36 30 32 35 27 55 30 28 30 38 16 29 34 8 
55 39 49 20 32 38 36 19 64 81 26 27 42 61 23 39 71 9 31 50 25 37 36 23 73 20 21 27 60 53 19 71 66 88 16 76 26 76 62 62 34 50 58 31 52 70 47 1 69 28 51 57 59 56 49 92 20 27 59 73 55 0 87 11 68 48 87 45 23 80 46 49 30 83 37 90 63 76 64 49 
33 49 50 98 81 80 88 98 29 38 71 73 51 42 94 74 66 81 57 70 93 55 67 111 91 106 68 61 33 90 69 16 73 15 94 53 64 67 79 25 78 46 39 56 44 97 42 88 71 79 45 88 70 73 54 31 96 60 65 92 39 87 0 97 60 40 9 45 66 8 66 95 68 26 51 12 25 51 29 41 
64 49 54 11 42 38 32 10 72 92 31 30 49 67 29 50 73 15 41 52 20 44 47 15 83 9 29 36 68 62 30 81 67 99 22 87 33 78 72 72 44 61 69 41 63 79 55 12 70 28 58 66 61 66 54 103 25 38 62 83 66 11 97 0 71 57 97 53 35 90 58 58 42 94 46 100 73 87 72 60 
49 52 25 65 85 36 44 67 35 85 42 41 33 20 87 84 6 59 55 20 56 37 76 86 117 79 49 47 33 105 60 54 13 72 83 93 45 10 103 50 84 66 68 47 66 119 37 69 11 43 27 106 14 95 22 86 86 54 10 118 64 68 60 71 0 41 67 37 62 54 83 105 72 77 41 71 54 92 34 58 
11 13 17 57 51 43 50 58 17 48 31 34 13 22 59 47 46 41 20 38 53 15 39 71 77 66 28 21 14 67 31 25 49 45 57 54 24 50 63 17 48 26 28 17 25 80 4 48 49 40 14 67 43 55 22 54 60 22 39 78 24 48 40 57 41 0 42 6 30 33 44 69 36 44 11 46 19 52 17 17 
33 48 54 99 78 84 91 100 34 30 73 76 54 48 92 70 73 82 57 75 95 57 63 111 84 106 69 62 37 85 69 17 79 6 92 45 66 75 73 26 75 42 34 57 40 91 45 87 78 81 50 83 76 67 58 22 95 60 71 85 36 87 9 97 67 42 0 48 65 13 61 90 65 17 53 4 24 44 34 39 
17 15 12 53 51 37 44 53 20 54 25 28 7 20 58 49 42 37 20 32 47 9 41 67 80 62 24 17 15 69 29 31 43 51 55 59 20 46 66 23 50 30 33 14 30 83 3 45 44 34 10 70 38 59 16 60 58 21 33 81 30 45 45 53 37 6 48 0 29 38 47 70 37 50 8 51 25 58 19 22 
34 18 38 40 23 44 46 40 47 57 27 30 30 49 29 24 66 22 10 50 41 25 17 46 59 43 16 15 44 43 6 50 65 66 28 54 19 71 46 41 22 27 35 15 28 59 31 23 67 35 38 45 58 39 41 69 31 8 56 60 32 23 66 35 62 30 65 29 0 60 27 43 12 60 22 68 41 53 47 27 
26 42 42 90 76 72 80 91 21 39 63 65 44 35 88 69 60 74 51 62 85 47 62 104 89 99 61 53 25 86 62 10 66 19 87 53 57 61 76 19 73 41 35 49 39 95 35 81 65 71 38 85 63 70 46 35 90 53 58 90 35 80 8 90 54 33 13 38 60 0 62 90 62 27 44 17 19 51 22 35 
40 32 59 66 20 71 73 65 59 42 54 57 51 66 37 10 88 48 30 75 68 48 11 65 34 65 43 40 56 24 33 52 89 59 41 32 45 93 20 45 17 21 27 38 23 36 47 46 90 62 57 24 82 12 62 56 42 32 79 34 27 46 66 58 83 44 61 47 27 62 0 28 17 50 43 63 43 32 59 29 
67 55 80 68 20 84 84 67 85 68 68 71 72 90 28 22 109 55 50 92 74 68 30 59 28 61 58 58 82 8 46 80 108 87 36 54 61 114 24 73 21 49 56 58 51 22 71 48 109 74 80 12 101 24 83 82 34 51 99 27 55 49 95 58 105 69 90 70 43 90 28 0 33 77 64 91 71 55 85 56 
37 23 48 49 14 56 57 49 53 52 39 42 39 57 27 12 77 31 18 61 52 36 6 51 48 49 28 26 50 32 17 52 76 65 28 46 31 82 35 43 12 24 32 25 26 48 38 30 78 46 47 34 69 27 51 65 30 18 67 48 30 30 68 42 72 36 65 37 12 62 17 33 0 57 31 67 43 46 53 27 
34 46 60 98 68 87 94 98 43 13 74 77 57 57 84 59 83 80 53 81 95 59 54 106 69 103 68 61 45 72 65 23 88 12 86 29 66 86 59 28 65 34 25 56 32 76 48 83 88 83 56 69 84 54 64 10 87 57 79 70 28 83 26 94 77 44 17 50 60 27 50 77 57 0 54 16 25 27 43 34 
20 12 16 46 45 34 40 47 27 56 20 23 8 27 50 43 46 30 14 33 42 6 35 60 76 55 16 10 23 63 22 36 46 55 47 59 13 51 62 27 43 29 34 7 29 78 10 38 47 29 16 64 40 54 20 63 51 14 36 77 30 37 51 46 41 11 53 8 22 44 43 64 31 54 0 56 30 58 27 22 
36 51 58 102 80 87 95 103 38 28 77 79 58 52 94 71 77 85 60 79 98 61 65 114 84 109 72 65 41 86 72 20 83 4 95 45 69 79 73 29 76 44 36 60 42 91 48 90 82 85 54 83 80 68 62 20 97 63 75 85 38 90 12 100 71 46 4 51 68 17 63 91 67 16 56 0 27 43 38 41 
9 24 35 75 57 62 69 76 20 31 50 53 32 34 69 50 60 58 33 56 72 34 42 87 72 82 45 38 21 67 45 9 64 26 69 40 42 63 59 4 54 22 17 33 20 77 23 63 64 59 31 66 60 52 39 35 71 36 55 73 16 63 25 73 54 19 24 25 41 19 43 71 43 25 30 27 0 39 21 16 
43 46 70 94 52 92 96 94 59 15 76 79 64 72 69 42 98 75 51 90 94 64 41 97 42 95 66 61 59 49 59 43 101 39 73 2 66 102 34 42 49 29 25 56 29 50 56 75 101 85 67 45 96 31 74 28 74 54 91 43 29 76 51 87 92 52 44 58 53 51 32 55 46 27 58 43 39 0 59 36 
19 30 21 71 68 51 59 72 0 51 44 45 24 14 76 63 40 57 38 41 65 28 55 87 90 81 43 37 4 83 48 20 46 39 74 61 39 43 77 17 65 38 37 33 37 94 17 65 45 51 17 82 42 69 25 52 77 39 37 91 34 64 29 72 34 17 34 19 47 22 59 85 53 43 27 38 21 59 0 30 
11 12 34 64 41 56 62 64 29 34 41 44 28 39 53 35 63 45 19 54 62 28 27 73 61 69 34 27 28 53 31 25 66 39 54 37 32 67 47 16 38 9 12 22 8 65 21 49 66 50 31 53 60 40 38 43 56 22 56 62 8 49 41 60 58 17 39 22 27 35 29 56 27 34 22 41 16 36 30 0 
0 135 398 111 155 44 929 0 398 0 255 139 14 632 29 117 42 123 0 35 12 169 2735 48 201 862 408 229 24 25 51 19 317 557 463 0 50 89 13 60 193 48 120 0 43 965 864 139 70 0 0 23 24 0 266 24 39 308 2124 58 3000 437 8 52 79 118 1029 951 18 243 136 0 149 171 113 51 607 602 164 21 
135 0 0 22 89 2223 8 0 39 0 28 781 1192 73 0 334 1491 7 129 54 14 1201 36 0 161 29 375 29 22 0 18 18 30 498 64 51 22 20 72 38 280 330 232 8 16 2640 146 14 137 275 34 137 839 144 636 28 66 41 829 482 121 97 12 59 0 23 252 703 3000 458 27 214 38 11 3000 1562 12 21 106 3000 
398 0 0 14 78 0 201 88 0 142 0 499 0 11 106 0 0 46 39 0 0 0 0 3000 14 0 0 0 295 92 0 0 102 0 1530 1104 91 0 0 0 386 33 1231 0 25 427 0 281 45 1168 0 21 39 1681 13 466 100 68 46 0 0 0 0 539 136 0 1315 340 0 9 500 0 9 0 206 21 1323 0 37 573 
111 22 14 0 924 192 8 0 115 66 0 151 2909 40 0 309 45 32 117 231 32 9 437 0 9 160 27 112 12 0 226 10 127 8 72 93 63 1910 301 16 70 557 65 449 758 224 217 9 187 19 42 137 76 173 3000 15 260 55 18 32 41 41 286 168 0 57 26 267 61 103 35 89 167 813 145 277 98 9 172 59 
155 89 78 924 0 44 1045 265 11 12 0 30 0 279 17 97 0 622 14 0 0 24 0 0 867 0 0 0 0 0 117 124 8 0 49 76 0 0 0 0 569 329 152 3000 321 0 0 257 10 88 11 0 926 581 22 285 831 559 972 0 0 0 0 391 0 98 8 95 0 1328 18 36 0 0 18 12 124 12 7 248 
44 2223 0 192 44 0 428 0 551 0 16 27 49 24 0 44 1408 1379 17 447 119 37 210 282 246 793 45 207 1471 147 178 132 235 349 107 15 9 21 295 54 36 54 172 223 87 20 126 2118 13 1283 395 106 149 134 1162 150 25 12 134 906 78 765 14 3000 829 753 832 3000 9 17 3000 2854 16 54 231 341 36 209 33 1377 
929 8 201 8 1045 428 0 94 557 61 12 38 101 158 1610 107 394 18 592 81 34 10 0 11 78 132 32 1342 13 263 15 1100 139 2223 12 129 496 215 2121 92 25 14 73 193 74 49 0 12 12 668 123 19 44 69 765 222 321 109 839 20 3000 23 141 260 126 89 7 41 445 1565 83 39 33 15 43 70 26 69 430 210 
0 0 88 0 265 0 94 0 16 46 0 0 0 7 12 0 0 284 450 0 0 0 0 83 3000 0 0 0 0 0 0 0 52 0 0 248 0 0 0 0 377 0 81 0 95 0 0 178 121 75 0 0 0 28 25 19 1239 49 10 0 0 0 0 180 0 0 8 137 0 313 1026 0 0 0 39 98 0 0 1017 132 
398 39 0 115 11 551 557 16 0 319 0 531 40 108 26 3000 431 519 406 70 107 904 715 0 682 0 314 846 0 0 152 303 28 0 87 1364 0 598 42 0 14 75 24 40 474 0 217 0 316 175 100 0 1335 8 1017 165 3000 0 0 0 79 32 483 3000 0 18 44 327 8 0 88 560 0 0 11 1261 340 622 142 9 
0 0 142 66 12 0 61 46 319 0 0 0 0 791 214 0 0 50 79 0 0 0 0 0 492 0 0 0 0 0 0 0 167 0 120 775 0 0 0 0 10 9 690 37 113 0 0 53 11 67 0 0 9 175 397 81 292 460 78 0 0 0 0 27 0 53 242 8 0 23 183 397 0 0 53 28 0 65 99 2013 
255 28 0 0 0 16 12 0 0 0 0 1290 417 0 0 48 18 0 0 0 11 0 62 236 0 9 465 17 2218 540 19 603 0 613 2468 0 97 112 47 2417 0 204 12 0 0 2030 0 485 725 0 0 13 8 0 327 0 0 43 56 336 148 0 816 53 995 0 0 23 96 56 74 0 24 36 0 190 26 0 25 1008 
139 781 499 151 30 27 38 0 531 0 1290 0 9 308 0 10 320 507 38 70 1071 22 144 154 62 9 3000 159 67 259 66 130 190 9 151 634 7 170 149 171 87 64 81 145 30 134 3000 7 120 172 46 1862 39 208 543 291 124 19 16 80 19 36 457 740 9 21 93 787 1879 71 3000 146 1887 15 47 16 15 321 16 14 
14 1192 0 2909 0 49 101 0 40 0 417 9 0 0 0 109 3000 121 0 16 726 2211 27 14 57 225 49 21 15 955 32 35 36 1840 238 0 258 365 27 94 0 1086 10 0 0 88 37 0 340 0 198 1197 624 0 614 802 1097 162 0 127 3000 46 467 562 3000 394 0 0 77 0 0 0 50 63 0 444 162 24 20 331 
632 73 11 40 279 24 158 7 108 791 0 308 0 0 604 57 0 546 34 12 107 12 0 0 95 0 0 0 0 0 44 409 491 0 146 919 0 67 285 0 2592 1579 23 3000 87 0 0 421 3000 286 10 0 9 80 356 31 18 85 33 0 858 50 131 71 0 75 180 14 111 26 56 110 0 0 30 174 341 697 212 103 
29 0 106 0 17 0 1610 12 26 214 0 0 0 604 0 0 0 59 360 0 0 0 0 2005 116 0 0 0 0 0 0 0 920 0 17 597 0 0 0 0 71 15 65 0 162 0 0 50 13 208 0 0 23 11 561 7 109 659 582 0 0 0 0 278 0 0 117 9 0 17 24 0 0 0 92 50 0 0 812 88 
117 334 0 309 97 44 107 0 3000 0 48 10 109 57 0 0 82 1747 3000 35 842 53 28 0 84 8 159 10 683 0 259 18 986 158 3000 116 2183 2450 134 52 8 10 248 108 189 85 69 0 1010 45 15 25 18 777 510 37 124 153 0 530 893 24 54 437 0 502 388 60 100 0 40 177 957 314 300 64 29 348 628 539 
42 1491 0 45 0 1408 394 0 431 0 18 320 3000 0 0 82 0 3000 0 15 69 411 16 0 12 98 675 118 480 0 92 56 324 35 609 0 139 228 481 28 0 17 118 0 0 353 72 0 341 0 805 28 755 0 0 47 0 0 0 48 97 32 16 0 0 788 0 0 105 0 0 0 93 18 0 39 350 33 8 349 
123 7 46 32 622 1379 18 284 519 50 0 507 121 546 59 1747 3000 0 15 1871 184 8 1001 0 143 0 213 30 0 0 63 381 68 0 33 1087 0 277 532 0 16 165 1265 747 55 111 0 23 19 34 26 52 20 164 288 114 51 321 61 0 15 330 262 132 0 108 446 57 162 41 2348 2275 60 0 137 27 116 11 38 80 
0 129 39 117 14 17 592 450 406 79 0 38 0 34 360 3000 0 15 0 380 194 43 0 0 129 0 0 0 0 0 215 251 3000 0 233 740 0 96 139 0 3000 676 19 23 3000 0 0 375 509 46 43 0 227 60 1046 1482 396 0 1879 0 0 3000 0 546 0 78 103 398 0 0 37 142 0 0 273 21 9 39 19 23 
35 54 0 231 0 447 81 0 70 0 0 70 16 12 0 35 15 1871 380 0 570 12 71 0 85 581 813 16 0 0 103 17 97 124 32 972 0 1044 80 179 0 13 99 45 0 25 128 0 16 0 638 103 150 0 0 29 36 0 0 357 184 33 279 54 0 11 0 0 261 0 0 566 886 43 0 27 11 208 78 1010 
12 14 0 32 0 119 34 0 107 0 11 1071 726 107 0 842 69 184 194 570 0 725 1140 0 39 21 86 137 1124 498 50 47 8 46 76 0 26 168 180 462 0 1642 250 142 925 3000 167 0 91 0 13 112 63 0 1556 193 218 20 0 83 68 35 1342 7 0 723 0 0 1184 0 661 1002 33 82 0 30 25 363 19 10 
169 1201 0 9 24 37 10 0 904 0 0 22 2211 12 0 53 411 8 43 12 725 0 19 0 437 928 271 22 0 0 34 315 3000 1230 110 519 0 885 73 95 8 1589 44 890 44 21 84 0 599 998 374 86 25 29 307 574 17 0 0 1129 144 89 399 284 0 186 1329 1439 1563 0 226 44 204 11 990 168 11 16 428 488 
2735 36 0 437 0 210 0 0 715 0 62 144 27 0 0 28 16 1001 0 71 1140 19 0 0 11 58 241 1418 32 0 82 2596 52 36 24 0 1074 212 96 235 0 3000 30 0 0 36 463 0 583 0 82 30 821 0 0 9 0 0 0 657 1283 14 52 0 0 104 0 0 35 0 0 0 24 865 0 11 487 220 399 60 
48 0 3000 0 0 282 11 83 0 0 236 154 14 0 2005 0 0 0 0 0 0 0 0 0 0 401 0 0 34 62 670 3000 0 3000 126 0 1546 0 425 104 480 187 13 0 24 21 0 74 585 0 0 46 20 0 401 0 0 10 37 202 224 0 540 8 23 0 12 260 1778 42 2166 0 76 1536 259 303 429 0 182 124 
201 161 14 9 867 246 78 3000 682 492 0 62 57 95 116 84 12 143 129 85 39 437 11 0 0 7 19 41 0 0 91 28 39 593 301 36 0 12 918 0 185 176 335 14 65 21 10 984 212 586 117 138 14 112 43 14 73 0 20 639 3000 577 388 241 0 184 327 231 8 1068 85 11 9 0 1058 57 347 338 199 30 
862 29 0 160 0 793 132 0 0 0 9 9 225 0 0 8 98 0 0 581 21 928 58 401 7 0 149 254 52 997 201 14 2815 40 199 0 92 25 212 1547 0 65 42 0 0 20 10 0 12 0 435 1321 178 0 669 440 0 111 0 122 32 33 11 150 112 24 0 0 50 54 0 0 134 46 0 516 2955 28 126 672 
408 375 0 27 0 45 32 0 314 0 465 3000 49 0 0 159 675 213 0 813 86 271 241 0 19 149 0 3000 434 87 838 1498 21 38 263 0 1010 49 19 37 0 54 17 0 0 192 79 0 713 0 385 290 47 0 0 351 187 30 0 1163 141 75 102 15 0 12 0 0 494 0 0 0 194 49 0 13 311 12 97 160 
229 29 0 112 0 207 1342 0 846 0 17 159 21 0 0 10 118 30 0 16 137 22 1418 0 41 254 3000 0 22 234 10 147 23 136 23 0 1574 94 9 8 0 361 14 0 0 34 109 0 1126 0 21 151 425 0 0 326 90 75 0 30 168 689 667 36 0 18 0 0 48 0 0 0 18 115 0 56 193 361 47 27 
24 22 295 12 0 1471 13 0 0 0 2218 67 15 0 0 683 480 0 0 0 1124 0 32 34 0 52 434 22 0 21 33 190 84 20 909 0 1870 375 8 209 0 2831 42 0 0 246 0 453 331 0 0 449 286 0 28 0 0 7 85 168 905 0 40 412 1907 0 0 218 8 107 15 0 28 19 11 112 55 0 10 126 
25 0 92 0 0 147 263 0 0 0 540 259 955 0 0 0 0 0 0 0 498 0 0 62 0 997 87 234 21 0 42 8 0 7 67 0 22 1306 7 62 0 149 0 0 0 388 0 137 107 0 0 179 2129 0 8 0 0 18 1761 74 25 0 69 107 32 0 0 74 238 31 9 0 164 22 0 55 152 0 398 537 
51 18 0 226 117 178 15 0 152 0 19 66 32 44 0 259 92 63 215 103 50 34 82 670 91 201 838 10 33 42 0 446 210 329 73 49 232 722 54 32 69 3000 408 34 16 16 205 229 17 807 471 846 531 11 822 72 47 1103 75 13 11 49 586 52 346 292 192 1207 141 73 49 77 42 936 16 18 33 216 386 532 
19 18 0 10 124 132 1100 0 303 0 603 130 35 409 0 18 56 381 251 17 47 315 2596 3000 28 14 1498 147 190 8 446 0 621 1041 18 30 35 61 464 8 71 51 13 12 85 35 36 205 1104 279 963 53 917 312 323 146 51 426 505 14 104 61 17 11 374 627 43 1603 27 1026 129 266 31 31 376 27 1404 419 1006 227 
317 30 102 127 8 235 139 52 28 167 0 190 36 491 920 986 324 68 3000 97 8 3000 52 0 39 2815 21 23 84 0 210 621 0 51 1766 12 702 148 286 54 16 2240 120 76 121 11 1638 48 28 9 47 2326 1116 915 601 61 888 12 412 250 492 204 266 17 0 3000 11 580 14 615 346 10 9 73 172 23 228 28 19 47 
557 498 0 8 0 349 2223 0 0 0 613 9 1840 0 0 158 35 0 0 124 46 1230 36 3000 593 40 38 136 20 7 329 1041 51 0 1755 0 16 139 15 101 0 331 665 0 0 158 715 77 635 0 189 23 11 0 521 19 0 37 0 10 47 27 19 187 13 47 0 0 206 1032 0 0 67 36 0 31 417 27 477 3000 
463 64 1530 72 49 107 12 0 87 120 2468 151 238 146 17 3000 609 33 233 32 76 110 24 126 301 199 263 23 909 67 73 18 1766 1755 0 558 55 14 63 399 28 142 26 0 109 42 98 584 445 1611 155 3000 315 39 276 8 642 351 25 342 19 272 14 25 259 19 1201 13 33 77 53 0 865 301 61 20 220 28 153 506 
0 51 1104 93 76 15 129 248 1364 775 0 634 0 919 597 116 0 1087 740 972 0 519 0 0 36 0 0 0 0 0 49 30 12 0 558 0 0 0 387 0 2189 51 34 133 77 0 0 0 175 571 107 0 0 7 19 68 2835 0 0 0 0 220 0 423 0 138 556 15 0 0 105 50 0 0 86 2259 12 345 79 1286 
50 22 91 63 0 9 496 0 0 0 97 7 258 0 0 2183 139 0 0 0 26 0 1074 1546 0 92 1010 1574 1870 22 232 35 702 16 55 0 0 361 229 1352 325 227 669 0 96 20 0 407 67 0 0 23 51 0 591 0 0 140 123 11 11 0 1246 314 9 0 0 111 33 97 534 0 146 1418 31 81 20 0 346 1947 
89 20 0 1910 0 21 215 0 598 0 112 170 365 67 0 2450 228 277 96 1044 168 885 212 0 12 25 49 94 375 1306 722 61 148 139 14 0 361 0 57 758 0 16 7 11 1574 29 487 0 2926 0 166 147 22 0 11 3000 597 15 0 23 25 343 21 114 0 9 0 259 705 0 15 546 3000 606 0 143 769 97 265 21 
13 72 0 301 0 295 2121 0 42 0 47 149 27 285 0 134 481 532 139 80 180 73 96 425 918 212 19 9 8 7 54 464 286 15 63 387 229 57 0 11 86 20 104 36 7 103 7 12 1535 0 84 759 8 15 324 43 10 216 0 770 29 22 2401 26 110 19 1860 66 300 1025 46 131 3000 12 3000 42 1264 384 231 32 
60 38 0 16 0 54 92 0 0 0 2417 171 94 0 0 52 28 0 0 179 462 95 235 104 0 1547 37 8 209 62 32 8 54 101 399 0 1352 758 11 0 0 60 68 0 0 925 453 12 11 0 0 556 1067 0 150 0 0 73 0 203 256 26 43 212 35 0 0 0 21 1773 0 0 506 134 0 3000 18 39 101 1177 
193 280 386 70 569 36 25 377 14 10 0 87 0 2592 71 8 0 16 3000 0 0 8 0 480 185 0 0 0 0 0 69 71 16 0 28 2189 325 0 86 0 0 52 10 795 2054 31 0 40 386 76 213 16 12 420 40 426 16 236 9 0 157 32 12 39 0 123 554 19 32 32 821 650 1045 0 395 666 387 466 40 1221 
48 330 33 557 329 54 14 0 75 9 204 64 1086 1579 15 10 17 165 676 13 1642 1589 3000 187 176 65 54 361 2831 149 3000 51 2240 331 142 51 227 16 20 60 52 0 280 179 15 613 32 11 45 14 423 359 285 461 143 263 259 219 27 13 621 146 42 196 676 21 195 40 91 22 20 2167 411 549 625 35 37 21 82 421 
120 232 1231 65 152 172 73 81 24 690 12 81 10 23 65 248 118 1265 19 99 250 44 30 13 335 42 17 14 42 0 408 13 120 665 26 34 669 7 104 68 10 280 0 80 12 2266 2100 187 661 2286 63 195 175 88 96 89 259 10 2728 90 224 18 218 42 0 75 28 10 245 18 59 1296 603 36 73 177 407 14 20 132 
0 8 0 449 3000 223 193 0 40 37 0 145 0 3000 0 108 0 747 23 45 142 890 0 0 14 0 0 0 0 0 34 12 76 0 0 133 0 11 36 0 795 179 80 0 20 0 0 0 13 91 28 0 0 175 0 15 1157 0 0 0 0 287 0 66 0 61 44 30 0 0 96 192 0 0 1015 3000 314 24 847 1108 
43 16 25 758 321 87 74 95 474 113 0 30 0 87 162 189 0 55 3000 0 925 44 0 24 65 0 0 0 0 0 16 85 121 0 109 77 96 1574 7 0 2054 15 12 20 0 121 0 54 273 90 122 848 66 71 122 12 8 10 11 0 12 21 1089 195 0 18 11 244 614 191 509 25 577 0 43 363 753 254 27 523 
965 2640 427 224 0 20 49 0 0 0 2030 134 88 0 0 85 353 111 0 25 3000 21 36 21 21 20 192 34 246 388 16 35 11 158 42 0 20 29 103 925 31 613 2266 0 121 0 368 564 28 0 0 64 23 0 22 17 22 180 254 242 378 22 9 29 208 471 0 442 158 68 119 0 30 11 3000 118 594 92 279 27 
864 146 0 217 0 126 0 0 217 0 0 3000 37 0 0 69 72 0 0 128 167 84 463 0 10 10 79 109 0 0 205 36 1638 715 98 0 0 487 7 453 0 32 2100 0 0 368 0 0 18 0 47 33 246 0 0 3000 0 0 0 751 107 1319 80 0 0 17 0 0 88 0 0 0 1143 1885 0 171 19 3000 0 167 
139 14 281 9 257 2118 12 178 0 53 485 7 0 421 50 0 0 23 375 0 0 0 0 74 984 0 0 0 453 137 229 205 48 77 584 0 407 0 12 12 40 11 187 0 54 564 0 0 3000 974 0 381 443 357 14 122 1612 10 435 0 15 0 2915 3000 2982 0 28 509 39 1413 233 0 84 467 127 1745 20 0 24 18 
70 137 45 187 10 13 12 121 316 11 725 120 340 3000 13 1010 341 19 509 16 91 599 583 585 212 12 713 1126 331 107 17 1104 28 635 445 175 67 2926 1535 11 386 45 661 13 273 28 18 3000 0 36 48 124 370 84 1200 1549 373 14 76 478 93 1430 11 111 319 233 1306 79 419 46 20 17 61 32 316 30 386 265 126 429 
0 275 1168 19 88 1283 668 75 175 67 0 172 0 286 208 45 0 34 46 0 0 998 0 0 586 0 0 0 0 0 807 279 9 0 1611 571 0 0 0 0 76 14 2286 91 90 0 0 974 36 0 168 0 561 149 11 271 70 0 8 0 0 163 0 66 0 29 81 10 0 77 1485 202 0 0 1467 91 10 38 241 64 
0 34 0 42 11 395 123 0 100 0 0 46 198 10 0 15 805 26 43 638 13 374 82 0 117 435 385 21 0 0 471 963 47 189 155 107 0 166 84 0 213 423 63 28 122 0 47 0 48 168 0 0 80 2827 0 53 427 0 0 30 424 95 311 849 0 2114 640 0 64 0 31 3000 0 0 0 52 506 56 9 164 
23 137 21 137 0 106 19 0 0 0 13 1862 1197 0 0 25 28 52 0 103 112 86 30 46 138 1321 290 151 449 179 846 53 2326 23 3000 0 23 147 759 556 16 359 195 0 848 64 33 381 124 0 0 0 336 0 27 132 457 234 51 1174 29 34 1019 12 104 0 75 16 1847 109 124 0 684 677 369 1476 3000 146 544 554 
24 839 39 76 926 149 44 0 1335 9 8 39 624 9 23 18 755 20 227 150 63 25 821 20 14 178 47 425 286 2129 531 917 1116 11 315 0 51 22 8 1067 12 285 175 0 66 23 246 443 370 561 80 336 0 95 1312 34 499 127 1256 270 1465 14 2280 174 551 19 24 64 26 69 256 0 182 119 383 834 165 8 166 23 
0 144 1681 173 581 134 69 28 8 175 0 208 0 80 11 777 0 164 60 0 0 29 0 0 112 0 0 0 0 0 11 312 915 0 39 7 0 0 15 0 420 461 88 175 71 0 0 357 84 149 2827 0 95 0 7 141 46 0 9 0 0 445 0 201 0 621 18 476 0 366 8 621 0 0 171 80 11 331 59 190 
266 636 13 3000 22 1162 765 25 1017 397 327 543 614 356 561 510 0 288 1046 0 1556 307 0 401 43 669 0 0 28 8 822 323 601 521 276 19 591 11 324 150 40 143 96 0 122 22 0 14 1200 11 0 27 1312 7 0 302 177 54 322 314 19 0 17 359 65 580 90 82 126 360 23 0 94 8 242 227 46 1384 27 57 
24 28 466 15 285 150 222 19 165 81 0 291 802 31 7 37 47 114 1482 29 193 574 9 0 14 440 351 326 0 0 72 146 61 19 8 68 0 3000 43 0 426 263 89 15 12 17 3000 122 1549 271 53 132 34 141 302 0 3000 73 405 1060 1278 13 98 12 0 152 203 287 3000 2141 83 1253 339 217 69 21 949 97 71 16 
39 66 100 260 831 25 321 1239 3000 292 0 124 1097 18 109 124 0 51 396 36 218 17 0 0 73 0 187 90 0 0 47 51 888 0 642 2835 0 597 10 0 16 259 259 1157 8 22 0 1612 373 70 427 457 499 46 177 3000 0 65 82 0 18 1265 2061 131 0 2073 2407 305 16 335 525 17 264 0 54 65 40 154 117 191 
308 41 68 55 559 12 109 49 0 460 43 19 162 85 659 153 0 321 0 0 20 0 0 10 0 111 30 75 7 18 1103 426 12 37 351 0 140 15 216 73 236 219 10 0 10 180 0 10 14 0 0 234 127 0 54 73 65 0 529 130 236 0 586 12 11 0 192 414 33 500 1670 0 31 632 16 14 1516 0 1856 131 
2124 829 46 18 972 134 839 10 0 78 56 16 0 33 582 0 0 61 1879 0 0 0 0 37 20 0 0 0 85 1761 75 505 412 0 25 0 123 0 0 0 9 27 2728 0 11 254 0 435 76 8 0 51 1256 9 322 405 82 529 0 0 236 0 404 16 3000 0 20 439 72 14 1278 0 759 17 1307 87 45 0 323 52 
58 482 0 32 0 906 20 0 0 0 336 80 127 0 0 530 48 0 0 357 83 1129 657 202 639 122 1163 30 168 74 13 14 250 10 342 0 11 23 770 203 0 13 90 0 0 242 751 0 478 0 30 1174 270 0 314 1060 0 130 0 0 52 1414 20 11 11 99 0 0 1330 0 0 0 445 134 0 18 37 325 637 83 
3000 121 0 41 0 78 3000 0 79 0 148 19 3000 858 0 893 97 15 0 184 68 144 1283 224 3000 32 141 168 905 25 11 104 492 47 19 0 11 25 29 256 157 621 224 0 12 378 107 15 93 0 424 29 1465 0 19 1278 18 236 236 52 0 28 480 201 27 29 0 76 626 593 3000 0 357 138 14 365 30 65 63 813 
437 97 0 41 0 765 23 0 32 0 0 36 46 50 0 24 32 330 3000 33 35 89 14 0 577 33 75 689 0 0 49 61 204 27 272 220 0 343 22 26 32 146 18 287 21 22 1319 0 1430 163 95 34 14 445 0 13 1265 0 0 1414 28 0 14 3000 0 26 0 0 20 0 19 163 438 222 0 11 10 352 2541 556 
8 12 0 286 0 14 141 0 483 0 816 457 467 131 0 54 16 262 0 279 1342 399 52 540 388 11 102 667 40 69 586 17 266 19 14 0 1246 21 2401 43 12 42 218 0 1089 9 80 2915 11 0 311 1019 2280 0 17 98 2061 586 404 20 480 14 0 190 88 53 0 68 54 424 202 0 8 7 1124 739 39 27 271 3000 
52 59 539 168 391 3000 260 180 3000 27 53 740 562 71 278 437 0 132 546 54 7 284 0 8 241 150 15 36 412 107 52 11 17 187 25 423 314 114 26 212 39 196 42 66 195 29 0 3000 111 66 849 12 174 201 359 12 131 12 16 11 201 3000 190 0 1738 95 393 23 447 1250 351 2346 130 76 9 1884 136 9 83 39 
79 0 136 0 0 829 126 0 0 0 995 9 3000 0 0 0 0 0 0 0 0 0 0 23 0 112 0 0 1907 32 346 374 0 13 259 0 9 0 110 35 0 676 0 0 0 208 0 2982 319 0 0 104 551 0 65 0 0 11 3000 11 27 0 88 1738 0 0 0 546 156 489 24 0 24 10 0 15 1505 0 12 3000 
118 23 0 57 98 753 89 0 18 53 0 21 394 75 0 502 788 108 78 11 723 186 104 0 184 24 12 18 0 0 292 627 3000 47 19 138 0 9 19 0 123 21 75 61 18 471 17 0 233 29 2114 0 19 621 580 152 2073 0 0 99 29 26 53 95 0 0 195 138 287 0 649 263 0 0 775 31 118 227 34 107 
1029 252 1315 26 8 832 7 8 44 242 0 93 0 180 117 388 0 446 103 0 0 1329 0 12 327 0 0 0 0 0 192 43 11 0 1201 556 0 0 1860 0 554 195 28 44 11 0 0 28 1306 81 640 75 24 18 90 203 2407 192 20 0 0 0 0 393 0 195 0 358 0 16 3000 26 0 0 21 212 15 11 12 2473 
951 703 340 267 95 3000 41 137 327 8 23 787 0 14 9 60 0 57 398 0 0 1439 0 260 231 0 0 0 218 74 1207 1603 580 0 13 15 111 259 66 0 19 40 10 30 244 442 0 509 79 10 0 16 64 476 82 287 305 414 439 0 76 0 68 23 546 138 358 0 41 171 16 38 10 9 128 12 61 1009 53 46 
18 3000 0 61 0 9 445 0 8 0 96 1879 77 111 0 100 105 162 0 261 1184 1563 35 1778 8 50 494 48 8 238 141 27 14 206 33 0 33 705 300 21 32 91 245 0 614 158 88 39 419 0 64 1847 26 0 126 3000 16 33 72 1330 626 20 54 447 156 287 0 41 0 3000 1563 0 468 24 25 27 9 3000 33 34 
243 458 9 103 1328 17 1565 313 0 23 56 71 0 26 17 0 0 41 0 0 0 0 0 42 1068 54 0 0 107 31 73 1026 615 1032 77 0 97 0 1025 1773 32 22 18 0 191 68 0 1413 46 77 0 109 69 366 360 2141 335 500 14 0 593 0 424 1250 489 0 16 171 3000 0 1862 0 75 10 252 175 116 0 15 74 
136 27 500 35 18 3000 83 1026 88 183 74 3000 0 56 24 40 0 2348 37 0 661 226 0 2166 85 0 0 0 15 9 49 129 346 0 53 105 534 15 46 0 821 20 59 96 509 119 0 233 20 1485 31 124 256 8 23 83 525 1670 1278 0 3000 19 202 351 24 649 3000 16 1563 1862 0 12 1034 161 14 28 852 1689 90 10 
0 214 0 89 36 2854 39 0 560 397 0 146 0 110 0 177 0 2275 142 566 1002 44 0 0 11 0 0 0 0 0 77 266 10 0 0 50 0 546 131 0 650 2167 1296 192 25 0 0 0 17 202 3000 0 0 621 0 1253 17 0 0 0 0 163 0 2346 0 263 26 38 0 0 12 0 0 0 100 10 1275 60 12 14 
149 38 9 167 0 16 33 0 0 0 24 1887 50 0 0 957 93 60 0 886 33 204 24 76 9 134 194 18 28 164 42 31 9 67 865 0 146 3000 3000 506 1045 411 603 0 577 30 1143 84 61 0 0 684 182 0 94 339 264 31 759 445 357 438 8 130 24 0 0 10 468 75 1034 0 0 270 24 540 25 460 148 17 
171 11 0 813 0 54 15 0 0 0 36 15 63 0 0 314 18 0 0 43 82 11 865 1536 0 46 49 115 19 22 936 31 73 36 301 0 1418 606 12 134 0 549 36 0 0 11 1885 467 32 0 0 677 119 0 8 217 0 632 17 134 138 222 7 76 10 0 0 9 24 10 161 0 270 0 0 683 7 0 15 33 
113 3000 206 145 18 231 43 39 11 53 0 47 0 30 92 300 0 137 273 0 0 990 0 259 1058 0 0 0 11 0 16 376 172 0 61 86 31 0 3000 0 395 625 73 1015 43 3000 0 127 316 1467 0 369 383 171 242 69 54 16 1307 0 14 0 1124 9 0 775 21 128 25 252 14 100 24 0 0 14 16 253 153 189 
51 1562 21 277 12 341 70 98 1261 28 190 16 444 174 50 64 39 27 21 27 30 168 11 303 57 516 13 56 112 55 18 27 23 31 20 2259 81 143 42 3000 666 35 177 3000 363 118 171 1745 30 91 52 1476 834 80 227 21 65 14 87 18 365 11 739 1884 15 31 212 12 27 175 28 10 540 683 14 0 204 24 1970 12 
607 12 1323 98 124 36 26 0 340 0 26 15 162 341 0 29 350 116 9 11 25 11 487 429 347 2955 311 193 55 152 33 1404 228 417 220 12 20 769 1264 18 387 37 407 314 753 594 19 20 386 10 506 3000 165 11 46 949 40 1516 45 37 30 10 39 136 1505 118 15 61 9 116 852 1275 25 7 16 204 0 217 620 32 
602 21 0 9 12 209 69 0 622 65 0 321 24 697 0 348 33 11 39 208 363 16 220 0 338 28 12 361 0 0 216 419 28 27 28 345 0 97 384 39 466 21 14 24 254 92 3000 0 265 38 56 146 8 331 1384 97 154 0 0 325 65 352 27 9 0 227 11 1009 3000 0 1689 60 460 0 253 24 217 0 570 1105 
164 106 37 172 7 33 430 1017 142 99 25 16 20 212 812 628 8 38 19 78 19 428 399 182 199 126 97 47 10 398 386 1006 19 477 153 79 346 265 231 101 40 82 20 847 27 279 0 24 126 241 9 544 166 59 27 71 117 1856 323 637 63 2541 271 83 12 34 12 53 33 15 90 12 148 15 153 1970 620 570 0 44 
21 3000 573 59 248 1377 210 132 9 2013 1008 14 331 103 88 539 349 80 23 1010 10 488 60 124 30 672 160 27 126 537 532 227 47 3000 506 1286 1947 21 32 1177 1221 421 132 1108 523 27 167 18 429 64 164 554 23 190 57 16 191 131 52 83 813 556 3000 39 3000 107 2473 46 34 74 10 14 17 33 189 12 32 1105 44 0 
