80
0 78 26 56 52 62 74 11 10 98 74 22 90 48 57 64 73 89 34 38 29 72 81 75 92 19 63 51 96 43 16 44 35 56 96 76 45 74 24 7 79 43 66 69 96 50 51 66 97 92 63 58 69 59 59 74 35 20 70 43 32 91 55 43 18 17 81 55 53 26 26 45 51 15 21 85 11 49 65 36 
78 0 55 105 50 21 35 74 79 91 58 74 82 71 29 111 20 18 47 42 83 102 13 7 43 80 108 41 69 43 78 70 97 48 68 79 34 68 77 81 52 91 89 52 89 67 90 13 65 55 107 31 69 69 81 108 44 71 13 54 80 19 65 82 63 74 12 99 83 84 76 94 40 88 73 46 82 71 38 59 
26 55 0 57 28 43 48 28 32 78 50 36 70 32 31 63 48 65 8 13 30 64 56 51 66 25 62 25 72 17 22 28 43 31 72 58 21 53 23 31 54 41 54 44 76 32 45 43 72 67 61 32 49 40 45 67 11 16 46 20 28 66 35 36 9 19 57 52 42 30 23 44 25 34 35 59 27 33 40 15 
56 105 57 0 56 98 82 67 66 67 64 78 64 36 76 7 90 108 61 67 29 24 101 99 95 38 7 65 80 62 42 36 23 60 82 50 75 57 36 62 73 16 30 65 66 40 16 93 84 86 8 75 51 43 31 22 67 43 93 52 29 109 44 23 53 43 102 7 25 31 35 13 66 43 77 84 46 36 73 47 
52 50 28 56 0 49 26 56 60 52 22 64 43 21 22 61 34 52 23 24 41 52 45 44 43 42 58 11 44 16 43 21 53 4 44 34 28 26 38 59 26 43 39 16 50 17 40 38 44 40 57 20 23 19 31 57 28 35 38 9 36 53 15 34 35 39 46 50 32 43 35 47 12 55 63 34 49 21 17 17 
62 21 43 98 49 0 45 56 61 98 64 54 89 67 29 104 32 38 37 31 73 100 31 22 58 68 102 39 80 37 65 65 86 49 79 82 24 72 66 64 61 83 87 57 96 64 84 18 77 67 102 32 72 68 79 105 32 59 23 49 71 39 64 76 50 61 30 93 79 73 66 86 37 74 54 58 67 68 43 52 
74 35 48 82 26 45 0 75 80 56 24 80 47 46 20 85 14 29 40 38 67 73 24 28 18 68 83 23 35 32 67 47 80 23 34 46 35 34 63 80 17 69 59 19 54 42 65 28 32 23 82 18 36 40 53 79 42 60 23 35 62 29 37 60 57 64 26 75 57 69 61 73 24 79 79 13 73 46 9 42 
11 74 28 67 56 56 75 0 5 104 78 11 96 55 56 74 72 87 35 37 39 82 78 71 93 29 74 52 100 44 25 51 46 59 100 83 43 79 33 8 82 53 74 72 102 56 61 63 100 95 73 58 75 65 67 83 33 28 67 47 41 88 61 52 22 25 79 65 62 36 35 55 52 26 10 87 21 56 67 41 
10 79 32 66 60 61 80 5 0 107 81 13 99 57 61 74 77 92 39 42 39 83 83 76 98 30 73 57 103 48 26 53 45 63 104 86 47 82 34 5 86 53 76 76 105 59 62 68 104 99 73 63 78 68 69 84 38 29 72 51 42 93 64 53 25 26 84 65 63 36 36 55 56 24 12 91 21 59 71 44 
98 91 78 67 52 98 56 104 107 0 34 113 9 50 69 65 70 82 75 77 74 45 79 84 55 81 62 61 26 68 84 54 80 51 28 21 79 27 76 104 38 65 38 41 2 48 56 82 32 41 62 66 30 39 41 50 80 78 79 59 69 82 43 58 83 82 81 61 48 78 73 67 63 94 112 47 91 49 55 64 
74 58 50 64 22 64 24 78 81 34 0 86 25 32 35 67 38 52 45 45 58 51 48 51 31 62 64 29 22 37 62 35 68 19 23 22 47 10 56 80 9 55 38 7 32 28 49 49 23 22 63 32 14 22 34 57 49 55 46 31 52 53 22 46 57 59 49 57 39 61 53 58 30 74 85 21 69 31 21 38 
22 74 36 78 64 54 80 11 13 113 86 0 105 65 60 86 75 88 41 42 50 93 80 72 98 41 85 59 107 50 37 61 57 67 107 93 46 88 44 18 89 64 85 80 112 66 72 65 107 101 85 63 84 74 77 95 38 38 69 55 52 90 70 63 31 36 80 76 73 47 46 66 58 37 1 92 33 66 72 50 
90 82 70 64 43 89 47 96 99 9 25 105 0 43 60 63 62 74 66 68 68 43 71 75 48 74 60 52 21 59 77 47 75 42 23 15 70 18 69 97 30 60 34 32 7 41 51 73 27 34 59 57 21 32 36 49 72 70 70 50 63 74 36 53 75 74 72 57 43 72 66 62 54 87 104 39 84 42 46 55 
48 71 32 36 21 67 46 55 57 50 32 65 43 0 42 40 55 73 32 37 26 34 66 64 61 32 38 30 52 30 34 4 36 24 54 29 43 28 26 54 40 23 22 31 48 4 20 58 55 54 37 40 23 12 13 38 39 28 58 18 20 74 10 14 34 31 67 29 12 29 23 27 31 44 64 50 41 2 38 17 
57 29 31 76 22 29 20 56 61 69 35 60 60 42 0 82 16 34 23 19 56 74 26 23 38 54 79 12 53 16 53 41 69 21 52 53 15 43 51 62 33 62 60 28 67 38 61 16 51 43 78 3 43 40 53 79 23 45 17 25 52 35 36 53 40 49 27 70 54 57 49 66 11 64 60 33 58 42 15 31 
64 111 63 7 61 104 85 74 74 65 67 86 63 40 82 0 95 112 68 73 36 21 106 104 97 45 3 70 81 68 49 41 30 64 83 50 81 58 43 69 76 22 30 68 64 44 21 98 85 88 4 80 53 46 33 17 74 50 98 57 36 114 48 29 60 50 107 11 29 39 42 20 71 51 84 87 53 40 77 53 
73 20 48 90 34 32 14 72 77 70 38 75 62 55 16 95 0 18 39 35 72 84 11 14 26 70 92 26 49 32 69 54 85 31 48 59 29 48 67 78 32 76 70 32 69 51 74 14 45 36 91 16 49 50 63 90 39 62 9 39 67 20 47 67 56 65 12 84 66 73 65 80 25 81 74 26 74 55 18 46 
89 18 65 108 52 38 29 87 92 82 52 88 74 73 34 112 18 0 56 52 90 101 9 16 29 88 110 44 58 50 87 73 103 49 56 74 45 62 85 93 44 95 87 47 81 69 92 24 53 43 109 34 65 68 81 107 55 79 19 58 85 2 65 85 73 83 8 102 84 91 83 98 44 98 88 35 91 73 35 64 
34 47 8 61 23 37 40 35 39 75 45 41 66 32 23 68 39 56 0 6 36 66 48 43 59 33 66 18 66 9 30 29 50 26 66 55 14 49 30 39 47 46 54 39 73 31 48 35 66 60 65 24 45 38 46 70 6 24 37 16 34 58 33 39 17 27 48 56 44 37 29 49 17 42 40 52 35 34 32 16 
38 42 13 67 24 31 38 37 42 77 45 42 68 37 19 73 35 52 6 0 42 70 43 38 56 38 71 17 66 9 36 34 55 26 66 58 8 50 36 43 47 51 58 39 75 35 53 29 65 59 70 21 48 41 50 74 4 29 32 20 39 53 36 44 22 32 44 62 48 42 35 55 16 47 42 50 40 38 30 20 
29 83 30 29 41 73 67 39 39 74 58 50 68 26 56 36 72 90 36 42 0 44 82 78 83 10 35 45 78 40 13 23 13 45 79 53 50 54 7 35 65 14 39 55 72 29 23 71 81 79 35 55 48 37 33 45 41 15 72 33 5 91 36 16 25 14 83 26 26 4 7 16 46 20 49 74 19 27 58 25 
72 102 64 24 52 100 73 82 83 45 51 93 43 34 74 21 84 101 66 70 44 0 95 96 82 53 18 62 62 63 57 36 44 54 64 32 77 42 49 79 60 30 14 54 44 36 21 90 67 71 18 72 37 34 21 6 72 55 90 52 41 102 38 30 64 56 97 20 22 47 47 30 64 62 92 72 62 33 66 50 
81 13 56 101 45 31 24 78 83 79 48 80 71 66 26 106 11 9 48 43 82 95 0 9 30 80 103 37 57 42 78 65 95 42 55 70 36 58 76 85 41 87 81 42 78 62 85 15 52 42 102 26 60 61 75 101 46 71 11 50 78 10 58 78 65 75 1 95 77 83 75 91 36 90 80 33 83 66 29 56 
75 7 51 99 44 22 28 71 76 84 51 72 75 64 23 104 14 16 43 38 78 96 9 0 37 75 102 35 62 38 73 64 92 42 61 72 30 61 72 78 46 85 82 45 82 61 84 8 59 49 101 25 62 62 75 101 40 67 6 48 74 18 58 76 59 70 8 93 76 79 71 88 34 85 72 39 78 65 31 53 
92 43 66 95 43 58 18 93 98 55 31 98 48 61 38 97 26 29 59 56 83 82 30 37 0 85 95 41 29 50 85 62 96 39 28 52 52 41 80 98 22 84 69 30 54 56 79 40 24 14 94 35 45 52 64 88 60 77 35 52 78 29 51 74 75 81 31 88 69 86 78 87 42 97 97 11 91 60 27 59 
19 80 25 38 42 68 68 29 30 81 62 41 74 32 54 45 70 88 33 38 10 53 80 75 85 0 44 45 83 38 4 28 19 47 84 60 46 60 6 26 68 24 47 58 80 34 32 67 85 82 44 54 54 43 41 54 36 9 70 33 13 90 40 25 18 6 81 36 35 7 8 26 45 13 39 76 10 33 58 26 
63 108 62 7 58 102 83 74 73 62 64 85 60 38 79 3 92 110 66 71 35 18 103 102 95 44 0 67 78 66 48 38 30 61 80 47 79 55 42 69 73 21 27 65 61 41 18 96 82 85 1 77 50 43 30 15 72 49 96 55 34 111 45 27 59 49 104 9 26 38 40 19 69 51 84 84 53 37 75 51 
51 41 25 65 11 39 23 52 57 61 29 59 52 30 12 70 26 44 18 17 45 62 37 35 41 45 67 0 49 9 44 29 59 11 49 44 18 35 41 57 30 51 49 22 59 26 49 28 49 42 66 10 33 29 41 67 21 37 28 13 41 46 25 42 33 41 38 59 42 47 39 54 2 56 58 34 50 30 14 20 
96 69 72 80 44 80 35 100 103 26 22 107 21 52 53 81 49 58 66 66 78 62 57 62 29 83 78 49 0 57 84 56 88 40 2 31 66 24 77 102 19 73 51 27 25 49 66 62 6 15 77 49 30 41 50 68 70 77 58 53 72 58 43 65 78 81 58 73 56 81 74 76 50 95 106 23 91 51 38 59 
43 43 17 62 16 37 32 44 48 68 37 50 59 30 16 68 32 50 9 9 40 63 42 38 50 38 66 9 57 0 37 28 54 17 58 49 14 41 35 48 39 48 51 30 66 27 48 30 57 51 65 16 39 33 42 68 13 30 32 12 36 51 28 39 25 33 43 57 42 41 33 51 8 49 49 43 42 31 23 16 
16 78 22 42 43 65 67 25 26 84 62 37 77 34 53 49 69 87 30 36 13 57 78 73 85 4 48 44 84 37 0 30 23 47 85 62 44 61 8 22 68 28 50 58 82 36 36 65 86 82 48 53 56 45 44 58 34 8 68 33 16 88 42 28 15 4 79 40 38 11 11 30 44 12 35 76 7 35 58 25 
44 70 28 36 21 65 47 51 53 54 35 61 47 4 41 41 54 73 29 34 23 36 65 64 62 28 38 29 56 28 30 0 34 25 57 33 41 32 22 50 43 22 25 33 52 7 20 57 58 57 38 39 26 15 17 40 36 24 57 16 17 74 13 13 30 27 66 30 14 26 19 26 30 40 60 52 37 6 38 14 
35 97 43 23 53 86 80 46 45 80 68 57 75 36 69 30 85 103 50 55 13 44 95 92 96 19 30 59 88 54 23 34 0 57 89 60 63 64 20 40 76 15 43 66 79 40 25 84 91 90 30 69 58 47 40 43 54 27 86 46 18 104 46 23 36 25 96 24 32 13 20 14 59 21 56 86 24 37 70 39 
56 48 31 60 4 49 23 59 63 51 19 67 42 24 21 64 31 49 26 26 45 54 42 42 39 47 61 11 40 17 47 25 57 0 41 33 29 24 42 62 23 47 40 13 49 20 44 37 41 36 60 18 23 20 33 59 30 39 35 13 40 50 16 37 38 43 43 53 35 47 39 50 12 59 66 30 53 24 14 21 
96 68 72 82 44 79 34 100 104 28 23 107 23 54 52 83 48 56 66 66 79 64 55 61 28 84 80 49 2 58 85 57 89 41 0 33 66 26 79 103 19 75 53 28 28 50 67 62 4 13 79 49 32 42 52 70 70 78 57 53 74 56 44 66 79 82 57 75 58 83 76 78 50 97 107 22 92 53 37 60 
76 79 58 50 34 82 46 83 86 21 22 93 15 29 53 50 59 74 55 58 53 32 70 72 52 60 47 44 31 49 62 33 60 33 33 0 62 12 55 83 30 45 20 27 20 27 36 69 36 40 46 50 11 18 21 38 61 57 66 39 48 75 23 38 62 60 71 43 28 57 52 47 45 72 91 42 69 27 41 43 
45 34 21 75 28 24 35 43 47 79 47 46 70 43 15 81 29 45 14 8 50 77 36 30 52 46 79 18 66 14 44 41 63 29 66 62 0 53 44 49 47 59 64 40 78 41 61 22 65 57 78 17 51 46 56 81 10 37 25 25 47 46 41 52 30 40 36 69 55 50 43 63 17 55 45 48 48 44 29 28 
74 68 53 57 26 72 34 79 82 27 10 88 18 28 43 58 48 62 49 50 54 42 58 61 41 60 55 35 24 41 61 32 64 24 26 12 53 0 54 80 19 49 29 16 25 25 42 58 28 30 54 40 6 17 26 48 54 54 55 33 49 63 19 40 58 58 59 50 32 58 51 52 36 72 87 30 68 27 30 38 
24 77 23 36 38 66 63 33 34 76 56 44 69 26 51 43 67 85 30 36 7 49 76 72 80 6 42 41 77 35 8 22 20 42 79 55 44 54 0 30 63 21 42 53 74 29 28 65 79 77 41 50 49 38 36 51 35 7 67 29 8 86 35 20 18 8 77 33 30 7 3 23 41 18 43 71 15 27 54 21 
7 81 31 62 59 64 80 8 5 104 80 18 97 54 62 69 78 93 39 43 35 79 85 78 98 26 69 57 102 48 22 50 40 62 103 83 49 80 30 0 85 49 72 75 103 56 58 70 103 98 69 63 76 65 66 80 39 27 74 49 38 95 61 50 24 23 85 61 60 31 33 50 56 19 17 91 16 56 71 42 
79 52 54 73 26 61 17 82 86 38 9 89 30 40 33 76 32 44 47 47 65 60 41 46 22 68 73 30 19 39 68 43 76 23 19 30 47 19 63 85 0 63 47 10 37 36 57 44 19 14 72 30 23 30 43 66 51 61 41 36 59 45 30 54 61 65 43 66 48 68 60 67 31 81 88 12 75 40 18 43 
43 91 41 16 43 83 69 53 53 65 55 64 60 23 62 22 76 95 46 51 14 30 87 85 84 24 21 51 73 48 28 22 15 47 75 45 59 49 21 49 63 0 28 54 64 28 10 78 77 77 21 61 43 33 25 31 52 28 79 37 13 96 33 10 38 28 88 12 17 18 19 3 52 32 63 74 33 24 60 32 
66 89 54 30 39 87 59 74 76 38 38 85 34 22 60 30 70 87 54 58 39 14 81 82 69 47 27 49 51 51 50 25 43 40 53 20 64 29 42 72 47 28 0 40 37 23 18 77 56 59 26 58 24 20 8 20 60 47 76 39 34 88 24 23 54 49 83 23 13 43 40 29 50 58 84 59 57 20 52 39 
69 52 44 65 16 57 19 72 76 41 7 80 32 31 28 68 32 47 39 39 55 54 42 45 30 58 65 22 27 30 58 33 66 13 28 27 40 16 53 75 10 54 40 0 39 26 49 42 28 24 64 25 18 22 35 60 43 51 39 26 49 48 21 45 51 55 44 58 39 58 50 57 23 70 79 20 65 30 14 33 
96 89 76 66 50 96 54 102 105 2 32 112 7 48 67 64 69 81 73 75 72 44 78 82 54 80 61 59 25 66 82 52 79 49 28 20 78 25 74 103 37 64 37 39 0 46 54 80 31 40 61 64 28 38 40 49 79 76 77 57 67 81 42 57 81 80 79 60 47 76 71 65 61 92 111 46 89 47 53 62 
50 67 32 40 17 64 42 56 59 48 28 66 41 4 38 44 51 69 31 35 29 36 62 61 56 34 41 26 49 27 36 7 40 20 50 27 41 25 29 56 36 28 23 26 46 0 24 55 51 50 40 36 20 9 15 41 37 30 54 15 24 70 6 18 35 34 63 33 16 33 26 31 28 47 65 46 43 4 33 16 
51 90 45 16 40 84 65 61 62 56 49 72 51 20 61 21 74 92 48 53 23 21 85 84 79 32 18 49 66 48 36 20 25 44 67 36 61 42 28 58 57 10 18 49 54 24 0 77 69 71 17 59 36 27 16 23 54 34 78 37 20 93 28 9 43 36 86 9 9 26 26 11 50 42 71 68 41 19 57 33 
66 13 43 93 38 18 28 63 68 82 49 65 73 58 16 98 14 24 35 29 71 90 15 8 40 67 96 28 62 30 65 57 84 37 62 69 22 58 65 70 44 78 77 42 80 55 77 0 59 50 95 19 58 57 69 95 32 58 5 41 67 25 53 69 51 62 16 87 70 71 63 81 27 76 64 40 69 59 28 46 
97 65 72 84 44 77 32 100 104 32 23 107 27 55 51 85 45 53 66 65 81 67 52 59 24 85 82 49 6 57 86 58 91 41 4 36 65 28 79 103 19 77 56 28 31 51 69 59 0 10 81 48 34 44 54 73 70 78 55 54 75 53 45 68 79 83 54 78 60 84 77 80 50 97 106 19 93 54 36 61 
92 55 67 86 40 67 23 95 99 41 22 101 34 54 43 88 36 43 60 59 79 71 42 49 14 82 85 42 15 51 82 57 90 36 13 40 57 30 77 98 14 77 59 24 40 50 71 50 10 0 84 40 35 44 55 77 63 75 45 49 73 43 44 68 74 79 44 79 61 82 74 80 43 95 100 10 89 53 29 57 
63 107 61 8 57 102 82 73 73 62 63 85 59 37 78 4 91 109 65 70 35 18 102 101 94 44 1 66 77 65 48 38 30 60 79 46 78 54 41 69 72 21 26 64 61 40 17 95 81 84 0 77 49 42 29 14 71 48 95 54 34 110 44 26 58 49 103 9 25 38 40 19 68 51 83 83 52 36 74 50 
58 31 32 75 20 32 18 58 63 66 32 63 57 40 3 80 16 34 24 21 55 72 26 25 35 54 77 10 49 16 53 39 69 18 49 50 17 40 50 63 30 61 58 25 64 36 59 19 48 40 77 0 40 38 50 77 25 46 18 24 51 36 34 52 41 49 27 69 52 57 49 64 9 65 62 30 58 40 12 30 
69 69 49 51 23 72 36 75 78 30 14 84 21 23 43 53 49 65 45 48 48 37 60 62 45 54 50 33 30 39 56 26 58 23 32 11 51 6 49 76 23 43 24 18 28 20 36 58 34 35 49 40 0 11 20 43 51 49 56 29 43 66 14 34 53 53 61 44 26 52 46 46 35 67 83 35 63 21 31 34 
59 69 40 43 19 68 40 65 68 39 22 74 32 12 40 46 50 68 38 41 37 34 61 62 52 43 43 29 41 33 45 15 47 20 42 18 46 17 38 65 30 33 20 22 38 9 27 57 44 44 42 38 11 0 13 39 44 39 56 21 32 69 5 24 43 43 63 36 18 41 35 36 31 56 73 41 52 11 32 25 
59 81 45 31 31 79 53 67 69 41 34 77 36 13 53 33 63 81 46 50 33 21 75 75 64 41 30 41 50 42 44 17 40 33 52 21 56 26 36 66 43 25 8 35 40 15 16 69 54 55 29 50 20 13 0 26 52 39 68 30 28 82 16 17 47 42 76 24 7 37 33 27 42 53 76 54 51 12 45 30 
74 108 67 22 57 105 79 83 84 50 57 95 49 38 79 17 90 107 70 74 45 6 101 101 88 54 15 67 68 68 58 40 43 59 70 38 81 48 51 80 66 31 20 60 49 41 23 95 73 77 14 77 43 39 26 0 76 57 95 56 42 108 43 32 66 58 102 19 26 48 49 30 69 63 93 78 63 37 72 54 
35 44 11 67 28 32 42 33 38 80 49 38 72 39 23 74 39 55 6 4 41 72 46 40 60 36 72 21 70 13 34 36 54 30 70 61 10 54 35 39 51 52 60 43 79 37 54 32 70 63 71 25 51 44 52 76 0 28 35 22 39 56 39 45 19 30 47 62 50 41 34 55 20 44 37 54 37 40 34 22 
20 71 16 43 35 59 60 28 29 78 55 38 70 28 45 50 62 79 24 29 15 55 71 67 77 9 49 37 77 30 8 24 27 39 78 57 37 54 7 27 61 28 47 51 76 30 34 58 78 75 48 46 49 39 39 57 28 0 61 26 14 81 35 25 10 4 72 40 34 14 8 30 37 20 37 69 14 29 50 18 
70 13 46 93 38 23 23 67 72 79 46 69 70 58 17 98 9 19 37 32 72 90 11 6 35 70 96 28 58 32 68 57 86 35 57 66 25 55 67 74 41 79 76 39 77 54 78 5 55 45 95 18 56 56 68 95 35 61 0 41 68 21 52 70 54 64 11 87 70 73 65 82 27 79 69 36 72 59 25 47 
43 54 20 52 9 49 35 47 51 59 31 55 50 18 25 57 39 58 16 20 33 52 50 48 52 33 55 13 53 12 33 16 46 13 53 39 25 33 29 49 36 37 39 26 57 15 37 41 54 49 54 24 29 21 30 56 22 26 41 0 28 59 17 29 26 30 51 46 30 35 27 41 14 45 54 43 40 19 25 8 
32 80 28 29 36 71 62 41 42 69 52 52 63 20 52 36 67 85 34 39 5 41 78 74 78 13 34 41 72 36 16 17 18 40 74 48 47 49 8 38 59 13 34 49 67 24 20 67 75 73 34 51 43 32 28 42 39 14 68 28 0 87 30 12 24 16 79 25 22 9 6 16 42 25 51 69 22 22 53 21 
91 19 66 109 53 39 29 88 93 82 53 90 74 74 35 114 20 2 58 53 91 102 10 18 29 90 111 46 58 51 88 74 104 50 56 75 46 63 86 95 45 96 88 48 81 70 93 25 53 43 110 36 66 69 82 108 56 81 21 59 87 0 66 87 75 84 10 103 85 93 84 99 45 100 90 35 93 74 36 66 
55 65 35 44 15 64 37 61 64 43 22 70 36 10 36 48 47 65 33 36 36 38 58 58 51 40 45 25 43 28 42 13 46 16 44 23 41 19 35 61 30 33 24 21 42 6 28 53 45 44 44 34 14 5 16 43 39 35 52 17 30 66 0 24 39 39 59 38 19 39 32 37 26 53 69 41 49 9 29 20 
43 82 36 23 34 76 60 52 53 58 46 63 53 14 53 29 67 85 39 44 16 30 78 76 74 25 27 42 65 39 28 13 23 37 66 38 52 40 20 50 54 10 23 45 57 18 9 69 68 68 26 52 34 24 17 32 45 25 70 29 12 87 24 0 34 27 79 17 11 20 17 13 43 36 62 64 34 14 51 24 
18 63 9 53 35 50 57 22 25 83 57 31 75 34 40 60 56 73 17 22 25 64 65 59 75 18 59 33 78 25 15 30 36 38 79 62 30 58 18 24 61 38 54 51 81 35 43 51 79 74 58 41 53 43 47 66 19 10 54 26 24 75 39 34 0 12 65 50 42 24 18 40 33 25 30 67 18 35 48 19 
17 74 19 43 39 61 64 25 26 82 59 36 74 31 49 50 65 83 27 32 14 56 75 70 81 6 49 41 81 33 4 27 25 43 82 60 40 58 8 23 65 28 49 55 80 34 36 62 83 79 49 49 53 43 42 58 30 4 64 30 16 84 39 27 12 0 75 40 37 12 10 31 41 16 35 73 10 33 54 22 
81 12 57 102 46 30 26 79 84 81 49 80 72 67 27 107 12 8 48 44 83 97 1 8 31 81 104 38 58 43 79 66 96 43 57 71 36 59 77 85 43 88 83 44 79 63 86 16 54 44 103 27 61 63 76 102 47 72 11 51 79 10 59 79 65 75 0 96 78 84 76 92 37 90 80 35 84 67 31 57 
55 99 52 7 50 93 75 65 65 61 57 76 57 29 70 11 84 102 56 62 26 20 95 93 88 36 9 59 73 57 40 30 24 53 75 43 69 50 33 61 66 12 23 58 60 33 9 87 78 79 9 69 44 36 24 19 62 40 87 46 25 103 38 17 50 40 96 0 18 29 31 10 60 43 75 77 44 29 67 42 
53 83 42 25 32 79 57 62 63 48 39 73 43 12 54 29 66 84 44 48 26 22 77 76 69 35 26 42 56 42 38 14 32 35 58 28 55 32 30 60 48 17 13 39 47 16 9 70 60 61 25 52 26 18 7 26 50 34 70 30 22 85 19 11 42 37 78 18 0 30 27 20 43 46 71 59 44 12 49 28 
26 84 30 31 43 73 69 36 36 78 61 47 72 29 57 39 73 91 37 42 4 47 83 79 86 7 38 47 81 41 11 26 13 47 83 57 50 58 7 31 68 18 43 58 76 33 26 71 84 82 38 57 52 41 37 48 41 14 73 35 9 93 39 20 24 12 84 29 30 0 8 19 48 16 46 77 15 30 60 27 
26 76 23 35 35 66 61 35 36 73 53 46 66 23 49 42 65 83 29 35 7 47 75 71 78 8 40 39 74 33 11 19 20 39 76 52 43 51 3 33 60 19 40 50 71 26 26 63 77 74 40 49 46 35 33 49 34 8 65 27 6 84 32 17 18 10 76 31 27 8 0 22 39 21 45 69 18 24 52 19 
45 94 44 13 47 86 73 55 55 67 58 66 62 27 66 20 80 98 49 55 16 30 91 88 87 26 19 54 76 51 30 26 14 50 78 47 63 52 23 50 67 3 29 57 65 31 11 81 80 80 19 64 46 36 27 30 55 30 82 41 16 99 37 13 40 31 92 10 20 19 22 0 55 33 65 77 34 27 64 35 
51 40 25 66 12 37 24 52 56 63 30 58 54 31 11 71 25 44 17 16 46 64 36 34 42 45 69 2 50 8 44 30 59 12 50 45 17 36 41 56 31 52 50 23 61 28 50 27 50 43 68 9 35 31 42 69 20 37 27 14 42 45 26 43 33 41 37 60 43 48 39 55 0 56 57 35 50 32 15 21 
15 88 34 43 55 74 79 26 24 94 74 37 87 44 64 51 81 98 42 47 20 62 90 85 97 13 51 56 95 49 12 40 21 59 97 72 55 72 18 19 81 32 58 70 92 47 42 76 97 95 51 65 67 56 53 63 44 20 79 45 25 100 53 36 25 16 90 43 46 16 21 33 56 0 35 88 7 45 70 38 
21 73 35 77 63 54 79 10 12 112 85 1 104 64 60 84 74 88 40 42 49 92 80 72 97 39 84 58 106 49 35 60 56 66 107 91 45 87 43 17 88 63 84 79 111 65 71 64 106 100 83 62 83 73 76 93 37 37 69 54 51 90 69 62 30 35 80 75 71 46 45 65 57 35 0 92 32 65 72 49 
85 46 59 84 34 58 13 87 91 47 21 92 39 50 33 87 26 35 52 50 74 72 33 39 11 76 84 34 23 43 76 52 86 30 22 42 48 30 71 91 12 74 59 20 46 46 68 40 19 10 83 30 35 41 54 78 54 69 36 43 69 35 41 64 67 73 35 77 59 77 69 77 35 88 92 0 83 50 20 51 
11 82 27 46 49 67 73 21 21 91 69 33 84 41 58 53 74 91 35 40 19 62 83 78 91 10 53 50 91 42 7 37 24 53 92 69 48 68 15 16 75 33 57 65 89 43 41 69 93 89 52 58 63 52 51 63 37 14 72 40 22 93 49 34 18 10 84 44 44 15 18 34 50 7 32 83 0 42 64 32 
49 71 33 36 21 68 46 56 59 49 31 66 42 2 42 40 55 73 34 38 27 33 66 65 60 33 37 30 51 31 35 6 37 24 53 27 44 27 27 56 40 24 20 30 47 4 19 59 54 53 36 40 21 11 12 37 40 29 59 19 22 74 9 14 35 33 67 29 12 30 24 27 32 45 65 50 42 0 38 18 
65 38 40 73 17 43 9 67 71 55 21 72 46 38 15 77 18 35 32 30 58 66 29 31 27 58 75 14 38 23 58 38 70 14 37 41 29 30 54 71 18 60 52 14 53 33 57 28 36 29 74 12 31 32 45 72 34 50 25 25 53 36 29 51 48 54 31 67 49 60 52 64 15 70 72 20 64 38 0 33 
36 59 15 47 17 52 42 41 44 64 38 50 55 17 31 53 46 64 16 20 25 50 56 53 59 26 51 20 59 16 25 14 39 21 60 43 28 38 21 42 43 32 39 33 62 16 33 46 61 57 50 30 34 25 30 54 22 18 47 8 21 66 20 24 19 22 57 42 28 27 19 35 21 38 49 51 32 18 33 0 
0 48 22 277 212 48 0 0 0 23 84 572 0 38 2363 0 40 359 0 11 62 98 9 86 158 8 14 0 30 14 1674 300 0 45 22 118 996 183 0 0 482 0 53 15 0 0 79 0 0 0 14 0 0 476 147 391 700 0 0 217 509 12 104 141 15 0 0 0 60 2859 0 20 19 47 0 3000 74 29 582 0 
48 0 10 147 20 38 0 0 0 127 165 793 79 15 973 0 52 29 0 506 20 51 171 3000 29 305 375 0 1832 12 330 44 0 30 15 99 134 26 0 0 916 0 40 349 0 0 1457 0 615 0 324 0 0 348 317 265 279 0 0 380 178 570 13 36 2100 0 0 0 19 106 0 351 55 221 27 16 2086 784 93 0 
22 10 0 0 117 3000 357 0 0 860 478 28 0 0 32 14 683 44 867 3000 8 97 1531 3000 65 3000 30 0 9 0 308 10 36 386 60 0 80 1045 40 0 3000 0 0 30 418 0 254 10 1353 0 44 0 127 28 19 41 25 0 263 8 1090 215 33 57 162 0 0 0 3000 0 0 669 92 150 41 36 87 0 0 0 
277 147 0 0 20 0 0 49 66 176 0 29 173 10 298 0 0 0 0 109 87 10 302 0 109 0 8 0 334 786 0 25 0 25 33 10 2060 156 0 374 43 0 586 27 0 0 72 0 0 0 78 0 0 0 0 68 710 0 0 42 2177 30 0 0 166 0 1666 0 0 1232 23 347 377 3000 0 3000 59 96 194 110 
212 20 117 20 0 220 3000 1517 22 14 182 240 1022 11 494 238 9 1231 315 15 15 496 223 155 81 59 733 0 26 109 519 9 109 558 877 21 11 37 1395 87 101 0 49 609 194 0 165 278 851 263 723 28 11 45 105 937 316 11 73 415 557 93 64 229 116 2271 0 0 46 321 0 975 269 894 92 2021 177 122 169 0 
48 38 3000 0 220 0 11 260 50 539 2756 639 506 0 804 14 62 145 30 288 0 55 64 19 175 656 118 1017 274 271 147 0 17 136 319 18 1126 368 107 538 0 39 0 20 325 596 126 10 821 113 27 97 3000 18 88 1527 108 38 1008 0 551 32 49 70 537 8 8 74 202 792 235 193 2204 101 31 174 0 0 213 11 
0 0 357 0 3000 11 0 717 0 13 188 40 262 0 111 21 457 28 296 235 0 0 0 212 144 7 3000 90 276 11 22 0 366 101 0 0 331 0 647 565 0 414 0 84 10 276 0 141 28 61 67 463 44 53 187 41 0 14 9 0 0 205 310 37 13 10 0 292 65 0 26 0 0 284 1316 9 0 0 0 0 
0 0 0 49 1517 260 717 0 716 45 3000 223 51 1501 32 9 0 0 31 943 0 0 456 0 670 0 507 7 8 277 0 0 66 0 0 8 72 181 66 16 0 30 0 10 80 214 0 42 300 66 44 8 388 0 0 150 36 103 40 0 62 55 0 0 0 8 1574 150 0 2071 3000 156 0 29 19 3000 0 0 69 59 
0 0 0 66 22 50 0 716 0 244 14 25 2458 46 33 0 0 0 482 156 0 0 254 0 1226 0 558 10 572 32 0 0 0 0 0 386 13 11 0 212 0 0 0 272 0 696 855 0 3000 0 41 3000 0 0 0 122 284 1629 0 0 136 210 0 0 0 22 728 0 0 11 60 3000 1138 460 0 42 0 1027 14 210 
23 127 860 176 14 539 13 45 244 0 1571 30 179 897 779 77 14 219 426 506 2492 15 3000 96 786 76 12 316 1008 120 165 17 0 644 1616 8 90 224 14 115 57 0 82 42 194 15 80 0 51 0 272 98 142 18 3000 14 90 16 92 639 19 47 96 44 128 11 673 0 1424 19 8 28 180 75 579 26 1405 120 7 46 
84 165 478 0 182 2756 188 3000 14 1571 0 40 13 0 626 20 69 228 24 1344 0 312 3000 101 116 13 130 31 3000 3000 117 0 64 250 517 58 79 42 483 314 0 141 0 2820 113 345 1785 382 3000 11 1065 8 17 504 457 1493 7 1916 34 0 1376 23 1754 78 62 419 0 21 627 924 20 38 1596 8 465 12 44 0 52 0 
572 793 28 29 240 639 40 223 25 30 40 0 20 1323 55 117 14 139 0 28 278 9 67 890 177 200 100 0 1076 2403 232 171 0 626 2578 511 33 107 0 173 41 0 12 133 32 26 270 0 104 0 560 548 0 381 32 177 849 11 527 28 378 192 24 60 57 272 141 0 51 286 45 1510 39 82 87 2404 922 425 109 90 
0 79 0 173 1022 506 262 51 2458 179 13 20 0 50 24 48 8 0 537 258 0 0 133 0 44 0 914 1281 417 7 0 0 946 0 0 54 3000 2711 192 8 0 497 0 31 7 2733 91 25 807 88 267 19 618 0 0 57 110 114 29 0 3000 2303 0 0 238 132 14 134 0 9 3000 210 388 82 21 53 0 8 1397 35 
38 15 0 10 11 0 0 1501 46 897 0 1323 50 0 186 0 0 0 0 1707 14 114 156 0 86 0 0 0 7 191 0 426 0 134 140 51 19 361 0 0 1068 0 81 22 0 0 80 0 0 0 21 0 0 0 0 470 30 0 0 719 11 9 0 0 14 0 32 0 0 115 156 90 11 565 0 249 17 424 12 76 
2363 973 32 298 494 804 111 32 33 779 626 55 24 186 0 3000 93 8 83 1584 16 600 3000 194 49 33 156 26 1105 624 239 1516 2047 22 9 171 492 859 54 19 1301 143 71 87 25 180 326 83 1310 972 293 23 3000 317 636 3000 29 126 115 508 233 198 107 726 775 49 3000 425 275 16 16 1761 75 37 181 12 29 304 215 31 
0 0 14 0 238 14 21 9 0 77 20 117 48 0 3000 0 26 71 585 239 0 0 0 90 19 8 16 708 0 22 161 0 661 82 1406 0 112 0 513 8 0 16 0 563 1570 58 0 1219 21 283 104 738 10 1727 10 11 0 127 269 0 0 685 109 96 327 41 0 65 812 0 609 0 0 92 522 9 0 0 0 0 
40 52 683 0 9 62 457 0 0 14 69 14 8 0 93 26 0 624 283 40 0 1633 0 235 25 169 3000 2064 36 30 19 0 269 457 259 0 166 3000 24 432 0 384 0 448 130 0 78 1662 21 82 19 186 23 23 273 26 899 415 45 0 0 517 129 15 48 10 0 40 22 0 0 131 44 689 61 19 37 0 0 0 
359 29 44 0 1231 145 28 0 0 219 228 139 0 0 8 71 624 0 39 11 0 34 0 1466 26 31 14 0 0 0 251 0 769 414 130 0 58 51 3000 0 0 0 0 66 74 0 215 309 199 561 859 0 78 165 2416 215 16 0 1281 0 0 0 101 271 628 0 0 0 79 0 0 86 223 1022 121 1378 139 0 0 0 
0 0 867 0 315 30 296 31 482 426 24 0 537 0 83 585 283 39 0 593 0 0 0 45 35 81 2780 72 95 34 114 0 14 81 0 0 120 0 8 1374 0 121 0 63 696 533 0 12 126 63 23 98 34 0 37 66 0 3000 15 0 0 37 119 1242 157 3000 0 1041 12 0 12 0 0 0 162 105 0 0 0 0 
11 506 3000 109 15 288 235 943 156 506 1344 28 258 1707 1584 239 40 11 593 0 347 13 832 12 1251 85 597 10 248 311 54 9 16 8 287 420 62 3000 270 29 98 92 169 13 52 99 58 2905 398 332 183 261 400 42 265 10 109 43 11 10 513 2352 69 422 20 1725 125 54 825 21 66 1281 933 619 1746 500 8 64 7 249 
62 20 8 87 15 0 0 0 0 2492 0 278 0 14 16 0 0 0 0 347 0 116 88 0 17 0 0 0 225 268 0 590 0 1948 25 169 8 471 0 0 3000 0 799 0 0 0 1818 0 0 0 287 0 0 0 0 871 394 0 0 58 103 43 0 0 77 0 0 0 0 1143 0 91 548 928 0 107 1040 107 96 0 
98 51 97 10 496 55 0 0 0 15 312 9 0 114 600 0 1633 34 0 13 116 0 161 12 1045 62 174 0 714 188 415 101 0 100 490 46 30 3000 0 0 105 0 1375 18 0 0 20 0 0 0 90 0 0 54 32 3000 7 0 0 1292 94 902 41 3000 582 0 0 0 341 183 0 313 235 552 167 134 37 55 94 0 
9 171 1531 302 223 64 0 456 254 3000 3000 67 133 156 3000 0 0 0 0 832 88 161 0 0 83 0 167 0 88 103 0 58 0 3000 714 29 21 37 0 37 262 0 40 131 0 0 52 0 0 0 10 0 0 46 393 502 865 0 0 704 142 787 12 0 277 0 29 0 0 1409 0 584 70 30 0 792 67 222 108 34 
86 3000 3000 0 155 19 212 0 0 96 101 890 0 0 194 90 235 1466 45 12 0 12 0 0 3000 212 18 0 0 0 434 0 363 2435 3000 0 99 0 37 0 0 0 0 10 7 0 0 44 32 79 566 0 8 32 897 21 0 0 3000 0 0 0 1039 115 11 0 0 0 133 0 0 0 66 1523 23 144 0 0 0 0 
158 29 65 109 81 175 144 670 1226 786 116 177 44 86 49 19 25 26 35 1251 17 1045 83 3000 0 1118 22 849 34 996 551 693 27 9 8 7 696 154 423 86 27 0 1400 157 84 41 11 96 225 0 59 615 447 643 287 279 234 243 367 90 46 15 9 148 160 19 289 0 2017 182 47 1653 55 264 85 211 391 21 260 0 
8 305 3000 0 59 656 7 0 0 76 13 200 0 0 33 8 169 31 81 85 0 62 0 212 1118 0 333 0 949 0 100 0 996 250 40 0 39 369 34 17 0 79 0 9 347 0 11 866 36 54 8 0 25 37 3000 395 21 0 108 0 0 158 52 435 250 200 0 47 3000 0 0 115 26 335 661 13 43 0 0 0 
14 375 30 8 733 118 3000 507 558 12 130 100 914 0 156 16 3000 14 2780 597 0 174 167 18 22 333 0 25 79 27 68 0 200 242 739 138 65 52 857 38 0 101 0 1453 117 49 78 474 47 724 231 26 10 368 119 518 236 10 87 0 14 372 32 111 13 119 297 59 16 75 46 3000 524 183 201 55 0 0 43 346 
0 0 0 0 0 1017 90 7 10 316 31 0 1281 0 26 708 2064 0 72 10 0 0 0 0 849 0 25 0 1085 37 0 0 1736 0 0 90 653 0 138 170 0 2412 0 441 31 56 0 195 202 152 8 55 840 0 0 2623 97 81 52 0 11 123 0 183 0 365 872 240 0 308 2673 0 0 58 13 459 0 0 113 2893 
30 1832 9 334 26 274 276 8 572 1008 3000 1076 417 7 1105 0 36 0 95 248 225 714 88 0 34 949 79 1085 0 275 0 468 0 133 262 22 53 57 0 153 12 0 737 842 0 49 120 0 128 0 1521 176 0 0 2158 31 473 164 10 18 828 129 672 0 87 838 3000 0 0 107 115 231 401 19 103 2685 150 226 618 11 
14 12 0 786 109 271 11 277 32 120 3000 2403 7 191 624 22 30 0 34 311 268 188 103 0 996 0 27 37 275 0 0 59 0 0 155 14 28 3000 18 48 730 0 283 234 0 52 30 0 753 0 15 20 0 0 0 136 134 229 1794 11 77 212 0 0 373 83 50 0 0 231 965 1013 659 143 668 101 20 143 12 35 
1674 330 308 0 519 147 22 0 0 165 117 232 0 0 239 161 19 251 114 54 0 415 0 434 551 100 68 0 0 0 0 0 8 185 1693 0 136 0 27 0 0 650 0 266 1610 0 0 53 78 142 79 0 159 13 28 60 0 0 101 0 0 0 26 39 60 0 0 0 27 0 0 0 58 13 56 27 0 0 0 0 
300 44 10 25 9 0 0 0 0 17 0 171 0 426 1516 0 0 0 0 9 590 101 58 0 693 0 0 0 468 59 0 0 0 342 53 15 507 14 0 0 565 0 38 0 0 0 57 0 0 0 228 0 0 396 176 266 45 0 0 37 18 71 0 0 62 0 0 0 0 21 0 361 191 251 0 16 165 457 23 0 
0 0 36 0 109 17 366 66 0 0 64 0 946 0 2047 661 269 769 14 16 0 0 0 363 27 996 200 1736 0 0 8 0 0 0 0 0 211 0 19 181 0 326 0 17 3000 198 0 15 126 301 41 1326 28 0 27 13 0 216 8 0 0 0 89 121 930 801 0 2233 1588 0 80 0 0 0 343 14 0 0 0 0 
45 30 386 25 558 136 101 0 0 644 250 626 0 134 22 82 457 414 81 8 1948 100 3000 2435 9 250 242 0 133 0 185 342 0 0 33 0 162 171 0 0 213 0 37 2035 14 0 3000 0 473 0 84 0 50 171 25 94 8 0 56 98 1182 43 11 3000 23 0 0 0 29 0 0 81 28 44 10 276 23 91 0 0 
22 15 60 33 877 319 0 0 0 1616 517 2578 0 140 9 1406 259 130 0 287 25 490 714 3000 8 40 739 0 262 155 1693 53 0 33 0 9 1518 95 0 0 636 0 538 43 9 0 214 0 1588 0 1471 0 0 68 81 3000 820 0 484 95 3000 1443 22 212 180 0 0 0 966 778 0 18 228 118 542 153 18 66 49 0 
118 99 0 10 21 18 0 8 386 8 58 511 54 51 171 0 0 0 0 420 169 46 29 0 7 0 138 90 22 14 0 15 0 0 9 0 10 152 0 19 1539 0 10 654 0 852 15 0 98 0 278 135 0 0 0 34 2039 31 0 602 305 20 0 0 349 529 18 0 0 9 124 34 26 13 0 10 394 1907 90 328 
996 134 80 2060 11 1126 331 72 13 90 79 33 3000 19 492 112 166 58 120 62 8 30 21 99 696 39 65 653 53 28 136 507 211 162 1518 10 0 334 16 1495 41 228 1710 119 1203 1163 2557 39 102 32 11 53 123 380 28 11 176 28 357 11 68 169 77 108 914 521 110 218 9 13 200 3000 22 140 211 7 72 7 24 2225 
183 26 1045 156 37 368 0 181 11 224 42 107 2711 361 859 0 3000 51 0 3000 471 3000 37 0 154 369 52 0 57 3000 0 14 0 171 95 152 334 0 0 136 28 0 9 190 0 61 81 0 129 0 70 49 0 1029 834 706 55 463 0 494 80 20 36 183 366 444 532 0 0 42 274 102 27 884 0 12 33 15 9 160 
0 0 40 0 1395 107 647 66 0 14 483 0 192 0 54 513 24 3000 8 270 0 0 0 37 423 34 857 138 0 18 27 0 19 0 0 0 16 0 0 74 0 807 0 82 69 46 0 20 43 356 115 155 99 0 11 1089 0 96 33 0 0 0 1582 45 29 145 0 153 12 0 38 0 0 0 3000 182 0 0 0 0 
0 0 0 374 87 538 565 16 212 115 314 173 8 0 19 8 432 0 1374 29 0 0 37 0 86 17 38 170 153 48 0 0 181 0 0 19 1495 136 74 0 0 399 0 1873 635 222 10 15 10 88 14 461 23 0 0 392 285 29 1293 0 3000 3000 12 253 382 37 1237 2989 438 291 9 36 33 83 33 50 0 0 3000 194 
482 916 3000 43 101 0 0 0 0 57 0 41 0 1068 1301 0 0 0 0 98 3000 105 262 0 27 0 0 0 12 730 0 565 0 213 636 1539 41 28 0 0 0 0 11 0 0 0 27 0 0 0 468 0 0 0 45 126 18 0 0 637 19 95 0 0 52 0 0 0 0 22 0 38 1186 27 0 222 791 128 134 0 
0 0 0 0 0 39 414 30 0 0 141 0 497 0 143 16 384 0 121 92 0 0 0 0 0 79 101 2412 0 0 650 0 326 0 0 0 228 0 807 399 0 0 0 121 11 9 0 15 10 23 87 329 217 0 0 1170 0 172 48 0 0 0 203 46 0 2671 0 76 63 0 994 0 0 0 444 62 0 0 0 0 
53 40 0 586 49 0 0 0 0 82 0 12 0 81 71 0 0 0 0 169 799 1375 40 0 1400 0 0 0 737 283 0 38 0 37 538 10 1710 9 0 0 11 0 0 0 0 0 587 0 0 0 96 0 0 0 0 249 31 0 0 46 118 618 0 0 36 0 0 0 0 250 0 89 107 7 0 132 16 83 271 0 
15 349 30 27 609 20 84 10 272 42 2820 133 31 22 87 563 448 66 63 13 0 18 131 10 157 9 1453 441 842 234 266 0 17 2035 43 654 119 190 82 1873 0 121 0 0 98 1583 50 125 13 2485 75 467 17 14 142 146 37 130 180 0 10 8 2996 15 36 13 13 34 44 9 35 147 61 30 350 851 10 0 14 122 
0 0 418 0 194 325 10 80 0 194 113 32 7 0 25 1570 130 74 696 52 0 0 0 7 84 347 117 31 0 0 1610 0 3000 14 9 0 1203 0 69 635 0 11 0 98 0 57 0 644 1276 3000 23 414 1279 10 465 396 0 680 36 0 0 9 13 388 34 21 0 41 51 0 0 0 0 134 51 61 0 0 0 0 
0 0 0 0 0 596 276 214 696 15 345 26 2733 0 180 58 0 0 533 99 0 0 0 0 41 0 49 56 49 52 0 0 198 0 0 852 1163 61 46 222 0 9 0 1583 57 0 0 32 764 788 3000 26 14 0 0 1645 756 521 25 0 103 97 0 0 0 258 69 495 0 109 423 0 0 120 54 21 0 0 41 19 
79 1457 254 72 165 126 0 0 855 80 1785 270 91 80 326 0 78 215 0 58 1818 20 52 0 11 11 78 0 120 30 0 57 0 3000 214 15 2557 81 0 10 27 0 587 50 0 0 0 0 1296 0 560 0 0 7 1439 1324 844 0 0 52 550 289 1194 8 614 0 0 0 0 12 0 181 2264 238 0 1391 10 775 789 0 
0 0 10 0 278 10 141 42 0 0 382 0 25 0 83 1219 1662 309 12 2905 0 0 0 44 96 866 474 195 0 0 53 0 15 0 0 0 39 0 20 15 0 15 0 125 644 32 0 0 19 47 620 36 39 0 44 150 0 570 13 0 0 0 14 667 117 143 0 20 3000 0 41 0 0 0 290 893 0 0 0 0 
0 615 1353 0 851 821 28 300 3000 51 3000 104 807 0 1310 21 21 199 126 398 0 0 0 32 225 36 47 202 128 753 78 0 126 473 1588 98 102 129 43 10 0 10 0 13 1276 764 1296 19 0 788 23 315 110 9 593 2209 1219 36 84 0 511 63 51 3000 65 105 670 25 103 78 9 220 255 2872 109 55 0 0 502 57 
0 0 0 0 263 113 61 66 0 0 11 0 88 0 972 283 82 561 63 332 0 0 0 79 0 54 724 152 0 0 142 0 301 0 0 0 32 0 356 88 0 23 0 2485 3000 788 0 47 788 0 141 60 81 0 78 38 0 109 1162 0 0 0 20 58 14 55 0 1629 437 0 0 0 0 0 95 8 0 0 0 0 
14 324 44 78 723 27 67 44 41 272 1065 560 267 21 293 104 19 859 23 183 287 90 10 566 59 8 231 8 1521 15 79 228 41 84 1471 278 11 70 115 14 468 87 96 75 23 3000 560 620 23 141 0 194 1727 136 179 736 193 56 1353 1838 159 42 89 19 1896 1642 33 8 3000 27 83 18 119 29 56 131 3000 40 8 13 
0 0 0 0 28 97 463 8 3000 98 8 548 19 0 23 738 186 0 98 261 0 0 0 0 615 0 26 55 176 20 0 0 1326 0 0 135 53 49 155 461 0 329 0 467 414 26 0 36 315 60 194 0 9 0 0 130 13 2150 7 0 36 8 0 0 0 46 925 135 0 2968 92 88 0 180 8 644 0 0 17 23 
0 0 127 0 11 3000 44 388 0 142 17 0 618 0 3000 10 23 78 34 400 0 0 0 8 447 25 10 840 0 0 159 0 28 50 0 0 123 0 99 23 0 217 0 17 1279 14 0 39 110 81 1727 9 0 1523 198 3000 0 22 34 0 0 0 85 83 12 3000 0 73 57 0 0 0 0 0 55 12 0 0 0 0 
476 348 28 0 45 18 53 0 0 18 504 381 0 0 317 1727 23 165 0 42 0 54 46 32 643 37 368 0 0 0 13 396 0 171 68 0 380 1029 0 0 0 0 0 14 10 0 7 0 9 0 136 0 1523 0 64 76 2288 0 749 3000 0 0 280 58 21 0 0 0 100 0 0 153 102 175 194 8 352 0 0 0 
147 317 19 0 105 88 187 0 0 3000 457 32 0 0 636 10 273 2416 37 265 0 32 393 897 287 3000 119 0 2158 0 28 176 27 25 81 0 28 834 11 0 45 0 0 142 465 0 1439 44 593 78 179 0 198 64 0 162 47 0 20 13 24 34 3000 36 32 0 0 0 165 0 0 8 1944 233 14 1208 930 0 0 0 
391 265 41 68 937 1527 41 150 122 14 1493 177 57 470 3000 11 26 215 66 10 871 3000 502 21 279 395 518 2623 31 136 60 266 13 94 3000 34 11 706 1089 392 126 1170 249 146 396 1645 1324 150 2209 38 736 130 3000 76 162 0 407 153 441 40 17 3000 404 145 1540 47 0 713 140 3000 506 164 16 687 152 161 50 88 132 0 
700 279 25 710 316 108 0 36 284 90 7 849 110 30 29 0 899 16 0 109 394 7 865 0 234 21 236 97 473 134 0 45 0 8 820 2039 176 55 0 285 18 0 31 37 0 756 844 0 1219 0 193 13 0 2288 47 407 0 36 1342 18 3000 8 524 8 51 46 3000 0 11 25 17 2283 7 162 311 331 85 97 1109 12 
0 0 0 0 11 38 14 103 1629 16 1916 11 114 0 126 127 415 0 3000 43 0 0 0 0 243 0 10 81 164 229 0 0 216 0 0 31 28 463 96 29 0 172 0 130 680 521 0 570 36 109 56 2150 22 0 0 153 36 0 1624 0 1232 518 0 0 0 15 17 2516 0 451 296 25 0 3000 17 25 0 0 1316 10 
0 0 263 0 73 1008 9 40 0 92 34 527 29 0 115 269 45 1281 15 11 0 0 0 3000 367 108 87 52 10 1794 101 0 8 56 484 0 357 0 33 1293 0 48 0 180 36 25 0 13 84 1162 1353 7 34 749 20 441 1342 1624 0 0 0 403 1126 2630 10 58 0 70 1165 0 23 0 0 63 3000 871 0 0 0 0 
217 380 8 42 415 0 0 0 0 639 0 28 0 719 508 0 0 0 0 10 58 1292 704 0 90 0 0 0 18 11 0 37 0 98 95 602 11 494 0 0 637 0 46 0 0 0 52 0 0 0 1838 0 0 3000 13 40 18 0 0 0 85 2801 0 0 135 0 0 0 0 491 0 783 170 168 0 13 101 687 65 0 
509 178 1090 2177 557 551 0 62 136 19 1376 378 3000 11 233 0 0 0 0 513 103 94 142 0 46 0 14 11 828 77 0 18 0 1182 3000 305 68 80 0 3000 19 0 118 10 0 103 550 0 511 0 159 36 0 0 24 17 3000 1232 0 85 0 10 0 0 502 959 2428 0 0 75 17 146 9 2691 0 37 281 44 1810 330 
12 570 215 30 93 32 205 55 210 47 23 192 2303 9 198 685 517 0 37 2352 43 902 787 0 15 158 372 123 129 212 0 71 0 43 1443 20 169 20 0 3000 95 0 618 8 9 97 289 0 63 0 42 8 0 0 34 3000 8 518 403 2801 10 0 825 97 18 121 14 0 124 27 10 995 3000 46 354 54 307 9 180 111 
104 13 33 0 64 49 310 0 0 96 1754 24 0 0 107 109 129 101 119 69 0 41 12 1039 9 52 32 0 672 0 26 0 89 11 22 0 77 36 1582 12 0 203 0 2996 13 0 1194 14 51 20 89 0 85 280 3000 404 524 0 1126 0 0 825 0 134 17 57 0 173 104 0 0 1526 699 8 61 351 523 0 0 0 
141 36 57 0 229 70 37 0 0 44 78 60 0 0 726 96 15 271 1242 422 0 3000 0 115 148 435 111 183 0 0 39 0 121 3000 212 0 108 183 45 253 0 46 0 15 388 0 8 667 3000 58 19 0 83 58 36 145 8 0 2630 0 0 97 134 0 676 367 0 328 182 0 0 363 2851 61 9 57 1085 0 0 0 
15 2100 162 166 116 537 13 0 0 128 62 57 238 14 775 327 48 628 157 20 77 582 277 11 160 250 13 0 87 373 60 62 930 23 180 349 914 366 29 382 52 0 36 36 34 0 614 117 65 14 1896 0 12 21 32 1540 51 0 10 135 502 18 17 676 0 41 0 0 700 27 0 320 99 283 3000 151 378 39 0 0 
0 0 0 0 2271 8 10 8 22 11 419 272 132 0 49 41 10 0 3000 1725 0 0 0 0 19 200 119 365 838 83 0 0 801 0 0 529 521 444 145 37 0 2671 0 13 21 258 0 143 105 55 1642 46 3000 0 0 47 46 15 58 0 959 121 57 367 41 0 888 54 15 1063 520 33 0 68 563 67 0 0 42 81 
0 0 0 1666 0 8 0 1574 728 673 0 141 14 32 3000 0 0 0 0 125 0 0 29 0 289 0 297 872 3000 50 0 0 0 0 0 18 110 532 0 1237 0 0 0 13 0 69 0 0 670 0 33 925 0 0 0 0 3000 17 0 0 2428 14 0 0 0 888 0 0 0 21 8 578 0 94 0 145 0 0 252 23 
0 0 0 0 0 74 292 150 0 0 21 0 134 0 425 65 40 0 1041 54 0 0 0 0 0 47 59 240 0 0 0 0 2233 0 0 0 218 0 153 2989 0 76 0 34 41 495 0 20 25 1629 8 135 73 0 0 713 0 2516 70 0 0 0 173 328 0 54 0 0 1356 0 24 0 0 0 3000 1227 0 0 0 0 
60 19 3000 0 46 202 65 0 0 1424 627 51 0 0 275 812 22 79 12 825 0 341 0 133 2017 3000 16 0 0 0 27 0 1588 29 966 0 9 0 12 438 0 63 0 44 51 0 0 3000 103 437 3000 0 57 100 165 140 11 0 1165 0 0 124 104 182 700 15 0 1356 0 0 0 13 115 83 1145 37 0 0 0 0 
2859 106 0 1232 321 792 0 2071 11 19 924 286 9 115 16 0 0 0 0 21 1143 183 1409 0 182 0 75 308 107 231 0 21 0 0 778 9 13 42 0 291 22 0 250 9 0 109 12 0 78 0 27 2968 0 0 0 3000 25 451 0 491 75 27 0 0 27 1063 21 0 0 0 21 20 72 1021 0 3000 1450 13 36 16 
0 0 0 23 0 235 26 3000 60 8 20 45 3000 156 16 609 0 0 12 66 0 0 0 0 47 0 46 2673 115 965 0 0 80 0 0 124 200 274 38 9 0 994 0 35 0 423 0 41 9 0 83 92 0 0 0 506 17 296 23 0 17 10 0 0 0 520 8 24 0 21 0 3000 0 24 0 98 0 0 8 177 
20 351 669 347 975 193 0 156 3000 28 38 1510 210 90 1761 0 131 86 0 1281 91 313 584 0 1653 115 3000 0 231 1013 0 361 0 81 18 34 3000 102 0 36 38 0 89 147 0 0 181 0 220 0 18 88 0 153 8 164 2283 25 0 783 146 995 1526 363 320 33 578 0 13 20 3000 0 2057 110 3000 56 278 38 16 92 
19 55 92 377 269 2204 0 0 1138 180 1596 39 388 11 75 0 44 223 0 933 548 235 70 66 55 26 524 0 401 659 58 191 0 28 228 26 22 27 0 33 1186 0 107 61 0 0 2264 0 255 0 119 0 0 102 1944 16 7 0 0 170 9 3000 699 2851 99 0 0 0 115 72 0 2057 0 8 47 47 23 10 10 0 
47 221 150 3000 894 101 284 29 460 75 8 82 82 565 37 92 689 1022 0 619 928 552 30 1523 264 335 183 58 19 143 13 251 0 44 118 13 140 884 0 83 27 0 7 30 134 120 238 0 2872 0 29 180 0 175 233 687 162 3000 63 168 2691 46 8 61 283 68 94 0 83 1021 24 110 8 0 20 663 50 11 54 20 
0 27 41 0 92 31 1316 19 0 579 465 87 21 0 181 522 61 121 162 1746 0 167 0 23 85 661 201 13 103 668 56 0 343 10 542 0 211 0 3000 33 0 444 0 350 51 54 0 290 109 95 56 8 55 194 14 152 311 17 3000 0 0 354 61 9 3000 563 0 3000 1145 0 0 3000 47 20 0 17 0 0 0 0 
3000 16 36 3000 2021 174 9 3000 42 26 12 2404 53 249 12 9 19 1378 105 500 107 134 792 144 211 13 55 459 2685 101 27 16 14 276 153 10 7 12 182 50 222 62 132 851 61 21 1391 893 55 8 131 644 12 8 1208 161 331 25 871 13 37 54 351 57 151 67 145 1227 37 3000 98 56 47 663 17 0 25 24 2870 2238 
74 2086 87 59 177 0 0 0 0 1405 44 922 0 17 29 0 37 139 0 8 1040 37 67 0 391 43 0 0 150 20 0 165 0 23 18 394 72 33 0 0 791 0 16 10 0 0 10 0 0 0 3000 0 0 352 930 50 85 0 0 101 281 307 523 1085 378 0 0 0 0 1450 0 278 23 50 0 25 0 165 376 0 
29 784 0 96 122 0 0 0 1027 120 0 425 8 424 304 0 0 0 0 64 107 55 222 0 21 0 0 0 226 143 0 457 0 91 66 1907 7 15 0 0 128 0 83 0 0 0 775 0 0 0 40 0 0 0 0 88 97 0 0 687 44 9 0 0 39 0 0 0 0 13 0 38 10 11 0 24 165 0 14 0 
582 93 0 194 169 213 0 69 14 7 52 109 1397 12 215 0 0 0 0 7 96 94 108 0 260 0 43 113 618 12 0 23 0 0 49 90 24 9 0 3000 134 0 271 14 0 41 789 0 502 0 8 17 0 0 0 132 1109 1316 0 65 1810 180 0 0 0 42 252 0 0 36 8 16 10 54 0 2870 376 14 0 284 
0 0 0 110 0 11 0 59 210 46 0 90 35 76 31 0 0 0 0 249 0 0 34 0 0 0 346 2893 11 35 0 0 0 0 0 328 2225 160 0 194 0 0 0 122 0 19 0 0 57 0 13 23 0 0 0 0 12 10 0 0 330 111 0 0 0 81 23 0 0 16 177 92 0 20 0 2238 0 0 284 0 
