80
0 35 13 28 35 49 24 33 37 34 57 46 35 24 36 43 41 52 63 22 50 46 42 53 50 23 29 40 33 27 51 61 66 22 51 30 59 43 38 24 21 50 39 47 45 24 30 59 35 51 56 53 30 44 23 24 60 16 20 48 41 37 34 69 55 39 10 43 50 43 66 42 66 43 12 62 35 7 40 36 
35 0 41 34 2 72 17 68 55 48 84 12 22 54 46 26 76 79 35 16 24 11 28 33 57 55 55 74 5 42 24 83 47 46 17 65 24 72 37 58 45 45 54 12 78 20 40 86 66 28 24 19 19 64 42 37 80 19 16 55 71 29 22 51 42 57 36 66 16 9 42 34 48 57 24 89 61 28 61 59 
13 41 0 41 40 59 25 31 24 22 45 51 33 13 49 55 39 40 73 32 49 52 38 64 38 30 17 39 38 40 61 48 62 33 56 30 63 51 30 19 33 42 52 53 37 24 43 47 42 61 64 59 41 55 36 14 47 24 25 37 31 50 45 64 49 51 5 54 54 49 64 55 62 55 22 50 45 18 26 23 
28 34 41 0 35 39 36 53 64 60 84 44 49 52 13 22 59 79 45 19 57 40 56 30 74 34 57 56 35 11 35 88 78 19 48 48 53 43 58 48 18 70 20 40 69 38 7 87 39 31 43 43 15 31 12 48 88 24 29 73 67 13 15 82 71 23 37 33 49 40 75 16 79 24 21 90 32 24 67 64 
35 2 40 35 0 73 16 68 53 46 83 11 20 53 48 29 76 78 37 18 22 12 26 35 55 56 54 74 3 44 26 81 44 47 16 65 24 73 35 58 46 42 55 13 77 18 42 84 66 31 25 20 21 65 43 36 78 19 16 53 70 31 25 49 40 58 35 67 16 9 40 36 46 59 24 87 62 28 60 57 
49 72 59 39 73 0 69 47 82 81 86 82 82 62 29 59 47 83 81 55 93 79 89 65 97 31 70 43 73 29 72 97 113 28 87 42 93 15 86 52 29 99 21 79 66 70 33 91 21 67 82 82 54 9 30 72 99 57 63 96 69 50 54 116 103 16 58 6 88 79 111 50 113 19 52 93 14 51 81 78 
24 17 25 36 16 69 0 55 37 31 67 26 13 38 48 39 63 62 52 19 26 28 20 47 41 46 39 62 13 42 41 65 44 41 31 53 38 66 23 44 40 33 54 29 62 2 42 68 58 43 41 36 27 63 39 20 63 13 7 40 55 38 32 47 35 56 20 63 29 24 43 43 44 58 17 71 57 18 44 42 
33 68 31 53 68 47 55 0 44 48 40 79 64 24 53 73 8 37 95 55 80 79 69 82 62 20 30 9 66 45 83 52 93 35 84 5 92 33 60 12 36 71 51 80 20 54 51 44 25 81 89 86 61 48 42 44 55 49 52 61 23 65 64 95 79 48 35 44 83 77 95 69 92 54 45 47 35 40 40 38 
37 55 24 64 53 82 37 44 0 8 33 62 37 21 73 75 51 28 90 52 52 65 38 83 17 51 14 53 50 64 78 28 55 57 66 46 73 72 24 33 57 31 76 66 38 35 67 33 63 80 78 72 61 79 60 18 25 43 41 16 29 71 66 56 41 75 27 77 63 61 61 77 54 80 44 36 68 40 9 8 
34 48 22 60 46 81 31 48 8 0 41 54 29 24 70 69 55 36 83 47 44 58 30 78 16 52 18 56 43 61 71 35 48 56 59 48 65 73 16 36 55 25 73 59 44 28 63 41 64 74 71 65 56 78 58 12 32 38 35 14 35 66 61 50 34 73 24 76 55 54 53 72 47 77 39 43 67 36 16 15 
57 84 45 84 83 86 67 40 33 41 0 93 69 32 88 99 41 5 118 77 85 95 71 109 46 58 29 45 81 79 106 17 88 70 98 44 105 73 57 37 71 64 88 96 21 65 84 5 65 106 108 103 86 87 75 48 22 69 69 46 17 94 90 88 74 86 50 83 95 92 94 99 86 91 67 7 74 63 25 26 
46 12 51 44 11 82 26 79 62 54 93 0 26 64 56 31 87 88 32 28 20 6 29 35 61 67 65 86 13 53 24 90 42 58 5 76 12 84 41 69 56 46 64 6 88 28 50 94 77 30 19 12 29 74 53 45 86 30 27 60 81 36 31 46 41 67 46 77 5 4 35 40 43 67 35 97 73 39 69 67 
35 22 33 49 20 82 13 64 37 29 69 26 0 44 61 48 72 64 57 30 16 30 8 55 35 58 42 72 18 54 46 64 31 54 30 62 36 78 15 52 53 23 67 31 68 12 54 70 70 51 44 37 38 75 52 22 61 25 20 34 60 49 42 35 22 69 29 76 26 26 31 54 32 71 30 73 69 30 45 43 
24 54 13 52 53 62 38 24 21 24 32 64 44 0 58 67 31 27 86 45 60 65 48 77 38 32 7 33 51 48 74 37 70 40 69 25 76 52 37 12 41 48 59 66 24 36 53 35 43 74 77 73 54 61 45 22 37 37 38 37 17 62 58 72 56 58 19 58 67 62 73 67 69 63 35 38 48 30 18 16 
36 46 49 13 48 29 48 53 73 70 88 56 61 58 0 30 58 84 52 31 70 52 68 36 84 33 64 55 48 10 44 95 91 19 60 49 65 36 69 52 18 81 8 52 72 50 7 92 34 38 53 54 27 20 13 58 95 36 41 83 71 22 26 95 83 13 46 24 61 52 87 22 92 11 32 95 25 34 75 72 
43 26 55 22 29 59 39 73 75 69 99 31 48 67 30 0 80 94 23 23 50 26 55 9 80 55 71 77 31 33 13 101 72 41 34 69 37 65 61 67 39 71 38 26 88 42 27 102 61 9 24 26 14 50 34 57 100 31 34 79 84 9 9 77 69 43 50 54 37 28 66 10 74 41 32 105 53 37 80 77 
41 76 39 59 76 47 63 8 51 55 41 87 72 31 58 80 0 40 102 62 88 87 77 88 68 25 37 4 74 50 90 55 100 40 92 11 99 33 68 20 42 79 55 88 21 62 56 46 27 88 96 93 68 50 47 52 59 57 60 67 27 72 71 102 87 51 43 45 91 84 103 75 100 57 53 48 37 48 46 44 
52 79 40 79 78 83 62 37 28 36 5 88 64 27 84 94 40 0 113 72 80 90 66 104 41 54 24 44 75 75 100 16 83 66 92 41 99 70 52 33 66 59 84 91 20 60 79 8 62 101 103 97 81 84 71 43 20 64 64 41 14 89 85 83 69 82 45 80 89 86 89 94 82 88 62 11 70 57 20 21 
63 35 73 45 37 81 52 95 90 83 118 32 57 86 52 23 102 113 0 41 52 27 61 16 92 77 89 99 40 55 12 117 72 64 31 91 30 87 72 87 62 78 60 26 108 55 50 120 84 14 14 21 34 72 57 72 115 49 49 91 103 31 31 77 73 65 68 76 35 31 64 31 74 62 51 123 76 56 96 93 
22 16 32 19 18 55 19 55 52 47 77 28 30 45 31 23 62 72 41 0 39 26 38 32 59 40 49 60 17 26 29 79 60 30 33 51 39 56 41 46 28 52 38 26 67 21 25 79 49 29 34 31 9 48 25 35 77 9 12 58 62 20 14 64 53 41 27 49 33 24 57 25 61 42 10 82 45 15 57 54 
50 24 49 57 22 93 26 80 52 44 85 20 16 60 70 50 88 80 52 39 0 26 14 55 46 73 59 88 22 65 44 79 22 67 21 78 25 92 28 69 65 29 77 26 85 26 63 85 84 49 38 31 44 86 63 38 74 37 31 45 76 53 47 27 22 79 45 88 17 22 18 58 24 81 42 88 82 44 60 59 
46 11 52 40 12 79 28 79 65 58 95 6 30 65 52 26 87 90 27 26 26 0 35 29 65 66 67 85 15 50 18 93 48 55 8 76 14 81 45 69 53 51 60 1 89 30 46 97 75 24 14 8 25 71 50 48 90 30 27 64 83 31 26 52 47 63 47 73 11 4 41 35 49 63 34 100 70 39 72 70 
42 28 38 56 26 89 20 69 38 30 71 29 8 48 68 55 77 66 61 38 14 35 0 61 32 65 45 77 24 62 52 64 24 61 32 68 38 85 14 57 60 17 75 35 72 19 62 71 77 56 48 41 45 83 60 26 60 33 27 31 63 56 49 27 15 76 35 83 28 30 26 61 24 79 37 73 76 38 46 45 
53 33 64 30 35 65 47 82 83 78 109 35 55 77 36 9 88 104 16 32 55 29 61 0 88 64 80 86 37 40 12 110 77 49 36 78 38 72 69 76 48 78 44 29 97 50 35 111 69 5 22 27 23 56 42 66 108 40 42 87 93 17 19 81 75 49 59 60 40 33 70 15 78 46 41 114 60 46 89 86 
50 57 38 74 55 97 41 62 17 16 46 61 35 38 84 80 68 41 92 59 46 65 32 88 0 67 31 70 52 76 81 35 43 71 64 63 70 88 20 50 70 19 88 66 55 39 78 44 79 84 79 72 68 93 73 26 30 51 47 1 45 79 73 43 29 88 40 92 60 61 50 84 41 92 53 46 83 50 24 25 
23 55 30 34 56 31 46 20 51 52 58 67 58 32 33 55 25 54 77 40 73 66 65 64 67 0 39 22 55 25 66 67 89 15 72 15 79 21 59 21 16 72 31 66 39 46 31 62 12 64 73 71 44 30 22 44 68 37 42 66 40 47 46 92 77 28 30 27 72 64 89 50 89 34 32 64 17 29 50 47 
29 55 17 57 54 70 39 30 14 18 29 65 42 7 64 71 37 24 89 49 59 67 45 80 31 39 0 39 52 55 77 31 66 47 69 32 76 59 33 20 47 43 66 67 26 37 59 31 50 78 79 74 57 68 51 20 31 40 40 30 18 66 62 67 52 64 22 65 67 63 70 71 65 70 39 34 56 34 11 8 
40 74 39 56 74 43 62 9 53 56 45 86 72 33 55 77 4 44 99 60 88 85 77 86 70 22 39 0 73 47 88 59 101 37 91 10 98 28 68 21 38 80 51 86 25 62 53 50 23 85 94 91 65 46 44 53 62 55 59 69 30 69 68 103 88 47 42 41 90 83 103 72 100 53 51 52 33 47 48 46 
33 5 38 35 3 73 13 66 50 43 81 13 18 51 48 31 74 75 40 17 22 15 24 37 52 55 52 73 0 44 29 78 43 46 18 63 26 72 32 56 45 40 55 16 75 15 42 82 65 33 28 22 22 65 42 33 75 18 14 51 68 32 26 48 38 58 33 67 17 11 39 37 45 59 23 85 62 26 57 55 
27 42 40 11 44 29 42 45 64 61 79 53 54 48 10 33 50 75 55 26 65 50 62 40 76 25 55 47 44 0 45 86 85 10 58 40 63 32 62 42 9 74 13 50 63 43 6 82 29 41 54 54 25 22 4 50 85 29 35 74 62 24 25 89 76 15 37 23 58 50 83 26 86 17 25 85 21 26 65 62 
51 24 61 35 26 72 41 83 78 71 106 24 46 74 44 13 90 100 12 29 44 18 52 12 81 66 77 88 29 45 0 106 65 53 24 79 26 78 61 75 51 68 52 18 96 43 40 107 73 7 10 15 22 63 46 60 103 37 37 80 91 22 20 70 64 56 56 67 28 22 58 23 67 54 39 111 66 44 84 81 
61 83 48 88 81 97 65 52 28 35 17 90 64 37 95 101 55 16 117 79 79 93 64 110 35 67 31 59 78 86 106 0 78 77 94 56 101 85 50 46 78 54 96 94 36 63 90 12 77 107 106 100 88 97 82 46 6 70 69 35 29 97 92 77 64 94 52 94 91 89 85 102 76 100 70 13 84 65 22 25 
66 47 62 78 44 113 44 93 55 48 88 42 31 70 91 72 100 83 72 60 22 48 24 77 43 89 66 101 43 85 65 78 0 85 41 92 43 110 33 80 84 24 98 48 92 43 84 87 101 72 58 52 66 106 83 48 72 56 51 43 83 75 69 4 14 100 59 107 38 44 10 80 2 102 61 89 101 62 64 63 
22 46 33 19 47 28 41 35 57 56 70 58 54 40 19 41 40 66 64 30 67 55 61 49 71 15 47 37 46 10 53 77 85 0 62 30 69 26 59 33 2 71 19 56 53 42 16 73 20 50 61 60 31 22 7 45 78 30 35 70 52 33 33 89 75 18 31 22 62 54 84 35 86 23 25 76 15 24 58 55 
51 17 56 48 16 87 31 84 66 59 98 5 30 69 60 34 92 92 31 33 21 8 32 36 64 72 69 91 18 58 24 94 41 62 0 81 7 88 45 74 61 48 68 8 93 33 54 98 82 31 17 10 33 78 57 50 90 35 32 63 86 40 34 46 42 71 51 81 4 8 34 43 43 71 40 101 77 44 74 72 
30 65 30 48 65 42 53 5 46 48 44 76 62 25 49 69 11 41 91 51 78 76 68 78 63 15 32 10 63 40 79 56 92 30 81 0 89 29 60 13 31 72 46 77 25 52 46 49 21 77 85 82 57 43 37 44 58 46 50 62 27 61 60 94 79 43 33 39 80 74 94 65 91 49 42 51 30 37 42 40 
59 24 63 53 24 93 38 92 73 65 105 12 36 76 65 37 99 99 30 39 25 14 38 38 70 79 76 98 26 63 26 101 43 69 7 89 0 95 51 81 67 53 73 13 100 40 60 105 89 33 16 11 39 84 63 57 97 43 39 69 93 44 39 48 47 77 58 87 10 15 35 47 45 76 47 108 84 51 81 79 
43 72 51 43 73 15 66 33 72 73 73 84 78 52 36 65 33 70 87 56 92 81 85 72 88 21 59 28 72 32 78 85 110 26 88 29 95 0 80 40 28 93 29 82 52 66 37 77 9 73 86 86 57 20 32 65 87 55 60 87 56 56 58 113 98 25 51 15 89 80 109 57 110 30 50 80 12 48 70 67 
38 37 30 58 35 86 23 60 24 16 57 41 15 37 69 61 68 52 72 41 28 45 14 69 20 59 33 68 32 62 61 50 33 59 45 60 51 80 0 48 58 13 75 46 60 20 63 57 71 65 59 53 50 81 59 16 46 34 29 19 50 61 55 35 19 75 29 81 41 41 37 66 32 79 37 60 73 36 33 31 
24 58 19 48 58 52 44 12 33 36 37 69 52 12 52 67 20 33 87 46 69 69 57 76 50 21 20 21 56 42 75 46 80 33 74 13 81 40 48 0 34 59 51 70 21 43 47 41 31 74 80 76 53 51 39 32 47 40 42 49 19 60 57 83 67 49 23 48 72 67 83 64 80 55 36 43 38 31 30 27 
21 45 33 18 46 29 40 36 57 55 71 56 53 41 18 39 42 66 62 28 65 53 60 48 70 16 47 38 45 9 51 78 84 2 61 31 67 28 58 34 0 71 19 54 54 41 14 74 22 48 59 58 30 23 6 45 78 28 34 69 53 31 31 88 74 18 31 23 61 52 83 34 85 22 23 77 17 23 58 55 
50 45 42 70 42 99 33 71 31 25 64 46 23 48 81 71 79 59 78 52 29 51 17 78 19 72 43 80 40 74 68 54 24 71 48 72 53 93 13 59 71 0 87 52 69 31 75 62 84 73 65 58 60 94 71 28 49 46 40 19 60 71 65 25 10 88 41 93 44 47 31 76 23 91 49 65 85 48 40 40 
39 54 52 20 55 21 54 51 76 73 88 64 67 59 8 38 55 84 60 38 77 60 75 44 88 31 66 51 55 13 52 96 98 19 68 46 73 29 75 51 19 87 0 60 71 56 13 92 29 46 62 63 35 12 16 62 97 42 48 87 71 30 34 101 89 5 49 16 69 60 95 30 98 4 38 95 19 39 77 74 
47 12 53 40 13 79 29 80 66 59 96 6 31 66 52 26 88 91 26 26 26 1 35 29 66 66 67 86 16 50 18 94 48 56 8 77 13 82 46 70 54 52 60 0 90 31 47 97 76 24 13 7 26 71 50 49 91 31 28 65 84 32 27 52 47 64 48 74 11 5 41 35 50 63 35 100 71 39 73 71 
45 78 37 69 77 66 62 20 38 44 21 88 68 24 72 88 21 20 108 67 85 89 72 97 55 39 26 25 75 63 96 36 92 53 93 25 100 52 60 21 54 69 71 90 0 61 68 26 45 96 100 96 75 68 60 46 39 60 62 54 10 81 79 94 78 68 42 64 91 86 97 86 92 74 57 28 55 52 31 30 
24 20 24 38 18 70 2 54 35 28 65 28 12 36 50 42 62 60 55 21 26 30 19 50 39 46 37 62 15 43 43 63 43 42 33 52 40 66 20 43 41 31 56 31 61 0 43 66 58 46 43 38 29 64 41 18 60 14 9 38 53 40 34 47 33 57 19 64 30 26 43 46 44 60 18 69 57 19 42 39 
30 40 43 7 42 33 42 51 67 63 84 50 54 53 7 27 56 79 50 25 63 46 62 35 78 31 59 53 42 6 40 90 84 16 54 46 60 37 63 47 14 75 13 47 68 43 0 87 34 36 50 50 22 24 9 52 89 29 35 77 67 19 21 88 76 17 39 27 56 47 81 20 85 17 26 90 26 28 69 66 
59 86 47 87 84 91 68 44 33 41 5 94 70 35 92 102 46 8 120 79 85 97 71 111 44 62 31 50 82 82 107 12 87 73 98 49 105 77 57 41 74 62 92 97 26 66 87 0 70 108 109 104 88 91 79 49 18 71 71 44 21 97 93 87 73 90 52 87 96 93 93 102 85 95 70 3 78 65 25 27 
35 66 42 39 66 21 58 25 63 64 65 77 70 43 34 61 27 62 84 49 84 75 77 69 79 12 50 23 65 29 73 77 101 20 82 21 89 9 71 31 22 84 29 76 45 58 34 70 0 70 81 80 52 23 27 56 78 48 53 78 48 52 53 104 90 25 43 19 82 74 101 54 101 31 43 72 10 40 61 58 
51 28 61 31 31 67 43 81 80 74 106 30 51 74 38 9 88 101 14 29 49 24 56 5 84 64 78 85 33 41 7 107 72 50 31 77 33 73 65 74 48 73 46 24 96 46 36 108 70 0 17 22 21 58 43 62 105 37 39 83 91 17 17 76 70 51 56 62 34 27 65 17 73 48 39 112 62 44 86 83 
56 24 64 43 25 82 41 89 78 71 108 19 44 77 53 24 96 103 14 34 38 14 48 22 79 73 79 94 28 54 10 106 58 61 17 85 16 86 59 80 59 65 62 13 100 43 50 109 81 17 0 7 30 73 55 61 103 40 39 78 94 32 28 63 59 66 59 76 21 18 50 33 60 64 44 112 75 49 85 83 
53 19 59 43 20 82 36 86 72 65 103 12 37 73 54 26 93 97 21 31 31 8 41 27 72 71 74 91 22 54 15 100 52 60 10 82 11 86 53 76 58 58 63 7 96 38 50 104 80 22 7 0 29 74 54 55 97 37 35 71 90 33 29 56 52 67 54 77 14 12 44 36 54 65 41 107 74 45 80 77 
30 19 41 15 21 54 27 61 61 56 86 29 38 54 27 14 68 81 34 9 44 25 45 23 68 44 57 65 22 25 22 88 66 31 33 57 39 57 50 53 30 60 35 26 75 29 22 88 52 21 30 29 0 46 25 44 86 18 21 67 70 11 5 70 60 38 36 48 34 25 61 16 67 38 18 91 45 23 66 63 
44 64 55 31 65 9 63 48 79 78 87 74 75 61 20 50 50 84 72 48 86 71 83 56 93 30 68 46 65 22 63 97 106 22 78 43 84 20 81 51 23 94 12 71 68 64 24 91 23 58 73 74 46 0 23 68 98 50 56 92 70 41 45 110 97 7 54 5 80 71 104 41 107 10 46 94 14 46 79 76 
23 42 36 12 43 30 39 42 60 58 75 53 52 45 13 34 47 71 57 25 63 50 60 42 73 22 51 44 42 4 46 82 83 7 57 37 63 32 59 39 6 71 16 50 60 41 9 79 27 43 55 54 25 23 0 47 82 27 33 71 58 26 26 87 74 17 33 24 58 49 81 28 84 20 23 82 20 23 62 59 
24 37 14 48 36 72 20 44 18 12 48 45 22 22 58 57 52 43 72 35 38 48 26 66 26 44 20 53 33 50 60 46 48 45 50 44 57 65 16 32 45 28 62 49 46 18 52 49 56 62 61 55 44 68 47 0 43 26 24 25 38 54 49 50 35 63 14 67 47 44 51 60 48 67 27 52 58 24 24 22 
60 80 47 88 78 99 63 55 25 32 22 86 61 37 95 100 59 20 115 77 74 90 60 108 30 68 31 62 75 85 103 6 72 78 90 58 97 87 46 47 78 49 97 91 39 60 89 18 78 105 103 97 86 98 82 43 0 68 66 30 32 96 91 72 59 95 51 95 87 86 80 101 71 100 68 19 85 64 20 23 
16 19 24 24 19 57 13 49 43 38 69 30 25 37 36 31 57 64 49 9 37 30 33 40 51 37 40 55 18 29 37 70 56 30 35 46 43 55 34 40 28 46 42 31 60 14 29 71 48 37 40 37 18 50 27 26 68 0 6 50 54 28 23 60 47 44 19 51 35 28 54 33 57 46 5 74 45 9 48 46 
20 16 25 29 16 63 7 52 41 35 69 27 20 38 41 34 60 64 49 12 31 27 27 42 47 42 40 59 14 35 37 69 51 35 32 50 39 60 29 42 34 40 48 28 62 9 35 71 53 39 39 35 21 56 33 24 66 6 0 46 55 32 26 54 42 49 20 57 31 24 49 37 51 52 11 74 51 13 47 44 
48 55 37 73 53 96 40 61 16 14 46 60 34 37 83 79 67 41 91 58 45 64 31 87 1 66 30 69 51 74 80 35 43 70 63 62 69 87 19 49 69 19 87 65 54 38 77 44 78 83 78 71 67 92 71 25 30 50 46 0 44 77 72 43 29 87 38 90 59 60 50 83 41 91 52 46 82 49 23 24 
41 71 31 67 70 69 55 23 29 35 17 81 60 17 71 84 27 14 103 62 76 83 63 93 45 40 18 30 68 62 91 29 83 52 86 27 93 56 50 19 53 60 71 84 10 53 67 21 48 91 94 90 70 70 58 38 32 54 55 44 0 78 75 84 69 68 36 66 84 79 88 82 82 74 52 24 57 47 21 20 
37 29 50 13 31 50 38 65 71 66 94 36 49 62 22 9 72 89 31 20 53 31 56 17 79 47 66 69 32 24 22 97 75 33 40 61 44 56 61 60 31 71 30 32 81 40 19 97 52 17 32 33 11 41 26 54 96 28 32 77 78 0 6 80 70 34 45 45 42 33 70 6 77 32 28 100 44 32 76 73 
34 22 45 15 25 54 32 64 66 61 90 31 42 58 26 9 71 85 31 14 47 26 49 19 73 46 62 68 26 25 20 92 69 33 34 60 39 58 55 57 31 65 34 27 79 34 21 93 53 17 28 29 5 45 26 49 91 23 26 72 75 6 0 73 64 38 40 48 36 27 64 12 70 37 23 96 46 28 71 68 
69 51 64 82 49 116 47 95 56 50 88 46 35 72 95 77 102 83 77 64 27 52 27 81 43 92 67 103 48 89 70 77 4 89 46 94 48 113 35 83 88 25 101 52 94 47 88 87 104 76 63 56 70 110 87 50 72 60 54 43 84 80 73 0 15 103 62 111 42 49 14 84 3 105 64 89 104 65 64 64 
55 42 49 71 40 103 35 79 41 34 74 41 22 56 83 69 87 69 73 53 22 47 15 75 29 77 52 88 38 76 64 64 14 75 42 79 47 98 19 67 74 10 89 47 78 33 76 73 90 70 59 52 60 97 74 35 59 47 42 29 69 70 64 15 0 91 47 97 38 43 21 75 13 93 52 75 90 52 50 49 
39 57 51 23 58 16 56 48 75 73 86 67 69 58 13 43 51 82 65 41 79 63 76 49 88 28 64 47 58 15 56 94 100 18 71 43 77 25 75 49 18 88 5 64 68 57 17 90 25 51 66 67 38 7 17 63 95 44 49 87 68 34 38 103 91 0 49 11 72 63 97 34 100 6 39 92 15 40 76 72 
10 36 5 37 35 58 20 35 27 24 50 46 29 19 46 50 43 45 68 27 45 47 35 59 40 30 22 42 33 37 56 52 59 31 51 33 58 51 29 23 31 41 49 48 42 19 39 52 43 56 59 54 36 54 33 14 51 19 20 38 36 45 40 62 47 49 0 53 49 44 61 50 59 53 17 55 44 13 31 28 
43 66 54 33 67 6 63 44 77 76 83 77 76 58 24 54 45 80 76 49 88 73 83 60 92 27 65 41 67 23 67 94 107 22 81 39 87 15 81 48 23 93 16 74 64 64 27 87 19 62 76 77 48 5 24 67 95 51 57 90 66 45 48 111 97 11 53 0 82 73 105 45 108 15 46 90 10 46 76 73 
50 16 54 49 16 88 29 83 63 55 95 5 26 67 61 37 91 89 35 33 17 11 28 40 60 72 67 90 17 58 28 91 38 62 4 80 10 89 41 72 61 44 69 11 91 30 56 96 82 34 21 14 34 80 58 47 87 35 31 59 84 42 36 42 38 72 49 82 0 9 30 46 39 72 40 98 78 43 71 69 
43 9 49 40 9 79 24 77 61 54 92 4 26 62 52 28 84 86 31 24 22 4 30 33 61 64 63 83 11 50 22 89 44 54 8 74 15 80 41 67 52 47 60 5 86 26 47 93 74 27 18 12 25 71 49 44 86 28 24 60 79 33 27 49 43 63 44 73 9 0 38 37 46 63 32 96 69 36 68 66 
66 42 64 75 40 111 43 95 61 53 94 35 31 73 87 66 103 89 64 57 18 41 26 70 50 89 70 103 39 83 58 85 10 84 34 94 35 109 37 83 83 31 95 41 97 43 81 93 101 65 50 44 61 104 81 51 80 54 49 50 88 70 64 14 21 97 61 105 30 38 0 75 12 98 59 95 99 61 69 69 
42 34 55 16 36 50 43 69 77 72 99 40 54 67 22 10 75 94 31 25 58 35 61 15 84 50 71 72 37 26 23 102 80 35 43 65 47 57 66 64 34 76 30 35 86 46 20 102 54 17 33 36 16 41 28 60 101 33 37 83 82 6 12 84 75 34 50 45 46 37 75 0 81 31 33 105 46 37 81 78 
66 48 62 79 46 113 44 92 54 47 86 43 32 69 92 74 100 82 74 61 24 49 24 78 41 89 65 100 45 86 67 76 2 86 43 91 45 110 32 80 85 23 98 50 92 44 85 85 101 73 60 54 67 107 84 48 71 57 51 41 82 77 70 3 13 100 59 108 39 46 12 81 0 102 61 87 101 62 63 62 
43 57 55 24 59 19 58 54 80 77 91 67 71 63 11 41 57 88 62 42 81 63 79 46 92 34 70 53 59 17 54 100 102 23 71 49 76 30 79 55 22 91 4 63 74 60 17 95 31 48 64 65 38 10 20 67 100 46 52 91 74 32 37 105 93 6 53 15 72 63 98 31 102 0 42 98 21 43 81 77 
12 24 22 21 24 52 17 45 44 39 67 35 30 35 32 32 53 62 51 10 42 34 37 41 53 32 39 51 23 25 39 70 61 25 40 42 47 50 37 36 23 49 38 35 57 18 26 70 43 39 44 41 18 46 23 27 68 5 11 52 52 28 23 64 52 39 17 46 40 32 59 33 61 42 0 73 40 5 48 45 
62 89 50 90 87 93 71 47 36 43 7 97 73 38 95 105 48 11 123 82 88 100 73 114 46 64 34 52 85 85 111 13 89 76 101 51 108 80 60 43 77 65 95 100 28 69 90 3 72 112 112 107 91 94 82 52 19 74 74 46 24 100 96 89 75 92 55 90 98 96 95 105 87 98 73 0 81 68 28 30 
35 61 45 32 62 14 57 35 68 67 74 73 69 48 25 53 37 70 76 45 82 70 76 60 83 17 56 33 62 21 66 84 101 15 77 30 84 12 73 38 17 85 19 71 55 57 26 78 10 62 75 74 45 14 20 58 85 45 51 82 57 44 46 104 90 15 44 10 78 69 99 46 101 21 40 81 0 39 67 64 
7 28 18 24 28 51 18 40 40 36 63 39 30 30 34 37 48 57 56 15 44 39 38 46 50 29 34 47 26 26 44 65 62 24 44 37 51 48 36 31 23 48 39 39 52 19 28 65 40 44 49 45 23 46 23 24 64 9 13 49 47 32 28 65 52 40 13 46 43 36 61 37 62 43 5 68 39 0 44 41 
40 61 26 67 60 81 44 40 9 16 25 69 45 18 75 80 46 20 96 57 60 72 46 89 24 50 11 48 57 65 84 22 64 58 74 42 81 70 33 30 58 40 77 73 31 42 69 25 61 86 85 80 66 79 62 24 20 48 47 23 21 76 71 64 50 76 31 76 71 68 69 81 63 81 48 28 67 44 0 3 
36 59 23 64 57 78 42 38 8 15 26 67 43 16 72 77 44 21 93 54 59 70 45 86 25 47 8 46 55 62 81 25 63 55 72 40 79 67 31 27 55 40 74 71 30 39 66 27 58 83 83 77 63 76 59 22 23 46 44 24 20 73 68 64 49 72 28 73 69 66 69 78 62 77 45 30 64 41 3 0 
0 177 8 73 555 18 62 221 21 200 83 489 19 9 16 354 10 64 9 17 221 12 538 24 29 21 273 559 8 33 493 17 138 42 27 9 112 255 18 18 411 32 182 25 23 70 119 10 43 41 54 79 213 11 11 223 80 294 389 684 310 343 26 3000 131 176 333 24 450 9 1911 827 37 262 562 64 13 82 50 3000 
177 0 1213 639 13 12 103 1561 0 126 0 1387 9 3000 149 0 0 0 0 11 2187 0 0 0 17 272 119 24 0 451 228 0 130 68 137 3000 0 0 466 11 155 63 69 438 0 0 181 142 216 0 0 50 0 0 22 18 0 1832 1361 9 0 146 54 20 71 0 628 271 17 0 3000 1001 57 229 0 0 0 98 213 0 
8 1213 0 10 46 583 172 345 143 704 2550 78 3000 162 1391 28 134 13 0 211 274 757 21 11 9 986 85 11 42 9 76 323 1216 140 620 56 291 38 214 0 110 1368 391 12 3000 1108 74 272 47 20 0 10 0 7 12 1461 445 3000 83 8 728 1049 381 12 73 334 102 0 151 18 16 8 333 43 47 128 127 358 34 1012 
73 639 10 0 1307 528 32 492 306 606 258 10 33 190 37 0 9 327 0 32 717 323 0 0 1059 86 13 40 97 13 35 284 22 3000 1178 104 114 35 72 43 42 744 278 263 0 94 45 14 154 154 0 283 3000 0 3000 468 26 1613 110 105 0 38 81 82 249 22 88 17 43 498 272 71 55 818 485 0 971 181 126 53 
555 13 46 1307 0 81 716 47 42 16 12 24 133 230 9 218 9 138 14 768 1392 48 445 25 75 1786 106 0 486 14 776 578 2761 302 558 1559 39 27 925 234 466 374 25 136 19 22 229 84 172 113 39 412 365 2017 374 7 0 126 599 179 691 262 96 110 240 3000 336 51 275 10 244 308 278 367 31 23 21 140 11 222 
18 12 583 528 81 0 69 0 0 450 0 3000 111 91 2933 0 0 0 0 136 80 0 0 0 578 1236 397 43 0 98 541 0 27 10 91 61 0 0 59 34 65 111 12 292 0 0 2212 538 312 0 0 41 169 0 15 89 0 1998 8 21 0 150 22 90 1955 0 12 59 52 0 207 2012 132 346 0 0 0 629 291 0 
62 103 172 32 716 69 0 1256 0 914 1379 13 9 78 0 168 17 27 0 30 211 172 0 515 1531 0 43 265 0 13 330 10 18 734 111 0 10 15 168 0 0 2534 340 85 0 66 62 53 64 1092 0 304 0 0 401 1202 51 14 11 764 15 271 89 172 2554 736 52 0 20 0 0 62 365 11 85 75 11 11 99 12 
221 1561 345 492 47 0 1256 0 0 3000 18 146 23 8 0 0 204 0 0 1812 17 381 0 3000 1000 0 3000 212 0 191 118 1523 0 456 174 0 261 89 0 0 0 1301 0 0 0 9 587 163 0 92 0 580 0 0 0 0 254 15 2181 41 354 0 42 708 14 551 2063 0 367 0 0 173 0 13 53 129 432 0 25 24 
21 0 143 306 42 0 0 0 0 346 0 88 0 0 398 26 135 3000 1434 13 15 0 189 11 763 567 580 0 211 13 2742 164 71 0 0 145 207 43 54 25 263 63 0 45 30 377 39 63 14 104 498 39 116 55 76 2260 0 1092 0 838 0 24 8 1137 0 46 0 22 1906 72 265 0 68 0 644 228 85 48 0 40 
200 126 704 606 16 450 914 3000 346 0 306 232 1931 920 32 12 336 435 17 444 44 20 51 28 65 23 206 0 687 589 31 451 15 241 483 511 93 64 11 100 9 325 137 7 858 942 151 204 34 133 290 79 37 60 1745 10 132 330 920 299 1079 27 14 3000 304 87 717 52 154 39 46 276 147 3000 524 122 65 403 252 2981 
83 0 2550 258 12 0 1379 18 0 306 0 12 61 0 0 9 151 1919 865 0 56 179 78 222 3000 0 1696 0 0 25 126 715 238 51 13 0 473 23 0 0 0 33 0 0 100 17 356 324 0 538 111 0 0 54 0 68 87 164 494 300 48 0 8 135 0 3000 110 0 235 0 0 0 0 0 20 251 3000 3000 136 33 
489 1387 78 10 24 3000 13 146 88 232 12 0 24 16 9 132 379 553 0 79 57 855 448 163 24 771 318 250 18 42 8 149 441 3000 140 44 899 18 93 176 228 107 35 101 14 79 37 818 34 32 259 69 30 32 35 3000 0 975 16 198 3000 18 23 797 169 37 3000 290 422 864 103 36 247 28 11 38 62 74 14 956 
19 9 3000 33 133 111 9 23 0 1931 61 24 0 1244 0 0 1016 0 0 228 361 475 0 0 173 0 418 348 0 9 98 13 0 933 42 0 412 38 223 0 0 114 1548 50 0 283 97 296 161 195 0 128 0 0 89 110 25 32 872 14 32 693 24 869 28 509 134 0 25 0 0 84 0 47 27 31 263 1105 68 73 
9 3000 162 190 230 91 78 8 0 920 0 16 1244 0 0 0 0 0 0 28 57 0 0 0 18 0 33 63 0 421 0 0 0 26 241 0 0 0 172 201 0 9 23 180 0 0 106 0 521 0 0 474 0 0 75 0 0 1434 1115 0 0 160 210 0 70 0 58 93 15 0 0 826 0 54 0 0 0 24 720 0 
16 149 1391 37 9 2933 0 0 398 32 0 9 0 0 0 10 0 18 0 730 9 0 0 0 1956 14 69 0 99 947 466 0 45 808 160 24 1521 0 9 108 13 148 79 182 0 0 179 10 24 0 358 707 111 711 33 248 0 1050 0 52 0 85 279 91 34 32 54 878 97 241 259 53 693 157 0 0 0 45 0 0 
354 0 28 0 218 0 168 0 26 12 9 132 0 0 10 0 60 677 70 0 0 111 11 309 45 69 88 0 23 322 3000 1381 2799 0 0 79 14 593 60 0 292 49 0 0 176 12 0 38 1469 25 8 0 181 10 101 1697 0 39 0 308 69 0 18 88 0 682 0 0 843 15 10 0 202 0 10 10 149 20 0 212 
10 0 134 9 9 0 17 204 135 336 151 379 1016 0 0 60 0 212 3000 38 183 343 86 16 1146 37 454 0 162 22 34 42 68 15 779 909 117 842 180 0 0 1063 0 0 169 14 1314 39 208 24 23 0 9 124 26 391 16 18 8 306 188 0 309 25 0 89 0 0 95 158 0 0 343 0 87 115 11 59 0 148 
64 0 13 327 138 0 27 0 3000 435 1919 553 0 0 18 677 212 0 292 141 3000 151 55 818 89 10 39 0 531 14 254 3000 41 0 186 635 156 3000 242 403 644 113 0 957 87 264 64 329 617 1274 162 960 60 1643 81 3000 0 10 0 358 43 42 133 861 0 633 1083 22 83 200 94 289 8 0 3000 131 58 23 0 27 
9 0 0 0 14 0 0 0 1434 17 865 0 0 0 0 70 3000 292 0 0 0 0 970 100 0 12 87 0 376 697 59 70 70 0 0 22 7 2928 0 0 0 0 0 0 102 258 0 7 0 124 355 0 1050 288 0 56 0 221 0 75 91 0 3000 407 0 108 0 0 0 211 0 0 473 0 34 3000 207 18 0 74 
17 11 211 32 768 136 30 1812 13 444 0 79 228 28 730 0 38 141 0 0 168 0 0 0 25 313 396 19 683 11 64 973 9 444 3000 73 289 0 8 20 29 24 8 40 0 0 247 395 247 72 0 69 240 0 63 153 0 435 10 257 0 17 11 106 665 22 85 158 1796 8 151 68 34 228 15 0 0 1317 14 796 
221 2187 274 717 1392 80 211 17 15 44 56 57 361 57 9 0 183 3000 0 168 0 13 0 0 25 328 304 470 31 703 87 10 126 45 109 8 35 70 3000 562 11 49 400 56 0 275 196 627 448 24 0 20 28 0 8 96 9 65 91 152 0 204 108 112 118 20 31 10 147 138 94 17 11 25 140 16 1421 19 819 314 
12 0 757 323 48 0 172 381 0 20 179 855 475 0 0 111 343 151 0 0 13 0 7 821 53 0 17 0 0 134 240 96 0 467 28 0 344 508 0 0 0 2159 0 0 0 9 257 24 0 989 0 0 0 0 0 210 522 38 308 162 76 0 9 21 0 1428 33 0 8 0 0 0 0 0 179 8 197 0 200 168 
538 0 21 0 445 0 0 0 189 51 78 448 0 0 0 11 86 55 970 0 0 7 0 262 0 142 15 0 3000 64 139 442 62 0 0 15 203 92 0 0 0 0 0 0 28 80 0 21 696 3000 679 0 166 360 0 13 0 87 0 921 9 0 300 771 0 9 0 0 159 374 0 0 177 0 11 92 10 122 0 1558 
24 0 11 0 25 0 515 3000 11 28 222 163 0 0 0 309 16 818 100 0 0 821 262 0 0 2126 10 0 41 22 1423 3000 198 0 0 0 15 53 0 0 0 0 0 0 398 84 0 188 0 32 717 0 1220 66 0 1139 2534 13 41 499 266 0 3000 812 0 12 0 0 134 171 0 0 59 0 2733 267 32 7 0 82 
29 17 9 1059 75 578 1531 1000 763 65 3000 24 173 18 1956 45 1146 89 0 25 25 53 0 0 0 26 77 349 125 744 24 151 272 12 3000 412 144 1779 680 816 122 189 264 48 0 64 14 225 84 373 0 101 27 0 192 81 30 275 9 107 606 16 100 549 698 3000 167 961 635 45 3000 209 190 130 114 31 16 59 2128 119 
21 272 986 86 1786 1236 0 0 567 23 0 771 0 0 14 69 37 10 12 313 328 0 142 2126 26 0 60 0 432 3000 82 0 339 0 908 266 43 231 673 60 177 28 101 2682 16 0 290 35 1901 903 526 23 998 20 15 566 0 81 0 202 0 10 1067 988 1708 147 10 290 234 388 14 81 32 19 0 0 0 77 0 0 
273 119 85 13 106 397 43 3000 580 206 1696 318 418 33 69 88 454 39 87 396 304 17 15 10 77 60 0 135 11 14 89 19 48 38 36 168 73 34 29 740 130 33 40 92 190 57 127 51 144 936 283 17 249 25 15 445 0 317 26 68 567 408 529 3000 109 122 53 215 25 30 1656 432 324 98 678 149 982 261 44 231 
559 24 11 40 0 43 265 212 0 0 0 250 348 63 0 0 0 0 0 19 470 0 0 0 349 0 135 0 0 93 0 0 0 141 227 0 0 0 15 0 0 58 429 100 0 0 169 0 0 0 0 2146 0 0 0 0 0 0 54 0 0 28 0 0 617 0 208 0 136 0 0 328 0 26 0 0 0 0 194 0 
8 0 42 97 486 0 0 0 211 687 0 18 0 0 99 23 162 531 376 683 31 0 3000 41 125 432 11 0 0 564 66 22 535 0 0 56 93 147 125 22 1443 104 67 83 33 1914 8 25 12 913 557 25 159 8 20 22 0 67 0 1340 0 12 40 49 0 71 227 148 48 175 50 587 205 0 279 560 445 3000 0 41 
33 451 9 13 14 98 13 191 13 589 25 42 9 421 947 322 22 14 697 11 703 134 64 22 744 3000 14 93 564 0 801 17 934 20 306 283 19 128 13 0 661 78 166 44 316 223 40 322 3000 136 110 50 0 205 12 510 50 705 18 38 23 9 10 1128 1114 597 2135 0 78 166 2014 19 128 51 179 81 29 28 850 3000 
493 228 76 35 776 541 330 118 2742 31 126 8 98 0 466 3000 34 254 59 64 87 240 139 1423 24 82 89 0 66 801 0 131 613 441 44 76 465 104 14 75 8 27 1159 38 757 196 20 57 219 951 41 71 32 3000 193 328 31 60 528 8 7 1122 1019 386 53 44 212 2791 108 43 142 32 356 306 12 21 9 48 37 86 
17 0 323 284 578 0 10 1523 164 451 715 149 13 0 0 1381 42 3000 70 973 10 96 442 3000 151 0 19 0 22 17 131 0 38 1801 182 0 111 33 12 0 0 19 0 0 3000 53 86 3000 54 1501 457 16 0 94 0 1005 3000 184 278 1140 37 0 53 2362 0 138 1398 0 325 0 0 1343 425 90 66 440 3000 8 383 466 
138 130 1216 22 2761 27 18 0 71 15 238 441 0 0 45 2799 68 41 70 9 126 0 62 198 272 339 48 0 535 934 613 38 0 0 116 45 483 61 18 22 130 2337 11 1411 69 25 9 164 3000 1390 82 26 70 79 132 23 0 271 0 10 0 94 591 80 0 32 51 1216 51 244 221 347 81 633 501 307 2028 34 0 54 
42 68 140 3000 302 10 734 456 0 241 51 3000 933 26 808 0 15 0 0 444 45 467 0 0 12 0 38 141 0 20 441 1801 0 0 488 0 177 0 253 47 12 564 309 113 0 683 65 85 321 0 0 7 0 0 14 84 981 221 3000 91 0 129 104 689 20 10 13 14 557 0 62 504 0 67 45 0 0 882 130 2272 
27 137 620 1178 558 91 111 174 0 483 13 140 42 241 160 0 779 186 0 3000 109 28 0 0 3000 908 36 227 0 306 44 182 116 488 0 135 24 0 48 331 304 136 196 1292 0 0 118 651 9 0 0 1146 63 0 72 171 0 1945 885 1439 0 54 543 3000 310 252 39 34 602 162 196 545 660 1289 14 0 0 7 631 163 
9 3000 56 104 1559 61 0 0 145 511 0 44 0 0 24 79 909 635 22 73 8 0 15 0 412 266 168 0 56 283 76 0 45 0 135 0 15 876 163 57 90 2588 8 318 42 0 128 18 510 45 625 800 204 223 8 1196 0 221 0 1317 0 42 24 139 551 16 630 89 42 30 19 3000 142 169 0 0 0 117 0 0 
112 0 291 114 39 0 10 261 207 93 473 899 412 0 1521 14 117 156 7 289 35 344 203 15 144 43 73 0 93 19 465 111 483 177 24 15 0 476 77 351 47 51 402 456 45 257 225 27 1384 40 145 42 12 163 163 9 32 34 571 3000 130 785 830 133 0 14 2647 441 995 12 15 47 605 18 40 13 30 14 0 435 
255 0 38 35 27 0 15 89 43 64 23 18 38 0 0 593 842 3000 2928 0 70 508 92 53 1779 231 34 0 147 128 104 33 61 0 0 876 476 0 42 0 0 9 0 0 2352 298 26 338 19 333 93 0 213 48 3000 230 39 50 120 1068 34 0 3000 93 0 1163 0 0 12 12 0 0 29 0 559 73 169 53 0 30 
18 466 214 72 925 59 168 0 54 11 0 93 223 172 9 60 180 242 0 8 3000 0 0 0 680 673 29 15 125 13 14 12 18 253 48 163 77 42 0 83 113 59 7 134 0 0 210 1652 1207 0 12 32 62 92 236 94 0 35 22 40 0 26 350 13 8 188 11 14 135 152 166 820 592 108 49 0 0 139 296 0 
18 11 0 43 234 34 0 0 25 100 0 176 0 201 108 0 0 403 0 20 562 0 0 0 816 60 740 0 22 0 75 0 22 47 331 57 351 0 83 0 2530 76 55 182 0 0 166 0 8 0 0 32 34 0 168 507 0 0 0 181 0 303 56 57 13 0 30 791 31 177 32 33 8 173 0 0 0 289 0 0 
411 155 110 42 466 65 0 0 263 9 0 228 0 0 13 292 0 644 0 29 11 0 0 0 122 177 130 0 1443 661 8 0 130 12 304 90 47 0 113 2530 0 31 255 11 35 0 3000 113 629 0 23 43 435 414 230 180 0 343 0 12 0 1526 102 3000 158 29 33 70 9 11 162 51 56 74 0 0 0 19 0 0 
32 63 1368 744 374 111 2534 1301 63 325 33 107 114 9 148 49 1063 113 0 24 49 2159 0 0 189 28 33 58 104 78 27 19 2337 564 136 2588 51 9 59 76 31 0 593 774 0 801 428 3000 759 775 26 9 33 1397 1397 1213 0 869 2011 27 0 241 2669 46 34 1294 1357 14 42 332 380 31 29 46 936 77 569 63 111 81 
182 69 391 278 25 12 340 0 0 137 0 35 1548 23 79 0 0 0 0 8 400 0 0 0 264 101 40 429 67 166 1159 0 11 309 196 8 402 0 7 55 255 593 0 616 0 0 59 49 651 0 0 53 1232 0 59 68 0 2043 239 13 0 3000 71 633 107 0 71 112 35 45 34 215 2841 21 0 0 0 27 401 0 
25 438 12 263 136 292 85 0 45 7 0 101 50 180 182 0 0 957 0 40 56 0 0 0 48 2682 92 100 83 44 38 0 1411 113 1292 318 456 0 134 182 11 774 616 0 0 0 11 30 112 0 0 38 3000 0 354 70 0 146 44 118 0 138 18 15 149 0 63 67 19 31 51 838 94 371 0 0 0 584 376 0 
23 0 3000 0 19 0 0 0 30 858 100 14 0 0 0 176 169 87 102 0 0 0 28 398 0 16 190 0 33 316 757 3000 69 0 0 42 45 2352 0 0 35 0 0 0 0 543 0 472 75 260 91 0 170 257 112 91 0 73 0 21 72 0 913 1223 0 245 0 0 7 21 0 0 107 0 408 185 48 25 0 201 
70 0 1108 94 22 0 66 9 377 942 17 79 283 0 0 12 14 264 258 0 275 9 80 84 64 0 57 0 1914 223 196 53 25 683 0 0 257 298 0 0 0 801 0 0 543 0 29 688 0 178 11 0 0 3000 0 1013 1656 15 546 348 449 0 202 50 0 72 0 0 47 0 0 0 0 0 63 64 129 15 1308 42 
119 181 74 45 229 2212 62 587 39 151 356 37 97 106 179 0 1314 64 0 247 196 257 0 0 14 290 127 169 8 40 20 86 9 65 118 128 225 26 210 166 3000 428 59 11 0 29 0 3000 24 123 0 359 53 0 28 16 147 760 169 212 71 391 1465 1332 862 381 29 728 3000 1753 1257 29 2360 46 2184 143 386 78 29 483 
10 142 272 14 84 538 53 163 63 204 324 818 296 0 10 38 39 329 7 395 627 24 21 188 225 35 51 0 25 322 57 3000 164 85 651 18 27 338 1652 0 113 3000 49 30 472 688 3000 0 56 25 8 106 10 40 279 71 117 17 1601 562 14 42 114 73 86 154 438 0 9 82 226 11 94 1182 48 3000 209 13 9 8 
43 216 47 154 172 312 64 0 14 34 0 34 161 521 24 1469 208 617 0 247 448 0 696 0 84 1901 144 0 12 3000 219 54 3000 321 9 510 1384 19 1207 8 629 759 651 112 75 0 24 56 0 12 270 102 125 710 66 35 0 1659 0 118 0 35 9 593 173 404 1159 10 3000 552 444 36 180 24 20 0 0 243 864 0 
41 0 20 154 113 0 1092 92 104 133 538 32 195 0 0 25 24 1274 124 72 24 989 3000 32 373 903 936 0 913 136 951 1501 1390 0 0 45 40 333 0 0 0 775 0 0 260 178 123 25 12 0 46 0 0 82 86 686 1536 3000 53 241 99 0 52 35 0 110 0 0 546 71 0 0 8 0 80 71 108 29 0 245 
54 0 0 0 39 0 0 0 498 290 111 259 0 0 358 8 23 162 355 0 0 0 679 717 0 526 283 0 557 110 41 457 82 0 0 625 145 93 12 0 23 26 0 0 91 11 0 8 270 46 0 0 63 994 9 227 0 467 0 335 255 0 95 3000 0 54 0 0 74 409 275 0 64 0 249 23 487 133 0 80 
79 50 10 283 412 41 304 580 39 79 0 69 128 474 707 0 0 960 0 69 20 0 0 0 101 23 17 2146 25 50 71 16 26 7 1146 800 42 0 32 32 43 9 53 38 0 0 359 106 102 0 0 0 25 0 12 206 0 3000 19 19 0 348 257 31 103 0 69 484 43 59 312 3000 82 29 0 0 0 1992 19 0 
213 0 0 3000 365 169 0 0 116 37 0 30 0 0 111 181 9 60 1050 240 28 0 166 1220 27 998 249 0 159 0 32 0 70 0 63 204 12 213 62 34 435 33 1232 3000 170 0 53 10 125 0 63 25 0 233 344 8 0 497 0 382 0 18 284 327 0 45 3000 76 53 533 85 29 13 204 0 0 0 721 0 0 
11 0 7 0 2017 0 0 0 55 60 54 32 0 0 711 10 124 1643 288 0 0 0 360 66 0 20 25 0 8 205 3000 94 79 0 0 223 163 48 92 0 414 1397 0 0 257 3000 0 40 710 82 994 0 233 0 123 162 0 42 0 20 375 0 532 143 0 2320 0 0 570 26 75 0 423 0 122 391 40 21 0 57 
11 22 12 3000 374 15 401 0 76 1745 0 35 89 75 33 101 26 81 0 63 8 0 0 0 192 15 15 0 20 12 193 0 132 14 72 8 163 3000 236 168 230 1397 59 354 112 0 28 279 66 86 9 12 344 123 0 35 0 444 0 73 0 38 657 56 110 310 59 338 160 267 7 157 2742 1417 0 0 0 187 0 0 
223 18 1461 468 7 89 1202 0 2260 10 68 3000 110 0 248 1697 391 3000 56 153 96 210 13 1139 81 566 445 0 22 510 328 1005 23 84 171 1196 9 230 94 507 180 1213 68 70 91 1013 16 71 35 686 227 206 8 162 35 0 0 54 257 11 160 740 668 578 489 184 55 108 73 551 42 184 53 40 788 181 590 8 37 278 
80 0 445 26 0 0 51 254 0 132 87 0 25 0 0 0 16 0 0 0 9 522 0 2534 30 0 0 0 0 50 31 3000 0 981 0 0 32 39 0 0 0 0 0 0 0 1656 147 117 0 1536 0 0 0 0 0 0 0 848 140 190 10 0 100 2413 0 868 0 0 10 0 0 0 0 0 226 427 2429 0 8 34 
294 1832 3000 1613 126 1998 14 15 1092 330 164 975 32 1434 1050 39 18 10 221 435 65 38 87 13 275 81 317 0 67 705 60 184 271 221 1945 221 34 50 35 0 343 869 2043 146 73 15 760 17 1659 3000 467 3000 497 42 444 54 848 0 21 3000 13 771 154 3000 27 2738 12 0 2768 22 94 9 97 131 377 690 254 47 1160 19 
389 1361 83 110 599 8 11 2181 0 920 494 16 872 1115 0 0 8 0 0 10 91 308 0 41 9 0 26 54 0 18 528 278 0 3000 885 0 571 120 22 0 0 2011 239 44 0 546 169 1601 0 53 0 19 0 0 0 257 140 21 0 47 179 0 671 90 505 21 142 0 41 0 0 474 0 70 3000 142 155 75 462 23 
684 9 8 105 179 21 764 41 838 299 300 198 14 0 52 308 306 358 75 257 152 162 921 499 107 202 68 0 1340 38 8 1140 10 91 1439 1317 3000 1068 40 181 12 27 13 118 21 348 212 562 118 241 335 19 382 20 73 11 190 3000 47 0 65 37 328 568 8 32 66 2127 196 11 59 30 462 35 23 9 1209 103 148 1840 
310 0 728 0 691 0 15 354 0 1079 48 3000 32 0 0 69 188 43 91 0 0 76 9 266 606 0 567 0 0 23 7 37 0 0 0 0 130 34 0 0 0 0 0 0 72 449 71 14 0 99 255 0 0 375 0 160 10 13 179 65 0 0 37 109 0 40 0 0 18 0 0 0 0 0 1872 541 1892 0 0 7 
343 146 1049 38 262 150 271 0 24 27 0 18 693 160 85 0 0 42 0 17 204 0 0 0 16 10 408 28 12 9 1122 0 94 129 54 42 785 0 26 303 1526 241 3000 138 0 0 391 42 35 0 0 348 18 0 38 740 0 771 0 37 0 0 429 455 92 0 63 698 38 74 29 66 1982 514 0 0 0 765 14 0 
26 54 381 81 96 22 89 42 8 14 8 23 24 210 279 18 309 133 3000 11 108 9 300 3000 100 1067 529 0 40 10 1019 53 591 104 543 24 830 3000 350 56 102 2669 71 18 913 202 1465 114 9 52 95 257 284 532 657 668 100 154 671 328 37 429 0 27 206 99 268 0 272 1081 38 447 278 12 153 21 554 56 479 818 
3000 20 12 82 110 90 172 708 1137 3000 135 797 869 0 91 88 25 861 407 106 112 21 771 812 549 988 3000 0 49 1128 386 2362 80 689 3000 139 133 93 13 57 3000 46 633 15 1223 50 1332 73 593 35 3000 31 327 143 56 578 2413 3000 90 568 109 455 27 0 0 92 229 3000 101 12 2117 723 172 46 662 18 408 38 889 155 
131 71 73 249 240 1955 2554 14 0 304 0 169 28 70 34 0 0 0 0 665 118 0 0 0 698 1708 109 617 0 1114 53 0 0 20 310 551 0 0 8 13 158 34 107 149 0 0 862 86 173 0 0 103 0 0 110 489 0 27 505 8 0 92 206 0 0 0 764 22 55 0 262 27 0 152 0 0 0 175 59 0 
176 0 334 22 3000 0 736 551 46 87 3000 37 509 0 32 682 89 633 108 22 20 1428 9 12 3000 147 122 0 71 597 44 138 32 10 252 16 14 1163 188 0 29 1294 0 0 245 72 381 154 404 110 54 0 45 2320 310 184 868 2738 21 32 40 0 99 92 0 0 109 0 955 767 0 0 3000 0 34 21 13 15 0 70 
333 628 102 88 336 12 52 2063 0 717 110 3000 134 58 54 0 0 1083 0 85 31 33 0 0 167 10 53 208 227 2135 212 1398 51 13 39 630 2647 0 11 30 33 1357 71 63 0 0 29 438 1159 0 0 69 3000 0 59 55 0 12 142 66 0 63 268 229 764 109 0 37 640 36 91 440 237 1276 208 0 0 12 15 12 
24 271 0 17 51 59 0 0 22 52 0 290 0 93 878 0 0 22 0 158 10 0 0 0 961 290 215 0 148 0 2791 0 1216 14 34 89 441 0 14 791 70 14 112 67 0 0 728 0 10 0 0 484 76 0 338 108 0 0 0 2127 0 698 0 3000 22 0 37 0 151 916 509 606 21 89 0 0 0 21 1468 0 
450 17 151 43 275 52 20 367 1906 154 235 422 25 15 97 843 95 83 0 1796 147 8 159 134 635 234 25 136 48 78 108 325 51 557 602 42 995 12 135 31 9 42 35 19 7 47 3000 9 3000 546 74 43 53 570 160 73 10 2768 41 196 18 38 272 101 55 955 640 151 0 71 37 53 214 93 1163 352 14 1037 51 36 
9 0 18 498 10 0 0 0 72 39 0 864 0 0 241 15 158 200 211 8 138 0 374 171 45 388 30 0 175 166 43 0 244 0 162 30 12 12 152 177 11 332 45 31 21 0 1753 82 552 71 409 59 533 26 267 551 0 22 0 11 0 74 1081 12 0 767 36 916 71 0 700 43 185 0 73 0 0 12 0 0 
1911 3000 16 272 244 207 0 0 265 46 0 103 0 0 259 10 0 94 0 151 94 0 0 0 3000 14 1656 0 50 2014 142 0 221 62 196 19 15 0 166 32 162 380 34 51 0 0 1257 226 444 0 275 312 85 75 7 42 0 94 0 59 0 29 38 2117 262 0 91 509 37 700 0 42 325 23 0 0 0 790 0 0 
827 1001 8 71 308 2012 62 173 0 276 0 36 84 826 53 0 0 289 0 68 17 0 0 0 209 81 432 328 587 19 32 1343 347 504 545 3000 47 0 820 33 51 31 215 838 0 0 29 11 36 0 0 3000 29 0 157 184 0 9 474 30 0 66 447 723 27 0 440 606 53 43 42 0 102 325 0 0 0 371 15 0 
37 57 333 55 278 132 365 0 68 147 0 247 0 0 693 202 343 8 473 34 11 0 177 59 190 32 324 0 205 128 356 425 81 0 660 142 605 29 592 8 56 29 2841 94 107 0 2360 94 180 8 64 82 13 423 2742 53 0 97 0 462 0 1982 278 172 0 3000 237 21 214 185 325 102 0 173 139 1650 14 11 0 26 
262 229 43 818 367 346 11 13 0 3000 0 28 47 54 157 0 0 0 0 228 25 0 0 0 130 19 98 26 0 51 306 90 633 67 1289 169 18 0 108 173 74 46 21 371 0 0 46 1182 24 0 0 29 204 0 1417 40 0 131 70 35 0 514 12 46 152 0 1276 89 93 0 23 325 173 0 0 0 0 31 496 0 
562 0 47 485 31 0 85 53 644 524 20 11 27 0 0 10 87 3000 34 15 140 179 11 2733 114 0 678 0 279 179 12 66 501 45 14 0 40 559 49 0 0 936 0 0 408 63 2184 48 20 80 249 0 0 122 0 788 226 377 3000 23 1872 0 153 662 0 34 208 0 1163 73 0 0 139 0 0 110 12 14 36 173 
64 0 128 0 23 0 75 129 228 122 251 38 31 0 0 10 115 131 3000 0 16 8 92 267 31 0 149 0 560 81 21 440 307 0 0 0 13 73 0 0 0 77 0 0 185 64 143 3000 0 71 23 0 0 391 0 181 427 690 142 9 541 0 21 18 0 21 0 0 352 0 0 0 1650 0 110 0 84 0 0 255 
13 0 127 971 21 0 11 432 85 65 3000 62 263 0 0 149 11 58 207 0 1421 197 10 32 16 0 982 0 445 29 9 3000 2028 0 0 0 30 169 0 0 0 569 0 0 48 129 386 209 0 108 487 0 0 40 0 590 2429 254 155 1209 1892 0 554 408 0 13 0 0 14 0 0 0 14 0 12 84 0 395 0 67 
82 98 358 181 140 629 11 0 48 403 3000 74 1105 24 45 20 59 23 18 1317 19 0 122 7 59 77 261 0 3000 28 48 8 34 882 7 117 14 53 139 289 19 63 27 584 25 15 78 13 243 29 133 1992 721 21 187 8 0 47 75 103 0 765 56 38 175 15 12 21 1037 12 790 371 11 31 14 0 395 0 460 121 
50 213 34 126 11 291 99 25 0 252 136 14 68 720 0 0 0 0 0 14 819 200 0 0 2128 0 44 194 0 850 37 383 0 130 631 0 0 0 296 0 0 111 401 376 0 1308 29 9 864 0 0 19 0 0 0 37 8 1160 462 148 0 14 479 889 59 0 15 1468 51 0 0 15 0 496 36 0 0 460 0 73 
3000 0 1012 53 222 0 12 24 40 2981 33 956 73 0 0 212 148 27 74 796 314 168 1558 82 119 0 231 0 41 3000 86 466 54 2272 163 0 435 30 0 0 0 81 0 0 201 42 483 8 0 245 80 0 0 57 0 278 34 19 23 1840 7 0 818 155 0 70 12 0 36 0 0 0 26 0 173 255 67 121 73 0 
