80
0 22 56 28 25 70 47 82 38 58 33 87 33 69 43 34 91 65 75 62 12 12 60 58 54 38 93 76 55 98 68 72 44 49 46 46 43 3 30 28 21 33 27 84 101 24 70 48 35 67 13 30 66 3 74 62 28 45 80 36 7 65 16 89 43 28 11 57 41 71 24 88 47 77 49 52 82 97 71 87 
22 0 36 39 21 59 41 64 36 56 47 65 19 53 30 12 69 47 65 41 19 10 40 39 41 38 72 55 39 76 56 63 33 51 27 28 26 25 17 30 16 26 24 63 85 14 48 37 17 45 30 11 47 19 54 46 30 33 62 25 28 46 10 67 30 7 19 43 19 49 29 66 43 58 29 39 66 82 59 68 
56 36 0 75 38 73 38 62 66 83 83 32 44 58 23 30 39 12 81 6 55 45 35 39 21 46 44 19 14 43 69 81 27 81 10 13 43 58 28 63 50 56 56 44 86 46 22 25 37 27 58 37 46 54 18 54 44 25 60 50 61 11 40 35 51 30 48 57 26 29 64 49 42 57 31 56 70 88 73 59 
28 39 75 0 52 57 75 78 23 36 9 102 36 64 68 46 104 86 59 80 21 34 65 61 79 66 104 93 78 112 57 56 70 25 66 68 44 29 54 15 26 26 22 90 91 30 82 74 42 76 40 39 67 28 93 58 57 71 76 33 31 85 41 102 40 46 39 50 52 80 12 93 75 74 56 45 74 85 59 87 
25 21 38 52 0 79 23 82 55 75 58 70 40 72 19 30 76 44 86 44 32 18 56 56 30 17 80 56 33 80 76 84 19 69 28 25 46 26 11 47 34 46 42 75 104 33 56 24 37 57 22 31 65 24 54 66 9 21 80 45 27 44 12 73 51 22 14 63 34 60 44 80 23 77 45 59 86 102 80 84 
70 59 73 57 79 0 98 29 35 29 64 82 40 20 83 52 79 85 8 74 58 65 41 35 91 97 74 83 85 90 4 10 87 37 70 76 34 73 73 45 49 38 43 56 34 48 63 90 43 53 83 49 32 67 85 20 88 87 29 35 77 83 69 79 29 59 75 17 51 56 50 55 100 29 42 20 19 28 1 42 
47 41 38 75 23 98 0 96 77 97 80 68 60 88 17 47 75 39 105 44 55 41 68 70 19 12 82 52 26 77 95 104 12 91 33 27 65 48 25 69 56 68 65 82 119 55 61 13 55 64 40 50 78 47 48 82 19 14 94 66 47 39 35 72 70 40 36 81 49 67 67 87 4 90 59 78 101 119 99 95 
82 64 62 78 82 29 96 0 56 57 86 60 49 14 79 53 55 71 35 60 72 73 28 26 83 98 48 65 76 66 27 38 84 63 64 70 39 85 73 64 61 53 58 30 24 58 45 85 47 36 93 54 18 79 69 20 91 83 2 48 89 70 74 56 40 61 83 28 48 37 68 28 99 6 37 33 12 26 28 13 
38 36 66 23 55 35 77 56 0 20 30 87 22 42 66 36 88 78 38 69 26 37 47 42 76 72 87 82 73 98 34 35 69 15 59 62 27 40 53 11 21 10 13 71 69 23 67 73 29 59 52 30 46 36 83 36 62 69 54 16 44 77 43 87 20 40 46 28 40 64 15 73 78 52 40 23 51 63 36 66 
58 56 83 36 75 29 97 57 20 0 40 100 40 45 85 55 99 95 27 85 46 57 58 52 95 92 96 97 92 110 30 23 89 10 77 81 41 59 73 30 41 30 33 79 63 42 80 92 46 71 71 49 54 56 98 41 83 89 56 33 63 94 63 99 33 59 66 33 57 75 33 80 98 55 54 30 48 55 30 69 
33 47 83 9 58 64 80 86 30 40 0 110 44 72 75 54 112 94 65 88 28 41 74 70 86 71 112 102 86 121 64 61 76 30 74 75 53 33 61 24 34 34 31 99 98 38 91 81 51 85 43 48 75 33 101 66 62 77 85 41 34 93 47 111 48 53 44 58 61 89 21 101 80 82 65 53 81 92 66 96 
87 65 32 102 70 82 68 60 87 100 110 0 67 63 54 56 9 29 90 26 84 75 42 48 48 77 18 15 42 11 78 91 57 101 42 45 61 89 60 88 76 79 80 31 81 72 20 54 60 29 90 62 50 84 20 63 76 55 58 72 92 29 71 5 69 59 80 69 49 26 89 35 71 56 47 70 71 86 81 50 
33 19 44 36 40 40 60 49 22 40 44 67 0 36 46 15 68 56 46 47 23 25 30 27 55 57 68 61 52 77 37 45 50 37 37 41 10 36 34 21 13 12 13 55 68 9 47 53 7 40 45 9 34 30 61 29 48 50 47 7 40 55 28 67 11 20 35 25 19 45 23 58 61 44 21 20 49 65 41 55 
69 53 58 64 72 20 88 14 42 45 72 63 36 0 72 43 59 68 27 57 58 61 23 19 77 89 54 65 71 70 16 29 76 50 57 63 27 72 64 50 48 40 45 36 32 45 45 78 36 35 81 42 13 66 68 7 81 76 12 34 76 67 63 60 26 50 71 14 39 37 54 36 91 10 29 20 14 31 19 25 
43 30 23 68 19 83 17 79 66 85 75 54 46 72 0 32 61 26 91 29 47 34 51 53 11 23 66 39 14 64 80 90 5 81 16 10 49 44 14 60 46 56 54 66 102 43 44 7 41 48 41 37 61 42 36 66 23 4 77 53 46 26 28 58 56 26 33 66 33 50 58 70 20 73 43 64 85 102 83 78 
34 12 30 46 30 52 47 53 36 55 54 56 15 43 32 0 59 42 59 34 28 22 28 27 41 46 60 47 37 67 48 58 36 51 23 26 18 36 22 33 20 26 26 51 74 16 37 39 9 33 42 7 35 31 47 36 39 36 51 21 40 40 22 57 24 8 31 35 7 37 34 54 49 47 17 32 56 73 52 56 
91 69 39 104 76 79 75 55 88 99 112 9 68 59 61 59 0 37 87 32 87 79 41 47 56 84 9 24 50 11 75 88 64 101 47 51 61 94 66 90 79 80 82 25 75 74 22 62 62 29 96 65 47 88 28 60 83 63 54 73 97 37 76 4 69 63 85 67 52 25 91 28 79 52 48 69 67 80 78 44 
65 47 12 86 44 85 39 71 78 95 94 29 56 68 26 42 37 0 93 11 66 55 45 50 19 48 45 14 13 38 81 93 29 93 20 20 55 67 36 75 61 68 68 49 95 58 28 26 49 35 66 48 56 64 10 65 49 27 69 62 69 1 49 34 62 41 57 68 38 36 75 54 42 66 43 68 80 97 84 66 
75 65 81 59 86 8 105 35 38 27 65 90 46 27 91 59 87 93 0 82 63 71 49 43 98 103 81 91 93 98 12 4 95 37 78 83 41 77 80 49 55 42 48 63 35 53 71 97 50 61 88 55 40 72 93 28 95 94 35 41 81 91 75 87 35 66 80 25 58 64 53 62 107 36 50 27 24 27 9 48 
62 41 6 80 44 74 44 60 69 85 88 26 47 57 29 34 32 11 82 0 60 50 34 39 26 52 38 14 19 36 70 82 32 84 16 19 45 64 34 67 54 59 60 40 84 50 17 31 40 24 65 41 44 60 13 54 50 31 58 53 67 10 46 29 53 35 54 57 29 25 68 44 48 55 32 57 69 86 73 55 
12 19 55 21 32 58 55 72 26 46 28 84 23 58 47 28 87 66 63 60 0 13 52 50 58 47 88 74 58 95 56 60 49 38 46 47 33 14 33 16 10 21 15 77 89 14 65 53 27 60 25 22 57 10 73 51 38 50 69 24 19 65 20 85 32 26 20 45 35 65 13 80 55 66 42 40 70 85 59 78 
12 10 45 34 18 65 41 73 37 57 41 75 25 61 34 22 79 55 71 50 13 0 50 48 45 35 82 64 45 86 62 68 35 50 35 35 35 14 20 28 16 29 25 73 93 17 58 40 26 55 20 20 56 9 62 54 25 36 71 30 18 54 6 77 37 17 10 50 29 59 26 77 42 67 39 45 74 90 66 77 
60 40 35 65 56 41 68 28 47 58 74 42 30 23 51 28 41 45 49 34 52 50 0 6 55 70 39 42 49 52 37 50 55 60 35 41 21 63 46 51 42 40 43 25 52 38 23 56 25 13 69 31 11 57 45 21 65 55 26 33 67 44 49 41 28 35 58 26 21 17 53 28 71 23 11 28 36 53 40 28 
58 39 39 61 56 35 70 26 42 52 70 48 27 19 53 27 47 50 43 39 50 48 6 0 58 72 44 48 52 57 31 44 58 55 38 44 17 61 47 46 39 36 39 29 49 35 28 59 23 19 68 29 8 55 50 16 65 57 24 29 65 48 49 47 23 35 57 20 22 23 49 31 73 20 11 22 32 49 35 29 
54 41 21 79 30 91 19 83 76 95 86 48 55 77 11 41 56 19 98 26 58 45 55 58 0 30 63 33 7 57 87 98 12 91 20 15 57 56 25 70 56 66 64 65 107 54 43 7 49 49 52 46 66 53 29 73 32 10 81 62 57 20 39 53 65 36 44 73 40 51 69 70 23 77 49 72 90 108 91 80 
38 38 46 66 17 97 12 98 72 92 71 77 57 89 23 46 84 48 103 52 47 35 70 72 30 0 90 62 35 86 93 101 20 85 38 33 63 38 24 63 51 63 59 88 120 50 67 23 54 69 29 48 80 39 58 82 10 21 96 62 37 48 29 81 68 38 27 80 50 72 60 92 10 92 61 77 102 119 97 98 
93 72 44 104 80 74 82 48 87 96 112 18 68 54 66 60 9 45 81 38 88 82 39 44 63 90 0 32 56 19 71 84 70 99 52 57 60 96 70 89 79 79 82 18 67 75 24 68 62 28 99 66 43 91 36 56 88 69 47 72 99 44 79 12 67 65 88 64 53 24 91 20 86 46 48 66 60 73 73 36 
76 55 19 93 56 83 52 65 82 97 102 15 61 65 39 47 24 14 91 14 74 64 42 48 33 62 32 0 27 25 79 92 42 97 29 31 57 78 47 81 68 72 73 40 88 64 21 39 53 30 78 54 52 73 5 63 62 41 64 66 80 14 60 20 65 49 68 68 42 29 82 44 56 61 43 68 76 92 83 58 
55 39 14 78 33 85 26 76 73 92 86 42 52 71 14 37 50 13 93 19 58 45 49 52 7 35 56 27 0 51 82 93 16 88 15 11 53 57 25 68 54 63 62 58 100 51 36 13 45 42 54 43 59 54 23 67 36 14 74 59 59 13 39 46 60 34 46 68 35 43 68 63 30 71 43 67 84 101 85 73 
98 76 43 112 80 90 77 66 98 110 121 11 77 70 64 67 11 38 98 36 95 86 52 57 57 86 19 25 51 0 86 99 67 111 52 55 71 100 70 98 87 89 91 36 85 83 31 64 70 39 101 73 58 95 28 71 86 65 65 82 103 38 82 11 78 70 91 78 60 35 100 39 80 63 57 80 78 91 89 55 
68 56 69 57 76 4 95 27 34 30 64 78 37 16 80 48 75 81 12 70 56 62 37 31 87 93 71 79 82 86 0 13 84 37 67 72 30 70 70 44 47 36 41 52 35 45 59 86 40 50 81 45 28 65 81 16 85 84 26 33 75 79 66 76 26 55 72 13 47 52 48 52 97 26 38 17 18 29 4 40 
72 63 81 56 84 10 104 38 35 23 61 91 45 29 90 58 88 93 4 82 60 68 50 44 98 101 84 92 93 99 13 0 94 33 78 83 40 74 79 45 52 40 45 65 40 51 72 96 49 63 85 54 41 69 94 29 93 93 38 39 79 91 73 89 34 64 78 25 58 65 50 65 106 38 50 26 27 31 11 51 
44 33 27 70 19 87 12 84 69 89 76 57 50 76 5 36 64 29 95 32 49 35 55 58 12 20 70 42 16 67 84 94 0 84 21 15 54 45 16 62 48 59 57 70 107 46 48 5 45 52 40 41 66 43 39 71 21 2 81 56 46 29 29 61 60 30 33 70 37 55 61 75 16 78 47 68 90 107 88 82 
49 51 81 25 69 37 91 63 15 10 30 101 37 50 81 51 101 93 37 84 38 50 60 55 91 85 99 97 88 111 37 33 84 0 74 77 40 51 67 22 35 25 27 83 71 37 81 87 44 73 62 45 57 48 97 45 76 84 62 31 54 92 56 101 33 55 58 37 55 77 25 84 92 61 54 33 56 64 39 75 
46 27 10 66 28 70 33 64 59 77 74 42 37 57 16 23 47 20 78 16 46 35 35 38 20 38 52 29 15 52 67 78 21 74 0 6 38 49 18 55 41 49 48 50 87 38 29 21 31 31 49 29 46 44 27 52 36 20 61 44 51 19 30 45 45 21 39 53 20 34 55 54 36 58 29 52 70 88 71 62 
46 28 13 68 25 76 27 70 62 81 75 45 41 63 10 26 51 20 83 19 47 35 41 44 15 33 57 31 11 55 72 83 15 77 6 0 43 48 16 58 44 52 51 55 93 41 34 15 35 37 47 32 52 44 29 58 31 14 67 48 50 19 30 48 50 23 37 59 25 40 57 60 31 64 34 57 76 94 76 68 
43 26 43 44 46 34 65 39 27 41 53 61 10 27 49 18 61 55 41 45 33 35 21 17 57 63 60 57 53 71 30 40 54 40 38 43 0 46 40 29 23 19 22 46 59 19 40 56 10 33 54 16 24 40 58 20 56 53 37 12 50 53 37 60 8 25 44 17 18 37 32 48 67 33 14 14 40 56 34 45 
3 25 58 29 26 73 48 85 40 59 33 89 36 72 44 36 94 67 77 64 14 14 63 61 56 38 96 78 57 100 70 74 45 51 49 48 46 0 32 30 24 35 30 87 103 27 72 50 38 69 12 32 69 6 76 65 29 46 82 38 4 67 18 91 46 31 12 59 43 73 26 90 47 79 52 54 84 99 74 90 
30 17 28 54 11 73 25 73 53 73 61 60 34 64 14 22 66 36 80 34 33 20 46 47 25 24 70 47 25 70 70 79 16 67 18 16 40 32 0 46 32 43 40 65 96 30 46 20 30 46 31 25 56 29 45 58 19 17 71 41 34 35 14 63 45 15 21 57 25 50 45 70 27 68 36 53 78 95 74 74 
28 30 63 15 47 45 69 64 11 30 24 88 21 50 60 33 90 75 49 67 16 28 51 46 70 63 89 81 68 98 44 45 62 22 55 58 29 30 46 0 14 11 8 75 78 17 68 66 28 61 41 27 52 26 81 43 53 63 62 18 34 74 34 88 25 35 36 36 39 66 4 78 70 59 42 30 60 73 46 72 
21 16 50 26 34 49 56 61 21 41 34 76 13 48 46 20 79 61 55 54 10 16 42 39 56 51 79 68 54 87 47 52 48 35 41 44 23 24 32 14 0 12 8 67 79 4 57 52 17 51 34 14 47 18 67 41 42 49 59 14 28 60 22 77 22 21 26 36 27 56 14 70 57 56 32 31 60 75 50 68 
33 26 56 26 46 38 68 53 10 30 34 79 12 40 56 26 80 68 42 59 21 29 40 36 66 63 79 72 63 89 36 40 59 25 49 52 19 35 43 11 12 0 5 65 69 13 58 63 19 51 46 20 41 30 73 33 54 59 52 7 39 66 34 79 14 30 38 26 31 56 14 67 69 49 32 21 51 65 39 62 
27 24 56 22 42 43 65 58 13 33 31 80 13 45 54 26 82 68 48 60 15 25 43 39 64 59 82 73 62 91 41 45 57 27 48 51 22 30 40 8 8 5 0 68 75 10 60 60 20 54 40 19 45 25 73 38 50 57 56 11 34 66 30 81 19 28 33 31 31 58 10 71 66 54 34 26 56 70 44 66 
84 63 44 90 75 56 82 30 71 79 99 31 55 36 66 51 25 49 63 40 77 73 25 29 65 88 18 40 58 36 52 65 70 83 50 55 46 87 65 75 67 65 68 0 50 63 22 69 50 19 92 55 26 81 44 39 84 69 29 58 91 48 72 27 52 57 81 46 44 15 78 5 86 28 35 50 42 56 55 19 
101 85 86 91 104 34 119 24 69 63 98 81 68 32 102 74 75 95 35 84 89 93 52 49 107 120 67 88 100 85 35 40 107 71 87 93 59 103 96 78 79 69 75 50 0 77 68 108 68 59 112 74 41 97 92 39 113 106 26 65 107 93 95 77 57 82 103 44 71 60 82 47 122 29 60 49 19 10 33 31 
24 14 46 30 33 48 55 58 23 42 38 72 9 45 43 16 74 58 53 50 14 17 38 35 54 50 75 64 51 83 45 51 46 37 38 41 19 27 30 17 4 13 10 63 77 0 52 50 13 47 36 10 43 21 64 38 41 47 56 13 31 56 21 73 20 18 27 33 23 51 18 66 56 53 28 28 58 73 49 64 
70 48 22 82 56 63 61 45 67 80 91 20 47 45 44 37 22 28 71 17 65 58 23 28 43 67 24 21 36 31 59 72 48 81 29 34 40 72 46 68 57 58 60 22 68 52 0 47 40 10 75 43 32 67 24 43 64 47 43 51 75 26 55 20 48 41 64 49 30 8 70 27 64 40 27 50 55 71 63 38 
48 37 25 74 24 90 13 85 73 92 81 54 53 78 7 39 62 26 97 31 53 40 56 59 7 23 68 39 13 64 86 96 5 87 21 15 56 50 20 66 52 63 60 69 108 50 47 0 47 52 45 44 67 47 36 72 25 3 82 59 50 26 34 59 63 33 38 73 39 54 65 74 17 79 49 70 91 108 90 83 
35 17 37 42 37 43 55 47 29 46 51 60 7 36 41 9 62 49 50 40 27 26 25 23 49 54 62 53 45 70 40 49 45 44 31 35 10 38 30 28 17 19 20 50 68 13 40 47 0 34 46 6 31 32 53 29 46 45 45 13 42 48 27 60 15 16 35 27 11 38 30 53 57 42 15 23 49 66 44 52 
67 45 27 76 57 53 64 36 59 71 85 29 40 35 48 33 29 35 61 24 60 55 13 19 49 69 28 30 42 39 50 63 52 73 31 37 33 69 46 61 51 51 54 19 59 47 10 52 34 0 74 38 22 64 33 34 65 51 34 44 73 34 53 28 40 39 63 40 26 4 63 23 68 31 20 41 46 62 53 31 
13 30 58 40 22 83 40 93 52 71 43 90 45 81 41 42 96 66 88 65 25 20 69 68 52 29 99 78 54 101 81 85 40 62 49 47 54 12 31 41 34 46 40 92 112 36 75 45 46 74 0 39 76 16 75 74 21 42 91 48 9 65 20 93 56 35 11 69 48 78 37 96 39 87 58 64 93 109 84 97 
30 11 37 39 31 49 50 54 30 49 48 62 9 42 37 7 65 48 55 41 22 20 31 29 46 48 66 54 43 73 45 54 41 45 29 32 16 32 25 27 14 20 19 55 74 10 43 44 6 38 39 0 37 26 54 35 40 41 51 16 36 47 21 63 20 11 29 32 13 43 27 58 52 48 20 28 55 72 49 58 
66 47 46 67 65 32 78 18 46 54 75 50 34 13 61 35 47 56 40 44 57 56 11 8 66 80 43 52 59 58 28 41 66 57 46 52 24 69 56 52 47 41 45 26 41 43 32 67 31 22 76 37 0 63 55 13 74 65 16 34 73 54 57 47 27 43 66 21 30 24 55 27 81 12 19 24 25 42 31 21 
3 19 54 28 24 67 47 79 36 56 33 84 30 66 42 31 88 64 72 60 10 9 57 55 53 39 91 73 54 95 65 69 43 48 44 44 40 6 29 26 18 30 25 81 97 21 67 47 32 64 16 26 63 0 72 59 29 44 77 33 10 63 14 86 40 26 11 54 38 68 22 85 47 73 46 49 78 94 68 84 
74 54 18 93 54 85 48 69 83 98 101 20 61 68 36 47 28 10 93 13 73 62 45 50 29 58 36 5 23 28 81 94 39 97 27 29 58 76 45 81 67 73 73 44 92 64 24 36 53 33 75 54 55 72 0 65 59 37 67 67 78 10 58 25 66 48 66 70 42 32 81 48 52 64 45 70 79 95 85 62 
62 46 54 58 66 20 82 20 36 41 66 63 29 7 66 36 60 65 28 54 51 54 21 16 73 82 56 63 67 71 16 29 71 45 52 58 20 65 58 43 41 33 38 39 39 38 43 72 29 34 74 35 13 59 65 0 75 70 19 27 69 64 56 60 19 44 64 8 34 37 47 39 85 16 24 13 20 37 19 30 
28 30 44 57 9 88 19 91 62 83 62 76 48 81 23 39 83 49 95 50 38 25 65 65 32 10 88 62 36 86 85 93 21 76 36 31 56 29 19 53 42 54 50 84 113 41 64 25 46 65 21 40 74 29 59 75 0 23 89 54 28 49 20 80 60 31 18 72 43 69 51 88 18 86 55 68 95 112 89 93 
45 33 25 71 21 87 14 83 69 89 77 55 50 76 4 36 63 27 94 31 50 36 55 57 10 21 69 41 14 65 84 93 2 84 20 14 53 46 17 63 49 59 57 69 106 47 47 3 45 51 42 41 65 44 37 70 23 0 81 56 47 27 30 60 60 30 35 70 37 53 61 74 17 77 47 68 89 106 87 81 
80 62 60 76 80 29 94 2 54 56 85 58 47 12 77 51 54 69 35 58 69 71 26 24 81 96 47 64 74 65 26 38 81 62 61 67 37 82 71 62 59 52 56 29 26 56 43 82 45 34 91 51 16 77 67 19 89 81 0 46 87 68 72 55 38 58 80 27 46 35 66 27 97 3 35 32 13 28 28 13 
36 25 50 33 45 35 66 48 16 33 41 72 7 34 53 21 73 62 41 53 24 30 33 29 62 62 72 66 59 82 33 39 56 31 44 48 12 38 41 18 14 7 11 58 65 13 51 59 13 44 48 16 34 33 67 27 54 56 46 0 43 61 34 72 8 26 39 21 25 48 21 60 67 43 25 16 46 61 36 55 
7 28 61 31 27 77 47 89 44 63 34 92 40 76 46 40 97 69 81 67 19 18 67 65 57 37 99 80 59 103 75 79 46 54 51 50 50 4 34 34 28 39 34 91 107 31 75 50 42 73 9 36 73 10 78 69 28 47 87 43 0 69 21 94 50 34 13 64 47 77 30 94 46 84 56 59 89 103 78 94 
65 46 11 85 44 83 39 70 77 94 93 29 55 67 26 40 37 1 91 10 65 54 44 48 20 48 44 14 13 38 79 91 29 92 19 19 53 67 35 74 60 66 66 48 93 56 26 26 48 34 65 47 54 63 10 64 49 27 68 61 69 0 48 33 61 40 56 67 36 34 74 53 43 65 41 66 79 96 83 65 
16 10 40 41 12 69 35 74 43 63 47 71 28 63 28 22 76 49 75 46 20 6 49 49 39 29 79 60 39 82 66 73 29 56 30 30 37 18 14 34 22 34 30 72 95 21 55 34 27 53 20 21 57 14 58 56 20 30 72 34 21 48 0 74 40 15 9 53 28 57 32 76 36 69 39 49 76 93 69 78 
89 67 35 102 73 79 72 56 87 99 111 5 67 60 58 57 4 34 87 29 85 77 41 47 53 81 12 20 46 11 76 89 61 101 45 48 60 91 63 88 77 79 81 27 77 73 20 59 60 28 93 63 47 86 25 60 80 60 55 72 94 33 74 0 68 61 82 67 50 24 90 30 76 53 47 69 68 82 79 46 
43 30 51 40 51 29 70 40 20 33 48 69 11 26 56 24 69 62 35 53 32 37 28 23 65 68 67 65 60 78 26 34 60 33 45 50 8 46 45 25 22 14 19 52 57 20 48 63 15 40 56 20 27 40 66 19 60 60 38 8 50 61 40 68 0 31 46 13 25 44 28 54 72 35 22 9 38 53 29 48 
28 7 30 46 22 59 40 61 40 59 53 59 20 50 26 8 63 41 66 35 26 17 35 35 36 38 65 49 34 70 55 64 30 55 21 23 25 31 15 35 21 30 28 57 82 18 41 33 16 39 35 11 43 26 48 44 31 30 58 26 34 40 15 61 31 0 24 42 14 43 34 61 42 55 24 39 64 81 59 63 
11 19 48 39 14 75 36 83 46 66 44 80 35 71 33 31 85 57 80 54 20 10 58 57 44 27 88 68 46 91 72 78 33 58 39 37 44 12 21 36 26 38 33 81 103 27 64 38 35 63 11 29 66 11 66 64 18 35 80 39 13 56 9 82 46 24 0 60 37 67 33 85 36 77 47 55 84 100 75 86 
57 43 57 50 63 17 81 28 28 33 58 69 25 14 66 35 67 68 25 57 45 50 26 20 73 80 64 68 68 78 13 25 70 37 53 59 17 59 57 36 36 26 31 46 44 33 49 73 27 40 69 32 21 54 70 8 72 70 27 21 64 67 53 67 13 42 60 0 34 43 40 47 84 24 26 5 25 40 17 38 
41 19 26 52 34 51 49 48 40 57 61 49 19 39 33 7 52 38 58 29 35 29 21 22 40 50 53 42 35 60 47 58 37 55 20 25 18 43 25 39 27 31 31 44 71 23 30 39 11 26 48 13 30 38 42 34 43 37 46 25 47 36 28 50 25 14 37 34 0 30 40 48 51 42 11 32 53 70 51 50 
71 49 29 80 60 56 67 37 64 75 89 26 45 37 50 37 25 36 64 25 65 59 17 23 51 72 24 29 43 35 52 65 55 77 34 40 37 73 50 66 56 56 58 15 60 51 8 54 38 4 78 43 24 68 32 37 69 53 35 48 77 34 57 24 44 43 67 43 30 0 68 20 70 32 24 45 47 63 55 30 
24 29 64 12 44 50 67 68 15 33 21 89 23 54 58 34 91 75 53 68 13 26 53 49 69 60 91 82 68 100 48 50 61 25 55 57 32 26 45 4 14 14 10 78 82 18 70 65 30 63 37 27 55 22 81 47 51 61 66 21 30 74 32 90 28 34 33 40 40 68 0 81 68 63 44 34 64 77 51 76 
88 66 49 93 80 55 87 28 73 80 101 35 58 36 70 54 28 54 62 44 80 77 28 31 70 92 20 44 63 39 52 65 75 84 54 60 48 90 70 78 70 67 71 5 47 66 27 74 53 23 96 58 27 85 48 39 88 74 27 60 94 53 76 30 54 61 85 47 48 20 81 0 91 26 38 51 40 53 54 16 
47 43 42 75 23 100 4 99 78 98 80 71 61 91 20 49 79 42 107 48 55 42 71 73 23 10 86 56 30 80 97 106 16 92 36 31 67 47 27 70 57 69 66 86 122 56 64 17 57 68 39 52 81 47 52 85 18 17 97 67 46 43 36 76 72 42 36 84 51 70 68 91 0 93 62 80 104 121 101 98 
77 58 57 74 77 29 90 6 52 55 82 56 44 10 73 47 52 66 36 55 66 67 23 20 77 92 46 61 71 63 26 38 78 61 58 64 33 79 68 59 56 49 54 28 29 53 40 79 42 31 87 48 12 73 64 16 86 77 3 43 84 65 69 53 35 55 77 24 42 32 63 26 93 0 31 29 15 31 28 14 
49 29 31 56 45 42 59 37 40 54 65 47 21 29 43 17 48 43 50 32 42 39 11 11 49 61 48 43 43 57 38 50 47 54 29 34 14 52 36 42 32 32 34 35 60 28 27 49 15 20 58 20 19 46 45 24 55 47 35 25 56 41 39 47 22 24 47 26 11 24 44 38 62 31 0 25 42 59 42 39 
52 39 56 45 59 20 78 33 23 30 53 70 20 20 64 32 69 68 27 57 40 45 28 22 72 77 66 68 67 80 17 26 68 33 52 57 14 54 53 30 31 21 26 50 49 28 50 70 23 41 64 28 24 49 70 13 68 68 32 16 59 66 49 69 9 39 55 5 32 45 34 51 80 29 25 0 30 45 21 43 
82 66 70 74 86 19 101 12 51 48 81 71 49 14 85 56 67 80 24 69 70 74 36 32 90 102 60 76 84 78 18 27 90 56 70 76 40 84 78 60 60 51 56 42 19 58 55 91 49 46 93 55 25 78 79 20 95 89 13 46 89 79 76 68 38 64 84 25 53 47 64 40 104 15 42 30 0 17 18 25 
97 82 88 85 102 28 119 26 63 55 92 86 65 31 102 73 80 97 27 86 85 90 53 49 108 119 73 92 101 91 29 31 107 64 88 94 56 99 95 73 75 65 70 56 10 73 71 108 66 62 109 72 42 94 95 37 112 106 28 61 103 96 93 82 53 81 100 40 70 63 77 53 121 31 59 45 17 0 26 37 
71 59 73 59 80 1 99 28 36 30 66 81 41 19 83 52 78 84 9 73 59 66 40 35 91 97 73 83 85 89 4 11 88 39 71 76 34 74 74 46 50 39 44 55 33 49 63 90 44 53 84 49 31 68 85 19 89 87 28 36 78 83 69 79 29 59 75 17 51 55 51 54 101 28 42 21 18 26 0 41 
87 68 59 87 84 42 95 13 66 69 96 50 55 25 78 56 44 66 48 55 78 77 28 29 80 98 36 58 73 55 40 51 82 75 62 68 45 90 74 72 68 62 66 19 31 64 38 83 52 31 97 58 21 84 62 30 93 81 13 55 94 65 78 46 48 63 86 38 50 30 76 16 98 14 39 43 25 37 41 0 
0 810 47 0 283 0 752 312 0 3000 1094 1176 27 2784 1919 1573 28 79 154 23 81 492 110 149 13 112 640 432 8 34 0 30 8 177 0 45 380 273 85 593 31 21 14 108 0 31 113 187 18 1091 535 0 0 0 13 625 0 92 9 93 109 0 445 815 18 35 86 65 12 429 10 24 0 1333 803 41 665 3000 83 46 
810 0 273 357 108 944 54 42 75 82 785 113 7 2309 138 75 1080 281 332 563 15 37 97 38 223 2135 105 241 72 408 29 16 10 411 306 290 366 107 8 14 13 471 166 13 880 1360 36 33 1016 43 243 505 309 235 1225 3000 32 9 83 0 292 478 0 272 3000 225 191 620 49 55 37 13 823 121 22 21 7 669 74 1775 
47 273 0 28 699 204 37 205 1275 18 2747 98 23 382 43 1632 0 1466 599 10 271 810 100 0 1480 273 30 75 0 1137 2514 260 46 88 26 34 10 3000 1042 77 980 55 26 1799 12 0 160 86 262 25 68 11 28 10 14 0 51 1007 133 0 59 17 0 24 29 17 368 376 720 1469 734 1505 39 12 7 63 7 50 159 3000 
0 357 28 0 104 293 0 167 66 26 0 11 282 229 470 144 62 0 178 540 531 26 11 511 256 31 551 106 0 24 0 196 3000 38 0 1472 340 152 1104 24 75 8 0 243 38 0 33 13 68 8 11 239 0 20 95 32 15 339 158 237 43 0 0 10 13 13 1257 3000 0 913 48 1210 94 26 103 58 40 0 670 42 
283 108 699 104 0 895 175 85 0 95 606 229 199 63 694 100 18 101 71 1207 418 86 285 27 273 10 14 10 0 12 0 207 32 23 0 958 624 504 377 146 13 8 669 87 0 49 235 10 105 29 8 397 0 99 3000 2218 600 8 2658 112 51 0 0 13 50 37 299 38 203 211 209 918 0 38 646 78 196 251 77 117 
0 944 204 293 895 0 0 12 12 69 0 529 1962 56 526 303 0 0 703 297 821 1088 142 0 8 49 470 2974 0 217 290 97 175 28 343 42 86 132 256 45 338 46 0 1277 46 0 0 48 30 103 15 347 0 8 33 0 78 51 234 0 277 0 0 8 912 57 11 2869 0 15 172 67 210 399 36 1643 81 0 12 131 
752 54 37 0 175 0 0 215 0 17 93 403 48 111 812 48 24 158 1128 14 2019 37 200 35 59 16 309 134 208 185 0 24 37 53 0 72 841 2786 934 706 11 81 1327 114 0 282 57 43 32 8 57 0 283 0 2274 160 0 27 984 21 18 1040 63 338 20 1018 548 135 45 12 125 1320 33 0 444 732 168 97 128 1436 
312 42 205 167 85 12 215 0 0 132 433 357 49 554 236 397 59 52 9 340 171 177 11 89 27 48 12 49 109 14 0 1476 378 47 0 20 69 298 1163 307 671 510 387 327 0 1257 208 238 9 14 30 0 0 845 37 483 807 38 493 2872 137 0 3000 438 666 605 557 851 59 55 68 10 0 40 31 59 14 7 2186 909 
0 75 1275 66 0 12 0 0 0 205 0 60 20 0 0 0 0 0 0 611 99 67 1550 0 278 112 0 67 0 469 1242 36 392 23 9 0 21 0 0 0 317 34 0 393 14 0 0 127 13 3000 0 21 345 1012 0 0 168 0 58 0 661 112 0 0 44 142 0 0 0 0 0 0 432 0 0 93 28 0 0 0 
3000 82 18 26 95 69 17 132 205 0 72 204 689 27 22 0 65 10 1338 55 9 355 13 134 14 286 12 101 298 125 3000 29 97 25 20 7 202 105 152 31 360 53 503 12 3000 26 431 1094 37 348 0 0 292 82 110 0 106 146 11 0 235 353 14 0 129 1067 0 0 68 37 2328 738 37 0 0 17 215 14 18 0 
1094 785 2747 0 606 0 93 433 0 72 0 180 29 87 24 11 160 2067 30 44 3000 71 60 202 45 158 31 144 256 1247 0 144 60 1276 0 22 30 156 11 1337 54 1448 395 216 0 1722 89 1474 2039 63 117 0 0 0 55 86 0 35 82 19 71 45 106 280 1165 12 26 3000 97 1258 7 10 0 13 11 137 527 28 186 140 
1176 113 98 11 229 529 403 357 60 204 180 0 421 345 52 755 1201 27 83 16 55 19 10 62 534 3000 33 83 0 511 608 15 26 35 19 2352 941 1005 21 12 720 50 0 45 121 842 316 109 163 24 79 17 0 10 683 189 13 167 48 84 61 0 0 159 218 30 10 13 0 27 505 51 3000 129 34 11 22 990 278 119 
27 7 23 282 199 1962 48 49 20 689 29 421 0 43 33 45 14 14 96 260 109 8 116 17 2656 12 197 384 9 3000 8 344 371 24 147 56 13 28 1349 350 53 147 11 282 12 17 26 3000 123 64 335 13 100 3000 60 0 662 28 3000 0 13 42 955 177 17 104 18 115 1351 49 30 1155 221 2226 645 385 214 307 277 39 
2784 2309 382 229 63 56 111 554 0 27 87 345 43 0 139 322 3000 49 52 557 656 923 257 18 20 63 85 69 0 11 0 48 11 108 0 36 34 24 41 3000 26 104 145 426 0 42 493 42 23 166 218 104 0 0 87 48 143 9 12 84 367 0 0 54 730 1732 265 1283 0 15 79 120 0 10 101 645 11 929 1298 39 
1919 138 43 470 694 526 812 236 0 22 24 52 33 139 0 678 491 15 350 106 85 24 221 182 76 114 571 748 41 375 0 162 30 321 0 17 21 21 13 10 187 18 52 54 0 153 184 14 55 389 12 0 0 0 313 301 57 104 53 33 1447 0 47 90 42 864 593 140 179 39 13 1098 0 77 99 666 565 871 72 16 
1573 75 1632 144 100 303 48 397 0 0 11 755 45 322 678 0 81 30 51 0 66 77 542 172 0 73 352 929 0 25 0 532 0 57 0 804 860 3000 394 9 1561 322 0 38 0 2037 210 129 8 71 8 8 0 0 43 210 276 32 81 380 94 0 0 654 35 50 70 35 0 161 204 62 0 43 195 31 138 457 25 178 
28 1080 0 62 18 0 24 59 0 65 160 1201 14 3000 491 81 0 9 183 769 206 502 706 1207 82 193 159 12 29 102 0 1272 27 0 0 254 74 3000 456 1397 240 39 10 31 0 29 29 8 15 0 61 0 0 0 57 3000 0 13 0 11 0 0 8 384 28 12 149 50 748 463 870 20 0 125 38 823 483 102 21 53 
79 281 1466 0 101 0 158 52 0 10 2067 27 14 49 15 30 9 0 192 339 128 1369 71 19 197 101 30 3000 2818 163 0 33 573 10 0 3000 1913 96 37 8 153 148 1128 88 0 94 128 130 25 56 930 0 0 0 20 116 0 294 103 49 394 105 60 271 101 104 11 138 15 9 21 21 0 0 99 2322 226 53 73 10 
154 332 599 178 71 703 1128 9 0 1338 30 83 96 52 350 51 183 192 0 14 352 227 827 149 47 148 3000 717 511 72 0 197 21 15 0 919 617 12 58 44 3000 299 313 501 0 8 576 76 39 39 80 0 0 0 247 226 0 3000 13 267 103 0 322 29 826 66 43 162 80 8 8 66 0 78 63 52 9 93 14 93 
23 563 10 540 1207 297 14 340 611 55 44 16 260 557 106 0 769 339 14 0 3000 570 611 58 247 52 75 90 165 115 36 610 64 755 11 175 49 561 2019 159 30 145 288 265 1329 8 817 118 77 3000 0 0 32 769 28 0 101 92 81 0 27 95 555 0 337 3000 914 0 110 406 11 15 97 0 0 3000 65 185 17 0 
81 15 271 531 418 821 2019 171 99 9 3000 55 109 656 85 66 206 128 352 3000 0 155 420 52 14 3000 138 56 408 75 105 33 229 1304 320 97 351 61 37 16 96 128 582 463 12 30 52 8 151 104 62 0 109 179 52 0 1010 9 74 0 109 43 49 55 250 125 566 2540 107 305 116 42 751 222 151 391 906 8 60 178 
492 37 810 26 86 1088 37 177 67 355 71 19 8 923 24 77 502 1369 227 570 155 0 14 0 137 34 15 260 96 35 143 357 447 371 14 267 55 1264 105 32 12 673 8 186 589 8 24 864 985 140 0 36 676 67 9 0 264 16 137 0 30 47 87 497 217 99 78 26 18 106 3000 12 7 137 3000 203 100 63 8 0 
110 97 100 11 285 142 200 11 1550 13 60 10 116 257 221 542 706 71 827 611 420 14 0 12 117 343 70 21 139 54 7 118 2071 77 73 12 560 69 147 1924 146 52 7 14 10 1581 178 14 380 142 312 29 1790 281 28 160 131 353 82 0 164 163 0 1554 78 1495 110 1624 902 658 194 138 3000 80 2275 2520 8 588 469 214 
149 38 0 511 27 0 35 89 0 134 202 62 17 18 182 172 1207 19 149 58 52 0 12 0 141 794 34 53 372 20 0 73 2283 0 0 27 1011 3000 33 1359 48 25 24 603 0 33 79 179 492 0 79 0 0 0 357 46 0 49 0 101 0 0 0 53 8 837 956 17 36 26 31 64 0 280 273 22 397 220 9 24 
13 223 1480 256 273 8 59 27 278 14 45 534 2656 20 76 0 82 197 47 247 14 137 117 141 0 52 8 68 82 1184 9 67 13 73 50 451 534 3000 9 18 107 50 29 77 122 1177 439 333 34 8 0 0 444 97 207 0 9 89 3000 0 215 71 316 458 20 20 341 10 11 39 70 2033 23 0 0 543 78 170 193 1602 
112 2135 273 31 10 49 16 48 112 286 158 3000 12 63 114 73 193 101 148 52 3000 34 343 794 52 0 191 2537 1118 33 55 22 1857 50 1411 477 151 300 48 18 19 35 162 96 18 1269 39 71 1258 1592 380 0 31 7 3000 0 16 53 94 0 249 88 142 42 1683 319 72 580 33 90 662 14 1225 79 25 63 24 77 238 476 
640 105 30 551 14 470 309 12 0 12 31 33 197 85 571 352 159 30 3000 75 138 15 70 34 8 191 0 20 0 10 0 102 1109 1206 0 414 30 897 8 158 97 75 34 334 0 1152 432 206 868 63 376 875 0 0 22 33 37 107 1135 694 452 0 0 62 115 156 559 1219 0 587 35 45 0 71 46 142 58 570 1810 11 
432 241 75 106 10 2974 134 49 67 101 144 83 384 69 748 929 12 3000 717 90 56 260 21 53 68 2537 20 0 129 15 75 1834 65 178 2992 57 21 918 58 29 94 43 32 10 26 152 141 902 3000 1445 268 251 591 198 41 697 16 378 144 0 71 380 737 119 124 121 25 13 579 223 30 10 160 198 347 11 28 9 944 15 
8 72 0 0 0 0 208 109 0 298 256 0 9 0 41 0 29 2818 511 165 408 96 139 372 82 1118 0 129 0 95 0 61 550 22 19 1814 253 0 11 247 0 156 210 479 0 304 9 26 94 0 0 0 43 0 0 0 0 3000 1021 0 31 73 45 0 60 10 0 0 532 396 0 0 445 0 0 44 115 633 28 0 
34 408 1137 24 12 217 185 14 469 125 1247 511 3000 11 375 25 102 163 72 115 75 35 54 20 1184 33 10 15 95 0 384 8 32 950 1693 42 25 787 21 674 21 38 142 87 30 10 248 56 16 30 157 55 879 35 1351 201 33 19 17 16 26 129 32 98 19 2707 1270 47 90 1314 3000 52 80 52 25 7 26 285 165 310 
0 29 2514 0 0 290 0 0 1242 3000 0 608 8 0 0 0 0 0 0 36 105 143 7 0 9 55 0 75 0 384 0 0 49 777 549 0 641 0 0 0 0 25 0 10 668 0 0 191 1386 25 0 0 184 280 0 0 69 0 35 0 20 10 0 0 84 0 0 0 0 0 0 0 17 0 0 0 16 0 0 0 
30 16 260 196 207 97 24 1476 36 29 144 15 344 48 162 532 1272 33 197 610 33 357 118 73 67 22 102 1834 61 8 0 0 14 47 12 30 110 24 144 1108 114 30 551 273 100 78 8 22 20 60 47 0 18 401 56 1305 151 18 198 10 56 53 12 1054 210 38 175 105 347 73 170 3000 1728 12 1011 114 814 269 103 193 
8 10 46 3000 32 175 37 378 392 97 60 26 371 11 30 0 27 573 21 64 229 447 2071 2283 13 1857 1109 65 550 32 49 14 0 49 521 210 127 42 1033 7 716 113 2241 218 50 38 100 9 191 9 0 0 126 144 134 13 0 9 60 0 3000 34 3000 459 158 1195 15 618 1209 29 213 95 55 0 1608 987 16 107 145 249 
177 411 88 38 23 28 53 47 23 25 1276 35 24 108 321 57 0 10 15 755 1304 371 77 0 73 50 1206 178 22 950 777 47 49 0 862 235 907 911 36 108 141 2090 30 187 13 0 134 83 441 144 117 60 50 18 116 0 9 231 106 0 7 39 0 1349 92 564 1881 1457 259 9 152 0 127 245 1293 11 2580 13 221 0 
0 306 26 0 0 343 0 0 9 20 0 19 147 0 0 0 0 0 0 11 320 14 73 0 50 1411 0 2992 19 1693 549 12 521 862 0 0 260 0 0 0 0 21 0 152 12 0 0 28 83 653 0 0 36 149 0 0 65 0 469 0 307 96 0 0 3000 213 0 0 73 0 0 0 224 0 0 461 59 0 0 0 
45 290 34 1472 958 42 72 20 0 7 22 2352 56 36 17 804 254 3000 919 175 97 267 12 27 451 477 414 57 1814 42 0 30 210 235 0 0 724 84 299 810 233 193 80 10 0 24 877 15 2855 65 3000 25 0 0 264 118 1050 127 321 763 78 0 0 421 44 125 52 143 74 12 13 1050 0 488 74 831 2266 476 24 1190 
380 366 10 340 624 86 841 69 21 202 30 941 13 34 21 860 74 1913 617 49 351 55 560 1011 534 151 30 21 253 25 641 110 127 907 260 724 0 547 58 213 18 18 668 75 398 23 159 416 59 720 16 74 10 10 127 1033 16 10 15 24 981 670 233 750 231 69 89 22 210 162 1333 102 8 427 48 258 119 13 9 45 
273 107 3000 152 504 132 2786 298 0 105 156 1005 28 24 21 3000 3000 96 12 561 61 1264 69 3000 3000 300 897 918 0 787 0 24 42 911 0 84 547 0 35 97 181 18 0 131 1118 10 125 34 8 300 16 133 0 123 42 1211 300 434 435 42 530 0 0 464 2361 231 193 28 0 8 424 9 0 256 7 20 72 22 14 22 
85 8 1042 1104 377 256 934 1163 0 152 11 21 1349 41 13 394 456 37 58 2019 37 105 147 33 9 48 8 58 11 21 0 144 1033 36 0 299 58 35 0 3000 185 10 113 18 0 290 53 7 20 482 254 0 0 26 138 18 12 26 8 223 48 12 150 61 12 11 518 102 1009 187 40 344 12 50 677 3000 102 166 577 65 
593 14 77 24 146 45 706 307 0 31 1337 12 350 3000 10 9 1397 8 44 159 16 32 1924 1359 18 18 158 29 247 674 0 1108 7 108 0 810 213 97 3000 0 39 9 664 3000 0 92 903 89 1010 18 23 0 0 10 36 189 174 225 3000 68 72 75 555 3000 106 23 515 143 59 340 12 79 436 2114 943 1515 1051 1067 13 7 
31 13 980 75 13 338 11 671 317 360 54 720 53 26 187 1561 240 153 3000 30 96 12 146 48 107 19 97 94 0 21 0 114 716 141 0 233 18 181 185 39 0 244 10 95 17 14 3000 104 123 282 1622 35 0 1610 61 11 41 11 51 68 3000 0 0 912 15 93 592 11 106 254 32 520 19 2301 331 1393 264 537 8 40 
21 471 55 8 8 46 81 510 34 53 1448 50 147 104 18 322 39 148 299 145 128 673 52 25 50 35 75 43 156 38 25 30 113 2090 21 193 18 18 10 9 244 0 23 17 10 63 13 3000 244 298 19 0 729 616 7 307 85 59 90 0 99 649 68 25 16 793 377 41 210 17 961 9 8 68 15 9 36 33 29 325 
14 166 26 0 669 0 1327 387 0 503 395 0 11 145 52 0 10 1128 313 288 582 8 7 24 29 162 34 32 210 142 0 551 2241 30 0 80 668 0 113 664 10 23 0 208 0 25 389 17 35 362 0 0 21 0 91 63 0 107 196 1011 405 59 120 0 1538 23 1063 0 607 886 113 28 191 0 0 13 147 13 314 3000 
108 13 1799 243 87 1277 114 327 393 12 216 45 282 426 54 38 31 88 501 265 463 186 14 603 77 96 334 10 479 87 10 273 218 187 152 10 75 131 18 3000 95 17 208 0 165 2020 221 40 225 25 174 41 200 18 1822 23 733 394 629 3000 131 368 8 13 39 29 1974 184 658 12 9 383 66 203 12 325 1165 25 31 12 
0 880 12 38 0 46 0 0 14 3000 0 121 12 0 0 0 0 0 0 1329 12 589 10 0 122 18 0 26 0 30 668 100 50 13 12 0 398 1118 0 0 17 10 0 165 0 0 0 776 191 21 0 141 44 14 325 0 22 0 1984 0 261 46 0 0 1285 2281 0 0 0 0 9 0 113 7 0 828 118 0 59 0 
31 1360 0 0 49 0 282 1257 0 26 1722 842 17 42 153 2037 29 94 8 8 30 8 1581 33 1177 1269 1152 152 304 10 0 78 38 0 0 24 23 10 290 92 14 63 25 2020 0 0 1714 1878 47 0 23 0 0 0 1258 664 0 164 0 51 41 0 63 3000 374 183 29 2445 18 1122 3000 3000 0 33 10 331 41 42 513 40 
113 36 160 33 235 0 57 208 0 431 89 316 26 493 184 210 29 128 576 817 52 24 178 79 439 39 432 141 9 248 0 8 100 134 0 877 159 125 53 903 3000 13 389 221 0 1714 0 56 297 203 91 0 0 0 132 78 0 218 0 16 19 0 17 237 14 143 37 269 126 301 1309 30 0 17 38 16 1031 248 10 33 
187 33 86 13 10 48 43 238 127 1094 1474 109 3000 42 14 129 8 130 76 118 8 864 14 179 333 71 206 902 26 56 191 22 9 83 28 15 416 34 7 89 104 3000 17 40 776 1878 56 0 75 23 146 37 12 466 62 0 442 10 24 0 164 44 1510 68 64 15 531 36 856 15 1499 8 962 17 8 37 31 107 20 25 
18 1016 262 68 105 30 32 9 13 37 2039 163 123 23 55 8 15 25 39 77 151 985 380 492 34 1258 868 3000 94 16 1386 20 191 441 83 2855 59 8 20 1010 123 244 35 225 191 47 297 75 0 616 19 824 627 290 220 13 997 515 203 8 2880 107 849 55 163 18 930 249 320 32 18 8 17 23 2233 22 83 57 43 21 
1091 43 25 8 29 103 8 14 3000 348 63 24 64 166 389 71 0 56 39 3000 104 140 142 0 8 1592 63 1445 0 30 25 60 9 144 653 65 720 300 482 18 282 298 362 25 21 0 203 23 616 0 382 17 77 20 59 0 468 41 128 0 128 56 0 78 30 44 197 122 871 313 111 96 23 205 55 517 119 1053 620 27 
535 243 68 11 8 15 57 30 0 0 117 79 335 218 12 8 61 930 80 0 62 0 312 79 0 380 376 268 0 157 0 47 0 117 0 3000 16 16 254 23 1622 19 0 174 0 23 91 146 19 382 0 22 0 0 38 352 29 155 0 37 11 0 0 17 70 28 828 26 0 28 185 334 0 30 20 169 66 9 84 18 
0 505 11 239 397 347 0 0 21 0 0 17 13 104 0 8 0 0 0 0 0 36 29 0 0 0 875 251 0 55 0 0 0 60 0 25 74 133 0 0 35 0 0 41 141 0 0 37 824 17 22 0 0 449 77 0 171 0 222 0 1695 0 0 84 291 0 0 820 0 0 230 0 0 447 18 1294 1060 0 9 0 
0 309 28 0 0 0 283 0 345 292 0 0 100 0 0 0 0 0 0 32 109 676 1790 0 444 31 0 591 43 879 184 18 126 50 36 0 10 0 0 0 0 729 21 200 44 0 0 12 627 77 0 0 0 28 0 0 0 0 155 0 474 8 69 0 71 1480 0 0 36 9 0 0 3000 0 0 22 549 0 0 0 
0 235 10 20 99 8 0 845 1012 82 0 10 3000 0 0 0 0 0 0 769 179 67 281 0 97 7 0 198 0 35 280 401 144 18 149 0 10 123 26 10 1610 616 0 18 14 0 0 466 290 20 0 449 28 0 243 0 11 803 121 0 10 271 0 0 242 14 0 0 0 17 164 0 2970 0 0 542 234 0 77 0 
13 1225 14 95 3000 33 2274 37 0 110 55 683 60 87 313 43 57 20 247 28 52 9 28 357 207 3000 22 41 0 1351 0 56 134 116 0 264 127 42 138 36 61 7 91 1822 325 1258 132 62 220 59 38 77 0 243 0 831 496 113 235 167 2294 0 0 39 92 271 105 94 3000 1576 26 33 145 15 53 2578 1692 49 1130 140 
625 3000 0 32 2218 0 160 483 0 0 86 189 0 48 301 210 3000 116 226 0 0 0 160 46 0 0 33 697 0 201 0 1305 13 0 0 118 1033 1211 18 189 11 307 63 23 0 664 78 0 13 0 352 0 0 0 831 0 0 418 0 37 0 0 0 1121 434 2307 1856 8 0 230 938 15 0 226 246 283 91 77 174 173 
0 32 51 15 600 78 0 807 168 106 0 13 662 143 57 276 0 0 0 101 1010 264 131 0 9 16 37 16 0 33 69 151 0 9 65 1050 16 300 12 174 41 85 0 733 22 0 0 442 997 468 29 171 0 11 496 0 0 324 408 0 27 0 0 190 184 10 446 158 0 13 28 0 900 30 447 143 39 0 121 136 
92 9 1007 339 8 51 27 38 0 146 35 167 28 9 104 32 13 294 3000 92 9 16 353 49 89 53 107 378 3000 19 0 18 9 231 0 127 10 434 26 225 11 59 107 394 0 164 218 10 515 41 155 0 0 803 113 418 324 0 519 11 87 256 83 1016 259 35 26 1254 8 2887 221 167 2279 103 40 617 503 81 57 654 
9 83 133 158 2658 234 984 493 58 11 82 48 3000 12 53 81 0 103 13 81 74 137 82 0 3000 94 1135 144 1021 17 35 198 60 106 469 321 15 435 8 3000 51 90 196 629 1984 0 0 24 203 128 0 222 155 121 235 0 408 519 0 0 64 18 0 119 12 17 0 53 88 79 890 0 339 250 8 235 163 117 46 0 
93 0 0 237 112 0 21 2872 0 0 19 84 0 84 33 380 11 49 267 0 0 0 0 101 0 0 694 0 0 16 0 10 0 0 0 763 24 42 223 68 68 0 1011 3000 0 51 16 0 8 0 37 0 0 0 167 37 0 11 0 0 0 0 0 1980 11 479 341 248 0 146 198 525 0 176 71 40 0 8 110 188 
109 292 59 43 51 277 18 137 661 235 71 61 13 367 1447 94 0 394 103 27 109 30 164 0 215 249 452 71 31 26 20 56 3000 7 307 78 981 530 48 72 3000 99 405 131 261 41 19 164 2880 128 11 1695 474 10 2294 0 27 87 64 0 0 29 24 328 210 125 284 143 543 81 43 80 270 41 986 248 9 62 23 0 
0 478 17 0 0 0 1040 0 112 353 45 0 42 0 0 0 0 105 0 95 43 47 163 0 71 88 0 380 73 129 10 53 34 39 96 0 670 0 12 75 0 649 59 368 46 0 0 44 107 56 0 0 8 271 0 0 0 256 18 0 29 0 71 0 553 429 0 0 307 29 0 0 289 0 0 30 326 31 0 0 
445 0 0 0 0 0 63 3000 0 14 106 0 955 0 47 0 8 60 322 555 49 87 0 0 316 142 0 737 45 32 0 12 3000 0 0 0 233 0 150 555 0 68 120 8 0 63 17 1510 849 0 0 0 69 0 0 0 0 83 0 0 24 71 0 0 19 62 0 0 28 29 0 0 0 0 0 87 104 49 0 0 
815 272 24 10 13 8 338 438 0 0 280 159 177 54 90 654 384 271 29 0 55 497 1554 53 458 42 62 119 0 98 0 1054 459 1349 0 421 750 464 61 3000 912 25 0 13 0 3000 237 68 55 78 17 84 0 0 39 1121 190 1016 119 1980 328 0 0 0 990 385 77 14 0 19 21 22 0 13 840 45 742 1579 86 40 
18 3000 29 13 50 912 20 666 44 129 1165 218 17 730 42 35 28 101 826 337 250 217 78 8 20 1683 115 124 60 19 84 210 158 92 3000 44 231 2361 12 106 15 16 1538 39 1285 374 14 64 163 30 70 291 71 242 92 434 184 259 12 11 210 553 19 990 0 626 458 133 9 93 9 30 46 470 29 157 395 32 312 41 
35 225 17 13 37 57 1018 605 142 1067 12 30 104 1732 864 50 12 104 66 3000 125 99 1495 837 20 319 156 121 10 2707 0 38 1195 564 213 125 69 231 11 23 93 793 23 29 2281 183 143 15 18 44 28 0 1480 14 271 2307 10 35 17 479 125 429 62 385 626 0 743 84 28 271 2728 25 8 17 3000 153 9 273 136 14 
86 191 368 1257 299 11 548 557 0 0 26 10 18 265 593 70 149 11 43 914 566 78 110 956 341 72 559 25 0 1270 0 175 15 1881 0 52 89 193 518 515 592 377 1063 1974 0 29 37 531 930 197 828 0 0 0 105 1856 446 26 0 341 284 0 0 77 458 743 0 203 0 56 8 134 0 775 456 131 51 16 13 29 
65 620 376 3000 38 2869 135 851 0 0 3000 13 115 1283 140 35 50 138 162 0 2540 26 1624 17 10 580 1219 13 0 47 0 105 618 1457 0 143 22 28 102 143 11 41 0 184 0 2445 269 36 249 122 26 820 0 0 94 8 158 1254 53 248 143 0 0 14 133 84 203 0 0 14 36 13 0 304 296 8 11 29 223 3000 
12 49 720 0 203 0 45 59 0 68 97 0 1351 0 179 0 748 15 80 110 107 18 902 36 11 33 0 579 532 90 0 347 1209 259 73 74 210 0 1009 59 106 210 607 658 0 18 126 856 320 871 0 0 36 0 3000 0 0 8 88 0 543 307 28 0 9 28 0 0 0 38 209 41 22 0 0 12 99 37 1145 197 
429 55 1469 913 211 15 12 55 0 37 1258 27 49 15 39 161 463 9 8 406 305 106 658 26 39 90 587 223 396 1314 0 73 29 9 0 12 162 8 187 340 254 17 886 12 0 1122 301 15 32 313 28 0 9 17 1576 230 13 2887 79 146 81 29 29 19 93 271 56 14 38 0 2402 129 9 23 11 284 1853 178 486 392 
10 37 734 48 209 172 125 68 0 2328 7 505 30 79 13 204 870 21 8 11 116 3000 194 31 70 662 35 30 0 3000 0 170 213 152 0 13 1333 424 40 12 32 961 113 9 9 3000 1309 1499 18 111 185 230 0 164 26 938 28 221 890 198 43 0 0 21 9 2728 8 36 209 2402 0 2175 13 37 46 27 486 471 841 448 
24 13 1505 1210 918 67 1320 10 0 738 10 51 1155 120 1098 62 20 21 66 15 42 12 138 64 2033 14 45 10 0 52 0 3000 95 0 0 1050 102 9 344 79 520 9 28 383 0 3000 30 8 8 96 334 0 0 0 33 15 0 167 0 525 80 0 0 22 30 25 134 13 41 129 2175 0 0 9 98 82 2793 17 34 138 
0 823 39 94 0 210 33 0 432 37 0 3000 221 0 0 0 0 0 0 97 751 7 3000 0 23 1225 0 160 445 80 17 1728 55 127 224 0 8 0 12 436 19 8 191 66 113 0 0 962 17 23 0 0 3000 2970 145 0 900 2279 339 0 270 289 0 0 46 8 0 0 22 9 13 0 0 0 0 119 151 0 22 0 
1333 121 12 26 38 399 0 40 0 0 13 129 2226 10 77 43 125 0 78 0 222 137 80 280 0 79 71 198 0 52 0 12 0 245 0 488 427 256 50 2114 2301 68 0 203 7 33 17 17 23 205 30 447 0 0 15 226 30 103 250 176 41 0 0 13 470 17 775 304 0 23 37 9 0 0 49 54 581 0 113 101 
803 22 7 103 646 36 444 31 0 0 11 34 645 101 99 195 38 99 63 0 151 3000 2275 273 0 25 46 347 0 25 0 1011 1608 1293 0 74 48 7 677 943 331 15 0 12 0 10 38 8 2233 55 20 18 0 0 53 246 447 40 8 71 986 0 0 840 29 3000 456 296 0 11 46 98 0 49 0 1109 752 80 220 3000 
41 21 63 58 78 1643 732 59 93 17 137 11 385 645 666 31 823 2322 52 3000 391 203 2520 22 543 63 142 11 44 7 0 114 987 11 461 831 258 20 3000 1515 1393 9 13 325 828 331 16 37 22 517 169 1294 22 542 2578 283 143 617 235 40 248 30 87 45 157 153 131 8 12 284 27 82 119 54 1109 0 48 133 3000 10 
665 7 7 40 196 81 168 14 28 215 527 22 214 11 565 138 483 226 9 65 906 100 8 397 78 24 58 28 115 26 16 814 16 2580 59 2266 119 72 102 1051 264 36 147 1165 118 41 1031 31 83 119 66 1060 549 234 1692 91 39 503 163 0 9 326 104 742 395 9 51 11 99 1853 486 2793 151 581 752 48 0 19 21 712 
3000 669 50 0 251 0 97 7 0 14 28 990 307 929 871 457 102 53 93 185 8 63 588 220 170 77 570 9 633 285 0 269 107 13 0 476 13 22 166 1067 537 33 13 25 0 42 248 107 57 1053 9 0 0 0 49 77 0 81 117 8 62 31 49 1579 32 273 16 29 37 178 471 17 0 0 80 133 19 0 31 229 
