80
0 68 60 69 58 57 67 82 27 32 29 24 21 28 26 16 33 55 57 41 52 37 43 32 46 16 30 24 65 19 25 36 63 33 49 50 34 54 59 71 50 30 32 64 59 25 58 25 76 55 40 17 50 59 61 69 37 31 89 48 27 49 67 38 22 39 58 82 63 63 87 64 37 61 66 44 66 81 16 19 
68 0 19 29 10 21 19 30 68 63 39 88 50 94 52 73 97 19 40 29 21 103 31 76 68 54 56 92 27 66 70 32 6 45 29 61 77 40 25 8 39 78 72 9 26 76 25 53 34 28 73 78 18 54 48 31 72 85 30 48 87 35 35 52 89 82 40 40 45 46 25 25 30 18 87 62 87 17 57 73 
60 19 0 45 18 33 36 22 54 48 33 83 40 88 39 70 93 5 51 30 28 97 18 61 51 45 42 84 10 54 70 24 13 47 13 43 62 50 38 16 21 77 73 10 39 63 38 53 20 9 56 67 14 35 29 47 74 72 29 30 75 17 17 57 81 66 21 28 27 27 28 39 28 31 69 45 69 23 54 70 
69 29 45 0 27 15 10 59 80 78 45 84 58 91 64 68 91 43 17 30 21 100 49 88 87 60 70 90 55 75 61 44 33 37 51 81 90 19 11 37 62 67 59 36 10 86 11 46 63 52 88 83 36 78 73 2 58 95 58 69 94 57 62 38 89 95 65 70 71 72 52 7 37 14 108 81 108 44 54 66 
58 10 18 27 0 15 18 36 60 56 29 78 41 84 44 63 87 16 33 18 12 93 24 68 63 44 49 82 28 58 60 23 8 35 24 56 69 33 20 16 35 68 62 11 21 68 19 43 37 25 66 68 11 51 46 29 63 77 39 43 78 30 36 43 79 74 38 45 44 45 34 21 20 13 83 56 83 26 47 63 
57 21 33 15 15 0 10 50 66 63 32 74 44 81 49 59 83 30 19 16 7 90 35 74 72 47 56 80 43 62 53 29 22 28 37 67 76 19 5 29 48 60 53 26 6 72 5 37 52 39 74 71 22 64 59 16 53 81 51 55 81 43 50 33 78 81 52 59 58 58 46 8 23 4 93 66 93 38 44 57 
67 19 36 10 18 10 0 49 75 72 41 84 54 91 58 69 92 34 23 26 16 100 41 83 80 57 64 90 45 71 63 38 23 37 42 74 85 24 10 27 53 70 62 27 10 81 11 47 53 43 82 80 28 69 64 12 62 91 48 61 91 48 53 41 88 90 56 60 62 62 42 7 32 7 100 74 100 34 54 67 
82 30 22 59 36 50 49 0 72 65 55 105 61 110 59 92 115 27 69 52 47 118 39 78 64 66 60 105 17 73 92 46 28 69 33 54 78 68 54 22 36 99 95 24 55 82 54 75 10 27 71 87 36 42 35 61 96 90 10 43 94 34 19 78 102 82 30 13 31 32 14 54 50 47 76 58 76 17 76 92 
27 68 54 80 60 66 75 72 0 8 34 47 22 47 16 43 56 50 73 50 59 55 37 9 20 21 12 42 55 8 52 37 62 51 41 27 10 70 69 68 36 57 58 61 70 10 68 46 63 46 13 18 50 38 42 81 63 18 81 30 23 38 53 59 38 16 43 68 46 45 81 73 43 68 40 19 39 77 38 46 
32 63 48 78 56 63 72 65 8 0 33 53 22 54 14 48 62 45 72 48 56 62 32 13 14 23 8 49 48 14 56 34 58 52 35 19 14 70 67 63 29 62 62 56 68 18 66 48 56 40 11 26 45 30 35 79 67 25 74 23 31 31 46 61 45 19 36 61 38 38 75 71 41 65 36 12 35 71 41 51 
29 39 33 45 29 32 41 55 34 33 0 51 13 56 19 37 60 28 39 15 25 65 17 43 44 16 26 53 40 30 38 9 35 21 24 42 45 37 35 42 30 45 42 35 35 40 34 23 51 30 44 40 21 45 43 47 45 50 61 33 50 27 43 31 50 50 38 58 44 44 59 39 9 34 67 39 66 52 22 38 
24 88 83 84 78 74 84 105 47 53 51 0 44 8 49 16 10 78 69 60 70 16 66 49 66 40 52 11 89 40 25 59 85 47 73 72 51 66 75 93 74 23 30 86 75 40 74 37 99 79 59 30 72 82 84 84 34 42 112 72 34 73 91 47 12 54 82 106 87 87 110 80 58 79 84 65 83 103 31 18 
21 50 40 58 41 44 54 61 22 22 13 44 0 49 8 34 54 35 51 28 38 57 22 30 35 5 15 44 45 18 38 18 45 30 28 35 32 48 47 52 30 45 44 45 48 28 47 27 55 35 33 28 31 41 42 59 48 37 69 29 38 29 46 39 41 38 38 62 44 44 68 52 22 47 57 30 57 62 22 35 
28 94 88 91 84 81 91 110 47 54 56 8 49 0 52 23 9 83 77 67 77 9 71 48 67 44 55 6 93 41 33 64 91 54 77 74 50 74 82 99 77 30 38 91 82 39 81 45 104 83 58 29 77 84 87 91 42 39 117 74 31 77 94 55 9 52 85 110 90 90 115 87 64 85 83 66 82 109 38 26 
26 52 39 64 44 49 58 59 16 14 19 49 8 52 0 40 59 35 58 34 43 61 21 25 26 11 7 48 42 15 46 21 46 38 27 27 26 56 53 53 25 53 52 46 54 25 52 36 52 32 25 28 33 34 35 65 56 34 67 23 36 25 42 47 44 31 33 57 38 37 67 57 27 52 49 22 48 62 30 43 
16 73 70 68 63 59 69 92 43 48 37 16 34 23 40 0 24 65 54 45 55 31 54 48 62 29 45 23 76 35 12 46 70 31 60 66 50 51 59 78 64 14 18 72 59 40 59 22 87 67 56 30 58 74 75 68 23 44 98 63 38 62 79 32 22 54 72 94 77 77 96 64 44 63 82 60 82 89 16 4 
33 97 93 91 87 83 92 115 56 62 60 10 54 9 59 24 0 88 76 69 79 11 76 57 75 49 62 15 98 49 31 69 94 55 82 82 59 73 83 102 84 26 35 95 83 48 82 45 109 89 67 38 81 92 94 91 38 49 122 81 40 83 100 54 18 62 92 116 97 96 119 88 67 87 92 74 91 112 40 25 
55 19 5 43 16 30 34 27 50 45 28 78 35 83 35 65 88 0 48 26 25 92 14 58 49 40 38 80 14 50 65 19 14 43 10 41 59 47 35 18 20 72 68 12 37 59 35 48 25 9 54 63 10 35 30 45 70 68 34 28 71 15 20 52 77 63 22 32 28 28 32 37 23 29 68 43 68 27 49 65 
57 40 51 17 33 19 23 69 73 72 39 69 51 77 58 54 76 48 0 26 23 85 49 81 83 52 65 77 61 67 46 41 41 24 52 80 83 3 14 47 63 51 43 44 13 77 14 33 71 56 83 73 38 79 75 16 41 86 70 69 84 58 68 23 75 88 68 78 74 75 64 16 33 22 106 78 105 56 42 51 
41 29 30 30 18 16 26 52 50 48 15 60 28 67 34 45 69 26 26 0 10 76 23 58 58 31 40 65 40 46 42 15 26 17 28 54 60 24 19 34 38 49 44 28 20 56 19 25 51 33 59 54 16 54 50 31 45 65 56 43 64 33 46 26 62 65 44 58 50 51 52 24 7 19 80 52 80 45 29 44 
52 21 28 21 12 7 16 47 59 56 25 70 38 77 43 55 79 25 23 10 0 86 28 67 65 41 49 75 39 55 50 23 20 25 30 60 69 22 11 28 41 58 51 23 12 65 11 34 48 34 67 64 16 58 53 23 52 75 50 48 75 36 45 32 73 74 46 56 52 53 46 15 16 9 87 59 86 38 39 54 
37 103 97 100 93 90 100 118 55 62 65 16 57 9 61 31 11 92 85 76 86 0 80 55 74 53 63 13 102 49 40 73 100 63 86 81 56 82 91 108 86 36 44 101 91 46 90 53 112 92 65 36 86 92 95 100 48 45 126 83 36 86 103 63 17 58 94 118 98 98 124 95 73 94 89 74 88 118 47 34 
43 31 18 49 24 35 41 39 37 32 17 66 22 71 21 54 76 14 49 23 28 80 0 45 38 27 25 67 23 36 55 10 25 37 7 32 46 47 39 32 14 63 59 24 40 46 39 40 34 13 42 49 14 30 27 51 62 55 47 20 58 10 26 47 64 51 21 41 27 28 46 42 17 35 59 32 59 40 39 55 
32 76 61 88 68 74 83 78 9 13 43 49 30 48 25 48 57 58 81 58 67 55 45 0 19 29 20 43 61 14 58 45 70 59 48 29 2 78 78 76 42 62 65 69 78 9 77 54 69 53 10 20 58 41 46 89 69 13 87 35 20 44 59 67 39 7 48 73 50 50 88 82 52 76 35 21 34 84 46 52 
46 68 51 87 63 72 80 64 20 14 44 66 35 67 26 62 75 49 83 58 65 74 38 19 0 36 19 61 48 27 70 43 63 64 39 11 19 81 77 67 30 76 76 61 77 27 76 62 54 42 9 37 52 23 30 88 81 32 74 22 39 34 44 74 57 20 34 57 34 33 76 80 51 73 23 6 22 73 55 65 
16 54 45 60 44 47 57 66 21 23 16 40 5 44 11 29 49 40 52 31 41 53 27 29 36 0 17 40 49 15 35 22 49 30 33 38 31 49 50 57 35 41 41 49 50 25 49 25 60 40 33 24 36 45 46 61 45 34 74 33 34 33 51 38 37 37 43 66 48 48 72 54 25 50 59 32 58 66 19 31 
30 56 42 70 49 56 64 60 12 8 26 52 15 55 7 45 62 38 65 40 49 63 25 20 19 17 0 49 43 14 52 26 51 45 29 21 21 62 60 57 25 58 58 50 60 22 59 42 52 34 18 28 38 30 33 71 62 30 69 20 34 26 42 54 46 26 32 57 36 35 69 64 33 57 42 15 41 65 36 48 
24 92 84 90 82 80 90 105 42 49 53 11 44 6 48 23 15 80 77 65 75 13 67 43 61 40 49 0 89 36 34 61 88 53 73 68 44 74 81 95 73 33 40 88 81 34 80 44 99 79 52 23 74 79 82 90 44 33 113 69 25 72 90 55 3 46 81 105 85 85 112 86 61 83 77 61 76 105 36 26 
65 27 10 55 28 43 45 17 55 48 40 89 45 93 42 76 98 14 61 40 39 102 23 61 48 49 43 89 0 56 78 31 22 56 16 39 62 60 48 22 19 85 81 19 49 65 48 61 11 10 55 70 24 29 22 57 83 73 26 27 77 17 7 66 86 65 15 18 19 19 28 49 36 41 63 43 63 25 61 77 
19 66 54 75 58 62 71 73 8 14 30 40 18 41 15 35 49 50 67 46 55 49 36 14 27 15 14 36 56 0 44 34 61 45 41 33 16 65 65 68 38 49 51 61 66 10 64 39 66 47 21 14 48 43 46 76 55 19 82 34 21 39 56 53 32 22 46 71 49 49 82 69 39 64 47 25 46 77 31 39 
25 70 70 61 60 53 63 92 52 56 38 25 38 33 46 12 31 65 46 42 50 40 55 58 70 35 52 34 78 44 0 46 68 26 62 73 60 43 53 76 67 8 7 70 53 50 52 17 89 68 65 41 57 79 79 60 12 55 97 68 49 64 81 23 34 64 75 96 81 81 94 57 42 58 91 67 91 87 17 8 
36 32 24 44 23 29 38 46 37 34 9 59 18 64 21 46 69 19 41 15 23 73 10 45 43 22 26 61 31 34 46 0 27 27 16 39 47 39 34 35 24 54 50 28 34 45 33 31 42 22 44 46 14 39 37 45 53 54 53 28 55 19 35 38 58 52 31 49 37 37 51 37 8 31 65 37 65 45 30 46 
63 6 13 33 8 22 23 28 62 58 35 85 45 91 46 70 94 14 41 26 20 100 25 70 63 49 51 88 22 61 68 27 0 43 23 55 71 41 27 8 34 75 70 4 28 71 27 51 30 22 67 73 14 48 42 35 71 80 30 42 82 29 30 51 85 76 35 37 40 40 26 27 27 20 81 56 81 19 54 70 
33 45 47 37 35 28 37 69 51 52 21 47 30 54 38 31 55 43 24 17 25 63 37 59 64 30 45 53 56 45 26 27 43 0 43 63 61 21 28 51 51 33 27 46 28 54 27 10 67 48 62 49 33 66 64 37 28 62 73 54 60 47 61 10 52 66 58 75 64 64 69 33 20 32 87 59 86 62 18 30 
49 29 13 51 24 37 42 33 41 35 24 73 28 77 27 60 82 10 52 28 30 86 7 48 39 33 29 73 16 41 62 16 23 43 0 32 49 51 41 28 11 69 66 21 43 50 41 46 27 6 44 54 15 27 23 52 68 59 41 19 63 6 19 53 70 54 16 34 22 23 40 44 22 36 59 33 58 36 46 61 
50 61 43 81 56 67 74 54 27 19 42 72 35 74 27 66 82 41 80 54 60 81 32 29 11 38 21 68 39 33 73 39 55 63 32 0 28 78 72 58 21 79 79 53 73 36 71 62 44 33 19 45 46 13 19 83 83 41 64 13 48 26 34 73 65 30 24 47 23 23 66 75 47 67 27 7 27 64 57 69 
34 77 62 90 69 76 85 78 10 14 45 51 32 50 26 50 59 59 83 60 69 56 46 2 19 31 21 44 62 16 60 47 71 61 49 28 0 80 79 77 43 64 67 70 80 11 79 56 69 54 9 21 59 41 46 91 71 13 88 36 21 45 59 69 41 5 49 73 50 50 89 84 53 78 33 21 33 85 48 54 
54 40 50 19 33 19 24 68 70 70 37 66 48 74 56 51 73 47 3 24 22 82 47 78 81 49 62 74 60 65 43 39 41 21 51 78 80 0 15 48 61 48 40 44 14 74 15 30 70 55 81 70 37 77 74 18 39 83 70 67 81 56 67 20 72 86 67 77 73 73 65 18 31 22 103 75 103 57 39 48 
59 25 38 11 20 5 10 54 69 67 35 75 47 82 53 59 83 35 14 19 11 91 39 78 77 50 60 81 48 65 53 34 27 28 41 72 79 15 0 33 53 60 52 31 1 75 1 38 57 44 78 73 27 69 64 12 52 84 55 59 83 48 55 31 79 85 57 64 63 63 50 5 26 8 98 71 98 42 45 58 
71 8 16 37 16 29 27 22 68 63 42 93 52 99 53 78 102 18 47 34 28 108 32 76 67 57 57 95 22 68 76 35 8 51 28 58 77 48 33 0 37 84 78 7 34 77 33 59 27 25 72 80 21 50 43 39 79 86 23 45 89 33 29 59 93 82 36 33 41 41 18 33 35 25 84 61 84 10 62 78 
50 39 21 62 35 48 53 36 36 29 30 74 30 77 25 64 84 20 63 38 41 86 14 42 30 35 25 73 19 38 67 24 34 51 11 21 43 61 53 37 0 74 72 31 54 46 52 53 27 12 36 52 26 16 13 64 75 54 45 8 59 5 17 61 69 47 8 33 14 14 46 55 32 48 48 24 48 43 50 65 
30 78 77 67 68 60 70 99 57 62 45 23 45 30 53 14 26 72 51 49 58 36 63 62 76 41 58 33 85 49 8 54 75 33 69 79 64 48 60 84 74 0 8 77 59 54 59 25 96 76 70 44 64 86 86 66 12 58 105 74 52 72 89 29 33 68 82 103 88 88 102 64 50 65 96 73 96 94 24 11 
32 72 73 59 62 53 62 95 58 62 42 30 44 38 52 18 35 68 43 44 51 44 59 65 76 41 58 40 81 51 7 50 70 27 66 79 67 40 52 78 72 8 0 72 52 57 52 20 92 72 71 48 59 85 84 59 5 62 100 73 56 69 85 21 40 71 80 99 86 86 96 56 45 58 98 73 97 88 22 14 
64 9 10 36 11 26 27 24 61 56 35 86 45 91 46 72 95 12 44 28 23 101 24 69 61 49 50 88 19 61 70 28 4 46 21 53 70 44 31 7 31 77 72 0 32 70 30 53 27 19 65 73 14 45 39 39 73 79 28 39 82 27 27 54 85 75 32 34 37 37 24 31 28 23 79 54 79 17 56 72 
59 26 39 10 21 6 10 55 70 68 35 75 48 82 54 59 83 37 13 20 12 91 40 78 77 50 60 81 49 66 53 34 28 28 43 73 80 14 1 34 54 59 52 32 0 76 2 38 58 45 79 74 28 70 65 11 51 85 56 60 84 49 56 31 79 85 58 65 64 64 51 5 27 9 99 71 99 43 45 58 
25 76 63 86 68 72 81 82 10 18 40 40 28 39 25 40 48 59 77 56 65 46 46 9 27 25 22 34 65 10 50 45 71 54 50 36 11 74 75 77 46 54 57 70 76 0 74 48 73 56 19 10 58 48 52 87 62 9 91 40 13 48 63 61 30 15 53 78 56 55 91 80 50 75 44 28 43 86 39 43 
58 25 38 11 19 5 11 54 68 66 34 74 47 81 52 59 82 35 14 19 11 90 39 77 76 49 59 80 48 64 52 33 27 27 41 71 79 15 1 33 52 59 52 30 2 74 0 37 57 44 77 72 26 68 64 13 51 83 55 59 83 47 55 31 78 84 56 64 62 63 50 6 25 8 97 70 97 42 44 57 
25 53 53 46 43 37 47 75 46 48 23 37 27 45 36 22 45 48 33 25 34 53 40 54 62 25 42 44 61 39 17 31 51 10 46 62 56 30 38 59 53 25 20 53 38 48 37 0 72 52 58 42 40 66 66 47 22 55 80 55 52 49 66 13 42 61 61 80 67 67 77 42 25 41 84 57 83 69 9 20 
76 34 20 63 37 52 53 10 63 56 51 99 55 104 52 87 109 25 71 51 48 112 34 69 54 60 52 99 11 66 89 42 30 67 27 44 69 70 57 27 27 96 92 27 58 73 57 72 0 21 62 79 34 32 25 65 94 81 20 34 86 27 10 77 96 73 21 7 21 21 24 58 47 50 66 49 66 25 73 88 
55 28 9 52 25 39 43 27 46 40 30 79 35 83 32 67 89 9 56 33 34 92 13 53 42 40 34 79 10 47 68 22 22 48 6 33 54 55 44 25 12 76 72 19 45 56 44 52 21 0 47 60 17 26 20 54 74 64 35 20 68 8 13 58 76 58 13 28 19 19 35 46 28 38 59 36 59 31 52 68 
40 73 56 88 66 74 82 71 13 11 44 59 33 58 25 56 67 54 83 59 67 65 42 10 9 33 18 52 55 21 65 44 67 62 44 19 9 81 78 72 36 70 71 65 79 19 77 58 62 47 0 29 55 32 38 90 76 22 81 28 30 39 52 71 49 11 41 65 42 41 82 82 52 75 27 13 26 79 51 59 
17 78 67 83 68 71 80 87 18 26 40 30 28 29 28 30 38 63 73 54 64 36 49 20 37 24 28 23 70 14 41 46 73 49 54 45 21 70 73 80 52 44 48 73 74 10 72 42 79 60 29 0 59 56 60 84 53 14 95 47 10 53 69 55 20 25 59 85 63 63 95 78 49 74 55 38 54 89 33 34 
50 18 14 36 11 22 28 36 50 45 21 72 31 77 33 58 81 10 38 16 16 86 14 58 52 36 38 74 24 48 57 14 14 33 15 46 59 37 27 21 26 64 59 14 28 58 26 40 34 17 55 59 0 42 37 38 61 67 41 33 69 21 30 43 71 64 30 42 36 37 38 30 14 22 72 46 72 31 42 58 
59 54 35 78 51 64 69 42 38 30 45 82 41 84 34 74 92 35 79 54 58 92 30 41 23 45 30 79 29 43 79 39 48 66 27 13 41 77 69 50 16 86 85 45 70 48 68 66 32 26 32 56 42 0 7 80 88 54 52 12 61 21 23 76 75 43 14 34 11 10 55 72 47 64 35 20 35 54 63 76 
61 48 29 73 46 59 64 35 42 35 43 84 42 87 35 75 94 30 75 50 53 95 27 46 30 46 33 82 22 46 79 37 42 64 23 19 46 74 64 43 13 86 84 39 65 52 64 66 25 20 38 60 37 7 0 75 88 59 45 13 65 17 16 74 79 49 8 27 4 3 48 67 45 59 42 25 42 47 63 77 
69 31 47 2 29 16 12 61 81 79 47 84 59 91 65 68 91 45 16 31 23 100 51 89 88 61 71 90 57 76 60 45 35 37 52 83 91 18 12 39 64 66 59 39 11 87 13 47 65 54 90 84 38 80 75 0 57 96 60 71 94 59 65 38 89 96 67 72 73 74 54 8 38 16 110 82 109 46 54 66 
37 72 74 58 63 53 62 96 63 67 45 34 48 42 56 23 38 70 41 45 52 48 62 69 81 45 62 44 83 55 12 53 71 28 68 83 71 39 52 79 75 12 5 73 51 62 51 22 94 74 76 53 61 88 88 57 0 67 101 76 61 72 88 20 45 76 83 102 89 89 97 56 47 58 102 77 102 89 26 19 
31 85 72 95 77 81 91 90 18 25 50 42 37 39 34 44 49 68 86 65 75 45 55 13 32 34 30 33 73 19 55 54 80 62 59 41 13 83 84 86 54 58 62 79 85 9 83 55 81 64 22 14 67 54 59 96 67 0 99 48 9 56 71 69 30 14 60 85 63 62 99 89 59 84 44 34 43 95 47 48 
89 30 29 58 39 51 48 10 81 74 61 112 69 117 67 98 122 34 70 56 50 126 47 87 74 74 69 113 26 82 97 53 30 73 41 64 88 70 55 23 45 105 100 28 56 91 55 80 20 35 81 95 41 52 45 60 101 99 0 53 103 43 30 82 110 92 40 22 41 42 7 54 55 48 86 68 87 14 83 99 
48 48 30 69 43 55 61 43 30 23 33 72 29 74 23 63 81 28 69 43 48 83 20 35 22 33 20 69 27 34 68 28 42 54 19 13 36 67 59 45 8 74 73 39 60 40 59 55 34 20 28 47 33 12 13 71 76 48 53 0 53 13 24 64 66 39 13 38 16 15 54 62 36 55 40 16 40 51 51 65 
27 87 75 94 78 81 91 94 23 31 50 34 38 31 36 38 40 71 84 64 75 36 58 20 39 34 34 25 77 21 49 55 82 60 63 48 21 81 83 89 59 52 56 82 84 13 83 52 86 68 30 10 69 61 65 94 61 9 103 53 0 60 76 65 22 22 66 91 69 68 103 88 59 84 53 41 52 98 43 42 
49 35 17 57 30 43 48 34 38 31 27 73 29 77 25 62 83 15 58 33 36 86 10 44 34 33 26 72 17 39 64 19 29 47 6 26 45 56 48 33 5 72 69 27 49 48 47 49 27 8 39 53 21 21 17 59 72 56 43 13 60 0 18 57 69 49 11 33 17 18 44 50 27 43 53 28 52 40 48 63 
67 35 17 62 36 50 53 19 53 46 43 91 46 94 42 79 100 20 68 46 45 103 26 59 44 51 42 90 7 56 81 35 30 61 19 34 59 67 55 29 17 89 85 27 56 63 55 66 10 13 52 69 30 23 16 65 88 71 30 24 76 18 0 71 87 63 11 15 12 13 32 57 41 49 58 39 58 31 65 80 
38 52 57 38 43 33 41 78 59 61 31 47 39 55 47 32 54 52 23 26 32 63 47 67 74 38 54 55 66 53 23 38 51 10 53 73 69 20 31 59 61 29 21 54 31 61 31 13 77 58 71 55 43 76 74 38 20 69 82 64 65 57 71 0 54 74 68 84 74 75 77 35 30 37 96 69 96 69 22 29 
22 89 81 89 79 78 88 102 38 45 50 12 41 9 44 22 18 77 75 62 73 17 64 39 57 37 46 3 86 32 34 58 85 52 70 65 41 72 79 93 69 33 40 85 79 30 78 42 96 76 49 20 71 75 79 89 45 30 110 66 22 69 87 54 0 43 77 102 81 81 109 84 59 81 74 57 73 103 34 26 
39 82 66 95 74 81 90 82 16 19 50 54 38 52 31 54 62 63 88 65 74 58 51 7 20 37 26 46 65 22 64 52 76 66 54 30 5 86 85 82 47 68 71 75 85 15 84 61 73 58 11 25 64 43 49 96 76 14 92 39 22 49 63 74 43 0 52 76 53 52 93 89 58 83 31 24 30 89 53 58 
58 40 21 65 38 52 56 30 43 36 38 82 38 85 33 72 92 22 68 44 46 94 21 48 34 43 32 81 15 46 75 31 35 58 16 24 49 67 57 36 8 82 80 32 58 53 56 61 21 13 41 59 30 14 8 67 83 60 40 13 66 11 11 68 77 52 0 25 6 7 42 59 38 51 48 28 48 40 58 73 
82 40 28 70 45 59 60 13 68 61 58 106 62 110 57 94 116 32 78 58 56 118 41 73 57 66 57 105 18 71 96 49 37 75 34 47 73 77 64 33 33 103 99 34 65 78 64 80 7 28 65 85 42 34 27 72 102 85 22 38 91 33 15 84 102 76 25 0 23 24 27 65 55 57 67 52 67 30 80 95 
63 45 27 71 44 58 62 31 46 38 44 87 44 90 38 77 97 28 74 50 52 98 27 50 34 48 36 85 19 49 81 37 40 64 22 23 50 73 63 41 14 88 86 37 64 56 62 67 21 19 42 63 36 11 4 73 89 63 41 16 69 17 12 74 81 53 6 23 0 1 44 65 45 57 45 29 46 43 64 79 
63 46 27 72 45 58 62 32 45 38 44 87 44 90 37 77 96 28 75 51 53 98 28 50 33 48 35 85 19 49 81 37 40 64 23 23 50 73 63 41 14 88 86 37 64 55 63 67 21 19 41 63 37 10 3 74 89 62 42 15 68 18 13 75 81 52 7 24 1 0 45 66 45 57 45 29 45 44 64 79 
87 25 28 52 34 46 42 14 81 75 59 110 68 115 67 96 119 32 64 52 46 124 46 88 76 72 69 112 28 82 94 51 26 69 40 66 89 65 50 18 46 102 96 24 51 91 50 77 24 35 82 95 38 55 48 54 97 99 7 54 103 44 32 77 109 93 42 27 44 45 0 48 52 42 90 70 90 8 80 96 
64 25 39 7 21 8 7 54 73 71 39 80 52 87 57 64 88 37 16 24 15 95 42 82 80 54 64 86 49 69 57 37 27 33 44 75 84 18 5 33 55 64 56 31 5 80 6 42 58 46 82 78 30 72 67 8 56 89 54 62 88 50 57 35 84 89 59 65 65 66 48 0 30 8 101 74 101 41 49 62 
37 30 28 37 20 23 32 50 43 41 9 58 22 64 27 44 67 23 33 7 16 73 17 52 51 25 33 61 36 39 42 8 27 20 22 47 53 31 26 35 32 50 45 28 27 50 25 25 47 28 52 49 14 47 45 38 47 59 55 36 59 27 41 30 59 58 38 55 45 45 52 30 0 25 73 45 73 45 28 44 
61 18 31 14 13 4 7 47 68 65 34 79 47 85 52 63 87 29 22 19 9 94 35 76 73 50 57 83 41 64 58 31 20 32 36 67 78 22 8 25 48 65 58 23 9 75 8 41 50 38 75 74 22 64 59 16 58 84 48 55 84 43 49 37 81 83 51 57 57 57 42 8 25 0 94 67 94 34 48 62 
66 87 69 108 83 93 100 76 40 36 67 84 57 83 49 82 92 68 106 80 87 89 59 35 23 59 42 77 63 47 91 65 81 87 59 27 33 103 98 84 48 96 98 79 99 44 97 84 66 59 27 55 72 35 42 110 102 44 86 40 53 53 58 96 74 31 48 67 45 45 90 101 73 94 0 28 1 89 77 86 
44 62 45 81 56 66 74 58 19 12 39 65 30 66 22 60 74 43 78 52 59 74 32 21 6 32 15 61 43 25 67 37 56 59 33 7 21 75 71 61 24 73 73 54 71 28 70 57 49 36 13 38 46 20 25 82 77 34 68 16 41 28 39 69 57 24 28 52 29 29 70 74 45 67 28 0 27 67 51 62 
66 87 69 108 83 93 100 76 39 35 66 83 57 82 48 82 91 68 105 80 86 88 59 34 22 58 41 76 63 46 91 65 81 86 58 27 33 103 98 84 48 96 97 79 99 43 97 83 66 59 26 54 72 35 42 109 102 43 87 40 52 52 58 96 73 30 48 67 46 45 90 101 73 94 1 27 0 89 77 85 
81 17 23 44 26 38 34 17 77 71 52 103 62 109 62 89 112 27 56 45 38 118 40 84 73 66 65 105 25 77 87 45 19 62 36 64 85 57 42 10 43 94 88 17 43 86 42 69 25 31 79 89 31 54 47 46 89 95 14 51 98 40 31 69 103 89 40 30 43 44 8 41 45 34 89 67 89 0 73 89 
16 57 54 54 47 44 54 76 38 41 22 31 22 38 30 16 40 49 42 29 39 47 39 46 55 19 36 36 61 31 17 30 54 18 46 57 48 39 45 62 50 24 22 56 45 39 44 9 73 52 51 33 42 63 63 54 26 47 83 51 43 48 65 22 34 53 58 80 64 64 80 49 28 48 77 51 77 73 0 16 
19 73 70 66 63 57 67 92 46 51 38 18 35 26 43 4 25 65 51 44 54 34 55 52 65 31 48 26 77 39 8 46 70 30 61 69 54 48 58 78 65 11 14 72 58 43 57 20 88 68 59 34 58 76 77 66 19 48 99 65 42 63 80 29 26 58 73 95 79 79 96 62 44 62 86 62 85 89 16 0 
0 147 30 2142 85 48 84 95 18 8 35 89 182 98 21 27 165 22 126 176 522 0 236 13 8 83 1571 66 225 3000 15 132 204 61 321 19 9 218 10 91 90 725 1532 349 106 33 19 50 21 156 2776 148 310 32 1873 1099 3000 97 2900 820 0 32 81 11 43 417 375 319 282 95 29 60 206 60 26 2987 31 51 264 41 
147 0 0 40 0 0 88 445 30 0 47 28 0 68 32 0 3000 87 191 697 57 9 898 852 18 1216 111 39 27 110 337 3000 12 713 98 49 59 633 132 17 25 3000 61 778 22 15 131 30 358 87 138 88 31 89 116 15 21 39 1462 12 118 909 49 74 7 277 889 990 0 61 337 119 15 0 56 0 302 0 65 12 
30 0 0 31 16 98 0 13 67 20 0 778 38 297 323 32 177 153 0 0 261 0 0 252 139 100 33 28 0 264 15 135 13 0 0 506 0 142 45 135 0 1390 165 0 0 79 320 0 0 883 29 296 59 94 1095 16 0 0 0 0 0 313 0 251 0 0 230 30 81 0 759 657 0 834 0 407 0 1679 0 3000 
2142 40 31 0 134 125 103 35 15 50 509 31 151 0 57 43 103 43 612 3000 54 96 152 57 12 88 261 309 3000 0 20 69 2948 62 27 151 34 25 0 53 236 0 118 100 337 41 37 1970 68 3000 379 1030 30 1184 38 95 535 0 17 9 272 119 0 701 57 297 443 109 64 0 29 12 108 909 991 30 372 240 3000 237 
85 0 16 134 0 2333 0 19 110 1928 0 24 342 0 47 65 0 22 0 0 340 0 0 177 290 15 74 1657 0 0 117 9 1026 0 0 8 0 206 0 114 0 185 47 0 3000 36 161 0 13 8 50 158 366 22 9 35 0 0 0 0 0 389 0 1590 0 3000 49 326 543 0 1387 170 0 43 0 40 0 49 0 14 
48 0 98 125 2333 0 0 1499 60 11 0 739 242 3000 136 71 43 270 0 0 711 0 0 16 537 29 31 191 0 59 35 36 11 0 0 368 165 466 519 423 0 8 180 0 62 1693 66 0 0 314 209 664 185 1217 497 3000 0 166 0 0 0 1366 13 696 64 15 216 14 983 0 13 30 0 7 0 1740 494 358 366 245 
84 88 0 103 0 0 0 20 632 0 366 58 0 0 0 0 0 0 0 2104 2088 0 150 54 15 551 15 0 0 0 957 0 607 0 245 82 0 3000 0 686 0 0 0 1451 777 0 0 9 168 105 348 232 0 0 0 0 3000 0 0 30 0 29 0 0 0 94 168 29 0 0 3000 12 101 0 114 0 0 0 0 61 
95 445 13 35 19 1499 20 0 71 243 590 22 866 909 365 1396 245 12 105 158 121 0 988 126 335 177 38 1739 0 19 111 426 695 95 2299 101 248 15 935 122 3000 109 11 647 43 420 2058 63 1576 291 58 210 19 11 1288 22 83 0 2423 369 0 383 9 17 95 38 874 532 3000 0 298 398 193 18 458 199 39 93 425 28 
18 30 67 15 110 60 632 71 0 227 381 23 101 0 3000 0 0 205 0 133 9 0 55 61 110 935 34 18 0 0 15 7 650 0 66 80 0 9 0 35 0 0 271 295 23 201 1520 0 436 126 22 474 83 1910 24 400 970 0 0 0 0 3000 0 11 0 15 48 424 46 0 211 81 217 12 93 103 49 173 0 83 
8 0 20 50 1928 11 0 243 227 0 0 29 554 83 78 483 18 49 0 0 8 0 0 3000 43 32 40 392 0 13 48 53 99 0 0 1302 0 1524 35 49 0 2506 60 0 219 15 1195 0 0 794 35 41 763 37 2016 126 0 0 0 0 0 93 0 10 0 0 13 11 403 0 1137 180 0 247 0 259 0 673 295 466 
35 47 0 509 0 0 366 590 381 0 0 11 0 0 358 0 0 152 3000 55 19 38 10 156 51 35 129 366 709 0 2032 914 12 149 8 54 80 141 0 34 35 0 0 151 787 162 161 9 418 15 10 18 0 28 74 288 2402 0 32 883 588 294 0 32 350 13 454 174 0 20 1028 2330 1153 0 54 0 2433 0 114 8 
89 28 778 31 24 739 58 22 23 29 11 0 568 56 962 17 22 156 39 9 330 0 347 160 820 755 174 81 41 324 354 246 13 108 39 1017 9 45 45 11 12 359 487 679 72 16 172 631 110 125 1459 17 159 73 626 85 346 1398 3000 273 0 8 1977 1106 100 130 24 28 580 15 880 3000 7 1843 110 353 3000 42 94 18 
182 0 38 151 342 242 0 866 101 554 0 568 0 37 1073 23 36 2857 0 0 10 0 0 313 832 684 1482 108 0 111 314 8 356 1725 0 215 7 466 360 270 35 7 43 0 52 191 880 0 0 310 18 275 162 162 75 50 0 13 177 0 0 388 362 3000 76 11 15 22 17 0 1196 878 65 10 0 144 201 240 186 208 
98 68 297 0 0 3000 0 909 0 83 0 56 37 0 456 169 59 21 40 298 0 0 0 61 0 29 105 10 0 166 0 98 0 59 0 1450 1591 21 256 0 9 12 459 0 0 83 13 0 0 0 0 9 89 270 244 2076 0 1901 270 0 0 0 214 477 1023 0 1081 664 299 100 0 0 599 135 0 21 750 1612 329 0 
21 32 323 57 47 136 0 365 3000 78 358 962 1073 456 0 400 37 993 225 651 39 0 236 961 253 9 106 7 66 1205 22 2979 16 82 765 46 92 333 37 247 23 1090 12 1004 27 188 58 28 30 8 386 280 22 506 364 564 130 33 17 0 0 266 190 16 373 305 314 291 3000 7 956 740 1532 282 55 49 246 23 25 17 
27 0 32 43 65 71 0 1396 0 483 0 17 23 169 400 0 68 11 0 0 15 0 0 1174 62 44 33 244 0 906 584 616 120 96 0 2563 611 57 55 65 0 215 210 0 0 49 263 0 0 30 19 7 3000 53 115 430 0 34 0 0 0 32 935 32 519 0 235 75 113 0 236 0 0 106 0 62 2350 248 18 19 
165 3000 177 103 0 43 0 245 0 18 0 22 36 59 37 68 0 20 80 137 0 13 0 277 0 201 62 12 183 98 27 17 0 791 0 113 15 24 27 0 654 12 41 0 0 285 285 475 0 246 0 59 92 386 96 318 0 328 317 0 0 382 898 66 599 0 2251 2245 1034 64 345 0 17 8 0 9 55 124 196 37 
22 87 153 43 22 270 0 12 205 49 152 156 2857 21 993 11 20 0 19 2207 16 25 279 111 11 367 25 1338 1063 172 81 35 87 36 442 91 21 55 353 689 29 21 152 57 186 355 145 368 319 310 31 117 16 19 138 9 105 146 21 104 110 402 8 19 250 9 2614 1185 55 99 34 250 2150 17 108 196 338 121 2404 223 
126 191 0 612 0 0 0 105 0 0 3000 39 0 40 225 0 80 19 0 45 0 229 9 112 0 270 2359 11 72 363 33 84 12 776 100 0 66 20 969 0 210 131 523 1076 0 1355 19 31 0 0 0 0 0 121 209 16 64 951 862 21 9 171 38 40 25 796 0 843 0 1005 0 0 56 0 177 0 15 0 195 0 
176 697 0 3000 0 0 2104 158 133 0 55 9 0 298 651 0 137 2207 45 0 510 90 1353 35 112 85 9 1516 136 2049 300 10 216 91 1057 181 54 377 14 40 405 284 33 40 49 262 8 21 104 64 12 50 11 785 358 84 20 219 97 57 1495 161 3000 47 40 1431 14 2174 0 27 837 78 3000 0 134 0 33 0 3000 220 
522 57 261 54 340 711 2088 121 9 8 19 330 10 0 39 15 0 16 0 510 0 0 1226 30 684 830 347 18 0 0 140 16 21 0 108 11 0 14 0 52 0 0 21 3000 109 571 91 0 137 2057 185 83 2352 1251 346 22 556 0 0 0 0 574 0 629 0 380 620 27 17 0 553 856 43 287 383 1807 40 251 0 1483 
0 9 0 96 0 0 0 0 0 0 38 0 0 0 0 0 13 25 229 90 0 0 154 12 0 0 275 0 107 60 0 0 0 240 319 0 82 0 0 0 2279 0 0 409 0 56 0 50 0 0 0 0 0 0 0 29 27 57 21 25 3000 0 3000 0 26 0 0 25 0 159 0 0 283 0 1019 0 10 0 71 0 
236 898 0 152 0 0 150 988 55 0 10 347 0 0 236 0 0 279 9 1353 1226 154 0 1402 13 9 910 0 121 0 61 0 7 536 48 1614 0 96 0 8 54 0 0 104 178 0 0 361 2320 303 22 507 0 0 0 23 114 0 18 104 56 8 0 586 0 47 8 445 0 0 2558 302 192 0 45 0 434 0 0 208 
13 852 252 57 177 16 54 126 61 3000 156 160 313 61 961 1174 277 111 112 35 30 12 1402 0 18 11 1122 19 45 67 182 147 143 55 2329 10 65 107 30 318 7 545 19 34 3000 472 75 21 60 26 136 239 2587 269 14 11 3000 153 66 483 629 625 118 21 20 781 20 245 248 38 127 2238 3000 528 151 132 40 35 31 38 
8 18 139 12 290 537 15 335 110 43 51 820 832 0 253 62 0 11 0 112 684 0 13 18 0 16 18 512 0 0 80 493 28 65 49 53 0 1051 0 621 0 0 3000 8 8 300 16 0 157 1583 559 219 718 69 3000 64 110 0 133 138 0 62 0 333 0 12 62 50 99 0 32 1060 14 13 140 64 999 124 0 19 
83 1216 100 88 15 29 551 177 935 32 35 755 684 29 9 44 201 367 270 85 830 0 9 11 16 0 38 500 0 70 38 3000 36 10 11 67 18 42 617 75 23 1007 489 544 23 166 434 31 214 68 1580 609 72 291 901 511 35 529 142 0 0 12 613 64 243 563 2437 1274 8 71 2695 1032 1092 21 7 74 46 227 92 27 
1571 111 33 261 74 31 15 38 34 40 129 174 1482 105 106 33 62 25 2359 9 347 275 910 1122 18 38 0 14 30 248 864 19 46 22 133 27 10 58 97 206 3000 99 394 39 61 823 69 1447 475 14 50 141 246 110 102 67 1119 0 254 8 269 40 81 20 43 3000 573 12 44 86 298 96 18 61 15 17 32 8 737 155 
66 39 28 309 1657 191 0 1739 18 392 366 81 108 10 7 244 12 1338 11 1516 18 0 0 19 512 500 14 0 0 29 41 142 166 451 0 206 1800 11 1186 101 22 23 29 0 879 11 446 0 252 458 110 540 69 239 3000 146 0 20 481 0 0 121 3000 25 198 12 32 611 16 276 100 75 8 479 968 83 79 72 275 24 
225 27 0 3000 0 0 0 0 0 0 709 41 0 0 66 0 183 1063 72 136 0 107 121 45 0 0 30 0 0 286 0 0 39 45 7 0 1167 101 0 0 37 0 0 86 0 36 0 8 0 0 0 0 0 0 0 99 22 1250 79 35 23 8 42 0 13 75 0 15 0 1681 0 0 30 0 104 0 646 0 3000 0 
3000 110 264 0 0 59 0 19 0 13 0 324 111 166 1205 906 98 172 363 2049 0 60 0 67 0 70 248 29 286 0 0 109 0 489 0 994 543 986 9 0 14 113 1100 0 0 11 14 3000 0 0 0 21 411 80 154 50 0 57 489 0 0 0 14 26 2547 0 13 10 112 40 0 0 71 282 0 1014 497 232 117 0 
15 337 15 20 117 35 957 111 15 48 2032 354 314 0 22 584 27 81 33 300 140 0 61 182 80 38 864 41 0 0 0 1689 344 51 426 471 44 320 0 15 10 56 18 26 646 931 9 66 12 46 46 40 67 310 3000 109 123 0 31 3000 0 180 0 83 0 1107 22 109 3000 0 47 11 698 73 583 183 1790 155 337 17 
132 3000 135 69 9 36 0 426 7 53 914 246 8 98 2979 616 17 35 84 10 16 0 0 147 493 3000 19 142 0 109 1689 0 73 12 0 79 84 547 12 304 132 119 124 0 0 104 334 0 0 366 35 654 206 36 47 166 0 543 190 0 0 1399 398 12 266 37 235 187 148 92 32 30 2884 744 264 12 339 969 164 407 
204 12 13 2948 1026 11 607 695 650 99 12 13 356 0 16 120 0 87 12 216 21 0 7 143 28 36 46 166 39 0 344 73 0 406 15 454 263 36 0 16 603 0 515 178 1194 20 425 238 78 29 96 479 3000 9 652 29 68 0 1217 251 0 14 0 628 0 65 36 21 98 0 42 43 116 16 331 1254 175 1637 441 204 
61 713 0 62 0 0 0 95 0 0 149 108 1725 59 82 96 791 36 776 91 0 240 536 55 65 10 22 451 45 489 51 12 406 0 50 348 276 730 44 62 804 278 75 46 0 10 149 245 0 114 0 476 996 117 1487 69 1260 486 1449 28 189 3000 766 341 663 41 2515 26 111 528 15 0 10 0 266 0 134 0 325 38 
321 98 0 27 0 0 245 2299 66 0 8 39 0 0 765 0 0 442 100 1057 108 319 48 2329 49 11 133 0 7 0 426 0 15 50 0 19 0 1208 0 669 9 0 0 440 528 0 0 137 128 91 81 26 0 0 0 146 39 0 85 9 94 150 0 71 0 94 9 362 0 0 16 783 23 0 2099 0 100 0 0 2255 
19 49 506 151 8 368 82 101 80 1302 54 1017 215 1450 46 2563 113 91 0 181 11 0 1614 10 53 67 27 206 0 994 471 79 454 348 19 0 34 74 850 41 45 27 3000 163 50 18 223 0 13 210 716 39 42 2904 119 3000 30 1510 387 0 0 2001 709 37 13 61 70 3000 10 0 1479 41 14 164 678 3000 74 201 48 578 
9 59 0 34 0 165 0 248 0 0 80 9 7 1591 92 611 15 21 66 54 0 82 0 65 0 18 10 1800 1167 543 44 84 263 276 0 34 0 2800 679 0 37 44 1049 0 0 1564 186 413 0 0 0 142 7 1707 189 590 99 360 501 2611 66 33 1049 130 32 0 299 623 295 352 0 0 63 83 71 0 19 0 353 0 
218 633 142 25 206 466 3000 15 9 1524 141 45 466 21 333 57 24 55 20 377 14 0 96 107 1051 42 58 11 101 986 320 547 36 730 1208 74 2800 0 40 95 195 53 11 754 14 11 35 226 79 21 23 56 11 34 67 12 99 0 201 1606 0 116 12 1283 126 243 8 74 37 274 117 717 461 141 793 21 229 36 742 738 
10 132 45 0 0 519 0 935 0 35 0 45 360 256 37 55 27 353 969 14 0 0 0 30 0 617 97 1186 0 9 0 12 0 44 0 850 679 40 0 0 135 68 34 0 0 38 10 0 0 0 0 78 186 418 932 29 0 39 992 0 0 0 19 43 50 0 131 300 314 3000 0 0 155 843 0 3000 281 243 86 0 
91 17 135 53 114 423 686 122 35 49 34 11 270 0 247 65 0 689 0 40 52 0 8 318 621 75 206 101 0 0 15 304 16 62 669 41 0 95 0 0 0 0 564 252 31 9 148 0 2078 37 61 1932 199 94 313 50 159 0 31 0 0 58 0 180 0 148 42 162 3000 0 827 16 174 11 66 21 1059 318 0 8 
90 25 0 236 0 0 0 3000 0 0 35 12 35 9 23 0 654 29 210 405 0 2279 54 7 0 23 3000 22 37 14 10 132 603 804 9 45 37 195 135 0 0 8 208 1523 0 11 112 54 0 0 0 782 922 788 93 8 125 587 47 3000 8 51 443 40 13 3000 19 944 0 3000 12 0 120 0 20 0 562 0 200 180 
725 3000 1390 0 185 8 0 109 0 2506 0 359 7 12 1090 215 12 21 131 284 0 0 0 545 0 1007 99 23 0 113 56 119 0 278 0 27 44 53 68 0 8 0 165 0 0 521 42 0 0 988 0 10 44 89 56 590 0 35 24 0 0 17 10 601 57 0 123 299 18 744 40 0 11 15 0 30 12 8 3000 90 
1532 61 165 118 47 180 0 11 271 60 0 487 43 459 12 210 41 152 523 33 21 0 0 19 3000 489 394 29 0 1100 18 124 515 75 0 3000 1049 11 34 564 208 165 0 0 0 287 48 0 0 3000 299 29 613 13 3000 309 0 60 37 0 0 8 253 47 687 0 551 132 158 18 18 16 13 15 0 97 713 93 197 108 
349 778 0 100 0 0 1451 647 295 0 151 679 0 0 1004 0 0 57 1076 40 3000 409 104 34 8 544 39 0 86 0 26 0 178 46 440 163 0 754 0 252 1523 0 0 0 22 0 0 211 342 49 7 196 0 0 0 1891 529 0 81 506 207 359 0 44 0 49 1572 52 0 0 651 935 71 0 135 0 449 0 0 1347 
106 22 0 337 3000 62 777 43 23 219 787 72 52 0 27 0 0 186 0 49 109 0 178 3000 8 23 61 879 0 0 646 0 1194 0 528 50 0 14 0 31 0 0 0 22 0 0 10 0 164 69 636 36 440 0 22 366 76 0 0 11 0 174 0 14 0 16 35 777 95 0 250 32 64 0 71 104 40 20 0 169 
33 15 79 41 36 1693 0 420 201 15 162 16 191 83 188 49 285 355 1355 262 571 56 0 472 300 166 823 11 36 11 931 104 20 10 0 18 1564 11 38 9 11 521 287 0 0 0 13 27 0 1227 443 1112 2036 302 1028 118 115 13 64 399 0 115 29 53 23 15 277 84 1866 73 546 209 605 1809 1959 338 19 247 980 672 
19 131 320 37 161 66 0 2058 1520 1195 161 172 880 13 58 263 285 145 19 8 91 0 0 75 16 434 69 446 0 14 9 334 425 149 0 223 186 35 10 148 112 42 48 0 10 13 0 0 85 135 9 130 7 20 40 1063 0 36 708 0 0 649 44 11 12 3000 3000 587 247 17 108 69 57 13 46 42 15 90 29 17 
50 30 0 1970 0 0 9 63 0 0 9 631 0 0 28 0 475 368 31 21 0 50 361 21 0 31 1447 0 8 3000 66 0 238 245 137 0 413 226 0 0 54 0 0 211 0 27 0 0 444 0 0 0 0 0 0 1691 1147 10 107 19 811 455 225 91 137 209 0 17 0 309 0 0 9 0 74 0 100 0 130 0 
21 358 0 68 13 0 168 1576 436 0 418 110 0 0 30 0 0 319 0 104 137 0 2320 60 157 214 475 252 0 0 12 0 78 0 128 13 0 79 0 2078 0 0 0 342 164 0 85 444 0 1904 500 12 0 0 58 10 89 0 7 464 0 2109 0 569 0 416 61 51 0 0 96 8 356 0 312 15 9 104 0 1441 
156 87 883 3000 8 314 105 291 126 794 15 125 310 0 8 30 246 310 0 64 2057 0 303 26 1583 68 14 458 0 0 46 366 29 114 91 210 0 21 0 37 0 988 3000 49 69 1227 135 0 1904 0 31 110 277 948 248 2373 125 0 26 0 0 116 0 158 0 3000 247 36 73 0 12 10 206 49 104 136 100 680 23 40 
2776 138 29 379 50 209 348 58 22 35 10 1459 18 0 386 19 0 31 0 12 185 0 22 136 559 1580 50 110 0 0 46 35 96 0 81 716 0 23 0 61 0 0 299 7 636 443 9 0 500 31 0 689 89 3000 440 1630 2216 0 0 0 0 207 0 306 0 21 82 50 19 0 54 144 496 8 46 130 89 1534 0 43 
148 88 296 1030 158 664 232 210 474 41 18 17 275 9 280 7 59 117 0 50 83 0 507 239 219 609 141 540 0 21 40 654 479 476 26 39 142 56 78 1932 782 10 29 196 36 1112 130 0 12 110 689 0 89 26 609 476 42 0 151 0 0 3000 25 308 16 17 178 132 138 0 22 33 11 83 39 1577 64 205 272 75 
310 31 59 30 366 185 0 19 83 763 0 159 162 89 22 3000 92 16 0 11 2352 0 0 2587 718 72 246 69 0 411 67 206 3000 996 0 42 7 11 186 199 922 44 613 0 440 2036 7 0 0 277 89 89 0 107 670 115 0 547 93 0 0 401 161 3000 738 11 11 2802 114 0 38 745 273 15 0 109 157 96 10 60 
32 89 94 1184 22 1217 0 11 1910 37 28 73 162 270 506 53 386 19 121 785 1251 0 0 269 69 291 110 239 0 80 310 36 9 117 0 2904 1707 34 418 94 788 89 13 0 0 302 20 0 0 948 3000 26 107 0 16 91 0 11 98 0 0 35 1240 53 377 156 28 28 36 164 18 494 30 51 32 1138 85 1799 14 59 
1873 116 1095 38 9 497 0 1288 24 2016 74 626 75 244 364 115 96 138 209 358 346 0 0 14 3000 901 102 3000 0 154 3000 47 652 1487 0 119 189 67 932 313 93 56 3000 0 22 1028 40 0 58 248 440 609 670 16 0 11 0 141 157 0 0 27 87 36 551 1148 981 364 76 187 12 2959 11 86 3000 280 285 431 183 1116 
1099 15 16 95 35 3000 0 22 400 126 288 85 50 2076 564 430 318 9 16 84 22 29 23 11 64 511 67 146 99 50 109 166 29 69 146 3000 590 12 29 50 8 590 309 1891 366 118 1063 1691 10 2373 1630 476 115 91 11 0 108 17 9 10 367 110 14 19 985 102 100 339 55 9 457 379 28 122 86 83 713 595 73 137 
3000 21 0 535 0 0 3000 83 970 0 2402 346 0 0 130 0 0 105 64 20 556 27 114 3000 110 35 1119 0 22 0 123 0 68 1260 39 30 99 99 0 159 125 0 0 529 76 115 0 1147 89 125 2216 42 0 0 0 108 0 0 9 18 52 917 0 916 0 13 59 9 0 12 315 18 8 0 3000 0 93 0 211 1107 
97 39 0 0 0 166 0 0 0 0 0 1398 13 1901 33 34 328 146 951 219 0 57 0 153 0 529 0 20 1250 57 0 543 0 486 0 1510 360 0 39 0 587 35 60 0 0 13 36 10 0 0 0 0 547 11 141 17 0 0 241 0 0 0 41 877 14 0 0 154 98 10 0 0 24 26 0 0 12 0 94 0 
2900 1462 0 17 0 0 0 2423 0 0 32 3000 177 270 17 0 317 21 862 97 0 21 18 66 133 142 254 481 79 489 31 190 1217 1449 85 387 501 201 992 31 47 24 37 81 0 64 708 107 7 26 0 151 93 98 157 9 9 241 0 49 1041 16 153 29 93 38 142 8 0 29 23 57 145 0 356 0 201 0 71 44 
820 12 0 9 0 0 30 369 0 0 883 273 0 0 0 0 0 104 21 57 0 25 104 483 138 0 8 0 35 0 3000 0 251 28 9 0 2611 1606 0 0 3000 0 0 506 11 399 0 19 464 0 0 0 0 0 0 10 18 0 49 0 298 3000 0 0 50 111 0 168 0 798 0 24 30 0 27 0 3000 0 248 0 
0 118 0 272 0 0 0 0 0 0 588 0 0 0 0 0 0 110 9 1495 0 3000 56 629 0 0 269 0 23 0 0 0 0 189 94 0 66 0 0 0 8 0 0 207 0 0 0 811 0 0 0 0 0 0 0 367 52 0 1041 298 0 0 1295 0 335 337 0 33 0 127 0 0 181 0 235 0 154 0 450 0 
32 909 313 119 389 1366 29 383 3000 93 294 8 388 0 266 32 382 402 171 161 574 0 8 625 62 12 40 121 8 0 180 1399 14 3000 150 2001 33 116 0 58 51 17 8 359 174 115 649 455 2109 116 207 3000 401 35 27 110 917 0 16 3000 0 0 0 8 0 307 145 245 163 0 452 892 13 747 142 50 11 185 57 204 
81 49 0 0 0 13 0 9 0 0 0 1977 362 214 190 935 898 8 38 3000 0 3000 0 118 0 613 81 3000 42 14 0 398 0 766 0 709 1049 12 19 0 443 10 253 0 0 29 44 225 0 0 0 25 161 1240 87 14 0 41 153 0 1295 0 0 116 60 0 0 18 24 48 0 0 45 10 0 0 9 0 32 0 
11 74 251 701 1590 696 0 17 11 10 32 1106 3000 477 16 32 66 19 40 47 629 0 586 21 333 64 20 25 0 26 83 12 628 341 71 37 130 1283 43 180 40 601 47 44 14 53 11 91 569 158 306 308 3000 53 36 19 916 877 29 0 0 8 116 0 39 177 716 75 165 9 10 8 89 36 52 880 202 100 87 44 
43 7 0 57 0 64 0 95 0 0 350 100 76 1023 373 519 599 250 25 40 0 26 0 20 0 243 43 198 13 2547 0 266 0 663 0 13 32 126 50 0 13 57 687 0 0 23 12 137 0 0 0 16 738 377 551 985 0 14 93 50 335 0 60 39 0 0 96 835 11 409 0 0 77 58 38 0 90 0 3000 0 
417 277 0 297 3000 15 94 38 15 0 13 130 11 0 305 0 0 9 796 1431 380 0 47 781 12 563 3000 12 75 0 1107 37 65 41 94 61 0 243 0 148 3000 0 0 49 16 15 3000 209 416 3000 21 17 11 156 1148 102 13 0 38 111 337 307 0 177 0 0 9 535 2549 0 54 15 21 0 164 14 64 29 7 95 
375 889 230 443 49 216 168 874 48 13 454 24 15 1081 314 235 2251 2614 0 14 620 0 8 20 62 2437 573 32 0 13 22 235 36 2515 9 70 299 8 131 42 19 123 551 1572 35 277 3000 0 61 247 82 178 11 28 981 100 59 0 142 0 0 145 0 716 96 9 0 111 205 0 65 186 19 64 1767 87 1476 335 49 18 
319 990 30 109 326 14 29 532 424 11 174 28 22 664 291 75 2245 1185 843 2174 27 25 445 245 50 1274 12 611 15 10 109 187 21 26 362 3000 623 74 300 162 944 299 132 52 777 84 587 17 51 36 50 132 2802 28 364 339 9 154 8 168 33 245 18 75 835 535 111 0 277 44 86 192 15 195 657 10 187 33 101 75 
282 0 81 64 543 983 0 3000 46 403 0 580 17 299 3000 113 1034 55 0 0 17 0 0 248 99 8 44 16 0 112 3000 148 98 111 0 10 295 37 314 3000 0 18 158 0 95 1866 247 0 0 73 19 138 114 36 76 55 0 98 0 0 0 163 24 165 11 2549 205 277 0 0 805 1460 88 18 0 111 43 100 40 9 
95 61 0 0 0 0 0 0 0 0 20 15 0 100 7 0 64 99 1005 27 0 159 0 38 0 71 86 276 1681 40 0 92 0 528 0 0 352 274 3000 0 3000 744 18 0 0 73 17 309 0 0 0 0 0 164 187 9 12 10 29 798 127 0 48 9 409 0 0 44 0 0 0 0 34 0 68 0 11 0 654 0 
29 337 759 29 1387 13 3000 298 211 1137 1028 880 1196 0 956 236 345 34 0 837 553 0 2558 127 32 2695 298 100 0 0 47 32 42 15 16 1479 0 117 0 827 12 40 18 651 250 546 108 0 96 12 54 22 38 18 12 457 315 0 23 0 0 452 0 10 0 54 65 86 805 0 0 62 340 216 24 80 93 2581 339 967 
60 119 657 12 170 30 12 398 81 180 2330 3000 878 0 740 0 0 250 0 78 856 0 302 2238 1060 1032 96 75 0 0 11 30 43 0 783 41 0 717 0 16 0 0 16 935 32 209 69 0 8 10 144 33 745 494 2959 379 18 0 57 24 0 892 0 8 0 15 186 192 1460 0 62 0 41 74 207 30 24 334 0 2676 
206 15 0 108 0 0 101 193 217 0 1153 7 65 599 1532 0 17 2150 56 3000 43 283 192 3000 14 1092 18 8 30 71 698 2884 116 10 23 14 63 461 155 174 120 11 13 71 64 605 57 9 356 206 496 11 273 30 11 28 8 24 145 30 181 13 45 89 77 21 19 15 88 34 340 41 0 0 165 0 397 46 203 132 
60 0 834 909 43 7 0 18 12 247 0 1843 10 135 282 106 8 17 0 0 287 0 0 528 13 21 61 479 0 282 73 744 16 0 0 164 83 141 843 11 0 15 15 0 0 1809 13 0 0 49 8 83 15 51 86 122 0 26 0 0 0 747 10 36 58 0 64 195 18 0 216 74 0 0 0 7 224 22 25 125 
26 56 0 991 0 0 114 458 93 0 54 110 0 0 55 0 0 108 177 134 383 1019 45 151 140 7 15 968 104 0 583 264 331 266 2099 678 71 793 0 66 20 0 0 135 71 1959 46 74 312 104 46 39 0 32 3000 86 3000 0 356 27 235 142 0 52 38 164 1767 657 0 68 24 207 165 0 0 0 2566 0 123 400 
2987 0 407 30 40 1740 0 199 103 259 0 353 144 21 49 62 9 196 0 0 1807 0 0 132 64 74 17 83 0 1014 183 12 1254 0 0 3000 0 21 3000 21 0 30 97 0 104 338 42 0 15 136 130 1577 109 1138 280 83 0 0 0 0 0 50 0 880 0 14 87 10 111 0 80 30 0 7 0 0 76 31 20 12 
31 302 0 372 0 494 0 39 49 0 2433 3000 201 750 246 2350 55 338 15 33 40 10 434 40 999 46 32 79 646 497 1790 339 175 134 100 74 19 229 281 1059 562 12 713 449 40 19 15 100 9 100 89 64 157 85 285 713 93 12 201 3000 154 11 9 202 90 64 1476 187 43 11 93 24 397 224 2566 76 0 141 112 902 
51 0 1679 240 49 358 0 93 173 673 0 42 240 1612 23 248 124 121 0 0 251 0 0 35 124 227 8 72 0 232 155 969 1637 0 0 201 0 36 243 318 0 8 93 0 20 247 90 0 104 680 1534 205 96 1799 431 595 0 0 0 0 0 185 0 100 0 29 335 33 100 0 2581 334 46 22 0 31 141 0 111 857 
264 65 0 3000 0 366 0 425 0 295 114 94 186 329 25 18 196 2404 195 3000 0 71 0 31 0 92 737 275 3000 117 337 164 441 325 0 48 353 742 86 0 200 3000 197 0 0 980 29 130 0 23 0 272 10 14 183 73 211 94 71 248 450 57 32 87 3000 7 49 101 40 654 339 0 203 25 123 20 112 111 0 41 
41 12 3000 237 14 245 61 28 83 466 8 18 208 0 17 19 37 223 0 220 1483 0 208 38 19 27 155 24 0 0 17 407 204 38 2255 578 0 738 0 8 180 90 108 1347 169 672 17 0 1441 40 43 75 60 59 1116 137 1107 0 44 0 0 204 0 44 0 95 18 75 9 0 967 2676 132 125 400 12 902 857 41 0 
