80
0 46 39 10 46 80 78 41 62 57 40 23 15 36 58 37 43 34 68 35 18 63 57 63 52 62 45 9 45 60 13 12 63 37 36 51 58 18 41 40 48 18 30 20 76 64 56 43 19 84 20 71 74 30 48 44 79 19 44 42 60 31 85 14 59 77 64 69 61 81 18 37 25 49 64 86 55 85 34 23 
46 0 8 39 2 88 58 37 30 18 9 60 39 43 31 17 87 16 39 73 42 24 48 53 78 34 70 39 76 89 55 50 22 69 36 73 35 58 51 83 69 35 17 54 52 41 10 88 65 59 66 66 69 27 93 11 44 42 16 79 29 31 71 58 17 40 54 67 69 98 43 16 21 92 69 48 87 65 39 67 
39 8 0 32 9 87 61 32 35 24 4 53 32 40 34 11 80 13 43 67 34 30 48 54 74 38 66 31 70 85 47 43 29 63 29 69 38 51 48 76 65 27 9 48 56 45 18 81 58 63 59 66 70 23 86 9 50 34 13 73 33 24 73 50 24 47 55 67 67 95 37 14 13 85 68 55 81 68 32 60 
10 39 32 0 38 73 69 42 52 48 34 23 5 27 48 32 48 25 58 36 22 54 48 53 49 52 42 11 43 59 23 12 54 35 37 46 49 19 33 44 44 19 23 18 66 54 48 49 28 74 29 62 66 20 55 38 69 23 39 43 50 31 76 19 50 67 55 61 54 77 11 28 19 53 57 76 54 75 36 28 
46 2 9 38 0 86 56 39 28 17 10 58 38 41 29 18 86 15 37 72 42 22 46 51 77 32 69 39 74 88 55 49 21 68 37 71 33 57 49 82 67 36 17 53 50 39 10 88 65 57 66 64 67 25 93 13 42 43 18 78 27 32 68 57 15 39 51 65 67 96 42 14 21 91 67 47 85 63 40 67 
80 88 87 73 86 0 49 112 69 78 90 61 68 49 63 95 74 74 64 59 95 80 42 38 38 63 39 84 45 40 92 68 82 51 108 33 59 67 41 73 33 92 83 62 55 55 88 82 86 58 85 27 25 65 85 96 74 96 100 56 68 101 40 72 83 77 39 23 20 18 63 73 81 72 19 80 46 48 108 73 
78 58 61 69 56 49 0 93 29 41 65 72 64 45 27 72 98 52 21 80 86 40 22 19 68 24 63 77 71 77 91 72 42 71 90 60 24 75 44 95 57 81 63 69 7 17 53 103 93 9 94 24 24 50 108 69 26 87 73 81 30 84 14 79 46 30 17 28 41 66 63 50 64 99 38 32 79 7 92 86 
41 37 32 42 39 112 93 0 66 55 29 64 46 64 66 21 83 41 75 76 24 61 78 84 91 70 83 33 85 100 39 52 59 76 5 88 69 58 71 79 85 23 30 59 88 76 46 81 54 95 55 95 99 48 86 27 81 24 22 83 65 11 104 55 53 77 85 95 93 118 52 44 32 89 94 85 95 100 8 64 
62 30 35 52 28 69 29 66 0 13 38 65 49 38 6 46 93 29 9 76 65 11 28 31 72 6 65 58 73 83 74 60 14 69 64 65 10 66 43 90 62 59 39 60 23 14 24 97 80 29 81 43 45 32 102 41 17 66 46 80 2 59 43 68 17 15 30 46 53 83 50 26 41 96 52 24 83 36 67 77 
57 18 24 48 17 78 41 55 13 0 27 64 46 41 16 35 93 23 21 77 57 6 37 41 77 18 69 52 76 88 68 57 6 71 54 70 20 64 48 89 66 50 30 59 35 26 11 96 76 41 77 54 56 30 101 29 26 58 34 82 12 49 55 65 5 22 41 56 61 91 49 20 33 97 60 31 87 48 56 75 
40 9 4 34 10 90 65 29 38 27 0 55 34 43 37 8 81 16 46 69 33 32 52 57 77 41 69 32 73 88 47 45 31 66 27 72 41 53 52 78 69 27 10 50 59 48 19 83 59 66 60 70 73 26 88 6 52 34 10 76 36 22 76 52 25 49 58 71 71 99 40 17 15 87 71 57 84 72 30 62 
23 60 53 23 58 61 72 64 65 64 55 0 21 28 59 55 28 44 68 14 41 70 50 54 29 62 23 31 22 37 32 12 71 13 59 29 58 6 28 25 28 40 45 5 72 61 67 32 25 79 25 58 61 35 37 61 80 42 62 20 63 53 75 11 67 80 56 55 44 60 16 46 41 33 48 88 32 77 57 14 
15 39 32 5 38 68 64 46 49 46 34 21 0 22 44 34 48 24 54 35 27 52 43 48 45 48 38 16 40 55 28 12 52 32 41 42 44 19 28 45 39 24 24 16 62 50 46 50 31 69 32 57 60 17 56 40 65 28 41 41 47 35 70 20 48 64 50 55 49 72 6 26 19 53 51 73 51 70 40 29 
36 43 40 27 41 49 45 64 38 41 43 28 22 0 32 47 56 27 40 38 48 45 22 27 36 35 28 38 35 47 49 28 47 31 59 30 30 31 8 52 26 44 35 25 44 33 47 60 49 51 49 35 39 17 65 49 53 49 52 42 37 53 49 35 45 53 29 33 29 56 19 27 32 58 31 61 46 50 59 42 
58 31 34 48 29 63 27 66 6 16 37 59 44 32 0 45 87 27 10 70 62 16 22 25 66 4 59 55 67 77 70 55 19 63 63 59 5 60 37 84 55 56 37 55 22 11 26 91 76 29 76 38 41 28 97 41 21 63 46 74 5 58 40 63 20 21 25 41 47 77 45 24 39 91 46 29 77 34 65 72 
37 17 11 32 18 95 72 21 46 35 8 55 34 47 45 0 79 21 54 69 27 40 58 64 79 49 71 28 74 89 42 44 39 67 19 74 48 51 55 76 71 21 12 50 67 55 27 80 55 74 56 76 80 30 85 8 60 27 7 75 44 14 84 50 33 57 65 76 76 103 40 23 15 85 76 65 85 79 22 60 
43 87 80 48 86 74 98 83 93 93 81 28 48 56 87 79 0 72 95 18 59 98 76 79 37 90 38 52 30 37 44 36 99 27 78 42 86 29 54 4 44 61 71 34 98 89 94 8 29 106 28 80 83 63 11 86 108 59 86 18 91 74 98 29 96 108 81 76 63 66 44 74 66 7 67 116 30 102 75 20 
34 16 13 25 15 74 52 41 29 23 16 44 24 27 27 21 72 0 36 57 36 29 37 42 62 31 54 29 59 73 45 35 29 53 38 57 29 42 36 68 53 29 11 38 48 36 23 74 53 55 54 54 58 10 79 22 46 37 25 63 28 32 63 43 25 44 44 55 55 83 28 3 12 76 55 52 70 59 39 53 
68 39 43 58 37 64 21 75 9 21 46 68 54 40 10 54 95 36 0 78 72 19 24 26 72 6 65 65 73 82 80 64 22 70 73 64 10 69 43 92 61 66 47 63 14 9 32 100 85 20 86 37 39 38 105 49 13 73 54 81 10 67 35 72 25 14 25 41 50 79 54 33 48 98 48 21 83 27 75 80 
35 73 67 36 72 59 80 76 76 77 69 14 35 38 70 69 18 57 78 0 53 82 58 61 23 73 21 44 15 27 41 25 83 9 71 26 69 18 36 15 27 53 59 19 81 71 80 24 30 88 29 63 66 48 28 75 91 54 75 7 75 66 81 21 80 91 63 59 46 54 30 59 54 20 50 99 21 84 69 16 
18 42 34 22 42 95 86 24 65 57 33 41 27 48 62 27 59 36 72 53 0 63 67 73 69 66 63 11 63 78 16 30 62 54 19 68 64 36 55 55 65 6 26 37 83 70 52 57 31 90 32 83 87 37 62 35 81 1 33 60 63 16 95 32 57 79 75 82 76 98 33 39 24 65 78 87 73 93 16 40 
63 24 30 54 22 80 40 61 11 6 32 70 52 45 16 40 98 29 19 82 63 0 38 42 81 17 73 58 81 92 74 63 3 76 59 74 21 70 52 95 70 57 37 65 33 26 15 101 82 38 83 54 57 35 107 34 20 64 39 87 12 55 54 71 7 17 41 57 64 93 55 26 40 102 62 25 91 46 62 81 
57 48 48 48 46 42 22 78 28 37 52 50 43 22 22 58 76 37 24 58 67 38 0 6 48 22 42 58 51 58 70 50 41 49 74 41 18 53 22 73 37 62 48 47 23 16 47 81 71 30 72 18 21 31 86 57 37 68 61 60 27 68 28 57 41 38 7 19 26 55 41 35 47 78 24 44 59 28 75 64 
63 53 54 53 51 38 19 84 31 41 57 54 48 27 25 64 79 42 26 61 73 42 6 0 49 25 44 63 53 59 76 55 44 52 80 42 21 58 26 76 39 68 53 51 21 17 51 85 76 27 76 13 16 37 89 62 37 74 67 62 30 74 22 62 45 40 2 15 24 53 46 40 52 80 22 45 61 24 81 68 
52 78 74 49 77 38 68 91 72 77 77 29 45 36 66 79 37 62 72 23 69 81 48 49 0 68 8 59 8 11 61 40 83 16 86 8 63 35 29 36 11 68 67 32 70 64 83 44 52 77 51 47 49 52 47 83 85 70 85 18 71 80 65 40 81 86 52 42 29 32 39 63 63 35 32 92 11 71 84 38 
62 34 38 52 32 63 24 70 6 18 41 62 48 35 4 49 90 31 6 73 66 17 22 25 68 0 61 59 69 78 74 58 20 65 67 60 5 64 39 87 57 60 41 58 19 8 29 94 79 25 80 37 40 31 99 45 18 67 50 76 6 61 37 66 22 18 24 40 47 77 49 27 42 93 46 26 79 31 69 75 
45 70 66 42 69 39 63 83 65 69 69 23 38 28 59 71 38 54 65 21 63 73 42 44 8 61 0 52 9 19 55 33 75 12 79 6 56 29 22 36 6 61 59 26 64 57 75 44 47 71 47 43 46 43 48 75 78 63 77 20 64 73 61 35 73 79 46 39 26 37 31 55 55 37 29 86 18 66 77 34 
9 39 31 11 39 84 77 33 58 52 32 31 16 38 55 28 52 29 65 44 11 58 58 63 59 59 52 0 53 68 16 19 58 44 28 57 56 26 44 49 54 9 23 27 74 62 49 52 27 82 28 72 76 28 57 36 75 12 35 51 56 23 85 23 53 73 65 71 65 87 21 32 19 58 67 82 63 84 26 32 
45 76 70 43 74 45 71 85 73 76 73 22 40 35 67 74 30 59 73 15 63 81 51 53 8 69 9 53 0 15 54 33 82 9 80 13 64 28 30 28 15 62 63 26 73 65 81 37 44 80 43 52 54 49 40 79 86 64 81 11 71 74 70 33 80 87 55 48 34 40 34 60 59 29 38 94 11 75 78 30 
60 89 85 59 88 40 77 100 83 88 88 37 55 47 77 89 37 73 82 27 78 92 58 59 11 78 19 68 15 0 68 48 94 24 95 18 74 43 40 37 22 77 78 41 80 74 94 44 57 86 57 55 56 62 47 93 95 79 95 21 82 90 73 47 92 96 61 50 36 30 49 74 74 33 40 103 7 79 94 43 
13 55 47 23 55 92 91 39 74 68 47 32 28 49 70 42 44 45 80 41 16 74 70 76 61 74 55 16 54 68 0 23 74 45 35 61 71 26 54 41 59 20 38 30 89 77 65 42 15 97 16 84 87 42 46 50 90 16 48 49 72 32 98 21 69 88 77 82 74 92 30 48 35 51 76 97 62 98 32 26 
12 50 43 12 49 68 72 52 60 57 45 12 12 28 55 44 36 35 64 25 30 63 50 55 40 58 33 19 33 48 23 0 64 25 47 38 54 8 31 33 36 29 35 7 71 59 58 39 22 78 22 61 65 28 44 50 76 31 51 32 58 42 77 8 60 75 57 59 50 69 10 38 30 42 53 84 43 78 45 18 
63 22 29 54 21 82 42 59 14 6 31 71 52 47 19 39 99 29 22 83 62 3 41 44 83 20 75 58 82 94 74 64 0 77 57 76 23 70 53 95 72 56 36 65 36 28 13 102 82 40 83 57 59 36 107 32 23 63 37 88 14 53 56 72 5 19 44 59 66 95 55 26 39 103 65 27 93 49 60 81 
37 69 63 35 68 51 71 76 69 71 66 13 32 31 63 67 27 53 70 9 54 76 49 52 16 65 12 44 9 24 45 25 77 0 72 18 61 19 27 25 18 53 56 18 72 63 75 33 36 79 35 53 56 43 38 72 83 55 73 11 67 66 71 24 74 84 54 50 37 47 26 54 52 28 41 91 19 75 70 23 
36 36 29 37 37 108 90 5 64 54 27 59 41 59 63 19 78 38 73 71 19 59 74 80 86 67 79 28 80 95 35 47 57 72 0 83 66 54 67 75 80 18 27 54 85 73 45 77 50 92 51 91 95 44 81 26 79 19 21 79 63 6 101 51 52 76 81 91 88 113 47 41 28 85 90 84 90 97 4 59 
51 73 69 46 71 33 60 88 65 70 72 29 42 30 59 74 42 57 64 26 68 74 41 42 8 60 6 57 13 18 61 38 76 18 83 0 56 35 23 41 4 66 63 31 63 56 77 49 53 69 53 39 42 46 53 78 77 69 80 24 64 77 58 40 74 78 44 35 21 31 36 57 59 42 25 85 19 63 82 40 
58 35 38 49 33 59 24 69 10 20 41 58 44 30 5 48 86 29 10 69 64 21 18 21 63 5 56 56 64 74 71 54 23 61 66 56 0 60 34 83 52 58 40 54 19 7 31 90 75 26 76 34 36 28 95 45 22 65 50 72 9 61 36 62 25 23 21 36 43 73 45 26 41 89 42 30 74 31 68 71 
18 58 51 19 57 67 75 58 66 64 53 6 19 31 60 51 29 42 69 18 36 70 53 58 35 64 29 26 28 43 26 8 70 19 54 35 60 0 33 26 34 35 42 6 75 64 65 32 19 82 19 63 66 34 37 58 82 36 58 25 64 48 79 5 67 81 60 60 50 66 15 45 38 34 53 89 37 81 51 11 
41 51 48 33 49 41 44 71 43 48 52 28 28 8 37 55 54 36 43 36 55 52 22 26 29 39 22 44 30 40 54 31 53 27 67 23 34 33 0 51 19 51 44 26 45 36 54 59 52 52 52 30 34 26 64 57 56 56 61 38 42 61 47 37 52 57 28 28 21 47 23 36 41 56 23 64 40 49 67 42 
40 83 76 44 82 73 95 79 90 89 78 25 45 52 84 76 4 68 92 15 55 95 73 76 36 87 36 49 28 37 41 33 95 25 75 41 83 26 51 0 42 57 68 30 96 86 91 9 26 103 25 78 81 60 13 83 105 56 83 17 88 71 96 26 92 105 78 74 61 66 40 70 63 10 65 113 30 100 72 16 
48 69 65 44 67 33 57 85 62 66 69 28 39 26 55 71 44 53 61 27 65 70 37 39 11 57 6 54 15 22 59 36 72 18 80 4 52 34 19 42 0 63 60 29 59 53 73 51 52 66 52 37 40 43 54 74 74 66 77 26 60 74 55 39 71 75 41 33 20 33 33 54 56 44 23 81 22 60 79 40 
18 35 27 19 36 92 81 23 59 50 27 40 24 44 56 21 61 29 66 53 6 57 62 68 68 60 61 9 62 77 20 29 56 53 18 66 58 35 51 57 63 0 20 36 77 64 46 60 34 84 35 78 82 31 65 30 75 7 28 60 57 13 90 33 51 72 69 77 73 96 30 33 18 67 74 81 72 87 16 41 
30 17 9 23 17 83 63 30 39 30 10 45 24 35 37 12 71 11 47 59 26 37 48 53 67 41 59 23 63 78 38 35 36 56 27 63 40 42 44 68 60 20 0 40 59 47 26 72 49 66 50 65 69 18 77 16 55 27 17 65 37 21 74 42 31 52 55 65 64 91 30 14 5 77 65 61 74 70 28 52 
20 54 48 18 53 62 69 59 60 59 50 5 16 25 55 50 34 38 63 19 37 65 47 51 32 58 26 27 26 41 30 7 65 18 54 31 54 6 26 30 29 36 40 0 68 57 61 37 26 76 26 57 60 30 42 55 76 38 56 26 58 49 73 11 62 75 53 54 44 62 11 41 35 38 47 83 36 74 52 17 
76 52 56 66 50 55 7 88 23 35 59 72 62 44 22 67 98 48 14 81 83 33 23 21 70 19 64 74 73 80 89 71 36 72 85 63 19 75 45 96 59 77 59 68 0 12 47 104 92 8 93 28 29 47 109 63 20 84 68 83 24 80 21 78 39 23 19 33 45 71 61 45 60 100 42 26 82 13 87 86 
64 41 45 54 39 55 17 76 14 26 48 61 50 33 11 55 89 36 9 71 70 26 16 17 64 8 57 62 65 74 77 59 28 63 73 56 7 64 36 86 53 64 47 57 12 0 37 94 80 20 81 29 31 34 99 52 21 71 57 74 14 67 29 67 30 23 16 32 41 70 49 33 47 91 39 29 75 24 75 75 
56 10 18 48 10 88 53 46 24 11 19 67 46 47 26 27 94 23 32 80 52 15 47 51 83 29 75 49 81 94 65 58 13 75 45 77 31 65 54 91 73 46 26 61 47 37 0 97 75 52 76 64 67 32 102 20 35 53 24 85 23 41 66 66 8 31 51 66 70 99 51 21 30 99 70 39 92 60 49 76 
43 88 81 49 88 82 103 81 97 96 83 32 50 60 91 80 8 74 100 24 57 101 81 85 44 94 44 52 37 44 42 39 102 33 77 49 90 32 59 9 51 60 72 37 104 94 97 0 27 111 26 87 90 66 5 87 113 58 87 26 95 73 105 31 98 112 87 83 70 74 47 76 68 13 74 120 37 108 73 21 
19 65 58 28 65 86 93 54 80 76 59 25 31 49 76 55 29 53 85 30 31 82 71 76 52 79 47 27 44 57 15 22 82 36 50 53 75 19 52 26 52 34 49 26 92 80 75 27 0 100 1 82 86 48 31 62 97 31 61 37 78 46 98 15 78 95 78 79 69 83 31 56 45 36 73 104 51 99 46 14 
84 59 63 74 57 58 9 95 29 41 66 79 69 51 29 74 106 55 20 88 90 38 30 27 77 25 71 82 80 86 97 78 40 79 92 69 26 82 52 103 66 84 66 76 8 20 52 111 100 0 100 33 33 54 116 69 21 91 74 90 30 87 20 86 44 25 25 37 50 75 69 52 67 107 47 25 88 11 94 93 
20 66 59 29 66 85 94 55 81 77 60 25 32 49 76 56 28 54 86 29 32 83 72 76 51 80 47 28 43 57 16 22 83 35 51 53 76 19 52 25 52 35 50 26 93 81 76 26 1 100 0 82 86 49 30 63 97 32 63 36 79 48 98 15 79 96 79 79 69 83 32 57 46 35 72 105 50 100 48 13 
71 66 66 62 64 27 24 95 43 54 70 58 57 35 38 76 80 54 37 63 83 54 18 13 47 37 43 72 52 55 84 61 57 53 91 39 34 63 30 78 37 78 65 57 28 29 64 87 82 33 82 0 4 48 91 75 47 84 79 62 43 85 18 67 58 50 13 5 18 43 53 53 64 80 15 54 58 25 92 72 
74 69 70 66 67 25 24 99 45 56 73 61 60 39 41 80 83 58 39 66 87 57 21 16 49 40 46 76 54 56 87 65 59 56 95 42 36 66 34 81 40 82 69 60 29 31 67 90 86 33 86 4 0 51 94 79 49 88 83 65 45 89 16 71 61 52 16 7 20 42 57 56 67 83 17 55 60 24 96 75 
30 27 23 20 25 65 50 48 32 30 26 35 17 17 28 30 63 10 38 48 37 35 31 37 52 31 43 28 49 62 42 28 36 43 44 46 28 34 26 60 43 31 18 30 47 34 32 66 48 54 49 48 51 0 71 32 49 38 35 53 30 38 58 36 33 47 38 47 46 73 19 12 16 67 47 56 60 56 44 45 
48 93 86 55 93 85 108 86 102 101 88 37 56 65 97 85 11 79 105 28 62 107 86 89 47 99 48 57 40 47 46 44 107 38 81 53 95 37 64 13 54 65 77 42 109 99 102 5 31 116 30 91 94 71 0 92 118 62 92 29 100 78 109 36 104 117 91 87 74 76 52 82 73 13 78 125 40 113 78 26 
44 11 9 38 13 96 69 27 41 29 6 61 40 49 41 8 86 22 49 75 35 34 57 62 83 45 75 36 79 93 50 50 32 72 26 78 45 58 57 83 74 30 16 55 63 52 20 87 62 69 63 75 79 32 92 0 54 36 5 81 39 22 81 57 27 51 63 76 77 105 45 23 20 92 77 59 90 76 29 66 
79 44 50 69 42 74 26 81 17 26 52 80 65 53 21 60 108 46 13 91 81 20 37 37 85 18 78 75 86 95 90 76 23 83 79 77 22 82 56 105 74 75 55 76 20 21 35 113 97 21 97 47 49 49 118 54 0 82 59 94 19 74 40 84 28 4 36 51 62 90 67 43 57 111 59 8 96 31 82 93 
19 42 34 23 43 96 87 24 66 58 34 42 28 49 63 27 59 37 73 54 1 64 68 74 70 67 63 12 64 79 16 31 63 55 19 69 65 36 56 56 66 7 27 38 84 71 53 58 31 91 32 84 88 38 62 36 82 0 33 61 64 16 96 32 58 80 76 83 77 99 34 40 25 66 79 88 73 94 16 40 
44 16 13 39 18 100 73 22 46 34 10 62 41 52 46 7 86 25 54 75 33 39 61 67 85 50 77 35 81 95 48 51 37 73 21 80 50 58 61 83 77 28 17 56 68 57 24 87 61 74 63 79 83 35 92 5 59 33 0 82 44 19 86 57 32 56 68 80 80 108 47 27 22 92 81 63 92 80 25 67 
42 79 73 43 78 56 81 83 80 82 76 20 41 42 74 75 18 63 81 7 60 87 60 62 18 76 20 51 11 21 49 32 88 11 79 24 72 25 38 17 26 60 65 26 83 74 85 26 37 90 36 62 65 53 29 81 94 61 82 0 78 73 81 28 85 95 65 58 45 49 36 65 61 18 49 102 14 85 76 23 
60 29 33 50 27 68 30 65 2 12 36 63 47 37 5 44 91 28 10 75 63 12 27 30 71 6 64 56 71 82 72 58 14 67 63 64 9 64 42 88 60 57 37 58 24 14 23 95 78 30 79 43 45 30 100 39 19 64 44 78 0 57 43 66 16 17 30 45 52 82 49 24 39 95 51 26 82 37 65 75 
31 31 24 31 32 101 84 11 59 49 22 53 35 53 58 14 74 32 67 66 16 55 68 74 80 61 73 23 74 90 32 42 53 66 6 77 61 48 61 71 74 13 21 49 80 67 41 73 46 87 48 85 89 38 78 22 74 16 19 73 57 0 95 46 48 71 75 85 82 107 41 35 21 80 83 79 85 91 8 54 
85 71 73 76 68 40 14 104 43 55 76 75 70 49 40 84 98 63 35 81 95 54 28 22 65 37 61 85 70 73 98 77 56 71 101 58 36 79 47 96 55 90 74 73 21 29 66 105 98 20 98 18 16 58 109 81 40 96 86 81 43 95 0 84 59 44 21 23 37 57 68 60 74 99 33 45 76 10 102 89 
14 58 50 19 57 72 79 55 68 65 52 11 20 35 63 50 29 43 72 21 32 71 57 62 40 66 35 23 33 47 21 8 72 24 51 40 62 5 37 26 39 33 42 11 78 67 66 31 15 86 15 67 71 36 36 57 84 32 57 28 66 46 84 0 68 83 64 65 55 71 18 46 37 35 58 92 41 85 48 10 
59 17 24 50 15 83 46 53 17 5 25 67 48 45 20 33 96 25 25 80 57 7 41 45 81 22 73 53 80 92 69 60 5 74 52 74 25 67 52 92 71 51 31 62 39 30 8 98 78 44 79 58 61 33 104 27 28 58 32 85 16 48 59 68 0 24 45 61 66 96 52 22 34 100 65 32 91 52 55 77 
77 40 47 67 39 77 30 77 15 22 49 80 64 53 21 57 108 44 14 91 79 17 38 40 86 18 79 73 87 96 88 75 19 84 76 78 23 81 57 105 75 72 52 75 23 23 31 112 95 25 96 50 52 47 117 51 4 80 56 95 17 71 44 83 24 0 38 54 64 92 66 40 55 111 62 9 97 35 79 92 
64 54 55 55 51 39 17 85 30 41 58 56 50 29 25 65 81 44 25 63 75 41 7 2 52 24 46 65 55 61 77 57 44 54 81 44 21 60 28 78 41 69 55 53 19 16 51 87 78 25 79 13 16 38 91 63 36 76 68 65 30 75 21 64 45 38 0 16 26 54 48 41 54 82 23 43 63 21 82 70 
69 67 67 61 65 23 28 95 46 56 71 55 55 33 41 76 76 55 41 59 82 57 19 15 42 40 39 71 48 50 82 59 59 50 91 35 36 60 28 74 33 77 65 54 33 32 66 83 79 37 79 5 7 47 87 76 51 83 80 58 45 85 23 65 61 54 16 0 14 39 51 53 63 76 10 58 54 29 92 69 
61 69 67 54 67 20 41 93 53 61 71 44 49 29 47 76 63 55 50 46 76 64 26 24 29 47 26 65 34 36 74 50 66 37 88 21 43 50 21 61 20 73 64 44 45 41 70 70 69 50 69 18 20 46 74 77 62 77 80 45 52 82 37 55 66 64 26 14 0 30 44 54 61 63 4 69 40 43 88 58 
81 98 95 77 96 18 66 118 83 91 99 60 72 56 77 103 66 83 79 54 98 93 55 53 32 77 37 87 40 30 92 69 95 47 113 31 73 66 47 66 33 96 91 62 71 70 99 74 83 75 83 43 42 73 76 105 90 99 108 49 82 107 57 71 96 92 54 39 30 0 66 83 88 63 31 97 37 66 112 70 
18 43 37 11 42 63 63 52 50 49 40 16 6 19 45 40 44 28 54 30 33 55 41 46 39 49 31 21 34 49 30 10 55 26 47 36 45 15 23 40 33 30 30 11 61 49 51 47 31 69 32 53 57 19 52 45 67 34 47 36 49 41 68 18 52 66 48 51 44 66 0 30 25 49 47 74 45 68 46 26 
37 16 14 28 14 73 50 44 26 20 17 46 26 27 24 23 74 3 33 59 39 26 35 40 63 27 55 32 60 74 48 38 26 54 41 57 26 45 36 70 54 33 14 41 45 33 21 76 56 52 57 53 56 12 82 23 43 40 27 65 24 35 60 46 22 40 41 53 54 83 30 0 15 78 54 49 72 57 42 55 
25 21 13 19 21 81 64 32 41 33 15 41 19 32 39 15 66 12 48 54 24 40 47 52 63 42 55 19 59 74 35 30 39 52 28 59 41 38 41 63 56 18 5 35 60 47 30 68 45 67 46 64 67 16 73 20 57 25 22 61 39 21 74 37 34 55 54 63 61 88 25 15 0 72 62 64 70 71 29 47 
49 92 85 53 91 72 99 89 96 97 87 33 53 58 91 85 7 76 98 20 65 102 78 80 35 93 37 58 29 33 51 42 103 28 85 42 89 34 56 10 44 67 77 38 100 91 99 13 36 107 35 80 83 67 13 92 111 66 92 18 95 80 99 35 100 111 82 76 63 63 49 78 72 0 67 119 26 103 82 26 
64 69 68 57 67 19 38 94 52 60 71 48 51 31 46 76 67 55 48 50 78 62 24 22 32 46 29 67 38 40 76 53 65 41 90 25 42 53 23 65 23 74 65 47 42 39 70 74 73 47 72 15 17 47 78 77 59 79 81 49 51 83 33 58 65 62 23 10 4 31 47 54 62 67 0 66 43 39 90 61 
86 48 55 76 47 80 32 85 24 31 57 88 73 61 29 65 116 52 21 99 87 25 44 45 92 26 86 82 94 103 97 84 27 91 84 85 30 89 64 113 81 81 61 83 26 29 39 120 104 25 105 54 55 56 125 59 8 88 63 102 26 79 45 92 32 9 43 58 69 97 74 49 64 119 66 0 103 35 87 100 
55 87 81 54 85 46 79 95 83 87 84 32 51 46 77 85 30 70 83 21 73 91 59 61 11 79 18 63 11 7 62 43 93 19 90 19 74 37 40 30 22 72 74 36 82 75 92 37 51 88 50 58 60 60 40 90 96 73 92 14 82 85 76 41 91 97 63 54 40 37 45 72 70 26 43 103 0 82 88 37 
85 65 68 75 63 48 7 100 36 48 72 77 70 50 34 79 102 59 27 84 93 46 28 24 71 31 66 84 75 79 98 78 49 75 97 63 31 81 49 100 60 87 70 74 13 24 60 108 99 11 100 25 24 56 113 76 31 94 80 85 37 91 10 85 52 35 21 29 43 66 68 57 71 103 39 35 82 0 99 91 
34 39 32 36 40 108 92 8 67 56 30 57 40 59 65 22 75 39 75 69 16 62 75 81 84 69 77 26 78 94 32 45 60 70 4 82 68 51 67 72 79 16 28 52 87 75 49 73 46 94 48 92 96 44 78 29 82 16 25 76 65 8 102 48 55 79 82 92 88 112 46 42 29 82 90 87 88 99 0 56 
23 67 60 28 67 73 86 64 77 75 62 14 29 42 72 60 20 53 80 16 40 81 64 68 38 75 34 32 30 43 26 18 81 23 59 40 71 11 42 16 40 41 52 17 86 75 76 21 14 93 13 72 75 45 26 66 93 40 67 23 75 54 89 10 77 92 70 69 58 70 26 55 47 26 61 100 37 91 56 0 
0 0 1082 0 390 139 0 0 0 47 26 433 60 24 91 10 55 12 8 19 8 23 169 72 480 0 31 505 98 10 98 76 94 236 180 748 11 448 0 295 46 588 359 861 8 20 253 40 11 11 42 339 0 0 2935 198 77 43 0 0 490 189 74 0 12 0 26 263 10 69 521 27 12 774 0 294 7 0 0 470 
0 0 85 22 0 0 108 45 254 0 0 83 0 191 0 549 64 0 61 0 14 320 14 0 356 130 79 0 0 0 164 18 0 0 13 0 89 1574 465 19 1109 261 263 33 564 1173 72 92 31 9 0 16 159 157 57 0 0 98 129 632 287 0 101 252 483 0 0 10 13 245 18 477 95 256 191 124 0 129 1215 1208 
1082 85 0 16 616 112 101 66 1276 16 10 37 357 457 185 1188 260 14 930 10 10 101 134 3000 73 0 460 63 174 2732 0 14 137 229 400 187 0 8 705 687 10 186 61 187 37 1696 8 0 31 39 1091 65 0 131 44 14 1060 46 0 0 174 39 1894 0 0 8 372 7 132 9 407 1079 0 10 2621 103 658 30 126 69 
0 22 16 0 230 0 1418 37 74 81 0 3000 0 8 0 26 56 0 54 0 86 72 269 0 205 278 111 0 0 0 733 13 262 0 240 0 9 3000 94 11 1108 49 13 376 840 27 172 779 43 91 8 118 48 88 469 0 0 7 12 61 867 0 257 22 1901 0 0 3000 3000 11 53 96 8 89 35 160 0 18 46 21 
390 0 616 230 0 751 0 0 591 1373 57 105 775 1481 11 49 78 86 681 1331 191 18 109 131 39 131 10 8 331 12 12 26 32 204 13 19 35 3000 0 17 50 0 246 44 47 68 107 893 76 1339 127 22 0 266 31 30 171 226 40 16 13 646 585 0 21 0 10 0 1858 647 14 77 31 119 0 433 10 0 0 22 
139 0 112 0 751 0 0 0 0 0 11 697 29 85 1200 119 91 437 0 149 81 17 349 1633 128 0 13 347 265 31 0 828 622 35 559 17 0 18 934 1887 11 69 8 0 157 2602 0 0 0 23 0 536 0 0 107 207 575 75 0 0 469 176 125 0 0 8 28 62 19 0 2263 1163 0 1673 0 39 0 340 0 0 
0 108 101 1418 0 0 0 31 24 0 0 415 0 16 0 136 44 0 131 0 11 15 0 0 63 1643 472 0 0 0 2379 50 0 0 0 0 48 2465 7 102 117 716 15 68 13 13 0 0 3000 77 0 0 320 12 0 0 0 44 22 35 2123 0 2916 13 192 0 0 50 211 1973 41 130 480 84 166 307 0 3000 146 3000 
0 45 66 37 0 0 31 0 17 0 0 130 0 562 0 683 1660 0 18 0 52 44 0 0 57 178 26 0 0 0 147 338 0 0 107 0 27 221 9 19 80 35 3000 266 127 11 0 0 258 654 0 0 15 231 679 0 0 72 627 55 212 0 21 52 27 0 0 12 748 316 42 11 648 124 115 32 0 68 141 783 
0 254 1276 74 591 0 24 17 0 0 11 1214 0 1743 0 1174 153 126 47 0 35 90 263 0 125 75 312 0 443 0 11 200 0 0 7 153 572 69 204 166 69 3000 1044 338 687 13 454 306 169 317 0 90 10 8 574 0 0 79 7 3000 213 0 2574 600 86 155 8 106 730 19 42 16 70 269 1119 129 0 463 3000 918 
47 0 16 81 1373 0 0 0 0 0 31 0 168 8 867 71 15 0 167 3000 2190 174 288 15 0 9 170 41 36 366 1101 367 215 35 169 747 128 87 0 131 0 0 243 282 103 604 352 19 54 2063 389 302 359 140 0 30 66 116 82 163 236 42 17 0 1908 0 63 0 8 8 234 590 124 1073 0 100 137 0 0 16 
26 0 10 0 57 11 0 0 11 31 0 285 285 538 378 3000 21 176 253 1165 3000 8 291 85 364 0 630 11 442 67 0 309 84 8 301 107 49 63 0 28 473 669 292 861 403 42 106 15 368 435 138 1308 0 152 436 10 24 531 0 0 3000 108 9 0 0 310 793 34 30 59 79 3000 0 109 0 91 7 158 0 294 
433 83 37 3000 105 697 415 130 1214 0 285 0 30 50 0 230 2207 196 93 0 96 184 183 0 274 14 25 0 10 0 0 35 0 0 171 498 0 33 28 173 1693 506 1430 0 8 69 0 0 415 80 0 12 51 747 406 0 0 38 0 226 11 222 84 129 349 234 18 17 1226 12 36 414 0 330 8 83 0 45 512 545 
60 0 357 0 775 29 0 0 0 168 285 30 0 86 63 656 8 88 110 804 1413 1392 335 11 1028 0 263 8 260 3000 78 33 75 67 340 540 61 184 0 37 51 137 232 150 1026 16 501 75 8 1530 204 741 0 89 37 198 540 12 632 0 8 125 75 0 39 0 79 920 90 792 254 8 1369 99 0 915 1599 2594 0 3000 
24 191 457 8 1481 85 16 562 1743 8 538 50 86 0 44 420 888 21 1126 0 43 12 1340 2085 262 140 307 333 10 226 183 60 41 0 297 118 854 796 7 91 29 50 546 277 10 120 510 612 270 102 21 60 29 22 126 103 112 1135 0 67 52 13 35 257 64 18 385 23 992 587 928 604 14 66 275 112 8 22 90 36 
91 0 185 0 11 1200 0 0 0 867 378 0 63 44 0 0 0 0 88 8 0 134 301 69 0 0 197 142 222 98 883 8 29 18 113 1097 3000 351 0 802 0 0 0 1700 17 2824 60 166 0 117 3000 1106 0 0 0 24 165 182 0 0 336 22 8 0 0 0 567 0 184 111 20 69 846 3000 0 14 126 0 0 1297 
10 549 1188 26 49 119 136 683 1174 71 3000 230 656 420 0 0 63 129 203 0 26 53 137 434 425 85 10 0 43 0 622 11 286 0 605 116 37 87 26 222 1236 180 105 706 447 354 30 40 130 170 0 64 23 452 34 11 0 113 0 453 1906 546 126 33 13 86 1734 333 144 564 49 3000 0 802 332 34 0 136 581 92 
55 64 260 56 78 91 44 1660 153 15 21 2207 8 888 0 63 0 1425 844 0 254 388 32 88 297 3000 737 0 104 0 1372 203 693 0 7 1440 350 16 36 3000 24 23 129 35 122 426 407 11 49 109 47 238 9 202 751 1477 0 1017 10 10 62 210 105 775 222 61 123 386 46 36 83 2745 739 211 357 18 0 235 27 21 
12 0 14 0 86 437 0 0 126 0 176 196 88 21 0 129 1425 0 0 0 1514 3000 256 2832 1910 0 503 885 283 0 0 11 0 0 619 32 0 31 12 26 47 420 40 0 274 18 0 0 166 22 0 121 0 13 87 2877 1603 33 0 0 33 14 56 0 0 49 28 460 0 0 18 0 0 31 0 41 0 30 0 0 
8 61 930 54 681 0 131 18 47 167 253 93 110 1126 88 203 844 0 0 12 70 28 550 13 0 15 104 477 1544 273 272 109 38 146 72 24 1298 1131 0 3000 0 0 127 12 117 944 25 25 101 293 23 9 1193 804 0 281 340 539 935 515 45 98 50 0 78 0 42 0 174 52 71 35 23 264 0 320 657 0 540 390 
19 0 10 0 1331 149 0 0 0 3000 1165 0 804 0 8 0 0 0 12 0 0 0 32 322 0 0 0 41 9 24 0 669 83 40 66 49 121 0 0 0 0 0 0 281 0 657 196 501 0 309 380 25 0 0 0 835 24 11 0 0 378 206 0 0 0 0 43 0 424 0 487 59 0 49 0 18 118 0 0 0 
8 14 10 86 191 81 11 52 35 2190 3000 96 1413 43 0 26 254 1514 70 0 0 27 3000 100 1307 50 124 0 59 0 32 91 3000 0 10 153 54 1671 341 382 98 26 479 81 39 432 743 227 13 138 161 45 384 167 55 9 0 10 259 1020 54 12 112 1788 56 231 15 106 513 12 349 41 16 30 150 36 0 139 40 19 
23 320 101 72 18 17 15 44 90 174 8 184 1392 12 134 53 388 3000 28 0 27 0 185 27 1683 3000 41 505 173 24 230 572 25 0 42 29 130 31 11 327 153 732 24 387 536 137 607 58 141 144 30 68 172 61 238 60 23 24 8 803 282 372 15 14 90 59 54 8 681 119 2781 86 101 34 164 53 547 133 145 160 
169 14 134 269 109 349 0 0 263 288 291 183 335 1340 301 137 32 256 550 32 3000 185 0 129 45 315 769 1005 292 11 456 34 10 23 40 91 77 2049 0 166 274 15 77 749 97 11 71 3000 15 19 88 126 13 18 0 181 459 478 605 28 2422 7 30 0 81 0 45 0 1409 8 9 17 26 428 0 206 489 0 0 35 
72 0 3000 0 131 1633 0 0 0 15 85 0 11 2085 69 434 88 2832 13 322 100 27 129 0 158 0 150 8 3000 9 0 35 14 8 50 13 138 65 0 83 29 0 0 2528 392 136 53 14 0 951 10 466 0 0 27 315 10 19 0 0 659 10 7 0 0 0 439 0 205 38 12 200 27 10 0 14 40 0 0 184 
480 356 73 205 39 128 63 57 125 0 364 274 1028 262 0 425 297 1910 0 0 1307 1683 45 158 0 0 901 110 139 0 0 82 0 0 171 20 0 141 1573 450 13 1605 162 0 301 363 0 0 67 207 0 223 0 557 2788 14 0 28 0 0 55 70 232 16 0 37 64 3000 23 131 2620 9 0 2915 49 16 0 3000 115 0 
0 130 0 278 131 0 1643 178 75 9 0 14 0 140 0 85 3000 0 15 0 50 3000 315 0 0 0 641 0 0 0 1417 100 1310 0 67 0 63 192 8 28 0 42 306 3000 301 44 425 47 131 0 77 0 2186 526 0 0 0 8 246 36 2416 0 21 97 178 0 0 0 238 229 8 471 526 3000 7 0 203 0 11 81 
31 79 460 111 10 13 472 26 312 170 630 25 263 307 197 10 737 503 104 0 124 41 769 150 901 641 0 28 875 10 155 45 312 0 8 3000 24 48 12 48 16 221 30 303 224 13 611 262 1586 115 29 7 10 449 33 421 261 164 123 21 56 1464 83 85 1871 72 84 17 87 3000 713 10 196 22 1802 27 39 460 138 467 
505 0 63 0 8 347 0 0 0 41 11 0 8 333 142 0 0 885 477 41 0 505 1005 8 110 0 28 0 19 866 0 12 55 3000 188 157 0 493 0 69 1614 0 0 34 66 101 314 141 0 795 23 1317 0 0 1940 35 76 16 0 0 99 24 2598 0 0 0 59 0 368 461 94 100 0 743 0 57 713 0 0 0 
98 0 174 0 331 265 0 0 443 36 442 10 260 10 222 43 104 283 1544 9 59 173 292 3000 139 0 875 19 0 14 0 276 670 114 65 63 0 409 14 2776 45 170 227 295 800 9 31 0 14 182 10 76 0 31 223 366 75 118 0 0 362 293 113 0 0 3000 8 164 42 15 17 1849 0 363 0 424 1235 138 0 0 
10 0 2732 0 12 31 0 0 0 366 67 0 3000 226 98 0 0 0 273 24 0 24 11 9 0 0 10 866 14 0 122 258 640 59 23 130 46 9 0 113 0 0 0 695 261 297 95 120 0 19 10 1175 0 0 0 28 27 1399 109 0 166 105 47 0 2738 0 21 0 15 164 1019 110 263 297 0 10 198 0 0 101 
98 164 0 733 12 0 2379 147 11 1101 0 0 78 183 883 622 1372 0 272 0 32 230 456 0 0 1417 155 0 0 122 0 221 127 0 53 0 1850 281 0 589 0 0 1724 3000 29 131 30 142 26 0 424 0 2826 256 0 40 923 395 65 205 159 0 825 473 17 0 0 0 1502 17 1262 12 41 52 18 0 181 0 103 555 
76 18 14 13 26 828 50 338 200 367 309 35 33 60 8 11 203 11 109 669 91 572 34 35 82 100 45 12 276 258 221 0 253 371 58 1158 30 30 62 124 180 3000 298 32 136 17 34 294 597 75 774 180 16 87 14 10 281 49 357 1038 18 362 434 208 277 23 65 206 40 93 474 39 44 29 9 36 699 182 140 59 
94 0 137 262 32 622 0 0 0 215 84 0 75 41 29 286 693 0 38 83 3000 25 10 14 0 1310 312 55 670 640 127 253 0 863 16 3000 23 541 0 158 0 0 16 300 341 90 32 554 70 48 280 115 0 220 0 284 178 15 19 26 53 330 278 0 524 0 2722 0 567 369 60 814 7 280 0 305 7 0 0 48 
236 0 229 0 204 35 0 0 0 35 8 0 67 0 18 0 0 0 146 40 0 0 23 8 0 0 0 3000 114 59 0 371 863 0 122 91 571 0 0 0 0 0 0 179 0 39 187 61 0 20 14 1877 0 0 0 21 265 9 0 0 22 17 0 0 0 0 3000 0 70 0 20 938 0 30 0 10 659 0 0 0 
180 13 400 240 13 559 0 107 7 169 301 171 340 297 113 605 7 619 72 66 10 42 40 50 171 67 8 188 65 23 53 58 16 122 0 1559 201 837 59 1108 1956 42 226 1217 23 74 33 136 150 765 23 1290 0 203 145 311 11 19 68 2378 27 1037 17 0 75 324 35 39 1030 96 81 135 342 354 0 833 445 13 75 276 
748 0 187 0 19 17 0 0 153 747 107 498 540 118 1097 116 1440 32 24 49 153 29 91 13 20 0 3000 157 63 130 0 1158 3000 91 1559 0 0 15 539 554 228 195 744 0 283 14 49 0 361 327 11 43 0 137 751 212 153 348 0 0 31 1305 452 0 0 14 175 258 114 22 92 21 0 35 0 221 9 1133 0 0 
11 89 0 9 35 0 48 27 572 128 49 0 61 854 3000 37 350 0 1298 121 54 130 77 138 0 63 24 0 0 46 1850 30 23 571 201 0 0 131 0 1607 0 0 110 37 3000 401 312 32 633 50 2562 30 1353 25 0 966 399 335 105 13 161 752 10 943 26 0 416 0 169 60 11 9 406 120 0 149 140 0 807 27 
448 1574 8 3000 3000 18 2465 221 69 87 63 33 184 796 351 87 16 31 1131 0 1671 31 2049 65 141 192 48 493 409 9 281 30 541 0 837 15 131 0 248 706 8 15 132 530 457 31 18 51 47 38 9 54 107 275 52 8 24 55 55 185 214 67 442 172 3000 3000 31 146 20 31 16 46 9 15 2471 33 121 214 67 110 
0 465 705 94 0 934 7 9 204 0 0 28 0 7 0 26 36 12 0 0 341 11 0 0 1573 8 12 0 14 0 0 62 0 0 59 539 0 248 0 214 34 74 2917 0 1117 236 0 0 102 22 0 979 86 423 155 0 0 0 0 710 543 0 387 142 1117 12 0 254 1080 238 632 98 0 388 1315 42 0 35 1228 536 
295 19 687 11 17 1887 102 19 166 131 28 173 37 91 802 222 3000 26 3000 0 382 327 166 83 450 28 48 69 2776 113 589 124 158 0 1108 554 1607 706 214 0 1057 19 222 11 1745 85 433 68 3000 90 165 22 440 283 12 40 42 570 27 36 871 582 536 12 66 0 62 24 3000 400 72 21 96 24 64 66 37 11 57 377 
46 1109 10 1108 50 11 117 80 69 0 473 1693 51 29 0 1236 24 47 0 0 98 153 274 29 13 0 16 1614 45 0 0 180 0 0 1956 228 0 8 34 1057 0 19 407 0 159 3000 0 0 578 20 0 43 0 137 870 118 0 3000 0 0 2511 314 2199 0 0 12 284 16 110 43 166 725 0 7 19 114 0 76 43 0 
588 261 186 49 0 69 716 35 3000 0 669 506 137 50 0 180 23 420 0 0 26 732 15 0 1605 42 221 0 170 0 0 3000 0 0 42 195 0 15 74 19 19 0 68 0 47 192 0 0 3000 205 0 24 123 123 50 0 0 695 0 76 940 112 102 446 568 465 148 149 76 289 95 19 0 34 916 15 0 19 368 48 
359 263 61 13 246 8 15 3000 1044 243 292 1430 232 546 0 105 129 40 127 0 479 24 77 0 162 306 30 0 227 0 1724 298 16 0 226 744 110 132 2917 222 407 68 0 2953 19 429 58 382 356 732 3000 36 41 156 441 782 0 163 749 82 115 94 67 42 33 10 476 267 15 76 9 154 58 197 22 136 0 13 132 52 
861 33 187 376 44 0 68 266 338 282 861 0 150 277 1700 706 35 0 12 281 81 387 749 2528 0 3000 303 34 295 695 3000 32 300 179 1217 0 37 530 0 11 0 0 2953 0 132 3000 25 55 11 97 41 102 11 444 0 1132 91 144 12 17 54 20 28 19 34 0 8 0 271 90 14 12 285 52 0 16 333 0 953 90 
8 564 37 840 47 157 13 127 687 103 403 8 1026 10 17 447 122 274 117 0 39 536 97 392 301 301 224 66 800 261 29 136 341 0 23 283 3000 457 1117 1745 159 47 19 132 0 1377 9 68 69 84 3000 33 13 9 64 8 71 658 221 12 191 80 37 8 53 15 29 27 158 940 14 68 124 46 2673 34 1353 29 19 30 
20 1173 1696 27 68 2602 13 11 13 604 42 69 16 120 2824 354 426 18 944 657 432 137 11 136 363 44 13 101 9 297 131 17 90 39 74 14 401 31 236 85 3000 192 429 3000 1377 0 131 365 27 76 528 59 27 21 463 127 16 31 40 42 15 334 246 413 59 122 605 50 760 170 16 33 139 186 151 41 279 8 980 191 
253 72 8 172 107 0 0 0 454 352 106 0 501 510 60 30 407 0 25 196 743 607 71 53 0 425 611 314 31 95 30 34 32 187 33 49 312 18 0 433 0 0 58 25 9 131 0 813 222 767 64 40 9 61 0 141 3000 104 60 20 12 79 2454 0 17 0 102 0 11 255 80 36 36 178 0 41 12 0 0 68 
40 92 0 779 893 0 0 0 306 19 15 0 75 612 166 40 11 0 25 501 227 58 3000 14 0 47 262 141 0 120 142 294 554 61 136 0 32 51 0 68 0 0 382 55 68 365 813 0 505 31 18 11 98 9 0 454 11 20 240 111 32 10 51 0 1014 0 18 0 8 1971 89 42 785 309 0 68 37 0 0 81 
11 31 31 43 76 0 3000 258 169 54 368 415 8 270 0 130 49 166 101 0 13 141 15 0 67 131 1586 0 14 0 26 597 70 0 150 361 633 47 102 3000 578 3000 356 11 69 27 222 505 0 14 13 983 33 135 3000 34 0 159 7 41 135 552 40 135 33 0 3000 15 230 181 393 447 1433 22 98 158 10 509 325 276 
11 9 39 91 1339 23 77 654 317 2063 435 80 1530 102 117 170 109 22 293 309 138 144 19 951 207 0 115 795 182 19 0 75 48 20 765 327 50 38 22 90 20 205 732 97 84 76 767 31 14 0 1065 85 12 19 183 32 3000 2372 0 0 13 9 31 72 79 35 50 159 3000 335 97 24 0 288 250 25 469 24 17 17 
42 0 1091 8 127 0 0 0 0 389 138 0 204 21 3000 0 47 0 23 380 161 30 88 10 0 77 29 23 10 10 424 774 280 14 23 11 2562 9 0 165 0 0 3000 41 3000 528 64 18 13 1065 0 335 0 16 0 653 144 171 470 47 25 193 513 0 158 0 8 0 203 83 14 32 147 10 0 11 60 0 0 1146 
339 16 65 118 22 536 0 0 90 302 1308 12 741 60 1106 64 238 121 9 25 45 68 126 466 223 0 7 1317 76 1175 0 180 115 1877 1290 43 30 54 979 22 43 24 36 102 33 59 40 11 983 85 335 0 0 291 68 67 254 475 0 0 14 2538 74 0 1736 51 72 85 385 30 848 185 0 292 0 27 11 488 0 46 
0 159 0 48 0 0 320 15 10 359 0 51 0 29 0 23 9 0 1193 0 384 172 13 0 0 2186 10 0 0 0 2826 16 0 0 0 0 1353 107 86 440 0 123 41 11 13 27 9 98 33 12 0 0 0 3000 0 0 0 118 546 208 90 0 486 140 88 0 0 648 8 12 32 270 351 11 55 49 0 1176 36 15 
0 157 131 88 266 0 12 231 8 140 152 747 89 22 0 452 202 13 804 0 167 61 18 0 557 526 449 0 31 0 256 87 220 0 203 137 25 275 423 283 137 123 156 444 9 21 61 9 135 19 16 291 3000 0 236 0 0 799 134 35 13 0 159 10 28 0 185 822 190 487 203 231 1014 20 239 21 0 1231 9 10 
2935 57 44 469 31 107 0 679 574 0 436 406 37 126 0 34 751 87 0 0 55 238 0 27 2788 0 33 1940 223 0 0 14 0 0 145 751 0 52 155 12 870 50 441 0 64 463 0 0 3000 183 0 68 0 236 0 314 0 30 0 0 3000 147 16 0 0 1537 187 324 155 24 52 0 0 104 53 31 0 176 1020 0 
198 0 14 0 30 207 0 0 0 30 10 0 198 103 24 11 1477 2877 281 835 9 60 181 315 14 0 421 35 366 28 40 10 284 21 311 212 966 8 0 40 118 0 782 1132 8 127 141 454 34 32 653 67 0 0 314 0 417 2944 3000 0 46 887 117 0 1229 0 11 0 26 88 32 499 8 20 0 267 53 0 0 21 
77 0 1060 0 171 575 0 0 0 66 24 0 540 112 165 0 0 1603 340 24 0 23 459 10 0 0 261 76 75 27 923 281 178 265 11 153 399 24 0 42 0 0 0 91 71 16 3000 11 0 3000 144 254 0 0 0 417 0 170 20 0 754 13 517 0 573 0 37 0 96 184 78 65 7 200 0 8 1558 0 0 756 
43 98 46 7 226 75 44 72 79 116 531 38 12 1135 182 113 1017 33 539 11 10 24 478 19 28 8 164 16 118 1399 395 49 15 9 19 348 335 55 0 570 3000 695 163 144 658 31 104 20 159 2372 171 475 118 799 30 2944 170 0 1143 186 388 922 307 0 1421 0 55 589 241 11 155 185 321 35 0 362 21 1317 15 11 
0 129 0 12 40 0 22 627 7 82 0 0 632 0 0 0 10 0 935 0 259 8 605 0 0 246 123 0 0 109 65 357 19 0 68 0 105 55 0 27 0 0 749 12 221 40 60 240 7 0 470 0 546 134 0 3000 20 1143 0 250 92 0 0 625 765 0 0 0 41 17 127 156 51 262 0 0 15 0 8 567 
0 632 0 61 16 0 35 55 3000 163 0 226 0 67 0 453 10 0 515 0 1020 803 28 0 0 36 21 0 0 0 205 1038 26 0 2378 0 13 185 710 36 0 76 82 17 12 42 20 111 41 0 47 0 208 35 0 0 0 186 250 0 603 0 16 77 10 0 0 0 600 85 110 594 197 29 51 53 275 2079 496 154 
490 287 174 867 13 469 2123 212 213 236 3000 11 8 52 336 1906 62 33 45 378 54 282 2422 659 55 2416 56 99 362 166 159 18 53 22 27 31 161 214 543 871 2511 940 115 54 191 15 12 32 135 13 25 14 90 13 3000 46 754 388 92 603 0 34 18 194 12 74 3000 28 155 3000 32 35 57 969 422 81 38 96 89 28 
189 0 39 0 646 176 0 0 0 42 108 222 125 13 22 546 210 14 98 206 12 372 7 10 70 0 1464 24 293 105 0 362 330 17 1037 1305 752 67 0 582 314 112 94 20 80 334 79 10 552 9 193 2538 0 0 147 887 13 922 0 0 34 0 15 0 0 84 87 136 141 46 278 162 0 104 0 50 49 17 0 309 
74 101 1894 257 585 125 2916 21 2574 17 9 84 75 35 8 126 105 56 50 0 112 15 30 7 232 21 83 2598 113 47 825 434 278 0 17 452 10 442 387 536 2199 102 67 28 37 246 2454 51 40 31 513 74 486 159 16 117 517 307 0 16 18 15 0 56 9 45 29 225 3000 167 9 2295 0 15 502 268 0 107 487 1993 
0 252 0 22 0 0 13 52 600 0 0 129 0 257 0 33 775 0 0 0 1788 14 0 0 16 97 85 0 0 0 473 208 0 0 0 0 943 172 142 12 0 446 42 19 8 413 0 0 135 72 0 0 140 10 0 0 0 0 625 77 194 0 56 0 801 0 0 90 9 8 162 205 242 10 860 3000 0 704 576 53 
12 483 0 1901 21 0 192 27 86 1908 0 349 39 64 0 13 222 0 78 0 56 90 81 0 0 178 1871 0 0 2738 17 277 524 0 75 0 26 3000 1117 66 0 568 33 34 53 59 17 1014 33 79 158 1736 88 28 0 1229 573 1421 765 10 12 0 9 801 0 0 0 0 185 180 18 630 38 16 544 560 1077 54 168 282 
0 0 8 0 0 8 0 0 155 0 310 234 0 18 0 86 61 49 0 0 231 59 0 0 37 0 72 0 3000 0 0 23 0 0 324 14 0 3000 12 0 12 465 10 0 15 122 0 0 0 35 0 51 0 0 1537 0 0 0 0 0 74 84 45 0 0 0 36 216 0 0 0 0 0 133 0 82 0 8 0 0 
26 0 372 0 10 28 0 0 8 63 793 18 79 385 567 1734 123 28 42 43 15 54 45 439 64 0 84 59 8 21 0 65 2722 3000 35 175 416 31 0 62 284 148 476 8 29 605 102 18 3000 50 8 72 0 185 187 11 37 55 0 0 3000 87 29 0 0 36 0 44 51 76 222 492 0 33 0 632 569 218 0 40 
263 10 7 3000 0 62 50 12 106 0 34 17 920 23 0 333 386 460 0 0 106 8 0 0 3000 0 17 0 164 0 0 206 0 0 39 258 0 146 254 24 16 149 267 0 27 50 0 0 15 159 0 85 648 822 324 0 0 589 0 0 28 136 225 90 0 216 44 0 45 587 43 188 0 3000 16 49 0 2189 438 266 
10 13 132 3000 1858 19 211 748 730 8 30 1226 90 992 184 144 46 0 174 424 513 681 1409 205 23 238 87 368 42 15 1502 40 567 70 1030 114 169 20 1080 3000 110 76 15 271 158 760 11 8 230 3000 203 385 8 190 155 26 96 241 41 600 155 141 3000 9 185 0 51 45 0 702 84 1448 250 64 197 87 93 114 817 1551 
69 245 9 11 647 0 1973 316 19 8 59 12 792 587 111 564 36 0 52 0 12 119 8 38 131 229 3000 461 15 164 17 93 369 0 96 22 60 31 238 400 43 289 76 90 940 170 255 1971 181 335 83 30 12 487 24 88 184 11 17 85 3000 46 167 8 180 0 76 587 702 0 572 26 487 2004 397 223 121 799 219 173 
521 18 407 53 14 2263 41 42 42 234 79 36 254 928 20 49 83 18 71 487 349 2781 9 12 2620 8 713 94 17 1019 1262 474 60 20 81 92 11 16 632 72 166 95 9 14 14 16 80 89 393 97 14 848 32 203 52 32 78 155 127 110 32 278 9 162 18 0 222 43 84 572 0 2244 334 300 342 14 26 8 1322 31 
27 477 1079 96 77 1163 130 11 16 590 3000 414 8 604 69 3000 2745 0 35 59 41 86 17 200 9 471 10 100 1849 110 12 39 814 938 135 21 9 46 98 21 725 19 154 12 68 33 36 42 447 24 32 185 270 231 0 499 65 185 156 594 35 162 2295 205 630 0 492 188 1448 26 2244 0 989 105 35 105 18 58 264 31 
12 95 0 8 31 0 480 648 70 124 0 0 1369 14 846 0 739 0 23 0 16 101 26 27 0 526 196 0 0 263 41 44 7 0 342 0 406 9 0 96 0 0 58 285 124 139 36 785 1433 0 147 0 351 1014 0 8 7 321 51 197 57 0 0 242 38 0 0 0 250 487 334 989 0 1238 0 0 257 0 7 87 
774 256 10 89 119 1673 84 124 269 1073 109 330 99 66 3000 802 211 31 264 49 30 34 428 10 2915 3000 22 743 363 297 52 29 280 30 354 35 120 15 388 24 7 34 197 52 46 186 178 309 22 288 10 292 11 20 104 20 200 35 262 29 969 104 15 10 16 133 33 3000 64 2004 300 105 1238 0 14 25 1543 45 93 235 
0 191 2621 35 0 0 166 115 1119 0 0 8 0 275 0 332 357 0 0 0 150 164 0 0 49 7 1802 0 0 0 18 9 0 0 0 0 0 2471 1315 64 19 916 22 0 2673 151 0 0 98 250 0 0 55 239 53 0 0 0 0 51 422 0 502 860 544 0 0 16 197 397 342 35 0 14 0 212 0 338 9 19 
294 124 103 160 433 39 307 32 129 100 91 83 915 112 14 34 18 41 320 18 36 53 206 14 16 0 27 57 424 10 0 36 305 10 833 221 149 33 42 66 114 15 136 16 34 41 41 68 158 25 11 27 49 21 31 267 8 362 0 53 81 50 268 3000 560 82 632 49 87 223 14 105 0 25 212 0 16 80 10 8 
7 0 658 0 10 0 0 0 0 137 7 0 1599 8 126 0 0 0 657 118 0 547 489 40 0 203 39 713 1235 198 181 699 7 659 445 9 140 121 0 37 0 0 0 333 1353 279 12 37 10 469 60 11 0 0 0 53 1558 21 15 275 38 49 0 0 1077 0 569 0 93 121 26 18 257 1543 0 16 0 0 0 94 
0 129 30 18 0 340 3000 68 463 0 158 45 2594 22 0 136 235 30 0 0 139 133 0 0 3000 0 460 0 138 0 0 182 0 0 13 1133 0 214 35 11 76 19 13 0 29 8 0 0 509 24 0 488 1176 1231 176 0 0 1317 0 2079 96 17 107 704 54 8 218 2189 114 799 8 58 0 45 338 80 0 0 179 176 
0 1215 126 46 0 0 146 141 3000 0 0 512 0 90 0 581 27 0 540 0 40 145 0 0 115 11 138 0 0 0 103 140 0 0 75 0 807 67 1228 57 43 368 132 953 19 980 0 0 325 17 0 0 36 9 1020 0 0 15 8 496 89 0 487 576 168 0 0 438 817 219 1322 264 7 93 9 10 0 179 0 75 
470 1208 69 21 22 0 3000 783 918 16 294 545 3000 36 1297 92 21 0 390 0 19 160 35 184 0 81 467 0 0 101 555 59 48 0 276 0 27 110 536 377 0 48 52 90 30 191 68 81 276 17 1146 46 15 10 0 21 756 11 567 154 28 309 1993 53 282 0 40 266 1551 173 31 31 87 235 19 8 94 176 75 0 
