60
0 68 60 69 58 57 67 82 27 32 29 24 21 28 26 16 33 55 57 41 52 37 43 32 46 16 30 24 65 19 25 36 63 33 49 50 34 54 59 71 50 30 32 64 59 25 58 25 76 55 40 17 50 59 61 69 37 31 89 48 
68 0 19 29 10 21 19 30 68 63 39 88 50 94 52 73 97 19 40 29 21 103 31 76 68 54 56 92 27 66 70 32 6 45 29 61 77 40 25 8 39 78 72 9 26 76 25 53 34 28 73 78 18 54 48 31 72 85 30 48 
60 19 0 45 18 33 36 22 54 48 33 83 40 88 39 70 93 5 51 30 28 97 18 61 51 45 42 84 10 54 70 24 13 47 13 43 62 50 38 16 21 77 73 10 39 63 38 53 20 9 56 67 14 35 29 47 74 72 29 30 
69 29 45 0 27 15 10 59 80 78 45 84 58 91 64 68 91 43 17 30 21 100 49 88 87 60 70 90 55 75 61 44 33 37 51 81 90 19 11 37 62 67 59 36 10 86 11 46 63 52 88 83 36 78 73 2 58 95 58 69 
58 10 18 27 0 15 18 36 60 56 29 78 41 84 44 63 87 16 33 18 12 93 24 68 63 44 49 82 28 58 60 23 8 35 24 56 69 33 20 16 35 68 62 11 21 68 19 43 37 25 66 68 11 51 46 29 63 77 39 43 
57 21 33 15 15 0 10 50 66 63 32 74 44 81 49 59 83 30 19 16 7 90 35 74 72 47 56 80 43 62 53 29 22 28 37 67 76 19 5 29 48 60 53 26 6 72 5 37 52 39 74 71 22 64 59 16 53 81 51 55 
67 19 36 10 18 10 0 49 75 72 41 84 54 91 58 69 92 34 23 26 16 100 41 83 80 57 64 90 45 71 63 38 23 37 42 74 85 24 10 27 53 70 62 27 10 81 11 47 53 43 82 80 28 69 64 12 62 91 48 61 
82 30 22 59 36 50 49 0 72 65 55 105 61 110 59 92 115 27 69 52 47 118 39 78 64 66 60 105 17 73 92 46 28 69 33 54 78 68 54 22 36 99 95 24 55 82 54 75 10 27 71 87 36 42 35 61 96 90 10 43 
27 68 54 80 60 66 75 72 0 8 34 47 22 47 16 43 56 50 73 50 59 55 37 9 20 21 12 42 55 8 52 37 62 51 41 27 10 70 69 68 36 57 58 61 70 10 68 46 63 46 13 18 50 38 42 81 63 18 81 30 
32 63 48 78 56 63 72 65 8 0 33 53 22 54 14 48 62 45 72 48 56 62 32 13 14 23 8 49 48 14 56 34 58 52 35 19 14 70 67 63 29 62 62 56 68 18 66 48 56 40 11 26 45 30 35 79 67 25 74 23 
29 39 33 45 29 32 41 55 34 33 0 51 13 56 19 37 60 28 39 15 25 65 17 43 44 16 26 53 40 30 38 9 35 21 24 42 45 37 35 42 30 45 42 35 35 40 34 23 51 30 44 40 21 45 43 47 45 50 61 33 
24 88 83 84 78 74 84 105 47 53 51 0 44 8 49 16 10 78 69 60 70 16 66 49 66 40 52 11 89 40 25 59 85 47 73 72 51 66 75 93 74 23 30 86 75 40 74 37 99 79 59 30 72 82 84 84 34 42 112 72 
21 50 40 58 41 44 54 61 22 22 13 44 0 49 8 34 54 35 51 28 38 57 22 30 35 5 15 44 45 18 38 18 45 30 28 35 32 48 47 52 30 45 44 45 48 28 47 27 55 35 33 28 31 41 42 59 48 37 69 29 
28 94 88 91 84 81 91 110 47 54 56 8 49 0 52 23 9 83 77 67 77 9 71 48 67 44 55 6 93 41 33 64 91 54 77 74 50 74 82 99 77 30 38 91 82 39 81 45 104 83 58 29 77 84 87 91 42 39 117 74 
26 52 39 64 44 49 58 59 16 14 19 49 8 52 0 40 59 35 58 34 43 61 21 25 26 11 7 48 42 15 46 21 46 38 27 27 26 56 53 53 25 53 52 46 54 25 52 36 52 32 25 28 33 34 35 65 56 34 67 23 
16 73 70 68 63 59 69 92 43 48 37 16 34 23 40 0 24 65 54 45 55 31 54 48 62 29 45 23 76 35 12 46 70 31 60 66 50 51 59 78 64 14 18 72 59 40 59 22 87 67 56 30 58 74 75 68 23 44 98 63 
33 97 93 91 87 83 92 115 56 62 60 10 54 9 59 24 0 88 76 69 79 11 76 57 75 49 62 15 98 49 31 69 94 55 82 82 59 73 83 102 84 26 35 95 83 48 82 45 109 89 67 38 81 92 94 91 38 49 122 81 
55 19 5 43 16 30 34 27 50 45 28 78 35 83 35 65 88 0 48 26 25 92 14 58 49 40 38 80 14 50 65 19 14 43 10 41 59 47 35 18 20 72 68 12 37 59 35 48 25 9 54 63 10 35 30 45 70 68 34 28 
57 40 51 17 33 19 23 69 73 72 39 69 51 77 58 54 76 48 0 26 23 85 49 81 83 52 65 77 61 67 46 41 41 24 52 80 83 3 14 47 63 51 43 44 13 77 14 33 71 56 83 73 38 79 75 16 41 86 70 69 
41 29 30 30 18 16 26 52 50 48 15 60 28 67 34 45 69 26 26 0 10 76 23 58 58 31 40 65 40 46 42 15 26 17 28 54 60 24 19 34 38 49 44 28 20 56 19 25 51 33 59 54 16 54 50 31 45 65 56 43 
52 21 28 21 12 7 16 47 59 56 25 70 38 77 43 55 79 25 23 10 0 86 28 67 65 41 49 75 39 55 50 23 20 25 30 60 69 22 11 28 41 58 51 23 12 65 11 34 48 34 67 64 16 58 53 23 52 75 50 48 
37 103 97 100 93 90 100 118 55 62 65 16 57 9 61 31 11 92 85 76 86 0 80 55 74 53 63 13 102 49 40 73 100 63 86 81 56 82 91 108 86 36 44 101 91 46 90 53 112 92 65 36 86 92 95 100 48 45 126 83 
43 31 18 49 24 35 41 39 37 32 17 66 22 71 21 54 76 14 49 23 28 80 0 45 38 27 25 67 23 36 55 10 25 37 7 32 46 47 39 32 14 63 59 24 40 46 39 40 34 13 42 49 14 30 27 51 62 55 47 20 
32 76 61 88 68 74 83 78 9 13 43 49 30 48 25 48 57 58 81 58 67 55 45 0 19 29 20 43 61 14 58 45 70 59 48 29 2 78 78 76 42 62 65 69 78 9 77 54 69 53 10 20 58 41 46 89 69 13 87 35 
46 68 51 87 63 72 80 64 20 14 44 66 35 67 26 62 75 49 83 58 65 74 38 19 0 36 19 61 48 27 70 43 63 64 39 11 19 81 77 67 30 76 76 61 77 27 76 62 54 42 9 37 52 23 30 88 81 32 74 22 
16 54 45 60 44 47 57 66 21 23 16 40 5 44 11 29 49 40 52 31 41 53 27 29 36 0 17 40 49 15 35 22 49 30 33 38 31 49 50 57 35 41 41 49 50 25 49 25 60 40 33 24 36 45 46 61 45 34 74 33 
30 56 42 70 49 56 64 60 12 8 26 52 15 55 7 45 62 38 65 40 49 63 25 20 19 17 0 49 43 14 52 26 51 45 29 21 21 62 60 57 25 58 58 50 60 22 59 42 52 34 18 28 38 30 33 71 62 30 69 20 
24 92 84 90 82 80 90 105 42 49 53 11 44 6 48 23 15 80 77 65 75 13 67 43 61 40 49 0 89 36 34 61 88 53 73 68 44 74 81 95 73 33 40 88 81 34 80 44 99 79 52 23 74 79 82 90 44 33 113 69 
65 27 10 55 28 43 45 17 55 48 40 89 45 93 42 76 98 14 61 40 39 102 23 61 48 49 43 89 0 56 78 31 22 56 16 39 62 60 48 22 19 85 81 19 49 65 48 61 11 10 55 70 24 29 22 57 83 73 26 27 
19 66 54 75 58 62 71 73 8 14 30 40 18 41 15 35 49 50 67 46 55 49 36 14 27 15 14 36 56 0 44 34 61 45 41 33 16 65 65 68 38 49 51 61 66 10 64 39 66 47 21 14 48 43 46 76 55 19 82 34 
25 70 70 61 60 53 63 92 52 56 38 25 38 33 46 12 31 65 46 42 50 40 55 58 70 35 52 34 78 44 0 46 68 26 62 73 60 43 53 76 67 8 7 70 53 50 52 17 89 68 65 41 57 79 79 60 12 55 97 68 
36 32 24 44 23 29 38 46 37 34 9 59 18 64 21 46 69 19 41 15 23 73 10 45 43 22 26 61 31 34 46 0 27 27 16 39 47 39 34 35 24 54 50 28 34 45 33 31 42 22 44 46 14 39 37 45 53 54 53 28 
63 6 13 33 8 22 23 28 62 58 35 85 45 91 46 70 94 14 41 26 20 100 25 70 63 49 51 88 22 61 68 27 0 43 23 55 71 41 27 8 34 75 70 4 28 71 27 51 30 22 67 73 14 48 42 35 71 80 30 42 
33 45 47 37 35 28 37 69 51 52 21 47 30 54 38 31 55 43 24 17 25 63 37 59 64 30 45 53 56 45 26 27 43 0 43 63 61 21 28 51 51 33 27 46 28 54 27 10 67 48 62 49 33 66 64 37 28 62 73 54 
49 29 13 51 24 37 42 33 41 35 24 73 28 77 27 60 82 10 52 28 30 86 7 48 39 33 29 73 16 41 62 16 23 43 0 32 49 51 41 28 11 69 66 21 43 50 41 46 27 6 44 54 15 27 23 52 68 59 41 19 
50 61 43 81 56 67 74 54 27 19 42 72 35 74 27 66 82 41 80 54 60 81 32 29 11 38 21 68 39 33 73 39 55 63 32 0 28 78 72 58 21 79 79 53 73 36 71 62 44 33 19 45 46 13 19 83 83 41 64 13 
34 77 62 90 69 76 85 78 10 14 45 51 32 50 26 50 59 59 83 60 69 56 46 2 19 31 21 44 62 16 60 47 71 61 49 28 0 80 79 77 43 64 67 70 80 11 79 56 69 54 9 21 59 41 46 91 71 13 88 36 
54 40 50 19 33 19 24 68 70 70 37 66 48 74 56 51 73 47 3 24 22 82 47 78 81 49 62 74 60 65 43 39 41 21 51 78 80 0 15 48 61 48 40 44 14 74 15 30 70 55 81 70 37 77 74 18 39 83 70 67 
59 25 38 11 20 5 10 54 69 67 35 75 47 82 53 59 83 35 14 19 11 91 39 78 77 50 60 81 48 65 53 34 27 28 41 72 79 15 0 33 53 60 52 31 1 75 1 38 57 44 78 73 27 69 64 12 52 84 55 59 
71 8 16 37 16 29 27 22 68 63 42 93 52 99 53 78 102 18 47 34 28 108 32 76 67 57 57 95 22 68 76 35 8 51 28 58 77 48 33 0 37 84 78 7 34 77 33 59 27 25 72 80 21 50 43 39 79 86 23 45 
50 39 21 62 35 48 53 36 36 29 30 74 30 77 25 64 84 20 63 38 41 86 14 42 30 35 25 73 19 38 67 24 34 51 11 21 43 61 53 37 0 74 72 31 54 46 52 53 27 12 36 52 26 16 13 64 75 54 45 8 
30 78 77 67 68 60 70 99 57 62 45 23 45 30 53 14 26 72 51 49 58 36 63 62 76 41 58 33 85 49 8 54 75 33 69 79 64 48 60 84 74 0 8 77 59 54 59 25 96 76 70 44 64 86 86 66 12 58 105 74 
32 72 73 59 62 53 62 95 58 62 42 30 44 38 52 18 35 68 43 44 51 44 59 65 76 41 58 40 81 51 7 50 70 27 66 79 67 40 52 78 72 8 0 72 52 57 52 20 92 72 71 48 59 85 84 59 5 62 100 73 
64 9 10 36 11 26 27 24 61 56 35 86 45 91 46 72 95 12 44 28 23 101 24 69 61 49 50 88 19 61 70 28 4 46 21 53 70 44 31 7 31 77 72 0 32 70 30 53 27 19 65 73 14 45 39 39 73 79 28 39 
59 26 39 10 21 6 10 55 70 68 35 75 48 82 54 59 83 37 13 20 12 91 40 78 77 50 60 81 49 66 53 34 28 28 43 73 80 14 1 34 54 59 52 32 0 76 2 38 58 45 79 74 28 70 65 11 51 85 56 60 
25 76 63 86 68 72 81 82 10 18 40 40 28 39 25 40 48 59 77 56 65 46 46 9 27 25 22 34 65 10 50 45 71 54 50 36 11 74 75 77 46 54 57 70 76 0 74 48 73 56 19 10 58 48 52 87 62 9 91 40 
58 25 38 11 19 5 11 54 68 66 34 74 47 81 52 59 82 35 14 19 11 90 39 77 76 49 59 80 48 64 52 33 27 27 41 71 79 15 1 33 52 59 52 30 2 74 0 37 57 44 77 72 26 68 64 13 51 83 55 59 
25 53 53 46 43 37 47 75 46 48 23 37 27 45 36 22 45 48 33 25 34 53 40 54 62 25 42 44 61 39 17 31 51 10 46 62 56 30 38 59 53 25 20 53 38 48 37 0 72 52 58 42 40 66 66 47 22 55 80 55 
76 34 20 63 37 52 53 10 63 56 51 99 55 104 52 87 109 25 71 51 48 112 34 69 54 60 52 99 11 66 89 42 30 67 27 44 69 70 57 27 27 96 92 27 58 73 57 72 0 21 62 79 34 32 25 65 94 81 20 34 
55 28 9 52 25 39 43 27 46 40 30 79 35 83 32 67 89 9 56 33 34 92 13 53 42 40 34 79 10 47 68 22 22 48 6 33 54 55 44 25 12 76 72 19 45 56 44 52 21 0 47 60 17 26 20 54 74 64 35 20 
40 73 56 88 66 74 82 71 13 11 44 59 33 58 25 56 67 54 83 59 67 65 42 10 9 33 18 52 55 21 65 44 67 62 44 19 9 81 78 72 36 70 71 65 79 19 77 58 62 47 0 29 55 32 38 90 76 22 81 28 
17 78 67 83 68 71 80 87 18 26 40 30 28 29 28 30 38 63 73 54 64 36 49 20 37 24 28 23 70 14 41 46 73 49 54 45 21 70 73 80 52 44 48 73 74 10 72 42 79 60 29 0 59 56 60 84 53 14 95 47 
50 18 14 36 11 22 28 36 50 45 21 72 31 77 33 58 81 10 38 16 16 86 14 58 52 36 38 74 24 48 57 14 14 33 15 46 59 37 27 21 26 64 59 14 28 58 26 40 34 17 55 59 0 42 37 38 61 67 41 33 
59 54 35 78 51 64 69 42 38 30 45 82 41 84 34 74 92 35 79 54 58 92 30 41 23 45 30 79 29 43 79 39 48 66 27 13 41 77 69 50 16 86 85 45 70 48 68 66 32 26 32 56 42 0 7 80 88 54 52 12 
61 48 29 73 46 59 64 35 42 35 43 84 42 87 35 75 94 30 75 50 53 95 27 46 30 46 33 82 22 46 79 37 42 64 23 19 46 74 64 43 13 86 84 39 65 52 64 66 25 20 38 60 37 7 0 75 88 59 45 13 
69 31 47 2 29 16 12 61 81 79 47 84 59 91 65 68 91 45 16 31 23 100 51 89 88 61 71 90 57 76 60 45 35 37 52 83 91 18 12 39 64 66 59 39 11 87 13 47 65 54 90 84 38 80 75 0 57 96 60 71 
37 72 74 58 63 53 62 96 63 67 45 34 48 42 56 23 38 70 41 45 52 48 62 69 81 45 62 44 83 55 12 53 71 28 68 83 71 39 52 79 75 12 5 73 51 62 51 22 94 74 76 53 61 88 88 57 0 67 101 76 
31 85 72 95 77 81 91 90 18 25 50 42 37 39 34 44 49 68 86 65 75 45 55 13 32 34 30 33 73 19 55 54 80 62 59 41 13 83 84 86 54 58 62 79 85 9 83 55 81 64 22 14 67 54 59 96 67 0 99 48 
89 30 29 58 39 51 48 10 81 74 61 112 69 117 67 98 122 34 70 56 50 126 47 87 74 74 69 113 26 82 97 53 30 73 41 64 88 70 55 23 45 105 100 28 56 91 55 80 20 35 81 95 41 52 45 60 101 99 0 53 
48 48 30 69 43 55 61 43 30 23 33 72 29 74 23 63 81 28 69 43 48 83 20 35 22 33 20 69 27 34 68 28 42 54 19 13 36 67 59 45 8 74 73 39 60 40 59 55 34 20 28 47 33 12 13 71 76 48 53 0 
0 15 0 8 156 30 437 0 10 292 0 0 1419 0 169 98 422 0 17 208 53 0 47 243 152 602 0 35 94 52 0 9 312 139 252 112 1595 96 0 0 83 0 0 827 60 15 241 3000 0 275 127 2329 46 11 0 377 2639 96 112 10 
15 0 754 50 48 235 401 35 22 27 44 13 11 25 17 52 17 18 62 727 1020 83 0 463 0 496 0 22 23 0 32 226 7 11 165 35 385 589 85 483 953 28 92 572 67 20 117 76 344 80 113 49 2563 303 25 14 45 7 53 132 
0 754 0 49 0 287 74 17 189 203 10 83 10 68 56 8 73 21 2156 0 9 56 0 482 0 0 0 87 0 0 58 59 0 2295 159 0 10 127 830 509 0 24 43 400 0 117 222 38 73 1341 0 11 113 159 307 0 63 20 72 0 
8 50 49 0 20 0 92 0 0 0 0 533 95 263 0 9 0 27 15 1441 766 37 136 93 679 451 75 153 31 656 121 67 217 0 709 30 0 84 9 416 453 0 176 151 70 35 216 982 28 0 361 133 91 34 30 96 0 165 0 603 
156 48 0 20 0 214 0 0 0 0 0 0 445 0 0 86 0 0 85 421 232 0 365 1073 648 657 0 43 82 176 0 26 99 104 303 12 826 1526 0 0 58 0 0 225 248 957 799 40 0 9 21 7 181 0 0 107 766 1350 28 804 
30 235 287 0 214 0 18 0 64 684 0 0 13 0 301 27 9 0 60 637 2187 19 3000 0 24 431 0 22 0 225 0 8 706 329 3000 1402 114 408 11 8 0 0 0 27 0 111 32 718 0 147 632 426 0 124 0 1051 254 31 35 0 
437 401 74 92 0 18 0 621 19 8 15 74 35 44 24 2869 1377 252 34 0 156 30 0 1012 0 0 0 270 0 0 1586 592 761 571 675 0 7 161 16 88 0 66 581 3000 0 15 8 8 31 119 395 15 11 128 82 42 998 708 1008 0 
0 35 17 0 0 0 621 0 288 14 28 8 19 16 1463 86 230 327 0 0 2377 19 0 0 0 0 0 0 0 0 485 0 0 16 0 0 143 489 21 98 0 39 161 709 0 0 0 0 303 35 0 0 0 285 0 0 269 0 0 0 
10 22 189 0 0 64 19 288 0 60 192 32 1499 537 3000 8 181 471 355 0 79 26 0 1010 0 0 0 12 0 0 8 128 0 105 9 0 219 37 370 1316 0 28 21 41 0 48 83 1750 301 253 0 50 0 92 0 0 19 698 15 0 
292 27 203 0 0 684 8 14 60 0 892 84 20 44 121 20 31 86 1211 0 27 441 0 80 0 0 0 205 0 0 176 135 0 753 16 0 535 3000 147 253 0 309 10 66 0 2032 35 174 1577 61 0 329 0 50 0 0 204 579 163 0 
0 44 10 0 0 0 15 28 192 892 0 88 74 99 0 50 0 574 0 0 0 14 0 3000 0 0 0 0 0 0 697 0 0 0 0 0 0 144 35 2582 0 1657 35 183 0 0 2677 0 29 0 0 0 0 123 16 0 10 0 0 0 
0 13 83 533 0 0 74 8 32 84 88 0 67 527 0 0 0 364 155 10 13 20 0 1061 0 0 1549 49 38 0 3000 37 0 0 81 0 0 10 81 9 92 191 2075 1063 29 354 1042 0 81 0 10 0 1614 24 497 58 132 14 0 9 
1419 11 10 95 445 13 35 19 1499 20 74 67 0 73 0 1928 0 45 22 1578 947 498 78 18 36 155 131 152 176 43 2104 298 13 874 28 823 358 159 431 319 23 1739 22 72 286 314 44 277 174 713 12 185 10 9 20 11 45 94 211 45 
0 25 68 263 0 0 44 16 537 44 99 527 73 0 0 11 0 2560 52 273 143 112 0 39 0 0 297 156 9 0 158 238 0 0 865 0 0 13 38 27 505 18 37 136 11 22 3000 43 469 0 32 0 53 59 197 101 519 91 0 37 
169 17 56 0 0 301 24 1463 3000 121 0 0 0 0 0 243 33 0 0 0 578 0 0 0 0 0 0 0 0 0 0 73 327 80 342 119 32 41 8 0 0 0 0 107 0 584 0 52 0 62 0 29 0 34 0 0 935 0 93 0 
98 52 8 9 86 27 2869 86 8 20 50 0 1928 11 243 0 17 91 497 376 246 227 358 228 0 267 0 2857 0 688 133 252 8 126 127 538 45 65 459 1571 0 392 0 121 0 27 132 86 26 95 15 1084 67 165 0 986 35 17 801 0 
422 17 73 0 0 9 1377 230 181 31 0 0 0 0 33 17 0 0 0 0 21 0 0 0 0 0 0 0 0 0 0 151 22 122 11 32 38 762 10 0 0 0 0 45 0 81 0 43 0 149 0 174 0 248 0 0 45 0 23 0 
0 18 21 27 0 0 252 327 471 86 574 364 45 2560 0 91 0 0 0 0 225 89 0 145 0 0 253 0 0 0 55 0 0 0 0 0 0 12 2263 111 0 366 90 30 0 0 3000 0 2663 0 0 0 27 80 494 0 360 135 0 0 
17 62 2156 15 85 60 34 0 355 1211 0 155 22 52 0 497 0 0 0 151 135 97 962 978 35 165 144 21 844 8 9 88 76 674 12 50 101 109 26 33 1561 0 19 16 115 33 135 308 61 108 450 2624 206 9 96 320 256 53 63 195 
208 727 0 1441 421 637 0 0 0 0 0 10 1578 273 0 376 0 0 151 0 59 91 1073 193 191 3000 172 993 40 20 298 276 32 21 433 92 1307 34 0 261 93 0 1102 254 26 300 69 10 0 1725 1270 56 994 7 22 547 37 114 8 135 
53 1020 9 766 232 2187 156 2377 79 27 0 13 947 143 578 246 21 225 135 59 0 23 456 1768 272 177 311 11 516 30 651 1667 34 61 823 8 561 3000 341 74 22 0 42 121 100 140 9 110 18 59 3000 14 471 1591 526 36 55 423 133 28 
0 83 56 37 0 19 30 19 26 441 14 20 498 112 0 227 0 89 97 91 23 0 0 105 0 0 48 20 102 0 137 88 0 383 119 0 12 22 3000 31 119 81 231 37 15 61 36 93 10 82 580 42 79 92 554 730 27 686 50 178 
47 0 0 136 365 3000 0 0 0 0 0 0 78 0 0 358 0 0 962 1073 456 0 0 40 13 103 0 1465 392 74 0 90 2935 53 13 192 9 419 0 0 897 0 0 156 242 182 426 3000 0 96 204 44 454 0 0 1208 0 122 78 94 
243 463 482 93 1073 0 1012 0 1010 80 3000 1061 18 39 0 228 0 145 978 193 1768 105 40 0 454 43 3000 1730 18 28 2207 122 42 0 426 435 16 564 108 15 636 108 163 665 3000 80 7 49 8 0 3000 8 348 611 50 74 353 35 0 154 
152 0 0 679 648 24 0 0 0 0 0 0 36 0 0 0 0 0 35 191 272 0 13 454 0 245 0 13 97 11 0 473 365 0 8 12 0 1793 0 0 224 0 0 360 10 38 53 120 0 0 278 448 19 0 0 2800 0 49 0 80 
602 496 0 451 657 431 0 0 0 0 0 0 155 0 0 267 0 0 165 3000 177 0 103 43 245 0 0 69 509 519 0 3000 3000 54 10 9 17 854 0 0 18 0 0 8 15 864 914 117 0 791 71 175 390 0 0 384 969 34 782 47 
0 0 0 75 0 0 0 0 0 0 0 1549 131 297 0 0 0 253 144 172 311 48 0 3000 0 0 0 528 391 0 45 399 0 0 0 0 0 0 0 38 134 0 1717 109 199 41 246 0 0 0 828 0 117 0 1334 45 0 11 0 15 
35 22 87 153 43 22 270 0 12 205 0 49 152 156 0 2857 0 0 21 993 11 20 1465 1730 13 69 528 0 43 159 832 1126 35 736 36 231 73 1384 11 34 11 0 42 898 418 47 8 549 0 36 930 139 1723 15 9 52 14 270 90 1060 
94 23 0 31 82 0 0 0 0 0 0 38 176 9 0 0 0 0 844 40 516 102 392 18 97 509 391 43 0 1638 806 321 120 0 15 0 0 354 0 40 545 0 92 601 28 137 98 540 0 0 487 249 206 0 44 48 0 247 0 26 
52 0 0 656 176 225 0 0 0 0 0 0 43 0 0 688 0 0 8 20 30 0 74 28 11 519 0 159 1638 0 0 8 48 331 17 145 8 108 0 0 86 0 0 34 61 418 2979 204 0 776 541 45 180 0 0 675 0 65 25 302 
0 32 58 121 0 0 1586 485 8 176 697 3000 2104 158 0 133 0 55 9 298 651 137 0 2207 0 0 45 832 806 0 0 1102 0 0 193 0 0 209 167 129 562 10 189 510 77 52 616 12 50 0 272 20 3000 21 682 13 30 689 0 3000 
9 226 59 67 26 8 592 0 128 135 0 37 298 238 73 252 151 0 88 276 1667 88 90 122 473 3000 399 1126 321 8 1102 0 42 218 1134 60 18 34 43 174 19 0 23 31 407 22 17 13 253 91 47 133 12 66 218 355 617 40 236 440 
312 7 0 217 99 706 761 0 0 0 0 0 13 0 327 8 22 0 76 32 34 0 2935 42 365 3000 0 35 120 48 0 42 0 167 293 545 139 162 0 0 52 0 0 1691 1210 401 35 2948 0 240 115 1311 1214 54 0 47 97 52 3000 329 
139 11 2295 0 104 329 571 16 105 753 0 0 874 0 80 126 122 0 674 21 61 383 53 0 0 54 0 736 0 331 0 218 167 0 17 512 12 545 57 1482 0 0 0 27 0 18 84 1026 0 536 0 26 0 82 0 110 1186 8 35 0 
252 165 159 709 303 3000 675 0 9 16 0 81 28 865 342 127 11 0 12 433 823 119 13 426 8 10 0 36 15 17 193 1134 293 17 0 417 290 41 1842 105 963 0 258 404 37 12 10 11 16 55 8 11 52 65 633 491 9 318 12 21 
112 35 0 30 12 1402 0 0 0 0 0 0 823 0 119 538 32 0 50 92 8 0 192 435 12 9 0 231 0 145 0 60 545 512 417 0 537 273 0 0 335 0 0 27 90 71 16 607 0 65 24 237 54 18 0 62 12 621 35 26 
1595 385 10 0 826 114 7 143 219 535 0 0 358 0 32 45 38 0 101 1307 561 12 9 16 0 17 0 73 0 8 0 18 139 12 290 537 0 67 173 106 0 7 0 375 0 832 147 695 22 10 197 36 0 10 0 88 44 75 9 0 
96 589 127 84 1526 408 161 489 37 3000 144 10 159 13 41 65 762 12 109 34 3000 22 419 564 1793 854 0 1384 354 108 209 34 162 545 41 273 67 0 332 33 3000 244 213 152 98 319 493 650 42 22 141 89 802 1800 142 854 850 206 23 841 
0 85 830 9 0 11 16 21 370 147 35 81 431 38 8 459 10 2263 26 0 341 3000 0 108 0 0 0 11 0 0 167 43 0 57 1842 0 173 332 0 62 0 12 1435 178 0 569 3000 99 808 451 18 1368 1033 1167 25 0 679 101 654 0 
0 483 509 416 0 8 88 98 1316 253 2582 9 319 27 0 1571 0 111 33 261 74 31 0 15 0 0 38 34 40 0 129 174 0 1482 105 0 106 33 62 0 34 1338 27 26 120 10 19 12 136 45 1074 127 91 543 206 169 40 15 29 1600 
83 953 0 453 58 0 0 0 0 0 0 92 23 505 0 0 0 0 1561 93 22 119 897 636 224 18 134 11 545 86 562 19 52 0 963 335 0 3000 0 34 0 0 171 367 18 140 142 13 0 0 321 1572 329 0 466 55 0 304 0 75 
0 28 24 0 0 0 66 39 28 309 1657 191 1739 18 0 392 0 366 0 0 0 81 0 108 0 0 0 0 0 0 10 0 0 0 0 0 7 244 12 1338 0 0 29 21 0 0 109 0 18 489 0 0 0 44 3000 0 9 0 0 0 
0 92 43 176 0 0 581 161 21 10 35 2075 22 37 0 0 0 90 19 1102 42 231 0 163 0 0 1717 42 92 0 189 23 0 0 258 0 0 213 1435 27 171 29 0 1050 320 641 1689 0 140 0 98 0 19 84 15 9 0 16 0 143 
827 572 400 151 225 27 3000 709 41 66 183 1063 72 136 107 121 45 30 16 254 121 37 156 665 360 8 109 898 601 34 510 31 1691 27 404 27 375 152 178 26 367 21 1050 0 3000 636 30 356 2385 51 27 19 66 263 9 365 1632 62 210 143 
60 67 0 70 248 0 0 0 0 0 0 29 286 11 0 0 0 0 115 26 100 15 242 3000 10 15 199 418 28 61 77 407 1210 0 37 90 0 98 0 120 18 0 320 3000 0 22 578 16 0 0 245 49 155 276 1524 74 0 669 0 270 
15 20 117 35 957 111 15 0 48 2032 0 354 314 22 584 27 81 0 33 300 140 61 182 80 38 864 41 47 137 418 52 22 401 18 12 71 832 319 569 10 140 0 641 636 22 0 128 120 0 12 2299 506 116 34 141 109 260 41 405 1196 
241 117 222 216 799 32 8 0 83 35 2677 1042 44 3000 0 132 0 3000 135 69 9 36 426 7 53 914 246 8 98 2979 616 17 35 84 10 16 147 493 3000 19 142 109 1689 30 578 128 0 87 223 406 66 151 37 9 45 21 253 95 2279 176 
3000 76 38 982 40 718 8 0 1750 174 0 0 277 43 52 86 43 0 308 10 110 93 3000 49 120 117 0 549 540 204 12 13 2948 1026 11 607 695 650 99 12 13 0 0 356 16 120 87 0 0 136 8 8 42 48 0 386 589 12 54 510 
0 344 73 28 0 0 31 303 301 1577 29 81 174 469 0 26 0 2663 61 0 18 10 0 8 0 0 0 0 0 0 50 253 0 0 16 0 22 42 808 136 0 18 140 2385 0 0 223 0 0 39 0 0 17 1212 466 0 15 10 0 0 
275 80 1341 0 9 147 119 35 253 61 0 0 713 0 62 95 149 0 108 1725 59 82 96 0 0 791 0 36 0 776 0 91 240 536 55 65 10 22 451 45 0 489 0 51 0 12 406 136 39 0 0 368 0 592 0 313 35 776 7 0 
127 113 0 361 21 632 395 0 0 0 0 10 12 32 0 15 0 0 450 1270 3000 580 204 3000 278 71 828 930 487 541 272 47 115 0 8 24 197 141 18 1074 321 0 98 27 245 2299 66 8 0 0 0 82 48 54 21 61 178 117 0 113 
2329 49 11 133 7 426 15 0 50 329 0 0 185 0 29 1084 174 0 2624 56 14 42 44 8 448 175 0 139 249 45 20 133 1311 26 11 237 36 89 1368 127 1572 0 0 19 49 506 151 8 0 368 82 0 234 33 0 442 41 38 23 20 
46 2563 113 91 181 0 11 0 0 0 0 1614 10 53 0 67 0 27 206 994 471 79 454 348 19 390 117 1723 206 180 3000 12 1214 0 52 54 0 802 1033 91 329 0 19 66 155 116 37 42 17 0 48 234 0 11 333 229 386 11 0 24 
11 303 159 34 0 124 128 285 92 50 123 24 9 59 34 165 248 80 9 7 1591 92 0 611 0 0 0 15 0 0 21 66 54 82 65 18 10 1800 1167 543 0 44 84 263 276 34 9 48 1212 592 54 33 11 0 57 16 330 22 3000 36 
0 25 307 30 0 0 82 0 0 0 16 497 20 197 0 0 0 494 96 22 526 554 0 50 0 0 1334 9 44 0 682 218 0 0 633 0 0 142 25 206 466 3000 15 9 1524 141 45 0 466 0 21 0 333 57 0 12 0 37 0 154 
377 14 0 96 107 1051 42 0 0 0 0 58 11 101 0 986 0 0 320 547 36 730 1208 74 2800 384 45 52 48 675 13 355 47 110 491 62 88 854 0 169 55 0 9 365 74 109 21 386 0 313 61 442 229 16 12 0 37 3000 22 1573 
2639 45 63 0 766 254 998 269 19 204 10 132 45 519 935 35 45 360 256 37 55 27 0 353 0 969 0 14 0 0 30 617 97 1186 9 12 44 850 679 40 0 9 0 1632 0 260 253 589 15 35 178 41 386 330 0 37 0 294 37 0 
96 7 20 165 1350 31 708 0 698 579 0 14 94 91 0 17 0 135 53 114 423 686 122 35 49 34 11 270 247 65 689 40 52 8 318 621 75 206 101 15 304 0 16 62 669 41 95 12 10 776 117 38 11 22 37 3000 294 0 14 725 
112 53 72 0 28 35 1008 0 15 163 0 0 211 0 93 801 23 0 63 8 133 50 78 0 0 782 0 90 0 25 0 236 3000 35 12 35 9 23 654 29 0 0 0 210 0 405 2279 54 0 7 0 23 0 3000 0 22 37 14 0 0 
10 132 0 603 804 0 0 0 0 0 0 9 45 37 0 0 0 0 195 135 28 178 94 154 80 47 15 1060 26 302 3000 440 329 0 21 26 0 841 0 1600 75 0 143 143 270 1196 176 510 0 0 113 20 24 36 154 1573 0 725 0 0 
