80
0 59 47 55 65 99 31 52 88 20 82 83 72 56 69 53 28 30 11 38 39 24 48 66 40 56 15 46 25 45 41 97 42 77 40 59 60 29 56 6 55 66 28 47 42 25 62 81 3 31 67 85 29 36 31 46 55 29 61 33 83 26 6 37 81 89 95 90 62 53 47 32 21 86 27 43 63 78 64 93 
59 0 18 7 13 92 80 56 51 51 66 65 58 35 48 14 58 31 54 29 22 58 36 57 20 73 49 14 61 34 40 42 76 18 19 16 8 36 91 64 18 44 75 98 54 53 55 43 60 76 41 50 31 50 36 13 6 59 40 26 35 81 61 23 33 55 45 56 87 33 86 50 50 28 33 23 44 50 68 42 
47 18 0 12 18 78 65 39 46 35 53 52 44 20 35 6 41 26 46 31 21 41 19 41 11 55 41 10 45 16 22 50 59 34 16 12 14 21 73 53 7 31 58 82 56 50 39 37 49 60 29 43 24 32 19 16 19 42 26 19 36 67 48 20 34 48 48 49 69 17 69 49 45 40 21 5 30 40 51 46 
55 7 12 0 10 86 75 50 47 46 60 59 52 28 42 7 52 29 52 30 21 52 30 51 16 67 47 10 56 28 33 42 70 23 17 10 5 31 84 61 11 38 69 93 56 52 49 39 57 71 35 45 29 44 30 13 10 53 34 23 33 77 57 22 31 50 43 52 81 27 80 51 49 31 29 17 38 45 62 41 
65 13 18 10 0 82 82 51 38 53 55 54 48 27 38 12 58 39 62 40 32 59 31 48 25 68 57 20 62 30 37 33 75 18 27 8 6 38 88 70 12 34 76 99 66 63 47 30 66 77 31 37 39 48 37 23 18 59 31 33 23 85 66 32 21 42 33 43 83 27 85 61 59 23 38 23 35 39 61 31 
99 92 78 86 82 0 88 47 53 80 27 29 34 58 44 79 72 99 107 107 98 76 61 37 87 47 104 88 76 65 64 87 67 97 93 76 85 79 66 105 75 48 83 94 129 117 40 56 102 81 51 50 96 63 76 94 96 71 53 92 71 97 95 96 72 48 75 48 53 61 73 120 111 94 86 77 48 44 36 77 
31 80 65 75 82 88 0 48 94 30 78 80 70 64 72 70 25 57 42 67 65 24 56 63 61 41 45 67 20 54 48 112 21 98 64 75 79 44 29 32 70 70 6 18 72 56 60 88 32 7 73 90 55 37 45 70 78 25 66 57 95 10 25 62 94 93 107 94 39 61 20 63 51 105 48 59 67 81 54 106 
52 56 39 50 51 47 48 0 48 32 31 33 22 24 25 42 26 53 59 62 55 30 20 15 44 18 57 47 31 22 18 73 31 69 50 43 51 32 41 58 39 24 42 61 83 70 12 43 55 41 28 44 50 16 30 53 58 26 22 47 54 56 49 52 53 46 64 47 33 24 41 73 64 71 40 35 21 34 14 65 
88 51 46 47 38 53 94 48 0 70 29 27 30 32 23 43 70 72 90 76 66 72 41 35 56 64 85 54 75 43 48 34 79 49 61 37 43 60 88 95 39 25 88 109 101 95 37 8 91 88 22 4 70 57 57 59 56 70 29 64 19 101 87 65 21 5 21 6 78 36 89 95 90 42 64 48 27 15 51 24 
20 51 35 46 53 80 30 32 70 0 62 63 52 38 50 41 11 30 27 41 37 8 30 46 31 38 26 37 11 27 22 83 30 68 35 46 49 14 45 26 41 47 24 48 54 40 42 63 23 26 49 67 28 16 16 40 49 12 42 28 68 32 17 34 66 71 79 72 47 35 38 45 34 75 19 30 44 58 44 79 
82 66 53 60 55 27 78 31 29 62 0 3 10 33 18 53 57 75 87 83 73 61 37 16 62 41 84 63 62 41 42 62 59 71 68 50 58 57 65 88 49 22 72 89 106 96 20 30 85 71 25 26 73 46 54 68 70 56 27 68 45 87 79 72 46 25 50 25 53 36 68 98 90 68 64 52 23 17 26 52 
83 65 52 59 54 29 80 33 27 63 3 0 11 33 17 52 59 75 88 82 73 62 37 17 62 43 84 62 63 41 43 60 61 69 68 48 57 58 67 89 48 21 74 92 106 96 21 28 85 73 23 23 73 47 55 68 69 58 27 68 43 88 80 71 43 22 48 22 55 36 70 98 91 66 64 52 22 15 28 50 
72 58 44 52 48 34 70 22 30 52 10 11 0 24 11 45 48 66 77 73 64 51 28 7 53 35 74 54 53 32 32 60 52 65 59 42 51 47 59 79 41 14 64 82 97 86 10 28 75 63 18 26 63 36 44 60 62 47 18 59 42 78 69 62 42 27 50 27 48 27 61 89 81 64 54 43 14 15 21 51 
56 35 20 28 27 58 64 24 32 38 33 33 24 0 16 21 39 43 58 50 41 41 8 22 29 42 54 30 43 11 16 50 51 45 35 20 28 28 63 62 17 12 57 79 74 65 20 25 58 58 12 29 41 26 25 35 38 39 6 36 32 69 55 39 31 33 43 34 57 3 62 66 60 47 33 19 10 22 34 43 
69 48 35 42 38 44 72 25 23 50 18 17 11 16 0 35 48 59 73 66 56 51 22 13 45 41 69 45 53 25 28 51 56 54 51 32 41 42 65 76 31 4 65 85 90 81 14 19 72 65 7 19 57 35 39 51 52 48 10 52 32 78 67 54 32 22 41 23 55 19 66 82 75 53 48 35 6 9 29 42 
53 14 6 7 12 79 70 42 43 41 53 52 45 21 35 0 47 30 51 33 23 47 22 43 14 59 46 11 50 21 26 44 64 28 18 7 9 26 78 59 5 32 64 88 58 53 41 35 54 65 29 41 28 37 25 16 17 47 27 23 31 73 54 23 29 46 43 47 73 19 74 52 49 35 26 11 31 39 54 41 
28 58 41 52 58 72 25 26 70 11 57 59 48 39 48 47 0 41 37 51 46 4 31 41 40 28 36 45 5 29 23 87 19 75 44 51 55 22 35 33 46 46 19 41 65 50 38 64 30 19 48 66 38 13 22 49 57 1 41 38 70 31 23 43 69 69 82 70 36 36 29 55 44 81 29 36 43 57 36 81 
30 31 26 29 39 99 57 53 72 30 75 75 66 43 59 30 41 0 24 11 9 38 38 62 15 65 18 19 41 34 35 72 60 49 12 36 34 21 75 34 33 55 52 75 31 24 59 63 31 55 54 69 3 40 24 17 26 42 49 7 61 55 34 8 59 74 72 75 76 40 68 23 20 59 13 24 53 65 67 70 
11 54 46 52 62 107 42 59 90 27 87 88 77 58 73 51 37 24 0 30 33 33 51 72 37 65 6 42 35 48 45 95 53 73 36 58 57 31 67 12 54 69 39 58 31 14 68 82 10 42 70 87 24 43 34 41 50 38 64 29 82 37 17 31 80 92 94 93 72 55 58 21 10 82 26 43 67 81 72 92 
38 29 31 30 40 107 67 62 76 41 83 82 73 50 66 33 51 11 30 0 9 49 46 70 21 75 25 22 52 42 44 71 70 45 15 39 34 31 86 42 37 62 62 84 26 25 67 67 39 65 60 74 13 50 33 17 23 52 56 15 63 64 43 11 60 79 73 80 86 47 79 21 23 56 23 31 60 71 76 71 
39 22 21 21 32 98 65 55 66 37 73 73 64 41 56 23 46 9 33 9 0 45 37 61 12 68 27 12 48 34 36 63 66 40 6 30 26 25 81 44 28 52 60 83 35 31 58 58 40 62 51 64 10 43 26 9 17 48 47 9 54 64 42 3 52 69 65 70 80 38 75 29 28 50 18 22 51 61 68 63 
24 58 41 52 59 76 24 30 72 8 61 62 51 41 51 47 4 38 33 49 45 0 33 45 39 32 33 44 3 31 25 88 22 75 43 51 56 22 37 29 47 48 17 41 62 46 41 66 26 19 51 69 36 16 22 48 56 5 44 36 72 28 19 41 70 72 83 73 40 38 30 52 40 81 27 36 45 60 40 83 
48 36 19 30 31 61 56 20 41 30 37 37 28 8 22 22 31 38 51 46 37 33 0 24 26 37 48 28 35 4 8 57 44 49 32 24 31 21 57 55 19 18 49 72 69 59 21 33 51 50 19 37 36 19 18 34 38 31 12 31 40 61 47 35 38 41 51 42 52 6 55 61 53 53 27 16 16 29 32 51 
66 57 41 51 48 37 63 15 35 46 16 17 7 22 13 43 41 62 72 70 61 45 24 0 49 29 69 51 46 27 27 64 45 66 56 42 50 42 53 72 39 15 57 75 92 81 4 32 69 56 19 31 59 30 39 57 60 41 17 55 45 71 63 59 45 33 54 33 42 24 55 84 75 66 50 40 13 20 15 55 
40 20 11 16 25 87 61 44 56 31 62 62 53 29 45 14 40 15 37 21 12 39 26 49 0 59 32 6 42 22 25 58 58 38 6 21 20 17 73 45 18 41 55 79 46 39 47 48 41 57 39 54 14 34 17 10 17 41 35 8 46 62 41 10 44 59 57 60 71 26 68 39 35 47 13 10 39 50 57 55 
56 73 55 67 68 47 41 18 64 38 41 43 35 42 41 59 28 65 65 75 68 32 37 29 59 0 64 63 31 39 34 90 20 87 65 61 68 44 24 61 57 41 36 49 92 78 27 60 58 34 45 60 62 26 42 68 74 27 40 60 72 50 51 65 71 61 81 62 15 42 27 82 72 89 52 51 39 49 15 82 
15 49 41 47 57 104 45 57 85 26 84 84 74 54 69 46 36 18 6 25 27 33 48 69 32 64 0 36 35 44 42 89 54 67 30 52 51 27 68 17 49 66 42 62 29 13 65 77 14 45 66 82 18 41 30 36 44 38 60 23 77 41 20 26 75 87 89 88 72 51 60 19 8 77 21 38 63 77 70 87 
46 14 10 10 20 88 67 47 54 37 63 62 54 30 45 11 45 19 42 22 12 44 28 51 6 63 36 0 48 25 29 53 64 32 7 18 15 23 79 51 15 41 61 85 47 43 49 46 47 63 39 52 18 38 23 6 12 46 36 13 42 68 47 12 40 57 53 58 76 27 74 41 39 41 19 12 40 50 60 51 
25 61 45 56 62 76 20 31 75 11 62 63 53 43 53 50 5 41 35 52 48 3 35 46 42 31 35 48 0 34 28 92 19 78 46 55 59 25 34 30 50 51 14 37 64 48 43 68 27 15 53 71 39 18 25 51 59 6 46 39 75 26 20 45 73 74 86 75 37 41 27 54 43 85 30 39 48 62 41 86 
45 34 16 28 30 65 54 22 43 27 41 41 32 11 25 21 29 34 48 42 34 31 4 27 22 39 44 25 34 0 6 58 44 48 29 23 29 17 58 51 18 22 48 70 65 55 24 36 47 48 22 40 32 18 14 31 35 29 16 27 41 59 44 31 40 44 53 45 53 8 55 57 50 53 23 13 20 33 35 52 
41 40 22 33 37 64 48 18 48 22 42 43 32 16 28 26 23 35 45 44 36 25 8 27 25 34 42 29 28 6 0 64 38 54 32 29 35 15 52 48 24 25 42 64 66 54 24 41 44 42 26 44 32 12 12 35 40 23 20 29 47 53 39 33 46 48 59 49 47 13 49 57 48 59 23 17 22 36 32 58 
97 42 50 42 33 87 112 73 34 83 62 60 60 50 51 44 87 72 95 71 63 88 57 64 58 90 89 53 92 58 64 0 101 28 59 38 38 70 113 103 43 50 106 128 95 94 65 32 99 106 45 37 71 76 68 54 47 88 50 66 19 116 98 64 19 39 13 40 105 51 112 92 91 16 70 54 52 45 79 10 
42 76 59 70 75 67 21 31 79 30 59 61 52 51 56 64 19 60 53 70 66 22 44 45 58 20 54 64 19 44 38 101 0 92 63 67 73 41 15 46 62 55 17 30 83 67 42 74 44 15 58 75 57 27 41 68 75 18 52 57 83 31 36 63 82 77 94 78 20 50 11 73 61 97 48 54 52 64 34 94 
77 18 34 23 18 97 98 69 49 68 71 69 65 45 54 28 75 49 73 45 40 75 49 66 38 87 67 32 78 48 54 28 92 0 37 26 19 54 106 82 30 51 92 116 69 70 65 43 78 94 47 49 49 66 53 31 23 76 49 44 29 100 79 41 28 54 35 55 101 45 103 66 67 12 51 39 52 53 79 32 
40 19 16 17 27 93 64 50 61 35 68 68 59 35 51 18 44 12 36 15 6 43 32 56 6 65 30 7 46 29 32 59 63 37 0 25 21 22 78 46 22 47 59 82 40 36 53 53 42 61 45 59 12 39 23 6 14 45 41 8 49 64 43 5 47 64 60 65 77 32 73 34 32 47 16 16 46 56 63 58 
59 16 12 10 8 76 75 43 37 46 50 48 42 20 32 7 51 36 58 39 30 51 24 42 21 61 52 18 55 23 29 38 67 26 25 0 9 32 81 65 5 28 69 92 65 60 40 28 61 70 25 35 35 40 30 22 20 51 24 29 25 78 60 29 23 40 36 41 75 19 78 59 56 30 32 16 29 34 54 35 
60 8 14 5 6 85 79 51 43 49 58 57 51 28 41 9 55 34 57 34 26 56 31 50 20 68 51 15 59 29 35 38 73 19 21 9 0 35 87 65 11 37 73 96 60 57 49 35 61 74 34 42 33 46 34 17 13 56 33 28 28 81 61 26 26 47 39 48 82 27 83 55 53 27 33 20 37 43 62 37 
29 36 21 31 38 79 44 32 60 14 57 58 47 28 42 26 22 21 31 31 25 22 21 42 17 44 27 23 25 17 15 70 41 54 22 32 35 0 56 35 27 39 38 62 51 39 39 52 31 40 39 57 18 18 3 27 34 23 33 16 55 46 28 22 53 61 67 62 56 25 51 42 33 61 8 16 36 50 46 65 
56 91 73 84 88 66 29 41 88 45 65 67 59 63 65 78 35 75 67 86 81 37 57 53 73 24 68 79 34 58 52 113 15 106 78 81 87 56 0 59 76 65 28 29 97 81 51 84 58 25 69 84 72 41 56 83 90 33 63 72 95 39 50 78 94 86 105 86 14 63 10 87 76 110 63 68 62 73 39 105 
6 64 53 61 70 105 32 58 95 26 88 89 79 62 76 59 33 34 12 42 44 29 55 72 45 61 17 51 30 51 48 103 46 82 46 65 65 35 59 0 61 72 30 47 41 25 69 87 4 34 74 91 34 43 38 51 60 34 67 38 89 25 10 41 87 96 101 97 66 59 50 32 21 92 33 49 70 84 70 100 
55 18 7 11 12 75 70 39 39 41 49 48 41 17 31 5 46 33 54 37 28 47 19 39 18 57 49 15 50 18 24 43 62 30 22 5 11 27 76 61 0 27 64 87 63 57 37 30 56 65 24 37 32 36 25 21 21 46 22 26 29 73 55 27 27 42 40 43 71 16 73 56 52 35 28 12 27 34 51 39 
66 44 31 38 34 48 70 24 25 47 22 21 14 12 4 32 46 55 69 62 52 48 18 15 41 41 66 41 51 22 25 50 55 51 47 28 37 39 65 72 27 0 63 84 86 77 15 19 68 63 5 20 53 33 36 47 48 45 6 48 31 76 64 50 31 24 40 25 56 15 65 78 71 51 45 31 3 12 30 41 
28 75 58 69 76 83 6 42 88 24 72 74 64 57 65 64 19 52 39 62 60 17 49 57 55 36 42 61 14 48 42 106 17 92 59 69 73 38 28 30 64 63 0 24 70 54 54 82 30 3 66 84 50 31 39 64 73 18 59 52 89 14 22 57 87 87 100 88 37 55 19 60 49 99 43 53 60 74 49 100 
47 98 82 93 99 94 18 61 109 48 89 92 82 79 85 88 41 75 58 84 83 41 72 75 79 49 62 85 37 70 64 128 30 116 82 92 96 62 29 47 87 84 24 0 88 72 72 103 48 22 87 104 73 53 63 87 96 41 81 75 111 21 42 80 110 107 122 108 42 77 22 79 68 122 66 77 81 94 64 122 
42 54 56 56 66 129 72 83 101 54 106 106 97 74 90 58 65 31 31 26 35 62 69 92 46 92 29 47 64 65 66 95 83 69 40 65 60 51 97 41 63 86 70 88 0 16 89 93 40 73 85 99 34 68 53 43 48 66 80 38 88 66 48 36 86 104 99 105 101 71 89 10 21 80 43 55 84 96 96 96 
25 53 50 52 63 117 56 70 95 40 96 96 86 65 81 53 50 24 14 25 31 46 59 81 39 78 13 43 48 55 54 94 67 70 36 60 57 39 81 25 57 77 54 72 16 0 78 87 24 57 76 92 25 54 42 40 47 51 71 31 85 50 31 31 82 97 96 98 86 62 72 7 6 81 32 47 75 87 83 94 
62 55 39 49 47 40 60 12 37 42 20 21 10 20 14 41 38 59 68 67 58 41 21 4 47 27 65 49 43 24 24 65 42 65 53 40 49 39 51 69 37 15 54 72 89 78 0 34 65 53 20 33 56 26 36 55 58 37 16 52 46 68 59 56 46 35 55 36 41 22 52 80 72 65 46 37 13 22 15 56 
81 43 37 39 30 56 88 43 8 63 30 28 28 25 19 35 64 63 82 67 58 66 33 32 48 60 77 46 68 36 41 32 74 43 53 28 35 52 84 87 30 19 82 103 93 87 34 0 83 82 16 7 62 51 49 50 48 63 22 56 15 94 80 57 16 12 22 13 75 28 84 87 82 38 56 40 22 13 48 23 
3 60 49 57 66 102 32 55 91 23 85 85 75 58 72 54 30 31 10 39 40 26 51 69 41 58 14 47 27 47 44 99 44 78 42 61 61 31 58 4 56 68 30 48 40 24 65 83 0 33 70 87 30 39 33 47 56 32 63 34 85 27 8 38 83 92 97 93 64 55 49 31 20 88 29 45 66 80 67 95 
31 76 60 71 77 81 7 41 88 26 71 73 63 58 65 65 19 55 42 65 62 19 50 56 57 34 45 63 15 48 42 106 15 94 61 70 74 40 25 34 65 63 3 22 73 57 53 82 33 0 66 84 52 31 41 66 74 19 59 54 89 16 25 59 88 87 101 88 34 55 16 63 52 100 45 55 60 74 47 100 
67 41 29 35 31 51 73 28 22 49 25 23 18 12 7 29 48 54 70 60 51 51 19 19 39 45 66 39 53 22 26 45 58 47 45 25 34 39 69 74 24 5 66 87 85 76 20 16 70 66 0 18 52 36 36 45 45 48 7 47 27 79 66 49 26 22 36 23 60 15 69 77 71 46 45 30 7 11 34 37 
85 50 43 45 37 50 90 44 4 67 26 23 26 29 19 41 66 69 87 74 64 69 37 31 54 60 82 52 71 40 44 37 75 49 59 35 42 57 84 91 37 20 84 104 99 92 33 7 87 84 18 0 67 53 54 57 55 66 25 62 21 97 83 63 22 5 25 6 73 32 85 93 87 44 61 45 23 11 46 27 
29 31 24 29 39 96 55 50 70 28 73 73 63 41 57 28 38 3 24 13 10 36 36 59 14 62 18 18 39 32 32 71 57 49 12 35 33 18 72 34 32 53 50 73 34 25 56 62 30 52 52 67 0 37 21 18 26 39 47 6 60 54 32 8 58 72 71 73 73 38 66 26 21 59 10 22 51 63 64 69 
36 50 32 44 48 63 37 16 57 16 46 47 36 26 35 37 13 40 43 50 43 16 19 30 34 26 41 38 18 18 12 76 27 66 39 40 46 18 41 43 36 33 31 53 68 54 26 51 39 31 36 53 37 0 17 43 50 13 29 35 58 43 33 40 57 57 70 58 38 24 37 58 48 71 26 27 30 44 29 69 
31 36 19 30 37 76 45 30 57 16 54 55 44 25 39 25 22 24 34 33 26 22 18 39 17 42 30 23 25 14 12 68 41 53 23 30 34 3 56 38 25 36 39 63 53 42 36 49 33 41 36 54 21 17 0 27 35 23 30 18 52 48 31 23 51 58 64 59 54 22 51 44 36 60 10 14 33 47 43 63 
46 13 16 13 23 94 70 53 59 40 68 68 60 35 51 16 49 17 41 17 9 48 34 57 10 68 36 6 51 31 35 54 68 31 6 22 17 27 83 51 21 47 64 87 43 40 55 50 47 66 45 57 18 43 27 0 9 50 41 13 45 70 49 10 43 62 56 63 81 33 78 38 37 41 22 18 46 55 66 54 
55 6 19 10 18 96 78 58 56 49 70 69 62 38 52 17 57 26 50 23 17 56 38 60 17 74 44 12 59 35 40 47 75 23 14 20 13 34 90 60 21 48 73 96 48 47 58 48 56 74 45 55 26 50 35 9 0 58 43 22 41 78 58 18 39 60 51 61 87 36 85 44 45 33 30 23 48 55 70 48 
29 59 42 53 59 71 25 26 70 12 56 58 47 39 48 47 1 42 38 52 48 5 31 41 41 27 38 46 6 29 23 88 18 76 45 51 56 23 33 34 46 45 18 41 66 51 37 63 32 19 48 66 39 13 23 50 58 0 41 39 70 31 24 44 69 69 82 70 35 37 28 56 45 81 30 37 42 56 35 81 
61 40 26 34 31 53 66 22 29 42 27 27 18 6 10 27 41 49 64 56 47 44 12 17 35 40 60 36 46 16 20 50 52 49 41 24 33 33 63 67 22 6 59 81 80 71 16 22 63 59 7 25 47 29 30 41 43 41 0 42 32 72 59 45 31 29 42 30 55 9 62 72 65 50 39 25 4 17 31 42 
33 26 19 23 33 92 57 47 64 28 68 68 59 36 52 23 38 7 29 15 9 36 31 55 8 60 23 13 39 27 29 66 57 44 8 29 28 16 72 38 26 48 52 75 38 31 52 56 34 54 47 62 6 35 18 13 22 39 42 0 54 56 35 6 52 67 66 68 72 33 66 31 26 54 9 17 46 58 61 64 
83 35 36 33 23 71 95 54 19 68 45 43 42 32 32 31 70 61 82 63 54 72 40 45 46 72 77 42 75 41 47 19 83 29 49 25 28 55 95 89 29 31 89 111 88 85 46 15 85 89 27 21 60 58 52 45 41 70 32 54 0 100 83 54 2 25 12 26 87 34 94 83 80 23 57 40 33 28 61 11 
26 81 67 77 85 97 10 56 101 32 87 88 78 69 78 73 31 55 37 64 64 28 61 71 62 50 41 68 26 59 53 116 31 100 64 78 81 46 39 25 73 76 14 21 66 50 68 94 27 16 79 97 54 43 48 70 78 31 72 56 100 0 22 61 98 100 111 101 50 66 30 57 46 107 48 62 73 87 63 111 
6 61 48 57 66 95 25 49 87 17 79 80 69 55 67 54 23 34 17 43 42 19 47 63 41 51 20 47 20 44 39 98 36 79 43 60 61 28 50 10 55 64 22 42 48 31 59 80 8 25 66 83 32 33 31 49 58 24 59 35 83 22 0 40 81 88 95 89 56 52 41 38 27 88 28 43 61 76 60 94 
37 23 20 22 32 96 62 52 65 34 72 71 62 39 54 23 43 8 31 11 3 41 35 59 10 65 26 12 45 31 33 64 63 41 5 29 26 22 78 41 27 50 57 80 36 31 56 57 38 59 49 63 8 40 23 10 18 44 45 6 54 61 40 0 52 68 65 69 77 36 72 30 27 51 15 20 49 60 65 63 
81 33 34 31 21 72 94 53 21 66 46 43 42 31 32 29 69 59 80 60 52 70 38 45 44 71 75 40 73 40 46 19 82 28 47 23 26 53 94 87 27 31 87 110 86 82 46 16 83 88 26 22 58 57 51 43 39 69 31 52 2 98 81 52 0 26 14 27 86 33 93 81 78 22 55 38 33 28 60 13 
89 55 48 50 42 48 93 46 5 71 25 22 27 33 22 46 69 74 92 79 69 72 41 33 59 61 87 57 74 44 48 39 77 54 64 40 47 61 86 96 42 24 87 107 104 97 35 12 92 87 22 5 72 57 58 62 60 69 29 67 25 100 88 68 26 0 27 1 75 37 87 98 92 48 66 50 27 13 47 29 
95 45 48 43 33 75 107 64 21 79 50 48 50 43 41 43 82 72 94 73 65 83 51 54 57 81 89 53 86 53 59 13 94 35 60 36 39 67 105 101 40 40 100 122 99 96 55 22 97 101 36 25 71 70 64 56 51 82 42 66 12 111 95 65 14 27 0 27 96 45 105 94 92 26 68 52 43 34 69 3 
90 56 49 52 43 48 94 47 6 72 25 22 27 34 23 47 70 75 93 80 70 73 42 33 60 62 88 58 75 45 49 40 78 55 65 41 48 62 86 97 43 25 88 108 105 98 36 13 93 88 23 6 73 58 59 63 61 70 30 68 26 101 89 69 27 1 27 0 75 38 88 99 93 49 67 51 28 14 48 29 
62 87 69 81 83 53 39 33 78 47 53 55 48 57 55 73 36 76 72 86 80 40 52 42 71 15 72 76 37 53 47 105 20 101 77 75 82 56 14 66 71 56 37 42 101 86 41 75 64 34 60 73 73 38 54 81 87 35 55 72 87 50 56 77 86 75 96 75 0 56 21 91 80 104 63 65 53 63 27 97 
53 33 17 27 27 61 61 24 36 35 36 36 27 3 19 19 36 40 55 47 38 38 6 24 26 42 51 27 41 8 13 51 50 45 32 19 27 25 63 59 16 15 55 77 71 62 22 28 55 55 15 32 38 24 22 33 36 37 9 33 34 66 52 36 33 37 45 38 56 0 61 63 56 48 30 16 13 26 35 45 
47 86 69 80 85 73 20 41 89 38 68 70 61 62 66 74 29 68 58 79 75 30 55 55 68 27 60 74 27 55 49 112 11 103 73 78 83 51 10 50 73 65 19 22 89 72 52 84 49 16 69 85 66 37 51 78 85 28 62 66 94 30 41 72 93 87 105 88 21 61 0 79 67 108 57 64 62 74 42 105 
32 50 49 51 61 120 63 73 95 45 98 98 89 66 82 52 55 23 21 21 29 52 61 84 39 82 19 41 54 57 57 92 73 66 34 59 55 42 87 32 56 78 60 79 10 7 80 87 31 63 77 93 26 58 44 38 44 56 72 31 83 57 38 30 81 98 94 99 91 63 79 0 11 78 34 48 76 88 87 92 
21 50 45 49 59 111 51 64 90 34 90 91 81 60 75 49 44 20 10 23 28 40 53 75 35 72 8 39 43 50 48 91 61 67 32 56 53 33 76 21 52 71 49 68 21 6 72 82 20 52 71 87 21 48 36 37 45 45 65 26 80 46 27 27 78 92 92 93 80 56 67 11 0 78 27 42 69 82 77 90 
86 28 40 31 23 94 105 71 42 75 68 66 64 47 53 35 81 59 82 56 50 81 53 66 47 89 77 41 85 53 59 16 97 12 47 30 27 61 110 92 35 51 99 122 80 81 65 38 88 100 46 44 59 71 60 41 33 81 50 54 23 107 88 51 22 48 26 49 104 48 108 78 78 0 60 46 52 50 80 22 
27 33 21 29 38 86 48 40 64 19 64 64 54 33 48 26 29 13 26 23 18 27 27 50 13 52 21 19 30 23 23 70 48 51 16 32 33 8 63 33 28 45 43 66 43 32 46 56 29 45 45 61 10 26 10 22 30 30 39 9 57 48 28 15 55 66 68 67 63 30 57 34 27 60 0 17 43 55 54 67 
43 23 5 17 23 77 59 35 48 30 52 52 43 19 35 11 36 24 43 31 22 36 16 40 10 51 38 12 39 13 17 54 54 39 16 16 20 16 68 49 12 31 53 77 55 47 37 40 45 55 30 45 22 27 14 18 23 37 25 17 40 62 43 20 38 50 52 51 65 16 64 48 42 46 17 0 29 41 48 50 
63 44 30 38 35 48 67 21 27 44 23 22 14 10 6 31 43 53 67 60 51 45 16 13 39 39 63 40 48 20 22 52 52 52 46 29 37 36 62 70 27 3 60 81 84 75 13 22 66 60 7 23 51 30 33 46 48 42 4 46 33 73 61 49 33 27 43 28 53 13 62 76 69 52 43 29 0 14 28 43 
78 50 40 45 39 44 81 34 15 58 17 15 15 22 9 39 57 65 81 71 61 60 29 20 50 49 77 50 62 33 36 45 64 53 56 34 43 50 73 84 34 12 74 94 96 87 22 13 80 74 11 11 63 44 47 55 55 56 17 58 28 87 76 60 28 13 34 14 63 26 74 88 82 50 55 41 14 0 36 36 
64 68 51 62 61 36 54 14 51 44 26 28 21 34 29 54 36 67 72 76 68 40 32 15 57 15 70 60 41 35 32 79 34 79 63 54 62 46 39 70 51 30 49 64 96 83 15 48 67 47 34 46 64 29 43 66 70 35 31 61 61 63 60 65 60 47 69 48 27 35 42 87 77 80 54 48 28 36 0 70 
93 42 46 41 31 77 106 65 24 79 52 50 51 43 42 41 81 70 92 71 63 83 51 55 55 82 87 51 86 52 58 10 94 32 58 35 37 65 105 100 39 41 100 122 96 94 56 23 95 100 37 27 69 69 63 54 48 81 42 64 11 111 94 63 13 29 3 29 97 45 105 92 90 22 67 50 43 36 70 0 
0 1738 36 45 18 0 1917 457 110 1112 168 24 88 132 0 32 370 165 759 18 873 0 0 26 10 871 519 76 2247 202 0 657 68 107 0 0 85 14 30 223 109 26 256 128 62 56 0 29 25 1210 25 31 8 464 59 14 0 1101 10 11 0 61 848 65 32 0 142 22 444 0 2112 8 89 80 176 0 13 16 296 12 
1738 0 93 86 634 0 40 779 0 15 328 138 35 0 0 0 203 0 109 261 10 0 0 1318 8 362 27 14 492 1114 0 37 0 139 0 0 0 80 72 21 0 30 20 1041 213 101 0 64 476 0 963 9 154 0 13 27 0 41 16 662 0 73 11 0 0 0 119 390 0 0 581 24 0 59 8 0 0 64 102 213 
36 93 0 2619 3000 0 46 16 672 2509 18 10 13 78 0 80 83 7 0 1696 78 0 0 810 311 0 2367 19 49 243 0 16 340 80 0 0 0 231 120 0 23 20 31 97 44 0 843 47 71 47 53 8 178 1320 17 45 0 242 261 170 0 11 633 3000 31 0 7 731 104 123 9 0 1210 237 366 0 7 60 862 111 
45 86 2619 0 126 619 292 270 66 19 1939 27 274 540 150 371 650 8 2950 232 666 1042 66 134 417 397 142 1472 14 386 1324 150 488 334 31 179 242 62 246 298 2275 85 218 8 13 137 0 3000 298 257 135 15 1272 152 369 95 384 3000 408 693 0 155 127 0 41 995 1270 107 32 0 86 32 271 69 90 75 0 264 48 99 
18 634 3000 126 0 0 1307 115 15 8 1106 184 143 59 0 136 3000 127 0 23 929 0 0 13 95 0 101 16 248 80 0 10 535 9 0 0 0 0 0 134 205 768 31 20 404 0 64 50 306 14 38 26 8 0 555 37 0 1721 36 31 0 23 25 527 1695 0 931 367 183 0 68 0 59 146 343 0 242 8 416 26 
0 0 0 619 0 0 654 0 0 0 0 19 35 0 2547 38 556 29 68 1010 50 160 390 1049 0 418 0 0 190 30 8 382 690 189 125 139 35 51 55 0 44 3000 3000 203 0 10 0 0 366 0 272 388 110 124 1031 0 11 208 0 0 316 18 580 0 0 622 55 51 0 487 631 143 0 1386 1059 9 0 29 22 0 
1917 40 46 292 1307 654 0 229 194 235 8 743 307 73 0 510 159 10 83 39 147 0 0 36 440 101 499 560 71 24 10 312 340 24 0 0 57 10 45 176 98 42 54 518 596 604 497 2638 31 75 362 704 31 8 32 8 0 915 44 126 0 7 696 2863 24 0 54 187 2406 0 94 31 79 35 19 0 184 3000 151 100 
457 779 16 270 115 0 229 0 1506 16 103 61 3000 285 0 0 41 0 0 2482 494 0 0 14 2233 0 15 66 1555 458 0 53 0 22 0 0 0 0 0 9 0 0 422 22 66 0 0 23 121 93 196 104 1029 0 21 216 0 608 34 219 0 68 132 477 39 0 691 72 51 0 26 89 325 343 70 0 0 179 70 895 
110 0 672 66 15 0 194 1506 0 70 1834 94 1142 3000 0 1769 11 86 0 0 49 0 326 1545 172 0 25 23 996 37 138 668 18 1320 0 0 0 0 0 0 7 52 393 178 70 0 867 76 148 317 54 16 116 221 197 0 53 92 704 27 1226 0 0 9 128 0 0 0 1565 98 10 0 122 1214 376 0 1762 180 313 21 
1112 15 2509 19 8 0 235 16 70 0 29 438 30 65 0 32 103 0 0 0 1102 0 0 57 17 0 1682 149 14 40 0 394 259 0 0 0 0 0 0 0 46 0 85 112 29 0 43 40 28 422 51 20 762 0 297 740 0 22 378 23 0 0 0 39 410 0 0 0 219 144 0 0 441 73 188 0 1560 0 8 35 
168 328 18 1939 1106 0 8 103 1834 29 0 648 101 104 0 242 9 8 30 1189 41 0 0 360 87 10 11 91 963 255 0 172 39 13 0 0 207 77 50 231 260 96 710 97 55 582 0 83 15 402 78 276 3000 3000 609 1193 0 211 11 37 0 3000 7 57 10 0 117 15 58 0 36 14 86 1664 33 0 13 70 8 368 
24 138 10 27 184 19 743 61 94 438 648 0 439 117 318 10 176 12 950 54 135 63 643 8 74 40 87 1056 17 37 310 90 603 581 139 0 27 2481 183 0 77 28 3000 10 39 151 166 141 282 11 244 40 38 178 68 241 26 18 9 1147 14 0 142 215 487 0 0 24 18 148 487 1150 1632 29 37 38 2973 553 371 120 
88 35 13 274 143 35 307 3000 1142 30 101 439 0 48 499 118 8 1583 9 396 604 19 474 287 58 384 8 1091 11 2136 469 614 215 93 26 67 47 67 513 2201 3000 306 98 20 155 802 43 95 55 267 1055 20 2570 126 68 409 281 75 97 269 60 153 114 210 160 599 26 289 605 785 3000 101 439 271 36 36 40 18 751 151 
132 0 78 540 59 0 73 285 3000 65 104 117 48 0 0 22 1910 295 0 0 164 0 10 65 27 0 166 2200 26 53 16 103 452 1063 0 0 0 0 0 0 72 30 1187 1009 9 0 9 838 309 131 14 133 9 121 146 0 119 65 236 647 177 0 0 30 22 0 0 0 134 367 3000 0 921 12 1509 0 21 0 40 86 
0 0 0 150 0 2547 0 0 0 0 0 318 499 0 0 57 42 95 19 322 21 54 683 0 0 11 0 0 40 11 10 754 365 24 267 223 374 100 140 0 95 126 0 32 0 329 0 0 0 0 0 79 0 14 52 0 999 0 0 0 86 0 168 0 0 1189 0 58 0 401 194 48 0 0 165 50 0 55 125 0 
32 0 80 371 136 38 510 0 1769 32 242 10 118 22 57 0 271 260 456 1350 51 63 23 91 0 670 9 0 3000 1032 113 1449 217 118 46 385 41 3000 898 0 582 400 940 806 0 145 31 0 28 2986 164 2795 342 17 134 0 42 1415 12 0 532 0 107 23 11 97 0 168 602 329 3000 33 530 44 163 86 109 18 21 249 
370 203 83 650 3000 556 159 41 11 103 9 176 8 1910 42 271 0 36 134 57 134 13 75 8 29 169 78 1803 2537 112 68 555 80 38 1500 0 33 2251 41 0 88 68 41 55 76 1015 158 496 366 292 631 16 31 15 108 252 15 320 63 39 82 0 382 35 136 0 0 22 16 101 421 221 34 125 25 0 25 55 15 274 
165 0 7 8 127 29 10 0 86 0 8 12 1583 295 95 260 36 0 39 1234 456 70 63 309 0 168 107 0 53 1191 498 16 200 73 11 2191 12 166 87 0 3000 486 107 37 0 79 340 0 18 35 1425 195 885 112 42 0 819 30 1062 0 8 122 48 25 15 254 0 1957 47 202 77 1318 219 657 280 173 405 279 176 40 
759 109 0 2950 0 68 83 0 0 0 30 950 9 0 19 456 134 39 0 311 2346 135 20 29 0 2193 0 0 27 526 203 1349 1085 442 127 341 21 122 141 140 77 35 200 100 0 9 0 0 18 0 202 331 251 3000 1015 238 65 0 0 0 17 47 29 0 0 951 2000 13 0 0 73 42 0 574 1788 1072 0 9 18 10 
18 261 1696 232 23 1010 39 2482 0 0 1189 54 396 0 322 1350 57 1234 311 0 301 130 1579 1701 89 43 0 0 149 384 128 982 108 1670 62 446 693 46 75 3000 310 78 3000 1505 0 18 0 0 93 0 763 11 795 172 310 196 12 0 0 9 0 29 142 0 0 1491 82 98 0 0 797 14 0 39 320 50 0 64 224 495 
873 10 78 666 929 50 147 494 49 1102 41 135 604 164 21 51 134 456 2346 301 0 3000 33 960 908 191 978 1966 7 269 122 8 19 11 84 187 334 56 151 77 17 69 129 74 14 187 25 25 26 242 107 1112 42 40 397 597 22 162 82 1157 85 2830 253 227 129 9 16 555 14 16 1981 866 3000 20 48 14 17 255 17 143 
0 0 0 1042 0 160 0 0 0 0 0 63 19 0 54 63 13 70 135 130 3000 0 17 0 0 8 0 0 31 17 113 892 100 697 3000 11 168 118 3000 0 47 91 0 477 0 563 532 0 0 0 0 120 0 823 16 0 10 0 0 0 154 0 56 0 0 183 0 835 0 2798 69 105 0 0 54 185 36 399 118 0 
0 0 0 66 0 390 0 0 326 0 0 643 474 10 683 23 75 63 20 1579 33 17 0 0 0 3000 0 0 59 299 53 20 18 761 1884 43 70 238 145 0 27 2673 0 3000 0 91 29 0 0 86 0 61 32 55 216 0 238 17 0 0 11 0 31 799 421 3000 0 9 279 9 28 183 2664 46 166 644 406 8 168 0 
26 1318 810 134 13 1049 36 14 1545 57 360 8 287 65 0 91 8 309 29 1701 960 0 0 0 54 154 11 157 3000 43 430 1601 203 16 0 0 86 3000 3000 975 89 112 546 12 26 1065 0 120 139 131 9 1016 74 297 153 624 0 760 531 1131 0 32 255 13 323 0 927 40 13 0 146 170 153 38 93 0 0 384 75 181 
10 8 311 417 95 0 440 2233 172 17 87 74 58 27 0 0 29 0 0 89 908 0 0 54 0 0 43 58 10 22 0 1041 25 22 0 0 0 0 0 13 0 0 3000 71 549 0 0 1704 859 2268 773 513 147 0 3000 11 0 341 372 96 0 314 67 9 34 0 75 66 65 0 16 0 511 690 131 0 78 140 594 29 
871 362 0 397 0 418 101 0 0 0 10 40 384 0 11 670 169 168 2193 43 191 8 3000 154 0 0 0 0 816 31 9 256 0 68 81 650 40 1122 1460 77 673 3000 135 16 0 38 0 0 635 0 9 223 2968 36 50 260 268 0 0 0 0 9 218 0 0 9 129 411 0 0 15 60 0 136 63 86 0 172 1917 169 
519 27 2367 142 101 0 499 15 25 1682 11 87 8 166 0 9 78 107 0 0 978 0 0 11 43 0 0 1221 9 12 0 259 17 3000 0 0 0 0 0 0 12 0 2599 506 47 0 448 56 401 175 12 3000 842 0 844 322 0 1062 15 122 9 0 0 3000 34 0 0 0 18 3000 0 0 40 2977 197 0 28 0 48 493 
76 14 19 1472 16 0 560 66 23 149 91 1056 1091 2200 0 0 1803 0 0 0 1966 0 0 157 58 0 1221 0 111 90 0 61 0 0 0 0 0 0 0 819 0 0 9 46 355 0 0 8 749 3000 245 51 27 0 2368 571 0 39 97 28 0 10 210 42 74 0 41 32 503 0 0 0 2402 60 1227 0 0 42 77 22 
2247 492 49 14 248 190 71 1555 996 14 963 17 11 26 40 3000 2537 53 27 149 7 31 59 3000 10 816 9 111 0 84 34 54 8 3000 23 347 159 22 29 0 269 177 256 1394 21 32 86 184 61 100 135 137 196 112 401 413 66 53 52 17 73 186 23 36 40 114 0 464 8 339 1144 240 213 10 41 19 29 14 7 51 
202 1114 243 386 80 30 24 458 37 40 255 37 2136 53 11 1032 112 1191 526 384 269 17 299 43 22 31 12 90 84 0 251 450 97 97 229 0 53 33 31 53 24 21 3000 147 41 36 561 465 102 163 59 76 13 51 44 12 14 67 1039 70 1322 36 51 29 66 0 644 11 39 1042 266 22 573 9 15 1069 40 19 135 48 
0 0 0 1324 0 8 10 0 138 0 0 310 469 16 10 113 68 498 203 128 122 113 53 430 0 9 0 0 34 251 0 908 9 81 2340 2156 147 10 788 0 1601 30 1261 1040 0 475 110 0 39 0 115 8 729 334 135 0 2532 2325 0 0 211 49 47 0 359 22 0 230 0 12 191 11 0 101 19 97 405 13 665 12 
657 37 16 150 10 382 312 53 668 394 172 90 614 103 754 1449 555 16 1349 982 8 892 20 1601 1041 256 259 61 54 450 908 0 1275 148 1173 145 48 76 3000 13 9 11 75 142 23 142 333 28 953 72 46 50 14 213 40 72 116 685 9 58 3000 3000 463 161 276 35 588 78 129 1867 193 948 757 32 23 405 10 282 23 55 
68 0 340 488 535 690 340 0 18 259 39 603 215 452 365 217 80 200 1085 108 19 100 18 203 25 0 17 0 8 97 9 1275 0 19 14 0 11 697 385 0 231 3000 172 278 1409 0 796 22 1723 195 21 406 100 1061 62 0 156 68 17 0 22 0 0 376 603 0 0 18 132 30 93 0 2063 20 187 0 12 122 112 11 
107 139 80 334 9 189 24 22 1320 0 13 581 93 1063 24 118 38 73 442 1670 11 697 761 16 22 68 3000 0 3000 97 81 148 19 0 116 42 97 52 59 1138 95 18 30 429 8 65 66 0 24 25 80 116 16 55 51 58 13 31 224 23 3000 16 155 594 174 45 218 43 32 148 9 1787 202 72 18 268 422 254 270 133 
0 0 0 31 0 125 0 0 0 0 0 139 26 0 267 46 1500 11 127 62 84 3000 1884 0 0 81 0 0 23 229 2340 1173 14 116 0 139 695 114 30 0 136 268 460 1713 0 698 17 0 0 0 0 2983 0 197 1896 0 955 0 0 0 263 0 578 0 0 195 0 588 0 580 111 114 0 0 22 26 0 8 90 0 
0 0 0 179 0 139 0 0 0 0 0 0 67 0 223 385 0 2191 341 446 187 11 43 0 0 650 0 0 347 0 2156 145 0 42 139 0 130 13 205 0 426 917 0 35 0 225 0 0 0 0 0 858 0 33 88 0 206 0 0 0 3000 0 619 0 0 128 0 1149 0 0 18 562 0 0 0 250 0 26 0 0 
85 0 0 242 0 35 57 0 0 0 207 27 47 0 374 41 33 12 21 693 334 168 70 86 0 40 0 0 159 53 147 48 11 97 695 130 0 2790 158 475 36 23 76 17 0 972 0 0 1030 0 33 612 30 39 20 0 25 0 0 0 25 31 11 0 0 32 39 12 0 0 203 12 0 802 344 746 0 31 796 0 
14 80 231 62 0 51 10 0 0 0 77 2481 67 0 100 3000 2251 166 122 46 56 118 238 3000 0 1122 0 0 22 33 10 76 697 52 114 13 2790 0 9 585 51 220 121 14 0 24 0 0 1349 0 21 3000 237 188 13 753 213 0 0 0 303 16 31 0 0 18 27 452 0 0 174 7 0 41 16 713 0 63 23 434 
30 72 120 246 0 55 45 0 0 0 50 183 513 0 140 898 41 87 141 75 151 3000 145 3000 0 1460 0 0 29 31 788 3000 385 59 30 205 158 9 0 996 29 35 37 1460 0 32 0 0 2330 0 2893 1077 131 244 173 3000 275 0 0 0 34 970 49 0 0 436 909 2314 0 0 192 269 0 320 350 12 0 23 2581 348 
223 21 0 298 134 0 176 9 0 0 231 0 2201 0 0 0 0 0 140 3000 77 0 0 975 13 77 0 819 0 53 0 13 0 1138 0 0 475 585 996 0 0 30 10 10 89 163 0 0 8 0 7 556 18 0 676 11 0 0 0 195 0 547 235 0 0 0 120 334 0 0 39 101 0 146 0 0 0 143 168 3000 
109 0 23 2275 205 44 98 0 7 46 260 77 3000 72 95 582 88 3000 77 310 17 47 27 89 0 673 12 0 269 24 1601 9 231 95 136 426 36 51 29 0 0 104 97 50 0 914 257 0 2149 11 640 522 929 23 52 0 9 11 3000 0 617 0 39 1406 504 180 0 108 11 568 23 12 606 72 138 2556 437 85 1858 43 
26 30 20 85 768 3000 42 0 52 0 96 28 306 30 126 400 68 486 35 78 69 91 2673 112 0 3000 0 0 177 21 30 11 3000 18 268 917 23 220 35 30 104 0 12 375 0 81 1664 0 777 25 96 121 21 141 262 43 584 2096 116 0 2033 9 3000 0 1632 9 112 302 1600 27 259 686 1951 165 943 1216 233 193 23 804 
256 20 31 218 31 3000 54 422 393 85 710 3000 98 1187 0 940 41 107 200 3000 129 0 0 546 3000 135 2599 9 256 3000 1261 75 172 30 460 0 76 121 37 10 97 12 0 303 437 28 0 26 10 23 22 236 81 523 248 142 21 170 454 1520 0 1192 82 129 44 0 606 9 71 0 801 351 20 77 277 0 43 566 269 57 
128 1041 97 8 20 203 518 22 178 112 97 10 20 1009 32 806 55 37 100 1505 74 477 3000 12 71 16 506 46 1394 147 1040 142 278 429 1713 35 17 14 1460 10 50 375 303 0 61 9 685 63 35 57 94 129 9 946 38 1448 380 1311 1563 471 40 8 111 154 729 164 115 16 77 66 66 794 117 206 110 12 207 57 96 12 
62 213 44 13 404 0 596 66 70 29 55 39 155 9 0 0 76 0 0 0 14 0 0 26 549 0 47 355 21 41 0 23 1409 8 0 0 0 0 0 89 0 0 437 61 0 0 0 42 261 694 122 8 37 0 575 1752 0 440 23 31 0 12 1444 101 1114 0 59 36 116 0 22 0 868 214 474 0 272 709 270 392 
56 101 0 137 0 10 604 0 0 0 582 151 802 0 329 145 1015 79 9 18 187 563 91 1065 0 38 0 0 32 36 475 142 0 65 698 225 972 24 32 163 914 81 28 9 0 0 0 0 1210 0 512 1944 215 94 36 11 233 0 0 0 0 16 98 0 0 61 16 265 0 0 78 3000 0 325 107 152 0 472 45 431 
0 0 843 0 64 0 497 0 867 43 0 166 43 9 0 31 158 340 0 0 25 532 29 0 0 0 448 0 86 561 110 333 796 66 17 0 0 0 0 0 257 1664 0 685 0 0 0 33 0 982 0 55 51 110 15 0 54 43 2213 0 201 0 0 21 830 0 0 0 3000 824 33 0 24 81 178 0 2277 0 0 167 
29 64 47 3000 50 0 2638 23 76 40 83 141 95 838 0 0 496 0 0 0 25 0 0 120 1704 0 56 8 184 465 0 28 22 0 0 0 0 0 0 0 0 0 26 63 42 0 33 0 513 18 166 9 565 0 1546 53 0 98 1767 151 0 0 0 21 8 0 0 0 460 0 0 0 12 253 55 0 212 0 32 75 
25 476 71 298 306 366 31 121 148 28 15 282 55 309 0 28 366 18 18 93 26 0 0 139 859 635 401 749 61 102 39 953 1723 24 0 0 1030 1349 2330 8 2149 777 10 35 261 1210 0 513 0 2497 15 241 19 167 42 351 0 114 220 258 0 54 193 93 104 0 2611 125 351 0 388 1497 246 254 1306 0 301 2343 139 442 
1210 0 47 257 14 0 75 93 317 422 402 11 267 131 0 2986 292 35 0 0 242 0 86 131 2268 0 175 3000 100 163 0 72 195 25 0 0 0 0 0 0 11 25 23 57 694 0 982 18 2497 0 62 24 17 69 1082 0 1371 230 2277 1170 39 0 0 77 92 0 0 0 170 180 93 0 127 1838 80 0 80 0 33 1653 
25 963 53 135 38 272 362 196 54 51 78 244 1055 14 0 164 631 1425 202 763 107 0 0 9 773 9 12 245 135 59 115 46 21 80 0 0 33 21 2893 7 640 96 22 94 122 512 0 166 15 62 0 101 7 43 24 27 0 290 320 21 0 59 19 975 2020 0 11 479 42 0 11 961 722 1066 35 0 0 26 65 164 
31 9 8 15 26 388 704 104 16 20 276 40 20 133 79 2795 16 195 331 11 1112 120 61 1016 513 223 3000 51 137 76 8 50 406 116 2983 858 612 3000 1077 556 522 121 236 129 8 1944 55 9 241 24 101 0 449 10 369 8 236 31 110 1178 22 1844 49 53 645 60 952 93 67 44 73 246 676 13 115 219 165 106 1158 225 
8 154 178 1272 8 110 31 1029 116 762 3000 38 2570 9 0 342 31 885 251 795 42 0 32 74 147 2968 842 27 196 13 729 14 100 16 0 0 30 237 131 18 929 21 81 9 37 215 51 565 19 17 7 449 0 9 182 14 14 137 708 8 465 8 8 2915 23 0 27 74 19 525 179 63 245 1262 3000 0 708 372 766 62 
464 0 1320 152 0 124 8 0 221 0 3000 178 126 121 14 17 15 112 3000 172 40 823 55 297 0 36 0 0 112 51 334 213 1061 55 197 33 39 188 244 0 23 141 523 946 0 94 110 0 167 69 43 10 9 0 164 0 133 158 0 0 137 243 11 1165 50 14 0 945 50 162 629 64 338 757 10 91 25 29 1658 172 
59 13 17 369 555 1031 32 21 197 297 609 68 68 146 52 134 108 42 1015 310 397 16 216 153 3000 50 844 2368 401 44 135 40 62 51 1896 88 20 13 173 676 52 262 248 38 575 36 15 1546 42 1082 24 369 182 164 0 15 224 21 82 1347 20 70 25 192 3000 8 47 188 559 55 53 275 80 428 43 463 42 969 165 11 
14 27 45 95 37 0 8 216 0 740 1193 241 409 0 0 0 252 0 238 196 597 0 0 624 11 260 322 571 413 12 0 72 0 58 0 0 0 753 3000 11 0 43 142 1448 1752 11 0 53 351 0 27 8 14 0 15 0 0 104 191 828 0 56 312 0 0 0 21 322 0 0 2586 680 0 8 67 0 0 92 23 291 
0 0 0 384 0 11 0 0 53 0 0 26 281 119 999 42 15 819 65 12 22 10 238 0 0 268 0 0 66 14 2532 116 156 13 955 206 25 213 275 0 9 584 21 380 0 233 54 0 0 1371 0 236 14 133 224 0 0 862 0 0 40 0 347 0 292 95 0 32 0 16 99 883 778 254 10 663 159 1742 403 0 
1101 41 242 3000 1721 208 915 608 92 22 211 18 75 65 0 1415 320 30 0 0 162 0 17 760 341 0 1062 39 53 67 2325 685 68 31 0 0 0 0 0 0 11 2096 170 1311 440 0 43 98 114 230 290 31 137 158 21 104 862 0 563 91 16 0 0 214 379 0 0 35 728 384 1866 0 112 393 120 0 118 248 9 112 
10 16 261 408 36 0 44 34 704 378 11 9 97 236 0 12 63 1062 0 0 82 0 0 531 372 0 15 97 52 1039 0 9 17 224 0 0 0 0 0 0 3000 116 454 1563 23 0 2213 1767 220 2277 320 110 708 0 82 191 0 563 0 982 0 85 0 145 211 0 0 1729 853 207 683 0 21 187 32 0 254 184 37 1345 
11 662 170 693 31 0 126 219 27 23 37 1147 269 647 0 0 39 0 0 9 1157 0 0 1131 96 0 122 28 17 70 0 58 0 23 0 0 0 0 0 195 0 0 1520 471 31 0 0 151 258 1170 21 1178 8 0 1347 828 0 91 982 0 0 147 631 138 14 0 28 270 83 0 159 84 10 503 713 0 0 254 7 267 
0 0 0 0 0 316 0 0 1226 0 0 14 60 177 86 532 82 8 17 0 85 154 11 0 0 0 9 0 73 1322 211 3000 22 3000 263 3000 25 303 34 0 617 2033 0 40 0 0 201 0 0 39 0 22 465 137 20 0 40 16 0 0 0 0 0 34 34 85 0 0 474 2631 66 0 66 1685 35 65 753 0 0 2004 
61 73 11 155 23 18 7 68 0 0 3000 0 153 0 0 0 0 122 47 29 2830 0 0 32 314 9 0 10 186 36 49 3000 0 16 0 0 31 16 970 547 0 9 1192 8 12 16 0 0 54 0 59 1844 8 243 70 56 0 0 85 147 0 0 23 0 0 0 428 40 0 0 3000 48 0 75 3000 10 0 49 18 382 
848 11 633 127 25 580 696 132 0 0 7 142 114 0 168 107 382 48 29 142 253 56 31 255 67 218 0 210 23 51 47 463 0 155 578 619 11 31 49 235 39 3000 82 111 1444 98 0 0 193 0 19 49 8 11 25 312 347 0 0 631 0 23 0 0 0 71 57 294 0 0 273 12 0 10 18 22 0 345 74 25 
65 0 3000 0 527 0 2863 477 9 39 57 215 210 30 0 23 35 25 0 0 227 0 799 13 9 0 3000 42 36 29 0 161 376 594 0 0 0 0 0 0 1406 0 129 154 101 0 21 21 93 77 975 53 2915 1165 192 0 0 214 145 138 34 0 0 0 1165 0 0 0 83 649 0 0 37 51 11 0 484 0 744 65 
32 0 31 41 1695 0 24 39 128 410 10 487 160 22 0 11 136 15 0 0 129 0 421 323 34 0 34 74 40 66 359 276 603 174 0 0 0 0 0 0 504 1632 44 729 1114 0 830 8 104 92 2020 645 23 50 3000 0 292 379 211 14 34 0 0 1165 0 0 0 0 7 138 705 0 451 548 383 0 389 0 379 302 
0 0 0 995 0 622 0 0 0 0 0 0 599 0 1189 97 0 254 951 1491 9 183 3000 0 0 9 0 0 114 0 22 35 0 45 195 128 32 18 436 0 180 9 0 164 0 61 0 0 0 0 0 60 0 14 8 0 95 0 0 0 85 0 71 0 0 0 0 34 0 0 95 66 0 0 0 62 0 12 70 0 
142 119 7 1270 931 55 54 691 0 0 117 0 26 0 0 0 0 0 2000 82 16 0 0 927 75 129 0 41 0 644 0 588 0 218 0 0 39 27 909 120 0 112 606 115 59 16 0 0 2611 0 11 952 27 0 47 21 0 0 0 28 0 428 57 0 0 0 0 1265 0 0 56 383 0 28 0 178 0 48 199 410 
22 390 731 107 367 51 187 72 0 0 15 24 289 0 58 168 22 1957 13 98 555 835 9 40 66 411 0 32 464 11 230 78 18 43 588 1149 12 452 2314 334 108 302 9 16 36 265 0 0 125 0 479 93 74 945 188 322 32 35 1729 270 0 40 294 0 0 34 1265 0 0 0 14 425 0 22 87 22 0 328 1155 64 
444 0 104 32 183 0 2406 51 1565 219 58 18 605 134 0 602 16 47 0 0 14 0 279 13 65 0 18 503 8 39 0 129 132 32 0 0 0 0 0 0 11 1600 71 77 116 0 3000 460 351 170 42 67 19 50 559 0 0 728 853 83 474 0 0 83 7 0 0 0 0 13 41 0 21 330 262 0 13 0 141 1266 
0 0 123 0 0 487 0 0 98 144 0 148 785 367 401 329 101 202 0 0 16 2798 9 0 0 0 3000 0 339 1042 12 1867 30 148 580 0 0 0 0 0 568 27 0 66 0 0 824 0 0 180 0 44 525 162 55 0 16 384 207 0 2631 0 0 649 138 0 0 0 13 0 1243 0 366 9 27 0 1774 0 0 22 
2112 581 9 86 68 631 94 26 10 0 36 487 3000 3000 194 3000 421 77 73 797 1981 69 28 146 16 15 0 0 1144 266 191 193 93 9 111 18 203 174 192 39 23 259 801 66 22 78 33 0 388 93 11 73 179 629 53 2586 99 1866 683 159 66 3000 273 0 705 95 56 14 41 1243 0 3000 146 1377 87 38 22 14 305 30 
8 24 0 32 0 143 31 89 0 0 14 1150 101 0 48 33 221 1318 42 14 866 105 183 170 0 60 0 0 240 22 11 948 0 1787 114 562 12 7 269 101 12 686 351 794 0 3000 0 0 1497 0 961 246 63 64 275 680 883 0 0 84 0 48 12 0 0 66 383 425 0 0 3000 0 0 31 76 34 0 227 441 733 
89 0 1210 271 59 0 79 325 122 441 86 1632 439 921 0 530 34 219 0 0 3000 0 2664 153 511 0 40 2402 213 573 0 757 2063 202 0 0 0 0 0 0 606 1951 20 117 868 0 24 12 246 127 722 676 245 338 80 0 778 112 21 10 66 0 0 37 451 0 0 0 21 366 146 0 0 152 963 0 145 0 77 324 
80 59 237 69 146 1386 35 343 1214 73 1664 29 271 12 0 44 125 657 574 39 20 0 46 38 690 136 2977 60 10 9 101 32 20 72 0 0 802 41 320 146 72 165 77 206 214 325 81 253 254 1838 1066 13 1262 757 428 8 254 393 187 503 1685 75 10 51 548 0 28 22 330 9 1377 31 152 0 200 0 56 414 70 44 
176 8 366 90 343 1059 19 70 376 188 33 37 36 1509 165 163 25 280 1788 320 48 54 166 93 131 63 197 1227 41 15 19 23 187 18 22 0 344 16 350 0 138 943 277 110 474 107 178 55 1306 80 35 115 3000 10 43 67 10 120 32 713 35 3000 18 11 383 0 0 87 262 27 87 76 963 200 0 379 61 49 323 39 
0 0 0 75 0 9 0 0 0 0 0 38 36 0 50 86 0 173 1072 50 14 185 644 0 0 86 0 0 19 1069 97 405 0 268 26 250 746 713 12 0 2556 1216 0 12 0 152 0 0 0 0 0 219 0 91 463 0 663 0 0 0 65 10 22 0 0 62 178 22 0 0 38 34 0 0 379 0 0 123 523 0 
13 0 7 0 242 0 184 0 1762 1560 13 2973 40 21 0 109 25 405 0 0 17 36 406 0 78 0 28 0 29 40 405 10 12 422 0 0 0 0 0 0 437 233 43 207 272 0 2277 212 301 80 0 165 708 25 42 0 159 118 254 0 753 0 0 484 389 0 0 0 13 1774 22 0 145 56 61 0 0 0 0 247 
16 64 60 264 8 29 3000 179 180 0 70 553 18 0 55 18 55 279 9 64 255 399 8 384 140 172 0 42 14 19 13 282 122 254 8 26 31 63 23 143 85 193 566 57 709 472 0 0 2343 0 26 106 372 29 969 92 1742 248 184 254 0 49 345 0 0 12 48 328 0 0 14 227 0 414 49 123 0 0 131 18 
296 102 862 48 416 22 151 70 313 8 8 371 751 40 125 21 15 176 18 224 17 118 168 75 594 1917 48 77 7 135 665 23 112 270 90 0 796 23 2581 168 1858 23 269 96 270 45 0 32 139 33 65 1158 766 1658 165 23 403 9 37 7 0 18 74 744 379 70 199 1155 141 0 305 441 77 70 323 523 0 131 0 563 
12 213 111 99 26 0 100 895 21 35 368 120 151 86 0 249 274 40 10 495 143 0 0 181 29 169 493 22 51 48 12 55 11 133 0 0 0 434 348 3000 43 804 57 12 392 431 167 75 442 1653 164 225 62 172 11 291 0 112 1345 267 2004 382 25 65 302 0 410 64 1266 22 30 733 324 44 39 0 247 18 563 0 
