80
0 40 17 39 63 43 78 47 19 18 13 55 24 75 58 63 36 65 73 60 81 71 9 71 23 65 44 90 79 76 9 58 17 57 56 39 58 96 51 37 25 72 19 78 70 33 65 42 31 45 63 77 19 29 81 49 5 95 71 41 14 6 62 58 80 89 16 14 63 42 20 33 57 56 73 84 52 71 61 15 
40 0 49 33 60 5 42 29 57 56 27 38 33 38 22 47 40 27 60 24 50 61 35 37 30 37 47 53 55 39 39 45 35 18 18 16 34 57 42 5 42 41 59 38 59 38 30 11 34 6 38 37 59 12 45 11 35 56 54 4 53 39 51 18 42 49 33 37 24 25 58 7 21 18 53 48 25 47 45 26 
17 49 0 55 53 54 91 62 28 24 25 71 41 80 70 59 29 71 89 72 95 64 15 74 22 65 60 94 94 81 11 74 15 64 67 43 58 103 47 46 16 86 20 85 87 27 69 54 27 55 78 86 22 40 85 59 18 101 87 52 22 12 79 67 91 95 17 13 73 43 26 43 69 63 70 96 66 87 58 24 
39 33 55 0 87 31 50 12 45 46 33 17 15 68 35 78 63 57 35 36 47 91 41 69 47 70 15 82 41 68 45 19 48 48 37 46 67 81 70 36 57 39 53 63 33 60 62 24 56 33 27 58 51 26 76 32 38 81 32 30 45 43 24 43 56 75 45 47 46 55 48 30 32 49 85 55 21 34 76 35 
63 60 53 87 0 64 96 88 80 77 58 97 78 62 79 22 26 59 119 80 107 13 54 52 42 39 99 68 114 63 54 103 46 60 73 44 34 85 18 55 38 99 73 75 118 29 53 70 32 64 97 80 75 62 61 69 59 82 113 63 74 57 109 67 90 78 48 48 72 35 79 58 79 58 29 100 85 106 22 55 
43 5 54 31 64 0 38 26 59 59 30 34 33 38 17 50 45 27 56 19 45 65 39 38 34 39 45 53 50 38 43 41 40 18 14 20 37 55 46 10 47 36 62 36 56 43 31 7 39 2 33 34 62 14 45 6 38 54 50 2 56 43 48 15 38 48 37 41 21 29 60 10 16 18 56 43 21 42 49 30 
78 42 91 50 96 38 0 38 91 92 67 37 61 44 21 77 81 39 49 19 14 93 76 51 72 61 61 52 30 43 80 43 77 36 25 55 63 42 78 47 84 14 97 30 51 80 46 37 76 36 26 22 96 50 51 32 75 42 40 39 89 80 48 29 11 39 75 79 24 63 93 48 22 38 78 6 29 27 76 67 
47 29 62 12 88 26 38 0 55 57 38 9 25 60 25 76 65 50 32 26 36 90 48 62 51 65 24 74 32 60 52 16 53 41 28 44 63 71 70 34 62 28 63 53 30 62 55 19 58 27 16 48 61 27 68 25 45 71 26 26 55 50 22 35 45 65 50 53 37 53 58 29 22 42 81 43 10 24 74 40 
19 57 28 45 80 59 91 55 0 4 31 62 31 94 72 82 54 83 75 74 91 89 28 90 42 84 43 108 85 94 27 62 35 74 71 58 78 114 70 55 42 83 11 95 72 52 84 56 50 61 72 93 9 45 100 64 25 112 75 57 6 24 64 74 95 106 35 33 79 62 3 50 70 74 92 97 63 79 81 33 
18 56 24 46 77 59 92 57 4 0 30 64 32 93 72 80 52 82 77 74 93 86 26 88 39 82 46 107 87 93 25 64 33 74 71 56 76 113 68 54 39 84 8 94 74 49 82 56 48 61 73 93 6 44 98 64 23 111 77 57 3 22 67 74 95 105 32 30 79 60 2 49 70 73 90 97 64 80 78 32 
13 27 25 33 58 30 67 38 31 30 0 47 21 63 46 55 32 52 67 48 71 65 9 59 16 54 42 77 70 63 13 52 15 44 44 27 48 84 44 25 25 62 32 65 65 29 53 30 26 32 54 64 32 17 69 36 8 82 64 29 26 13 57 45 68 76 12 14 51 32 32 20 45 43 64 72 42 62 53 4 
55 38 71 17 97 34 37 9 62 64 47 0 32 66 28 84 74 56 23 29 31 99 57 68 60 73 25 79 23 65 61 8 62 48 33 53 71 74 79 42 71 24 70 57 22 72 61 27 68 35 11 51 69 36 73 32 54 74 17 34 62 59 15 41 45 69 59 62 41 62 65 38 26 49 89 41 14 17 82 49 
24 33 41 15 78 33 61 25 31 32 21 32 0 71 43 72 52 60 49 45 61 84 28 69 37 67 21 85 55 71 31 34 35 50 43 41 63 88 63 34 45 52 38 68 46 49 62 28 46 35 41 65 37 22 78 36 24 86 47 32 30 29 38 48 65 80 33 34 52 49 33 28 41 50 81 66 32 49 70 24 
75 38 80 68 62 38 44 60 94 93 63 66 71 0 38 40 58 11 86 37 58 55 68 9 58 22 83 15 71 1 71 73 65 21 33 37 28 24 46 39 67 53 94 15 86 58 11 44 55 36 59 22 95 50 8 36 70 22 78 39 90 73 80 25 34 17 64 68 25 38 95 44 40 21 37 45 52 65 40 61 
58 22 70 35 79 17 21 25 72 72 46 28 43 38 0 62 62 28 49 2 28 78 55 41 52 48 48 50 37 37 59 36 57 22 6 36 48 47 60 27 64 20 77 29 49 60 35 17 56 16 22 24 76 30 45 11 54 46 40 19 70 59 43 14 23 41 54 58 13 44 74 27 3 23 65 26 15 29 61 46 
63 47 59 78 22 50 77 76 82 80 55 84 72 40 62 0 30 39 107 63 89 16 54 31 41 18 91 47 99 41 55 91 47 41 56 32 14 63 13 42 43 82 78 54 106 32 33 57 32 50 83 59 79 52 39 53 58 60 100 50 77 58 98 49 71 56 48 50 54 23 82 47 63 40 11 81 71 91 2 51 
36 40 29 63 26 45 81 65 54 52 32 74 52 58 62 30 0 51 96 63 90 35 28 50 16 39 73 69 94 59 27 80 20 47 57 26 32 82 17 35 13 81 49 67 94 3 47 49 7 46 77 70 50 38 61 50 32 80 91 44 48 31 86 53 78 74 21 22 59 20 53 37 61 46 41 86 64 86 28 29 
65 27 71 57 59 27 39 50 83 82 52 56 60 11 28 39 51 0 77 28 52 55 58 13 49 22 72 26 64 11 62 64 56 9 23 28 25 32 42 28 59 46 84 16 77 50 7 33 48 25 50 20 84 39 19 25 60 30 69 28 79 63 70 15 32 24 54 58 17 31 84 33 30 9 39 42 42 57 38 50 
73 60 89 35 119 56 49 32 75 77 67 23 49 86 49 107 96 77 0 49 38 121 76 90 81 95 32 98 21 85 80 16 82 69 54 76 94 90 101 65 92 36 84 75 3 93 83 50 89 57 27 68 83 58 94 54 72 91 9 57 77 78 11 62 60 86 79 82 61 85 78 61 47 71 112 53 36 23 105 70 
60 24 72 36 80 19 19 26 74 74 48 29 45 37 2 63 63 28 49 0 27 78 57 41 53 48 50 49 36 36 61 37 58 22 6 37 49 45 61 29 66 20 79 27 50 61 35 19 57 18 22 22 78 32 45 13 56 45 41 20 72 61 44 14 21 39 56 60 12 45 76 29 4 23 66 24 16 29 61 48 
81 50 95 47 107 45 14 36 91 93 71 31 61 58 28 89 90 52 38 27 0 105 80 64 79 73 56 66 17 57 84 35 83 48 34 64 75 55 88 55 91 9 98 44 40 88 59 42 84 44 20 36 97 55 64 39 78 56 30 46 91 84 39 40 25 53 80 84 36 72 94 54 28 50 91 15 29 17 88 71 
71 61 64 91 13 65 93 90 89 86 65 99 84 55 78 16 35 55 121 78 105 0 62 46 49 33 104 60 114 56 62 105 54 57 72 46 30 77 21 56 48 98 84 69 120 38 48 71 40 65 98 75 85 65 53 68 67 74 115 65 83 65 112 65 86 71 55 57 70 37 88 61 78 55 19 96 86 106 17 61 
9 35 15 41 54 39 76 48 28 26 9 57 28 68 55 54 28 58 76 57 80 62 0 63 14 56 49 82 79 69 4 60 8 51 52 31 50 90 43 32 17 71 26 72 74 25 58 39 22 41 63 72 27 25 74 45 5 88 73 37 23 5 65 53 76 82 7 6 59 34 28 28 54 50 64 81 51 72 53 9 
71 37 74 69 52 38 51 62 90 88 59 68 69 9 41 31 50 13 90 41 64 46 63 0 52 13 83 19 77 10 66 76 59 21 36 32 20 33 38 36 60 59 90 23 90 50 7 44 48 36 63 30 90 48 11 37 65 30 81 38 85 68 83 28 42 26 58 62 29 31 90 42 43 20 29 53 54 70 31 56 
23 30 22 47 42 34 72 51 42 39 16 60 37 58 52 41 16 49 81 53 79 49 14 52 0 44 57 71 81 58 15 65 7 42 48 21 37 81 29 25 12 70 39 64 79 13 47 37 10 36 64 65 40 24 62 40 18 79 77 33 36 18 71 46 71 73 7 10 52 21 41 25 51 41 51 77 51 73 39 13 
65 37 65 70 39 39 61 65 84 82 54 73 67 22 48 18 39 22 95 48 73 33 56 13 44 0 84 31 84 23 59 80 51 26 42 27 8 46 25 34 51 67 82 36 95 40 15 47 38 38 69 42 83 46 22 41 59 43 87 40 79 61 87 34 53 39 50 54 38 22 84 40 49 25 18 64 59 77 17 51 
44 47 60 15 99 45 61 24 43 46 42 25 21 83 48 91 73 72 32 50 56 104 49 83 57 84 0 97 45 83 52 21 56 63 51 59 80 95 83 50 66 49 53 77 29 70 76 39 67 47 36 72 51 39 90 47 44 95 33 45 45 49 22 58 68 89 54 55 60 68 46 44 46 63 99 66 34 40 89 45 
90 53 94 82 68 53 52 74 108 107 77 79 85 15 50 47 69 26 98 49 66 60 82 19 71 31 97 0 82 15 85 86 79 35 46 51 38 18 56 53 80 63 109 23 99 70 25 59 68 51 71 30 109 65 9 50 84 15 89 54 104 87 93 39 42 15 77 81 38 51 109 59 53 35 41 52 65 76 47 75 
79 55 94 41 114 50 30 32 85 87 70 23 55 71 37 99 94 64 21 36 17 114 79 77 81 84 45 82 0 71 83 24 84 58 42 70 85 72 96 60 93 18 93 59 24 92 71 45 88 50 17 52 92 57 79 46 76 73 14 51 86 82 25 50 41 69 81 84 47 79 88 57 36 60 102 32 30 8 97 71 
76 39 81 68 63 38 43 60 94 93 63 65 71 1 37 41 59 11 85 36 57 56 69 10 58 23 83 15 71 0 72 73 66 21 33 38 30 23 47 39 68 53 95 14 86 59 12 44 56 36 59 21 95 50 8 36 70 21 77 39 90 74 80 25 33 16 64 68 24 39 95 45 39 21 38 44 51 65 41 61 
9 39 11 45 54 43 80 52 27 25 13 61 31 71 59 55 27 62 80 61 84 62 4 66 15 59 52 85 83 72 0 64 8 54 56 34 52 94 43 35 16 75 24 76 77 25 61 43 23 44 67 76 24 29 76 49 7 92 77 41 21 3 69 56 80 86 8 5 62 36 27 32 58 53 66 85 55 76 54 13 
58 45 74 19 103 41 43 16 62 64 52 8 34 73 36 91 80 64 16 37 35 105 60 76 65 80 21 86 24 73 64 0 66 55 40 60 79 81 85 49 76 29 71 64 15 77 69 34 73 42 17 58 70 42 81 39 57 81 13 41 63 62 7 48 52 76 63 66 49 69 65 45 34 56 97 47 22 19 90 54 
17 35 15 48 46 40 77 53 35 33 15 62 35 65 57 47 20 56 82 58 83 54 8 59 7 51 56 79 84 66 8 66 0 49 53 28 44 88 35 31 10 74 32 70 80 17 54 41 15 41 67 71 32 28 70 46 13 86 79 38 30 11 71 52 77 80 3 3 58 29 35 29 56 48 57 83 55 76 45 13 
57 18 64 48 60 18 36 41 74 74 44 48 50 21 22 41 47 9 69 22 48 57 51 21 42 26 63 35 58 21 54 55 49 0 16 22 27 40 42 19 54 41 76 21 69 46 14 24 43 16 43 23 76 30 28 16 52 38 62 19 71 55 62 8 31 32 47 51 13 27 76 24 23 2 44 40 34 51 40 42 
56 18 67 37 73 14 25 28 71 71 44 33 43 33 6 56 57 23 54 6 34 72 52 36 48 42 51 46 42 33 56 40 53 16 0 31 43 45 55 23 60 26 75 26 54 55 29 15 51 12 27 22 75 28 41 8 52 44 46 15 69 57 47 8 24 38 51 55 9 39 73 24 7 17 60 30 19 35 55 43 
39 16 43 46 44 20 55 44 58 56 27 53 41 37 36 32 26 28 76 37 64 46 31 32 21 27 59 51 70 38 34 60 28 22 31 0 22 60 26 11 32 56 57 43 75 25 27 26 21 20 53 45 58 20 42 25 33 58 69 19 53 36 66 27 52 52 26 30 33 9 58 15 36 20 40 60 41 62 30 24 
58 34 58 67 34 37 63 63 78 76 48 71 63 28 48 14 32 25 94 49 75 30 50 20 37 8 80 38 85 30 52 79 44 27 43 22 0 52 18 31 43 68 75 41 93 32 19 44 31 37 69 46 76 42 30 40 53 50 87 37 72 54 85 35 57 45 44 47 40 16 78 36 49 25 18 67 58 77 13 45 
96 57 103 81 85 55 42 71 114 113 84 74 88 24 47 63 82 32 90 45 55 77 90 33 81 46 95 18 72 23 94 81 88 40 45 60 52 0 70 59 91 55 116 19 92 82 35 60 79 53 65 23 116 69 24 51 91 3 81 57 110 95 87 40 31 8 86 90 36 62 115 64 50 40 58 40 62 68 63 82 
51 42 47 70 18 46 78 70 70 68 44 79 63 46 60 13 17 42 101 61 88 21 43 38 29 25 83 56 96 47 43 85 35 42 55 26 18 70 0 37 31 81 66 58 100 19 37 52 20 46 79 62 67 45 47 50 47 68 95 45 65 46 92 49 73 63 36 38 54 17 70 41 61 40 23 82 67 88 11 41 
37 5 46 36 55 10 47 34 55 54 25 42 34 39 27 42 35 28 65 29 55 56 32 36 25 34 50 53 60 39 35 49 31 19 23 11 31 59 37 0 37 46 57 41 64 33 29 15 29 11 43 40 57 12 45 16 32 57 59 9 51 36 56 21 46 51 29 33 27 20 56 6 27 19 49 52 30 52 41 23 
25 42 16 57 38 47 84 62 42 39 25 71 45 67 64 43 13 59 92 66 91 48 17 60 12 51 66 80 93 68 16 76 10 54 60 32 43 91 31 37 0 82 36 74 90 11 56 49 12 48 76 76 37 36 71 53 22 89 88 45 36 19 81 58 83 83 13 11 64 29 40 37 63 52 54 90 63 85 42 22 
72 41 86 39 99 36 14 28 83 84 62 24 52 53 20 82 81 46 36 20 9 98 71 59 70 67 49 63 18 53 75 29 74 41 26 56 68 55 81 46 82 0 89 41 37 79 53 33 75 35 13 33 88 46 61 31 69 55 27 37 82 74 34 33 24 51 71 75 30 64 85 45 20 43 85 18 20 13 81 62 
19 59 20 53 73 62 97 63 11 8 32 70 38 94 77 78 49 84 84 79 98 84 26 90 39 82 53 109 93 95 24 71 32 76 75 57 75 116 66 57 36 89 0 97 81 47 84 60 46 64 79 96 2 48 100 67 24 114 84 60 8 22 74 77 99 108 32 29 83 60 8 52 75 75 89 102 69 87 77 34 
78 38 85 63 75 36 30 53 95 94 65 57 68 15 29 54 67 16 75 27 44 69 72 23 64 36 77 23 59 14 76 64 70 21 26 43 41 19 58 41 74 41 97 0 76 66 21 41 63 34 49 7 97 50 21 32 73 18 66 38 91 77 71 21 20 12 69 72 17 47 96 45 31 23 52 31 44 53 53 64 
70 59 87 33 118 56 51 30 72 74 65 22 46 86 49 106 94 77 3 50 40 120 74 90 79 95 29 99 24 86 77 15 80 69 54 75 93 92 100 64 90 37 81 76 0 92 83 49 88 57 28 69 80 56 94 54 70 92 11 56 74 75 9 62 61 87 77 79 62 84 75 60 47 71 111 54 36 24 104 68 
33 38 27 60 29 43 80 62 52 49 29 72 49 58 60 32 3 50 93 61 88 38 25 50 13 40 70 70 92 59 25 77 17 46 55 25 32 82 19 33 11 79 47 66 92 0 47 47 4 44 75 69 48 36 61 48 29 80 89 42 46 28 83 52 77 74 18 19 58 20 51 34 59 45 43 84 62 84 30 26 
65 30 69 62 53 31 46 55 84 82 53 61 62 11 35 33 47 7 83 35 59 48 58 7 47 15 76 25 71 12 61 69 54 14 29 27 19 35 37 29 56 53 84 21 83 47 0 37 45 29 57 27 84 41 16 30 60 32 75 31 79 63 76 21 38 27 53 57 24 27 85 35 37 13 32 49 47 64 32 51 
42 11 54 24 70 7 37 19 56 56 30 27 28 44 17 57 49 33 50 19 42 71 39 44 37 47 39 59 45 44 43 34 41 24 15 26 44 60 52 15 49 33 60 41 49 47 37 0 43 8 28 38 60 14 52 9 38 59 43 7 53 43 41 20 39 53 39 42 24 35 58 13 15 24 63 42 15 37 55 30 
31 34 27 56 32 39 76 58 50 48 26 68 46 55 56 32 7 48 89 57 84 40 22 48 10 38 67 68 88 56 23 73 15 43 51 21 31 79 20 29 12 75 46 63 88 4 45 43 0 40 70 66 47 32 59 45 27 77 85 38 44 26 79 48 73 71 16 18 54 17 49 30 55 41 43 81 58 80 31 22 
45 6 55 33 64 2 36 27 61 61 32 35 35 36 16 50 46 25 57 18 44 65 41 36 36 38 47 51 50 36 44 42 41 16 12 20 37 53 46 11 48 35 64 34 57 44 29 8 40 0 33 32 64 16 43 5 40 52 50 4 58 45 49 13 36 46 39 43 18 29 63 12 16 16 55 42 21 42 48 32 
63 38 78 27 97 33 26 16 72 73 54 11 41 59 22 83 77 50 27 22 20 98 63 63 64 69 36 71 17 59 67 17 67 43 27 53 69 65 79 43 76 13 79 49 28 75 57 28 70 33 0 42 78 40 67 29 60 65 18 34 71 66 23 36 35 60 64 67 34 62 74 40 20 45 87 30 13 9 81 55 
77 37 86 58 80 34 22 48 93 93 64 51 65 22 24 59 70 20 68 22 36 75 72 30 65 42 72 30 52 21 76 58 71 23 22 45 46 23 62 40 76 33 96 7 69 69 27 38 66 32 42 0 96 48 28 29 72 23 60 36 90 77 65 19 12 18 69 73 14 50 95 44 26 24 58 23 38 46 59 63 
19 59 22 51 75 62 96 61 9 6 32 69 37 95 76 79 50 84 83 78 97 85 27 90 40 83 51 109 92 95 24 70 32 76 75 58 76 116 67 57 37 88 2 97 80 48 84 60 47 64 78 96 0 47 100 67 25 114 83 60 7 22 72 77 99 108 33 30 82 61 6 52 74 75 90 101 68 85 78 34 
29 12 40 26 62 14 50 27 45 44 17 36 22 50 30 52 38 39 58 32 55 65 25 48 24 46 39 65 57 50 29 42 28 30 28 20 42 69 45 12 36 46 48 50 56 36 41 14 32 16 40 48 47 0 57 20 24 67 53 13 42 29 48 29 52 61 25 28 35 29 46 6 28 30 60 56 27 49 50 16 
81 45 85 76 61 45 51 68 100 98 69 73 78 8 45 39 61 19 94 45 64 53 74 11 62 22 90 9 79 8 76 81 70 28 41 42 30 24 47 45 71 61 100 21 94 61 16 52 59 43 67 28 100 57 0 44 76 21 85 46 95 78 88 33 41 18 69 72 33 42 100 51 48 28 34 52 59 73 39 66 
49 11 59 32 69 6 32 25 64 64 36 32 36 36 11 53 50 25 54 13 39 68 45 37 40 41 47 50 46 36 49 39 46 16 8 25 40 51 50 16 53 31 67 32 54 48 30 9 45 5 29 29 67 20 44 0 44 50 47 8 61 49 46 11 32 44 43 47 16 34 66 16 11 17 58 37 18 38 52 36 
5 35 18 38 59 38 75 45 25 23 8 54 24 70 54 58 32 60 72 56 78 67 5 65 18 59 44 84 76 70 7 57 13 52 52 33 53 91 47 32 22 69 24 73 70 29 60 38 27 40 60 72 25 24 76 44 0 89 70 37 20 6 61 53 76 83 11 11 59 37 25 28 53 51 68 80 49 69 56 9 
95 56 101 81 82 54 42 71 112 111 82 74 86 22 46 60 80 30 91 45 56 74 88 30 79 43 95 15 73 21 92 81 86 38 44 58 50 3 68 57 89 55 114 18 92 80 32 59 77 52 65 23 114 67 21 50 89 0 82 55 108 93 87 39 32 6 84 88 35 60 113 62 49 39 56 41 61 68 60 80 
71 54 87 32 113 50 40 26 75 77 64 17 47 78 40 100 91 69 9 41 30 115 73 81 77 87 33 89 14 77 77 13 79 62 46 69 87 81 95 59 88 27 84 66 11 89 75 43 85 50 18 60 83 53 85 47 70 82 0 50 76 75 12 54 51 77 76 78 53 79 78 55 39 63 105 44 29 14 98 66 
41 4 52 30 63 2 39 26 57 57 29 34 32 39 19 50 44 28 57 20 46 65 37 38 33 40 45 54 51 39 41 41 38 19 15 19 37 57 45 9 45 37 60 38 56 42 31 7 38 4 34 36 60 13 46 8 37 55 50 0 54 41 48 17 39 49 36 39 22 29 59 9 18 19 56 45 22 43 48 28 
14 53 22 45 74 56 89 55 6 3 26 62 30 90 70 77 48 79 77 72 91 83 23 85 36 79 45 104 86 90 21 63 30 71 69 53 72 110 65 51 36 82 8 91 74 46 79 53 44 58 71 90 7 42 95 61 20 108 76 54 0 18 66 71 92 102 29 27 76 57 5 46 68 70 87 95 62 79 75 29 
6 39 12 43 57 43 80 50 24 22 13 59 29 73 59 58 31 63 78 61 84 65 5 68 18 61 49 87 82 74 3 62 11 55 57 36 54 95 46 36 19 74 22 77 75 28 63 43 26 45 66 77 22 29 78 49 6 93 75 41 18 0 67 57 81 87 11 8 63 38 24 33 58 54 68 85 54 74 56 13 
62 51 79 24 109 48 48 22 64 67 57 15 38 80 43 98 86 70 11 44 39 112 65 83 71 87 22 93 25 80 69 7 71 62 47 66 85 87 92 56 81 34 74 71 9 83 76 41 79 49 23 65 72 48 88 46 61 87 12 48 66 67 0 55 57 82 69 71 55 76 68 51 40 63 104 52 29 23 96 59 
58 18 67 43 67 15 29 35 74 74 45 41 48 25 14 49 53 15 62 14 40 65 53 28 46 34 58 39 50 25 56 48 52 8 8 27 35 40 49 21 58 33 77 21 62 52 21 20 48 13 36 19 77 29 33 11 53 39 54 17 71 57 55 0 25 33 50 54 6 34 76 25 15 10 52 33 27 43 48 44 
80 42 91 56 90 38 11 45 95 95 68 45 65 34 23 71 78 32 60 21 25 86 76 42 71 53 68 42 41 33 80 52 77 31 24 52 57 31 73 46 83 24 99 20 61 77 38 39 73 36 35 12 99 52 41 32 76 32 51 39 92 81 57 25 0 28 75 78 19 59 97 48 25 33 70 11 35 37 70 68 
89 49 95 75 78 48 39 65 106 105 76 69 80 17 41 56 74 24 86 39 53 71 82 26 73 39 89 15 69 16 86 76 80 32 38 52 45 8 63 51 83 51 108 12 87 74 27 53 71 46 60 18 108 61 18 44 83 6 77 49 102 87 82 33 28 0 78 82 29 54 107 56 43 33 52 38 56 64 56 74 
16 33 17 45 48 37 75 50 35 32 12 59 33 64 54 48 21 54 79 56 80 55 7 58 7 50 54 77 81 64 8 63 3 47 51 26 44 86 36 29 13 71 32 69 77 18 53 39 16 39 64 69 33 25 69 43 11 84 76 36 29 11 69 50 75 78 0 4 56 28 34 27 53 46 58 80 52 73 46 10 
14 37 13 47 48 41 79 53 33 30 14 62 34 68 58 50 22 58 82 60 84 57 6 62 10 54 55 81 84 68 5 66 3 51 55 30 47 90 38 33 11 75 29 72 79 19 57 42 18 43 67 73 30 28 72 47 11 88 78 39 27 8 71 54 78 82 4 0 60 31 32 31 57 50 60 84 55 76 48 12 
63 24 73 46 72 21 24 37 79 79 51 41 52 25 13 54 59 17 61 12 36 70 59 29 52 38 60 38 47 24 62 49 58 13 9 33 40 36 54 27 64 30 83 17 62 58 24 24 54 18 34 14 82 35 33 16 59 35 53 22 76 63 55 6 19 29 56 60 0 40 81 30 15 15 55 28 27 41 53 50 
42 25 43 55 35 29 63 53 62 60 32 62 49 38 44 23 20 31 85 45 72 37 34 31 21 22 68 51 79 39 36 69 29 27 39 9 16 62 17 20 29 64 60 47 84 20 27 35 17 29 62 50 61 29 42 34 37 60 79 29 57 38 76 34 59 54 28 31 40 0 62 24 44 26 32 67 50 71 22 29 
20 58 26 48 79 60 93 58 3 2 32 65 33 95 74 82 53 84 78 76 94 88 28 90 41 84 46 109 88 95 27 65 35 76 73 58 78 115 70 56 40 85 8 96 75 51 85 58 49 63 74 95 6 46 100 66 25 113 78 59 5 24 68 76 97 107 34 32 81 62 0 51 72 75 92 99 65 82 80 34 
33 7 43 30 58 10 48 29 50 49 20 38 28 44 27 47 37 33 61 29 54 61 28 42 25 40 44 59 57 45 32 45 29 24 24 15 36 64 41 6 37 45 52 45 60 34 35 13 30 12 40 44 52 6 51 16 28 62 55 9 46 33 51 25 48 56 27 31 30 24 51 0 26 24 55 53 28 49 46 19 
57 21 69 32 79 16 22 22 70 70 45 26 41 40 3 63 61 30 47 4 28 78 54 43 51 49 46 53 36 39 58 34 56 23 7 36 49 50 61 27 63 20 75 31 47 59 37 15 55 16 20 26 74 28 48 11 53 49 39 18 68 58 40 15 25 43 53 57 15 44 72 26 0 25 67 28 12 28 62 45 
56 18 63 49 58 18 38 42 74 73 43 49 50 21 23 40 46 9 71 23 50 55 50 20 41 25 63 35 60 21 53 56 48 2 17 20 25 40 40 19 52 43 75 23 71 45 13 24 41 16 45 24 75 30 28 17 51 39 63 19 70 54 63 10 33 33 46 50 15 26 75 24 25 0 42 42 35 52 38 42 
73 53 70 85 29 56 78 81 92 90 64 89 81 37 65 11 41 39 112 66 91 19 64 29 51 18 99 41 102 38 66 97 57 44 60 40 18 58 23 49 54 85 89 52 111 43 32 63 43 55 87 58 90 60 34 58 68 56 105 56 87 68 104 52 70 52 58 60 55 32 92 55 67 42 0 81 76 95 12 61 
84 48 96 55 100 43 6 43 97 97 72 41 66 45 26 81 86 42 53 24 15 96 81 53 77 64 66 52 32 44 85 47 83 40 30 60 67 40 82 52 90 18 102 31 54 84 49 42 81 42 30 23 101 56 52 37 80 41 44 45 95 85 52 33 11 38 80 84 28 67 99 53 28 42 81 0 34 30 80 72 
52 25 66 21 85 21 29 10 63 64 42 14 32 52 15 71 64 42 36 16 29 86 51 54 51 59 34 65 30 51 55 22 55 34 19 41 58 62 67 30 63 20 69 44 36 62 47 15 58 21 13 38 68 27 59 18 49 61 29 22 62 54 29 27 35 56 52 55 27 50 65 28 12 35 76 34 0 22 69 43 
71 47 87 34 106 42 27 24 79 80 62 17 49 65 29 91 86 57 23 29 17 106 72 70 73 77 40 76 8 65 76 19 76 51 35 62 77 68 88 52 85 13 87 53 24 84 64 37 80 42 9 46 85 49 73 38 69 68 14 43 79 74 23 43 37 64 73 76 41 71 82 49 28 52 95 30 22 0 90 64 
61 45 58 76 22 49 76 74 81 78 53 82 70 40 61 2 28 38 105 61 88 17 53 31 39 17 89 47 97 41 54 90 45 40 55 30 13 63 11 41 42 81 77 53 104 30 32 55 31 48 81 59 78 50 39 52 56 60 98 48 75 56 96 48 70 56 46 48 53 22 80 46 62 38 12 80 69 90 0 49 
15 26 24 35 55 30 67 40 33 32 4 49 24 61 46 51 29 50 70 48 71 61 9 56 13 51 45 75 71 61 13 54 13 42 43 24 45 82 41 23 22 62 34 64 68 26 51 30 22 32 55 63 34 16 66 36 9 80 66 28 29 13 59 44 68 74 10 12 50 29 34 19 45 42 61 72 43 64 49 0 
0 49 27 73 61 112 14 54 56 378 21 131 127 66 834 965 248 88 672 24 0 35 10 82 313 8 344 34 0 0 63 1349 7 38 45 290 138 39 499 41 0 8 20 12 560 72 500 183 82 0 0 92 70 38 58 50 0 870 847 66 15 40 161 25 98 0 176 0 0 11 66 14 58 10 3000 713 87 16 49 32 
49 0 24 192 1738 70 40 1308 11 36 0 1316 30 0 29 3000 108 215 880 364 0 16 1122 78 0 45 2022 61 22 38 0 368 19 9 377 86 0 0 13 309 218 254 84 0 114 0 122 14 58 96 583 0 10 809 0 390 30 3000 165 13 14 25 112 0 0 290 10 169 47 3000 2047 121 39 275 8 919 0 71 25 25 
27 24 0 676 184 0 0 531 153 0 18 31 104 0 9 35 0 0 15 26 0 228 62 3000 30 239 765 119 19 0 0 144 0 0 63 229 0 275 94 653 376 37 27 0 433 0 385 146 23 0 0 0 43 606 85 9 12 10 33 10 167 34 0 79 22 153 0 117 343 397 0 27 190 2829 13 24 52 1092 10 2634 
73 192 676 0 1173 1768 0 310 10 203 0 14 10 0 1077 813 0 0 98 20 0 132 51 409 270 421 1227 307 10 0 0 549 0 0 38 40 0 70 877 69 69 23 677 0 37 0 186 15 9 0 193 0 127 90 0 101 7 165 454 873 21 1094 0 0 205 48 16 325 61 592 921 61 189 28 60 54 0 110 46 1814 
61 1738 184 1173 0 539 37 439 63 19 0 2910 141 20 90 1725 19 186 454 13 0 45 816 10 223 1096 40 8 1564 0 444 165 621 23 9 11 221 680 132 49 118 485 122 0 144 0 82 230 9 80 148 0 36 244 12 363 312 15 9 1847 147 21 52 236 1640 479 2178 32 21 9 240 15 8 263 17 769 75 41 61 129 
112 70 0 1768 539 0 25 711 3000 86 18 140 2858 10 7 0 11 10 61 11 20 299 428 0 0 93 55 0 213 2955 3000 444 94 56 19 65 838 152 9 14 0 3000 0 39 0 0 0 22 474 8 63 15 322 129 520 38 31 16 0 383 0 180 32 59 0 300 34 0 2727 2860 146 401 57 153 3000 0 30 125 8 18 
14 40 0 0 37 25 0 1749 255 13 0 68 0 16 0 0 1906 1488 10 9 59 0 18 0 0 11 40 0 12 220 1430 852 11 126 692 2066 18 22 169 0 0 61 0 0 0 0 0 155 58 151 244 0 0 16 0 8 83 0 0 15 0 350 663 10 0 203 586 0 497 681 28 21 323 22 0 0 24 14 60 31 
54 1308 531 310 439 711 1749 0 276 95 587 3000 69 15 106 69 279 9 54 476 13 49 60 112 117 43 143 475 0 552 8 392 14 228 36 267 143 42 114 0 0 64 133 3000 271 780 82 1060 20 719 72 3000 9 215 24 12 207 52 8 51 0 726 1084 12 400 0 3000 0 0 192 88 8 29 89 22 0 1600 20 33 1543 
56 11 153 10 63 3000 255 276 0 21 2460 254 232 0 95 13 59 482 18 722 0 317 77 149 334 397 76 67 73 0 325 102 38 36 15 9 0 30 22 33 36 27 168 0 9 0 491 297 65 339 43 0 68 286 14 279 3000 25 675 121 3000 1671 3000 195 796 95 289 3000 268 63 21 142 24 296 3000 250 604 317 153 163 
378 36 0 203 19 86 13 95 21 0 0 38 10 24 0 0 23 1519 64 627 115 8 808 0 0 39 138 0 832 28 16 12 17 37 34 92 509 16 659 172 11 589 0 0 0 0 0 36 246 44 832 0 0 305 0 602 1376 1684 0 1080 0 566 18 154 0 40 191 0 19 17 43 166 160 3000 3000 0 50 42 69 28 
21 0 18 0 0 18 0 587 2460 0 0 0 173 92 12 0 66 104 66 0 0 0 1120 12 352 39 24 939 0 0 152 70 0 0 384 212 3000 58 107 0 0 121 55 16 12 22 0 11 364 0 0 7 21 0 64 0 0 86 65 124 0 46 13 2994 10 0 0 0 0 284 0 0 15 408 508 0 267 0 0 0 
131 1316 31 14 2910 140 68 3000 254 38 0 0 3000 0 18 2348 117 403 289 166 0 142 1109 89 57 36 96 522 37 0 0 19 11 375 8 135 0 95 83 105 1181 2787 22 0 8 0 35 43 40 564 458 0 13 270 0 34 64 528 72 38 265 23 27 0 111 127 34 14 74 35 138 101 76 161 975 311 84 72 683 89 
127 30 104 10 141 2858 0 69 232 10 173 3000 0 190 14 181 145 135 18 2337 0 32 9 55 1655 1019 791 386 0 0 13 149 0 107 51 1014 75 326 91 2104 0 326 134 13 1594 11 307 43 668 0 0 27 21 140 768 661 0 57 40 81 42 72 107 247 135 0 16 0 0 8 337 54 133 820 314 544 605 17 372 54 
66 0 0 0 20 10 16 15 0 24 92 0 190 0 12 0 314 24 114 0 152 0 13 0 0 527 14 0 0 2204 838 35 381 34 89 92 18 45 37 0 0 78 0 81 113 107 0 1532 34 9 208 512 22 0 7 8 0 2750 0 8 0 1016 14 349 1742 0 31 0 0 1602 151 0 124 227 0 0 171 415 0 0 
834 29 9 1077 90 7 0 106 95 0 12 18 14 12 0 313 597 232 288 1000 0 45 109 537 1014 761 106 35 0 0 450 87 0 0 9 24 511 65 113 125 0 930 477 530 1034 470 3000 12 40 0 0 306 279 143 674 22 0 316 14 114 417 470 770 115 9 0 0 0 0 808 0 452 138 16 1262 8 45 47 483 0 
965 3000 35 813 1725 0 0 69 13 0 0 2348 181 0 313 0 0 0 2753 3000 0 21 69 367 249 3000 2897 339 402 0 0 148 0 0 10 16 0 191 573 916 75 85 15 0 53 0 137 67 3000 0 78 0 3000 3000 0 47 48 50 74 76 966 46 0 0 9 62 50 103 109 206 0 93 468 43 351 831 0 26 902 253 
248 108 0 0 19 11 1906 279 59 23 66 117 145 314 597 0 0 64 357 218 229 489 43 0 0 152 30 0 58 519 246 55 127 24 30 21 20 12 9 0 0 25 0 220 0 1270 0 58 72 262 227 48 161 11 20 233 70 96 0 315 0 19 64 105 0 0 1224 0 15 267 15 309 34 74 649 0 26 31 936 501 
88 215 0 0 186 10 1488 9 482 1519 104 403 135 24 232 0 64 0 451 235 425 0 3000 0 0 235 447 0 3000 26 833 242 3000 830 2274 11 41 705 7 0 0 22 0 18 0 25 0 74 27 22 145 11 84 1083 64 237 98 100 0 17 0 359 443 22 0 0 1028 0 161 428 30 41 363 17 0 0 661 37 86 312 
672 880 15 98 454 61 10 54 18 64 66 289 18 114 288 2753 357 451 0 103 0 2204 9 46 229 21 241 10 44 0 107 42 15 424 17 67 67 626 303 308 0 57 525 13 267 90 194 489 619 390 141 27 3000 17 239 16 384 422 33 414 599 238 124 334 105 1334 28 66 129 48 24 586 17 17 23 38 2667 14 228 22 
24 364 26 20 13 11 9 476 722 627 0 166 2337 0 1000 3000 218 235 103 0 0 894 8 587 0 3000 59 9 3000 0 0 1190 18 824 118 12 0 0 194 234 423 29 114 0 10 0 9 14 0 50 427 0 0 60 0 607 18 9 1028 235 10 37 0 0 0 13 69 1242 224 139 361 33 520 22 133 36 0 80 116 126 
0 0 0 0 0 20 59 13 0 115 0 0 0 152 0 0 229 425 0 0 0 0 0 0 0 7 113 0 0 821 35 0 10 174 0 18 1170 0 118 0 0 20 0 0 0 0 0 36 14 142 572 0 0 0 0 270 12 0 0 0 0 0 26 17 0 0 15 0 178 0 170 0 979 652 0 0 0 47 124 253 
35 16 228 132 45 299 0 49 317 8 0 142 32 0 45 21 489 0 2204 894 0 0 35 267 691 84 24 38 1176 0 0 15 0 0 202 167 0 0 55 37 39 3000 40 0 23 0 801 99 90 0 19 0 728 20 0 423 23 73 246 107 296 2312 0 0 64 73 164 825 15 150 23 62 13 17 54 3000 0 154 234 65 
10 1122 62 51 816 428 18 60 77 808 1120 1109 9 13 109 69 43 3000 9 8 0 35 0 226 30 254 828 3000 163 0 29 541 11 115 3000 169 188 200 773 14 0 3000 12 169 36 27 26 62 198 0 198 2085 657 399 95 13 78 261 193 9 1045 766 222 112 149 338 620 0 0 863 461 25 45 14 2147 874 421 66 83 60 
82 78 3000 409 10 0 0 112 149 0 12 89 55 0 537 367 0 0 46 587 0 267 226 0 988 17 9 333 0 0 154 21 0 0 430 695 0 318 434 91 0 12 168 8 110 20 9 31 23 0 0 691 39 41 134 0 0 129 319 348 245 46 0 136 247 0 0 0 0 11 0 379 2831 211 293 645 3000 77 0 0 
313 0 30 270 223 0 0 117 334 0 352 57 1655 0 1014 249 0 0 229 0 0 691 30 988 0 135 111 80 0 0 428 17 0 0 11 85 0 229 0 1472 0 474 1681 3000 2490 29 58 25 123 0 0 8 3000 15 53 0 0 17 142 1220 9 573 0 99 834 0 0 0 0 32 0 51 195 698 104 1018 15 0 0 0 
8 45 239 421 1096 93 11 43 397 39 39 36 1019 527 761 3000 152 235 21 3000 7 84 254 17 135 0 13 15 71 436 215 1346 53 85 313 159 192 22 9 145 198 37 199 30 13 0 47 1343 103 360 12 135 40 36 44 14 1016 43 43 697 50 39 10 175 820 402 23 198 274 10 125 2946 505 74 25 9 249 53 706 69 
344 2022 765 1227 40 55 40 143 76 138 24 96 791 14 106 2897 30 447 241 59 113 24 828 9 111 13 0 29 199 3000 3000 38 28 123 21 623 158 63 23 38 10 68 78 0 15 0 24 9 8 450 43 0 33 10 1363 1015 10 296 81 71 343 148 63 736 54 8 3000 458 57 836 1019 26 2159 1151 40 771 132 555 2222 1993 
34 61 119 307 8 0 0 475 67 0 939 522 386 0 35 339 0 0 10 9 0 38 3000 333 80 15 29 0 368 0 0 63 0 0 55 101 0 293 1929 10 0 60 777 0 550 0 582 1908 1288 0 0 0 45 3000 77 96 492 7 13 15 222 180 0 26 176 573 0 409 0 77 0 92 11 780 208 679 111 75 150 111 
0 22 19 10 1564 213 12 0 73 832 0 37 0 0 0 402 58 3000 44 3000 0 1176 163 0 0 71 199 368 0 0 0 1411 352 131 30 0 0 0 229 58 33 202 0 0 0 0 71 0 0 34 81 0 0 3000 0 16 8 21 451 227 478 218 0 0 0 774 117 19 746 52 805 257 52 2220 170 287 0 601 485 64 
0 38 0 0 0 2955 220 552 0 28 0 0 0 2204 0 0 519 26 0 0 821 0 0 0 0 436 3000 0 0 0 12 0 101 99 0 0 2843 0 45 0 0 34 0 0 0 0 0 319 1333 57 24 0 0 0 0 97 1170 0 0 0 0 0 36 0 0 0 785 0 878 0 900 0 42 36 0 0 0 16 1121 16 
63 0 0 0 444 3000 1430 8 325 16 152 0 13 838 450 0 246 833 107 0 35 0 29 154 428 215 3000 0 0 12 0 22 22 41 54 32 8 177 2412 0 0 181 23 627 323 39 0 41 41 2162 0 289 324 0 1208 17 0 45 153 29 0 9 25 13 63 0 96 0 0 26 17 0 358 29 0 0 202 149 0 0 
1349 368 144 549 165 444 852 392 102 12 70 19 149 35 87 148 55 242 42 1190 0 15 541 21 17 1346 38 63 1411 0 22 0 81 24 14 633 1316 93 460 1017 0 236 1839 878 315 19 1101 91 169 83 12 56 55 110 987 286 514 10 54 23 148 100 42 95 145 945 128 0 3000 23 250 671 45 2347 238 1957 8 25 3000 386 
7 19 0 0 621 94 11 14 38 17 0 11 0 381 0 0 127 3000 15 18 10 0 11 0 0 53 28 0 352 101 22 81 0 42 24 516 796 66 241 0 0 865 0 0 0 0 0 343 254 45 31 10 0 1218 0 12 1465 0 0 356 0 69 21 137 0 0 252 0 155 40 34 16 628 15 0 0 178 31 160 11 
38 9 0 0 23 56 126 228 36 37 0 375 107 34 0 0 24 830 424 824 174 0 115 0 0 85 123 0 131 99 41 24 42 0 117 58 348 14 242 0 0 84 0 0 0 0 0 1011 91 9 162 0 0 11 0 374 62 0 0 114 0 239 110 234 0 12 3000 0 1066 136 121 46 115 118 0 0 355 21 65 93 
45 377 63 38 9 19 692 36 15 34 384 8 51 89 9 10 30 2274 17 118 0 202 3000 430 11 313 21 55 30 0 54 14 24 117 0 181 28 3000 16 432 32 23 64 13 278 0 442 50 1682 833 305 13 46 1074 74 215 1961 3000 33 49 37 21 19 375 214 27 51 9 293 53 1202 71 313 10 115 593 10 31 20 8 
290 86 229 40 11 65 2066 267 9 92 212 135 1014 92 24 16 21 11 67 12 18 167 169 695 85 159 623 101 0 0 32 633 516 58 181 0 324 187 524 20 0 31 25 1014 155 47 128 58 14 15 225 50 41 26 328 339 0 86 10 573 392 31 1476 50 46 0 13 0 0 480 405 428 25 172 12 1053 234 87 267 349 
138 0 0 0 221 838 18 143 0 509 3000 0 75 18 511 0 20 41 67 0 1170 0 188 0 0 192 158 0 0 2843 8 1316 796 348 28 324 0 69 74 0 0 140 0 62 71 318 0 62 175 9 166 379 139 0 20 233 0 90 0 536 0 29 17 41 160 0 509 0 0 200 406 0 19 111 0 0 42 211 0 0 
39 0 275 70 680 152 22 42 30 16 58 95 326 45 65 191 12 705 626 0 0 0 200 318 229 22 63 293 0 0 177 93 66 14 3000 187 69 0 1258 0 0 29 63 582 21 428 8 92 11 0 0 361 652 235 19 31 0 278 724 14 24 72 346 32 109 0 12 0 0 144 43 881 107 74 290 15 51 138 0 0 
499 13 94 877 132 9 169 114 22 659 107 83 91 37 113 573 9 7 303 194 118 55 773 434 0 9 23 1929 229 45 2412 460 241 242 16 524 74 1258 0 424 17 3000 0 0 227 0 53 211 43 19 215 0 109 3000 17 2668 44 37 3000 364 183 81 124 680 68 816 95 50 290 9 907 463 44 107 54 9 323 163 438 60 
41 309 653 69 49 14 0 0 33 172 0 105 2104 0 125 916 0 0 308 234 0 37 14 91 1472 145 38 10 58 0 0 1017 0 0 432 20 0 0 424 0 675 669 446 0 14 0 381 15 0 0 8 0 0 73 0 570 54 8 21 112 15 11 0 0 104 633 165 44 1423 218 7 804 1436 327 204 269 0 89 767 669 
0 218 376 69 118 0 0 0 36 11 0 1181 0 0 0 75 0 0 0 423 0 39 0 0 0 198 10 0 33 0 0 0 0 0 32 0 0 0 17 675 0 3000 0 0 0 0 47 0 0 243 99 0 0 44 0 197 146 0 0 0 0 2647 0 0 0 278 207 18 513 36 272 218 12 0 26 225 0 54 65 7 
8 254 37 23 485 3000 61 64 27 589 121 2787 326 78 930 85 25 22 57 29 20 3000 3000 12 474 37 68 60 202 34 181 236 865 84 23 31 140 29 3000 669 3000 0 88 0 1161 0 43 8 34 57 27 0 10 489 13 62 1715 125 592 260 463 14 122 1035 1669 7 90 23 1858 247 11 19 205 17 25 2004 305 42 1877 17 
20 84 27 677 122 0 0 133 168 0 55 22 134 0 477 15 0 0 525 114 0 40 12 168 1681 199 78 777 0 0 23 1839 0 0 64 25 0 63 0 446 0 88 0 10 196 11 10 29 315 0 0 773 36 35 35 0 0 12 72 110 2449 325 0 473 296 0 0 0 0 35 0 105 781 3000 52 7 395 0 0 0 
12 0 0 0 0 39 0 3000 0 0 16 0 13 81 530 0 220 18 13 0 0 0 169 8 3000 30 0 0 0 0 627 878 0 0 13 1014 62 582 0 0 0 0 10 0 260 412 0 258 115 0 0 49 284 0 962 0 0 16 31 12 0 22 56 44 36 0 0 0 0 28 0 0 172 138 0 0 999 0 0 0 
560 114 433 37 144 0 0 271 9 0 12 8 1594 113 1034 53 0 0 267 10 0 23 36 110 2490 13 15 550 0 0 323 315 0 0 278 155 71 21 227 14 0 1161 196 260 0 125 22 82 1067 0 0 219 96 127 63 106 0 42 68 141 37 97 0 276 58 0 0 0 0 223 0 122 27 39 66 197 388 844 11 0 
72 0 0 0 0 0 0 780 0 0 22 0 11 107 470 0 1270 25 90 0 0 0 27 20 29 0 0 0 0 0 39 19 0 0 0 47 318 428 0 0 0 0 11 412 125 0 0 10 18 0 0 41 108 0 58 0 0 114 37 184 0 0 15 18 607 0 0 0 0 13 0 0 0 49 0 0 44 0 0 0 
500 122 385 186 82 0 0 82 491 0 0 35 307 0 3000 137 0 0 194 9 0 801 26 9 58 47 24 582 71 0 0 1101 0 0 442 128 0 8 53 381 47 43 10 0 22 0 0 25 1713 0 88 0 68 37 0 311 267 8 159 7 12 16 0 0 466 51 118 34 114 3000 0 3000 363 81 29 234 0 478 286 253 
183 14 146 15 230 22 155 1060 297 36 11 43 43 1532 12 67 58 74 489 14 36 99 62 31 25 1343 9 1908 0 319 41 91 343 1011 50 58 62 92 211 15 0 8 29 258 82 10 25 0 51 284 106 224 36 76 67 24 0 3000 20 19 551 8 189 433 16 0 3000 0 0 77 38 14 140 20 45 39 76 257 950 119 
82 58 23 9 9 474 58 20 65 246 364 40 668 34 40 3000 72 27 619 0 14 90 198 23 123 103 8 1288 0 1333 41 169 254 91 1682 14 175 11 43 0 0 34 315 115 1067 18 1713 51 0 2429 50 56 14 11 13 207 0 43 31 34 207 719 106 33 943 0 53 0 0 193 73 698 275 52 761 85 22 408 317 226 
0 96 0 0 80 8 151 719 339 44 0 564 0 9 0 0 262 22 390 50 142 0 0 0 0 360 450 0 34 57 2162 83 45 9 833 15 9 0 19 0 243 57 0 0 0 0 0 284 2429 0 159 0 0 203 0 81 122 0 0 0 0 1615 26 0 0 39 41 0 254 228 90 17 117 171 0 0 0 3000 129 10 
0 583 0 193 148 63 244 72 43 832 0 458 0 208 0 78 227 145 141 427 572 19 198 0 0 12 43 0 81 24 0 12 31 162 305 225 166 0 215 8 99 27 0 0 0 0 88 106 50 159 0 0 0 427 0 355 107 0 0 125 0 96 13 0 0 848 40 146 8 2326 3000 23 108 269 13 0 0 28 73 578 
92 0 0 0 0 15 0 3000 0 0 7 0 27 512 306 0 48 11 27 0 0 0 2085 691 8 135 0 0 0 0 289 56 10 0 13 50 379 361 0 0 0 0 773 49 219 41 0 224 56 0 0 0 95 0 52 0 0 11 952 9 0 29 92 818 149 0 0 0 0 32 0 0 0 78 0 0 64 0 0 0 
70 10 43 127 36 322 0 9 68 0 21 13 21 22 279 3000 161 84 3000 0 0 728 657 39 3000 40 33 45 0 0 324 55 0 0 46 41 139 652 109 0 0 10 36 284 96 108 68 36 14 0 0 95 0 387 21 603 0 685 749 2230 98 217 22 85 569 0 0 0 0 14 0 1461 10 39 651 61 1119 819 0 0 
38 809 606 90 244 129 16 215 286 305 0 270 140 0 143 3000 11 1083 17 60 0 20 399 41 15 36 10 3000 3000 0 0 110 1218 11 1074 26 0 235 3000 73 44 489 35 0 127 0 37 76 11 203 427 0 387 0 946 9 7 66 35 1801 222 714 19 622 159 19 20 24 69 315 156 50 65 7 762 162 35 2601 436 28 
58 0 85 0 12 520 0 24 14 0 64 0 768 7 674 0 20 64 239 0 0 0 95 134 53 44 1363 77 0 0 1208 987 0 0 74 328 20 19 17 0 0 13 35 962 63 58 0 67 13 0 0 52 21 946 0 0 0 69 64 90 34 55 84 136 253 0 0 0 0 519 0 0 740 12 732 292 239 0 0 0 
50 390 9 101 363 38 8 12 279 602 0 34 661 8 22 47 233 237 16 607 270 423 13 0 0 14 1015 96 16 97 17 286 12 374 215 339 233 31 2668 570 197 62 0 0 106 0 311 24 207 81 355 0 603 9 0 0 30 75 38 24 0 50 187 1522 0 108 9 16 148 26 135 83 83 16 219 0 31 195 50 30 
0 30 12 7 312 31 83 207 3000 1376 0 64 0 0 0 48 70 98 384 18 12 23 78 0 0 1016 10 492 8 1170 0 514 1465 62 1961 0 0 0 44 54 146 1715 0 0 0 0 267 0 0 122 107 0 0 7 0 30 0 0 0 273 34 759 0 0 0 663 449 310 34 118 14 21 165 618 32 21 0 76 119 26 
870 3000 10 165 15 16 0 52 25 1684 86 528 57 2750 316 50 96 100 422 9 0 73 261 129 17 43 296 7 21 0 45 10 0 0 3000 86 90 278 37 8 0 125 12 16 42 114 8 3000 43 0 0 11 685 66 69 75 0 0 41 863 3000 10 171 24 144 68 3000 0 0 193 0 98 292 58 39 11 371 20 88 189 
847 165 33 454 9 0 0 8 675 0 65 72 40 0 14 74 0 0 33 1028 0 246 193 319 142 43 81 13 451 0 153 54 0 0 33 10 0 724 3000 21 0 592 72 31 68 37 159 20 31 0 0 952 749 35 64 38 0 41 0 8 563 224 0 9 1538 50 0 983 0 132 0 25 136 74 207 399 10 966 3000 262 
66 13 10 873 1847 383 15 51 121 1080 124 38 81 8 114 76 315 17 414 235 0 107 9 348 1220 697 71 15 227 0 29 23 356 114 49 573 536 14 364 112 0 260 110 12 141 184 7 19 34 0 125 9 2230 1801 90 24 273 863 8 0 451 105 35 346 517 67 1880 0 33 568 89 12 55 593 1621 2751 143 140 165 41 
15 14 167 21 147 0 0 0 3000 0 0 265 42 0 417 966 0 0 599 10 0 296 1045 245 9 50 343 222 478 0 0 148 0 0 37 392 0 24 183 15 0 463 2449 0 37 0 12 551 207 0 0 0 98 222 34 0 34 3000 563 451 0 619 0 0 354 27 0 3000 0 1839 0 103 741 19 47 22 2260 23 133 12 
40 25 34 1094 21 180 350 726 1671 566 46 23 72 1016 470 46 19 359 238 37 0 2312 766 46 573 39 148 180 218 0 9 100 69 239 21 31 29 72 81 11 2647 14 325 22 97 0 16 8 719 1615 96 29 217 714 55 50 759 10 224 105 619 0 40 2394 1084 326 218 276 1116 72 15 135 200 1632 111 229 17 20 151 164 
161 112 0 0 52 32 663 1084 3000 18 13 27 107 14 770 0 64 443 124 0 26 0 222 0 0 10 63 0 0 36 25 42 21 110 19 1476 17 346 124 0 0 122 0 56 0 15 0 189 106 26 13 92 22 19 84 187 0 171 0 35 0 40 0 65 0 0 595 0 0 396 1233 0 221 71 0 0 945 257 330 167 
25 0 79 0 236 59 10 12 195 154 2994 0 247 349 115 0 105 22 334 0 17 0 112 136 99 175 736 26 0 0 13 95 137 234 375 50 41 32 680 0 0 1035 473 44 276 18 0 433 33 0 0 818 85 622 136 1522 0 24 9 346 0 2394 65 0 10 0 161 0 0 18 92 0 3000 16 13 0 79 402 0 0 
98 0 22 205 1640 0 0 400 796 0 10 111 135 1742 9 9 0 0 105 0 0 64 149 247 834 820 54 176 0 0 63 145 0 0 214 46 160 109 68 104 0 1669 296 36 58 607 466 16 943 0 0 149 569 159 253 0 0 144 1538 517 354 1084 0 10 0 0 0 0 0 10 0 183 244 20 105 23 165 0 0 0 
0 290 153 48 479 300 203 0 95 40 0 127 0 0 0 62 0 0 1334 13 0 73 338 0 0 402 8 573 774 0 0 945 0 12 27 0 0 0 816 633 278 7 0 0 0 0 51 0 0 39 848 0 0 19 0 108 663 68 50 67 27 326 0 0 0 0 11 120 133 26 599 43 3000 1845 7 9 0 52 148 96 
176 10 0 16 2178 34 586 3000 289 191 0 34 16 31 0 50 1224 1028 28 69 15 164 620 0 0 23 3000 0 117 785 96 128 252 3000 51 13 509 12 95 165 207 90 0 0 0 0 118 3000 53 41 40 0 0 20 0 9 449 3000 0 1880 0 218 595 161 0 11 0 163 214 41 462 23 407 994 89 0 91 200 18 2668 
0 169 117 325 32 0 0 0 3000 0 0 14 0 0 0 103 0 0 66 1242 0 825 0 0 0 198 458 409 19 0 0 0 0 0 9 0 0 0 50 44 18 23 0 0 0 0 34 0 0 0 146 0 0 24 0 16 310 0 983 0 3000 276 0 0 0 120 163 0 32 172 54 306 156 0 178 196 0 3000 8 15 
0 47 343 61 21 2727 497 0 268 19 0 74 0 0 0 109 15 161 129 224 178 15 0 0 0 274 57 0 746 878 0 3000 155 1066 293 0 0 0 290 1423 513 1858 0 0 0 0 114 0 0 254 8 0 0 69 0 148 34 0 0 33 0 1116 0 0 0 133 214 32 0 1465 84 8 115 1863 13 17 0 26 16 255 
11 3000 397 592 9 2860 681 192 63 17 284 35 8 1602 808 206 267 428 48 139 0 150 863 11 32 10 836 77 52 0 26 23 40 136 53 480 200 144 9 218 36 247 35 28 223 13 3000 77 193 228 2326 32 14 315 519 26 118 193 132 568 1839 72 396 18 10 26 41 172 1465 0 203 83 124 382 42 18 271 613 815 203 
66 2047 0 921 240 146 28 88 21 43 0 138 337 151 0 0 15 30 24 361 170 23 461 0 0 125 1019 0 805 900 17 250 34 121 1202 405 406 43 907 7 272 11 0 0 0 0 0 38 73 90 3000 0 0 156 0 135 14 0 0 89 0 15 1233 92 0 599 462 54 84 203 0 77 1081 7 17 0 14 514 854 238 
14 121 27 61 15 401 21 8 142 166 0 101 54 0 452 93 309 41 586 33 0 62 25 379 51 2946 26 92 257 0 0 671 16 46 71 428 0 881 463 804 218 19 105 0 122 0 3000 14 698 17 23 0 1461 50 0 83 21 98 25 12 103 135 0 0 183 43 23 306 8 83 77 0 286 27 50 8 8 20 1607 2719 
58 39 190 189 8 57 323 29 24 160 15 76 133 124 138 468 34 363 17 520 979 13 45 2831 195 505 2159 11 52 42 358 45 628 115 313 25 19 107 44 1436 12 205 781 172 27 0 363 140 275 117 108 0 10 65 740 83 165 292 136 55 741 200 221 3000 244 3000 407 156 115 124 1081 286 0 33 116 144 37 139 17 28 
10 275 2829 28 263 153 22 89 296 3000 408 161 820 227 16 43 74 17 17 22 652 17 14 211 698 74 1151 780 2220 36 29 2347 15 118 10 172 111 74 107 327 0 17 3000 138 39 49 81 20 52 171 269 78 39 7 12 16 618 58 74 593 19 1632 71 16 20 1845 994 0 1863 382 7 27 33 0 17 1952 142 34 28 18 
3000 8 13 60 17 3000 0 22 3000 3000 508 975 314 0 1262 351 649 0 23 133 0 54 2147 293 104 25 40 208 170 0 0 238 0 0 115 12 0 290 54 204 26 25 52 0 66 0 29 45 761 0 13 0 651 762 732 219 32 39 207 1621 47 111 0 13 105 7 89 178 13 42 17 50 116 17 0 29 22 893 81 694 
713 919 24 54 769 0 0 0 250 0 0 311 544 0 8 831 0 0 38 36 0 3000 874 645 1018 9 771 679 287 0 0 1957 0 0 593 1053 0 15 9 269 225 2004 7 0 197 0 234 39 85 0 0 0 61 162 292 0 21 11 399 2751 22 229 0 0 23 9 0 196 17 18 0 8 144 1952 29 0 53 1331 217 321 
87 0 52 0 75 30 24 1600 604 50 267 84 605 171 45 0 26 661 2667 0 0 0 421 3000 15 249 132 111 0 0 202 8 178 355 10 234 42 51 323 0 0 305 395 999 388 44 0 76 22 0 0 64 1119 35 239 31 0 371 10 143 2260 17 945 79 165 0 91 0 0 271 14 8 37 142 22 53 0 899 0 0 
16 71 1092 110 41 125 14 20 317 42 0 72 17 415 47 26 31 37 14 80 47 154 66 77 0 53 555 75 601 16 149 25 31 21 31 87 211 138 163 89 54 42 0 0 844 0 478 257 408 3000 28 0 819 2601 0 195 76 20 966 140 23 20 257 402 0 52 200 3000 26 613 514 20 139 34 893 1331 899 0 8 8 
49 25 10 46 61 8 60 33 153 69 0 683 372 0 483 902 936 86 228 116 124 234 83 0 0 706 2222 150 485 1121 0 3000 160 65 20 267 0 0 438 767 65 1877 0 0 11 0 286 950 317 129 73 0 0 436 0 50 119 88 3000 165 133 151 330 0 0 148 18 8 16 815 854 1607 17 28 81 217 0 8 0 123 
32 25 2634 1814 129 18 31 1543 163 28 0 89 54 0 0 253 501 312 22 126 253 65 60 0 0 69 1993 111 64 16 0 386 11 93 8 349 0 0 60 669 7 17 0 0 0 0 253 119 226 10 578 0 0 28 0 30 26 189 262 41 12 164 167 0 0 96 2668 15 255 203 238 2719 28 18 694 321 0 8 123 0 
