80
0 48 10 23 23 17 52 44 27 30 63 56 49 25 30 62 72 64 32 35 27 6 10 23 19 33 13 32 36 22 53 58 17 16 58 61 11 66 46 34 45 43 50 63 51 13 23 23 58 70 37 59 16 16 14 77 61 37 19 49 2 8 20 55 71 34 85 49 68 15 52 47 77 15 54 32 61 70 70 38 
48 0 54 60 70 64 70 86 67 56 30 72 61 45 62 82 45 44 68 60 21 54 46 67 33 80 51 17 56 70 56 104 33 60 45 101 44 79 50 82 75 91 55 60 50 57 30 70 48 47 21 44 63 34 51 97 89 62 40 23 49 43 37 98 47 48 101 32 95 61 37 79 43 38 8 27 18 31 32 56 
10 54 0 14 16 16 45 35 18 23 65 49 43 35 22 54 72 63 23 28 34 8 9 26 28 30 7 37 30 20 49 50 25 20 57 52 11 59 43 30 36 37 46 59 48 17 32 23 57 70 40 58 16 25 22 68 52 30 28 52 8 11 21 46 71 43 77 50 59 18 52 38 78 17 60 34 65 73 73 47 
23 60 14 0 18 26 32 25 7 13 65 37 33 48 9 40 70 59 9 16 43 21 16 37 39 36 11 44 20 29 41 46 37 33 52 41 18 46 36 35 23 39 38 51 41 31 43 33 51 66 42 54 27 37 36 55 38 18 41 53 21 20 24 37 67 57 64 48 46 31 50 24 77 23 65 36 68 74 74 60 
23 70 16 18 0 13 49 25 16 31 80 54 51 44 26 56 86 76 23 34 50 17 25 23 41 18 21 53 38 13 59 35 39 22 70 42 26 63 54 17 36 22 56 69 59 22 45 17 69 83 55 71 15 39 29 68 50 36 40 67 21 26 36 33 84 52 78 64 57 19 66 35 93 33 75 49 81 88 88 53 
17 64 16 26 13 0 58 38 27 38 79 63 59 32 35 66 88 79 34 42 43 11 24 11 32 16 23 48 45 6 65 45 31 9 73 55 25 73 59 18 48 28 62 75 63 10 36 7 73 85 53 74 2 30 18 80 62 44 29 66 16 23 35 46 86 39 89 65 69 6 68 47 93 31 71 48 77 86 86 40 
52 70 45 32 49 58 0 39 34 22 60 5 11 76 23 12 57 46 26 17 60 52 42 70 63 67 39 57 16 61 21 64 60 64 38 45 43 14 22 65 16 66 20 27 26 62 66 65 36 52 49 40 59 61 65 28 22 14 68 52 51 46 40 50 53 85 34 43 26 63 41 21 66 43 71 43 70 69 69 89 
44 86 35 25 25 38 39 0 19 33 88 43 46 68 26 40 90 79 19 31 68 40 41 48 63 37 36 69 37 37 57 25 60 47 72 17 43 50 54 34 23 30 54 65 59 47 67 41 70 86 67 73 40 60 54 49 29 32 63 77 43 44 49 12 87 77 60 71 36 45 71 18 99 48 90 60 93 97 97 78 
27 67 18 7 16 27 34 19 0 18 72 38 37 52 12 40 76 65 7 19 49 24 22 38 45 33 17 50 24 28 45 39 42 34 58 35 24 47 41 31 21 34 42 55 46 33 49 32 57 72 49 59 28 42 39 53 35 21 46 59 26 26 31 30 73 61 63 55 43 32 56 21 83 30 72 43 75 80 80 64 
30 56 23 13 31 38 22 33 18 0 55 26 21 54 7 33 58 47 14 6 41 30 20 49 42 49 17 40 7 41 28 56 39 43 40 46 21 36 23 48 20 51 25 38 28 40 45 45 39 54 36 42 38 40 43 48 35 8 46 44 29 24 21 46 55 63 56 38 42 41 38 24 66 22 59 29 60 64 64 67 
63 30 65 65 80 79 60 88 72 55 0 60 49 70 62 70 15 19 69 58 42 68 56 86 55 95 59 34 52 84 40 111 54 78 24 101 54 64 38 95 71 102 41 40 35 75 54 86 26 18 26 22 78 55 71 84 82 58 63 13 64 56 44 101 18 75 84 18 86 78 19 76 14 48 24 31 15 9 9 83 
56 72 49 37 54 63 5 43 38 26 60 0 11 79 28 11 56 44 31 21 63 57 46 74 67 72 43 59 20 65 20 69 64 69 37 48 46 10 22 69 20 70 19 24 25 66 69 69 35 50 51 39 64 64 70 26 24 19 72 53 55 50 43 54 52 88 30 44 27 67 41 25 65 47 72 45 70 68 68 93 
49 61 43 33 51 59 11 46 37 21 49 11 0 71 25 22 47 35 30 17 53 51 39 69 58 69 37 48 14 62 11 72 55 63 27 55 39 19 11 68 24 70 9 19 15 61 60 66 26 41 40 30 59 56 63 37 33 16 63 41 48 42 34 58 43 80 41 33 37 62 31 30 56 38 61 34 59 58 58 85 
25 45 35 48 44 32 76 68 52 54 70 79 71 0 55 86 83 77 57 60 28 28 34 28 15 44 38 36 60 36 73 76 18 24 73 85 33 89 66 48 70 58 71 82 69 22 16 34 74 82 45 73 30 17 14 101 86 62 8 58 27 30 38 77 83 9 109 62 94 26 66 72 84 33 53 44 62 74 75 14 
30 62 22 9 26 35 23 26 12 7 62 28 25 55 0 32 65 54 7 8 46 30 22 46 45 44 18 45 12 37 34 49 42 41 47 40 23 38 29 42 15 45 31 43 35 39 48 42 46 61 42 49 36 42 43 47 31 10 48 51 29 26 26 38 62 64 55 45 39 39 46 18 73 27 65 35 67 71 71 68 
62 82 54 40 56 66 12 40 40 33 70 11 22 86 32 0 66 55 33 27 72 61 52 78 74 73 49 68 28 68 30 65 72 73 47 42 53 11 33 70 19 69 30 34 36 71 77 72 45 60 61 50 67 72 75 16 15 24 79 63 60 56 52 49 62 95 23 54 16 71 52 22 75 54 83 55 81 79 79 100 
72 45 72 70 86 88 57 90 76 58 15 56 47 83 65 66 0 11 72 59 55 77 64 95 68 102 66 47 53 92 36 115 66 88 19 101 62 58 37 102 70 108 38 33 32 84 66 95 21 6 37 17 87 67 82 78 79 59 75 25 72 64 52 103 4 88 76 23 82 87 20 76 10 57 39 40 30 19 19 96 
64 44 63 59 76 79 46 79 65 47 19 44 35 77 54 55 11 0 61 48 50 68 55 87 62 93 57 42 42 83 25 104 60 80 8 89 54 47 26 93 59 98 27 22 21 76 61 86 10 7 32 6 78 61 75 67 68 48 69 22 64 56 44 91 8 84 66 15 71 79 11 65 21 49 40 33 33 26 26 91 
32 68 23 9 23 34 26 19 7 14 69 31 30 57 7 33 72 61 0 13 51 30 25 45 48 41 20 51 19 35 40 43 46 41 53 34 27 40 36 38 14 40 37 49 41 39 52 39 52 67 48 55 34 46 44 46 29 14 51 57 30 29 31 32 69 66 56 52 37 39 52 15 80 31 71 41 74 78 78 69 
35 60 28 16 34 42 17 31 19 6 58 21 17 60 8 27 59 48 13 0 47 36 26 53 48 52 23 45 6 45 26 56 45 48 40 43 27 31 22 50 14 53 23 36 28 45 51 49 39 55 40 42 43 45 49 42 29 2 52 47 34 30 26 44 56 69 50 40 36 46 40 19 67 28 63 33 64 66 66 73 
27 21 34 43 50 43 60 68 49 41 42 63 53 28 46 72 55 50 51 47 0 33 27 47 14 59 32 8 44 49 51 84 13 40 48 84 25 72 45 61 61 70 49 59 46 36 12 49 49 55 18 47 42 14 31 88 76 49 21 30 29 24 21 79 55 34 93 35 83 40 39 64 56 20 28 19 35 47 47 41 
6 54 8 21 17 11 52 40 24 30 68 57 51 28 30 61 77 68 30 36 33 0 14 19 24 27 14 38 37 16 56 52 22 13 62 57 15 66 49 28 44 37 53 66 54 10 28 18 63 75 42 63 10 22 14 76 59 38 23 55 5 12 24 50 76 37 85 54 67 11 57 45 82 20 60 37 66 75 75 39 
10 46 9 16 25 24 42 41 22 20 56 46 39 34 22 52 64 55 25 26 27 14 0 33 23 39 5 29 26 29 43 58 21 26 49 57 2 56 36 39 37 47 40 52 40 23 27 31 49 61 31 50 24 21 24 67 53 28 27 43 10 4 12 52 62 43 75 41 60 25 44 39 69 8 51 25 56 64 64 48 
23 67 26 37 23 11 70 48 38 49 86 74 69 28 46 78 95 87 45 53 47 19 33 0 34 16 32 53 56 11 75 50 34 7 81 64 34 84 69 20 59 31 72 85 73 11 38 7 82 93 59 82 10 33 17 91 73 55 29 72 23 31 43 54 94 34 101 73 80 8 76 58 100 38 75 55 82 92 92 33 
19 33 28 39 41 32 63 63 45 42 55 67 58 15 45 74 68 62 48 48 14 24 23 34 0 48 28 21 47 38 59 76 3 27 58 79 22 76 52 50 60 60 56 67 54 24 4 37 59 67 30 58 31 3 17 90 76 50 7 43 20 19 24 73 68 23 97 46 83 28 50 63 70 20 41 29 49 61 61 29 
33 80 30 36 18 16 67 37 33 49 95 72 69 44 44 73 102 93 41 52 59 27 39 16 48 0 36 64 56 11 77 34 47 21 87 51 40 81 71 4 54 15 74 87 76 24 52 11 86 100 69 88 17 46 31 84 65 54 44 81 32 39 50 40 101 50 95 80 72 20 82 51 108 46 87 63 93 102 102 49 
13 51 7 11 21 23 39 36 17 17 59 43 37 38 18 49 66 57 20 23 32 14 5 32 28 36 0 34 24 27 43 54 25 26 50 52 7 53 36 36 33 43 40 52 41 23 32 30 50 63 35 51 23 25 26 64 49 25 31 46 11 9 15 47 64 47 72 44 56 25 46 35 72 13 56 28 60 67 67 51 
32 17 37 44 53 48 57 69 50 40 34 59 48 36 45 68 47 42 51 45 8 38 29 53 21 64 34 0 42 54 46 87 20 46 40 84 27 67 39 66 59 74 44 52 40 42 19 54 42 47 11 40 47 21 37 84 74 47 28 22 33 27 20 81 47 41 89 27 81 46 32 63 49 21 23 14 29 40 40 49 
36 56 30 20 38 45 16 37 24 7 52 20 14 60 12 28 53 42 19 6 44 37 26 56 47 56 24 42 0 48 21 61 44 50 35 48 26 30 17 54 19 58 18 31 22 47 49 52 34 49 36 37 45 45 50 43 33 6 52 42 35 30 24 49 51 68 50 35 39 48 34 24 62 27 59 29 59 61 61 73 
22 70 20 29 13 6 61 37 28 41 84 65 62 36 37 68 92 83 35 45 49 16 29 11 38 11 27 54 48 0 69 40 37 12 77 53 30 75 63 13 49 23 66 78 67 14 42 5 77 90 58 78 7 36 22 81 62 47 34 71 21 29 40 43 91 43 91 70 69 10 72 48 98 36 76 53 83 92 92 43 
53 56 49 41 59 65 21 57 45 28 40 20 11 73 34 30 36 25 40 26 51 56 43 75 59 77 43 46 21 69 0 82 56 69 17 65 43 25 7 76 35 79 3 10 6 65 60 72 15 31 36 20 65 57 66 44 43 25 65 34 53 46 36 68 32 81 45 25 46 67 22 41 46 40 55 32 52 49 49 88 
58 104 50 46 35 45 64 25 39 56 111 69 72 76 49 65 115 104 43 56 84 52 58 50 76 34 54 87 61 40 82 0 74 53 96 27 60 75 78 30 48 20 79 90 83 54 80 44 95 110 88 98 46 74 62 70 52 57 74 98 56 61 69 16 112 84 82 94 56 51 95 43 122 67 110 81 114 119 119 83 
17 33 25 37 39 31 60 60 42 39 54 64 55 18 42 72 66 60 46 45 13 22 21 34 3 47 25 20 44 37 56 74 0 27 56 77 19 73 49 49 58 59 53 65 52 23 6 36 57 65 29 56 30 1 18 87 74 47 9 41 18 17 21 71 66 25 94 44 81 27 48 60 68 17 41 27 48 60 60 32 
16 60 20 33 22 9 64 47 34 43 78 69 63 24 41 73 88 80 41 48 40 13 26 7 27 21 26 46 50 12 69 53 27 0 74 64 26 79 62 24 55 35 66 78 66 4 31 10 75 86 52 75 7 26 10 87 70 50 23 65 16 24 36 54 87 31 96 65 77 2 69 55 92 31 67 48 75 85 85 31 
58 45 57 52 70 73 38 72 58 40 24 37 27 73 47 47 19 8 53 40 48 62 49 81 58 87 50 40 35 77 17 96 56 74 0 82 48 41 18 86 51 91 19 16 13 71 58 80 3 14 29 2 72 57 70 60 60 40 65 22 58 51 39 84 16 81 60 13 64 73 9 57 28 43 43 29 37 32 32 88 
61 101 52 41 42 55 45 17 35 46 101 48 55 85 40 42 101 89 34 43 84 57 57 64 79 51 52 84 48 53 65 27 77 64 82 0 59 52 64 47 31 41 63 72 68 64 83 57 80 96 82 84 56 77 71 44 27 43 80 90 60 61 65 12 97 93 56 83 30 61 83 25 110 64 105 75 107 110 109 95 
11 44 11 18 26 25 43 43 24 21 54 46 39 33 23 53 62 54 27 27 25 15 2 34 22 40 7 27 26 30 43 60 19 26 48 59 0 56 36 41 38 48 40 52 40 23 25 32 48 60 29 49 25 19 24 69 54 29 25 41 10 3 10 54 61 42 76 40 62 25 43 41 68 6 49 23 54 62 62 47 
66 79 59 46 63 73 14 50 47 36 64 10 19 89 38 11 58 47 40 31 72 66 56 84 76 81 53 67 30 75 25 75 73 79 41 52 56 0 29 78 28 78 25 25 30 76 78 79 38 52 59 43 73 74 79 20 25 29 81 59 65 59 53 59 54 98 22 49 26 77 46 32 68 56 79 54 76 73 72 103 
46 50 43 36 54 59 22 54 41 23 38 22 11 66 29 33 37 26 36 22 45 49 36 69 52 71 36 39 17 63 7 78 49 62 18 64 36 29 0 70 33 74 5 16 5 59 53 66 17 32 30 20 59 50 60 48 44 22 58 30 46 39 29 66 34 74 50 21 48 61 20 39 46 33 50 25 48 47 47 80 
34 82 30 35 17 18 65 34 31 48 95 69 68 48 42 70 102 93 38 50 61 28 39 20 50 4 36 66 54 13 76 30 49 24 86 47 41 78 70 0 51 10 73 85 75 27 54 14 86 99 70 87 19 48 34 81 62 52 47 82 33 40 51 36 101 54 92 80 69 23 82 48 108 47 88 64 94 103 103 53 
45 75 36 23 36 48 16 23 21 20 71 20 24 70 15 19 70 59 14 14 61 44 37 59 60 54 33 59 19 49 35 48 58 55 51 31 38 28 33 51 0 50 33 42 38 53 63 53 49 65 54 53 49 58 58 32 16 13 63 61 44 41 40 34 67 79 42 53 23 53 52 6 79 42 77 48 78 80 79 83 
43 91 37 39 22 28 66 30 34 51 102 70 70 58 45 69 108 98 40 53 70 37 47 31 60 15 43 74 58 23 79 20 59 35 91 41 48 78 74 10 50 0 76 88 79 37 64 25 90 105 77 92 29 58 45 78 59 54 57 89 42 48 58 29 106 65 90 86 65 33 88 47 115 55 97 71 102 110 110 63 
50 55 46 38 56 62 20 54 42 25 41 19 9 71 31 30 38 27 37 23 49 53 40 72 56 74 40 44 18 66 3 79 53 66 19 63 40 25 5 73 33 76 0 13 6 62 57 69 17 33 34 21 62 54 64 44 41 23 62 34 50 43 33 66 34 79 46 25 45 64 22 38 47 37 54 30 52 49 49 85 
63 60 59 51 69 75 27 65 55 38 40 24 19 82 43 34 33 22 49 36 59 66 52 85 67 87 52 52 31 78 10 90 65 78 16 72 52 25 16 85 42 88 13 0 13 75 68 82 14 27 42 19 75 65 76 45 48 34 74 38 62 55 45 76 28 90 44 28 50 77 24 48 42 49 58 39 54 48 48 96 
51 50 48 41 59 63 26 59 46 28 35 25 15 69 35 36 32 21 41 28 46 54 40 73 54 76 41 40 22 67 6 83 52 66 13 68 40 30 5 75 38 79 6 13 0 63 55 71 11 27 30 15 63 53 63 50 47 27 61 28 50 43 32 71 29 77 51 19 51 65 16 44 41 37 49 27 46 43 43 84 
13 57 17 31 22 10 62 47 33 40 75 66 61 22 39 71 84 76 39 45 36 10 23 11 24 24 23 42 47 14 65 54 23 4 71 64 23 76 59 27 53 37 62 75 63 0 28 13 71 82 48 71 8 22 8 85 68 48 20 61 13 20 32 55 83 30 94 62 76 4 65 54 89 28 64 44 71 81 81 31 
23 30 32 43 45 36 66 67 49 45 54 69 60 16 48 77 66 61 52 51 12 28 27 38 4 52 32 19 49 42 60 80 6 31 58 83 25 78 53 54 63 64 57 68 55 28 0 41 59 66 30 58 35 6 21 93 79 53 10 42 24 23 26 77 67 22 99 46 87 32 50 66 68 22 38 29 46 58 59 30 
23 70 23 33 17 7 65 41 32 45 86 69 66 34 42 72 95 86 39 49 49 18 31 7 37 11 30 54 52 5 72 44 36 10 80 57 32 79 66 14 53 25 69 82 71 13 41 0 80 92 60 81 8 35 20 85 67 51 33 73 23 30 42 47 93 40 95 72 74 9 75 52 100 38 77 55 83 93 93 39 
58 48 57 51 69 73 36 70 57 39 26 35 26 74 46 45 21 10 52 39 49 63 49 82 59 86 50 42 34 77 15 95 57 75 3 80 48 38 17 86 49 90 17 14 11 71 59 80 0 16 31 5 72 58 70 58 58 38 66 24 58 51 39 82 17 82 58 15 61 74 11 55 30 44 45 30 40 34 34 89 
70 47 70 66 83 85 52 86 72 54 18 50 41 82 61 60 6 7 67 55 55 75 61 93 67 100 63 47 49 90 31 110 65 86 14 96 60 52 32 99 65 105 33 27 27 82 66 92 16 0 37 13 85 66 81 72 73 54 74 25 70 62 50 98 2 88 70 21 77 85 18 71 16 55 42 39 34 24 24 96 
37 21 40 42 55 53 49 67 49 36 26 51 40 45 42 61 37 32 48 40 18 42 31 59 30 69 35 11 36 58 36 88 29 52 29 82 29 59 30 70 54 77 34 42 30 48 30 60 31 37 0 29 52 30 45 76 68 41 38 13 37 30 19 80 37 52 80 17 74 52 21 59 40 23 23 7 26 33 33 59 
59 44 58 54 71 74 40 73 59 42 22 39 30 73 49 50 17 6 55 42 47 63 50 82 58 88 51 40 37 78 20 98 56 75 2 84 49 43 20 87 53 92 21 19 15 71 58 81 5 13 29 0 73 57 70 63 62 42 65 21 59 51 39 86 14 80 62 12 66 74 8 59 26 44 41 29 35 30 30 87 
16 63 16 27 15 2 59 40 28 38 78 64 59 30 36 67 87 78 34 43 42 10 24 10 31 17 23 47 45 7 65 46 30 7 72 56 25 73 59 19 49 29 62 75 63 8 35 8 72 85 52 73 0 29 16 81 63 45 28 65 15 23 35 47 86 38 90 64 70 5 67 48 92 30 70 47 76 85 86 38 
16 34 25 37 39 30 61 60 42 40 55 64 56 17 42 72 67 61 46 45 14 22 21 33 3 46 25 21 45 36 57 74 1 26 57 77 19 74 50 48 58 58 54 65 53 22 6 35 58 66 30 57 29 0 17 88 74 48 8 42 18 17 21 71 67 25 95 45 81 26 49 60 70 18 42 28 50 61 61 31 
14 51 22 36 29 18 65 54 39 43 71 70 63 14 43 75 82 75 44 49 31 14 24 17 17 31 26 37 50 22 66 62 18 10 70 71 24 79 60 34 58 45 64 76 63 8 21 20 70 81 45 70 16 17 0 90 74 51 12 58 15 21 31 63 81 23 98 60 81 12 63 59 85 27 58 42 66 77 77 25 
77 97 68 55 68 80 28 49 53 48 84 26 37 101 47 16 78 67 46 42 88 76 67 91 90 84 64 84 43 81 44 70 87 87 60 44 69 20 48 81 32 78 44 45 50 85 93 85 58 72 76 63 81 88 90 0 19 40 94 78 75 72 67 54 73 110 12 69 14 85 66 33 87 70 98 71 95 92 92 115 
61 89 52 38 50 62 22 29 35 35 82 24 33 86 31 15 79 68 29 29 76 59 53 73 76 65 49 74 33 62 43 52 74 70 60 27 54 25 44 62 16 59 41 48 47 68 79 67 58 73 68 62 63 74 74 19 0 28 79 73 60 57 56 36 75 95 31 65 7 67 63 15 88 57 91 62 91 91 91 99 
37 62 30 18 36 44 14 32 21 8 58 19 16 62 10 24 59 48 14 2 49 38 28 55 50 54 25 47 6 47 25 57 47 50 40 43 29 29 22 52 13 54 23 34 27 48 53 51 38 54 41 42 45 48 51 40 28 0 54 47 36 32 28 44 56 71 47 40 34 48 40 18 67 30 64 35 65 67 67 75 
19 40 28 41 40 29 68 63 46 46 63 72 63 8 48 79 75 69 51 52 21 23 27 29 7 44 31 28 52 34 65 74 9 23 65 80 25 81 58 47 63 57 62 74 61 20 10 33 66 74 38 65 28 8 12 94 79 54 0 50 21 22 29 73 75 17 102 54 87 24 58 65 77 25 47 36 56 68 68 23 
49 23 52 53 67 66 52 77 59 44 13 53 41 58 51 63 25 22 57 47 30 55 43 72 43 81 46 22 42 71 34 98 41 65 22 90 41 59 30 82 61 89 34 38 28 61 42 73 24 25 13 21 65 42 58 78 73 47 50 0 50 42 31 89 26 63 80 10 78 65 14 66 27 35 21 18 18 21 21 71 
2 49 8 21 21 16 51 43 26 29 64 55 48 27 29 60 72 64 30 34 29 5 10 23 20 32 11 33 35 21 53 56 18 16 58 60 10 65 46 33 44 42 50 62 50 13 24 23 58 70 37 59 15 18 15 75 60 36 21 50 0 8 20 53 71 36 84 50 67 15 53 45 77 15 55 32 62 71 71 39 
8 43 11 20 26 23 46 44 26 24 56 50 42 30 26 56 64 56 29 30 24 12 4 31 19 39 9 27 30 29 46 61 17 24 51 61 3 59 39 40 41 48 43 55 43 20 23 30 51 62 30 51 23 17 21 72 57 32 22 42 8 0 12 56 63 39 79 42 64 23 45 44 69 8 49 24 55 63 63 44 
20 37 21 24 36 35 40 49 31 21 44 43 34 38 26 52 52 44 31 26 21 24 12 43 24 50 15 20 24 40 36 69 21 36 39 65 10 53 29 51 40 58 33 45 32 32 26 42 39 50 19 39 35 21 31 67 56 28 29 31 20 12 0 61 51 46 74 30 62 35 33 44 58 5 41 13 45 52 52 52 
55 98 46 37 33 46 50 12 30 46 101 54 58 77 38 49 103 91 32 44 79 50 52 54 73 40 47 81 49 43 68 16 71 54 84 12 54 59 66 36 34 29 66 76 71 55 77 47 82 98 80 86 47 71 63 54 36 44 73 89 53 56 61 0 100 85 66 83 40 52 83 28 111 60 102 73 105 109 109 86 
71 47 71 67 84 86 53 87 73 55 18 52 43 83 62 62 4 8 69 56 55 76 62 94 68 101 64 47 51 91 32 112 66 87 16 97 61 54 34 101 67 106 34 28 29 83 67 93 17 2 37 14 86 67 81 73 75 56 75 26 71 63 51 100 0 89 71 22 78 86 19 73 14 56 42 40 33 23 23 96 
34 48 43 57 52 39 85 77 61 63 75 88 80 9 64 95 88 84 66 69 34 37 43 34 23 50 47 41 68 43 81 84 25 31 81 93 42 98 74 54 79 65 79 90 77 30 22 40 82 88 52 80 38 25 23 110 95 71 17 63 36 39 46 85 89 0 118 68 103 33 73 81 89 42 56 52 66 79 79 8 
85 101 77 64 78 89 34 60 63 56 84 30 41 109 55 23 76 66 56 50 93 85 75 101 97 95 72 89 50 91 45 82 94 96 60 56 76 22 50 92 42 90 46 44 51 94 99 95 58 70 80 62 90 95 98 12 31 47 102 80 84 79 74 66 71 118 0 70 25 94 67 43 86 77 100 75 97 92 92 123 
49 32 50 48 64 65 43 71 55 38 18 44 33 62 45 54 23 15 52 40 35 54 41 73 46 80 44 27 35 70 25 94 44 65 13 83 40 49 21 80 53 86 25 28 19 62 46 72 15 21 17 12 64 45 60 69 65 40 54 10 50 42 30 83 22 68 70 0 70 65 5 59 28 34 30 18 27 26 26 76 
68 95 59 46 57 69 26 36 43 42 86 27 37 94 39 16 82 71 37 36 83 67 60 80 83 72 56 81 39 69 46 56 81 77 64 30 62 26 48 69 23 65 45 50 51 76 87 74 61 77 74 66 70 81 81 14 7 34 87 78 67 64 62 40 78 103 25 70 0 75 68 22 92 64 97 68 96 95 95 106 
15 61 18 31 19 6 63 45 32 41 78 67 62 26 39 71 87 79 39 46 40 11 25 8 28 20 25 46 48 10 67 51 27 2 73 61 25 77 61 23 53 33 64 77 65 4 32 9 74 85 52 74 5 26 12 85 67 48 24 65 15 23 35 52 86 33 94 65 75 0 68 53 92 30 68 47 75 85 85 34 
52 37 52 50 66 68 41 71 56 38 19 41 31 66 46 52 20 11 52 40 39 57 44 76 50 82 46 32 34 72 22 95 48 69 9 83 43 46 20 82 52 88 22 24 16 65 50 75 11 18 21 8 67 49 63 66 63 40 58 14 53 45 33 83 19 73 67 5 68 68 0 58 27 37 34 22 30 27 27 80 
47 79 38 24 35 47 21 18 21 24 76 25 30 72 18 22 76 65 15 19 64 45 39 58 63 51 35 63 24 48 41 43 60 55 57 25 41 32 39 48 6 47 38 48 44 54 66 52 55 71 59 59 48 60 59 33 15 18 65 66 45 44 44 28 73 81 43 59 22 53 58 0 85 45 82 52 83 85 85 84 
77 43 78 77 93 93 66 99 83 66 14 65 56 84 73 75 10 21 80 67 56 82 69 100 70 108 72 49 62 98 46 122 68 92 28 110 68 68 46 108 79 115 47 42 41 89 68 100 30 16 40 26 92 70 85 87 88 67 77 27 77 69 58 111 14 89 86 28 92 92 27 85 0 62 36 45 26 13 12 97 
15 38 17 23 33 31 43 48 30 22 48 47 38 33 27 54 57 49 31 28 20 20 8 38 20 46 13 21 27 36 40 67 17 31 43 64 6 56 33 47 42 55 37 49 37 28 22 38 44 55 23 44 30 18 27 70 57 30 25 35 15 8 5 60 56 42 77 34 64 30 37 45 62 0 43 17 48 56 56 48 
54 8 60 65 75 71 71 90 72 59 24 72 61 53 65 83 39 40 71 63 28 60 51 75 41 87 56 23 59 76 55 110 41 67 43 105 49 79 50 88 77 97 54 58 49 64 38 77 45 42 23 41 70 42 58 98 91 64 47 21 55 49 41 102 42 56 100 30 97 68 34 82 36 43 0 30 10 24 24 64 
32 27 34 36 49 48 43 60 43 29 31 45 34 44 35 55 40 33 41 33 19 37 25 55 29 63 28 14 29 53 32 81 27 48 29 75 23 54 25 64 48 71 30 39 27 44 29 55 30 39 7 29 47 28 42 71 62 35 36 18 32 24 13 73 40 52 75 18 68 47 22 52 45 17 30 0 33 39 39 58 
61 18 65 68 81 77 70 93 75 60 15 70 59 62 67 81 30 33 74 64 35 66 56 82 49 93 60 29 59 83 52 114 48 75 37 107 54 76 48 94 78 102 52 54 46 71 46 83 40 34 26 35 76 50 66 95 91 65 56 18 62 55 45 105 33 66 97 27 96 75 30 83 26 48 10 33 0 14 14 73 
70 31 73 74 88 86 69 97 80 64 9 68 58 74 71 79 19 26 78 66 47 75 64 92 61 102 67 40 61 92 49 119 60 85 32 110 62 73 47 103 80 110 49 48 43 81 58 93 34 24 33 30 85 61 77 92 91 67 68 21 71 63 52 109 23 79 92 26 95 85 27 85 13 56 24 39 14 0 0 86 
70 32 73 74 88 86 69 97 80 64 9 68 58 75 71 79 19 26 78 66 47 75 64 92 61 102 67 40 61 92 49 119 60 85 32 109 62 72 47 103 79 110 49 48 43 81 59 93 34 24 33 30 86 61 77 92 91 67 68 21 71 63 52 109 23 79 92 26 95 85 27 85 12 56 24 39 14 0 0 87 
38 56 47 60 53 40 89 78 64 67 83 93 85 14 68 100 96 91 69 73 41 39 48 33 29 49 51 49 73 43 88 83 32 31 88 95 47 103 80 53 83 63 85 96 84 31 30 39 89 96 59 87 38 31 25 115 99 75 23 71 39 44 52 86 96 8 123 76 106 34 80 84 97 48 64 58 73 86 87 0 
0 0 11 0 0 0 0 0 0 0 0 225 0 0 21 14 14 0 0 29 491 0 51 0 2579 711 563 0 0 0 90 136 0 0 0 0 0 572 0 0 0 327 0 25 0 0 0 0 0 0 0 0 0 20 52 208 0 45 0 365 97 286 0 0 0 285 773 1715 1229 183 112 33 0 0 0 0 54 223 36 553 
0 0 39 67 1208 59 14 22 1778 0 9 21 14 301 44 509 136 376 261 13 131 96 125 525 3000 1223 937 11 181 3000 154 32 8 72 134 271 1069 19 37 46 566 315 31 2551 3000 270 489 730 921 633 697 54 56 0 0 126 482 248 237 8 632 95 11 325 77 24 51 0 656 0 346 37 57 21 218 221 139 232 0 40 
11 39 0 0 36 2992 0 0 0 1407 0 52 213 0 31 24 196 94 72 55 180 91 537 1372 30 123 226 0 0 0 41 183 0 0 0 0 0 64 0 329 0 214 0 9 394 0 0 0 0 0 0 0 27 84 449 279 0 50 454 36 3000 3000 0 0 0 34 17 9 52 11 10 713 0 0 0 170 489 7 26 142 
0 67 0 0 23 34 10 1791 12 0 244 0 493 0 0 0 0 317 968 7 78 501 8 0 0 828 45 10 13 15 0 0 1320 10 19 15 11 0 61 157 34 46 220 103 0 21 359 17 1128 743 746 30 3000 0 0 38 126 236 1290 16 2393 74 144 23 150 0 101 0 56 0 0 586 1838 520 135 0 11 137 0 22 
0 1208 36 23 0 65 560 33 147 0 199 21 42 40 184 44 754 141 343 1144 61 48 155 11 1048 17 63 1141 34 659 446 1727 27 360 711 95 895 407 802 72 16 160 23 3000 377 1686 355 51 15 1993 151 11 702 197 0 49 1576 21 117 53 20 140 17 172 10 537 738 0 9 0 19 118 751 145 19 30 10 13 0 2107 
0 59 2992 34 65 0 0 10 212 79 0 0 29 196 1264 0 419 1797 170 102 0 66 22 211 386 181 59 45 0 447 311 538 31 2005 14 0 42 155 100 14 225 21 291 25 37 0 3000 0 303 191 288 48 533 0 0 130 1578 0 68 11 22 14 175 184 1187 10 0 0 0 0 0 76 69 340 0 17 33 59 0 9 
0 14 0 10 560 0 0 14 21 0 52 0 83 0 0 630 0 137 90 31 122 172 0 0 0 327 55 0 19 0 0 0 666 110 1055 93 1466 0 1393 223 0 349 0 81 0 470 0 192 1129 1486 9 41 22 0 0 177 0 61 0 0 0 3000 8 120 362 0 17 0 926 0 71 92 125 0 416 0 478 0 0 276 
0 22 0 1791 33 10 14 0 16 0 0 0 29 672 88 0 0 13 29 63 0 200 13 678 191 75 13 362 0 96 3000 0 14 3000 81 23 48 0 42 924 286 151 642 0 0 19 708 32 222 3000 70 172 86 0 0 508 180 0 509 99 1484 556 31 11 26 0 0 0 0 0 0 68 10 1073 0 33 1544 46 0 283 
0 1778 0 12 147 212 21 16 0 0 313 0 352 0 16 165 50 382 10 59 300 246 28 0 79 193 47 419 3000 9 52 0 27 80 999 19 3000 0 29 22 32 14 22 8 0 54 59 1369 65 68 99 14 70 0 0 155 395 550 318 285 355 15 40 129 443 54 1119 0 294 0 126 35 31 1566 48 0 59 365 0 13 
0 0 1407 0 0 79 0 0 0 0 0 0 114 127 1825 0 123 0 54 202 0 305 85 94 130 16 0 291 0 2980 65 43 0 127 0 0 26 15 2214 11 8 0 0 0 1483 0 406 0 0 0 0 0 0 0 0 368 145 0 252 3000 329 0 0 1186 0 111 0 0 0 0 0 0 0 113 0 983 0 67 0 109 
0 9 0 244 199 0 52 0 313 0 0 0 120 0 0 0 0 1399 0 0 22 0 0 0 0 0 898 0 925 0 0 0 327 0 0 110 0 0 0 40 0 868 0 343 0 15 0 9 0 455 0 158 19 0 0 11 0 10 0 0 0 401 20 0 204 0 33 0 190 0 0 216 0 0 23 0 187 0 0 0 
225 21 52 0 21 0 0 0 0 0 0 0 603 0 1063 24 1581 14 12 62 2574 9 9 0 1208 3000 224 0 0 0 8 75 0 0 0 0 0 70 0 100 0 47 0 1661 15 0 0 14 0 0 0 0 764 39 106 26 0 3000 0 73 418 132 0 0 0 37 3000 109 871 80 3000 892 0 0 0 0 1576 2762 19 254 
0 14 213 493 42 29 83 29 352 114 120 603 0 488 283 1620 7 374 115 2547 41 36 118 503 527 443 29 60 36 12 33 172 132 241 128 7 141 549 59 1189 3000 12 93 8 289 49 25 133 77 21 594 429 37 0 0 12 1824 112 1433 22 155 3000 880 8 15 16 488 0 15 0 0 19 293 86 85 670 33 47 0 54 
0 301 0 0 40 196 0 672 0 127 0 0 488 0 677 0 60 0 13 217 0 31 113 47 60 53 941 8 0 24 123 535 18 224 1888 0 51 15 100 506 342 26 286 0 200 0 203 0 814 29 15 636 3000 0 0 150 113 0 640 104 1070 788 1444 167 1711 619 0 0 0 0 0 0 50 248 0 100 0 3000 0 60 
21 44 31 0 184 1264 0 88 16 1825 0 1063 283 677 0 51 10 104 144 10 33 1560 56 216 20 88 70 134 0 56 1091 664 116 109 318 0 942 29 69 213 2242 53 78 250 548 0 92 0 2292 8 13 0 160 38 372 135 15 952 10 470 327 117 83 196 3000 704 78 1079 935 3000 32 3000 238 252 0 57 92 118 66 323 
14 509 24 0 44 0 630 0 165 0 0 24 1620 0 51 0 107 1027 0 668 19 27 142 0 36 832 547 0 29 0 1702 467 0 0 0 282 0 32 0 58 0 66 0 1358 0 0 0 3000 0 0 0 0 14 47 14 13 0 62 0 50 543 617 42 0 0 1268 114 93 52 243 669 192 0 0 477 0 782 14 37 1448 
14 136 196 0 754 419 0 0 50 123 0 1581 7 60 10 107 0 2465 85 60 318 160 152 21 85 55 28 0 0 0 155 3000 0 0 0 0 1432 61 676 156 0 192 0 48 15 0 0 3000 0 0 0 0 213 15 15 104 0 556 358 48 11 29 1895 0 0 1256 13 3000 13 19 1769 1273 0 14 0 143 40 582 18 436 
0 376 94 317 141 1797 137 13 382 0 1399 14 374 0 104 1027 2465 0 385 80 54 1138 281 0 69 170 22 26 334 2012 14 0 142 37 522 494 277 0 12 1802 123 1669 301 396 0 739 718 2182 22 688 37 1465 656 2368 716 14 692 13 40 431 161 94 180 19 605 193 1360 0 180 0 64 87 15 11 1341 0 159 35 0 169 
0 261 72 968 343 170 90 29 10 54 0 12 115 13 144 0 85 385 0 12 8 173 308 10 23 113 41 67 0 12 100 12 64 1631 9 207 41 25 118 263 43 159 72 19 207 145 270 10 54 245 7 12 1010 0 0 2181 62 2283 450 1199 185 412 333 115 30 28 442 0 115 0 0 312 157 281 0 757 66 57 0 282 
29 13 55 7 1144 102 31 63 59 202 0 62 2547 217 10 668 60 80 12 0 163 701 104 33 278 10 20 18 760 184 594 954 26 2345 450 45 17 357 912 634 54 29 31 39 66 8 68 37 259 843 76 68 40 449 16 515 1291 38 584 1091 749 17 429 13 100 60 50 51 88 56 534 22 166 20 1017 239 3000 15 16 3000 
491 131 180 78 61 0 122 0 300 0 22 2574 41 0 33 19 318 54 8 163 0 312 350 0 112 17 387 0 707 0 8 435 0 0 0 42 518 0 0 683 0 88 0 310 0 741 0 3000 0 12 0 0 73 76 18 7 0 91 0 2302 74 22 155 0 275 115 71 18 1875 10 697 694 0 0 61 0 164 35 236 86 
0 96 91 501 48 66 172 200 246 305 0 9 36 31 1560 27 160 1138 173 701 312 0 1021 31 36 113 16 482 0 108 86 398 148 13 323 97 3000 46 416 821 21 54 38 24 70 128 96 903 10 49 99 3000 31 0 0 835 33 86 155 1148 287 1123 3000 17 28 111 174 0 47 0 0 64 11 242 282 1876 269 3000 0 28 
51 125 537 8 155 22 0 13 28 85 0 9 118 113 56 142 152 281 308 104 350 1021 0 347 375 10 498 19 0 457 15 32 1055 49 84 349 688 40 92 212 139 787 109 71 1974 79 10 197 131 120 41 596 41 220 12 42 426 23 594 301 97 3000 9 25 183 17 138 11 70 16 69 103 10 276 0 908 1606 148 43 2029 
0 525 1372 0 11 211 0 678 0 94 0 0 503 47 216 0 21 0 10 33 0 31 347 0 12 1186 331 45 0 343 911 1215 17 25 13 0 164 34 3000 12 8 2671 416 0 37 0 560 0 143 147 1251 0 457 0 0 81 14 0 36 44 33 76 64 185 13 58 0 0 0 0 0 413 40 36 0 31 0 13 0 312 
2579 3000 30 0 1048 386 0 191 79 130 0 1208 527 60 20 36 85 69 23 278 112 36 375 12 0 18 241 10 0 51 20 39 986 9 19 0 78 48 26 78 38 9 205 60 30 0 53 0 637 1623 37 0 132 3000 236 1092 2372 61 1144 149 222 21 310 239 23 70 0 31 0 14 227 3000 628 58 0 294 0 38 646 54 
711 1223 123 828 17 181 327 75 193 16 0 3000 443 53 88 832 55 170 113 10 17 113 10 1186 18 0 377 9 0 291 309 57 137 33 18 2412 3000 276 194 135 89 32 380 18 53 269 361 65 337 845 152 0 80 894 75 1603 241 40 35 12 632 34 51 32 30 285 587 201 348 754 19 668 366 414 311 10 111 3000 502 204 
563 937 226 45 63 59 55 13 47 0 898 224 29 941 70 547 28 22 41 20 387 16 498 331 241 377 0 2719 624 18 65 141 327 12 39 1858 52 16 3000 58 245 344 28 28 332 416 43 2218 106 28 69 185 70 131 368 179 1387 97 109 464 249 1032 449 1937 53 42 32 7 7 174 9 1586 1913 690 28 78 42 495 3000 50 
0 11 0 10 1141 45 0 362 419 291 0 0 60 8 134 0 0 26 67 18 0 482 19 45 10 9 2719 0 0 19 184 10 62 37 1396 0 1132 228 427 67 21 757 13 0 228 0 8 0 50 825 7 3000 9 0 0 46 799 0 16 2460 53 102 40 429 3000 0 0 0 0 0 0 58 2111 594 0 2866 0 19 0 77 
0 181 0 13 34 0 19 0 3000 0 925 0 36 0 0 29 0 334 0 760 707 0 0 0 0 0 624 0 0 0 0 0 46 0 0 189 0 0 0 16 0 610 0 113 0 33 0 31 0 46 0 81 353 12 67 711 0 8 0 0 0 7 56 0 328 0 729 0 94 0 163 19 0 0 172 0 45 0 0 0 
0 3000 0 15 659 447 0 96 9 2980 0 0 12 24 56 0 0 2012 12 184 0 108 457 343 51 291 18 19 0 0 9 48 20 2930 65 0 98 60 8 1003 442 9 26 0 614 0 22 0 58 11 480 20 7 0 0 21 22 0 9 345 180 113 108 32 116 193 0 0 0 0 0 3000 20 873 0 293 146 122 0 75 
90 154 41 0 446 311 0 3000 52 65 0 8 33 123 1091 1702 155 14 100 594 8 86 15 911 20 309 65 184 0 9 0 491 408 10 1591 0 129 401 21 454 37 11 63 157 30 0 3000 0 12 2778 73 9 86 62 0 277 380 8 25 30 447 2332 114 9 16 92 0 19 0 0 845 81 191 226 0 10 3000 85 12 151 
136 32 183 0 1727 538 0 0 0 43 0 75 172 535 664 467 3000 0 12 954 435 398 32 1215 39 57 141 10 0 48 491 0 0 0 0 0 482 13 13 54 2083 153 0 559 59 0 215 0 0 0 0 0 0 17 15 21 678 129 258 164 332 117 0 218 0 17 0 376 0 70 537 567 0 60 0 631 0 565 2292 252 
0 8 0 1320 27 31 666 14 27 0 327 0 132 18 116 0 0 142 64 26 0 148 1055 17 986 137 327 62 46 20 408 0 0 551 849 1641 10 0 16 1986 142 30 66 572 0 258 174 34 15 23 7 68 41 0 0 426 234 0 141 19 29 353 23 428 71 0 34 0 1681 0 0 10 14 928 337 27 143 135 0 1322 
0 72 0 10 360 2005 110 3000 80 127 0 0 241 224 109 0 0 37 1631 2345 0 13 49 25 9 33 12 37 0 2930 10 0 551 0 240 103 909 3000 1249 10 9 12 64 3000 595 468 24 3000 67 13 161 26 25 0 0 73 114 0 184 222 1484 69 19 354 126 75 90 0 0 0 0 45 136 354 116 2207 382 451 0 22 
0 134 0 19 711 14 1055 81 999 0 0 0 128 1888 318 0 0 522 9 450 0 323 84 13 19 18 39 1396 0 65 1591 0 849 240 0 393 9 126 57 19 13 382 239 711 132 11 341 3000 21 92 1440 3000 140 0 0 59 48 0 3000 117 25 113 117 42 9 42 359 0 0 0 0 360 339 19 764 12 122 47 0 1879 
0 271 0 15 95 0 93 23 19 0 110 0 7 0 0 282 0 494 207 45 42 97 349 0 0 2412 1858 0 189 0 0 0 1641 103 393 0 10 0 287 503 0 26 0 757 0 352 0 328 34 870 88 308 856 240 3000 3000 0 318 0 13 40 109 371 95 31 0 63 0 3000 0 1050 51 1681 0 58 0 105 184 0 9 
0 1069 0 11 895 42 1466 48 3000 26 0 0 141 51 942 0 1432 277 41 17 518 3000 688 164 78 3000 52 1132 0 98 129 482 10 909 9 10 0 94 482 329 24 604 161 515 15 186 2169 12 518 145 67 3000 24 0 0 22 346 20 50 26 1279 12 7 44 77 2553 33 0 201 0 0 17 40 37 46 191 264 1185 0 14 
572 19 64 0 407 155 0 0 0 15 0 70 549 15 29 32 61 0 25 357 0 46 40 34 48 276 16 228 0 60 401 13 0 3000 126 0 94 0 518 224 1074 262 0 42 204 0 223 0 0 0 38 0 0 2656 74 737 3000 28 866 41 366 83 0 53 0 2473 0 741 0 31 779 100 29 100 0 9 0 90 98 108 
0 37 0 61 802 100 1393 42 29 2214 0 0 59 100 69 0 676 12 118 912 0 416 92 3000 26 194 3000 427 0 8 21 13 16 1249 57 287 482 518 0 723 28 11 2460 309 310 14 122 338 1603 591 10 26 169 0 0 915 88 0 22 313 348 155 723 8 82 122 160 0 0 0 0 87 127 12 10 108 117 1492 0 327 
0 46 329 157 72 14 223 924 22 11 40 100 1189 506 213 58 156 1802 263 634 683 821 212 12 78 135 58 67 16 1003 454 54 1986 10 19 503 329 224 723 0 20 7 127 124 434 1328 671 2169 228 48 259 181 488 0 0 13 442 39 13 255 62 165 999 3000 316 419 30 0 8 0 0 55 12 345 56 14 67 245 0 72 
0 566 0 34 16 225 0 286 32 8 0 0 3000 342 2242 0 0 123 43 54 0 21 139 8 38 89 245 21 0 442 37 2083 142 9 13 0 24 1074 28 20 0 172 342 0 159 0 15 0 155 3000 160 36 46 0 0 25 111 0 8 30 265 11 55 406 37 251 0 0 0 0 0 34 17 10 0 290 0 639 0 9 
327 315 214 46 160 21 349 151 14 0 868 47 12 26 53 66 192 1669 159 29 88 54 787 2671 9 32 344 757 610 9 11 153 30 12 382 26 604 262 11 7 172 0 9 98 861 39 1786 3000 38 25 30 23 22 1731 10 7 620 34 105 140 117 215 23 459 38 2304 13 28 17 54 574 10 201 10 15 454 2784 20 34 257 
0 31 0 220 23 291 0 642 22 0 0 0 93 286 78 0 0 301 72 31 0 38 109 416 205 380 28 13 0 26 63 0 66 64 239 0 161 0 2460 127 342 9 0 0 3000 167 52 0 100 306 58 231 656 0 0 0 819 0 16 100 9 29 21 33 243 0 0 0 0 0 0 174 201 48 0 23 0 814 0 9 
25 2551 9 103 3000 25 81 0 8 0 343 1661 8 0 250 1358 48 396 19 39 310 24 71 0 60 18 28 0 113 0 157 559 572 3000 711 757 515 42 309 124 0 98 0 0 0 8 0 16 0 20 61 715 160 35 160 99 0 3000 33 1815 215 154 171 42 173 99 3000 274 63 43 36 780 325 27 26 0 1125 20 12 126 
0 3000 394 0 377 37 0 0 0 1483 0 15 289 200 548 0 15 0 207 66 0 70 1974 37 30 53 332 228 0 614 30 59 0 595 132 0 15 204 310 434 159 861 3000 0 0 0 518 0 0 0 190 0 0 0 0 38 40 0 15 38 32 885 0 221 0 320 0 0 0 0 0 0 2618 482 0 128 0 122 0 481 
0 270 0 21 1686 0 470 19 54 0 15 0 49 0 0 0 0 739 145 8 741 128 79 0 0 269 416 0 33 0 0 0 258 468 11 352 186 0 14 1328 0 39 167 8 0 0 0 16 9 85 116 32 148 0 0 46 0 164 0 2619 0 36 29 10 193 0 523 0 259 0 0 181 104 0 86 0 444 37 0 474 
0 489 0 359 355 3000 0 708 59 406 0 0 25 203 92 0 0 718 270 68 0 96 10 560 53 361 43 8 0 22 3000 215 174 24 341 0 2169 223 122 671 15 1786 52 0 518 0 0 0 182 8 409 72 166 0 0 2230 261 0 710 905 8 52 33 498 16 224 0 0 0 0 0 801 95 89 0 73 0 25 0 60 
0 730 0 17 51 0 192 32 1369 0 9 14 133 0 0 3000 3000 2182 10 37 3000 903 197 0 0 65 2218 0 31 0 0 0 34 3000 3000 328 12 0 338 2169 0 3000 0 16 0 16 0 0 282 3000 291 78 303 139 12 2619 0 3000 0 1114 63 30 863 98 183 28 160 0 34 9 9 87 69 0 685 0 85 17 0 139 
0 921 0 1128 15 303 1129 222 65 0 0 0 77 814 2292 0 0 22 54 259 0 10 131 143 637 337 106 50 0 58 12 0 15 67 21 34 518 0 1603 228 155 38 100 0 0 9 182 282 0 104 453 7 475 0 0 225 92 0 3000 147 8 57 106 64 233 0 0 0 0 0 0 100 42 118 346 194 387 93 0 919 
0 633 0 743 1993 191 1486 3000 68 0 455 0 21 29 8 0 0 688 245 843 12 49 120 147 1623 845 28 825 46 11 2778 0 23 13 92 870 145 0 591 48 3000 25 306 20 0 85 8 3000 104 0 82 114 7 0 0 503 12 3000 236 55 262 98 82 744 8 382 35 0 10 0 0 793 66 20 660 126 422 140 0 32 
0 697 0 746 151 288 9 70 99 0 0 0 594 15 13 0 0 37 7 76 0 99 41 1251 37 152 69 7 0 480 73 0 7 161 1440 88 67 38 10 259 160 30 58 61 190 116 409 291 453 82 0 11 23 0 0 152 40 0 7 81 339 53 231 39 82 0 0 0 0 0 0 607 11 584 44 576 194 436 0 179 
0 54 0 30 11 48 41 172 14 0 158 0 429 636 0 0 0 1465 12 68 0 3000 596 0 0 0 185 3000 81 20 9 0 68 26 3000 308 3000 0 26 181 36 23 231 715 0 32 72 78 7 114 11 0 14 0 0 564 82 0 17 288 124 11 325 1062 119 0 11 0 0 0 0 80 586 165 748 132 43 96 0 703 
0 56 27 3000 702 533 22 86 70 0 19 764 37 3000 160 14 213 656 1010 40 73 31 41 457 132 80 70 9 353 7 86 0 41 25 140 856 24 0 169 488 46 22 656 160 0 148 166 303 475 7 23 14 0 57 10 732 419 199 9 56 65 116 285 16 480 46 65 0 23 15 65 23 206 24 173 9 12 10 0 1033 
20 0 84 0 197 0 0 0 0 0 0 39 0 0 38 47 15 2368 0 449 76 0 220 0 3000 894 131 0 12 0 62 17 0 0 0 240 0 2656 0 0 0 1731 0 35 0 0 0 139 0 0 0 0 57 0 30 15 0 20 0 189 135 374 0 0 0 1619 3000 91 3000 20 7 74 0 0 0 0 3000 707 457 31 
52 0 449 0 0 0 0 0 0 0 0 106 0 0 372 14 15 716 0 16 18 0 12 0 236 75 368 0 67 0 0 15 0 0 0 3000 0 74 0 0 0 10 0 160 0 0 0 12 0 0 0 0 10 30 0 487 0 83 0 1371 9 960 0 0 0 1009 111 86 29 1783 3000 155 0 0 0 0 21 0 10 18 
208 126 279 38 49 130 177 508 155 368 11 26 12 150 135 13 104 14 2181 515 7 835 42 81 1092 1603 179 46 711 21 277 21 426 73 59 3000 22 737 915 13 25 7 0 99 38 46 2230 2619 225 503 152 564 732 15 487 0 3000 1204 837 69 40 79 671 12 470 8 743 87 8 117 239 481 119 126 62 303 128 23 436 46 
0 482 0 126 1576 1578 0 180 395 145 0 0 1824 113 15 0 0 692 62 1291 0 33 426 14 2372 241 1387 799 0 22 380 678 234 114 48 0 346 3000 88 442 111 620 819 0 40 0 261 0 92 12 40 82 419 0 0 3000 0 0 907 27 131 832 3000 11 758 1138 0 0 0 0 0 12 25 2057 0 699 0 47 0 73 
45 248 50 236 21 0 61 0 550 0 10 3000 112 0 952 62 556 13 2283 38 91 86 23 0 61 40 97 0 8 0 8 129 0 0 0 318 20 28 0 39 0 34 0 3000 0 164 0 3000 0 3000 0 0 199 20 83 1204 0 0 0 8 7 1765 516 0 631 41 54 21 291 69 38 1312 0 0 30 0 224 1652 1236 1668 
0 237 454 1290 117 68 0 509 318 252 0 0 1433 640 10 0 358 40 450 584 0 155 594 36 1144 35 109 16 0 9 25 258 141 184 3000 0 50 866 22 13 8 105 16 33 15 0 710 0 3000 236 7 17 9 0 0 837 907 0 0 3000 149 199 9 785 177 60 0 0 0 0 0 1944 44 76 0 7 8 98 0 549 
365 8 36 16 53 11 0 99 285 3000 0 73 22 104 470 50 48 431 1199 1091 2302 1148 301 44 149 12 464 2460 0 345 30 164 19 222 117 13 26 41 313 255 30 140 100 1815 38 2619 905 1114 147 55 81 288 56 189 1371 69 27 8 3000 0 184 1149 24 3000 96 1041 185 474 159 349 617 65 112 58 0 207 231 29 91 16 
97 632 3000 2393 20 22 0 1484 355 329 0 418 155 1070 327 543 11 161 185 749 74 287 97 33 222 632 249 53 0 180 447 332 29 1484 25 40 1279 366 348 62 265 117 9 215 32 0 8 63 8 262 339 124 65 135 9 40 131 7 149 184 0 22 134 40 271 92 156 40 33 60 41 716 21 350 0 7 37 9 246 55 
286 95 3000 74 140 14 3000 556 15 0 401 132 3000 788 117 617 29 94 412 17 22 1123 3000 76 21 34 1032 102 7 113 2332 117 353 69 113 109 12 83 155 165 11 215 29 154 885 36 52 30 57 98 53 11 116 374 960 79 832 1765 199 1149 22 0 257 65 19 28 11 17 259 78 18 225 3000 2871 71 3000 320 342 2364 78 
0 11 0 144 17 175 8 31 40 0 20 0 880 1444 83 42 1895 180 333 429 155 3000 9 64 310 51 449 40 56 108 114 0 23 19 117 371 7 0 723 999 55 23 21 171 0 29 33 863 106 82 231 325 285 0 0 671 3000 516 9 24 134 257 0 125 203 43 957 0 972 0 52 110 467 665 13 2055 1169 40 0 58 
0 325 0 23 172 184 120 11 129 1186 0 0 8 167 196 0 0 19 115 13 0 17 25 185 239 32 1937 429 0 32 9 218 428 354 42 95 44 53 8 3000 406 459 33 42 221 10 498 98 64 744 39 1062 16 0 0 12 11 0 785 3000 40 65 125 0 506 351 976 0 0 0 0 65 87 339 23 93 194 1736 0 11 
0 77 0 150 10 1187 362 26 443 0 204 0 15 1711 3000 0 0 605 30 100 275 28 183 13 23 30 53 3000 328 116 16 0 71 126 9 31 77 0 82 316 37 38 243 173 0 193 16 183 233 8 82 119 480 0 0 470 758 631 177 96 271 19 203 506 0 144 45 0 37 0 0 26 46 684 121 472 19 15 0 148 
285 24 34 0 537 10 0 0 54 111 0 37 16 619 704 1268 1256 193 28 60 115 111 17 58 70 285 42 0 0 193 92 17 0 75 42 0 2553 2473 122 419 251 2304 0 99 320 0 224 28 0 382 0 0 46 1619 1009 8 1138 41 60 1041 92 28 43 351 144 0 771 47 65 202 171 238 168 43 0 414 74 257 10 993 
773 51 17 101 738 0 17 0 1119 0 33 3000 488 0 78 114 13 1360 442 50 71 174 138 0 0 587 32 0 729 0 0 0 34 90 359 63 33 0 160 30 0 13 0 3000 0 523 0 160 0 35 0 11 65 3000 111 743 0 54 0 185 156 11 957 976 45 771 0 13 1965 219 105 448 363 0 11 0 15 54 41 971 
1715 0 9 0 0 0 0 0 0 0 0 109 0 0 1079 93 3000 0 0 51 18 0 11 0 31 201 7 0 0 0 19 376 0 0 0 0 0 741 0 0 0 28 0 274 0 0 0 0 0 0 0 0 0 91 86 87 0 21 0 474 40 17 0 0 0 47 13 0 430 2756 212 393 0 0 0 0 0 46 209 93 
1229 656 52 56 9 0 926 0 294 0 190 871 15 0 935 52 13 180 115 88 1875 47 70 0 0 348 7 0 94 0 0 0 1681 0 0 3000 201 0 0 8 0 17 0 63 0 259 0 34 0 10 0 0 23 3000 29 8 0 291 0 159 33 259 972 0 37 65 1965 430 0 265 18 100 0 0 192 0 445 233 203 1307 
183 0 11 0 0 0 0 0 0 0 0 80 0 0 3000 243 19 0 0 56 10 0 16 0 14 754 174 0 0 0 0 70 0 0 0 0 0 31 0 0 0 54 0 43 0 0 0 9 0 0 0 0 15 20 1783 117 0 69 0 349 60 78 0 0 0 202 219 2756 265 0 126 515 0 0 0 0 16 0 149 51 
112 346 10 0 19 0 71 0 126 0 0 3000 0 0 32 669 1769 64 0 534 697 0 69 0 227 19 9 0 163 0 845 537 0 0 0 1050 0 779 0 0 0 574 0 36 0 0 0 9 0 0 0 0 65 7 3000 239 0 38 0 617 41 18 52 0 0 171 105 212 18 126 0 3000 0 0 860 0 27 93 7 13 
33 37 713 586 118 76 92 68 35 0 216 892 19 0 3000 192 1273 87 312 22 694 64 103 413 3000 668 1586 58 19 3000 81 567 10 45 360 51 17 100 87 55 34 10 174 780 0 181 801 87 100 793 607 80 23 74 155 481 12 1312 1944 65 716 225 110 65 26 238 448 393 100 515 3000 0 137 51 77 59 544 36 515 93 
0 57 0 1838 751 69 125 10 31 0 0 0 293 50 238 0 0 15 157 166 0 11 10 40 628 366 1913 2111 0 20 191 0 14 136 339 1681 40 29 127 12 17 201 201 325 2618 104 95 69 42 66 11 586 206 0 0 119 25 0 44 112 21 3000 467 87 46 168 363 0 0 0 0 137 0 1050 13 11 126 11 0 40 
0 21 0 520 145 340 0 1073 1566 113 0 0 86 248 252 0 14 11 281 20 0 242 276 36 58 414 690 594 0 873 226 60 928 354 19 0 37 100 12 345 10 10 48 27 482 0 89 0 118 20 584 165 24 0 0 126 2057 0 76 58 350 2871 665 339 684 43 0 0 0 0 0 51 1050 0 0 33 56 74 0 69 
0 218 0 135 19 0 416 0 48 0 23 0 85 0 0 477 0 1341 0 1017 61 282 0 0 0 311 28 0 172 0 0 0 337 116 764 58 46 0 10 56 0 15 0 26 0 86 0 685 346 660 44 748 173 0 0 62 0 30 0 0 0 71 13 23 121 0 11 0 192 0 860 77 13 0 0 0 207 0 0 197 
0 221 170 0 30 17 0 33 0 983 0 0 670 100 57 0 143 0 757 239 0 1876 908 31 294 10 78 2866 0 293 10 631 27 2207 12 0 191 9 108 14 290 454 23 0 128 0 73 0 194 126 576 132 9 0 0 303 699 0 7 207 7 3000 2055 93 472 414 0 0 0 0 0 59 11 33 0 0 0 161 0 248 
54 139 489 11 10 33 478 1544 59 0 187 1576 33 0 92 782 40 159 66 3000 164 269 1606 0 0 111 42 0 45 146 3000 0 143 382 122 105 264 0 117 67 0 2784 0 1125 0 444 0 85 387 422 194 43 12 3000 21 128 0 224 8 231 37 320 1169 194 19 74 15 0 445 16 27 544 126 56 207 0 0 45 8 75 
223 232 7 137 13 59 0 46 365 67 0 2762 47 3000 118 14 582 35 57 15 35 3000 148 13 38 3000 495 19 0 122 85 565 135 451 47 184 1185 90 1492 245 639 20 814 20 122 37 25 17 93 140 436 96 10 707 0 23 47 1652 98 29 9 342 40 1736 15 257 54 46 233 0 93 36 11 74 0 161 45 0 10 3000 
36 0 26 0 0 0 0 0 0 0 0 19 0 0 66 37 18 0 0 16 236 0 43 0 646 502 3000 0 0 0 12 2292 0 0 0 0 0 98 0 0 0 34 0 12 0 0 0 0 0 0 0 0 0 457 10 436 0 1236 0 91 246 2364 0 0 0 10 41 209 203 149 7 515 0 0 0 0 8 10 0 1758 
553 40 142 22 2107 9 276 283 13 109 0 254 54 60 323 1448 436 169 282 3000 86 28 2029 312 54 204 50 77 0 75 151 252 1322 22 1879 9 14 108 327 72 9 257 9 126 481 474 60 139 919 32 179 703 1033 31 18 46 73 1668 549 16 55 78 58 11 148 993 971 93 1307 51 13 93 40 69 197 248 75 3000 1758 0 
