80
0 76 62 96 15 32 47 41 45 34 86 30 41 86 46 46 86 18 68 49 22 96 6 35 2 58 62 47 46 30 54 80 94 95 8 44 7 28 69 84 68 79 105 69 98 90 32 61 41 54 72 50 56 46 13 96 39 17 61 23 33 64 89 42 3 65 32 10 68 6 47 63 36 19 93 62 52 82 41 50 
76 0 37 39 71 53 90 83 75 43 15 71 39 21 51 67 63 59 48 58 71 52 81 64 75 33 38 93 50 47 69 41 39 33 82 69 69 86 65 57 50 36 58 8 36 63 47 84 82 61 7 48 79 74 82 51 41 79 22 53 72 52 17 48 73 59 69 66 21 74 36 100 66 72 34 78 42 7 44 28 
62 37 0 75 50 30 94 87 82 31 36 43 44 58 63 76 91 49 72 70 68 85 64 69 60 6 1 96 61 34 82 71 75 37 69 77 54 60 86 85 74 67 92 36 72 92 47 96 86 75 39 62 90 82 62 85 44 72 17 42 74 73 53 20 59 79 71 54 49 63 16 108 36 49 33 92 10 39 52 21 
96 39 75 0 96 84 90 85 74 71 49 101 55 18 54 66 38 79 36 57 82 17 102 70 95 70 76 94 54 72 64 20 3 66 99 70 90 114 51 32 37 18 19 39 7 34 64 76 84 57 36 50 73 73 106 16 58 92 58 76 78 42 25 81 93 47 76 87 30 92 70 94 98 99 69 68 78 40 55 61 
15 71 50 96 0 20 60 54 55 27 78 16 41 83 51 55 91 19 72 56 33 98 14 44 13 48 51 60 51 24 63 82 94 85 22 53 11 20 76 88 73 80 107 64 97 95 33 72 54 61 67 55 67 57 12 98 39 31 53 20 44 69 85 30 13 71 42 14 66 19 38 76 22 6 82 72 40 76 44 43 
32 53 30 84 20 0 71 64 62 14 59 17 33 69 50 59 87 23 67 56 43 89 34 49 30 28 30 72 49 14 66 73 82 65 40 59 25 33 76 83 68 70 98 48 84 89 30 78 64 62 51 52 72 63 32 89 32 45 34 17 52 66 69 10 30 69 49 26 54 34 18 86 15 20 62 76 20 58 40 25 
47 90 94 90 60 71 0 7 16 64 104 75 53 88 39 24 63 48 54 34 27 82 51 26 48 89 95 4 40 60 27 70 87 119 41 21 49 75 43 64 53 72 90 82 95 67 48 21 8 33 83 43 20 17 59 82 52 29 85 54 19 48 96 79 47 44 23 47 72 41 78 16 80 65 118 27 87 97 46 75 
41 83 87 85 54 64 7 0 11 57 97 69 46 83 33 19 61 41 50 29 21 78 46 19 42 82 88 10 34 53 23 66 82 112 36 16 43 69 41 61 49 67 87 75 90 65 41 22 1 29 77 37 19 13 54 79 45 24 78 47 12 44 90 72 41 40 16 41 66 36 71 22 74 59 111 26 80 90 39 68 
45 75 82 74 55 62 16 11 0 53 89 70 39 72 24 8 50 40 39 18 23 67 50 13 45 76 83 20 25 50 12 55 71 104 41 5 45 73 30 50 38 56 76 67 79 54 35 17 10 18 67 27 11 2 58 67 38 29 72 45 12 33 80 69 44 29 14 42 56 39 66 26 74 61 104 18 76 81 31 62 
34 43 31 71 27 14 64 57 53 0 52 30 20 57 37 48 74 19 53 44 38 75 38 39 32 26 31 66 36 4 55 59 69 61 41 48 27 44 63 69 54 57 84 37 71 76 18 68 56 50 40 39 62 53 39 76 18 42 27 12 44 53 58 17 31 56 41 25 41 34 15 78 29 29 59 65 23 49 27 16 
86 15 36 49 78 59 104 97 89 52 0 75 51 32 65 81 77 69 63 72 84 63 90 78 84 34 36 107 64 56 84 54 50 18 92 83 79 92 80 71 65 50 68 22 44 76 59 99 96 76 22 63 93 88 90 63 53 91 26 63 86 67 24 52 83 74 82 76 36 85 41 115 70 79 20 93 44 9 58 36 
30 71 43 101 16 17 75 69 70 30 75 0 48 86 63 69 102 31 82 68 48 105 28 58 28 42 43 76 62 29 76 89 99 79 37 67 26 17 88 98 83 87 114 65 101 104 43 87 69 74 69 65 81 71 23 106 47 47 50 29 59 80 86 24 29 83 56 29 71 34 35 91 8 11 76 86 33 75 54 42 
41 39 44 55 41 33 53 46 39 20 51 48 0 45 19 33 54 24 34 27 33 58 47 27 40 38 45 56 18 19 38 41 53 66 45 34 35 60 44 50 35 39 67 31 58 56 9 53 46 32 33 20 47 39 51 58 2 41 32 21 35 33 49 36 38 37 31 31 27 38 29 66 48 45 65 48 39 45 8 23 
86 21 58 18 83 69 88 83 72 57 32 86 45 0 49 64 47 68 37 54 75 31 91 65 84 53 59 92 48 59 64 25 18 50 90 67 79 101 54 41 39 20 37 22 15 45 54 78 81 56 19 45 73 71 94 31 47 84 41 64 74 43 10 66 83 49 70 76 18 83 54 95 83 86 52 70 62 23 47 45 
46 51 63 54 51 50 39 33 24 37 65 63 19 49 0 16 40 33 22 8 29 51 53 16 46 57 64 43 2 36 19 36 51 81 47 18 43 71 26 37 22 36 60 43 58 43 20 34 32 13 44 4 28 23 59 51 19 38 50 34 24 18 56 54 44 20 21 39 33 41 48 49 64 56 81 29 59 58 11 42 
46 67 76 66 55 59 24 19 8 48 81 69 33 64 16 0 43 38 31 9 24 59 52 11 47 71 78 28 17 46 8 46 63 97 44 4 45 74 24 43 30 48 68 59 71 47 30 20 18 10 60 19 14 7 59 60 32 33 65 42 15 25 71 65 45 22 15 41 48 40 61 33 72 61 97 17 71 73 25 56 
86 63 91 38 91 87 63 61 50 74 77 102 54 47 40 43 0 73 20 38 66 23 92 52 86 85 92 67 41 73 37 23 34 96 86 47 83 111 20 6 19 27 29 59 44 5 59 44 59 34 57 37 43 48 99 23 55 75 75 73 58 22 57 89 84 22 57 79 43 81 80 62 102 96 97 37 90 68 48 72 
18 59 49 79 19 23 48 41 40 19 69 31 24 68 33 38 73 0 53 37 20 80 23 27 16 45 50 49 32 15 46 64 77 80 23 37 11 38 58 70 54 63 89 51 81 76 15 56 41 43 54 36 50 41 27 80 22 23 45 7 29 51 71 31 15 53 26 8 51 16 33 63 34 24 78 55 40 65 26 34 
68 48 72 36 72 67 54 50 39 53 63 82 34 37 22 31 20 53 0 22 50 29 74 37 68 66 73 58 22 53 28 16 33 81 69 34 64 92 17 16 2 18 38 42 42 23 39 41 49 21 41 18 37 37 80 30 35 60 56 53 44 6 47 69 66 12 42 60 27 63 60 59 82 77 82 33 70 54 28 52 
49 58 70 57 56 56 34 29 18 44 72 68 27 54 8 9 38 37 22 0 29 51 55 15 49 65 71 38 9 42 12 38 54 89 48 13 46 75 21 36 22 39 60 50 62 41 26 27 27 6 51 10 21 17 62 52 27 38 58 40 22 17 62 61 47 16 20 42 38 43 56 42 70 61 88 22 66 64 18 50 
22 71 68 82 33 43 27 21 23 38 84 48 33 75 29 24 66 20 50 29 0 79 28 14 23 63 69 29 29 34 32 64 80 97 20 22 23 50 48 65 50 64 89 63 86 70 25 39 21 33 65 33 34 24 35 80 31 9 62 27 11 46 81 52 21 45 10 20 57 16 52 43 53 39 95 40 60 78 29 51 
96 52 85 17 98 89 82 78 67 75 63 105 58 31 51 59 23 80 29 51 79 0 102 66 95 80 86 86 51 76 55 16 14 81 97 63 91 117 40 19 30 19 9 49 23 19 65 65 77 49 47 46 63 65 107 0 60 89 69 79 73 35 40 88 93 38 71 87 36 91 78 84 104 102 84 58 87 54 55 68 
6 81 64 102 14 34 51 46 50 38 90 28 47 91 53 52 92 23 74 55 28 102 0 41 7 61 64 51 52 34 60 86 100 98 10 50 12 23 75 90 75 85 111 74 104 96 38 66 46 60 77 56 62 52 8 102 44 22 65 28 38 71 94 44 9 71 38 15 74 12 50 67 35 18 96 68 54 87 47 54 
35 64 69 70 44 49 26 19 13 39 78 58 27 65 16 11 52 27 37 15 14 66 41 0 36 63 70 29 17 36 19 51 67 93 34 10 34 62 34 51 36 52 75 56 74 56 22 29 18 19 58 20 23 14 48 66 26 23 59 32 9 32 71 55 34 31 5 30 48 30 53 39 61 50 92 28 62 71 20 49 
2 75 60 95 13 30 48 42 45 32 84 28 40 84 46 47 86 16 68 49 23 95 7 36 0 56 60 48 46 28 54 79 93 93 10 44 6 27 69 83 68 78 105 67 97 89 31 62 43 54 70 50 57 47 13 96 38 19 59 22 34 64 88 40 2 65 32 9 67 7 45 64 34 18 91 63 50 81 41 48 
58 33 6 70 48 28 89 82 76 26 34 42 38 53 57 71 85 45 66 65 63 80 61 63 56 0 7 91 55 30 76 66 70 38 66 72 51 59 80 80 68 62 87 31 68 86 41 90 81 70 34 57 84 77 60 80 38 68 12 37 69 68 50 19 55 73 66 50 44 59 11 103 36 47 35 86 10 36 46 15 
62 38 1 76 51 30 95 88 83 31 36 43 45 59 64 78 92 50 73 71 69 86 64 70 60 7 0 97 62 35 83 73 76 37 70 78 55 60 87 87 75 69 94 37 74 93 48 97 87 77 40 64 91 83 62 87 45 73 18 42 75 75 54 21 59 80 72 54 51 63 17 109 36 49 33 93 10 40 53 22 
47 93 96 94 60 72 4 10 20 66 107 76 56 92 43 28 67 49 58 38 29 86 51 29 48 91 97 0 44 62 31 74 91 122 40 25 50 74 47 68 57 76 94 85 99 71 50 24 11 37 86 46 23 21 59 86 55 29 88 56 22 52 99 80 47 48 26 48 75 42 80 16 81 66 121 30 89 100 49 78 
46 50 61 54 51 49 40 34 25 36 64 62 18 48 2 17 41 32 22 9 29 51 52 17 46 55 62 44 0 35 21 35 51 80 47 20 42 70 27 38 23 35 60 42 58 44 19 36 33 14 43 4 30 24 58 51 18 38 49 33 25 19 55 53 44 21 22 38 31 41 47 51 63 56 80 31 57 56 9 41 
30 47 34 72 24 14 60 53 50 4 56 29 19 59 36 46 73 15 53 42 34 76 34 36 28 30 35 62 35 0 53 60 71 66 37 46 23 42 62 69 54 58 85 40 73 76 16 65 53 48 43 38 59 50 36 77 18 38 31 7 41 52 61 19 27 55 37 21 43 30 19 75 29 27 63 63 27 53 26 20 
54 69 82 64 63 66 27 23 12 55 84 76 38 64 19 8 37 46 28 12 32 55 60 19 54 76 83 31 21 53 0 44 61 100 52 11 53 82 18 38 27 46 64 61 69 42 37 15 22 8 62 21 10 10 67 56 38 40 70 49 22 22 72 72 53 17 22 49 49 48 67 32 79 69 100 10 77 75 30 61 
80 41 71 20 82 73 70 66 55 59 54 89 41 25 36 46 23 64 16 38 64 16 86 51 79 66 73 74 35 60 44 0 17 73 82 50 75 101 31 17 17 4 25 37 26 22 49 56 64 37 35 31 53 53 91 17 43 74 55 62 59 22 34 73 77 27 57 71 22 76 63 75 88 86 74 49 72 45 39 53 
94 39 75 3 94 82 87 82 71 69 50 99 53 18 51 63 34 77 33 54 80 14 100 67 93 70 76 91 51 71 61 17 0 68 96 67 88 113 47 29 34 16 18 39 10 31 62 73 81 53 36 47 70 70 104 14 56 89 58 74 76 39 27 80 91 44 73 85 28 90 69 91 97 97 70 65 78 41 53 60 
95 33 37 66 85 65 119 112 104 61 18 79 66 50 81 97 96 80 81 89 97 81 98 93 93 38 37 122 80 66 100 73 68 0 102 99 88 96 98 89 83 68 85 39 61 95 72 115 111 93 40 79 110 104 97 81 67 103 35 73 100 85 41 56 92 91 96 86 54 95 48 131 73 85 5 110 46 28 73 46 
8 82 69 99 22 40 41 36 41 41 92 37 45 90 47 44 86 23 69 48 20 97 10 34 10 66 70 40 47 37 52 82 96 102 0 41 15 34 68 84 69 81 107 74 102 90 36 57 36 53 77 51 52 43 18 98 43 12 67 29 30 65 94 50 10 64 29 16 72 7 55 57 44 27 100 59 60 88 44 57 
44 69 77 70 53 59 21 16 5 48 83 67 34 67 18 4 47 37 34 13 22 63 50 10 44 72 78 25 20 46 11 50 67 99 41 0 43 71 28 46 34 51 72 61 75 51 31 20 15 14 62 22 14 5 57 63 33 30 67 41 12 29 74 65 43 26 12 39 51 38 62 32 71 59 98 19 71 76 26 57 
7 69 54 90 11 25 49 43 45 27 79 26 35 79 43 45 83 11 64 46 23 91 12 34 6 51 55 50 42 23 53 75 88 88 15 43 0 29 67 80 64 74 100 62 92 86 27 61 43 51 65 46 56 46 16 91 33 21 54 16 33 61 82 35 4 62 31 4 62 9 40 65 32 16 85 62 45 75 36 43 
28 86 60 114 20 33 75 69 73 44 92 17 60 101 71 74 111 38 92 75 50 117 23 62 27 59 60 74 70 42 82 101 113 96 34 71 29 0 96 108 92 99 127 81 115 114 53 89 70 80 84 74 84 75 16 118 58 45 67 39 61 89 102 40 29 91 60 33 85 34 51 90 24 15 93 90 50 91 63 58 
69 65 86 51 76 76 43 41 30 63 80 88 44 54 26 24 20 58 17 21 48 40 75 34 69 80 87 47 27 62 18 31 47 98 68 28 67 96 0 21 15 35 47 58 57 24 46 26 40 15 58 24 24 28 82 40 44 57 71 60 39 13 64 79 68 7 39 63 44 64 73 44 90 82 98 18 83 71 36 65 
84 57 85 32 88 83 64 61 50 69 71 98 50 41 37 43 6 70 16 36 65 19 90 51 83 80 87 68 38 69 38 17 29 89 84 46 80 108 21 0 15 21 27 53 39 7 55 47 60 33 51 34 45 48 96 19 51 74 69 69 57 19 51 84 81 21 56 76 37 79 75 65 98 93 91 39 85 62 44 66 
68 50 74 37 73 68 53 49 38 54 65 83 35 39 22 30 19 54 2 22 50 30 75 36 68 68 75 57 23 54 27 17 34 83 69 34 64 92 15 15 0 20 39 44 43 22 40 39 48 20 43 18 36 36 81 30 36 60 58 54 44 5 48 70 66 10 42 61 29 64 62 58 83 78 84 32 72 56 29 53 
79 36 67 18 80 70 72 67 56 57 50 87 39 20 36 48 27 63 18 39 64 19 85 52 78 62 69 76 35 58 46 4 16 68 81 51 74 99 35 21 20 0 27 33 23 26 47 59 66 39 30 32 55 55 90 19 42 74 51 60 60 24 30 70 76 30 57 70 18 75 59 77 85 84 70 51 69 41 38 50 
105 58 92 19 107 98 90 87 76 84 68 114 67 37 60 68 29 89 38 60 89 9 111 75 105 87 94 94 60 85 64 25 18 85 107 72 100 127 47 27 39 27 0 56 25 25 74 73 86 58 54 56 71 74 117 9 69 98 76 88 82 43 45 97 103 47 80 97 44 101 86 91 113 111 88 65 95 59 64 77 
69 8 36 39 64 48 82 75 67 37 22 65 31 22 43 59 59 51 42 50 63 49 74 56 67 31 37 85 42 40 61 37 39 39 74 61 62 81 58 53 44 33 56 0 37 58 39 76 74 54 3 41 71 66 76 49 33 71 20 46 64 46 21 44 66 52 61 59 16 67 32 92 62 66 40 70 40 15 36 23 
98 36 72 7 97 84 95 90 79 71 44 101 58 15 58 71 44 81 42 62 86 23 104 74 97 68 74 99 58 73 69 26 10 61 102 75 92 115 57 39 43 23 25 37 0 41 66 82 89 62 34 54 79 78 108 23 60 95 57 78 83 48 21 81 96 53 80 89 31 95 69 100 98 100 64 74 77 36 58 60 
90 63 92 34 95 89 67 65 54 76 76 104 56 45 43 47 5 76 23 41 70 19 96 56 89 86 93 71 44 76 42 22 31 95 90 51 86 114 24 7 22 26 25 58 41 0 62 49 64 38 56 40 48 52 102 19 58 79 76 76 63 25 55 91 88 26 61 82 43 85 82 67 104 99 96 42 92 67 51 73 
32 47 47 64 33 30 48 41 35 18 59 43 9 54 20 30 59 15 39 26 25 65 38 22 31 41 48 50 19 16 37 49 62 72 36 31 27 53 46 55 40 47 74 39 66 62 0 50 40 32 41 22 44 36 43 65 7 32 38 14 28 37 58 35 30 40 25 23 36 29 31 61 44 38 71 47 41 53 11 27 
61 84 96 76 72 78 21 22 17 68 99 87 53 78 34 20 44 56 41 27 39 65 66 29 62 90 97 24 36 65 15 56 73 115 57 20 61 89 26 47 39 59 73 76 82 49 50 0 21 23 77 36 6 15 74 66 52 45 84 61 28 35 86 84 60 29 30 58 64 55 81 18 90 78 115 8 91 90 44 76 
41 82 86 84 54 64 8 1 10 56 96 69 46 81 32 18 59 41 49 27 21 77 46 18 43 81 87 11 33 53 22 64 81 111 36 15 43 70 40 60 48 66 86 74 89 64 40 21 0 28 76 36 18 12 54 77 44 24 77 47 12 43 89 71 41 39 15 41 65 36 70 23 74 59 110 25 79 89 38 67 
54 61 75 57 61 62 33 29 18 50 76 74 32 56 13 10 34 43 21 6 33 49 60 19 54 70 77 37 14 48 8 37 53 93 53 14 51 80 15 33 20 39 58 54 62 38 32 23 28 0 54 13 18 16 67 50 32 42 63 45 25 15 64 67 52 12 24 48 41 48 61 40 76 67 93 17 71 68 24 55 
72 7 39 36 67 51 83 77 67 40 22 69 33 19 44 60 57 54 41 51 65 47 77 58 70 34 40 86 43 43 62 35 36 40 77 62 65 84 58 51 43 30 54 3 34 56 41 77 76 54 0 41 71 67 79 47 35 73 23 49 66 45 18 47 68 51 62 62 14 69 35 93 65 69 41 70 43 14 38 27 
50 48 62 50 55 52 43 37 27 39 63 65 20 45 4 19 37 36 18 10 33 46 56 20 50 57 64 46 4 38 21 31 47 79 51 22 46 74 24 34 18 32 56 41 54 40 22 36 36 13 41 0 30 26 62 47 20 42 49 37 29 15 53 55 48 18 26 42 29 45 49 52 66 59 79 30 59 55 12 42 
56 79 90 73 67 72 20 19 11 62 93 81 47 73 28 14 43 50 37 21 34 63 62 23 57 84 91 23 30 59 10 53 70 110 52 14 56 84 24 45 36 55 71 71 79 48 44 6 18 18 71 30 0 10 69 64 46 40 79 55 23 31 82 78 55 26 25 53 59 50 75 22 84 72 110 7 85 85 38 70 
46 74 82 73 57 63 17 13 2 53 88 71 39 71 23 7 48 41 37 17 24 65 52 14 47 77 83 21 24 50 10 53 70 104 43 5 46 75 28 48 36 55 74 66 78 52 36 15 12 16 67 26 10 0 60 66 39 31 72 46 14 31 79 70 46 27 15 43 55 41 67 26 75 63 103 16 76 81 31 62 
13 82 62 106 12 32 59 54 58 39 90 23 51 94 59 59 99 27 80 62 35 107 8 48 13 60 62 59 58 36 67 91 104 97 18 57 16 16 82 96 81 90 117 76 108 102 43 74 54 67 79 62 69 60 0 108 48 30 65 30 46 77 97 41 15 78 45 20 77 19 50 75 30 13 94 75 52 88 53 55 
96 51 85 16 98 89 82 79 67 76 63 106 58 31 51 60 23 80 30 52 80 0 102 66 96 80 87 86 51 77 56 17 14 81 98 63 91 118 40 19 30 19 9 49 23 19 65 66 77 50 47 47 64 66 108 0 60 89 69 79 74 35 40 88 94 38 71 88 36 92 78 84 104 102 83 58 87 54 55 69 
39 41 44 58 39 32 52 45 38 18 53 47 2 47 19 32 55 22 35 27 31 60 44 26 38 38 45 55 18 18 38 43 56 67 43 33 33 58 44 51 36 42 69 33 60 58 7 52 44 32 35 20 46 39 48 60 0 38 33 19 33 34 51 35 36 38 29 29 29 36 29 65 47 43 66 48 39 47 8 24 
17 79 72 92 31 45 29 24 29 42 91 47 41 84 38 33 75 23 60 38 9 89 22 23 19 68 73 29 38 38 40 74 89 103 12 30 21 45 57 74 60 74 98 71 95 79 32 45 24 42 73 42 40 31 30 89 38 0 68 30 18 55 89 54 18 54 18 19 66 12 57 45 52 36 101 47 63 85 37 57 
61 22 17 58 53 34 85 78 72 27 26 50 32 41 50 65 75 45 56 58 62 69 65 59 59 12 18 88 49 31 70 55 58 35 67 67 54 67 71 69 58 51 76 20 57 76 38 84 77 63 23 49 79 72 65 69 33 68 0 38 66 59 38 27 58 64 62 52 33 60 16 98 45 53 33 80 21 25 40 11 
23 53 42 76 20 17 54 47 45 12 63 29 21 64 34 42 73 7 53 40 27 79 28 32 22 37 42 56 33 7 49 62 74 73 29 41 16 39 60 69 54 60 88 46 78 76 14 61 47 45 49 37 55 46 30 79 19 30 38 0 35 51 66 25 20 54 32 14 47 22 26 69 30 24 71 59 33 59 25 27 
33 72 74 78 44 52 19 12 12 44 86 59 35 74 24 15 58 29 44 22 11 73 38 9 34 69 75 22 25 41 22 59 76 100 30 12 33 61 39 57 44 60 82 64 83 63 28 28 12 25 66 29 23 14 46 74 33 18 66 35 0 39 80 60 32 37 4 30 56 27 59 34 63 49 99 29 68 79 28 56 
64 52 73 42 69 66 48 44 33 53 67 80 33 43 18 25 22 51 6 17 46 35 71 32 64 68 75 52 19 52 22 22 39 85 65 29 61 89 13 19 5 24 43 46 48 25 37 35 43 15 45 15 31 31 77 35 34 55 59 51 39 0 52 69 62 7 37 57 31 59 61 53 81 74 85 27 71 58 26 53 
89 17 53 25 85 69 96 90 80 58 24 86 49 10 56 71 57 71 47 62 81 40 94 71 88 50 54 99 55 61 72 34 27 41 94 74 82 102 64 51 48 30 45 21 21 55 58 86 89 64 18 53 82 79 97 40 51 89 38 66 80 52 0 64 86 58 76 79 24 86 53 104 82 87 44 79 59 16 52 44 
42 48 20 81 30 10 79 72 69 17 52 24 36 66 54 65 89 31 69 61 52 88 44 55 40 19 21 80 53 19 72 73 80 56 50 65 35 40 79 84 70 70 97 44 81 91 35 84 71 67 47 55 78 70 41 88 35 54 27 25 60 69 64 0 39 73 56 35 52 44 12 94 18 29 53 82 10 52 43 21 
3 73 59 93 13 30 47 41 44 31 83 29 38 83 44 45 84 15 66 47 21 93 9 34 2 55 59 47 44 27 53 77 91 92 10 43 4 29 68 81 66 76 103 66 96 88 30 60 41 52 68 48 55 46 15 94 36 18 58 20 32 62 86 39 0 63 31 7 65 6 44 63 35 18 90 61 49 79 39 47 
65 59 79 47 71 69 44 40 29 56 74 83 37 49 20 22 22 53 12 16 45 38 71 31 65 73 80 48 21 55 17 27 44 91 64 26 62 91 7 21 10 30 47 52 53 26 40 29 39 12 51 18 26 27 78 38 38 54 64 54 37 7 58 73 63 0 35 58 37 60 66 47 84 76 92 21 76 65 30 58 
32 69 71 76 42 49 23 16 14 41 82 56 31 70 21 15 57 26 42 20 10 71 38 5 32 66 72 26 22 37 22 57 73 96 29 12 31 60 39 56 42 57 80 61 80 61 25 30 15 24 62 26 25 15 45 71 29 18 62 32 4 37 76 56 31 35 0 28 53 26 55 38 60 47 95 30 64 75 25 52 
10 66 54 87 14 26 47 41 42 25 76 29 31 76 39 41 79 8 60 42 20 87 15 30 9 50 54 48 38 21 49 71 85 86 16 39 4 33 63 76 61 70 97 59 89 82 23 58 41 48 62 42 53 43 20 88 29 19 52 14 30 57 79 35 7 58 28 0 58 9 39 63 33 20 84 58 45 72 33 41 
68 21 49 30 66 54 72 66 56 41 36 71 27 18 33 48 43 51 27 38 57 36 74 48 67 44 51 75 31 43 49 22 28 54 72 51 62 85 44 37 29 18 44 16 31 43 36 64 65 41 14 29 59 55 77 36 29 66 33 47 56 31 24 52 65 37 53 58 0 65 42 81 69 70 55 57 51 27 29 32 
6 74 63 92 19 34 41 36 39 34 85 34 38 83 41 40 81 16 63 43 16 91 12 30 7 59 63 42 41 30 48 76 90 95 7 38 9 34 64 79 64 75 101 67 95 85 29 55 36 48 69 45 50 41 19 92 36 12 60 22 27 59 86 44 6 60 26 9 65 0 48 57 40 24 93 56 54 81 37 50 
47 36 16 70 38 18 78 71 66 15 41 35 29 54 48 61 80 33 60 56 52 78 50 53 45 11 17 80 47 19 67 63 69 48 55 62 40 51 73 75 62 59 86 32 69 82 31 81 70 61 35 49 75 67 50 78 29 57 16 26 59 61 53 12 44 66 55 39 42 48 0 92 30 38 45 77 10 41 38 9 
63 100 108 94 76 86 16 22 26 78 115 91 66 95 49 33 62 63 59 42 43 84 67 39 64 103 109 16 51 75 32 75 91 131 57 32 65 90 44 65 58 77 91 92 100 67 61 18 23 40 93 52 22 26 75 84 65 45 98 69 34 53 104 94 63 47 38 63 81 57 92 0 96 81 130 26 101 107 58 88 
36 66 36 98 22 15 80 74 74 29 70 8 48 83 64 72 102 34 82 70 53 104 35 61 34 36 36 81 63 29 79 88 97 73 44 71 32 24 90 98 83 85 113 62 98 104 44 90 74 76 65 66 84 75 30 104 47 52 45 30 63 81 82 18 35 84 60 33 69 40 30 96 0 18 69 89 26 70 54 38 
19 72 49 99 6 20 65 59 61 29 79 11 45 86 56 61 96 24 77 61 39 102 18 50 18 47 49 66 56 27 69 86 97 85 27 59 16 15 82 93 78 84 111 66 100 99 38 78 59 67 69 59 72 63 13 102 43 36 53 24 49 74 87 29 18 76 47 20 70 24 38 81 18 0 82 78 39 77 48 44 
93 34 33 69 82 62 118 111 104 59 20 76 65 52 81 97 97 78 82 88 95 84 96 92 91 35 33 121 80 63 100 74 70 5 100 98 85 93 98 91 84 70 88 40 64 96 71 115 110 93 41 79 110 103 94 83 66 101 33 71 99 85 44 53 90 92 95 84 55 93 45 130 69 82 0 110 43 29 72 44 
62 78 92 68 72 76 27 26 18 65 93 86 48 70 29 17 37 55 33 22 40 58 68 28 63 86 93 30 31 63 10 49 65 110 59 19 62 90 18 39 32 51 65 70 74 42 47 8 25 17 70 30 7 16 75 58 48 47 80 59 29 27 79 82 61 21 30 58 57 56 77 26 89 78 110 0 87 84 40 71 
52 42 10 78 40 20 87 80 76 23 44 33 39 62 59 71 90 40 70 66 60 87 54 62 50 10 10 89 57 27 77 72 78 46 60 71 45 50 83 85 72 69 95 40 77 92 41 91 79 71 43 59 85 76 52 87 39 63 21 33 68 71 59 10 49 76 64 45 51 54 10 101 26 39 43 87 0 45 48 19 
82 7 39 40 76 58 97 90 81 49 9 75 45 23 58 73 68 65 54 64 78 54 87 71 81 36 40 100 56 53 75 45 41 28 88 76 75 91 71 62 56 41 59 15 36 67 53 90 89 68 14 55 85 81 88 54 47 85 25 59 79 58 16 52 79 65 75 72 27 81 41 107 70 77 29 84 45 0 51 33 
41 44 52 55 44 40 46 39 31 27 58 54 8 47 11 25 48 26 28 18 29 55 47 20 41 46 53 49 9 26 30 39 53 73 44 26 36 63 36 44 29 38 64 36 58 51 11 44 38 24 38 12 38 31 53 55 8 37 40 25 28 26 52 43 39 30 25 33 29 37 38 58 54 48 72 40 48 51 0 32 
50 28 21 61 43 25 75 68 62 16 36 42 23 45 42 56 72 34 52 50 51 68 54 49 48 15 22 78 41 20 61 53 60 46 57 57 43 58 65 66 53 50 77 23 60 73 27 76 67 55 27 42 70 62 55 69 24 57 11 27 56 53 44 21 47 58 52 41 32 50 9 88 38 44 44 71 19 33 32 0 
0 10 27 587 12 13 0 43 96 237 698 61 39 16 673 387 2541 592 422 71 96 611 187 0 370 13 225 214 25 545 39 28 20 34 21 399 15 56 0 15 0 55 13 56 2394 0 234 76 25 14 900 16 13 0 60 0 0 46 13 451 33 84 107 1589 8 454 19 2313 135 73 0 726 328 0 715 430 0 84 0 598 
10 0 0 393 257 184 723 19 0 0 194 327 0 16 27 14 378 13 539 0 20 63 70 0 20 291 279 1053 35 0 3000 0 0 44 29 0 0 31 0 0 2977 0 12 9 0 629 539 655 0 16 2036 10 85 3000 0 744 0 134 552 0 0 7 70 31 45 0 42 0 2163 67 92 442 14 210 35 1370 0 36 12 27 
27 0 0 187 385 32 0 0 464 33 175 0 1243 0 31 2166 24 0 515 1586 18 0 17 140 0 0 58 0 0 15 1653 18 144 35 25 340 141 0 0 118 0 104 59 0 252 0 0 0 461 0 0 0 15 0 326 0 0 295 10 123 217 32 0 0 297 96 0 68 257 0 0 749 0 0 98 289 0 940 0 332 
587 393 187 0 127 2877 543 1962 2370 65 209 50 412 8 207 35 0 117 601 764 641 109 739 1270 8 200 2331 185 14 454 29 368 45 20 62 49 1918 72 14 1198 75 1607 927 1270 481 58 1635 31 598 264 238 24 94 17 1499 113 487 386 1285 327 77 72 61 3000 264 1332 11 36 266 97 92 185 0 25 696 84 14 1144 235 0 
12 257 385 127 0 235 0 19 276 330 74 24 1386 392 501 1978 258 110 66 7 42 343 15 442 1217 271 15 76 1202 878 132 154 31 200 501 151 562 270 506 191 284 3000 31 26 645 11 140 501 903 60 100 46 313 0 480 169 3000 246 118 48 84 1284 100 49 2084 870 203 550 15 69 19 3000 248 1403 1095 7 189 29 0 494 
13 184 32 2877 235 0 0 107 25 29 2801 136 68 84 11 41 58 407 3000 13 388 118 26 0 1704 30 1298 0 22 12 1612 575 141 100 175 977 123 7 0 22 0 823 349 39 8 0 3000 0 23 126 11 1110 189 0 329 0 0 847 107 692 127 15 409 93 47 18 759 278 97 61 0 275 1306 0 163 132 0 165 0 1248 
0 723 0 543 0 0 0 73 1252 0 0 1009 0 246 0 10 0 17 0 0 1172 9 0 3000 40 8 0 1826 38 0 0 0 0 0 0 0 0 73 308 0 60 0 1589 798 0 43 333 641 0 230 0 15 43 222 0 121 241 279 0 0 0 165 0 1391 402 0 281 0 3000 1083 85 0 0 63 0 397 14 0 95 0 
43 19 0 1962 19 107 73 0 21 0 754 34 0 265 152 1609 0 140 1087 0 105 977 201 83 666 60 72 633 39 0 0 13 0 80 817 0 0 142 17 0 191 0 27 152 0 31 86 40 0 727 1265 3000 394 10 0 18 10 13 181 100 0 35 120 3000 78 0 8 0 231 10 65 13 0 280 0 189 2900 10 8 0 
96 0 464 2370 276 25 1252 21 0 272 10 73 13 44 11 259 0 3000 16 335 50 24 14 182 336 0 33 308 195 189 0 38 55 806 2878 321 22 15 46 117 115 46 299 50 42 1076 0 90 3000 1014 0 0 43 0 1685 83 11 33 93 3000 40 25 0 0 165 19 63 68 408 0 15 811 0 10 0 1063 765 0 0 0 
237 0 33 65 330 29 0 0 272 0 11 54 188 0 1017 632 0 3000 338 88 129 77 57 10 207 0 494 0 0 15 14 74 34 12 771 21 27 3000 0 108 0 489 1564 81 221 0 0 0 380 0 0 0 359 0 51 0 0 569 401 17 1021 27 0 0 108 11 0 10 2569 0 0 65 0 0 11 27 234 67 0 0 
698 194 175 209 74 2801 0 754 10 11 0 61 71 280 17 47 765 111 246 31 13 383 303 260 20 158 28 14 117 28 8 2199 18 54 137 81 220 23 0 47 348 102 578 29 2258 0 9 271 23 76 616 32 12 1069 3000 213 0 1189 36 416 40 69 108 419 306 82 305 296 75 69 94 2554 194 39 9 45 0 446 0 100 
61 327 0 50 24 136 1009 34 73 54 61 0 35 283 3000 335 627 2210 10 0 151 406 14 9 540 11 880 110 89 46 178 65 156 233 39 0 289 1776 2378 25 58 81 26 2821 15 53 494 236 48 24 121 327 29 12 1115 79 3000 135 21 77 0 15 34 48 90 3000 66 0 229 90 491 44 626 203 43 88 9 12 21 96 
39 0 1243 412 1386 68 0 0 13 188 71 35 0 0 43 13 0 100 11 335 1464 211 81 27 350 0 32 0 0 18 0 3000 32 0 3000 12 0 50 908 41 0 243 54 367 565 352 0 1603 18 0 0 0 123 0 24 15 85 14 127 673 867 17 0 0 63 23 0 22 733 0 49 11 0 795 0 0 264 0 0 0 
16 16 0 8 392 84 246 265 44 0 280 283 0 0 17 9 23 266 22 0 769 292 242 1171 56 944 21 31 3000 106 140 11 0 1337 478 0 116 100 46 629 123 0 361 397 45 304 93 141 0 282 10 3000 33 229 0 772 0 19 23 135 0 265 51 252 76 0 396 0 725 185 209 871 937 215 27 364 0 297 207 20 
673 27 31 207 501 11 0 152 11 1017 17 3000 43 17 0 1206 117 26 87 203 665 304 17 227 248 57 748 20 92 21 31 88 314 748 80 9 21 888 1232 8 55 538 17 854 104 288 88 319 282 195 308 220 167 0 68 2488 69 187 515 188 8 33 421 120 123 429 64 216 527 83 9 12 22 12 1329 26 95 126 0 106 
387 14 2166 35 1978 41 10 1609 259 632 47 335 13 9 1206 0 30 23 9 24 23 222 287 369 102 138 169 37 698 71 324 30 25 516 1149 1595 128 354 3000 52 89 3000 17 26 22 52 7 31 10 1428 386 747 170 48 18 7 2718 44 13 59 0 38 990 52 32 49 143 0 22 473 12 76 1579 499 7 353 43 1035 3000 170 
2541 378 24 0 258 58 0 0 0 0 765 627 0 23 117 30 0 257 7 0 39 0 939 0 0 72 103 0 348 591 886 0 0 41 368 0 32 0 0 282 0 8 29 0 10 0 33 0 0 16 13 13 0 0 336 0 0 15 210 135 0 13 19 71 0 633 1743 0 24 54 0 467 133 0 219 10 0 18 0 10 
592 13 0 117 110 407 17 140 3000 3000 111 2210 100 266 26 23 257 0 414 0 195 649 87 224 2403 8 132 91 519 175 880 153 32 524 71 0 31 1577 18 3000 711 89 2010 2200 2475 28 428 94 448 30 163 156 14 23 0 391 391 327 34 594 0 188 131 550 726 40 875 0 126 82 242 811 0 134 130 61 377 597 47 78 
422 539 515 601 66 3000 0 1087 16 338 246 10 11 22 87 9 7 414 0 10 21 1551 51 936 23 114 50 0 8 155 271 20 791 133 25 153 205 142 0 31 0 1216 17 380 15 0 8 124 17 740 475 165 69 0 163 0 0 21 81 21 28 97 23 125 13 11 176 129 3000 24 0 582 21 0 32 165 163 779 0 8 
71 0 1586 764 7 13 0 0 335 88 31 0 335 0 203 24 0 0 10 0 63 244 26 37 0 0 82 0 0 9 0 393 82 0 55 806 80 10 1074 1237 0 210 105 706 33 109 0 0 29 0 0 0 40 0 11 0 42 68 47 49 618 1680 0 0 46 442 0 1719 136 0 0 94 0 0 0 0 18 0 0 0 
96 20 18 641 42 388 1172 105 50 129 13 151 1464 769 665 23 39 195 21 63 0 1216 52 297 21 1096 128 47 869 625 793 79 47 12 8 89 1085 49 339 1884 191 28 27 8 149 16 71 24 22 10 81 8 35 114 155 316 126 211 206 11 14 3000 94 10 43 340 207 311 38 112 24 860 8 212 1447 700 15 82 19 11 
611 63 0 109 343 118 9 977 24 77 383 406 211 292 304 222 0 649 1551 244 1216 0 20 554 667 0 168 93 56 131 0 852 2424 0 0 15 0 235 1509 25 1909 0 15 292 0 20 45 10 2517 303 0 508 71 3000 0 17 115 389 8 858 0 1090 0 1797 10 0 111 0 67 9 98 18 0 1008 0 22 736 0 33 0 
187 70 17 739 15 26 0 201 14 57 303 14 81 242 17 287 939 87 51 26 52 20 0 0 661 60 150 0 70 568 8 449 83 1308 38 68 55 9 0 1943 0 63 403 0 37 0 256 0 780 25 96 14 11 0 289 0 0 225 145 21 133 54 321 110 3000 13 203 13 1558 19 0 213 223 0 65 1175 0 23 0 182 
0 0 140 1270 442 0 3000 83 182 10 260 9 27 1171 227 369 0 224 936 37 297 554 0 0 80 0 0 0 0 43 0 44 77 0 0 476 0 25 8 191 24 0 32 202 0 169 0 582 13 0 0 0 23 0 0 144 280 1333 361 261 17 57 0 0 57 0 0 11 49 0 35 0 0 35 0 0 28 0 0 0 
370 20 0 8 1217 1704 40 666 336 207 20 540 350 56 248 102 0 2403 23 0 21 667 661 80 0 9 726 99 24 136 0 223 318 885 284 0 0 1367 46 64 22 0 54 310 106 71 239 10 168 27 226 460 223 77 0 76 27 8 440 712 0 11 208 32 28 464 160 0 2563 204 9 2008 0 9 0 13 320 487 36 0 
13 291 0 200 271 30 8 60 0 0 158 11 0 944 57 138 72 8 114 0 1096 0 60 0 9 0 9 24 137 821 13 0 0 42 27 0 196 1506 0 0 956 121 615 0 79 0 52 1000 0 17 89 40 0 274 0 312 0 16 17 237 0 85 374 1829 303 163 30 0 85 165 0 26 658 824 1373 62 0 2305 447 73 
225 279 58 2331 15 1298 0 72 33 494 28 880 32 21 748 169 103 132 50 82 128 168 150 0 726 9 0 756 35 79 63 21 34 57 448 625 736 189 0 9 0 89 11 1649 29 0 28 80 30 57 187 656 53 0 967 0 0 142 176 7 48 121 117 135 500 63 162 231 437 30 0 120 15 0 34 487 0 11 0 33 
214 1053 0 185 76 0 1826 633 308 0 14 110 0 31 20 37 0 91 0 0 47 93 0 0 99 24 756 0 3000 0 0 0 0 1107 553 0 0 316 25 0 164 0 86 29 0 79 35 1020 0 117 102 551 28 89 0 23 0 1115 0 0 0 438 40 47 2799 0 64 0 78 89 40 0 0 28 0 207 0 43 1641 0 
25 35 0 14 1202 22 38 39 195 0 117 89 0 3000 92 698 348 519 8 0 869 56 70 0 24 137 35 3000 0 1834 2230 0 0 114 47 0 362 586 0 0 17 0 112 140 18 122 547 3000 0 1678 10 921 230 10 0 51 0 228 145 0 0 17 501 31 87 0 814 0 23 2822 29 36 10 1405 2119 419 0 24 1348 109 
545 0 15 454 878 12 0 0 189 15 28 46 18 106 21 71 591 175 155 9 625 131 568 43 136 821 79 0 1834 0 29 8 1147 7 47 602 10 1423 0 201 0 33 15 83 39 0 26 0 20 55 14 3000 247 0 21 0 0 490 44 220 752 399 15 42 215 104 1662 8 67 2838 0 343 41 0 299 34 46 8 0 64 
39 3000 1653 29 132 1612 0 0 0 14 8 178 0 140 31 324 886 880 271 0 793 0 8 0 0 13 63 0 2230 29 0 548 0 2510 75 0 66 0 0 268 0 14 228 0 98 0 877 0 375 10 212 74 0 0 7 0 0 872 7 30 0 483 13 338 0 122 28 401 183 267 0 2012 103 0 24 121 0 116 0 303 
28 0 18 368 154 575 0 13 38 74 2199 65 3000 11 88 30 0 153 20 393 79 852 449 44 223 0 21 0 0 8 548 0 26 24 19 708 50 3000 175 3000 0 459 493 3000 218 31 0 10 23 0 0 0 37 0 731 146 16 23 52 59 2384 170 0 0 11 171 12 29 63 0 28 93 0 0 3000 74 329 18 0 0 
20 0 144 45 31 141 0 0 55 34 18 156 32 0 314 25 0 32 791 82 47 2424 83 77 318 0 34 0 0 1147 0 26 0 0 348 31 0 43 82 455 0 32 16 84 792 358 0 8 766 0 0 0 54 0 814 94 8 238 24 11 116 524 0 0 2790 15 0 63 196 0 84 1264 0 0 0 0 148 0 0 0 
34 44 35 20 200 100 0 80 806 12 54 233 0 1337 748 516 41 524 133 0 12 0 1308 0 885 42 57 1107 114 7 2510 24 0 0 93 0 333 3000 0 797 0 7 919 0 140 0 19 0 73 22 102 70 0 1452 794 0 0 9 950 233 0 36 34 40 744 824 125 0 23 76 0 49 532 0 1256 90 0 26 0 13 
21 29 25 62 501 175 0 817 2878 771 137 39 3000 478 80 1149 368 71 25 55 8 0 38 0 284 27 448 553 47 47 75 19 348 93 0 501 156 83 0 1250 0 159 3000 0 635 0 599 0 124 149 3000 681 2237 0 95 0 0 539 68 2441 1645 57 182 312 121 46 76 47 3000 22 0 29 97 0 254 103 0 231 0 168 
399 0 340 49 151 977 0 0 321 21 81 0 12 0 9 1595 0 0 153 806 89 15 68 476 0 0 625 0 0 602 0 708 31 0 501 0 22 362 12 40 0 83 9 36 891 12 0 0 2369 0 0 0 63 0 387 0 77 3000 10 14 244 106 0 0 21 77 0 66 74 0 0 7 0 0 0 0 615 0 0 0 
15 0 141 1918 562 123 0 0 22 27 220 289 0 116 21 128 32 31 205 80 1085 0 55 0 0 196 736 0 362 10 66 50 0 333 156 22 0 0 0 35 0 7 43 0 165 0 95 0 12 42 11 157 0 0 93 0 0 933 25 38 196 99 585 50 0 47 111 94 286 81 0 18 1244 0 15 38 0 109 0 1233 
56 31 0 72 270 7 73 142 15 3000 23 1776 50 100 888 354 0 1577 142 10 49 235 9 25 1367 1506 189 316 586 1423 0 3000 43 3000 83 362 0 0 50 570 98 0 8 234 285 51 120 23 199 437 0 3000 34 81 0 112 988 11 131 341 0 159 864 390 1211 0 52 0 32 881 771 33 0 169 0 78 7 0 3000 0 
0 0 0 14 506 0 308 17 46 0 0 2378 908 46 1232 3000 0 18 0 1074 339 1509 0 8 46 0 0 25 0 0 0 175 82 0 0 12 0 50 0 277 84 0 9 244 0 1717 0 132 41 0 0 0 283 11 0 43 207 31 22 209 0 1237 0 0 401 0 0 0 235 0 44 0 0 247 0 0 154 0 201 0 
15 0 118 1198 191 22 0 0 117 108 47 25 41 629 8 52 282 3000 31 1237 1884 25 1943 191 64 0 9 0 0 201 268 3000 455 797 1250 40 35 570 277 0 0 42 1798 281 38 49 0 353 333 0 0 0 385 0 15 35 162 28 2815 653 178 71 16 0 20 3000 74 34 102 14 33 92 476 0 1003 12 24 182 0 130 
0 2977 0 75 284 0 60 191 115 0 348 58 0 123 55 89 0 711 0 0 191 1909 0 24 22 956 0 164 17 0 0 0 0 0 0 0 0 98 84 0 0 0 20 986 0 11 41 15 0 3000 0 33 559 1444 0 1599 2926 1711 0 0 0 230 0 41 227 0 27 0 284 216 13 0 0 21 0 142 72 0 18 0 
55 0 104 1607 3000 823 0 0 46 489 102 81 243 0 538 3000 8 89 1216 210 28 0 63 0 0 121 89 0 0 33 14 459 32 7 159 83 7 0 0 42 0 0 27 0 67 0 0 0 66 0 131 0 0 0 398 0 0 339 12 10 146 53 122 0 105 16 17 24 8 28 0 588 89 0 162 21 0 3000 0 10 
13 12 59 927 31 349 1589 27 299 1564 578 26 54 361 17 17 29 2010 17 105 27 15 403 32 54 615 11 86 112 15 228 493 16 919 3000 9 43 8 9 1798 20 27 0 46 22 11 27 64 384 140 12 54 659 214 619 50 814 24 73 18 1740 226 14 536 1762 630 1406 262 172 93 3000 86 3000 1416 18 287 12 52 165 272 
56 9 0 1270 26 39 798 152 50 81 29 2821 367 397 854 26 0 2200 380 706 8 292 0 202 310 0 1649 29 140 83 0 3000 84 0 0 36 0 234 244 281 986 0 46 0 0 34 9 968 86 1216 0 169 57 20 0 15 89 18 1128 41 0 703 0 230 639 0 123 0 16 54 84 0 0 161 0 0 637 0 11 0 
2394 0 252 481 645 8 0 0 42 221 2258 15 565 45 104 22 10 2475 15 33 149 0 37 0 106 79 29 0 18 39 98 218 792 140 635 891 165 285 0 38 0 67 22 0 0 0 15 0 783 1040 552 8 807 0 20 0 0 76 587 773 508 115 21 1082 11 11 131 604 310 49 0 840 24 0 3000 113 0 180 0 1846 
0 629 0 58 11 0 43 31 1076 0 0 53 352 304 288 52 0 28 0 109 16 20 0 169 71 0 0 79 122 0 0 31 358 0 0 12 0 51 1717 49 11 0 11 34 0 0 0 21 42 1148 0 8 16 65 0 22 314 249 418 694 0 113 0 177 11 0 0 0 82 0 8 0 0 161 0 0 99 0 55 0 
234 539 0 1635 140 3000 333 86 0 0 9 494 0 93 88 7 33 428 8 0 71 45 256 0 239 52 28 35 547 26 877 0 0 19 599 0 95 120 0 0 41 0 27 9 15 0 0 15 0 66 110 348 125 16 0 20 0 10 186 0 0 17 41 105 21 3000 62 0 320 87 74 18 1097 48 32 1246 0 115 102 87 
76 655 0 31 501 0 641 40 90 0 271 236 1603 141 319 31 0 94 124 0 24 10 0 582 10 1000 80 1020 3000 0 0 10 8 0 0 0 0 23 132 353 15 0 64 968 0 21 15 0 0 116 0 131 46 29 0 33 70 20 128 338 0 945 0 8 27 0 124 0 194 3000 317 0 0 49 0 22 2220 0 14 0 
25 0 461 598 903 23 0 0 3000 380 23 48 18 0 282 10 0 448 17 29 22 2517 780 13 168 0 30 0 0 20 375 23 766 73 124 2369 12 199 41 333 0 66 384 86 783 42 0 0 0 0 0 0 13 0 42 34 26 145 1303 7 22 33 0 0 9 1797 135 954 43 0 516 75 0 0 142 252 35 580 0 43 
14 16 0 264 60 126 230 727 1014 0 76 24 0 282 195 1428 16 30 740 0 10 303 25 0 27 17 57 117 1678 55 10 0 0 22 149 0 42 437 0 0 3000 0 140 1216 1040 1148 66 116 0 0 345 1790 70 49 0 47 0 77 1607 207 0 389 210 14 359 20 63 0 483 119 189 29 988 351 221 142 0 214 17 169 
900 2036 0 238 100 11 0 1265 0 0 616 121 0 10 308 386 13 163 475 0 81 0 96 0 226 89 187 102 10 14 212 0 0 102 3000 0 11 0 0 0 0 131 12 0 552 0 110 0 0 345 0 387 0 0 55 0 0 32 368 0 0 8 62 43 0 2682 16 0 373 467 0 833 25 0 120 157 0 486 0 36 
16 10 0 24 46 1110 15 3000 0 0 32 327 0 3000 220 747 13 156 165 0 8 508 14 0 460 40 656 551 921 3000 74 0 0 70 681 0 157 3000 0 0 33 0 54 169 8 8 348 131 0 1790 387 0 26 515 0 10 0 221 8 0 0 46 157 11 113 0 353 0 1310 83 74 254 513 348 423 149 0 2336 1260 17 
13 85 15 94 313 189 43 394 43 359 12 29 123 33 167 170 0 14 69 40 35 71 11 23 223 0 53 28 230 247 0 37 54 0 2237 63 0 34 283 385 559 0 659 57 807 16 125 46 13 70 0 26 0 10 1635 8 478 24 201 97 1894 127 0 24 19 0 308 0 547 64 64 971 0 50 0 13 226 0 14 0 
0 3000 0 17 0 0 222 10 0 0 1069 12 0 229 0 48 0 23 0 0 114 3000 0 0 77 274 0 89 10 0 0 0 0 1452 0 0 0 81 11 0 1444 0 214 20 0 65 16 29 0 49 0 515 10 0 0 10 0 515 0 0 0 228 362 902 19 0 2535 0 101 322 62 0 0 39 0 9 0 0 29 0 
60 0 326 1499 480 329 0 0 1685 51 3000 1115 24 0 68 18 336 0 163 11 155 0 289 0 0 0 967 0 0 21 7 731 814 794 95 387 93 0 0 15 0 398 619 0 20 0 0 0 42 0 55 0 1635 0 0 0 0 39 137 1596 7 110 54 0 18 55 67 847 2296 0 0 844 204 0 53 459 0 25 0 73 
0 744 0 113 169 0 121 18 83 0 213 79 15 772 2488 7 0 391 0 0 316 17 0 144 76 312 0 23 51 0 0 146 94 0 0 0 0 112 43 35 1599 0 50 15 0 22 20 33 34 47 0 10 8 10 0 0 8 24 189 24 0 2717 0 75 289 0 15 0 1140 315 9 0 0 12 0 495 91 0 31 0 
0 0 0 487 3000 0 241 10 11 0 0 3000 85 0 69 2718 0 391 0 42 126 115 0 280 27 0 0 0 0 0 0 16 8 0 0 77 0 988 207 162 2926 0 814 89 0 314 0 70 26 0 0 0 478 0 0 8 0 218 145 738 0 242 0 0 3000 0 0 0 192 0 13 0 0 467 0 0 12 0 0 0 
46 134 295 386 246 847 279 13 33 569 1189 135 14 19 187 44 15 327 21 68 211 389 225 1333 8 16 142 1115 228 490 872 23 238 9 539 3000 933 11 31 28 1711 339 24 18 76 249 10 20 145 77 32 221 24 515 39 24 218 0 9 468 18 42 12 102 46 333 19 105 889 22 55 9 105 103 1741 468 112 45 0 1036 
13 552 10 1285 118 107 0 181 93 401 36 21 127 23 515 13 210 34 81 47 206 8 145 361 440 17 176 0 145 44 7 52 24 950 68 10 25 131 22 2815 0 12 73 1128 587 418 186 128 1303 1607 368 8 201 0 137 189 145 9 0 18 60 28 7 61 220 10 64 48 64 1076 537 8 1178 0 51 47 11 12 0 137 
451 0 123 327 48 692 0 100 3000 17 416 77 673 135 188 59 135 594 21 49 11 858 21 261 712 237 7 0 0 220 30 59 11 233 2441 14 38 341 209 653 0 10 18 41 773 694 0 338 7 207 0 0 97 0 1596 24 738 468 18 0 10 890 441 0 119 14 2976 872 3000 7 94 27 27 0 44 1291 8 79 0 463 
33 0 217 77 84 127 0 0 40 1021 40 0 867 0 8 0 0 0 28 618 14 0 133 17 0 0 48 0 0 752 0 2384 116 0 1645 244 196 0 0 178 0 146 1740 0 508 0 0 0 22 0 0 0 1894 0 7 0 0 18 60 10 0 475 0 0 27 264 0 343 250 0 0 1995 0 0 85 0 8 0 0 0 
84 7 32 72 1284 15 165 35 25 27 69 15 17 265 33 38 13 188 97 1680 3000 1090 54 57 11 85 121 438 17 399 483 170 524 36 57 106 99 159 1237 71 230 53 226 703 115 113 17 945 33 389 8 46 127 228 110 2717 242 42 28 890 475 0 16 1452 1048 235 15 0 20 85 54 137 31 171 2435 265 80 631 3000 77 
107 70 0 61 100 409 0 120 0 0 108 34 0 51 421 990 19 131 23 0 94 0 321 0 208 374 117 40 501 15 13 0 0 34 182 0 585 864 0 16 0 122 14 0 21 0 41 0 0 210 62 157 0 362 54 0 0 12 7 441 0 16 0 2089 42 193 672 0 13 22 0 45 104 0 373 41 0 219 0 355 
1589 31 0 3000 49 93 1391 3000 0 0 419 48 0 252 120 52 71 550 125 0 10 1797 110 0 32 1829 135 47 31 42 338 0 0 40 312 0 50 390 0 0 41 0 536 230 1082 177 105 8 0 14 43 11 24 902 0 75 0 102 61 0 0 1452 2089 0 113 85 83 0 13 22 40 300 378 32 56 78 0 117 104 105 
8 45 297 264 2084 47 402 78 165 108 306 90 63 76 123 32 0 726 13 46 43 10 3000 57 28 303 500 2799 87 215 0 11 2790 744 121 21 0 1211 401 20 227 105 1762 639 11 11 21 27 9 359 0 113 19 19 18 289 3000 46 220 119 27 1048 42 113 0 67 366 97 152 947 47 3000 0 262 0 55 32 25 1679 0 
454 0 96 1332 870 18 0 0 19 11 82 3000 23 0 429 49 633 40 11 442 340 0 13 0 464 163 63 0 0 104 122 171 15 824 46 77 47 0 0 3000 0 16 630 0 11 0 3000 0 1797 20 2682 0 0 0 55 0 0 333 10 14 264 235 193 85 67 0 1156 44 21 25 0 20 548 0 687 274 0 89 0 520 
19 42 0 11 203 759 281 8 63 0 305 66 0 396 64 143 1743 875 176 0 207 111 203 0 160 30 162 64 814 1662 28 12 0 125 76 0 111 52 0 74 27 17 1406 123 131 0 62 124 135 63 16 353 308 2535 67 15 0 19 64 2976 0 15 672 83 366 1156 0 0 132 51 94 191 14 3000 18 533 0 119 12 232 
2313 0 68 36 550 278 0 0 68 10 296 0 22 0 216 0 0 0 129 1719 311 0 13 11 0 0 231 0 0 8 401 29 63 0 47 66 94 0 0 34 0 24 262 0 604 0 0 0 954 0 0 0 0 0 847 0 0 105 48 872 343 0 0 0 97 44 0 0 188 0 0 34 0 0 98 0 0 0 0 0 
135 2163 257 266 15 97 3000 231 408 2569 75 229 733 725 527 22 24 126 3000 136 38 67 1558 49 2563 85 437 78 23 67 183 63 196 23 3000 74 286 32 235 102 284 8 172 16 310 82 320 194 43 483 373 1310 547 101 2296 1140 192 889 64 3000 250 20 13 13 152 21 132 188 0 938 197 147 236 345 17 1013 771 102 19 37 
73 67 0 97 69 61 1083 10 0 0 69 90 0 185 83 473 54 82 24 0 112 9 19 0 204 165 30 89 2822 2838 267 0 0 76 22 0 81 881 0 14 216 28 93 54 49 0 87 3000 0 119 467 83 64 322 0 315 0 22 1076 7 0 85 22 22 947 25 51 0 938 0 466 457 1588 141 110 141 0 1557 22 832 
0 92 0 92 19 0 85 65 15 0 94 491 49 209 9 12 0 242 0 0 24 98 0 35 9 0 0 40 29 0 0 28 84 0 0 0 0 771 44 33 13 0 3000 84 0 8 74 317 516 189 0 74 64 62 0 9 13 55 537 94 0 54 0 40 47 0 94 0 197 466 0 0 0 11 0 0 189 0 580 0 
726 442 749 185 3000 275 0 13 811 65 2554 44 11 871 12 76 467 811 582 94 860 18 213 0 2008 26 120 0 36 343 2012 93 1264 49 29 7 18 33 0 92 0 588 86 0 840 0 18 0 75 29 833 254 971 0 844 0 0 9 8 27 1995 137 45 300 3000 20 191 34 147 457 0 0 503 0 9 132 0 15 0 41 
328 14 0 0 248 1306 0 0 0 0 194 626 0 937 22 1579 133 0 21 0 8 0 223 0 0 658 15 0 10 41 103 0 0 532 97 0 1244 0 0 476 0 89 3000 0 24 0 1097 0 0 988 25 513 0 0 204 0 0 105 1178 27 0 31 104 378 0 548 14 0 236 1588 0 503 0 0 45 16 0 9 0 29 
0 210 0 25 1403 0 63 280 10 0 39 203 795 215 12 499 0 134 0 0 212 1008 0 35 9 824 0 28 1405 0 0 0 0 0 0 0 0 169 247 0 21 0 1416 161 0 161 48 49 0 351 0 348 50 39 0 12 467 103 0 0 0 171 0 32 262 0 3000 0 345 141 11 0 0 0 0 106 11 0 1413 0 
715 35 98 696 1095 163 0 0 0 11 9 43 0 27 1329 7 219 130 32 0 1447 0 65 0 0 1373 34 0 2119 299 24 3000 0 1256 254 0 15 0 0 1003 0 162 18 0 3000 0 32 0 142 221 120 423 0 0 53 0 0 1741 51 44 85 2435 373 56 0 687 18 98 17 110 0 9 45 0 0 39 0 51 0 107 
430 1370 289 84 7 132 397 189 1063 27 45 88 0 364 26 353 10 61 165 0 700 22 1175 0 13 62 487 207 419 34 121 74 0 90 103 0 38 78 0 12 142 21 287 0 113 0 1246 22 252 142 157 149 13 9 459 495 0 468 47 1291 0 265 41 78 55 274 533 0 1013 141 0 132 16 106 39 0 0 29 83 507 
0 0 0 14 189 0 14 2900 765 234 0 9 264 0 95 43 0 377 163 18 15 736 0 28 320 0 0 0 0 46 0 329 148 0 0 615 0 7 154 24 72 0 12 637 0 99 0 2220 35 0 0 0 226 0 0 91 12 112 11 8 8 80 0 0 32 0 0 0 771 0 189 0 0 11 0 0 0 0 0 0 
84 36 940 1144 29 165 0 10 0 67 446 12 0 297 126 1035 18 597 779 0 82 0 23 0 487 2305 11 43 24 8 116 18 0 26 231 0 109 0 0 182 0 3000 52 0 180 0 115 0 580 214 486 2336 0 0 25 0 0 45 12 79 0 631 219 117 25 89 119 0 102 1557 0 15 9 0 51 29 0 0 0 958 
0 12 0 235 0 0 95 8 0 0 0 21 0 207 0 3000 0 47 0 0 19 33 0 0 36 447 0 1641 1348 0 0 0 0 0 0 0 0 3000 201 0 18 0 165 11 0 55 102 14 0 17 0 1260 14 29 0 31 0 0 0 0 0 3000 0 104 1679 0 12 0 19 22 580 0 0 1413 0 83 0 0 0 0 
598 27 332 0 494 1248 0 0 0 0 100 96 0 20 106 170 10 78 8 0 11 0 182 0 0 73 33 0 109 64 303 0 0 13 168 0 1233 0 0 130 0 10 272 0 1846 0 87 0 43 169 36 17 0 0 73 0 0 1036 137 463 0 77 355 105 0 520 232 0 37 832 0 41 29 0 107 507 0 958 0 0 
