80
0 45 56 45 84 57 62 84 62 61 28 99 71 41 47 54 77 45 16 30 74 97 20 81 72 15 21 42 78 58 60 60 36 55 74 38 10 85 50 41 83 79 68 50 16 51 41 87 96 1 68 57 49 65 39 23 68 79 46 86 47 45 5 50 59 73 31 88 48 73 91 26 30 93 35 69 5 42 3 29 
45 0 21 23 54 37 92 85 61 89 33 93 38 80 62 85 38 36 46 16 77 95 65 80 48 37 27 64 34 15 69 40 40 49 83 8 55 70 26 57 84 71 23 16 30 32 50 50 96 45 59 94 65 62 78 24 72 73 25 59 73 87 50 45 83 86 40 79 81 75 49 21 47 94 69 33 43 4 45 44 
56 21 0 14 33 19 88 69 47 84 33 75 17 83 55 82 20 26 50 32 63 78 74 63 28 53 35 60 24 11 58 22 60 36 71 23 66 50 11 52 69 53 21 7 44 17 43 31 79 57 42 94 57 47 80 39 59 56 15 38 69 90 60 32 77 75 60 61 80 60 36 31 66 77 70 13 55 24 56 42 
45 23 14 0 40 16 74 62 38 71 19 71 27 68 42 68 34 14 37 26 54 72 61 57 30 44 24 46 38 22 47 19 56 26 61 19 54 49 6 39 61 48 33 11 35 9 30 43 73 45 36 79 45 39 66 32 50 50 2 43 55 76 48 22 64 64 54 57 66 52 49 21 59 71 56 25 45 24 45 28 
84 54 33 40 0 27 96 57 45 92 57 54 16 100 63 93 23 41 73 64 55 61 98 52 14 84 64 71 35 41 59 25 93 39 66 55 93 28 34 64 58 39 43 39 75 33 55 16 64 85 34 107 65 42 97 71 55 42 38 7 80 107 86 40 83 72 92 43 93 52 32 61 98 63 87 21 84 57 85 61 
57 37 19 16 27 0 74 50 28 70 30 57 19 74 40 70 30 14 46 41 44 59 71 45 15 59 38 47 39 30 41 3 72 18 52 35 66 33 11 39 50 35 39 21 50 7 30 35 60 58 23 82 43 28 71 47 41 37 13 29 56 82 60 16 62 57 70 43 69 41 46 36 75 58 61 20 58 39 58 35 
62 92 88 74 96 74 0 55 51 4 58 73 92 27 34 8 103 62 50 81 48 65 52 56 82 77 67 28 111 96 37 74 98 57 38 84 62 78 76 36 53 64 107 85 73 72 45 108 62 63 63 18 31 55 27 79 44 62 73 92 19 31 58 58 12 32 93 69 14 50 119 72 92 60 27 94 67 90 65 48 
84 85 69 62 57 50 55 0 24 51 61 18 62 73 38 57 74 49 68 84 10 13 87 6 47 93 73 46 86 80 25 47 112 35 17 80 90 30 60 44 2 18 89 71 86 53 44 73 12 85 27 72 38 23 72 86 17 15 59 50 49 80 83 41 44 24 109 17 61 11 87 75 111 9 64 67 88 86 86 55 
62 61 47 38 45 28 51 24 0 48 37 37 45 61 22 50 57 25 46 60 16 36 69 20 32 70 50 31 67 58 14 27 88 12 24 56 69 28 37 25 23 17 68 48 62 30 21 58 36 63 11 64 23 4 59 62 12 17 36 41 38 68 62 17 39 29 85 26 51 14 72 51 88 33 49 48 65 62 64 33 
61 89 84 71 92 70 4 51 48 0 56 69 89 29 30 8 100 59 48 79 44 61 53 52 79 76 65 25 108 93 33 70 97 53 34 82 62 74 73 32 49 60 104 82 72 68 41 104 58 62 59 21 28 51 28 77 40 59 70 88 16 33 58 54 8 28 92 65 15 46 116 70 92 56 27 90 66 88 64 45 
28 33 33 19 57 30 58 61 37 56 0 74 45 49 30 52 53 17 17 25 51 73 42 57 45 33 12 31 57 39 40 32 51 28 55 26 37 58 24 25 60 52 51 28 25 24 19 62 73 29 41 61 33 40 47 26 46 54 20 58 40 56 30 23 50 56 48 62 49 50 69 15 51 70 38 44 30 32 29 11 
99 93 75 71 54 57 73 18 37 69 74 0 64 91 55 75 75 60 83 95 28 10 104 19 49 107 86 63 88 85 42 53 124 46 35 90 106 27 67 60 21 22 93 78 99 61 58 71 14 100 34 90 55 34 90 99 34 21 68 47 67 98 99 52 62 41 121 14 79 27 86 87 125 15 81 69 102 95 101 70 
71 38 17 27 16 19 92 62 45 89 45 64 0 92 59 88 12 32 63 49 58 70 87 57 15 69 51 66 24 25 58 19 78 36 68 40 81 38 21 58 63 45 29 24 61 23 49 17 71 72 36 101 61 43 90 56 57 48 26 22 75 100 74 34 81 74 77 51 87 55 27 47 83 70 79 6 71 41 72 52 
41 80 83 68 100 74 27 73 61 29 49 91 92 0 39 20 101 60 34 67 64 85 27 72 86 56 53 30 107 89 50 75 76 61 57 72 38 89 73 36 71 77 100 78 55 70 44 109 82 42 71 16 38 65 3 62 58 76 68 98 24 8 36 60 32 52 72 84 14 65 118 59 69 80 13 92 46 78 43 40 
47 62 55 42 63 40 34 38 22 30 30 55 59 39 0 30 70 29 31 55 28 51 49 36 49 58 41 9 78 64 13 40 78 24 27 55 52 50 43 6 36 38 75 52 52 38 12 74 49 48 32 44 3 26 37 55 22 38 40 61 17 47 46 24 23 26 75 46 30 28 86 45 76 47 27 60 51 61 49 20 
54 85 82 68 93 70 8 57 50 8 52 75 88 20 30 0 99 57 42 74 48 68 44 57 79 69 60 23 106 90 36 70 90 54 40 77 54 77 71 30 54 64 102 79 66 67 40 104 65 55 61 15 28 53 20 71 44 62 68 90 13 25 50 54 13 34 85 70 7 50 115 65 84 62 19 89 59 84 57 41 
77 38 20 34 23 30 103 74 57 100 53 75 12 101 70 99 0 42 70 51 71 81 94 69 27 73 56 76 13 22 70 30 78 47 80 42 86 48 29 68 75 57 22 27 64 32 59 12 83 77 48 111 72 55 99 59 69 60 33 30 86 109 80 46 92 86 78 62 97 67 16 51 84 81 89 10 76 41 77 61 
45 36 26 14 41 14 62 49 25 59 17 60 32 60 29 57 42 0 32 35 41 60 57 44 28 49 27 34 50 35 33 16 64 14 47 31 53 41 15 27 48 38 46 24 40 10 17 49 60 46 26 69 32 27 57 39 36 39 12 42 44 67 46 9 51 50 62 47 55 39 58 27 66 58 47 33 46 37 46 20 
16 46 50 37 73 46 50 68 46 48 17 83 63 34 31 42 70 32 0 33 58 80 25 65 61 28 19 27 74 55 44 48 49 40 57 38 23 71 42 25 66 63 66 45 24 40 25 79 79 18 53 48 32 50 32 29 51 64 37 74 32 41 16 36 45 56 45 72 37 57 86 25 46 77 24 61 20 44 19 14 
30 16 32 26 64 41 81 84 60 79 25 95 49 67 55 74 51 35 33 0 75 95 49 79 55 22 14 55 50 30 64 45 30 49 79 10 39 74 31 49 83 73 39 25 14 35 43 63 95 29 61 81 57 61 64 8 69 74 28 68 63 72 34 43 74 80 29 81 69 73 64 9 34 93 57 45 27 13 29 35 
74 77 63 54 55 44 48 10 16 44 51 28 58 64 28 48 71 41 58 75 0 23 77 9 44 83 64 36 82 73 15 42 102 27 11 72 80 32 53 34 9 18 83 63 76 46 34 71 22 75 22 63 27 16 62 77 6 15 52 50 39 71 73 32 36 18 99 21 52 3 85 66 101 19 54 62 77 78 76 45 
97 95 78 72 61 59 65 13 36 61 73 10 70 85 51 68 81 60 80 95 23 0 100 16 54 106 86 58 93 89 37 57 124 47 28 91 103 33 70 57 15 25 97 80 98 63 56 77 4 98 36 82 50 34 83 98 29 22 70 54 61 92 96 52 54 33 121 19 72 23 93 87 124 5 76 74 100 97 99 68 
20 65 74 61 98 71 52 87 69 53 42 104 87 27 49 44 94 57 25 49 77 100 0 85 86 33 39 42 96 77 62 73 52 64 74 57 13 95 66 44 85 86 87 68 36 65 48 104 98 20 77 42 50 72 26 43 71 86 62 99 42 28 15 61 53 71 47 94 38 77 109 45 44 95 27 86 24 62 21 38 
81 80 63 57 52 45 56 6 20 52 57 19 57 72 36 57 69 44 65 79 9 16 85 0 42 89 69 44 81 74 23 42 107 30 18 75 87 26 54 41 6 13 83 65 82 48 40 67 16 82 21 72 36 18 71 82 15 10 54 46 48 80 80 36 44 26 104 13 60 8 82 71 107 14 62 61 84 81 83 52 
72 48 28 30 14 15 82 47 32 79 45 49 15 86 49 79 27 28 61 55 44 54 86 42 0 74 53 58 39 38 46 12 86 26 55 48 81 23 25 50 48 30 44 33 65 22 42 26 56 73 22 93 52 30 84 61 43 33 28 13 66 94 75 27 70 61 84 36 79 41 40 51 89 55 73 20 73 51 73 48 
15 37 53 44 84 59 77 93 70 76 33 107 69 56 58 69 73 49 28 22 83 106 33 89 74 0 21 55 71 52 70 62 21 61 85 31 21 90 50 52 92 85 60 46 9 52 50 84 105 14 74 72 60 73 54 14 77 86 46 87 61 60 20 56 73 84 17 94 63 82 86 23 18 102 50 66 10 34 13 38 
21 27 35 24 64 38 67 73 50 65 12 86 51 53 41 60 56 27 19 14 64 86 39 69 53 21 0 41 58 38 52 41 38 40 67 19 30 68 30 36 72 64 48 29 13 31 31 66 85 21 53 67 44 52 51 13 58 66 26 66 49 59 25 35 60 68 35 73 55 62 71 6 39 83 43 48 21 25 21 21 
42 64 60 46 71 47 28 46 31 25 31 63 66 30 9 23 76 34 27 55 36 58 42 44 58 55 41 0 84 68 21 47 76 32 33 57 46 59 49 8 44 47 79 57 50 44 17 82 56 44 41 36 9 35 28 54 30 47 45 69 9 38 40 32 19 30 72 55 22 36 93 46 73 54 18 67 47 63 45 20 
78 34 24 38 35 39 111 86 67 108 57 88 24 107 78 106 13 50 74 50 82 93 96 81 39 71 58 84 0 20 80 40 73 57 91 40 87 61 35 76 86 69 13 29 64 40 67 22 95 78 60 118 81 66 104 58 80 72 39 42 93 114 82 54 101 96 74 75 104 79 15 52 81 94 95 19 76 38 78 67 
58 15 11 22 41 30 96 80 58 93 39 85 25 89 64 90 22 35 55 30 73 89 77 74 38 52 38 68 20 0 68 33 56 46 81 21 67 60 21 61 80 64 11 11 44 27 52 35 90 58 53 101 67 58 86 38 70 67 24 47 77 96 62 42 86 85 56 72 88 71 34 32 62 88 77 19 56 19 58 49 
60 69 58 47 59 41 37 25 14 33 40 42 58 50 13 36 70 33 44 64 15 37 62 23 46 70 52 21 80 68 0 40 90 23 15 63 65 41 47 19 23 28 79 57 64 41 21 73 36 61 26 51 13 18 48 65 9 27 45 55 26 57 59 26 25 17 87 34 39 15 86 55 89 33 39 61 64 69 62 32 
60 40 22 19 25 3 74 47 27 70 32 53 19 75 40 70 30 16 48 45 42 57 73 42 12 62 41 47 40 33 40 0 75 17 51 38 69 30 14 40 47 32 41 24 53 10 31 34 58 61 21 83 43 26 72 50 39 34 16 26 57 83 62 16 62 56 73 40 69 39 46 39 78 56 62 21 61 42 61 36 
36 40 60 56 93 72 98 112 88 97 51 124 78 76 78 90 78 64 49 30 102 124 52 107 86 21 38 76 73 56 90 75 0 78 105 38 39 104 61 72 110 102 61 54 26 65 69 90 123 35 90 92 81 90 75 26 96 103 58 98 82 80 40 72 94 105 5 111 84 101 88 37 10 121 71 73 31 37 33 58 
55 49 36 26 39 18 57 35 12 53 28 46 36 61 24 54 47 14 40 49 27 47 64 30 26 61 40 32 57 46 23 17 78 0 35 45 63 31 25 25 35 24 57 36 53 19 17 51 47 56 13 67 26 13 59 52 24 26 24 37 41 69 56 5 45 39 75 34 54 25 63 41 79 44 48 38 57 50 57 27 
74 83 71 61 66 52 38 17 24 34 55 35 68 57 27 40 80 47 57 79 11 28 74 18 55 85 67 33 91 81 15 51 105 35 0 77 78 43 60 33 14 29 91 71 78 54 36 81 25 75 33 55 25 25 56 80 12 27 59 61 34 64 72 39 27 7 101 32 44 14 95 70 103 22 49 72 78 83 76 46 
38 8 23 19 55 35 84 80 56 82 26 90 40 72 55 77 42 31 38 10 72 91 57 75 48 31 19 57 40 21 63 38 38 45 77 0 47 68 24 50 80 68 30 16 24 29 43 53 92 38 56 86 58 58 70 17 67 70 22 60 65 79 42 40 76 80 37 76 74 70 55 13 43 89 61 36 36 6 37 37 
10 55 66 54 93 66 62 90 69 62 37 106 81 38 52 54 86 53 23 39 80 103 13 87 81 21 30 46 87 67 65 69 39 63 78 47 0 93 60 46 88 86 77 59 24 60 48 97 101 9 76 54 53 73 37 32 73 86 55 95 49 41 7 58 61 76 34 95 48 79 101 36 31 99 35 78 12 51 10 36 
85 70 50 49 28 33 78 30 28 74 58 27 38 89 50 77 48 41 71 74 32 33 95 26 23 90 68 59 61 60 41 30 104 31 43 68 93 0 44 53 32 14 67 54 81 39 47 44 36 86 18 92 51 24 86 79 34 16 46 21 66 96 86 35 65 50 102 15 79 29 59 68 107 35 77 43 87 72 87 57 
50 26 11 6 34 11 76 60 37 73 24 67 21 73 43 71 29 15 42 31 53 70 66 54 25 50 30 49 35 21 47 14 61 25 60 24 60 44 0 41 59 45 32 11 41 6 32 38 70 51 33 83 46 37 70 37 49 47 4 37 58 80 53 21 66 64 60 53 69 50 45 26 65 68 60 20 50 28 51 32 
41 57 52 39 64 39 36 44 25 32 25 60 58 36 6 30 68 27 25 49 34 57 44 41 50 52 36 8 76 61 19 40 72 25 33 50 46 53 41 0 42 43 72 49 46 36 9 74 55 42 35 43 8 29 34 49 27 42 38 62 17 44 40 24 26 32 69 51 29 34 85 40 70 52 24 59 45 57 43 15 
83 84 69 61 58 50 53 2 23 49 60 21 63 71 36 54 75 48 66 83 9 15 85 6 48 92 72 44 86 80 23 47 110 35 14 80 88 32 59 42 0 19 89 70 84 53 42 74 13 84 27 69 35 22 69 85 15 16 59 52 47 78 82 40 41 21 107 18 58 10 88 74 110 11 61 67 86 85 85 54 
79 71 53 48 39 35 64 18 17 60 52 22 45 77 38 64 57 38 63 73 18 25 86 13 30 85 64 47 69 64 28 32 102 24 29 68 86 14 45 43 19 0 72 56 77 39 38 55 26 80 12 79 39 13 75 76 21 3 46 33 53 85 79 30 52 36 99 9 66 15 70 65 103 25 65 50 81 73 80 50 
68 23 21 33 43 39 107 89 68 104 51 93 29 100 75 102 22 46 66 39 83 97 87 83 44 60 48 79 13 11 79 41 61 57 91 30 77 67 32 72 89 72 0 23 53 38 63 33 98 68 62 112 78 67 97 46 80 75 35 50 89 107 72 53 97 96 61 79 99 80 28 42 69 97 88 24 66 26 67 61 
50 16 7 11 39 21 85 71 48 82 28 78 24 78 52 79 27 24 45 25 63 80 68 65 33 46 29 57 29 11 57 24 54 36 71 16 59 54 11 49 70 56 23 0 38 17 41 38 81 50 44 90 55 48 75 32 60 58 12 44 66 85 54 32 75 74 53 64 76 61 42 24 59 79 66 20 49 18 50 38 
16 30 44 35 75 50 73 86 62 72 25 99 61 55 52 66 64 40 24 14 76 98 36 82 65 9 13 50 64 44 64 53 26 53 78 24 24 81 41 46 84 77 53 38 0 43 43 76 97 15 66 71 54 65 53 7 70 78 37 78 56 60 21 47 68 78 23 86 61 75 78 14 26 95 47 57 13 27 14 32 
51 32 17 9 33 7 72 53 30 68 24 61 23 70 38 67 32 10 40 35 46 63 65 48 22 52 31 44 40 27 41 10 65 19 54 29 60 39 6 36 53 39 38 17 43 0 27 39 64 52 27 79 41 31 67 40 42 41 7 35 54 77 53 15 61 58 63 48 65 44 48 29 68 62 57 23 52 33 52 30 
41 50 43 30 55 30 45 44 21 41 19 58 49 44 12 40 59 17 25 43 34 56 48 40 42 50 31 17 67 52 21 31 69 17 36 43 48 47 32 9 42 38 63 41 43 27 0 65 55 42 29 52 15 25 42 44 27 39 29 54 26 52 41 15 34 37 66 47 38 33 76 34 68 53 32 50 44 49 43 12 
87 50 31 43 16 35 108 73 58 104 62 71 17 109 74 104 12 49 79 63 71 77 104 67 26 84 66 82 22 35 73 34 90 51 81 53 97 44 38 74 74 55 33 38 76 39 65 0 80 88 49 117 77 56 106 70 70 58 42 24 91 116 90 50 96 87 90 59 103 67 15 62 97 79 96 18 87 53 87 69 
96 96 79 73 64 60 62 12 36 58 73 14 71 82 49 65 83 60 79 95 22 4 98 16 56 105 85 56 95 90 36 58 123 47 25 92 101 36 70 55 13 26 98 81 97 64 55 80 0 97 37 79 48 34 81 98 28 23 70 57 58 89 95 52 51 30 120 21 69 23 95 87 123 3 73 76 99 97 98 67 
1 45 57 45 85 58 63 85 63 62 29 100 72 42 48 55 77 46 18 29 75 98 20 82 73 14 21 44 78 58 61 61 35 56 75 38 9 86 51 42 84 80 68 50 15 52 42 88 97 0 69 58 50 66 40 23 69 80 46 86 48 46 6 51 60 74 30 89 49 74 92 26 29 94 36 69 4 42 1 30 
68 59 42 36 34 23 63 27 11 59 41 34 36 71 32 61 48 26 53 61 22 36 77 21 22 74 53 41 60 53 26 21 90 13 33 56 76 18 33 35 27 12 62 44 66 27 29 49 37 69 0 75 34 8 69 65 21 14 34 30 49 79 69 18 50 39 88 21 62 19 63 53 92 35 59 40 71 61 70 40 
57 94 94 79 107 82 18 72 64 21 61 90 101 16 44 15 111 69 48 81 63 82 42 72 93 72 67 36 118 101 51 83 92 67 55 86 54 92 83 43 69 79 112 90 71 79 52 117 79 58 75 0 42 68 18 77 59 77 79 104 27 16 52 67 28 48 88 85 14 65 128 73 85 77 24 102 62 92 59 51 
49 65 57 45 65 43 31 38 23 28 33 55 61 38 3 28 72 32 32 57 27 50 50 36 52 60 44 9 81 67 13 43 81 26 25 58 53 51 46 8 35 39 78 55 54 41 15 77 48 50 34 42 0 27 36 57 21 38 43 63 15 46 47 27 20 24 77 46 28 28 88 48 78 46 27 63 53 64 51 23 
65 62 47 39 42 28 55 23 4 51 40 34 43 65 26 53 55 27 50 61 16 34 72 18 30 73 52 35 66 58 18 26 90 13 25 58 73 24 37 29 22 13 67 48 65 31 25 56 34 66 8 68 27 0 62 65 14 14 37 38 42 72 66 18 42 31 87 22 55 13 70 53 91 32 53 47 68 63 67 36 
39 78 80 66 97 71 27 72 59 28 47 90 90 3 37 20 99 57 32 64 62 83 26 71 84 54 51 28 104 86 48 72 75 59 56 70 37 86 70 34 69 75 97 75 53 67 42 106 81 40 69 18 36 62 0 60 56 74 66 96 23 10 35 57 31 51 70 82 13 63 115 57 68 78 10 89 44 76 42 38 
23 24 39 32 71 47 79 86 62 77 26 99 56 62 55 71 59 39 29 8 77 98 43 82 61 14 13 54 58 38 65 50 26 52 80 17 32 79 37 49 85 76 46 32 7 40 44 70 98 23 65 77 57 65 60 0 71 78 34 74 61 67 28 47 73 81 23 85 66 75 72 11 28 96 53 52 20 20 22 34 
68 72 59 50 55 41 44 17 12 40 46 34 57 58 22 44 69 36 51 69 6 29 71 15 43 77 58 30 80 70 9 39 96 24 12 67 73 34 49 27 15 21 80 60 70 42 27 70 28 69 21 59 21 14 56 71 0 19 48 51 34 65 67 28 31 17 93 26 46 7 84 61 95 25 48 60 71 73 70 39 
79 73 56 50 42 37 62 15 17 59 54 21 48 76 38 62 60 39 64 74 15 22 86 10 33 86 66 47 72 67 27 34 103 26 27 70 86 16 47 42 16 3 75 58 78 41 39 58 23 80 14 77 38 14 74 78 19 0 48 36 52 84 79 31 50 34 101 8 65 13 73 66 104 22 65 53 82 75 81 50 
46 25 15 2 38 13 73 59 36 70 20 68 26 68 40 68 33 12 37 28 52 70 62 54 28 46 26 45 39 24 45 16 58 24 59 22 55 46 4 38 59 46 35 12 37 7 29 42 70 46 34 79 43 37 66 34 48 48 0 41 55 76 49 20 63 62 57 54 65 49 49 23 62 68 56 24 46 27 46 28 
86 59 38 43 7 29 92 50 41 88 58 47 22 98 61 90 30 42 74 68 50 54 99 46 13 87 66 69 42 47 55 26 98 37 61 60 95 21 37 62 52 33 50 44 78 35 54 24 57 86 30 104 63 38 96 74 51 36 41 0 77 106 88 39 80 68 97 36 91 47 39 64 102 56 86 27 87 62 87 61 
47 73 69 55 80 56 19 49 38 16 40 67 75 24 17 13 86 44 32 63 39 61 42 48 66 61 49 9 93 77 26 57 82 41 34 65 49 66 58 17 47 53 89 66 56 54 26 91 58 48 49 27 15 42 23 61 34 52 55 77 0 32 44 41 12 29 77 60 13 41 102 54 77 56 16 76 52 72 49 29 
45 87 90 76 107 82 31 80 68 33 56 98 100 8 47 25 109 67 41 72 71 92 28 80 94 60 59 38 114 96 57 83 80 69 64 79 41 96 80 44 78 85 107 85 60 77 52 116 89 46 79 16 46 72 10 67 65 84 76 106 32 0 41 67 38 59 75 91 20 72 125 65 72 86 21 99 50 84 48 48 
5 50 60 48 86 60 58 83 62 58 30 99 74 36 46 50 80 46 16 34 73 96 15 80 75 20 25 40 82 62 59 62 40 56 72 42 7 86 53 40 82 79 72 54 21 53 41 90 95 6 69 52 47 66 35 28 67 79 49 88 44 41 0 51 56 70 35 88 44 73 95 30 34 92 31 72 10 47 7 29 
50 45 32 22 40 16 58 41 17 54 23 52 34 60 24 54 46 9 36 43 32 52 61 36 27 56 35 32 54 42 26 16 72 5 39 40 58 35 21 24 40 30 53 32 47 15 15 50 52 51 18 67 27 18 57 47 28 31 20 39 41 67 51 0 47 43 70 39 53 30 62 35 73 50 47 36 53 45 52 23 
59 83 77 64 83 62 12 44 39 8 50 62 81 32 23 13 92 51 45 74 36 54 53 44 70 73 60 19 101 86 25 62 94 45 27 76 61 65 66 26 41 52 97 75 68 61 34 96 51 60 50 28 20 42 31 73 31 50 63 80 12 38 56 47 0 21 90 57 18 38 108 65 90 49 27 83 64 82 62 40 
73 86 75 64 72 57 32 24 29 28 56 41 74 52 26 34 86 50 56 80 18 33 71 26 61 84 68 30 96 85 17 56 105 39 7 80 76 50 64 32 21 36 96 74 78 58 37 87 30 74 39 48 24 31 51 81 17 34 62 68 29 59 70 43 21 0 101 39 39 21 101 71 102 28 45 77 77 86 75 47 
31 40 60 54 92 70 93 109 85 92 48 121 77 72 75 85 78 62 45 29 99 121 47 104 84 17 35 72 74 56 87 73 5 75 101 37 34 102 60 69 107 99 61 53 23 63 66 90 120 30 88 88 77 87 70 23 93 101 57 97 77 75 35 70 90 101 0 108 80 98 89 35 7 118 66 73 26 37 29 54 
88 79 61 57 43 43 69 17 26 65 62 14 51 84 46 70 62 47 72 81 21 19 94 13 36 94 73 55 75 72 34 40 111 34 32 76 95 15 53 51 18 9 79 64 86 48 47 59 21 89 21 85 46 22 82 85 26 8 54 36 60 91 88 39 57 39 108 0 73 19 74 74 112 20 73 56 90 81 89 58 
48 81 80 66 93 69 14 61 51 15 49 79 87 14 30 7 97 55 37 69 52 72 38 60 79 63 55 22 104 88 39 69 84 54 44 74 48 79 69 29 58 66 99 76 61 65 38 103 69 49 62 14 28 55 13 66 46 65 65 91 13 20 44 53 18 39 80 73 0 53 114 61 78 67 13 88 53 80 51 38 
73 75 60 52 52 41 50 11 14 46 50 27 55 65 28 50 67 39 57 73 3 23 77 8 41 82 62 36 79 71 15 39 101 25 14 70 79 29 50 34 10 15 80 61 75 44 33 67 23 74 19 65 28 13 63 75 7 13 49 47 41 72 73 30 38 21 98 19 53 0 82 64 100 20 54 59 77 75 75 44 
91 49 36 49 32 46 119 87 72 116 69 86 27 118 86 115 16 58 86 64 85 93 109 82 40 86 71 93 15 34 86 46 88 63 95 55 101 59 45 85 88 70 28 42 78 48 76 15 95 92 63 128 88 70 115 72 84 73 49 39 102 125 95 62 108 101 89 74 114 82 0 65 96 94 105 26 90 53 91 77 
26 21 31 21 61 36 72 75 51 70 15 87 47 59 45 65 51 27 25 9 66 87 45 71 51 23 6 46 52 32 55 39 37 41 70 13 36 68 26 40 74 65 42 24 14 29 34 62 87 26 53 73 48 53 57 11 61 66 23 64 54 65 30 35 65 71 35 74 61 64 65 0 39 85 49 43 25 19 26 26 
30 47 66 59 98 75 92 111 88 92 51 125 83 69 76 84 84 66 46 34 101 124 44 107 89 18 39 73 81 62 89 78 10 79 103 43 31 107 65 70 110 103 69 59 26 68 68 97 123 29 92 85 78 91 68 28 95 104 62 102 77 72 34 73 90 102 7 112 78 100 96 39 0 120 65 79 26 43 28 57 
93 94 77 71 63 58 60 9 33 56 70 15 70 80 47 62 81 58 77 93 19 5 95 14 55 102 83 54 94 88 33 56 121 44 22 89 99 35 68 52 11 25 97 79 95 62 53 79 3 94 35 77 46 32 78 96 25 22 68 56 56 86 92 50 49 28 118 20 67 20 94 85 120 0 71 75 97 95 95 64 
35 69 70 56 87 61 27 64 49 27 38 81 79 13 27 19 89 47 24 57 54 76 27 62 73 50 43 18 95 77 39 62 71 48 49 61 35 77 60 24 61 65 88 66 47 57 32 96 73 36 59 24 27 53 10 53 48 65 56 86 16 21 31 47 27 45 66 73 13 54 105 49 65 71 0 79 40 68 38 28 
69 33 13 25 21 20 94 67 48 90 44 69 6 92 60 89 10 33 61 45 62 74 86 61 20 66 48 67 19 19 61 21 73 38 72 36 78 43 20 59 67 50 24 20 57 23 50 18 76 69 40 102 63 47 89 52 60 53 24 27 76 99 72 36 83 77 73 56 88 59 26 43 79 75 79 0 68 37 69 52 
5 43 55 45 84 58 67 88 65 66 30 102 71 46 51 59 76 46 20 27 77 100 24 84 73 10 21 47 76 56 64 61 31 57 78 36 12 87 50 45 86 81 66 49 13 52 44 87 99 4 71 62 53 68 44 20 71 82 46 87 52 50 10 53 64 77 26 90 53 77 90 25 26 97 40 68 0 40 3 32 
42 4 24 24 57 39 90 86 62 88 32 95 41 78 61 84 41 37 44 13 78 97 62 81 51 34 25 63 38 19 69 42 37 50 83 6 51 72 28 57 85 73 26 18 27 33 49 53 97 42 61 92 64 63 76 20 73 75 27 62 72 84 47 45 82 86 37 81 80 75 53 19 43 95 68 37 40 0 41 43 
3 45 56 45 85 58 65 86 64 64 29 101 72 43 49 57 77 46 19 29 76 99 21 83 73 13 21 45 78 58 62 61 33 57 76 37 10 87 51 43 85 80 67 50 14 52 43 87 98 1 70 59 51 67 42 22 70 81 46 87 49 48 7 52 62 75 29 89 51 75 91 26 28 95 38 69 3 41 0 31 
29 44 42 28 61 35 48 55 33 45 11 70 52 40 20 41 61 20 14 35 45 68 38 52 48 38 21 20 67 49 32 36 58 27 46 37 36 57 32 15 54 50 61 38 32 30 12 69 67 30 40 51 23 36 38 34 39 50 28 61 29 48 29 23 40 47 54 58 38 44 77 26 57 64 28 52 32 43 31 0 
0 0 218 0 58 29 24 27 133 0 199 0 711 0 67 140 0 0 13 51 1578 686 239 0 0 494 121 0 80 0 69 91 113 0 30 0 763 31 0 1007 0 82 211 11 54 31 0 0 0 200 119 19 183 169 10 0 21 0 218 78 405 0 307 0 0 18 0 2306 9 1817 0 0 187 34 0 52 0 37 2410 639 
0 0 7 3000 0 66 174 21 0 1240 0 32 1881 71 22 0 117 607 1107 118 773 44 0 1202 0 145 0 3000 0 0 467 0 0 39 417 23 35 32 251 11 155 33 22 127 705 8 816 0 166 134 235 2607 140 0 12 41 0 3000 0 215 0 0 46 0 26 250 0 194 0 119 58 553 0 1283 76 15 200 1839 870 0 
218 7 0 62 532 65 2655 25 24 1410 78 0 20 22 324 35 18 34 16 145 83 305 318 9 75 291 86 15 8 0 28 146 83 83 102 63 170 488 77 29 10 85 493 377 1346 26 29 259 60 2430 484 150 33 723 8 105 289 193 11 12 183 1127 161 29 8 873 65 2075 913 7 27 22 103 3000 213 26 33 132 60 2028 
0 3000 62 0 1488 16 0 431 108 1168 0 10 38 1386 380 0 139 162 0 0 689 31 0 64 115 0 0 129 0 216 606 0 9 42 60 131 70 0 13 58 33 17 474 447 14 294 247 473 37 1171 13 317 139 0 1040 295 0 19 0 670 0 33 169 9 599 64 23 0 1223 7 1026 123 0 87 43 64 279 53 13 0 
58 0 532 1488 0 34 0 56 48 18 41 0 160 12 10 1803 33 223 0 0 186 0 29 25 27 37 162 335 1429 45 26 147 61 0 323 0 41 56 3000 25 14 768 47 610 1500 248 414 219 0 1213 259 11 23 9 3000 0 35 48 552 58 304 59 961 12 145 1706 114 78 278 18 0 11 27 1609 32 77 390 15 24 84 
29 66 65 16 34 0 354 29 93 0 70 0 1954 94 175 122 13 0 50 1179 15 151 210 151 11 491 139 0 55 0 78 31 196 0 492 0 20 76 8 18 23 19 751 11 18 8 0 10 0 64 208 20 46 597 353 0 12 0 286 47 70 76 1558 24 73 291 102 32 26 14 0 153 206 11 185 192 39 9 140 399 
24 174 2655 0 0 354 0 26 0 0 0 0 20 0 119 81 0 0 58 317 0 72 42 0 0 18 42 0 0 0 491 71 0 684 135 0 1519 979 0 1324 0 488 67 3000 19 96 0 0 463 73 112 0 78 0 180 0 71 0 0 218 0 0 19 0 0 55 0 101 1847 581 0 0 60 280 0 334 0 2111 33 11 
27 21 25 431 56 29 26 0 83 0 487 0 48 19 383 30 173 0 3000 716 581 9 289 125 580 52 20 0 136 0 354 88 34 31 21 0 1062 81 20 8 210 126 125 42 39 425 0 326 211 187 10 3000 163 96 7 0 371 72 230 10 747 0 375 0 27 19 0 47 7 71 11 77 146 77 133 13 11 150 78 488 
133 0 24 108 48 93 0 83 0 32 3000 0 124 14 22 1254 409 132 0 0 192 0 19 90 46 0 273 332 151 33 15 288 167 0 27 82 169 0 2670 0 1948 177 35 3000 368 354 600 10 0 111 719 12 0 51 147 0 57 458 15 0 138 681 57 252 3000 11 3000 0 789 23 1026 74 447 1816 828 42 143 9 1586 122 
0 1240 1410 1168 18 0 0 0 32 0 0 916 14 1159 74 0 950 221 0 0 116 215 0 30 1285 0 0 183 0 208 128 0 50 603 28 34 34 0 179 135 778 1043 667 30 3000 19 11 251 346 0 56 9 54 0 197 8 0 550 0 162 0 1900 33 51 63 488 8 0 0 831 9 2264 0 0 164 206 649 136 0 0 
199 0 78 0 41 70 0 487 3000 0 0 0 61 0 0 204 0 0 0 0 11 0 364 0 13 728 358 0 126 0 10 1043 84 0 0 0 137 10 0 0 0 0 122 42 8 102 0 107 0 42 259 9 0 161 0 0 931 0 358 0 193 0 0 0 0 132 0 2835 374 0 0 0 26 831 0 0 0 710 476 3000 
0 32 0 10 0 0 0 0 0 916 0 0 0 140 8 0 69 297 0 0 0 69 0 79 0 0 0 25 0 0 148 0 0 16 336 115 0 0 98 41 32 95 0 0 0 0 434 0 686 0 0 0 1920 0 44 318 0 433 0 412 0 712 127 0 34 0 41 0 0 53 481 935 0 0 10 462 66 12 0 0 
711 1881 20 38 160 1954 20 48 124 14 61 0 0 56 22 137 117 22 56 0 70 0 293 150 1344 23 13 984 69 146 28 1422 436 0 481 129 8 12 678 63 47 2608 21 880 21 59 22 84 0 20 1239 95 31 13 404 0 9 136 19 2969 3000 27 1772 1942 16 389 11 500 645 83 9 33 8 439 39 434 11 91 9 3000 
0 71 22 1386 12 94 0 19 14 1159 0 140 56 0 8 80 178 265 0 0 3000 267 0 55 255 0 14 10 0 221 141 0 172 199 31 13 10 0 148 1832 40 8 2824 40 531 22 116 24 296 21 95 9 39 0 311 14 0 685 2568 32 0 21 527 1363 411 103 342 0 307 106 43 347 1477 46 39 30 9 112 94 979 
67 22 324 380 10 175 119 383 22 74 0 8 22 8 0 227 147 18 13 0 19 204 253 60 33 47 27 123 0 15 25 0 59 32 30 493 14 123 59 409 11 9 401 35 95 8 13 44 688 49 48 64 192 0 41 894 222 112 17 117 0 72 63 1061 47 18 665 551 592 96 531 186 480 17 156 17 105 44 143 75 
140 0 35 0 1803 122 81 30 1254 0 204 0 137 80 227 0 0 0 1148 3000 149 31 32 0 31 101 44 0 2965 0 2617 133 15 0 633 0 177 662 0 9 0 334 1642 839 19 62 0 424 0 108 84 62 401 107 279 0 287 0 25 1866 156 0 60 0 0 2827 0 141 49 1440 0 0 51 457 0 309 13 317 124 30 
0 117 18 139 33 13 0 173 409 950 0 69 117 178 147 0 0 2689 0 0 65 979 0 13 9 0 36 96 0 55 11 0 14 977 48 133 180 0 63 3000 54 368 509 45 81 54 135 10 45 1621 116 53 19 0 27 35 0 169 676 309 0 9 34 70 60 95 39 0 151 3000 68 73 0 133 523 266 125 7 394 1070 
0 607 34 162 223 0 0 0 132 221 0 297 22 265 18 0 2689 0 0 0 13 151 0 14 622 0 0 28 0 0 408 0 133 68 137 27 1056 0 8 3000 316 22 11 40 1462 736 10 67 489 0 87 12 127 0 38 11 0 81 0 77 0 448 79 0 435 85 36 0 0 1271 196 3000 0 0 588 1095 159 186 0 0 
13 1107 16 0 0 50 58 3000 0 0 0 0 56 0 13 1148 0 0 0 272 0 46 36 1045 0 45 8 0 0 0 17 126 0 9 8 0 736 61 0 97 19 13 40 9 33 430 0 0 53 184 1424 76 111 0 20 0 46 91 0 252 0 0 499 0 623 116 0 78 0 279 40 0 179 11 2677 107 0 139 294 25 
51 118 145 0 0 1179 317 716 0 0 0 0 0 0 0 3000 0 0 272 0 0 9 0 0 0 323 0 0 0 0 21 70 0 961 33 0 0 63 0 33 0 55 2067 1363 2299 27 0 0 10 229 0 0 9 0 91 0 371 0 0 12 0 0 0 0 0 942 0 37 0 19 0 0 0 236 0 125 0 0 155 0 
1578 773 83 689 186 15 0 581 192 116 11 0 70 3000 19 149 65 13 0 0 0 0 28 12 369 81 53 65 30 207 271 36 11 0 25 2936 3000 78 15 14 15 29 8 51 161 42 25 429 0 16 1690 985 44 291 3000 0 167 195 589 840 38 34 444 17 556 353 39 85 77 51 27 157 125 104 617 304 117 370 28 617 
686 44 305 31 0 151 72 9 0 215 0 69 0 267 204 31 979 151 46 9 0 0 0 532 0 35 0 359 0 0 27 0 0 70 511 150 113 162 938 56 372 2976 3000 11 938 880 0 0 33 12 13 40 476 0 175 18 1833 38 0 17 0 0 889 0 333 96 0 193 0 350 16 46 0 16 56 684 0 92 721 0 
239 0 318 0 29 210 42 289 19 0 364 0 293 0 253 32 0 0 36 0 28 0 0 0 1065 160 43 0 29 0 1838 29 16 0 919 0 109 347 0 0 0 1872 311 58 54 49 0 34 0 11 148 194 0 19 17 0 85 0 25 0 901 0 20 0 0 158 0 9 72 0 0 0 188 52 0 0 0 253 2694 11 
0 1202 9 64 25 151 0 125 90 30 0 79 150 55 60 0 13 14 1045 0 12 532 0 0 83 0 124 3000 0 15 12 0 1721 3000 3000 250 653 0 67 3000 1951 926 91 1246 1511 30 244 97 186 197 1173 18 52 0 53 423 0 422 1806 229 0 166 40 78 12 615 33 0 17 14 1755 739 0 397 8 1054 14 693 88 77 
0 0 75 115 27 11 0 580 46 1285 13 0 1344 255 33 31 9 622 0 0 369 0 1065 83 0 0 417 98 19 29 11 496 15 0 26 0 24 0 300 0 17 535 43 9 324 47 1857 525 0 37 1341 3000 0 171 92 0 181 0 2397 0 41 17 23 461 481 1100 155 0 1456 0 0 54 129 0 106 0 286 184 463 10 
494 145 291 0 37 491 18 52 0 0 728 0 23 0 47 101 0 0 45 323 81 35 160 0 0 0 968 0 443 0 154 33 0 0 59 0 9 1105 0 20 0 114 265 340 825 37 0 0 22 13 77 195 132 38 201 0 15 0 153 221 21 0 19 0 0 46 0 35 18 1683 0 0 138 35 0 64 0 96 605 30 
121 0 86 0 162 139 42 20 273 0 358 0 13 14 27 44 36 0 8 0 53 0 43 124 417 968 0 0 119 0 79 324 325 0 20 0 2049 46 10 155 0 14 1511 1218 110 115 0 31 0 800 2093 78 10 37 71 0 3000 0 46 17 235 1317 28 2927 756 92 10 355 35 38 0 57 39 29 486 217 15 53 3000 36 
0 3000 15 129 335 0 0 0 332 183 0 25 984 10 123 0 96 28 0 0 65 359 0 3000 98 0 0 0 0 0 576 0 59 288 14 35 10 0 1831 9 563 3000 15 93 225 107 256 0 3000 25 12 534 751 0 43 367 0 125 0 15 0 224 18 0 482 105 240 0 0 356 3000 1258 0 524 7 153 14 10 0 0 
80 0 8 0 1429 55 0 136 151 0 126 0 69 0 0 2965 0 0 0 0 30 0 29 0 19 443 119 0 0 0 75 70 655 0 0 0 50 58 0 0 0 0 59 296 12 34 0 17 0 38 22 147 0 56 407 0 10 0 91 0 2718 0 931 13 0 209 0 2169 1999 0 0 0 140 34 0 0 57 21 162 1396 
0 0 0 216 45 0 0 0 33 208 0 0 146 221 15 0 55 0 0 0 207 0 0 15 29 0 0 0 0 0 0 0 53 0 0 0 12 0 38 0 667 0 0 0 0 9 18 65 0 0 53 177 0 0 0 0 0 0 51 0 0 11 24 2115 14 19 15 0 777 0 0 304 0 0 23 0 11 316 0 0 
69 467 28 606 26 78 491 354 15 128 10 148 28 141 25 2617 11 408 17 21 271 27 1838 12 11 154 79 576 75 0 0 3000 19 8 15 275 21 85 272 152 195 35 41 17 578 2060 199 29 32 55 61 175 72 176 82 75 64 266 325 31 1497 30 19 273 55 22 1555 170 3000 7 13 12 46 525 61 199 95 52 620 18 
91 0 146 0 147 31 71 88 288 0 1043 0 1422 0 0 133 0 0 126 70 36 0 29 0 496 33 324 0 70 0 3000 0 279 0 284 0 11 65 0 0 0 16 23 611 484 10 0 16 0 85 112 475 0 407 101 0 621 0 15 0 3000 0 781 0 0 8 0 232 55 0 0 0 47 1648 0 0 0 148 143 56 
113 0 83 9 61 196 0 34 167 50 84 0 436 172 59 15 14 133 0 0 11 0 16 1721 15 0 325 59 655 53 19 279 0 0 178 0 16 12 64 0 533 3000 41 222 127 11 65 23 0 3000 283 48 0 13 42 0 3000 0 10 0 163 13 46 404 385 54 221 0 429 22 0 1692 9 75 537 0 56 103 366 86 
0 39 83 42 0 0 684 31 0 603 0 16 0 199 32 0 977 68 9 961 0 70 0 3000 0 0 0 288 0 0 8 0 0 0 319 10 36 0 58 36 12 155 9 12 69 765 82 0 41 279 162 11 92 0 9 20 0 156 0 241 0 206 456 0 2426 64 0 0 0 15 61 848 0 102 20 51 88 517 0 0 
30 417 102 60 323 492 135 21 27 28 0 336 481 31 30 633 48 137 8 33 25 511 919 3000 26 59 20 14 0 0 15 284 178 319 0 81 97 164 129 72 428 11 10 105 21 11 1216 46 41 25 274 224 44 0 157 33 185 3000 22 30 0 10 409 0 59 44 128 115 323 13 10 24 634 19 27 848 143 23 282 120 
0 23 63 131 0 0 0 0 82 34 0 115 129 13 493 0 133 27 0 0 2936 150 0 250 0 0 0 35 0 0 275 0 0 10 81 0 43 0 19 138 76 236 118 294 60 24 12 0 625 0 166 24 3000 0 133 376 0 225 0 356 0 349 13 0 28 24 72 0 0 59 15 12 0 0 3000 355 135 39 0 0 
763 35 170 70 41 20 1519 1062 169 34 137 0 8 10 14 177 180 1056 736 0 3000 113 109 653 24 9 2049 10 50 12 21 11 16 36 97 43 0 56 1060 11 1855 39 16 24 21 461 153 125 178 13 79 1467 54 415 34 61 8 331 99 12 23 40 62 221 18 11 1277 28 21 755 15 80 46 432 459 528 848 3000 17 281 
31 32 488 0 56 76 979 81 0 0 10 0 12 0 123 662 0 0 61 63 78 162 347 0 0 1105 46 0 58 0 85 65 12 0 164 0 56 0 0 116 0 268 21 691 539 252 0 0 0 38 91 20 105 3000 180 0 36 0 194 26 21 0 72 0 0 21 0 10 545 3000 0 0 2287 187 0 308 0 344 724 80 
0 251 77 13 3000 8 0 20 2670 179 0 98 678 148 59 0 63 8 0 0 15 938 0 67 300 0 10 1831 0 38 272 0 64 58 129 19 1060 0 0 57 85 1255 42 355 68 1147 18 29 98 266 34 16 787 0 46 110 0 138 0 12 0 134 278 50 13 8 52 0 218 80 22 240 0 1677 128 231 509 447 20 0 
1007 11 29 58 25 18 1324 8 0 135 0 41 63 1832 409 9 3000 3000 97 33 14 56 0 3000 0 20 155 9 0 0 152 0 0 36 72 138 11 116 57 0 54 10 8 34 110 107 200 0 678 17 22 218 25 0 297 390 115 14 0 108 0 0 71 0 1936 2875 0 16 52 231 15 16 38 135 20 419 12 30 1424 54 
0 155 10 33 14 23 0 210 1948 778 0 32 47 40 11 0 54 316 19 0 15 372 0 1951 17 0 0 563 0 667 195 0 533 12 428 76 1855 0 85 54 0 102 934 120 77 53 55 913 25 10 241 415 86 0 88 1378 0 1273 0 179 0 1847 153 122 92 17 10 0 7 61 18 163 0 226 51 192 9 144 15 0 
82 33 85 17 768 19 488 126 177 1043 0 95 2608 8 9 334 368 22 13 55 29 2976 1872 926 535 114 14 3000 0 0 35 16 3000 155 11 236 39 268 1255 10 102 0 121 842 451 372 54 74 147 64 2951 1156 205 0 153 1958 223 416 31 129 0 9 110 0 12 681 104 354 79 225 1595 156 356 564 72 275 8 85 89 971 
211 22 493 474 47 751 67 125 35 667 122 0 21 2824 401 1642 509 11 40 2067 8 3000 311 91 43 265 1511 15 59 0 41 23 41 9 10 118 16 21 42 8 934 121 0 180 11 7 1296 462 159 1497 178 8 54 181 31 0 25 66 65 12 639 371 77 0 48 1121 0 18 50 485 385 3000 26 1463 931 615 1229 160 1554 56 
11 127 377 447 610 11 3000 42 3000 30 42 0 880 40 35 839 45 40 9 1363 51 11 58 1246 9 340 1218 93 296 0 17 611 222 12 105 294 24 691 355 34 120 842 180 0 1039 825 1057 16 189 46 23 242 78 66 14 0 1755 209 183 136 9 112 243 417 167 231 0 118 56 93 44 238 141 826 15 58 40 611 1720 17 
54 705 1346 14 1500 18 19 39 368 3000 8 0 21 531 95 19 81 1462 33 2299 161 938 54 1511 324 825 110 225 12 0 578 484 127 69 21 60 21 539 68 110 77 451 11 1039 0 271 356 41 124 1886 10 186 76 1912 34 0 21 10 481 142 14 29 583 0 7 20 0 41 71 1896 245 259 3000 106 45 14 176 2330 61 92 
31 8 26 294 248 8 96 425 354 19 102 0 59 22 8 62 54 736 430 27 42 880 49 30 47 37 115 107 34 9 2060 10 11 765 11 24 461 252 1147 107 53 372 7 825 271 0 11 1173 53 77 7 19 21 88 8 0 201 68 182 1299 72 282 48 158 1304 22 33 8 63 12 3000 114 43 103 315 20 363 3000 158 2040 
0 816 29 247 414 0 0 0 600 11 0 434 22 116 13 0 135 10 0 0 25 0 0 244 1857 0 0 256 0 18 199 0 65 82 1216 12 153 0 18 200 55 54 1296 1057 356 11 0 9 518 0 7 24 409 0 453 1352 0 19 0 22 0 109 58 10 82 732 303 0 893 8 630 50 0 0 172 19 262 328 0 0 
0 0 259 473 219 10 0 326 10 251 107 0 84 24 44 424 10 67 0 0 429 0 34 97 525 0 31 0 17 65 29 16 23 0 46 0 125 0 29 0 913 74 462 16 41 1173 9 0 0 535 128 2001 0 45 330 0 12 0 28 0 17 152 17 53 7 90 244 0 24 0 0 260 27 46 603 0 171 57 185 9 
0 166 60 37 0 0 463 211 0 346 0 686 0 296 688 0 45 489 53 10 0 33 0 186 0 22 0 3000 0 0 32 0 0 41 41 625 178 0 98 678 25 147 159 189 124 53 518 0 0 332 30 2143 110 0 153 156 0 14 0 471 0 0 28 0 18 50 0 0 0 68 255 105 0 840 125 2079 222 89 0 0 
200 134 2430 1171 1213 64 73 187 111 0 42 0 20 21 49 108 1621 0 184 229 16 12 11 197 37 13 800 25 38 0 55 85 3000 279 25 0 13 38 266 17 10 64 1497 46 1886 77 0 535 332 0 1284 908 9 79 54 0 91 16 8 21 837 0 23 0 11 107 0 51 68 108 1872 240 22 20 121 96 47 1409 560 83 
119 235 484 13 259 208 112 10 719 56 259 0 1239 95 48 84 116 87 1424 0 1690 13 148 1173 1341 77 2093 12 22 53 61 112 283 162 274 166 79 91 34 22 241 2951 178 23 10 7 7 128 30 1284 0 24 446 20 250 100 18 878 1208 125 892 761 8 284 152 54 554 510 188 44 57 3000 99 13 44 61 666 477 60 11 
19 2607 150 317 11 20 0 3000 12 9 9 0 95 9 64 62 53 12 76 0 985 40 194 18 3000 195 78 534 147 177 175 475 48 11 224 24 1467 20 16 218 415 1156 8 242 186 19 24 2001 2143 908 24 0 335 16 110 3000 252 737 46 128 49 113 89 3000 3000 1535 61 7 18 100 37 29 66 781 97 203 44 696 84 330 
183 140 33 139 23 46 78 163 0 54 0 1920 31 39 192 401 19 127 111 9 44 476 0 52 0 132 10 751 0 0 72 0 0 92 44 3000 54 105 787 25 86 205 54 78 76 21 409 0 110 9 446 335 0 0 86 13 316 379 0 45 0 0 62 0 31 9 0 16 417 203 181 265 0 46 11 26 381 2286 411 1559 
169 0 723 0 9 597 0 96 51 0 161 0 13 0 0 107 0 0 0 0 291 0 19 0 171 38 37 0 56 0 176 407 13 0 0 0 415 3000 0 0 0 0 181 66 1912 88 0 45 0 79 20 16 0 0 0 0 1916 0 133 0 369 64 141 390 0 27 0 49 304 0 0 0 67 69 0 0 239 277 120 30 
10 12 8 1040 3000 353 180 7 147 197 0 44 404 311 41 279 27 38 20 91 3000 175 17 53 92 201 71 43 407 0 82 101 42 9 157 133 34 180 46 297 88 153 31 14 34 8 453 330 153 54 250 110 86 0 0 55 153 13 26 419 0 255 166 54 246 313 12 35 217 301 115 390 66 41 993 20 91 45 54 75 
0 41 105 295 0 0 0 0 0 8 0 318 0 14 894 0 35 11 0 0 0 18 0 423 0 0 0 367 0 0 75 0 0 20 33 376 61 0 110 390 1378 1958 0 0 0 0 1352 0 156 0 100 3000 13 0 55 0 0 160 0 13 0 113 14 0 8 0 82 0 0 9 164 35 0 0 29 74 290 246 0 0 
21 0 289 0 35 12 71 371 57 0 931 0 9 0 222 287 0 0 46 371 167 1833 85 0 181 15 3000 0 10 0 64 621 3000 0 185 0 8 36 0 115 0 223 25 1755 21 201 0 12 0 91 18 252 316 1916 153 0 0 0 1751 12 136 0 69 0 0 670 0 10 145 0 0 0 640 16 0 0 0 96 15 829 
0 3000 193 19 48 0 0 72 458 550 0 433 136 685 112 0 169 81 91 0 195 38 0 422 0 0 0 125 0 0 266 0 0 156 3000 225 331 0 138 14 1273 416 66 209 10 68 19 0 14 16 878 737 379 0 13 160 0 0 0 76 0 226 332 0 33 218 69 0 0 22 152 308 0 124 384 231 26 151 0 0 
218 0 11 0 552 286 0 230 15 0 358 0 19 2568 17 25 676 0 0 0 589 0 25 1806 2397 153 46 0 91 51 325 15 10 0 22 0 99 194 0 0 0 31 65 183 481 182 0 28 0 8 1208 46 0 133 26 0 1751 0 0 0 764 373 75 18 546 497 79 29 13 0 0 250 12 80 0 0 29 131 46 17 
78 215 12 670 58 47 218 10 0 162 0 412 2969 32 117 1866 309 77 252 12 840 17 0 229 0 221 17 15 0 0 31 0 0 241 30 356 12 26 12 108 179 129 12 136 142 1299 22 0 471 21 125 128 45 0 419 13 12 76 0 0 0 0 647 0 13 39 0 2856 46 11 257 237 0 25 234 300 66 24 202 0 
405 0 183 0 304 70 0 747 138 0 193 0 3000 0 0 156 0 0 0 0 38 0 901 0 41 21 235 0 2718 0 1497 3000 163 0 0 0 23 21 0 0 0 0 639 9 14 72 0 17 0 837 892 49 0 369 0 0 136 0 764 0 0 0 181 64 0 215 0 247 56 0 0 0 254 161 0 0 0 367 19 3000 
0 0 1127 33 59 76 0 0 681 1900 0 712 27 21 72 0 9 448 0 0 34 0 0 166 17 0 1317 224 0 11 30 0 13 206 10 349 40 0 134 0 1847 9 371 112 29 282 109 152 0 0 761 113 0 64 255 113 0 226 373 0 0 0 141 432 279 1052 23 0 412 11 971 57 1588 0 16 31 50 21 37 265 
307 46 161 169 961 1558 19 375 57 33 0 127 1772 527 63 60 34 79 499 0 444 889 20 40 23 19 28 18 931 24 19 781 46 456 409 13 62 72 278 71 153 110 77 243 583 48 58 17 28 23 8 89 62 141 166 14 69 332 75 647 181 141 0 17 53 158 129 29 2147 66 7 115 49 470 28 29 55 1719 412 38 
0 0 29 9 12 24 0 0 252 51 0 0 1942 1363 1061 0 70 0 0 0 17 0 0 78 461 0 2927 0 13 2115 273 0 404 0 0 0 221 0 50 0 122 0 0 417 0 158 10 53 0 0 284 3000 0 390 54 0 0 0 18 0 64 432 17 0 171 12 50 0 157 0 0 12 7 0 40 0 3000 20 16 160 
0 26 8 599 145 73 0 27 3000 63 0 34 16 411 47 0 60 435 623 0 556 333 0 12 481 0 756 482 0 14 55 0 385 2426 59 28 18 0 13 1936 92 12 48 167 7 1304 82 7 18 11 152 3000 31 0 246 8 0 33 546 13 0 279 53 171 0 315 11 0 192 85 937 77 0 29 317 2621 854 116 214 33 
18 250 873 64 1706 291 55 19 11 488 132 0 389 103 18 2827 95 85 116 942 353 96 158 615 1100 46 92 105 209 19 22 8 54 64 44 24 11 21 8 2875 17 681 1121 231 20 22 732 90 50 107 54 1535 9 27 313 0 670 218 497 39 215 1052 158 12 315 0 180 23 18 33 708 939 174 31 183 91 14 41 66 440 
0 0 65 23 114 102 0 0 3000 8 0 41 11 342 665 0 39 36 0 0 39 0 0 33 155 0 10 240 0 15 1555 0 221 0 128 72 1277 0 52 0 10 104 0 0 0 33 303 244 0 0 554 61 0 0 12 82 0 69 79 0 0 23 129 50 11 180 0 0 33 584 49 3000 0 0 1703 817 15 347 0 24 
2306 194 2075 0 78 32 101 47 0 0 2835 0 500 0 551 141 0 0 78 37 85 193 9 0 0 35 355 0 2169 0 170 232 0 0 115 0 28 10 0 16 0 354 18 118 41 8 0 0 0 51 510 7 16 49 35 0 10 0 29 2856 247 0 29 0 0 23 0 0 8 65 0 0 8 125 0 3000 0 10 517 50 
9 0 913 1223 278 26 1847 7 789 0 374 0 645 307 592 49 151 0 0 0 77 0 72 17 1456 18 35 0 1999 777 3000 55 429 0 323 0 21 545 218 52 7 79 50 56 71 63 893 24 0 68 188 18 417 304 217 0 145 0 13 46 56 412 2147 157 192 18 33 8 0 516 0 3000 52 169 98 0 12 9 52 301 
1817 119 7 7 18 14 581 71 23 831 0 53 83 106 96 1440 3000 1271 279 19 51 350 0 14 0 1683 38 356 0 0 7 0 22 15 13 59 755 3000 80 231 61 225 485 93 1896 12 8 0 68 108 44 100 203 0 301 9 0 22 0 11 0 11 66 0 85 33 584 65 516 0 7 1734 0 226 24 44 307 52 1258 0 
0 58 27 1026 0 0 0 11 1026 9 0 481 9 43 531 0 68 196 40 0 27 16 0 1755 0 0 0 3000 0 0 13 0 0 61 10 15 15 0 22 15 18 1595 385 44 245 3000 630 0 255 1872 57 37 181 0 115 164 0 152 0 257 0 971 7 0 937 708 49 0 0 7 0 10 0 109 878 302 208 782 0 0 
0 553 22 123 11 153 0 77 74 2264 0 935 33 347 186 0 73 3000 0 0 157 46 0 739 54 0 57 1258 0 304 12 0 1692 848 24 12 80 0 240 16 163 156 3000 238 259 114 50 260 105 240 3000 29 265 0 390 35 0 308 250 237 0 57 115 12 77 939 3000 0 3000 1734 10 0 0 3000 12 21 179 1778 84 958 
187 0 103 0 27 206 60 146 447 0 26 0 8 1477 480 51 0 0 179 0 125 0 188 0 129 138 39 0 140 0 46 47 9 0 634 0 46 2287 0 38 0 356 26 141 3000 43 0 27 0 22 99 66 0 67 66 0 640 0 12 0 254 1588 49 7 0 174 0 8 52 0 0 0 0 234 0 0 217 163 80 922 
34 1283 3000 87 1609 11 280 77 1816 0 831 0 439 46 17 457 133 0 11 236 104 16 52 397 0 35 29 524 34 0 525 1648 75 102 19 0 432 187 1677 135 226 564 1463 826 106 103 0 46 840 20 13 781 46 69 41 0 16 124 80 25 161 0 470 0 29 31 0 125 169 226 109 3000 234 0 116 387 164 137 15 298 
0 76 213 43 32 185 0 133 828 164 0 10 39 39 156 0 523 588 2677 0 617 56 0 8 106 0 486 7 0 23 61 0 537 20 27 3000 459 0 128 20 51 72 931 15 45 315 172 603 125 121 44 97 11 0 993 29 0 384 0 234 0 16 28 40 317 183 1703 0 98 24 878 12 0 116 0 98 7 253 10 219 
52 15 26 64 77 192 334 13 42 206 0 462 434 30 17 309 266 1095 107 125 304 684 0 1054 0 64 217 153 0 0 199 0 0 51 848 355 528 308 231 419 192 275 615 58 14 20 19 0 2079 96 61 203 26 0 20 74 0 231 0 300 0 31 29 0 2621 91 817 3000 0 44 302 21 0 387 98 0 1710 445 25 0 
0 200 33 279 390 39 0 11 143 649 0 66 11 9 105 13 125 159 0 0 117 0 0 14 286 0 15 14 57 11 95 0 56 88 143 135 848 0 509 12 9 8 1229 40 176 363 262 171 222 47 666 44 381 239 91 290 0 26 29 66 0 50 55 3000 854 14 15 0 12 307 208 179 217 164 7 1710 0 48 10 124 
37 1839 132 53 15 9 2111 150 9 136 710 12 91 112 44 317 7 186 139 0 370 92 253 693 184 96 53 10 21 316 52 148 103 517 23 39 3000 344 447 30 144 85 160 611 2330 3000 328 57 89 1409 477 696 2286 277 45 246 96 151 131 24 367 21 1719 20 116 41 347 10 9 52 782 1778 163 137 253 445 48 0 22 9 
2410 870 60 13 24 140 33 78 1586 0 476 0 9 94 143 124 394 0 294 155 28 721 2694 88 463 605 3000 0 162 0 620 143 366 0 282 0 17 724 20 1424 15 89 1554 1720 61 158 0 185 0 560 60 84 411 120 54 0 15 0 46 202 19 37 412 16 214 66 0 517 52 1258 0 84 80 15 10 25 10 22 0 982 
639 0 2028 0 84 399 11 488 122 0 3000 0 3000 979 75 30 1070 0 25 0 617 0 11 77 10 30 36 0 1396 0 18 56 86 0 120 0 281 80 0 54 0 971 56 17 92 2040 0 9 0 83 11 330 1559 30 75 0 829 0 17 0 3000 265 38 160 33 440 24 50 301 0 0 958 922 298 219 0 124 9 982 0 
