60
0 37 46 77 54 34 23 50 92 35 11 82 47 44 61 78 77 49 59 44 60 60 75 36 20 53 39 94 43 90 86 56 86 52 71 81 90 41 9 30 48 27 69 61 30 54 93 78 68 48 43 34 43 14 68 51 51 59 83 22 
37 0 10 40 17 20 15 19 55 13 26 45 39 44 28 41 47 29 33 16 40 29 49 22 23 17 2 56 29 70 49 53 49 21 49 56 63 23 38 31 26 36 52 26 20 41 58 48 38 23 44 4 29 23 32 15 40 48 47 20 
46 10 0 35 11 20 23 23 47 13 34 37 49 53 29 34 49 37 24 9 32 19 53 20 29 7 9 49 38 74 41 50 41 12 54 59 65 31 44 32 19 46 58 24 31 49 55 50 40 15 42 13 25 31 23 16 35 56 38 25 
77 40 35 0 24 54 55 32 16 48 66 13 60 67 24 5 32 45 44 41 55 35 41 54 63 29 39 18 51 62 17 79 15 37 46 45 46 46 78 66 48 69 54 18 53 55 23 31 29 44 75 44 56 63 17 27 64 60 23 59 
54 17 11 24 0 31 31 18 38 24 43 28 47 53 21 24 39 34 29 19 39 21 44 31 39 8 15 40 37 67 32 60 32 18 47 50 55 30 54 43 28 50 52 14 34 46 44 40 31 24 53 20 35 40 16 10 45 53 32 36 
34 20 20 54 31 0 19 39 66 7 25 55 56 58 47 53 67 48 25 13 27 28 69 3 14 25 21 67 47 90 58 34 59 20 69 76 82 41 29 12 14 46 71 43 35 59 75 68 58 15 24 18 11 21 40 34 22 66 53 12 
23 15 23 55 31 19 0 29 69 16 11 60 38 39 40 55 58 33 41 24 45 40 58 22 13 30 16 71 30 75 64 52 64 32 55 64 72 25 24 25 31 26 56 39 16 42 71 59 49 30 41 11 31 9 46 29 41 49 61 10 
50 19 23 32 18 39 29 0 48 31 39 41 30 37 11 35 29 16 46 32 55 39 31 41 40 25 18 50 20 51 46 72 45 34 31 37 44 14 53 49 42 37 35 14 22 27 43 30 20 38 63 21 47 38 32 8 58 35 48 37 
92 55 47 16 38 66 69 48 0 60 81 11 76 84 40 14 44 61 50 53 60 42 54 65 76 41 53 2 67 73 10 86 8 47 60 57 55 62 92 77 57 85 69 35 69 70 27 43 43 54 84 58 66 78 25 43 71 76 20 73 
35 13 13 48 24 7 16 31 60 0 24 50 50 53 40 47 59 42 26 9 30 26 62 9 16 20 13 62 40 82 53 41 54 17 62 68 75 34 32 19 16 42 64 36 29 53 68 60 51 14 32 11 17 21 35 27 28 60 49 13 
11 26 34 66 43 25 11 39 81 24 0 71 40 40 50 67 67 40 50 34 52 50 66 28 12 42 28 82 35 82 75 53 75 41 63 72 80 32 14 25 39 24 62 50 21 47 82 68 58 39 41 23 36 4 57 40 45 53 72 13 
82 45 37 13 28 55 60 41 11 50 71 0 71 78 35 8 44 56 39 42 49 31 53 54 66 30 43 12 61 75 5 75 4 36 59 57 58 55 81 67 46 77 67 28 61 66 32 44 41 42 72 48 54 68 14 35 60 72 12 62 
47 39 49 60 47 56 38 30 76 50 40 71 0 8 36 63 41 15 72 55 79 67 35 59 50 53 40 78 11 44 75 89 74 60 29 39 49 17 54 63 65 21 24 42 21 9 63 43 36 62 78 39 67 42 62 38 78 13 78 48 
44 44 53 67 53 58 39 37 84 53 40 78 8 0 43 71 50 22 76 59 83 72 43 61 50 58 45 86 17 50 82 91 81 65 36 47 56 23 52 63 68 17 30 49 24 17 71 51 44 66 79 43 69 42 69 44 80 18 84 49 
61 28 29 24 21 47 40 11 40 40 50 35 36 43 0 28 20 21 50 38 59 42 24 49 51 28 27 42 27 46 40 79 38 39 27 30 35 23 64 59 48 47 33 8 32 31 32 20 11 44 71 31 54 48 30 13 64 37 44 48 
78 41 34 5 24 53 55 35 14 47 67 8 63 71 28 0 36 49 41 40 51 32 45 53 63 28 39 16 54 67 12 76 10 35 51 49 51 49 78 65 46 71 59 21 55 59 27 36 33 42 73 44 54 64 14 29 61 65 19 59 
77 47 49 32 39 67 58 29 44 59 67 44 41 50 20 36 0 30 68 58 78 59 10 68 69 47 46 46 37 30 48 98 46 58 17 13 16 36 81 78 67 58 26 25 47 33 23 1 9 63 91 50 74 66 44 33 84 36 55 66 
49 29 37 45 34 48 33 16 61 42 40 56 15 22 21 49 30 0 60 45 68 54 27 51 46 40 30 63 7 42 60 82 59 49 23 32 41 8 54 57 55 28 23 27 19 12 50 31 23 51 72 31 58 40 48 24 69 19 63 43 
59 33 24 44 29 25 41 46 50 26 50 39 72 76 50 41 68 60 0 17 10 9 74 23 39 22 32 51 62 96 40 35 42 12 76 79 84 55 54 33 12 67 81 43 53 72 67 68 60 11 34 34 18 46 27 38 21 80 33 37 
44 16 9 41 19 13 24 32 53 9 34 42 55 59 38 40 58 45 17 0 24 16 62 13 25 13 15 54 45 83 45 41 46 8 63 68 74 38 41 25 10 50 66 33 36 56 63 58 49 7 34 16 16 30 27 25 26 64 40 22 
60 40 32 55 39 27 45 55 60 30 52 49 79 83 59 51 78 68 10 24 0 20 83 24 40 31 39 60 69 105 50 26 52 21 85 89 94 62 53 31 14 72 89 53 59 80 78 78 70 17 28 40 16 48 38 48 13 88 41 39 
60 29 19 35 21 28 40 39 42 26 50 31 67 72 42 32 59 54 9 16 20 0 65 26 41 14 27 42 56 88 32 44 34 9 68 71 75 49 57 38 16 64 73 34 49 66 58 60 52 13 42 31 24 46 18 31 30 73 25 38 
75 49 53 41 44 69 58 31 54 62 66 53 35 43 24 45 10 27 74 62 83 65 0 71 70 52 49 56 33 22 57 102 55 63 8 6 14 34 80 80 72 54 16 31 45 26 32 11 13 68 94 52 77 65 52 36 88 28 64 67 
36 22 20 54 31 3 22 41 65 9 28 54 59 61 49 53 68 51 23 13 24 26 71 0 17 25 22 66 50 92 57 31 58 19 71 77 84 43 31 12 11 49 73 44 38 62 75 69 60 13 22 20 8 24 40 36 19 69 51 15 
20 23 29 63 39 14 13 40 76 16 12 66 50 50 51 63 69 46 39 25 40 41 70 17 0 35 25 78 42 88 69 41 70 33 68 76 84 38 16 14 28 35 68 49 28 55 81 70 60 29 29 20 24 9 51 39 33 61 65 3 
53 17 7 29 8 25 30 25 41 20 42 30 53 58 28 28 47 40 22 13 31 14 52 25 35 0 15 42 42 74 34 52 34 11 54 58 63 35 51 37 21 52 59 22 36 52 50 48 39 16 46 20 28 38 16 17 37 59 31 32 
39 2 9 39 15 21 16 18 53 13 28 43 40 45 27 39 46 30 32 15 39 27 49 22 25 15 0 55 30 69 47 54 47 20 49 55 62 23 39 32 25 37 52 24 22 41 56 47 38 22 45 5 29 25 30 14 40 49 45 21 
94 56 49 18 40 67 71 50 2 62 82 12 78 86 42 16 46 63 51 54 60 42 56 66 78 42 55 0 69 75 10 86 8 48 63 59 57 64 93 79 58 87 71 37 71 73 29 45 45 54 84 60 66 79 26 45 72 78 20 74 
43 29 38 51 37 47 30 20 67 40 35 61 11 17 27 54 37 7 62 45 69 56 33 50 42 42 30 69 0 47 66 81 64 50 28 38 47 7 49 55 55 21 27 33 14 13 57 38 30 52 70 30 57 36 52 27 68 20 67 40 
90 70 74 62 67 90 75 51 73 82 82 75 44 50 46 67 30 42 96 83 105 88 22 92 88 74 69 75 47 0 78 123 76 85 21 18 19 51 96 99 93 65 21 54 61 36 49 31 36 89 114 72 98 82 74 58 109 32 85 86 
86 49 41 17 32 58 64 46 10 53 75 5 75 82 40 12 48 60 40 45 50 32 57 57 69 34 47 10 66 78 0 76 3 38 63 61 61 60 85 69 48 82 71 33 65 71 35 48 45 45 74 52 57 72 18 40 62 77 10 66 
56 53 50 79 60 34 52 72 86 41 53 75 89 91 79 76 98 82 35 41 26 44 102 31 41 52 54 86 81 123 76 0 78 42 102 108 114 75 47 28 31 77 105 73 68 93 102 99 90 36 13 52 25 50 62 66 15 100 67 42 
86 49 41 15 32 59 64 45 8 54 75 4 74 81 38 10 46 59 42 46 52 34 55 58 70 34 47 8 64 76 3 78 0 40 61 58 59 59 85 70 50 81 69 32 65 69 32 45 43 46 76 52 58 72 18 39 63 75 13 66 
52 21 12 37 18 20 32 34 47 17 41 36 60 65 39 35 58 49 12 8 21 9 63 19 33 11 20 48 50 85 38 42 40 0 65 69 74 43 48 31 11 56 69 32 42 60 60 58 50 7 37 23 19 38 22 27 27 68 33 30 
71 49 54 46 47 69 55 31 60 62 63 59 29 36 27 51 17 23 76 63 85 68 8 71 68 54 49 63 28 21 63 102 61 65 0 11 20 31 77 79 73 48 9 35 41 20 40 18 18 69 93 51 78 63 56 38 89 20 69 65 
81 56 59 45 50 76 64 37 57 68 72 57 39 47 30 49 13 32 79 68 89 71 6 77 76 58 55 59 38 18 61 108 58 69 11 0 9 40 86 86 78 59 18 37 51 30 33 13 19 74 100 58 83 71 57 42 94 31 68 73 
90 63 65 46 55 82 72 44 55 75 80 58 49 56 35 51 16 41 84 74 94 75 14 84 84 63 62 57 47 19 61 114 59 74 20 9 0 48 95 93 83 68 27 41 59 40 30 16 25 79 107 65 90 80 60 49 100 40 69 81 
41 23 31 46 30 41 25 14 62 34 32 55 17 23 23 49 36 8 55 38 62 49 34 43 38 35 23 64 7 51 60 75 59 43 31 40 48 0 46 49 48 24 31 27 11 18 54 37 28 45 64 23 51 32 45 21 62 26 61 35 
9 38 44 78 54 29 24 53 92 32 14 81 54 52 64 78 81 54 54 41 53 57 80 31 16 51 39 93 49 96 85 47 85 48 77 86 95 46 0 23 43 35 76 63 36 61 95 82 72 44 35 34 37 15 67 52 44 66 81 19 
30 31 32 66 43 12 25 49 77 19 25 67 63 63 59 65 78 57 33 25 31 38 80 12 14 37 32 79 55 99 69 28 70 31 79 86 93 49 23 0 22 49 80 55 41 67 87 79 69 25 16 28 15 22 52 46 21 74 63 15 
48 26 19 48 28 14 31 42 57 16 39 46 65 68 48 46 67 55 12 10 14 16 72 11 28 21 25 58 55 93 48 31 50 11 73 78 83 48 43 22 0 58 76 42 44 66 71 68 59 4 27 25 8 35 32 35 16 74 41 26 
27 36 46 69 50 46 26 37 85 42 24 77 21 17 47 71 58 28 67 50 72 64 54 49 35 52 37 87 21 65 82 77 81 56 48 59 68 24 35 49 58 0 45 50 16 29 78 60 51 56 64 34 57 27 66 42 67 33 82 35 
69 52 58 54 52 71 56 35 69 64 62 67 24 30 33 59 26 23 81 66 89 73 16 73 68 59 52 71 27 21 71 105 69 69 9 18 27 31 76 80 76 45 0 41 40 15 49 27 26 73 95 53 81 62 63 42 92 13 76 66 
61 26 24 18 14 43 39 14 35 36 50 28 42 49 8 21 25 27 43 33 53 34 31 44 49 22 24 37 33 54 33 73 32 32 35 37 41 27 63 55 42 50 41 0 35 38 32 26 18 38 67 29 49 48 22 10 59 44 36 46 
30 20 31 53 34 35 16 22 69 29 21 61 21 24 32 55 47 19 53 36 59 49 45 38 28 36 22 71 14 61 65 68 65 42 41 51 59 11 36 41 44 16 40 35 0 26 64 48 39 42 57 19 46 22 49 26 57 33 65 26 
54 41 49 55 46 59 42 27 70 53 47 66 9 17 31 59 33 12 72 56 80 66 26 62 55 52 41 73 13 36 71 93 69 60 20 30 40 18 61 67 66 29 15 38 26 0 56 34 29 63 82 42 69 48 59 35 81 7 74 52 
93 58 55 23 44 75 71 43 27 68 82 32 63 71 32 27 23 50 67 63 78 58 32 75 81 50 56 29 57 49 35 102 32 60 40 33 30 54 95 87 71 78 49 32 64 56 0 22 28 66 97 61 78 80 40 42 87 59 44 78 
78 48 50 31 40 68 59 30 43 60 68 44 43 51 20 36 1 31 68 58 78 60 11 69 70 48 47 45 38 31 48 99 45 58 18 13 16 37 82 79 68 60 27 26 48 34 22 0 10 64 92 51 74 67 44 34 84 37 55 67 
68 38 40 29 31 58 49 20 43 51 58 41 36 44 11 33 9 23 60 49 70 52 13 60 60 39 38 45 30 36 45 90 43 50 18 19 25 28 72 69 59 51 26 18 39 29 28 10 0 55 82 41 65 57 39 24 75 33 51 57 
48 23 15 44 24 15 30 38 54 14 39 42 62 66 44 42 63 51 11 7 17 13 68 13 29 16 22 54 52 89 45 36 46 7 69 74 79 45 44 25 4 56 73 38 42 63 66 64 55 0 31 23 12 35 29 31 21 71 39 26 
43 44 42 75 53 24 41 63 84 32 41 72 78 79 71 73 91 72 34 34 28 42 94 22 29 46 45 84 70 114 74 13 76 37 93 100 107 64 35 16 27 64 95 67 57 82 97 92 82 31 0 42 18 38 59 58 14 89 67 30 
34 4 13 44 20 18 11 21 58 11 23 48 39 43 31 44 50 31 34 16 40 31 52 20 20 20 5 60 30 72 52 52 52 23 51 58 65 23 34 28 25 34 53 29 19 42 61 51 41 23 42 0 28 20 35 19 39 49 50 17 
43 29 25 56 35 11 31 47 66 17 36 54 67 69 54 54 74 58 18 16 16 24 77 8 24 28 29 66 57 98 57 25 58 19 78 83 90 51 37 15 8 57 81 49 46 69 78 74 65 12 18 28 0 32 41 41 11 77 50 23 
14 23 31 63 40 21 9 38 78 21 4 68 42 42 48 64 66 40 46 30 48 46 65 24 9 38 25 79 36 82 72 50 72 38 63 71 80 32 15 22 35 27 62 48 22 48 80 67 57 35 38 20 32 0 54 37 42 54 69 9 
68 32 23 17 16 40 46 32 25 35 57 14 62 69 30 14 44 48 27 27 38 18 52 40 51 16 30 26 52 74 18 62 18 22 56 57 60 45 67 52 32 66 63 22 49 59 40 44 39 29 59 35 41 54 0 25 47 66 16 48 
51 15 16 27 10 34 29 8 43 27 40 35 38 44 13 29 33 24 38 25 48 31 36 36 39 17 14 45 27 58 40 66 39 27 38 42 49 21 52 46 35 42 42 10 26 35 42 34 24 31 58 19 41 37 25 0 52 43 40 35 
51 40 35 64 45 22 41 58 71 28 45 60 78 80 64 61 84 69 21 26 13 30 88 19 33 37 40 72 68 109 62 15 63 27 89 94 100 62 44 21 16 67 92 59 57 81 87 84 75 21 14 39 11 42 47 52 0 88 54 33 
59 48 56 60 53 66 49 35 76 60 53 72 13 18 37 65 36 19 80 64 88 73 28 69 61 59 49 78 20 32 77 100 75 68 20 31 40 26 66 74 74 33 13 44 33 7 59 37 33 71 89 49 77 54 66 43 88 0 81 59 
83 47 38 23 32 53 61 48 20 49 72 12 78 84 44 19 55 63 33 40 41 25 64 51 65 31 45 20 67 85 10 67 13 33 69 68 69 61 81 63 41 82 76 36 65 74 44 55 51 39 67 50 50 69 16 40 54 81 0 62 
22 20 25 59 36 12 10 37 73 13 13 62 48 49 48 59 66 43 37 22 39 38 67 15 3 32 21 74 40 86 66 42 66 30 65 73 81 35 19 15 26 35 66 46 26 52 78 67 57 26 30 17 23 9 48 35 33 59 62 0 
0 0 12 1420 155 95 20 30 64 220 157 9 0 0 0 95 464 110 63 38 0 1136 107 0 1244 0 1037 106 2639 0 0 23 81 0 10 107 318 24 19 391 32 33 0 0 21 28 0 0 29 240 18 113 401 454 361 11 371 0 45 287 
0 0 0 37 43 16 3000 38 667 73 242 0 12 65 0 72 52 1750 251 80 0 0 58 9 425 0 198 0 0 64 272 10 10 0 0 148 2239 23 14 192 0 39 0 3000 1196 14 25 0 201 0 80 21 759 1642 126 2075 3000 0 314 88 
12 0 0 1686 642 483 166 9 135 2988 509 198 120 377 237 240 1503 16 108 65 495 144 35 219 247 125 636 1976 136 290 228 302 195 500 206 666 94 128 289 445 71 312 37 0 11 31 76 1375 15 73 201 651 732 328 119 83 1082 27 165 104 
1420 37 1686 0 1508 29 327 7 260 14 72 746 322 52 9 14 21 98 78 0 27 128 88 258 11 976 183 19 399 362 849 18 0 763 3000 227 567 833 151 607 125 863 402 8 1427 0 79 1530 21 1948 78 370 299 206 0 60 49 47 542 0 
155 43 642 1508 0 20 109 674 31 9 334 588 38 300 722 26 65 1043 39 191 245 111 1354 760 46 171 22 32 11 14 95 283 1048 154 218 64 8 32 2543 9 197 343 9 364 76 212 115 622 365 187 25 669 1099 1108 567 61 8 32 415 125 
95 16 483 29 20 0 71 66 189 134 442 107 285 64 0 753 156 328 111 81 0 967 257 229 7 0 210 375 149 12 70 844 258 0 114 91 45 917 110 143 1557 37 0 133 169 250 136 0 25 0 222 19 8 26 7 375 108 0 46 69 
20 3000 166 327 109 71 0 11 457 332 3000 376 15 589 8 42 60 1726 10 15 39 641 249 53 253 33 53 35 484 120 232 8 114 223 26 535 32 137 3000 118 58 53 29 37 33 791 117 682 22 141 43 16 964 9 75 12 164 1245 105 30 
30 38 9 7 674 66 11 0 55 22 43 14 86 38 0 3000 213 139 15 207 0 48 96 543 864 0 1573 76 0 720 80 13 15 7 149 35 312 32 3000 292 0 189 8 15 70 750 371 0 214 0 9 1820 21 28 45 1679 285 0 122 31 
64 667 135 260 31 189 457 55 0 1867 25 784 3000 0 0 10 187 9 239 72 0 12 35 0 10 0 1609 231 0 0 0 25 27 0 381 0 28 538 427 95 0 935 0 0 915 9 0 0 50 0 1179 50 141 23 18 20 120 0 376 11 
220 73 2988 14 9 134 332 22 1867 0 127 148 571 240 0 439 334 27 3000 124 0 19 23 35 3000 0 1078 1494 0 661 18 218 33 0 10 413 474 431 28 710 116 463 0 52 20 146 230 0 406 0 1178 20 3000 408 166 1741 1011 0 22 12 
157 242 509 72 334 442 3000 43 25 127 0 1149 153 0 0 368 102 315 41 119 0 69 50 1082 430 0 39 82 0 0 0 85 25 0 0 0 303 11 7 1529 0 366 0 1205 405 36 0 0 273 0 24 446 696 73 873 85 2998 0 555 145 
9 0 198 746 588 107 376 14 784 148 1149 0 0 0 0 76 79 571 127 2172 0 542 129 0 616 0 23 185 8 0 0 369 436 0 1570 277 11 210 110 34 165 56 165 0 67 61 138 0 263 66 91 49 71 74 91 63 487 207 367 60 
0 12 120 322 38 285 15 86 3000 571 153 0 0 765 0 236 3000 28 124 65 0 0 72 265 1180 0 77 231 0 530 127 19 0 8 0 108 143 107 0 22 0 151 31 42 66 0 20 0 7 0 89 53 30 77 0 260 2192 0 2923 0 
0 65 377 52 300 64 589 38 0 240 0 0 765 0 54 0 156 0 19 0 49 55 39 151 0 45 190 12 185 134 33 308 0 15 106 295 217 9 0 18 111 230 30 49 128 0 13 64 0 22 552 13 0 0 0 48 17 31 0 0 
0 0 237 9 722 0 8 0 0 0 0 0 0 54 0 0 0 0 10 0 53 179 2123 655 0 23 0 144 0 3000 132 0 0 103 1639 1094 54 0 0 0 392 0 297 35 112 0 33 21 0 775 112 0 0 0 0 78 0 1760 0 0 
95 72 240 14 26 753 42 3000 10 439 368 76 236 0 0 0 21 40 171 123 0 141 103 0 14 0 411 190 380 0 0 66 33 0 26 0 145 7 64 180 359 20 0 0 1297 13 0 0 433 0 58 44 116 288 54 109 947 0 35 308 
464 52 1503 21 65 156 60 213 187 334 102 79 3000 156 0 21 0 118 37 258 0 409 10 102 622 0 198 389 771 98 247 148 30 120 56 24 130 111 585 255 39 233 10 16 2755 65 918 0 15 75 7 3000 657 272 456 72 1418 955 10 18 
110 1750 16 98 1043 328 1726 139 9 27 315 571 28 0 0 40 118 0 1590 21 0 640 3000 773 354 0 452 124 77 0 0 996 167 0 9 238 1200 33 131 13 35 161 0 0 57 104 20 0 308 0 10 23 158 553 757 190 45 0 21 30 
63 251 108 78 39 111 10 15 239 3000 41 127 124 19 10 171 37 1590 0 9 167 13 28 45 104 760 745 101 1186 809 315 59 36 423 106 3000 35 26 394 1469 927 2235 242 429 45 30 38 189 8 148 96 542 49 66 262 438 1938 295 47 1844 
38 80 65 0 191 81 15 207 72 124 119 2172 65 0 0 123 258 21 9 0 0 0 66 0 43 0 7 36 0 0 0 169 16 0 0 0 96 272 1422 558 0 32 0 0 3000 52 0 0 319 0 0 111 19 13 1450 677 126 0 11 32 
0 0 495 27 245 0 39 0 0 0 0 0 0 49 53 0 0 0 167 0 0 236 109 815 0 14 0 17 0 141 79 0 0 33 47 16 262 0 0 0 2806 0 289 57 29 0 2088 2477 0 60 34 0 0 0 0 190 0 12 0 0 
1136 0 144 128 111 967 641 48 12 19 69 542 0 55 179 141 409 640 13 0 236 0 28 0 148 0 0 123 58 526 85 51 19 114 139 671 3000 154 1454 50 43 0 163 0 138 0 104 11 120 254 215 627 609 25 0 53 100 47 438 0 
107 58 35 88 1354 257 249 96 35 23 50 129 72 39 2123 103 10 3000 28 66 109 28 0 1578 8 48 15 347 205 137 52 24 14 51 815 10 276 121 173 216 218 167 10 11 3000 16 71 8 176 2820 28 339 195 52 285 237 170 525 102 33 
0 9 219 258 760 229 53 543 0 35 1082 0 265 151 655 0 102 773 45 0 815 0 1578 0 0 210 44 0 0 100 125 3000 0 1235 0 49 81 20 0 403 0 22 53 55 478 0 10 392 0 0 331 90 0 733 0 7 464 0 1868 0 
1244 425 247 11 46 7 253 864 10 3000 430 616 1180 0 0 14 622 354 104 43 0 148 8 0 0 0 2842 30 25 0 0 22 51 0 170 222 88 31 32 11 11 107 0 0 9 28 32 0 19 159 472 21 658 106 87 118 1215 0 13 973 
0 0 125 976 171 0 33 0 0 0 0 0 0 45 23 0 0 0 760 0 14 0 48 210 0 0 0 0 0 33 24 0 0 56 0 26 138 0 0 0 336 0 93 24 1278 0 36 24 0 127 10 0 0 0 0 0 0 91 0 0 
1037 198 636 183 22 210 53 1573 1609 1078 39 23 77 190 0 411 198 452 745 7 0 0 15 44 2842 0 0 9 0 25 270 352 67 55 0 546 32 218 219 20 0 732 59 8 112 397 343 0 53 0 1092 2275 43 1007 0 11 85 0 19 1179 
106 0 1976 19 32 375 35 76 231 1494 82 185 231 12 144 190 389 124 101 36 17 123 347 0 30 0 9 0 51 511 200 84 1210 25 387 28 395 152 83 332 549 113 514 0 250 98 875 76 63 80 56 903 21 806 212 3000 22 123 16 185 
2639 0 136 399 11 149 484 0 0 0 0 8 0 185 0 380 771 77 1186 0 0 58 205 0 25 0 0 51 0 0 770 84 0 0 1073 109 14 235 19 0 331 0 3000 0 356 0 2315 482 0 105 1032 444 68 172 0 1407 150 40 144 0 
0 64 290 362 14 12 120 720 0 661 0 0 530 134 3000 0 98 0 809 0 141 526 137 100 0 33 25 511 0 0 144 49 0 58 89 1418 128 36 0 387 63 250 331 52 177 0 38 209 0 52 28 36 0 0 0 218 82 393 678 0 
0 272 228 849 95 70 232 80 0 18 0 0 127 33 132 0 247 0 315 0 79 85 52 125 0 24 270 200 770 144 0 501 0 97 51 447 78 172 0 11 152 0 354 198 3000 0 522 18 0 256 41 385 0 0 0 102 25 113 0 0 
23 10 302 18 283 844 8 13 25 218 85 369 19 308 0 66 148 996 59 169 0 51 24 3000 22 0 352 84 84 49 501 0 50 826 11 340 30 161 20 302 476 219 43 109 162 377 1465 0 7 119 208 339 83 1414 127 31 420 127 29 111 
81 10 195 0 1048 258 114 15 27 33 25 436 0 0 0 33 30 167 36 16 0 19 14 0 51 0 67 1210 0 0 0 50 0 0 9 0 67 66 271 3000 0 87 0 0 27 1784 0 0 717 0 102 25 19 45 17 672 16 0 80 49 
0 0 500 763 154 0 223 7 0 0 0 0 8 15 103 0 120 0 423 0 33 114 51 1235 0 56 55 25 0 58 97 826 0 0 41 169 2088 16 0 137 21 0 60 189 395 0 110 564 0 13 3000 0 0 0 0 629 52 135 0 0 
10 0 206 3000 218 114 26 149 381 10 0 1570 0 106 1639 26 56 9 106 0 47 139 815 0 170 0 0 387 1073 89 51 11 9 41 0 42 57 179 441 72 321 0 2660 0 86 0 35 37 897 476 23 150 16 195 0 555 20 17 9 0 
107 148 666 227 64 91 535 35 0 413 0 277 108 295 1094 0 24 238 3000 0 16 671 10 49 222 26 546 28 109 1418 447 340 0 169 42 0 1332 1191 0 67 71 140 40 242 175 0 46 15 0 16 39 9 19 414 0 188 2878 21 553 0 
318 2239 94 567 8 45 32 312 28 474 303 11 143 217 54 145 130 1200 35 96 262 3000 276 81 88 138 32 395 14 128 78 30 67 2088 57 1332 0 216 660 91 1071 1642 93 70 2657 0 928 131 1970 52 534 16 81 154 0 8 526 135 52 0 
24 23 128 833 32 917 137 32 538 431 11 210 107 9 0 7 111 33 26 272 0 154 121 20 31 0 218 152 235 36 172 161 66 16 179 1191 216 0 93 68 40 565 141 22 78 85 50 0 281 32 91 839 69 1224 220 416 96 1603 10 185 
19 14 289 151 2543 110 3000 3000 427 28 7 110 0 0 0 64 585 131 394 1422 0 1454 173 0 32 0 219 83 19 0 0 20 271 0 441 0 660 93 0 3000 7 54 0 0 207 346 0 0 273 0 185 31 433 15 7 1081 221 0 129 173 
391 192 445 607 9 143 118 292 95 710 1529 34 22 18 0 180 255 13 1469 558 0 50 216 403 11 0 20 332 0 387 11 302 3000 137 72 67 91 68 3000 0 302 15 16 105 954 280 230 0 29 8 33 2495 875 53 161 1004 16 0 573 166 
32 0 71 125 197 1557 58 0 0 116 0 165 0 111 392 359 39 35 927 0 2806 43 218 0 11 336 0 549 331 63 152 476 0 21 321 71 1071 40 7 302 0 0 881 0 12 0 129 2370 0 807 54 576 782 35 0 41 14 884 203 0 
33 39 312 863 343 37 53 189 935 463 366 56 151 230 0 20 233 161 2235 32 0 0 167 22 107 0 732 113 0 250 0 219 87 0 0 140 1642 565 54 15 0 0 0 3000 227 889 8 0 35 0 62 109 45 59 93 20 32 0 391 364 
0 0 37 402 9 0 29 8 0 0 0 165 31 30 297 0 10 0 242 0 289 163 10 53 0 93 59 514 3000 331 354 43 0 60 2660 40 93 141 0 16 881 0 0 21 21 0 195 672 0 127 14 14 0 328 0 53 2708 14 0 0 
0 3000 0 8 364 133 37 15 0 52 1205 0 42 49 35 0 16 0 429 0 57 0 11 55 0 24 8 0 0 52 198 109 0 189 0 242 70 22 0 105 0 3000 21 0 60 0 1567 2389 0 0 84 66 0 0 0 15 314 0 30 0 
21 1196 11 1427 76 169 33 70 915 20 405 67 66 128 112 1297 2755 57 45 3000 29 138 3000 478 9 1278 112 250 356 177 3000 162 27 395 86 175 2657 78 207 954 12 227 21 60 0 0 289 62 389 26 130 3000 23 24 0 642 39 17 22 0 
28 14 31 0 212 250 791 750 9 146 36 61 0 0 0 13 65 104 30 52 0 0 16 0 28 0 397 98 0 0 0 377 1784 0 0 0 0 85 346 280 0 889 0 0 0 0 0 0 200 0 0 11 1379 939 22 43 1553 0 426 583 
0 25 76 79 115 136 117 371 0 230 0 138 20 13 33 0 918 20 38 0 2088 104 71 10 32 36 343 875 2315 38 522 1465 0 110 35 46 928 50 0 230 129 8 195 1567 289 0 0 10 0 16 10 18 57 3000 0 199 321 136 18 0 
0 0 1375 1530 622 0 682 0 0 0 0 0 0 64 21 0 0 0 189 0 2477 11 8 392 0 24 0 76 482 209 18 0 0 564 37 15 131 0 0 0 2370 0 672 2389 62 0 10 0 0 8 33 0 0 0 0 757 0 41 0 0 
29 201 15 21 365 25 22 214 50 406 273 263 7 0 0 433 15 308 8 319 0 120 176 0 19 0 53 63 0 0 0 7 717 0 897 0 1970 281 273 29 0 35 0 0 389 200 0 0 0 0 2013 11 16 7 227 24 2227 0 145 24 
240 0 73 1948 187 0 141 0 0 0 0 66 0 22 775 0 75 0 148 0 60 254 2820 0 159 127 0 80 105 52 256 119 0 13 476 16 52 32 0 8 807 0 127 0 26 0 16 8 0 0 726 1856 0 21 0 40 1210 313 721 0 
18 80 201 78 25 222 43 9 1179 1178 24 91 89 552 112 58 7 10 96 0 34 215 28 331 472 10 1092 56 1032 28 41 208 102 3000 23 39 534 91 185 33 54 62 14 84 130 0 10 33 2013 726 0 26 928 3000 0 117 13 525 38 0 
113 21 651 370 669 19 16 1820 50 20 446 49 53 13 0 44 3000 23 542 111 0 627 339 90 21 0 2275 903 444 36 385 339 25 0 150 9 16 839 31 2495 576 109 14 66 3000 11 18 0 11 1856 26 0 779 1834 44 16 47 11 342 18 
401 759 732 299 1099 8 964 21 141 3000 696 71 30 0 0 116 657 158 49 19 0 609 195 0 658 0 43 21 68 0 0 83 19 0 16 19 81 69 433 875 782 45 0 0 23 1379 57 0 16 0 928 779 0 72 428 8 11 0 10 1870 
454 1642 328 206 1108 26 9 28 23 408 73 74 77 0 0 288 272 553 66 13 0 25 52 733 106 0 1007 806 172 0 0 1414 45 0 195 414 154 1224 15 53 35 59 328 0 24 939 3000 0 7 21 3000 1834 72 0 1173 70 9 10 844 8 
361 126 119 0 567 7 75 45 18 166 873 91 0 0 0 54 456 757 262 1450 0 0 285 0 87 0 0 212 0 0 0 127 17 0 0 0 0 220 7 161 0 93 0 0 0 22 0 0 227 0 0 44 428 1173 0 55 23 0 13 59 
11 2075 83 60 61 375 12 1679 20 1741 85 63 260 48 78 109 72 190 438 677 190 53 237 7 118 0 11 3000 1407 218 102 31 672 629 555 188 8 416 1081 1004 41 20 53 15 642 43 199 757 24 40 117 16 8 70 55 0 41 292 58 743 
371 3000 1082 49 8 108 164 285 120 1011 2998 487 2192 17 0 947 1418 45 1938 126 0 100 170 464 1215 0 85 22 150 82 25 420 16 52 20 2878 526 96 221 16 14 32 2708 314 39 1553 321 0 2227 1210 13 47 11 9 23 41 0 66 7 415 
0 0 27 47 32 0 1245 0 0 0 0 207 0 31 1760 0 955 0 295 0 12 47 525 0 0 91 0 123 40 393 113 127 0 135 17 21 135 1603 0 0 884 0 14 0 17 0 136 41 0 313 525 11 0 10 0 292 66 0 0 0 
45 314 165 542 415 46 105 122 376 22 555 367 2923 0 0 35 10 21 47 11 0 438 102 1868 13 0 19 16 144 678 0 29 80 0 9 553 52 10 129 573 203 391 0 30 22 426 18 0 145 721 38 342 10 844 13 58 7 0 0 10 
287 88 104 0 125 69 30 31 11 12 145 60 0 0 0 308 18 30 1844 32 0 0 33 0 973 0 1179 185 0 0 0 111 49 0 0 0 0 185 173 166 0 364 0 0 0 583 0 0 24 0 0 18 1870 8 59 743 415 0 10 0 
