60
0 28 68 41 40 30 16 77 18 49 34 55 61 32 20 51 31 56 37 37 70 20 20 60 24 21 37 7 45 61 34 40 49 53 3 58 60 13 53 67 26 49 61 25 28 31 36 51 19 36 25 33 31 45 56 20 25 43 55 20 
28 0 59 14 67 45 39 90 42 70 7 41 77 21 39 38 58 29 61 64 79 41 8 60 45 14 41 24 54 40 31 30 67 65 30 32 37 40 34 78 46 37 44 51 52 30 63 57 15 9 17 43 39 18 34 47 48 43 53 46 
68 59 0 57 93 51 84 61 86 71 55 20 61 39 87 21 83 54 103 95 46 88 57 22 59 51 35 71 39 30 90 29 61 49 71 50 87 75 29 50 58 22 99 90 94 87 85 33 70 61 46 43 42 55 85 84 93 27 19 85 
41 14 57 0 81 56 53 98 56 82 8 38 87 26 52 37 72 16 75 78 85 55 22 64 57 25 49 38 62 33 39 32 78 74 44 19 30 54 29 86 58 36 42 65 66 38 76 64 27 7 26 52 49 4 28 61 61 48 57 60 
40 67 93 81 0 42 35 72 32 34 74 87 54 67 40 82 10 95 27 8 73 37 60 77 34 59 57 45 57 96 66 72 42 55 38 97 98 27 87 67 35 80 96 23 27 62 8 64 58 76 60 49 51 85 94 23 32 66 75 25 
30 45 51 56 42 0 42 47 43 27 48 47 33 33 48 42 32 66 56 45 41 47 38 35 9 32 16 36 17 58 64 34 22 23 31 66 82 29 50 37 7 41 87 44 48 60 34 24 45 53 30 7 10 58 78 38 49 24 33 39 
16 39 84 53 35 42 0 88 3 55 46 71 71 48 6 67 30 68 22 29 83 5 33 75 35 36 52 15 59 76 31 56 58 64 13 71 64 14 68 79 37 65 61 13 13 28 34 65 26 46 40 47 46 57 60 12 9 59 70 10 
77 90 61 98 72 47 88 0 87 38 91 72 18 72 94 69 66 103 95 79 15 92 83 41 53 76 49 84 36 86 111 68 31 25 78 101 127 73 80 12 51 69 133 85 90 108 65 35 93 97 73 47 50 98 123 80 93 51 46 82 
18 42 86 56 32 43 3 87 0 53 49 73 70 50 8 69 27 71 19 26 83 5 36 76 35 38 53 18 60 78 34 59 57 64 15 74 67 14 70 79 37 67 64 10 10 31 31 66 29 49 42 47 47 60 63 9 7 60 71 7 
49 70 71 82 34 27 55 38 53 0 74 72 20 60 61 68 29 93 58 41 41 58 62 51 26 57 40 56 32 84 83 61 10 24 49 92 107 41 76 34 25 66 110 49 54 79 27 38 67 79 56 33 36 84 103 45 57 47 52 47 
34 7 55 8 74 48 46 91 49 74 0 36 80 20 46 34 65 22 68 71 79 49 14 59 49 17 42 31 55 34 37 27 71 67 37 25 36 47 29 79 50 33 45 58 59 36 69 57 22 6 19 45 42 11 32 54 55 42 52 53 
55 41 20 38 87 47 71 72 73 72 36 0 68 23 74 5 76 35 92 87 57 75 41 32 54 35 32 56 41 14 72 15 64 54 58 31 67 64 9 60 53 6 80 80 83 70 79 39 54 42 31 40 37 36 65 74 80 25 26 74 
61 77 61 87 54 33 71 18 70 20 80 68 0 62 77 64 48 95 77 61 22 75 70 40 37 64 39 68 27 81 96 60 13 14 62 93 115 56 74 15 35 63 120 67 72 92 47 29 78 85 61 35 38 88 111 63 75 43 43 65 
32 21 39 26 67 33 48 72 50 60 20 23 62 0 50 19 57 33 69 67 60 52 18 39 37 12 23 33 37 29 51 9 54 49 36 33 55 42 21 60 37 18 64 57 60 48 61 38 32 26 8 28 24 26 52 52 57 23 33 52 
20 39 87 52 40 48 6 94 8 61 46 74 77 50 0 70 35 68 23 33 88 3 34 80 40 38 56 17 64 78 26 59 64 70 17 71 61 20 70 85 42 68 57 17 15 23 39 70 25 45 43 52 50 56 57 17 10 63 74 15 
51 38 21 37 82 42 67 69 69 68 34 5 64 19 70 0 72 36 87 83 55 71 37 30 49 32 27 52 38 17 69 10 60 50 54 33 67 60 11 57 48 2 78 75 78 67 75 35 50 40 27 35 32 35 64 69 76 21 24 70 
31 58 83 72 10 32 30 66 27 29 65 76 48 57 35 72 0 86 29 14 66 33 51 67 23 49 47 37 48 86 61 62 36 47 29 87 91 19 77 60 25 70 90 21 26 57 4 55 50 67 50 39 41 75 87 18 30 56 65 21 
56 29 54 16 95 66 68 103 71 93 22 35 95 33 68 36 86 0 90 93 89 70 36 65 68 37 55 53 69 25 54 35 87 81 59 5 35 69 25 91 69 36 50 80 81 54 90 68 43 23 37 61 57 11 34 76 77 52 59 75 
37 61 103 75 27 56 22 95 19 58 68 92 77 69 23 87 29 90 0 19 94 20 55 91 47 58 69 37 73 97 47 77 65 75 33 93 83 28 89 89 49 85 77 12 9 45 31 80 48 68 61 62 62 79 79 18 13 77 87 18 
37 64 95 78 8 45 29 79 26 41 71 87 61 67 33 83 14 93 19 0 79 30 57 80 36 57 60 41 61 96 60 73 49 60 34 95 93 25 87 73 38 81 90 16 19 56 14 68 54 72 60 52 53 82 89 18 25 68 78 19 
70 79 46 85 73 41 83 15 83 41 79 57 22 60 88 55 66 89 94 79 0 87 73 26 48 66 38 76 25 71 103 55 31 19 72 87 115 69 66 7 46 54 123 83 87 100 66 22 84 85 62 38 41 85 112 77 89 37 31 79 
20 41 88 55 37 47 5 92 5 58 49 75 75 52 3 71 33 70 20 30 87 0 36 79 39 40 56 19 64 79 30 60 62 69 17 73 64 19 71 83 41 69 60 14 12 26 36 70 28 48 44 51 50 59 60 14 7 63 75 12 
20 8 57 22 60 38 33 83 36 62 14 41 70 18 34 37 51 36 55 57 73 36 0 56 37 7 35 18 48 43 33 28 60 58 23 38 45 33 36 72 38 36 50 45 46 30 55 51 13 17 12 36 33 25 41 40 43 38 49 40 
60 60 22 64 77 35 75 41 76 51 59 32 40 39 80 30 67 65 91 80 26 79 56 0 44 48 23 64 20 46 88 32 41 28 62 63 94 63 41 29 43 30 104 79 83 85 69 13 68 65 44 29 29 63 91 73 83 17 7 74 
24 45 59 57 34 9 35 53 35 26 49 54 37 37 40 49 23 68 47 36 48 39 37 44 0 32 24 31 26 64 59 40 25 30 25 69 81 21 55 44 2 47 84 35 40 55 26 33 42 53 32 16 17 59 77 29 41 33 42 31 
21 14 51 25 59 32 36 76 38 57 17 35 64 12 38 32 49 37 58 57 66 40 7 48 32 0 28 21 41 40 40 22 54 52 24 38 51 32 32 65 33 30 57 46 48 37 53 44 20 22 5 29 26 27 47 41 46 31 42 41 
37 41 35 49 57 16 52 49 53 40 42 32 39 23 56 27 47 55 69 60 38 56 35 23 24 28 0 41 13 44 66 21 33 26 39 54 78 40 36 37 23 26 85 56 60 63 50 16 47 48 24 8 7 49 74 50 60 9 18 51 
7 24 71 38 45 36 15 84 18 56 31 56 68 33 17 52 37 53 37 41 76 19 18 64 31 21 41 0 51 61 28 42 56 59 7 56 54 18 53 74 33 51 54 27 28 24 41 57 13 32 26 38 36 42 50 23 25 47 59 22 
45 54 39 62 57 17 59 36 60 32 55 41 27 37 64 38 48 69 73 61 25 64 48 20 26 41 13 51 0 55 78 34 23 13 48 67 91 46 47 24 24 36 98 61 65 74 49 7 58 61 37 13 15 63 88 55 66 17 20 56 
61 40 30 33 96 58 76 86 78 84 34 14 81 29 78 17 86 25 97 96 71 79 43 46 64 40 44 61 55 0 71 24 77 67 64 20 59 72 9 74 64 18 73 86 88 70 89 52 55 39 36 52 48 29 58 81 85 38 40 81 
34 31 90 39 66 64 31 111 34 83 37 72 96 51 26 69 61 54 47 60 103 30 33 88 59 40 66 28 78 71 0 60 84 86 34 58 36 43 65 101 61 68 30 44 41 4 65 82 20 33 45 65 62 44 33 43 36 71 82 41 
40 30 29 32 72 34 56 68 59 61 27 15 60 9 59 10 62 35 77 73 55 60 28 32 40 22 21 42 34 24 60 0 54 46 44 33 62 50 15 56 40 9 72 65 68 58 66 33 41 34 17 28 25 31 59 59 66 17 25 59 
49 67 61 78 42 22 58 31 57 10 71 64 13 54 64 60 36 87 65 49 31 62 60 41 25 54 33 56 23 77 84 54 0 14 50 86 104 43 69 25 23 58 109 54 59 80 35 28 67 75 52 26 30 80 101 50 62 39 42 52 
53 65 49 74 55 23 64 25 64 24 67 54 14 49 70 50 47 81 75 60 19 69 58 28 30 52 26 59 13 67 86 46 14 0 54 80 102 50 60 15 28 49 109 63 68 83 47 16 68 73 49 22 26 75 99 58 70 29 30 60 
3 30 71 44 38 31 13 78 15 49 37 58 62 36 17 54 29 59 33 34 72 17 23 62 25 24 39 7 48 64 34 44 50 54 0 61 61 11 56 69 27 52 62 22 24 30 34 53 21 38 28 35 33 48 57 17 22 46 57 17 
58 32 50 19 97 66 71 101 74 92 25 31 93 33 71 33 87 5 93 95 87 73 38 63 69 38 54 56 67 20 58 33 86 80 61 0 40 70 22 89 69 33 55 83 84 58 91 66 46 26 37 60 57 15 39 78 80 51 56 78 
60 37 87 30 98 82 64 127 67 107 36 67 115 55 61 67 91 35 83 93 115 64 45 94 81 51 78 54 91 59 36 62 104 102 61 40 0 72 58 115 82 66 16 77 76 38 95 93 41 30 54 80 77 32 4 75 70 78 87 74 
13 40 75 54 27 29 14 73 14 41 47 64 56 42 20 60 19 69 28 25 69 19 33 63 21 32 40 18 46 72 43 50 43 50 11 70 72 0 63 65 23 58 71 16 20 39 23 53 31 49 35 34 34 58 68 10 20 48 59 11 
53 34 29 29 87 50 68 80 70 76 29 9 74 21 70 11 77 25 89 87 66 71 36 41 55 32 36 53 47 9 65 15 69 60 56 22 58 63 0 68 55 11 71 78 80 64 81 46 48 34 28 43 40 27 56 72 77 30 34 72 
67 78 50 86 67 37 79 12 79 34 79 60 15 60 85 57 60 91 89 73 7 83 72 29 44 65 37 74 24 74 101 56 25 15 69 89 115 65 68 0 42 57 122 78 83 97 60 23 82 85 61 36 39 86 112 72 85 38 34 74 
26 46 58 58 35 7 37 51 37 25 50 53 35 37 42 48 25 69 49 38 46 41 38 43 2 33 23 33 24 64 61 40 23 28 27 69 82 23 55 42 0 47 86 37 41 57 27 31 44 54 32 15 16 60 78 31 43 31 40 33 
49 37 22 36 80 41 65 69 67 66 33 6 63 18 68 2 70 36 85 81 54 69 36 30 47 30 26 51 36 18 68 9 58 49 52 33 66 58 11 57 47 0 77 73 76 66 73 34 49 39 25 34 31 34 64 68 74 19 23 68 
61 44 99 42 96 87 61 133 64 110 45 80 120 64 57 78 90 50 77 90 123 60 50 104 84 57 85 54 98 73 30 72 109 109 62 55 16 71 71 122 86 77 0 74 72 34 94 101 42 39 61 86 83 44 16 73 66 87 97 71 
25 51 90 65 23 44 13 85 10 49 58 80 67 57 17 75 21 80 12 16 83 14 45 79 35 46 56 27 61 86 44 65 54 63 22 83 77 16 78 78 37 73 74 0 5 40 24 68 39 59 50 50 50 69 73 6 9 64 75 6 
28 52 94 66 27 48 13 90 10 54 59 83 72 60 15 78 26 81 9 19 87 12 46 83 40 48 60 28 65 88 41 68 59 68 24 84 76 20 80 83 41 76 72 5 0 38 29 72 39 59 52 54 54 70 72 10 6 68 79 9 
31 30 87 38 62 60 28 108 31 79 36 70 92 48 23 67 57 54 45 56 100 26 30 85 55 37 63 24 74 70 4 58 80 83 30 58 38 39 64 97 57 66 34 40 38 0 61 79 17 32 42 61 59 43 35 39 33 68 79 37 
36 63 85 76 8 34 34 65 31 27 69 79 47 61 39 75 4 90 31 14 66 36 55 69 26 53 50 41 49 89 65 66 35 47 34 91 95 23 81 60 27 73 94 24 29 61 0 56 54 71 54 42 43 80 91 22 33 58 67 24 
51 57 33 64 64 24 65 35 66 38 57 39 29 38 70 35 55 68 80 68 22 70 51 13 33 44 16 57 7 52 82 33 28 16 53 66 93 53 46 23 31 34 101 68 72 79 56 0 63 64 40 19 20 64 90 62 73 16 14 63 
19 15 70 27 58 45 26 93 29 67 22 54 78 32 25 50 50 43 48 54 84 28 13 68 42 20 47 13 58 55 20 41 67 68 21 46 41 31 48 82 44 49 42 39 39 17 54 63 0 20 25 46 43 32 37 36 34 51 62 34 
36 9 61 7 76 53 46 97 49 79 6 42 85 26 45 40 67 23 68 72 85 48 17 65 53 22 48 32 61 39 33 34 75 73 38 26 30 49 34 85 54 39 39 59 59 32 71 64 20 0 24 51 47 12 26 55 55 49 58 54 
25 17 46 26 60 30 40 73 42 56 19 31 61 8 43 27 50 37 61 60 62 44 12 44 32 5 24 26 37 36 45 17 52 49 28 37 54 35 28 61 32 25 61 50 52 42 54 40 25 24 0 26 23 28 50 44 50 26 37 44 
33 43 43 52 49 7 47 47 47 33 45 40 35 28 52 35 39 61 62 52 38 51 36 29 16 29 8 38 13 52 65 28 26 22 35 60 80 34 43 36 15 34 86 50 54 61 42 19 46 51 26 0 4 54 76 44 54 17 26 45 
31 39 42 49 51 10 46 50 47 36 42 37 38 24 50 32 41 57 62 53 41 50 33 29 17 26 7 36 15 48 62 25 30 26 33 57 77 34 40 39 16 31 83 50 54 59 43 20 43 47 23 4 0 50 73 44 54 15 25 45 
45 18 55 4 85 58 57 98 60 84 11 36 88 26 56 35 75 11 79 82 85 59 25 63 59 27 49 42 63 29 44 31 80 75 48 15 32 58 27 86 60 34 44 69 70 43 80 64 32 12 28 54 50 0 30 65 66 48 56 64 
56 34 85 28 94 78 60 123 63 103 32 65 111 52 57 64 87 34 79 89 112 60 41 91 77 47 74 50 88 58 33 59 101 99 57 39 4 68 56 112 78 64 16 73 72 35 91 90 37 26 50 76 73 30 0 71 67 75 84 69 
20 47 84 61 23 38 12 80 9 45 54 74 63 52 17 69 18 76 18 18 77 14 40 73 29 41 50 23 55 81 43 59 50 58 17 78 75 10 72 72 31 68 73 6 10 39 22 62 36 55 44 44 44 65 71 0 12 58 69 2 
25 48 93 61 32 49 9 93 7 57 55 80 75 57 10 76 30 77 13 25 89 7 43 83 41 46 60 25 66 85 36 66 62 70 22 80 70 20 77 85 43 74 66 9 6 33 33 73 34 55 50 54 54 66 67 12 0 67 78 10 
43 43 27 48 66 24 59 51 60 47 42 25 43 23 63 21 56 52 77 68 37 63 38 17 33 31 9 47 17 38 71 17 39 29 46 51 78 48 30 38 31 19 87 64 68 68 58 16 51 49 26 17 15 48 75 58 67 0 11 59 
55 53 19 57 75 33 70 46 71 52 52 26 43 33 74 24 65 59 87 78 31 75 49 7 42 42 18 59 20 40 82 25 42 30 57 56 87 59 34 34 40 23 97 75 79 79 67 14 62 58 37 26 25 56 84 69 78 11 0 70 
20 46 85 60 25 39 10 82 7 47 53 74 65 52 15 70 21 75 18 19 79 12 40 74 31 41 51 22 56 81 41 59 52 60 17 78 74 11 72 74 33 68 71 6 9 37 24 63 34 54 44 45 45 64 69 2 10 59 70 0 
0 29 53 15 0 64 24 313 0 10 0 0 209 29 830 0 354 0 0 1557 16 366 272 2909 12 45 153 66 11 21 1985 85 460 14 74 815 9 59 21 52 52 12 28 188 42 258 0 51 142 158 200 9 34 78 19 0 1561 0 87 498 
29 0 43 586 17 453 236 0 0 0 0 0 14 11 234 50 0 0 0 0 0 0 96 67 41 80 826 9 67 260 100 0 0 258 986 164 0 0 3000 18 193 1054 17 11 45 1139 0 89 48 192 111 0 35 353 2732 0 8 225 0 17 
53 43 0 123 0 73 49 10 0 0 0 0 13 358 180 0 11 0 0 0 56 0 95 15 0 10 1105 290 653 308 89 0 21 29 34 671 71 0 158 317 108 205 69 66 63 48 0 43 510 534 302 94 0 0 15 0 69 0 278 125 
15 586 123 0 615 15 1118 241 14 15 11 202 0 188 0 132 91 33 0 66 160 324 830 296 89 82 108 0 94 943 83 502 224 245 613 8 7 74 252 1335 449 3000 14 56 33 56 8 31 619 10 2250 1341 158 62 28 122 286 1346 459 13 
0 17 0 615 0 13 24 634 29 1997 14 1026 0 174 0 10 0 132 0 0 0 7 0 139 106 13 219 0 307 2688 110 93 24 801 52 31 0 0 425 73 21 215 21 58 29 445 15 541 307 0 83 45 87 1229 119 0 1009 92 322 532 
64 453 73 15 13 0 46 927 43 178 544 186 76 3000 2638 45 9 176 70 296 3000 254 53 493 2026 13 3000 82 20 37 514 8 34 34 590 1666 47 8 24 103 91 1142 7 72 24 62 44 333 41 248 22 28 19 936 19 30 22 187 3000 297 
24 236 49 1118 24 46 0 687 3000 9 0 0 548 511 3000 217 185 0 0 0 143 0 67 190 69 170 130 496 43 292 17 11 0 192 90 2060 171 0 113 11 171 11 13 727 59 50 77 174 199 12 313 18 9 33 162 0 15 7 2908 109 
313 0 10 241 634 927 687 0 0 13 3000 1040 0 7 0 8 248 223 241 1039 80 1205 61 0 13 118 154 0 91 0 81 20 11 0 495 0 641 35 11 0 0 88 1506 0 449 0 151 0 0 15 255 649 38 104 0 173 149 294 12 0 
0 0 0 14 29 43 3000 0 0 32 40 90 0 0 0 10 0 83 0 0 0 80 0 577 117 287 538 0 0 418 0 222 0 0 1011 0 0 0 72 31 1133 38 0 0 10 0 10 0 110 0 0 13 298 79 0 0 1213 16 36 0 
10 0 0 15 1997 178 9 13 32 0 79 211 0 8 0 9 16 38 181 574 51 52 132 31 39 26 1252 0 541 48 149 739 70 0 45 0 12 46 644 96 210 78 1368 0 11 0 3000 0 18 0 707 8 9 1378 0 187 47 29 26 0 
0 0 0 11 14 544 0 3000 40 79 0 835 0 272 0 3000 0 3000 311 1603 0 42 0 1413 23 10 48 0 0 228 0 26 106 0 816 0 0 1192 3000 17 57 245 98 0 186 0 479 0 126 0 74 227 159 285 0 291 69 17 126 0 
0 0 0 202 1026 186 0 1040 90 211 835 0 0 0 0 17 0 375 0 938 0 941 0 37 114 239 52 0 0 28 0 29 32 0 11 0 0 1274 19 16 27 29 9 0 30 0 1068 0 1759 0 70 12 624 44 0 179 309 23 31 0 
209 14 13 0 0 76 548 0 0 0 0 0 0 3000 40 0 135 0 0 0 76 0 160 0 0 0 0 38 8 0 23 0 0 844 0 0 61 0 0 0 0 445 8 0 0 113 0 298 0 547 429 0 0 0 3000 0 725 0 0 0 
29 11 358 188 174 3000 511 7 0 8 272 0 3000 0 218 0 240 70 12 147 18 766 139 0 561 16 3000 44 272 524 96 36 15 10 101 0 23 472 45 51 11 15 9 0 18 201 3000 0 1753 73 11 573 17 34 151 25 32 0 3000 0 
830 234 180 0 0 2638 3000 0 0 0 0 0 40 218 0 0 69 0 0 0 618 0 27 0 0 37 0 9 63 0 51 0 0 160 0 0 66 0 0 0 103 155 865 125 0 16 0 2877 21 43 65 0 0 0 35 0 65 0 39 0 
0 50 0 132 10 45 217 8 10 9 3000 17 0 0 0 0 0 44 0 0 0 2540 0 216 3000 238 26 0 432 70 16 14 33 0 44 0 0 0 184 42 325 36 1269 415 2000 0 191 0 165 0 70 2417 421 37 0 0 1025 3000 226 0 
354 0 11 91 0 9 185 248 0 16 0 0 135 240 69 0 0 94 51 181 85 43 36 0 17 64 0 112 32 0 61 215 51 264 281 0 18 2955 8 0 0 10 543 0 129 126 0 0 0 194 127 712 0 28 46 117 61 0 19 0 
0 0 0 33 132 176 0 223 83 38 3000 375 0 70 0 44 94 0 214 138 13 27 0 0 248 543 2294 0 0 47 0 848 256 0 237 0 32 243 291 264 0 16 24 0 59 0 22 0 173 0 37 141 120 16 0 21 38 100 47 0 
0 0 0 0 0 70 0 241 0 181 311 0 0 12 0 0 51 214 0 42 21 14 46 0 0 13 0 0 0 0 0 103 1121 0 34 0 2607 480 0 0 0 158 1657 0 263 0 2653 0 0 0 45 1050 0 95 0 16 0 0 19 0 
1557 0 0 66 0 296 0 1039 0 574 1603 938 0 147 0 0 181 138 42 0 530 147 1229 0 44 45 0 0 0 0 0 18 66 0 682 0 444 37 29 0 0 695 442 0 2811 0 2695 0 0 84 47 34 0 311 0 8 40 0 185 0 
16 0 56 160 0 3000 143 80 0 51 0 0 76 18 618 0 85 13 21 530 0 1538 33 0 9 35 0 18 168 0 146 50 13 423 180 0 55 191 275 0 86 41 625 0 1616 67 215 0 0 87 15 579 0 13 761 14 470 0 524 0 
366 0 0 324 7 254 0 1205 80 52 42 941 0 766 0 2540 43 27 14 147 1538 0 163 0 22 17 3000 0 0 0 0 36 144 0 17 0 1877 3000 462 0 0 40 80 0 16 0 268 0 0 0 85 17 200 1142 0 20 61 524 205 0 
272 96 95 830 0 53 67 61 0 132 0 0 160 139 27 0 36 0 46 1229 33 163 0 0 34 11 1384 1920 36 447 34 35 182 249 192 0 1243 113 7 3000 316 259 11 93 227 60 299 269 392 32 61 63 0 138 45 120 545 0 795 0 
2909 67 15 296 139 493 190 0 577 31 1413 37 0 0 0 216 0 0 0 0 0 0 0 0 7 40 32 0 869 13 1180 0 0 53 19 1323 0 0 2060 10 38 75 0 129 35 62 100 49 12 0 0 614 165 28 1230 0 765 53 0 13 
12 41 0 89 106 2026 69 13 117 39 23 114 0 561 0 3000 17 248 0 44 9 22 34 7 0 11 256 0 23 83 165 184 146 32 418 606 36 359 33 14 80 89 14 1370 36 121 142 39 8 16 175 264 315 184 12 74 1508 20 618 808 
45 80 10 82 13 13 170 118 287 26 10 239 0 16 37 238 64 543 13 45 35 17 11 40 11 0 281 34 68 7 40 1887 25 63 119 16 214 571 39 25 28 46 100 109 26 8 222 82 51 424 63 1000 202 1819 67 46 2094 71 124 265 
153 826 1105 108 219 3000 130 154 538 1252 48 52 0 3000 0 26 0 2294 0 0 0 3000 1384 32 256 281 0 0 166 51 9 92 0 489 31 535 0 0 525 172 74 248 7 48 135 25 42 14 1486 0 79 240 1977 14 16 0 154 88 105 82 
66 9 290 0 0 82 496 0 0 0 0 0 38 44 9 0 112 0 0 0 18 0 1920 0 0 34 0 0 1946 86 100 0 0 3000 0 11 133 0 47 152 21 14 194 340 0 1273 0 497 38 198 265 0 0 0 741 0 488 0 0 134 
11 67 653 94 307 20 43 91 0 541 0 0 8 272 63 432 32 0 0 0 168 0 36 869 23 68 166 1946 0 508 84 31 0 91 24 21 270 0 967 1705 170 26 31 83 3000 49 120 285 3000 8 40 203 1441 15 252 0 263 25 34 20 
21 260 308 943 2688 37 292 0 418 48 228 28 0 524 0 70 0 47 0 0 0 0 447 13 83 7 51 86 508 0 1695 859 0 87 583 100 0 0 2311 667 20 223 106 1657 13 2017 185 114 203 830 133 339 20 188 213 0 734 179 0 297 
1985 100 89 83 110 514 17 81 0 149 0 0 23 96 51 16 61 0 0 0 146 0 34 1180 165 40 9 100 84 1695 0 16 0 92 105 45 162 0 365 11 303 205 238 33 159 9 125 128 3000 442 19 27 128 23 39 0 361 32 24 1104 
85 0 0 502 93 8 11 20 222 739 26 29 0 36 0 14 215 848 103 18 50 36 35 0 184 1887 92 0 31 859 16 0 181 0 19 0 99 13 292 123 347 1494 31 0 270 0 204 0 34 18 94 158 29 55 0 194 31 389 112 0 
460 0 21 224 24 34 0 11 0 70 106 32 0 15 0 33 51 256 1121 66 13 144 182 0 146 25 0 0 0 0 0 181 0 0 60 0 25 26 409 0 0 124 57 0 13 0 194 0 0 991 33 197 73 91 0 105 177 16 61 0 
14 258 29 245 801 34 192 0 0 0 0 0 844 10 160 0 264 0 0 0 423 0 249 53 32 63 489 3000 91 87 92 0 0 0 10 472 0 0 7 121 158 105 9 1905 23 88 0 105 8 186 23 1701 50 780 633 0 22 404 0 36 
74 986 34 613 52 590 90 495 1011 45 816 11 0 101 0 44 281 237 34 682 180 17 192 19 418 119 31 0 24 583 105 19 60 10 0 735 12 351 19 14 2818 108 107 8 142 1511 102 3000 67 1587 40 112 8 107 37 66 70 1968 46 59 
815 164 671 8 31 1666 2060 0 0 0 0 0 0 0 0 0 0 0 0 0 0 0 0 1323 606 16 535 11 21 100 45 0 0 472 735 0 0 0 1766 16 1062 0 0 23 33 111 0 242 1552 0 0 0 14 0 331 0 56 173 0 2256 
9 0 71 7 0 47 171 641 0 12 0 0 61 23 66 0 18 32 2607 444 55 1877 1243 0 36 214 0 133 270 0 162 99 25 0 12 0 0 22 37 0 0 620 1935 0 162 0 2741 0 0 23 59 48 0 340 149 28 1199 0 84 0 
59 0 0 74 0 8 0 35 0 46 1192 1274 0 472 0 0 2955 243 480 37 191 3000 113 0 359 571 0 0 0 0 0 13 26 0 351 0 22 0 49 0 0 2564 92 0 27 0 1063 0 0 30 9 610 0 2120 0 8 55 0 121 0 
21 3000 158 252 425 24 113 11 72 644 3000 19 0 45 0 184 8 291 0 29 275 462 7 2060 33 39 525 47 967 2311 365 292 409 7 19 1766 37 49 0 163 10 348 53 48 191 30 951 57 18 494 1532 2364 162 22 154 3000 1825 181 27 12 
52 18 317 1335 73 103 11 0 31 96 17 16 0 51 0 42 0 264 0 0 0 0 3000 10 14 25 172 152 1705 667 11 123 0 121 14 16 0 0 163 0 9 13 1645 81 160 75 135 22 3000 19 63 12 1865 2313 1970 0 18 250 0 48 
52 193 108 449 21 91 171 0 1133 210 57 27 0 11 103 325 0 0 0 0 86 0 316 38 80 28 74 21 170 20 303 347 0 158 2818 1062 0 0 10 9 0 70 310 13 3000 210 19 192 45 99 3000 10 3000 59 176 0 25 1405 309 1331 
12 1054 205 3000 215 1142 11 88 38 78 245 29 445 15 155 36 10 16 158 695 41 40 259 75 89 46 248 14 26 223 205 1494 124 105 108 0 620 2564 348 13 70 0 48 40 42 66 47 200 123 54 27 56 31 365 81 24 269 63 741 254 
28 17 69 14 21 7 13 1506 0 1368 98 9 8 9 865 1269 543 24 1657 442 625 80 11 0 14 100 7 194 31 106 238 31 57 9 107 0 1935 92 53 1645 310 48 0 0 11 26 34 0 174 593 29 46 29 1272 39 103 38 52 472 0 
188 11 66 56 58 72 727 0 0 0 0 0 0 0 125 415 0 0 0 0 0 0 93 129 1370 109 48 340 83 1657 33 0 0 1905 8 23 0 0 48 81 13 40 0 0 107 114 0 2950 12 12 0 0 186 0 78 0 59 472 0 9 
42 45 63 33 29 24 59 449 10 11 186 30 0 18 0 2000 129 59 263 2811 1616 16 227 35 36 26 135 0 3000 13 159 270 13 23 142 33 162 27 191 160 3000 42 11 107 0 53 210 43 33 22 588 299 84 15 47 210 3000 90 13 46 
258 1139 48 56 445 62 50 0 0 0 0 0 113 201 16 0 126 0 0 0 67 0 60 62 121 8 25 1273 49 2017 9 0 0 88 1511 111 0 0 30 75 210 66 26 114 53 0 0 1106 72 432 13 0 1396 0 12 0 32 0 0 597 
0 0 0 8 15 44 77 151 10 3000 479 1068 0 3000 0 191 0 22 2653 2695 215 268 299 100 142 222 42 0 120 185 125 204 194 0 102 0 2741 1063 951 135 19 47 34 0 210 0 0 0 19 0 647 162 973 24 0 168 29 542 3000 0 
51 89 43 31 541 333 174 0 0 0 0 0 298 0 2877 0 0 0 0 0 0 0 269 49 39 82 14 497 285 114 128 0 0 105 3000 242 0 0 57 22 192 200 0 2950 43 1106 0 0 205 177 0 0 115 0 771 0 47 0 0 270 
142 48 510 619 307 41 199 0 110 18 126 1759 0 1753 21 165 0 173 0 0 0 0 392 12 8 51 1486 38 3000 203 3000 34 0 8 67 1552 0 0 18 3000 45 123 174 12 33 72 19 205 0 1598 383 44 2133 100 128 0 45 13 658 479 
158 192 534 10 0 248 12 15 0 0 0 0 547 73 43 0 194 0 0 84 87 0 32 0 16 424 0 198 8 830 442 18 991 186 1587 0 23 30 494 19 99 54 593 12 22 432 0 177 1598 0 238 126 0 141 22 0 15 0 1782 484 
200 111 302 2250 83 22 313 255 0 707 74 70 429 11 65 70 127 37 45 47 15 85 61 0 175 63 79 265 40 133 19 94 33 23 40 0 59 9 1532 63 3000 27 29 0 588 13 647 0 383 238 0 256 840 96 51 123 74 627 149 0 
9 0 94 1341 45 28 18 649 13 8 227 12 0 573 0 2417 712 141 1050 34 579 17 63 614 264 1000 240 0 203 339 27 158 197 1701 112 0 48 610 2364 12 10 56 46 0 299 0 162 0 44 126 256 0 55 56 0 206 9 230 10 0 
34 35 0 158 87 19 9 38 298 9 159 624 0 17 0 421 0 120 0 0 0 200 0 165 315 202 1977 0 1441 20 128 29 73 50 8 14 0 0 162 1865 3000 31 29 186 84 1396 973 115 2133 0 840 55 0 16 568 0 9 508 183 3000 
78 353 0 62 1229 936 33 104 79 1378 285 44 0 34 0 37 28 16 95 311 13 1142 138 28 184 1819 14 0 15 188 23 55 91 780 107 0 340 2120 22 2313 59 365 1272 0 15 0 24 0 100 141 96 56 16 0 0 315 22 54 30 0 
19 2732 15 28 119 19 162 0 0 0 0 0 3000 151 35 0 46 0 0 0 761 0 45 1230 12 67 16 741 252 213 39 0 0 633 37 331 149 0 154 1970 176 81 39 78 47 12 0 771 128 22 51 0 568 0 0 0 348 0 0 86 
0 0 0 122 0 30 0 173 0 187 291 179 0 25 0 0 117 21 16 8 14 20 120 0 74 46 0 0 0 0 0 194 105 0 66 0 28 8 3000 0 0 24 103 0 210 0 168 0 0 0 123 206 0 315 0 0 0 0 145 0 
1561 8 69 286 1009 22 15 149 1213 47 69 309 725 32 65 1025 61 38 0 40 470 61 545 765 1508 2094 154 488 263 734 361 31 177 22 70 56 1199 55 1825 18 25 269 38 59 3000 32 29 47 45 15 74 9 9 22 348 0 0 10 718 103 
0 225 0 1346 92 187 7 294 16 29 17 23 0 0 0 3000 0 100 0 0 0 524 0 53 20 71 88 0 25 179 32 389 16 404 1968 173 0 0 181 250 1405 63 52 472 90 0 542 0 13 0 627 230 508 54 0 0 10 0 142 15 
87 0 278 459 322 3000 2908 12 36 26 126 31 0 3000 39 226 19 47 19 185 524 205 795 0 618 124 105 0 34 0 24 112 61 0 46 0 84 121 27 0 309 741 472 0 13 0 3000 0 658 1782 149 10 183 30 0 145 718 142 0 0 
498 17 125 13 532 297 109 0 0 0 0 0 0 0 0 0 0 0 0 0 0 0 0 13 808 265 82 134 20 297 1104 0 0 36 59 2256 0 0 12 48 1331 254 0 9 46 597 0 270 479 484 0 0 3000 0 86 0 103 15 0 0 
