80
0 13 28 50 32 16 37 41 68 14 36 40 9 41 46 66 30 88 48 62 43 72 25 44 19 19 54 20 71 62 64 66 61 48 22 59 83 34 25 38 90 28 62 60 35 25 29 53 61 19 46 45 9 33 68 44 27 41 47 27 73 64 37 34 33 66 34 54 9 39 8 10 27 32 64 31 36 40 38 61 
13 0 14 56 28 20 41 52 57 3 34 50 21 51 34 52 26 77 38 49 39 62 27 56 32 25 44 33 58 53 52 57 63 41 28 47 72 41 26 29 78 20 57 51 27 32 27 48 56 11 34 39 4 41 71 56 34 35 39 36 62 52 47 45 24 71 46 42 5 29 10 13 30 45 51 44 43 35 46 51 
28 14 0 65 30 31 50 64 48 14 39 61 35 63 22 38 29 66 30 36 40 53 35 69 46 36 36 46 46 47 39 51 68 39 39 34 61 52 33 23 67 19 54 43 26 42 31 46 54 15 24 36 18 53 77 69 45 34 35 47 51 41 59 58 20 79 60 31 19 25 23 25 39 59 39 58 52 36 57 42 
50 56 65 0 82 65 16 75 74 59 85 15 41 17 69 100 39 94 62 99 92 118 74 71 45 32 63 35 87 109 82 64 23 97 68 99 90 16 74 55 96 49 51 107 47 25 79 46 48 50 89 94 53 74 23 73 72 90 95 23 83 78 74 69 52 18 60 96 51 86 47 60 27 50 104 39 14 89 12 68 
32 28 30 82 0 19 68 46 77 25 10 72 41 73 51 53 54 94 60 47 11 43 13 55 45 50 66 51 73 31 66 81 91 16 23 40 90 66 13 53 95 46 83 31 53 57 5 74 83 38 28 13 30 33 98 53 26 10 17 59 79 70 40 42 48 98 50 35 31 14 35 22 57 54 44 58 68 8 70 72 
16 20 31 65 19 0 53 33 78 18 20 54 24 55 53 65 45 97 59 60 28 62 9 39 26 35 64 32 77 50 71 78 77 35 8 55 92 49 9 49 98 40 76 50 47 41 15 67 75 30 42 33 19 22 84 38 14 29 36 42 81 72 27 27 44 82 32 50 20 30 22 8 43 35 59 39 52 26 53 71 
37 41 50 16 68 53 0 70 61 44 73 20 30 22 53 84 23 81 47 83 79 102 62 68 38 19 49 29 72 94 67 52 25 83 58 83 77 10 62 39 83 33 41 92 31 13 66 34 38 34 73 80 39 66 31 69 62 77 80 16 69 63 68 62 36 30 56 80 37 71 33 47 11 47 88 37 6 76 12 54 
41 52 64 75 46 33 70 0 109 50 39 61 42 60 85 97 71 129 89 92 49 87 33 10 31 54 95 41 110 74 103 107 94 59 25 86 124 62 34 80 130 69 103 75 76 57 41 94 101 60 73 57 49 13 97 8 20 53 62 54 113 104 6 7 74 93 16 80 49 60 49 39 62 26 90 37 66 50 64 102 
68 57 48 74 77 78 61 109 0 59 87 80 70 82 27 48 42 21 19 52 87 84 83 112 83 62 14 78 17 85 17 13 61 82 86 59 16 69 81 29 23 40 28 80 34 65 79 29 31 49 59 81 60 99 71 112 92 80 77 71 9 11 104 102 35 78 101 60 59 69 60 71 57 96 62 90 66 82 73 7 
14 3 14 59 25 18 44 50 59 0 31 52 23 53 35 52 29 79 40 48 36 59 24 55 33 27 46 34 60 50 53 60 66 38 26 45 74 44 23 31 80 22 60 48 30 34 24 51 59 13 32 36 6 40 74 55 32 32 36 38 63 54 45 44 26 74 46 40 8 27 13 12 33 45 50 45 45 32 49 53 
36 34 39 85 10 20 73 39 87 31 0 74 44 75 60 62 61 104 69 56 10 48 11 49 45 54 75 52 82 35 76 90 96 19 20 49 99 69 11 61 105 53 91 36 61 60 8 82 91 45 37 17 35 27 103 47 21 14 23 62 89 79 34 37 57 102 46 43 37 23 40 26 62 51 52 57 72 10 73 81 
40 50 61 15 72 54 20 61 80 52 74 0 31 2 70 98 40 101 65 96 82 111 63 56 31 26 68 23 91 102 85 72 37 88 56 96 96 11 63 57 103 48 61 100 49 19 69 54 57 46 84 85 46 61 38 58 59 82 87 14 88 82 60 54 53 32 45 92 45 79 40 50 25 35 100 24 14 80 7 73 
9 21 35 41 41 24 30 42 70 23 44 31 0 32 51 73 29 91 51 70 51 81 33 43 13 12 56 12 75 71 68 66 55 57 28 68 86 25 33 41 92 30 61 69 36 17 38 52 59 23 55 54 17 37 60 43 32 50 56 18 76 67 39 35 36 58 31 63 16 48 12 19 21 27 72 23 29 49 29 63 
41 51 63 17 73 55 22 60 82 53 75 2 32 0 72 100 42 103 67 98 83 112 64 55 31 27 70 22 93 102 87 74 39 89 56 97 98 13 63 58 105 50 63 101 51 21 69 56 60 48 85 86 47 60 39 57 59 82 88 15 90 84 59 53 54 34 44 93 46 79 41 51 27 34 102 23 16 80 10 76 
46 34 22 69 51 53 53 85 27 35 60 70 51 72 0 32 30 44 12 33 60 62 57 90 64 46 17 61 25 60 18 32 64 56 61 37 39 59 56 14 45 22 40 56 22 51 53 34 41 28 34 55 37 74 74 89 67 54 51 57 29 19 80 78 17 78 79 37 37 42 39 46 45 77 41 73 57 56 63 21 
66 52 38 100 53 65 84 97 48 52 62 98 73 100 32 0 61 55 43 6 57 38 64 104 85 73 46 85 34 43 31 59 96 48 72 15 52 88 63 46 55 51 70 38 53 79 57 66 73 52 25 48 57 84 107 103 77 49 42 85 44 38 91 92 48 110 96 19 57 39 62 61 74 97 15 96 87 53 93 47 
30 26 29 39 54 45 23 71 42 29 61 40 29 42 30 61 0 63 25 60 65 82 52 72 42 20 28 36 51 76 45 37 39 66 52 61 58 29 51 16 65 10 32 72 9 23 53 23 31 16 52 64 26 63 48 72 57 61 63 29 49 42 67 63 13 51 60 58 25 53 23 37 15 55 66 48 28 61 34 35 
88 77 66 94 94 97 81 129 21 79 104 101 91 103 44 55 63 0 40 60 102 93 101 132 104 83 35 99 22 96 28 30 78 97 105 68 5 90 100 50 2 61 44 91 55 85 97 48 48 69 72 96 80 118 88 132 111 95 91 91 15 25 124 122 55 95 121 71 79 84 81 90 78 117 70 111 87 98 93 28 
48 38 30 62 60 59 47 89 19 40 69 65 51 67 12 43 25 40 0 45 70 74 64 93 65 44 6 60 26 72 20 21 54 67 67 49 35 54 63 10 41 21 28 68 16 48 61 23 30 30 46 65 40 80 64 93 73 64 62 54 25 17 85 82 16 69 82 49 40 53 41 51 40 78 53 72 52 65 58 12 
62 49 36 99 47 60 83 92 52 48 56 96 70 98 33 6 60 60 45 0 51 33 59 100 81 71 48 82 38 37 35 62 97 42 67 9 57 86 58 46 60 50 72 33 53 77 52 67 74 50 20 42 53 79 107 98 72 44 37 83 48 41 86 87 47 110 92 14 54 34 59 57 73 93 10 93 86 47 91 50 
43 39 40 92 11 28 79 49 87 36 10 82 51 83 60 57 65 102 70 51 0 39 20 58 54 61 76 61 80 26 75 91 102 10 29 43 98 76 20 63 103 57 94 27 64 68 14 85 94 49 32 9 41 36 109 56 31 7 15 70 88 78 43 46 59 109 55 37 42 19 46 33 68 61 45 67 79 4 81 81 
72 62 53 118 43 62 102 87 84 59 48 111 81 112 62 38 82 93 74 33 39 0 56 97 88 86 78 92 71 13 68 93 121 29 66 25 90 103 56 72 93 72 102 12 77 94 49 95 103 68 30 31 65 75 130 95 69 34 26 97 81 74 82 84 71 132 93 25 67 33 72 63 91 97 23 101 104 38 108 82 
25 27 35 74 13 9 62 33 83 24 11 63 33 64 57 64 52 101 64 59 20 56 0 41 34 44 70 41 80 44 74 84 86 28 10 53 96 58 1 55 102 46 84 44 54 50 8 75 83 37 40 26 27 20 93 40 13 22 30 51 86 76 27 29 50 91 36 47 28 26 31 16 52 41 57 47 61 19 62 76 
44 56 69 71 55 39 68 10 112 55 49 56 43 55 90 104 72 132 93 100 58 97 41 0 30 54 98 39 114 84 108 109 91 68 32 94 127 59 42 83 134 72 103 84 78 56 49 95 101 63 81 66 53 22 93 3 28 62 71 52 117 108 15 13 77 89 12 88 53 68 51 44 62 21 98 32 63 59 60 105 
19 32 46 45 45 26 38 31 83 33 45 31 13 31 64 85 42 104 65 81 54 88 34 30 0 24 69 10 88 76 82 79 63 61 26 77 99 30 34 54 106 44 73 76 49 25 41 64 71 36 64 59 28 30 66 31 28 55 62 23 89 81 30 24 49 63 18 72 28 55 24 25 32 13 82 13 35 52 33 76 
19 25 36 32 50 35 19 54 62 27 54 26 12 27 46 73 20 83 44 71 61 86 44 54 24 0 48 17 69 78 63 56 43 65 40 70 78 16 43 34 85 24 50 75 28 7 47 41 47 21 58 62 21 49 49 55 44 59 63 12 69 61 51 47 29 48 42 66 20 54 15 29 9 36 75 28 18 58 21 55 
54 44 36 63 66 64 49 95 14 46 75 68 56 70 17 46 28 35 6 48 76 78 70 98 69 48 0 64 24 77 20 16 53 73 72 54 30 57 68 15 37 26 24 73 20 51 67 21 26 35 51 71 46 85 64 98 78 69 68 57 21 15 90 88 21 69 87 54 45 59 46 57 44 82 57 76 54 71 60 7 
20 33 46 35 51 32 29 41 78 34 52 23 12 22 61 85 36 99 60 82 61 92 41 39 10 17 64 0 85 81 78 73 53 67 34 79 94 21 41 50 101 40 66 80 44 17 47 57 63 34 67 64 29 39 57 40 37 61 67 13 85 77 39 34 45 53 27 75 28 59 23 29 24 19 84 12 25 58 23 71 
71 58 46 87 73 77 72 110 17 60 82 91 75 93 25 34 51 22 26 38 80 71 80 114 88 69 24 85 0 74 7 30 76 74 85 46 19 80 79 35 23 45 44 69 42 73 76 44 47 52 50 74 62 99 87 114 91 73 69 79 11 9 105 103 40 93 104 49 62 62 64 71 66 101 48 97 77 76 84 20 
62 53 47 109 31 50 94 74 85 50 35 102 71 102 60 43 76 96 72 37 26 13 44 84 76 78 77 81 74 0 69 92 115 16 54 28 92 94 43 68 96 66 99 5 72 85 36 92 100 60 26 18 56 61 123 81 56 22 15 88 83 75 68 71 66 124 80 25 58 24 63 52 83 85 28 89 95 25 99 81 
64 52 39 82 66 71 67 103 17 53 76 85 68 87 18 31 45 28 20 35 75 68 74 108 82 63 20 78 7 69 0 29 73 69 79 43 24 74 73 29 29 39 42 65 36 67 70 40 45 45 45 68 55 92 83 107 85 68 64 73 14 7 98 96 33 88 97 44 55 56 57 64 60 95 45 90 72 70 78 18 
66 57 51 64 81 78 52 107 13 60 90 72 66 74 32 59 37 30 21 62 91 93 84 109 79 56 16 73 30 92 29 0 49 88 86 68 26 61 83 29 32 38 15 88 31 58 82 18 18 48 66 86 59 98 59 109 91 85 83 63 22 23 103 100 34 66 97 69 58 74 58 70 50 92 72 84 58 87 64 12 
61 63 68 23 91 77 25 94 61 66 96 37 55 39 64 96 39 78 54 97 102 121 86 91 63 43 53 53 76 115 73 49 0 104 82 99 75 33 86 50 81 49 34 111 44 38 89 33 31 54 91 102 61 91 11 93 87 99 101 40 70 67 92 87 50 17 80 97 60 91 56 71 35 71 104 60 28 98 32 56 
48 41 39 97 16 35 83 59 82 38 19 88 57 89 56 48 66 97 67 42 10 29 28 68 61 65 73 67 74 16 69 88 104 0 38 34 93 81 28 62 97 57 92 16 64 72 21 85 93 50 25 3 44 46 112 66 40 7 6 75 82 73 53 56 58 113 64 29 45 14 50 38 71 69 36 74 83 10 86 78 
22 28 39 68 23 8 58 25 86 26 20 56 28 56 61 72 52 105 67 67 29 66 10 32 26 40 72 34 85 54 79 86 82 38 0 62 100 53 11 57 106 47 84 54 55 45 18 75 83 38 48 36 27 13 88 31 6 32 40 45 90 80 19 20 52 86 27 56 28 36 29 15 48 32 66 38 56 29 56 79 
59 47 34 99 40 55 83 86 59 45 49 96 68 97 37 15 61 68 49 9 43 25 53 94 77 70 54 79 46 28 43 68 99 34 62 0 65 86 52 49 68 51 77 23 55 77 45 71 79 49 13 34 51 73 109 92 66 36 28 81 56 48 80 81 49 112 87 6 52 27 57 53 73 89 5 90 86 39 91 56 
83 72 61 90 90 92 77 124 16 74 99 96 86 98 39 52 58 5 35 57 98 90 96 127 99 78 30 94 19 92 24 26 75 93 100 65 0 85 95 45 7 56 40 88 50 81 92 44 44 64 68 92 75 113 85 127 106 91 87 87 11 20 119 117 50 92 116 67 74 80 76 85 73 112 67 106 82 94 89 23 
34 41 52 16 66 49 10 62 69 44 69 11 25 13 59 88 29 90 54 86 76 103 58 59 30 16 57 21 80 94 74 61 33 81 53 86 85 0 58 45 92 37 51 92 38 9 63 44 48 36 75 78 38 60 36 60 56 75 80 8 77 71 60 55 42 33 47 82 36 70 31 44 14 38 91 28 5 74 5 62 
25 26 33 74 13 9 62 34 81 23 11 63 33 63 56 63 51 100 63 58 20 56 1 42 34 43 68 41 79 43 73 83 86 28 11 52 95 58 0 54 101 45 83 43 53 49 7 74 82 36 39 25 26 22 92 41 14 21 29 51 84 75 28 30 49 91 37 46 27 25 30 15 51 42 56 47 61 18 62 75 
38 29 23 55 53 49 39 80 29 31 61 57 41 58 14 46 16 50 10 46 63 72 55 83 54 34 15 50 35 68 29 29 50 62 57 49 45 45 54 0 51 11 31 64 8 39 54 23 32 20 43 60 31 70 61 83 63 58 57 44 35 27 75 72 5 64 72 48 30 48 31 42 32 68 54 62 44 59 50 22 
90 78 67 96 95 98 83 130 23 80 105 103 92 105 45 55 65 2 41 60 103 93 102 134 106 85 37 101 23 96 29 32 81 97 106 68 7 92 101 51 0 62 46 92 57 87 98 50 50 71 73 96 81 120 91 134 112 96 92 93 17 26 125 123 57 98 123 71 81 85 82 91 80 119 70 113 89 99 96 30 
28 20 19 49 46 40 33 69 40 22 53 48 30 50 22 51 10 61 21 50 57 72 46 72 44 24 26 40 45 66 39 38 49 57 47 51 56 37 45 11 62 0 37 62 8 30 46 29 37 9 42 54 21 60 59 72 53 52 53 35 46 37 64 62 5 61 61 48 20 43 20 32 23 57 55 52 37 53 42 33 
62 57 54 51 83 76 41 103 28 60 91 61 61 63 40 70 32 44 28 72 94 102 84 103 73 50 24 66 44 99 42 15 34 92 84 77 40 51 83 31 46 37 0 95 30 49 83 9 4 46 73 90 57 96 44 104 89 88 88 55 36 36 99 95 34 51 91 77 56 78 55 69 42 85 81 76 47 89 53 24 
60 51 43 107 31 50 92 75 80 48 36 100 69 101 56 38 72 91 68 33 27 12 44 84 76 75 73 80 69 5 65 88 111 16 54 23 88 92 43 64 92 62 95 0 69 82 36 88 96 58 22 19 54 62 120 82 56 22 14 86 78 70 69 72 63 122 80 20 56 21 61 51 80 85 24 88 93 26 97 77 
35 27 26 47 53 47 31 76 34 30 61 49 36 51 22 53 9 55 16 53 64 77 54 78 49 28 20 44 42 72 36 31 44 64 55 55 50 38 53 8 57 8 30 69 0 31 54 21 29 17 47 62 28 67 54 78 61 59 60 37 41 33 72 69 6 57 67 53 27 50 27 40 24 62 60 56 36 60 42 27 
25 32 42 25 57 41 13 57 65 34 60 19 17 21 51 79 23 85 48 77 68 94 50 56 25 7 51 17 73 85 67 58 38 72 45 77 81 9 49 39 87 30 49 82 31 0 54 41 47 27 65 69 28 53 43 57 49 66 70 6 72 65 55 50 34 41 44 73 27 61 22 35 8 36 82 27 11 65 14 57 
29 27 31 79 5 15 66 41 79 24 8 69 38 69 53 57 53 97 61 52 14 49 8 49 41 47 67 47 76 36 70 82 89 21 18 45 92 63 7 54 98 46 83 36 54 54 0 74 83 37 33 18 28 28 96 48 21 14 22 56 82 72 35 37 49 95 44 40 29 19 33 19 55 49 49 53 65 12 67 73 
53 48 46 46 74 67 34 94 29 51 82 54 52 56 34 66 23 48 23 67 85 95 75 95 64 41 21 57 44 92 40 18 33 85 75 71 44 44 74 23 50 29 9 88 21 41 74 0 8 38 66 82 48 87 43 95 80 80 80 47 37 34 90 86 26 49 83 70 47 71 46 60 34 76 76 68 40 81 46 23 
61 56 54 48 83 75 38 101 31 59 91 57 59 60 41 73 31 48 30 74 94 103 83 101 71 47 26 63 47 100 45 18 31 93 83 79 44 48 82 32 50 37 4 96 29 47 83 8 0 46 74 91 56 94 41 102 88 89 89 52 40 39 97 94 35 48 89 78 55 79 54 68 40 82 83 74 44 90 50 27 
19 11 15 50 38 30 34 60 49 13 45 46 23 48 28 52 16 69 30 50 49 68 37 63 36 21 35 34 52 60 45 48 54 50 38 49 64 36 36 20 71 9 46 58 17 27 37 38 46 0 39 48 11 51 63 63 44 45 47 32 54 45 55 53 14 64 52 46 11 37 12 23 23 49 54 46 37 45 41 42 
46 34 24 89 28 42 73 73 59 32 37 84 55 85 34 25 52 72 46 20 32 30 40 81 64 58 51 67 50 26 45 66 91 25 48 13 68 75 39 43 73 42 73 22 47 65 33 66 74 39 0 24 38 60 100 79 53 25 19 70 58 49 67 68 41 102 74 8 40 14 45 40 62 76 18 77 75 28 80 55 
45 39 36 94 13 33 80 57 81 36 17 85 54 86 55 48 64 96 65 42 9 31 26 66 59 62 71 64 74 18 68 86 102 3 36 34 92 78 25 60 96 54 90 19 62 69 18 82 91 48 24 0 41 44 110 64 38 4 6 72 81 72 51 54 56 110 62 29 43 12 47 35 68 67 36 71 80 7 83 76 
9 4 18 53 30 19 39 49 60 6 35 46 17 47 37 57 26 80 40 53 41 65 27 53 28 21 46 29 62 56 55 59 61 44 27 51 75 38 26 31 81 21 57 54 28 28 28 48 56 11 38 41 0 39 69 53 33 38 42 32 64 55 44 42 25 69 43 46 2 33 6 12 27 41 56 40 39 37 42 53 
33 41 53 74 33 22 66 13 99 40 27 61 37 60 74 84 63 118 80 79 36 75 20 22 30 49 85 39 99 61 92 98 91 46 13 73 113 60 22 70 120 60 96 62 67 53 28 87 94 51 60 44 39 0 96 20 8 40 49 52 103 93 7 11 65 92 21 67 40 47 41 28 58 30 77 39 64 37 62 92 
68 71 77 23 98 84 31 97 71 74 103 38 60 39 74 107 48 88 64 107 109 130 93 93 66 49 64 57 87 123 83 59 11 112 88 109 85 36 92 61 91 59 44 120 54 43 96 43 41 63 100 110 69 96 0 95 92 107 110 44 80 78 96 91 60 8 82 107 67 100 63 77 42 73 114 62 32 106 34 67 
44 56 69 73 53 38 69 8 112 55 47 58 43 57 89 103 72 132 93 98 56 95 40 3 31 55 98 40 114 81 107 109 93 66 31 92 127 60 41 83 134 72 104 82 78 57 48 95 102 63 79 64 53 20 95 0 26 60 69 53 117 108 13 11 77 90 13 87 53 66 51 43 63 23 96 34 65 57 62 105 
27 34 45 72 26 14 62 20 92 32 21 59 32 59 67 77 57 111 73 72 31 69 13 28 28 44 78 37 91 56 85 91 87 40 6 66 106 56 14 63 112 53 89 56 61 49 21 80 88 44 53 38 33 8 92 26 0 34 43 49 95 86 14 16 58 89 24 60 33 40 34 21 53 31 70 39 60 31 60 85 
41 35 34 90 10 29 77 53 80 32 14 82 50 82 54 49 61 95 64 44 7 34 22 62 55 59 69 61 73 22 68 85 99 7 32 36 91 75 21 58 96 52 88 22 59 66 14 80 89 45 25 4 38 40 107 60 34 0 9 68 81 71 47 50 54 107 58 30 39 12 44 32 65 63 39 68 77 4 79 75 
47 39 35 95 17 36 80 62 77 36 23 87 56 88 51 42 63 91 62 37 15 26 30 71 62 63 68 67 69 15 64 83 101 6 40 28 87 80 29 57 92 53 88 14 60 70 22 80 89 47 19 6 42 49 110 69 43 9 0 73 77 68 56 59 54 110 66 23 44 10 48 38 69 71 31 75 81 13 84 73 
27 36 47 23 59 42 16 54 71 38 62 14 18 15 57 85 29 91 54 83 70 97 51 52 23 12 57 13 79 88 73 63 40 75 45 81 87 8 51 44 93 35 55 86 37 6 56 47 52 32 70 72 32 52 44 53 49 68 73 0 78 71 53 47 40 41 40 77 31 65 25 37 14 32 86 22 12 67 11 63 
73 62 51 83 79 81 69 113 9 63 89 88 76 90 29 44 49 15 25 48 88 81 86 117 89 69 21 85 11 83 14 22 70 82 90 56 11 77 84 35 17 46 36 78 41 72 82 37 40 54 58 81 64 103 80 117 95 81 77 78 0 10 108 106 40 86 106 58 64 69 66 75 64 102 58 97 74 83 81 15 
64 52 41 78 70 72 63 104 11 54 79 82 67 84 19 38 42 25 17 41 78 74 76 108 81 61 15 77 9 75 7 23 67 73 80 48 20 71 75 27 26 37 36 70 33 65 72 34 39 45 49 72 55 93 78 108 86 71 68 71 10 0 99 97 32 83 97 50 55 60 57 65 57 94 51 89 68 74 75 11 
37 47 59 74 40 27 68 6 104 45 34 60 39 59 80 91 67 124 85 86 43 82 27 15 30 51 90 39 105 68 98 103 92 53 19 80 119 60 28 75 125 64 99 69 72 55 35 90 97 55 67 51 44 7 96 13 14 47 56 53 108 99 0 6 70 92 17 74 45 54 44 34 60 27 84 37 64 44 62 97 
34 45 58 69 42 27 62 7 102 44 37 54 35 53 78 92 63 122 82 87 46 84 29 13 24 47 88 34 103 71 96 100 87 56 20 81 117 55 30 72 123 62 95 72 69 50 37 86 94 53 68 54 42 11 91 11 16 50 59 47 106 97 6 0 67 87 11 76 42 55 41 32 55 21 85 31 59 46 57 95 
33 24 20 52 48 44 36 74 35 26 57 53 36 54 17 48 13 55 16 47 59 71 50 77 49 29 21 45 40 66 33 34 50 58 52 49 50 42 49 5 57 5 34 63 6 34 49 26 35 14 41 56 25 65 60 77 58 54 54 40 40 32 70 67 0 63 66 47 25 45 26 37 28 62 54 57 40 55 46 28 
66 71 79 18 98 82 30 93 78 74 102 32 58 34 78 110 51 95 69 110 109 132 91 89 63 48 69 53 93 124 88 66 17 113 86 112 92 33 91 64 98 61 51 122 57 41 95 49 48 64 102 110 69 92 8 90 89 107 110 41 86 83 92 87 63 0 78 109 67 101 63 76 41 68 116 57 30 106 30 72 
34 46 60 60 50 32 56 16 101 46 46 45 31 44 79 96 60 121 82 92 55 93 36 12 18 42 87 27 104 80 97 97 80 64 27 87 116 47 37 72 123 61 91 80 67 44 44 83 89 52 74 62 43 21 82 13 24 58 66 40 106 97 17 11 66 78 0 82 43 62 40 35 50 10 91 21 52 55 49 94 
54 42 31 96 35 50 80 80 60 40 43 92 63 93 37 19 58 71 49 14 37 25 47 88 72 66 54 75 49 25 44 69 97 29 56 6 67 82 46 48 71 48 77 20 53 73 40 70 78 46 8 29 46 67 107 87 60 30 23 77 58 50 74 76 47 109 82 0 47 21 52 48 69 84 10 85 82 34 87 57 
9 5 19 51 31 20 37 49 59 8 37 45 16 46 37 57 25 79 40 54 42 67 28 53 28 20 45 28 62 58 55 58 60 45 28 52 74 36 27 30 81 20 56 56 27 27 29 47 55 11 40 43 2 40 67 53 33 39 44 31 64 55 45 42 25 67 43 47 0 34 5 13 26 41 57 39 38 39 41 52 
39 29 25 86 14 30 71 60 69 27 23 79 48 79 42 39 53 84 53 34 19 33 26 68 55 54 59 59 62 24 56 74 91 14 36 27 80 70 25 48 85 43 78 21 50 61 19 71 79 37 14 12 33 47 100 66 40 12 10 65 69 60 54 55 45 101 62 21 34 0 39 30 59 65 30 68 72 15 75 64 
8 10 23 47 35 22 33 49 60 13 40 40 12 41 39 62 23 81 41 59 46 72 31 51 24 15 46 23 64 63 57 58 56 50 29 57 76 31 30 31 82 20 55 61 27 22 33 46 54 12 45 47 6 41 63 51 34 44 48 25 66 57 44 41 26 63 40 52 5 39 0 15 22 37 62 35 33 43 36 53 
10 13 25 60 22 8 47 39 71 12 26 50 19 51 46 61 37 90 51 57 33 63 16 44 25 29 57 29 71 52 64 70 71 38 15 53 85 44 15 42 91 32 69 51 40 35 19 60 68 23 40 35 12 28 77 43 21 32 38 37 75 65 34 32 37 76 35 48 13 30 15 0 36 36 57 38 46 30 48 64 
27 30 39 27 57 43 11 62 57 33 62 25 21 27 45 74 15 78 40 73 68 91 52 62 32 9 44 24 66 83 60 50 35 71 48 73 73 14 51 32 80 23 42 80 24 8 55 34 40 23 62 68 27 58 42 63 53 65 69 14 64 57 60 55 28 41 50 69 26 59 22 36 0 43 77 34 13 65 19 50 
32 45 59 50 54 35 47 26 96 45 51 35 27 34 77 97 55 117 78 93 61 97 41 21 13 36 82 19 101 85 95 92 71 69 32 89 112 38 42 68 119 57 85 85 62 36 49 76 82 49 76 67 41 30 73 23 31 63 71 32 102 94 27 21 62 68 10 84 41 65 37 36 43 0 93 11 43 60 39 89 
64 51 39 104 44 59 88 90 62 50 52 100 72 102 41 15 66 70 53 10 45 23 57 98 82 75 57 84 48 28 45 72 104 36 66 5 67 91 56 54 70 55 81 24 60 82 49 76 83 54 18 36 56 77 114 96 70 39 31 86 58 51 84 85 54 116 91 10 57 30 62 57 77 93 0 94 91 42 96 60 
31 44 58 39 58 39 37 37 90 45 57 24 23 23 73 96 48 111 72 93 67 101 47 32 13 28 76 12 97 89 90 84 60 74 38 90 106 28 47 62 113 52 76 88 56 27 53 68 74 46 77 71 40 39 62 34 39 68 75 22 97 89 37 31 57 57 21 85 39 68 35 38 34 11 94 0 32 65 28 83 
36 43 52 14 68 52 6 66 66 45 72 14 29 16 57 87 28 87 52 86 79 104 61 63 35 18 54 25 77 95 72 58 28 83 56 86 82 5 61 44 89 37 47 93 36 11 65 40 44 37 75 80 39 64 32 65 60 77 81 12 74 68 64 59 40 30 52 82 38 72 33 46 13 43 91 32 0 76 7 60 
40 35 36 89 8 26 76 50 82 32 10 80 49 80 56 53 61 98 65 47 4 38 19 59 52 58 71 58 76 25 70 87 98 10 29 39 94 74 18 59 99 53 89 26 60 65 12 81 90 45 28 7 37 37 106 57 31 4 13 67 83 74 44 46 55 106 55 34 39 15 43 30 65 60 42 65 76 0 78 77 
38 46 57 12 70 53 12 64 73 49 73 7 29 10 63 93 34 93 58 91 81 108 62 60 33 21 60 23 84 99 78 64 32 86 56 91 89 5 62 50 96 42 53 97 42 14 67 46 50 41 80 83 42 62 34 62 60 79 84 11 81 75 62 57 46 30 49 87 41 75 36 48 19 39 96 28 7 78 0 66 
61 51 42 68 72 71 54 102 7 53 81 73 63 76 21 47 35 28 12 50 81 82 76 105 76 55 7 71 20 81 18 12 56 78 79 56 23 62 75 22 30 33 24 77 27 57 73 23 27 42 55 76 53 92 67 105 85 75 73 63 15 11 97 95 28 72 94 57 52 64 53 64 50 89 60 83 60 77 66 0 
0 43 10 1842 431 18 10 2649 1707 29 191 89 835 102 773 716 151 163 12 17 21 145 45 119 44 19 1571 243 1754 105 578 96 60 0 592 0 352 30 38 27 7 157 519 583 36 84 2602 474 270 317 48 24 119 12 62 17 37 20 46 54 142 73 895 11 529 73 13 55 61 166 1297 601 215 49 78 12 53 3000 224 67 
43 0 148 120 0 2638 148 234 20 0 0 709 0 0 0 0 807 79 0 14 0 0 0 838 0 315 0 0 70 52 51 3000 41 0 0 0 0 171 0 32 26 37 133 0 106 497 0 0 83 0 51 8 39 0 0 137 25 278 90 315 0 3000 0 94 68 0 0 0 21 608 848 29 60 0 184 3000 135 864 147 0 
10 148 0 50 338 30 3000 7 7 451 0 265 0 0 150 9 903 223 389 122 0 40 227 29 17 87 88 44 13 94 32 58 7 0 28 0 0 21 59 110 522 61 68 0 366 52 9 0 56 1356 148 192 1162 79 0 162 17 2505 255 402 10 204 178 366 8 2912 18 0 645 42 217 103 66 35 109 19 67 15 76 60 
1842 120 50 0 22 43 299 31 42 0 0 61 0 13 0 0 32 576 0 14 0 0 0 185 0 9 0 0 284 10 228 68 11 12 9 58 0 40 0 16 186 15 82 0 324 8 0 0 20 0 0 285 0 26 0 581 509 237 660 211 0 76 0 499 59 0 0 0 45 18 14 98 17 0 1696 468 0 1345 3000 0 
431 0 338 22 0 25 22 41 172 178 1274 191 620 74 1121 0 0 37 51 0 243 0 0 13 0 0 3000 1143 20 573 232 15 57 231 158 37 222 21 0 36 12 0 18 17 390 0 0 14 0 284 0 21 0 173 633 119 2290 0 13 10 0 145 0 281 3000 16 0 673 12 0 363 369 78 0 35 16 0 77 555 19 
18 2638 30 43 25 0 352 38 225 172 0 73 0 693 48 0 10 86 491 23 18 0 0 28 3000 311 39 1057 25 1807 32 55 376 242 128 129 0 284 0 209 1311 13 11 0 108 159 0 0 146 181 9 7 0 8 401 142 154 14 231 272 0 243 0 80 473 31 0 0 127 50 51 131 1443 0 8 251 854 2041 2767 153 
10 148 3000 299 22 352 0 234 53 871 0 229 0 0 0 174 16 64 0 666 0 83 0 599 47 306 74 23 705 101 20 322 122 0 0 0 0 138 0 11 80 682 1848 0 222 1216 0 0 8 0 76 67 25 0 0 9 72 80 17 103 0 15 0 115 523 930 0 0 330 25 29 629 585 13 234 1118 33 595 798 0 
2649 234 7 31 41 38 234 0 113 63 0 21 0 0 0 8 57 90 0 1207 0 2692 0 59 13 918 17 8 217 272 2126 48 603 0 0 0 0 7 0 31 101 152 75 0 999 200 0 0 25 0 985 30 896 0 0 33 66 75 14 460 0 10 14 25 173 404 0 0 13 15 52 175 3000 230 468 16 56 394 138 0 
1707 20 7 42 172 225 53 113 0 346 17 1538 0 8 3000 414 74 27 33 13 119 172 0 2478 245 36 39 167 39 241 18 35 111 50 257 65 563 21 0 44 52 3000 202 166 8 337 109 0 9 8 283 159 145 644 23 26 9 47 13 165 0 40 0 461 19 16 0 67 10 67 319 55 39 69 84 29 23 100 776 661 
29 0 451 0 178 172 871 63 346 0 8 0 43 1219 100 155 11 20 195 97 1007 349 206 133 224 109 731 21 431 15 161 9 16 0 39 0 65 17 679 42 8 72 50 31 46 924 30 33 0 35 59 0 33 42 16 129 989 0 30 506 241 98 209 18 82 30 212 143 245 17 41 321 97 272 248 86 13 38 277 785 
191 0 0 0 1274 0 0 0 17 8 0 0 36 768 86 0 0 0 2223 0 181 1105 11 84 160 0 705 151 191 14 271 46 0 0 702 0 66 0 11 27 0 0 25 3000 329 0 133 57 0 82 210 0 0 30 30 0 197 0 193 94 88 195 68 133 0 992 0 986 408 0 302 23 0 2362 1279 3000 87 10 25 69 
89 709 265 61 191 73 229 21 1538 0 0 0 0 455 0 0 71 22 0 151 0 0 0 17 0 273 0 0 200 47 431 39 14 3000 147 279 0 18 0 651 34 14 81 0 795 715 0 0 1272 0 535 167 0 0 0 16 957 33 245 1214 0 226 0 106 76 0 0 0 268 13 87 3000 27 0 1008 304 0 11 16 0 
835 0 0 0 620 0 0 0 0 43 36 0 0 137 8 0 0 0 235 0 747 0 351 1162 104 0 35 339 20 350 0 0 0 0 54 0 100 0 309 357 0 0 13 1015 15 0 120 87 0 17 0 0 0 17 269 0 0 0 1014 0 0 171 521 139 0 44 0 561 292 0 51 0 0 142 0 376 0 309 0 233 
102 0 0 13 74 693 0 0 8 1219 768 455 137 0 169 0 0 0 8 0 800 0 0 82 0 0 62 3000 29 98 364 1291 10 3000 231 116 2421 16 0 17 269 0 497 115 154 0 0 46 0 1025 0 3000 0 12 31 0 87 0 10 45 0 125 0 0 711 42 0 89 13 0 133 56 0 0 768 23 0 244 21 8 
773 0 150 0 1121 48 0 0 3000 100 86 0 8 169 0 16 0 20 23 0 237 2438 41 97 22 0 1712 264 3000 25 120 71 166 0 71 0 24 155 2578 233 0 521 398 103 117 96 453 53 0 8 16 0 1406 340 8 0 402 0 597 232 19 1505 21 160 0 653 17 236 3000 0 2945 315 285 1816 898 103 15 10 888 3000 
716 0 9 0 0 0 174 8 414 155 0 0 0 0 16 0 87 257 0 131 0 27 14 0 14 215 132 134 0 0 139 0 73 0 0 0 0 11 326 0 3000 12 106 0 105 72 18 0 0 0 333 0 22 0 0 54 7 0 0 47 123 0 262 1272 0 85 12 0 365 522 0 171 28 121 255 0 932 94 353 0 
151 807 903 32 0 10 16 57 74 11 0 71 0 0 0 87 0 92 0 34 0 22 0 2796 28 46 97 338 66 8 349 147 247 0 0 0 0 64 0 1273 405 29 3000 0 251 75 0 0 611 0 1603 1926 35 0 0 83 1114 15 3000 100 141 11 3000 18 838 228 0 0 2003 112 2219 1108 27 634 468 195 676 299 653 0 
163 79 223 576 37 86 64 90 27 20 0 22 0 0 20 257 92 0 0 20 0 617 45 109 8 1057 95 128 9 808 12 21 1031 0 16 0 0 139 74 243 15 131 118 0 7 381 69 0 47 32 820 1185 459 37 0 118 68 432 132 418 51 235 26 119 404 215 31 0 59 34 8 314 265 119 55 20 36 477 9 15 
12 0 389 0 51 491 0 0 33 195 2223 0 235 8 23 0 0 0 0 0 48 0 0 38 18 0 8 124 1278 134 613 237 81 698 335 13 292 134 0 1747 0 0 9 1242 24 0 285 692 0 14 0 0 0 191 9 0 766 0 83 229 0 551 0 55 0 55 0 32 972 0 183 40 0 104 15 3000 0 306 805 106 
17 14 122 14 0 23 666 1207 13 97 0 151 0 0 0 131 34 20 0 0 0 995 0 0 20 17 578 0 786 22 247 0 56 0 0 0 0 193 0 19 15 459 2530 0 8 290 0 0 611 0 3000 730 544 0 0 3000 49 214 0 1357 0 0 0 2052 65 2775 0 0 136 21 122 145 25 29 549 211 143 245 45 0 
21 0 0 0 243 18 0 0 119 1007 181 0 747 800 237 0 0 0 48 0 0 0 0 3000 2819 0 81 174 257 1662 51 10 16 0 154 0 106 0 0 3000 0 0 239 1113 2118 0 206 251 0 48 0 0 0 3000 93 0 446 0 21 555 0 20 11 278 0 40 0 15 1434 0 129 84 0 1655 1251 3000 316 10 116 29 
145 0 40 0 0 0 83 2692 172 349 1105 0 0 0 2438 27 22 617 0 995 0 0 23 0 27 25 75 447 20 116 2526 0 2951 0 0 0 0 104 38 0 97 175 125 399 1206 304 136 280 0 253 22 0 67 0 0 127 60 0 8 29 853 0 39 49 0 494 89 0 9 10 198 55 1586 24 30 0 371 1855 315 0 
45 0 227 0 0 0 0 0 0 206 11 0 351 0 41 14 0 45 0 0 0 23 0 0 17 94 1179 374 0 22 9 0 0 0 0 0 0 0 560 0 0 34 8 120 85 90 34 9 0 0 589 0 167 0 0 12 0 0 62 3000 9 0 211 22 0 181 318 385 493 291 0 145 901 771 674 0 176 87 391 0 
119 838 29 185 13 28 599 59 2478 133 84 17 1162 82 97 0 2796 109 38 0 3000 0 0 0 21 0 179 15 343 127 91 34 123 167 808 321 554 488 0 125 486 0 30 8 33 0 0 225 0 57 0 12 0 46 315 19 203 0 21 51 0 144 0 65 444 9 0 202 588 9 8 108 417 166 16 90 0 259 77 100 
44 0 17 0 0 3000 47 13 245 224 160 0 104 0 22 14 28 8 18 20 2819 27 17 21 0 17 151 218 77 8 13 0 78 0 0 0 70 2568 15 695 350 16 60 21 210 135 73 3000 0 118 249 0 3000 374 0 1395 20 0 981 885 587 24 93 534 0 15 593 80 423 1234 58 14 264 19 108 94 17 36 1660 303 
19 315 87 9 0 311 306 918 36 109 0 273 0 0 0 215 46 1057 0 17 0 25 94 0 17 0 228 727 8 78 40 0 14 0 0 0 0 24 23 0 46 9 149 0 726 287 45 0 1375 0 25 32 115 0 0 16 963 21 1665 35 93 0 27 27 13 23 264 0 20 47 168 192 16 29 18 514 298 391 48 0 
1571 0 88 0 3000 39 74 17 39 731 705 0 35 62 1712 132 97 95 8 578 81 75 1179 179 151 228 0 249 45 101 180 382 270 0 83 0 448 26 52 44 76 64 104 91 1219 221 356 1999 0 1247 93 982 286 317 1167 3000 1048 0 22 507 9 12 2496 184 330 13 38 16 76 158 221 824 155 8 487 7 25 60 1427 1073 
243 0 44 0 1143 1057 23 8 167 21 151 0 339 3000 264 134 338 128 124 0 174 447 374 15 218 727 249 0 17 18 351 1261 303 0 32 0 174 767 59 492 7 101 426 239 17 13 33 15 0 238 36 0 49 299 216 8 54 0 177 49 24 3000 10 53 372 27 2630 249 24 318 3000 7 13 143 164 152 71 58 58 121 
1754 70 13 284 20 25 705 217 39 431 191 200 20 29 3000 0 66 9 1278 786 257 20 0 343 77 8 45 17 0 129 109 3000 148 44 12 62 47 787 0 10 25 15 17 15 3000 9 125 10 22 521 347 13 212 35 699 13 21 100 2732 18 0 129 0 95 258 19 0 9 18 323 130 83 65 44 187 40 21 69 379 10 
105 52 94 10 573 1807 101 272 241 15 14 47 350 98 25 0 8 808 134 22 1662 116 22 127 8 78 101 18 129 0 45 126 32 1530 183 279 148 628 293 309 101 42 162 12 791 66 13 1062 0 38 264 861 20 23 45 177 3000 0 61 253 188 27 134 97 1649 220 0 138 10 30 643 715 46 2301 2018 1030 196 50 11 1433 
578 51 32 228 232 32 20 2126 18 161 271 431 0 364 120 139 349 12 613 247 51 2526 9 91 13 40 180 351 109 45 0 56 76 0 35 3000 0 34 306 165 178 84 51 0 205 1286 18 0 91 35 745 27 59 798 256 282 30 317 394 2019 366 96 137 10 531 210 55 0 15 116 51 32 11 81 260 24 31 109 157 1705 
96 3000 58 68 15 55 322 48 35 9 46 39 0 1291 71 0 147 21 237 0 10 0 0 34 0 0 382 1261 3000 126 56 0 1663 41 309 1417 984 188 0 817 41 0 137 29 942 0 0 0 0 31 0 354 0 192 484 91 3000 58 538 47 0 198 0 267 147 8 0 262 16 64 319 578 82 0 512 317 0 31 32 341 
60 41 7 11 57 376 122 603 111 16 0 14 0 10 166 73 247 1031 81 56 16 2951 0 123 78 14 270 303 148 32 76 1663 0 205 32 36 0 50 0 111 54 170 311 0 56 1058 19 0 324 59 30 697 16 12 15 72 427 36 434 8 0 232 14 15 28 243 0 0 465 16 11 237 1075 77 211 77 211 17 354 24 
0 0 0 12 231 242 0 0 50 0 0 3000 0 3000 0 0 0 0 698 0 0 0 0 167 0 0 0 0 44 1530 0 41 205 0 26 3000 120 47 0 1097 27 0 242 0 135 0 0 0 0 894 0 206 0 183 682 0 23 0 3000 0 0 20 0 0 345 0 0 0 0 0 1085 0 0 0 0 193 0 26 92 15 
592 0 28 9 158 128 0 0 257 39 702 147 54 231 71 0 0 16 335 0 154 0 0 808 0 0 83 32 12 183 35 309 32 26 0 161 373 1331 0 243 72 0 59 46 96 0 0 548 0 15 0 269 0 8 12 349 30 0 57 1993 0 274 0 66 1399 113 0 71 89 0 24 33 0 0 884 212 0 9 969 38 
0 0 0 58 37 129 0 0 65 0 0 279 0 116 0 0 0 0 13 0 0 0 0 321 0 0 0 0 62 279 3000 1417 36 3000 161 0 129 11 0 424 7 0 25 0 56 0 0 0 0 424 0 9 0 20 48 0 97 0 121 50 0 1575 0 0 1126 0 0 0 0 0 9 1145 0 0 19 9 0 3000 11 470 
352 0 0 0 222 0 0 0 563 65 66 0 100 2421 24 0 0 0 292 0 106 0 0 554 70 0 448 174 47 148 0 984 0 120 373 129 0 0 0 753 0 0 985 999 9 0 253 225 0 63 0 0 0 136 353 0 450 0 592 118 0 352 0 13 0 359 0 163 407 0 1637 196 0 36 55 281 0 1952 36 98 
30 171 21 40 21 284 138 7 21 17 0 18 0 16 155 11 64 139 134 193 0 104 0 488 2568 24 26 767 787 628 34 188 50 47 1331 11 0 0 0 329 874 23 296 0 87 65 0 0 637 303 45 16 11 31 986 376 2063 174 114 54 0 2099 0 315 32 9 0 0 186 198 604 302 527 16 676 851 115 2673 746 70 
38 0 59 0 0 0 0 0 0 679 11 0 309 0 2578 326 0 74 0 0 0 38 560 0 15 23 52 59 0 293 306 0 0 0 0 0 0 0 0 0 0 18 27 22 3000 25 61 447 0 0 322 0 321 0 0 0 0 0 385 171 317 0 84 64 0 72 304 10 2028 626 0 3000 18 119 27 0 8 246 86 0 
27 32 110 16 36 209 11 31 44 42 27 651 357 17 233 0 1273 243 1747 19 3000 0 0 125 695 0 44 492 10 309 165 817 111 1097 243 424 753 329 0 0 8 230 1553 3000 285 1911 11 30 0 301 117 7 0 427 11 629 173 231 23 147 0 47 0 152 256 2795 0 883 32 86 137 120 23 19 212 76 420 117 29 3000 
7 26 522 186 12 1311 80 101 52 8 0 34 0 269 0 3000 405 15 0 15 0 97 0 486 350 46 76 7 25 101 178 41 54 27 72 7 0 874 0 8 0 26 47 0 70 513 0 0 687 0 1537 53 106 174 0 214 224 119 273 289 0 151 0 598 718 12 0 0 175 2162 231 7 104 8 73 43 240 225 69 0 
157 37 61 15 0 13 682 152 3000 72 0 14 0 0 521 12 29 131 0 459 0 175 34 0 16 9 64 101 15 42 84 0 170 0 0 0 0 23 18 230 26 0 2112 0 14 59 560 0 9 0 13 9 16 0 0 32 19 502 42 117 797 0 189 1791 58 1404 105 0 130 85 2228 201 68 203 20 38 494 475 305 0 
519 133 68 82 18 11 1848 75 202 50 25 81 13 497 398 106 3000 118 9 2530 239 125 8 30 60 149 104 426 17 162 51 137 311 242 59 25 985 296 27 1553 47 2112 0 22 146 153 173 64 33 582 1767 80 342 1277 557 10 8 417 108 77 266 42 48 56 40 34 2862 2393 78 207 17 973 83 49 59 11 27 296 193 15 
583 0 0 0 17 0 0 0 166 31 3000 0 1015 115 103 0 0 0 1242 0 1113 399 120 8 21 0 91 239 15 12 0 29 0 0 46 0 999 0 22 3000 0 0 22 0 2017 0 20 29 0 35 0 0 0 142 19 0 23 0 212 3000 29 3000 50 38 0 39 121 18 1155 0 79 1307 0 15 7 27 997 279 0 502 
36 106 366 324 390 108 222 999 8 46 329 795 15 154 117 105 251 7 24 8 2118 1206 85 33 210 726 1219 17 3000 791 205 942 56 135 96 56 9 87 3000 285 70 14 146 2017 0 217 12 171 3000 78 13 18 41 9 356 68 3000 363 37 11 63 22 39 397 7 86 444 22 503 14 244 844 103 94 19 224 177 420 13 379 
84 497 52 8 0 159 1216 200 337 924 0 715 0 0 96 72 75 381 0 290 0 304 90 0 135 287 221 13 9 66 1286 0 1058 0 0 0 0 65 25 1911 513 59 153 0 217 0 14 0 330 0 787 185 159 0 0 188 1556 177 225 800 31 0 20 90 68 55 1597 0 747 39 152 8 223 13 76 36 15 34 13 0 
2602 0 9 0 0 0 0 0 109 30 133 0 120 0 453 18 0 69 285 0 206 136 34 0 73 45 356 33 125 13 18 0 19 0 0 0 253 0 61 11 0 560 173 20 12 14 0 606 0 30 109 0 54 65 0 16 7 0 204 19 20 0 499 167 0 18 123 1486 9 834 34 1389 29 10 756 24 13 292 936 1053 
474 0 0 0 14 0 0 0 0 33 57 0 87 46 53 0 0 0 692 0 251 280 9 225 3000 0 1999 15 10 1062 0 0 0 0 548 0 225 0 447 30 0 0 64 29 171 0 606 0 0 1273 0 0 0 52 7 0 0 0 29 0 30 57 538 317 0 29 0 63 549 0 7 0 0 224 0 272 0 215 0 17 
270 83 56 20 0 146 8 25 9 0 0 1272 0 0 0 0 611 47 0 611 0 0 0 0 0 1375 0 0 22 0 91 0 324 0 0 0 0 637 0 0 687 9 33 0 3000 330 0 0 0 0 26 755 0 0 0 536 764 376 0 77 0 0 0 984 3000 0 0 0 529 310 0 119 99 0 20 0 10 301 185 0 
317 0 1356 0 284 181 0 0 8 35 82 0 17 1025 8 0 0 32 14 0 48 253 0 57 118 0 1247 238 521 38 35 31 59 894 15 424 63 303 0 301 0 0 582 35 78 0 30 1273 0 0 71 0 0 141 1183 0 34 0 3000 13 0 133 22 7 0 101 0 9 113 0 24 3000 7 304 45 119 3000 1025 49 12 
48 51 148 0 0 9 76 985 283 59 210 535 0 0 16 333 1603 820 0 3000 0 22 589 0 249 25 93 36 347 264 745 0 30 0 0 0 0 45 322 117 1537 13 1767 0 13 787 109 0 26 71 0 15 1168 0 0 8 8 321 43 44 119 0 334 26 1092 19 482 0 119 13 9 202 19 10 921 87 3000 478 45 0 
24 8 192 285 21 7 67 30 159 0 0 167 0 3000 0 0 1926 1185 0 730 0 0 0 12 0 32 982 0 13 861 27 354 697 206 269 9 0 16 0 7 53 9 80 0 18 185 0 0 755 0 15 0 0 3000 0 146 28 594 61 3000 0 32 0 1172 25 0 0 0 9 188 769 74 31 0 290 45 1038 1180 72 0 
119 39 1162 0 0 0 25 896 145 33 0 0 0 0 1406 22 35 459 0 544 0 67 167 0 3000 115 286 49 212 20 59 0 16 0 0 0 0 11 321 0 106 16 342 0 41 159 54 0 0 0 1168 0 0 0 0 218 281 0 216 201 504 0 1114 36 0 27 50 0 1841 183 18 11 9 436 22 0 885 138 1106 0 
12 0 79 26 173 8 0 0 644 42 30 0 17 12 340 0 0 37 191 0 3000 0 0 46 374 0 317 299 35 23 798 192 12 183 8 20 136 31 0 427 174 0 1277 142 9 0 65 52 0 141 0 3000 0 0 220 0 218 0 19 96 0 67 0 151 178 2652 0 628 32 0 76 271 133 130 26 625 0 945 134 301 
62 0 0 0 633 401 0 0 23 16 30 0 269 31 8 0 0 0 9 0 93 0 0 315 0 0 1167 216 699 45 256 484 15 682 12 48 353 986 0 11 0 0 557 19 356 0 0 7 0 1183 0 0 0 220 0 0 55 0 138 1204 0 102 0 1971 0 440 0 268 1288 0 91 9 0 0 34 89 0 1638 28 427 
17 137 162 581 119 142 9 33 26 129 0 16 0 0 0 54 83 118 0 3000 0 127 12 19 1395 16 3000 8 13 177 282 91 72 0 349 0 0 376 0 629 214 32 10 0 68 188 16 0 536 0 8 146 218 0 0 0 881 634 11 334 301 2231 9 40 131 876 0 0 477 53 2767 2470 28 322 109 33 128 460 182 0 
37 25 17 509 2290 154 72 66 9 989 197 957 0 87 402 7 1114 68 766 49 446 60 0 203 20 963 1048 54 21 3000 30 3000 427 23 30 97 450 2063 0 173 224 19 8 23 3000 1556 7 0 764 34 8 28 281 218 55 881 0 88 46 67 0 58 0 241 136 52 0 33 42 57 1412 115 9 33 38 673 1857 72 230 361 
20 278 2505 237 0 14 80 75 47 0 0 33 0 0 0 0 15 432 0 214 0 0 0 0 0 21 0 0 100 0 317 58 36 0 0 0 0 174 0 231 119 502 417 0 363 177 0 0 376 0 321 594 0 0 0 634 88 0 0 26 0 36 0 191 271 0 0 0 278 7 238 294 20 0 96 282 1376 39 545 0 
46 90 255 660 13 231 17 14 13 30 193 245 1014 10 597 0 3000 132 83 0 21 8 62 21 981 1665 22 177 2732 61 394 538 434 3000 57 121 592 114 385 23 273 42 108 212 37 225 204 29 0 3000 43 61 216 19 138 11 46 0 0 331 207 415 32 34 404 368 0 1355 41 2743 93 105 9 115 8 70 42 426 2662 37 
54 315 402 211 10 272 103 460 165 506 94 1214 0 45 232 47 100 418 229 1357 555 29 3000 51 885 35 507 49 18 253 2019 47 8 0 1993 50 118 54 171 147 289 117 77 3000 11 800 19 0 77 13 44 3000 201 96 1204 334 67 26 331 0 261 76 127 22 9 127 2005 152 116 94 1144 146 45 20 382 669 30 36 15 1033 
142 0 10 0 0 0 0 0 0 241 88 0 0 0 19 123 141 51 0 0 0 853 9 0 587 93 9 24 0 188 366 0 0 0 0 0 0 0 317 0 0 797 266 29 63 31 20 30 0 0 119 0 504 0 0 301 0 0 207 261 0 0 1074 255 0 22 169 0 67 53 0 65 1039 2721 98 0 13 573 49 0 
73 3000 204 76 145 243 15 10 40 98 195 226 171 125 1505 0 11 235 551 0 20 0 0 144 24 0 12 3000 129 27 96 198 232 20 274 1575 352 2099 0 47 151 0 42 3000 22 0 0 57 0 133 0 32 0 67 102 2231 58 36 415 76 0 0 0 617 185 360 0 555 25 1219 452 2509 95 1327 64 30 0 1431 8 19 
895 0 178 0 0 0 0 14 0 209 68 0 521 0 21 262 3000 26 0 0 11 39 211 0 93 27 2496 10 0 134 137 0 14 0 0 0 0 0 84 0 0 189 48 50 39 20 499 538 0 22 334 0 1114 0 0 9 0 0 32 127 1074 0 0 1090 0 1403 11 197 67 40 0 9 13 493 74 0 101 25 1020 0 
11 94 366 499 281 80 115 25 461 18 133 106 139 0 160 1272 18 119 55 2052 278 49 22 65 534 27 184 53 95 97 10 267 15 0 66 0 13 315 64 152 598 1791 56 38 397 90 167 317 984 7 26 1172 36 151 1971 40 241 191 34 22 255 617 1090 0 309 15 27 1775 154 62 78 107 56 45 41 33 128 239 96 874 
529 68 8 59 3000 473 523 173 19 82 0 76 0 711 0 0 838 404 0 65 0 0 0 444 0 13 330 372 258 1649 531 147 28 345 1399 1126 0 32 0 256 718 58 40 0 7 68 0 0 3000 0 1092 25 0 178 0 131 136 271 404 9 0 185 0 309 0 300 0 0 48 40 10 14 198 0 46 20 51 120 114 0 
73 0 2912 0 16 31 930 404 16 30 992 0 44 42 653 85 228 215 55 2775 40 494 181 9 15 23 13 27 19 220 210 8 243 0 113 0 359 9 72 2795 12 1404 34 39 86 55 18 29 0 101 19 0 27 2652 440 876 52 0 368 127 22 360 1403 15 300 0 282 50 144 67 249 10 12 212 94 1733 7 237 511 75 
13 0 18 0 0 0 0 0 0 212 0 0 0 0 17 12 0 31 0 0 0 89 318 0 593 264 38 2630 0 0 55 0 0 0 0 0 0 0 304 0 0 105 2862 121 444 1597 123 0 0 0 482 0 50 0 0 0 0 0 0 2005 169 0 11 27 0 282 0 0 165 306 0 355 684 44 122 0 61 42 499 0 
55 0 0 0 673 0 0 0 67 143 986 0 561 89 236 0 0 0 32 0 15 0 385 202 80 0 16 249 9 138 0 262 0 0 71 0 163 0 10 883 0 0 2393 18 22 0 1486 63 0 9 0 0 0 628 268 0 33 0 1355 152 0 555 197 1775 0 50 0 0 57 0 10 656 0 47 30 239 526 390 457 964 
61 21 645 45 12 127 330 13 10 245 408 268 292 13 3000 365 2003 59 972 136 1434 9 493 588 423 20 76 24 18 10 15 16 465 0 89 0 407 186 2028 32 175 130 78 1155 503 747 9 549 529 113 119 9 1841 32 1288 477 42 278 41 116 67 25 67 154 48 144 165 57 0 410 144 23 89 16 170 41 474 1014 18 397 
166 608 42 18 0 50 25 15 67 17 0 13 0 0 0 522 112 34 0 21 0 10 291 9 1234 47 158 318 323 30 116 64 16 0 0 0 0 198 626 86 2162 85 207 0 14 39 834 0 310 0 13 188 183 0 0 53 57 7 2743 94 53 1219 40 62 40 67 306 0 410 0 95 156 7 243 228 105 471 9 1324 0 
1297 848 217 14 363 51 29 52 319 41 302 87 51 133 2945 0 2219 8 183 122 129 198 0 8 58 168 221 3000 130 643 51 319 11 1085 24 9 1637 604 0 137 231 2228 17 79 244 152 34 7 0 24 9 769 18 76 91 2767 1412 238 93 1144 0 452 0 78 10 249 0 10 144 95 0 220 22 116 182 185 164 320 73 854 
601 29 103 98 369 131 629 175 55 321 23 3000 0 56 315 171 1108 314 40 145 84 55 145 108 14 192 824 7 83 715 32 578 237 0 33 1145 196 302 3000 120 7 201 973 1307 844 8 1389 0 119 3000 202 74 11 271 9 2470 115 294 105 146 65 2509 9 107 14 10 355 656 23 156 220 0 20 163 68 707 189 147 12 1975 
215 60 66 17 78 1443 585 3000 39 97 0 27 0 0 285 28 27 265 0 25 0 1586 901 417 264 16 155 13 65 46 11 82 1075 0 0 0 0 527 18 23 104 68 83 0 103 223 29 0 99 7 19 31 9 133 0 28 9 20 9 45 1039 95 13 56 198 12 684 0 89 7 22 20 0 55 745 334 10 885 3000 11 
49 0 35 0 0 0 13 230 69 272 2362 0 142 0 1816 121 634 119 104 29 1655 24 771 166 19 29 8 143 44 2301 81 0 77 0 0 0 36 16 119 19 8 203 49 15 94 13 10 224 0 304 10 0 436 130 0 322 33 0 115 20 2721 1327 493 45 0 212 44 47 16 243 116 163 55 0 368 43 15 142 25 10 
78 184 109 1696 35 8 234 468 84 248 1279 1008 0 768 898 255 468 55 15 549 1251 30 674 16 108 18 487 164 187 2018 260 512 211 0 884 19 55 676 27 212 73 20 59 7 19 76 756 0 20 45 921 290 22 26 34 109 38 96 8 382 98 64 74 41 46 94 122 30 170 228 182 68 745 368 0 202 1779 170 40 10 
12 3000 19 468 16 251 1118 16 29 86 3000 304 376 23 103 0 195 20 3000 211 3000 0 0 90 94 514 7 152 40 1030 24 317 77 193 212 9 281 851 0 76 43 38 11 27 224 36 24 272 0 119 87 45 0 625 89 33 673 282 70 669 0 30 0 33 20 1733 0 239 41 105 185 707 334 43 202 0 268 26 255 57 
53 135 67 0 0 854 33 56 23 13 87 0 0 0 15 932 676 36 0 143 316 371 176 0 17 298 25 71 21 196 31 0 211 0 0 0 0 115 8 420 240 494 27 997 177 15 13 0 10 3000 3000 1038 885 0 0 128 1857 1376 42 30 13 0 101 128 51 7 61 526 474 471 164 189 10 15 1779 268 0 3000 51 1480 
3000 864 15 1345 77 2041 595 394 100 38 10 11 309 244 10 94 299 477 306 245 10 1855 87 259 36 391 60 58 69 50 109 31 17 26 9 3000 1952 2673 246 117 225 475 296 279 420 34 292 215 301 1025 478 1180 138 945 1638 460 72 39 426 36 573 1431 25 239 120 237 42 390 1014 9 320 147 885 142 170 26 3000 0 406 248 
224 147 76 3000 555 2767 798 138 776 277 25 16 0 21 888 353 653 9 805 45 116 315 391 77 1660 48 1427 58 379 11 157 32 354 92 969 11 36 746 86 29 69 305 193 0 13 13 936 0 185 49 45 72 1106 134 28 182 230 545 2662 15 49 8 1020 96 114 511 499 457 18 1324 73 12 3000 25 40 255 51 406 0 1103 
67 0 60 0 19 153 0 0 661 785 69 0 233 8 3000 0 0 15 106 0 29 0 0 100 303 0 1073 121 10 1433 1705 341 24 15 38 470 98 70 0 3000 0 0 15 502 379 0 1053 17 0 12 0 0 0 301 427 0 361 0 37 1033 0 19 0 874 0 75 0 964 397 0 854 1975 11 10 10 57 1480 248 1103 0 
