80
0 69 51 106 46 45 63 92 42 58 55 72 95 80 118 114 113 46 47 44 50 83 70 67 54 96 73 101 101 40 103 50 78 93 39 49 22 63 61 60 44 77 60 27 91 111 12 88 60 107 82 85 102 74 64 44 64 82 45 63 106 94 23 69 32 110 16 82 93 89 52 22 63 45 102 50 45 63 93 39 
69 0 56 63 51 68 44 88 32 20 26 61 46 39 92 76 75 28 78 83 71 92 84 46 81 41 56 91 69 29 72 40 56 26 64 81 51 15 79 93 33 10 87 64 81 85 66 62 16 70 48 19 72 5 87 49 97 68 65 66 78 98 46 39 75 79 56 19 25 73 83 49 56 35 82 50 55 98 60 79 
51 56 0 60 6 14 20 43 28 37 30 21 54 40 67 66 65 31 24 31 15 40 29 22 26 60 24 52 52 39 54 17 29 70 16 27 31 42 23 38 27 66 31 25 41 60 40 39 40 59 38 62 52 59 30 10 41 31 12 14 56 49 38 28 30 60 52 57 72 38 28 34 13 23 51 6 6 42 45 29 
106 63 60 0 62 74 43 53 66 55 54 42 17 27 34 14 13 64 82 90 72 68 69 39 80 25 37 47 16 75 18 56 32 50 76 84 84 54 71 90 64 67 82 85 44 29 97 25 55 10 24 49 20 61 77 64 91 38 72 56 24 66 86 37 91 21 101 46 55 36 84 84 48 62 34 58 65 94 17 89 
46 51 6 62 0 17 19 49 22 32 25 26 54 39 72 68 67 25 27 33 20 46 35 23 30 58 27 57 55 33 57 12 32 66 16 31 26 38 29 42 21 61 36 23 46 64 36 42 35 61 38 58 56 55 36 3 45 36 14 20 59 55 32 27 30 64 47 54 69 43 32 28 17 17 55 4 4 46 48 31 
45 68 14 74 17 0 34 47 37 49 42 32 69 54 77 78 77 40 10 17 5 39 25 36 14 74 37 57 64 46 65 29 42 83 7 14 30 55 17 25 36 78 20 18 48 70 33 51 52 71 52 75 64 72 22 19 29 41 3 20 66 49 39 42 18 71 51 71 86 47 15 34 26 33 60 20 13 30 58 15 
63 44 20 43 19 34 0 45 26 25 19 17 35 20 58 51 50 26 44 51 34 49 42 5 44 40 14 50 38 38 41 13 17 52 35 47 41 29 39 56 24 53 49 42 39 51 54 26 28 44 20 45 40 45 46 20 59 26 31 24 45 55 44 8 49 48 60 40 55 32 47 42 13 21 44 16 22 61 30 49 
92 88 43 53 49 47 45 0 68 70 64 28 60 53 36 48 48 70 49 56 42 17 26 42 43 69 32 12 38 80 36 55 33 90 53 49 74 74 33 48 67 97 41 64 10 32 80 31 73 45 45 85 34 89 35 53 47 21 47 29 33 13 81 49 64 38 95 80 95 18 47 77 35 63 22 47 48 50 39 58 
42 32 28 66 22 37 26 68 0 16 13 42 53 39 84 76 74 4 46 51 41 68 57 31 51 54 40 75 64 12 67 14 43 53 33 50 21 22 51 62 2 42 57 32 64 77 37 53 19 68 43 45 66 37 57 19 66 51 34 41 71 76 20 29 43 74 35 41 54 58 52 21 34 6 70 22 25 67 55 46 
58 20 37 55 32 49 25 70 16 0 7 42 40 28 79 67 65 12 59 64 52 73 64 29 62 39 38 74 57 20 60 20 40 37 46 62 37 6 60 74 15 29 67 47 64 72 53 48 3 60 35 29 60 23 67 30 77 51 46 47 65 79 35 23 58 67 49 25 38 56 64 36 37 17 67 30 36 78 48 61 
55 26 30 54 25 42 19 64 13 7 0 36 40 27 75 65 63 10 52 58 45 67 57 23 55 41 33 69 54 21 57 13 35 42 40 56 33 12 53 67 11 36 61 42 58 68 49 43 10 57 32 34 56 30 60 23 71 45 39 40 61 73 33 18 52 64 48 30 44 51 57 33 30 11 62 23 29 72 45 54 
72 61 21 42 26 32 17 28 42 42 36 0 41 30 46 45 44 42 40 48 30 33 29 14 38 49 6 33 32 53 33 28 10 66 36 42 51 46 29 48 40 69 40 46 22 39 61 18 45 39 23 59 31 62 36 29 50 10 31 14 34 38 57 22 50 39 72 54 70 17 42 53 9 36 30 23 27 52 26 47 
95 46 54 17 54 69 35 60 53 40 40 41 0 15 49 31 29 50 78 85 68 72 70 33 77 9 35 57 27 60 31 45 31 34 70 81 72 38 70 89 51 50 81 76 50 43 87 29 40 26 18 32 32 44 77 55 91 41 66 54 37 72 73 27 84 36 88 29 39 42 81 73 44 50 45 51 58 93 22 84 
80 39 40 27 39 54 20 53 39 28 27 30 15 0 52 39 37 37 64 71 54 62 58 18 64 20 23 53 29 48 33 31 21 37 55 67 58 28 57 76 37 46 67 61 44 45 72 24 29 32 9 32 33 39 64 40 78 33 51 41 38 65 59 12 69 40 74 27 42 36 67 58 30 35 43 36 43 79 21 69 
118 92 67 34 72 77 58 36 84 79 75 46 49 52 0 21 22 84 81 89 73 53 61 53 77 58 45 25 23 95 19 71 41 83 82 82 97 80 67 84 82 98 76 92 30 7 107 32 80 24 44 81 19 91 70 75 83 36 76 56 14 46 102 57 94 13 117 77 89 29 81 99 55 79 17 69 73 86 31 90 
114 76 66 14 68 78 51 48 76 67 65 45 31 39 21 0 2 74 85 93 75 64 68 47 82 39 42 40 14 86 13 64 37 65 81 86 92 66 72 91 74 81 83 91 39 18 104 27 68 7 33 63 15 74 77 71 91 38 76 58 15 60 95 47 95 10 111 60 70 34 86 93 53 71 27 65 71 94 21 93 
113 75 65 13 67 77 50 48 74 65 63 44 29 37 22 2 0 73 84 92 74 64 68 45 81 37 41 40 13 84 12 63 36 63 80 86 91 65 71 90 72 79 82 90 39 19 103 26 66 6 31 61 15 73 77 69 91 38 75 58 16 60 94 45 94 11 109 58 68 33 85 92 52 70 27 64 69 93 20 92 
46 28 31 64 25 40 26 70 4 12 10 42 50 37 84 74 73 0 50 55 44 70 59 31 54 50 40 75 63 12 66 15 43 48 36 54 25 17 53 66 5 38 60 36 64 76 41 52 15 67 41 40 65 33 61 22 70 52 37 43 70 77 23 27 47 73 38 37 49 58 55 24 35 8 70 25 28 70 54 50 
47 78 24 82 27 10 44 49 46 59 52 40 78 64 81 85 84 50 0 8 10 37 24 45 7 83 45 60 71 55 72 39 50 93 14 4 37 65 16 16 45 88 13 21 52 75 35 58 62 78 60 85 70 81 17 29 20 47 13 26 72 48 46 52 15 78 55 81 96 53 6 40 34 43 64 30 23 21 66 9 
44 83 31 90 33 17 51 56 51 64 58 48 85 71 89 93 92 55 8 0 18 43 30 53 13 91 53 67 79 58 80 45 57 99 18 7 38 70 23 15 50 93 16 22 59 83 33 66 68 86 68 92 78 87 22 34 20 54 20 34 80 54 47 59 12 85 55 87 102 60 9 42 42 48 72 36 29 19 74 5 
50 71 15 72 20 5 34 42 41 52 45 30 68 54 73 75 74 44 10 18 0 33 20 36 11 74 35 53 62 51 63 31 40 85 12 12 36 57 12 23 40 81 16 23 44 67 38 48 55 69 51 77 61 74 17 22 26 37 7 17 63 44 44 43 22 68 56 72 88 44 13 39 25 37 56 21 16 27 56 18 
83 92 40 68 46 39 49 17 68 73 67 33 72 62 53 64 64 70 37 43 33 0 14 47 31 80 39 28 53 79 52 55 42 99 45 36 68 78 22 33 66 102 27 56 25 49 72 44 77 60 55 92 50 94 21 50 31 31 40 27 49 11 76 55 53 54 89 87 103 32 34 72 37 63 38 46 44 34 52 46 
70 84 29 69 35 25 42 26 57 64 57 29 70 58 61 68 68 59 24 30 20 14 0 41 17 78 35 38 56 68 56 45 39 93 32 23 55 69 8 23 55 94 15 42 31 56 58 44 68 63 52 86 53 87 9 38 23 31 27 18 54 24 63 49 39 60 76 81 97 35 22 59 29 52 45 35 32 25 53 33 
67 46 22 39 23 36 5 42 31 29 23 14 33 18 53 47 45 31 45 53 36 47 41 0 45 38 10 45 34 42 36 18 12 52 38 48 45 32 39 57 29 55 49 45 35 46 58 22 31 39 16 46 35 48 46 24 59 22 33 24 40 52 49 8 52 44 65 41 56 28 49 47 12 26 39 19 26 61 26 51 
54 81 26 80 30 14 44 43 51 62 55 38 77 64 77 82 81 54 7 13 11 31 17 45 0 84 43 54 68 60 69 42 48 95 20 6 43 68 10 12 50 91 6 28 47 71 43 55 66 76 60 88 67 85 10 32 15 43 17 24 68 41 52 53 22 74 62 83 98 49 4 47 34 47 60 32 26 16 64 16 
96 41 60 25 58 74 40 69 54 39 41 49 9 20 58 39 37 50 83 91 74 80 78 38 84 0 42 66 36 59 40 48 39 25 74 86 74 36 77 95 52 43 87 80 60 52 89 38 38 34 26 24 41 38 84 59 97 50 71 61 46 81 74 32 88 45 88 22 31 51 87 74 50 51 54 55 62 99 31 89 
73 56 24 37 27 37 14 32 40 38 33 6 35 23 45 42 41 40 45 53 35 39 35 10 43 42 0 36 28 51 30 26 5 60 40 47 52 41 35 54 38 64 46 49 25 38 63 15 41 35 17 53 29 57 42 30 56 12 35 20 32 43 56 17 54 37 72 48 64 19 47 54 11 34 30 24 29 58 21 52 
101 91 52 47 57 57 50 12 75 74 69 33 57 53 25 40 40 75 60 67 53 28 38 45 54 66 36 0 32 87 30 61 35 89 63 60 82 77 44 60 73 98 53 74 11 23 90 29 76 38 44 85 28 91 47 60 59 24 57 38 25 21 89 52 74 30 104 80 94 18 59 85 41 69 14 55 57 62 35 69 
101 69 52 16 55 64 38 38 64 57 54 32 27 29 23 14 13 63 71 79 62 53 56 34 68 36 28 32 0 74 4 52 23 61 68 73 79 57 59 78 62 75 70 77 28 16 91 13 58 7 22 58 4 68 64 57 78 25 62 45 10 50 83 35 82 11 98 54 66 21 72 81 39 59 18 52 57 81 9 79 
40 29 39 75 33 46 38 80 12 20 21 53 60 48 95 86 84 12 55 58 51 79 68 42 60 59 51 87 74 0 77 26 54 53 41 59 23 24 61 71 14 38 66 38 76 88 38 64 21 78 53 46 77 34 68 30 75 63 44 53 82 87 17 39 49 85 29 43 53 70 61 20 46 18 81 34 36 76 66 54 
103 72 54 18 57 65 41 36 67 60 57 33 31 33 19 13 12 66 72 80 63 52 56 36 69 40 30 30 4 77 0 54 25 65 69 74 81 61 59 78 65 78 70 79 27 13 93 15 61 8 25 62 2 71 64 59 78 26 64 46 6 49 85 38 83 7 101 58 70 21 73 83 41 62 16 54 59 81 12 80 
50 40 17 56 12 29 13 55 14 20 13 28 45 31 71 64 63 15 39 45 31 55 45 18 42 48 26 61 52 26 54 0 30 54 27 43 28 26 40 54 12 49 47 31 50 64 42 40 24 57 32 46 53 43 47 11 57 37 26 28 58 62 31 19 41 62 46 42 57 44 44 29 20 8 56 10 16 59 43 42 
78 56 29 32 32 42 17 33 43 40 35 10 31 21 41 37 36 43 50 57 40 42 39 12 48 39 5 35 23 54 25 30 0 58 45 52 56 42 40 59 41 64 50 54 25 34 68 10 42 30 13 52 24 57 46 34 60 12 40 24 28 44 60 17 59 32 76 47 62 17 52 58 16 38 27 28 34 62 16 57 
93 26 70 50 66 83 52 90 53 37 42 66 34 37 83 65 63 48 93 99 85 99 93 52 95 25 60 89 61 53 65 54 58 0 81 97 73 31 91 107 52 22 100 84 81 77 89 60 34 60 46 8 65 20 98 65 110 70 80 76 71 102 70 44 94 70 81 13 5 73 98 72 64 53 78 64 70 112 55 96 
39 64 16 76 16 7 35 53 33 46 40 36 70 55 82 81 80 36 14 18 12 45 32 38 20 74 40 63 68 41 69 27 45 81 0 18 24 52 24 30 32 74 26 11 53 75 27 54 49 74 53 73 68 68 29 16 34 45 6 25 70 55 32 43 15 76 44 69 84 52 20 27 29 30 65 19 12 34 61 15 
49 81 27 84 31 14 47 49 50 62 56 42 81 67 82 86 86 54 4 7 12 36 23 48 6 86 47 60 73 59 74 43 52 97 18 0 40 68 16 13 49 91 10 24 52 76 38 60 66 80 63 89 72 85 16 32 17 48 17 28 73 47 49 55 17 79 58 84 99 54 2 44 37 47 65 33 27 17 68 10 
22 51 31 84 26 30 41 74 21 37 33 51 72 58 97 92 91 25 37 38 36 68 55 45 43 74 52 82 79 23 81 28 56 73 24 40 0 43 47 52 22 61 49 16 72 90 16 66 40 85 60 66 80 56 52 22 57 61 29 45 84 78 9 46 27 89 21 62 74 68 42 4 42 23 81 28 25 56 71 33 
63 15 42 54 38 55 29 74 22 6 12 46 38 28 80 66 65 17 65 70 57 78 69 32 68 36 41 77 57 24 61 26 42 31 52 68 43 0 65 80 21 24 73 53 67 73 58 49 3 60 36 23 60 17 72 36 83 54 51 52 66 83 40 25 64 68 53 19 32 59 69 41 41 22 69 36 41 84 49 66 
61 79 23 71 29 17 39 33 51 60 53 29 70 57 67 72 71 53 16 23 12 22 8 39 10 77 35 44 59 61 59 40 40 91 24 16 47 65 0 19 49 89 11 34 36 61 50 46 63 66 52 83 57 82 8 32 21 34 19 16 58 33 56 47 31 64 68 78 94 39 15 51 27 46 50 29 26 23 55 25 
60 93 38 90 42 25 56 48 62 74 67 48 89 76 84 91 90 66 16 15 23 33 23 57 12 95 54 60 78 71 78 54 59 107 30 13 52 80 19 0 61 103 8 36 54 79 49 66 78 85 71 100 76 97 14 44 4 53 29 35 77 43 61 65 28 83 70 95 110 57 11 56 45 59 68 44 38 4 74 21 
44 33 27 64 21 36 24 67 2 15 11 40 51 37 82 74 72 5 45 50 40 66 55 29 50 52 38 73 62 14 65 12 41 52 32 49 22 21 49 61 0 43 56 32 62 75 38 51 19 66 41 44 64 37 56 18 65 49 33 40 69 74 22 27 43 72 37 40 53 56 51 22 32 4 68 21 24 66 53 46 
77 10 66 67 61 78 53 97 42 29 36 69 50 46 98 81 79 38 88 93 81 102 94 55 91 43 64 98 75 38 78 49 64 22 74 91 61 24 89 103 43 0 97 74 89 91 75 70 26 75 55 19 78 7 96 59 107 76 75 76 84 107 55 47 85 85 64 21 19 81 93 58 65 45 89 60 65 108 67 89 
60 87 31 82 36 20 49 41 57 67 61 40 81 67 76 83 82 60 13 16 16 27 15 49 6 87 46 53 70 66 70 47 50 100 26 10 49 73 11 8 56 97 0 34 46 71 48 57 71 77 63 93 68 90 6 38 10 44 23 26 69 38 58 57 27 74 68 88 103 49 8 53 37 53 60 37 32 12 66 20 
27 64 25 85 23 18 42 64 32 47 42 46 76 61 92 91 90 36 21 22 23 56 42 45 28 80 49 74 77 38 79 31 54 84 11 24 16 53 34 36 32 74 34 0 64 85 16 64 50 84 61 76 77 69 38 21 41 56 17 36 81 66 25 49 11 86 34 72 85 63 27 20 38 31 75 26 20 40 70 17 
91 81 41 44 46 48 39 10 64 64 58 22 50 44 30 39 39 64 52 59 44 25 31 35 47 60 25 11 28 76 27 50 25 81 53 52 72 67 36 54 62 89 46 64 0 25 80 22 66 35 36 76 25 81 40 50 53 13 47 28 24 22 78 42 65 30 93 71 86 9 51 74 30 58 14 44 46 56 29 61 
111 85 60 29 64 70 51 32 77 72 68 39 43 45 7 18 19 76 75 83 67 49 56 46 71 52 38 23 16 88 13 64 34 77 75 76 90 73 61 79 75 91 71 85 25 0 100 24 73 19 37 74 12 84 65 67 78 30 69 50 7 43 94 49 88 8 110 70 82 23 75 92 48 72 11 61 66 81 24 84 
12 66 40 97 36 33 54 80 37 53 49 61 87 72 107 104 103 41 35 33 38 72 58 58 43 89 63 90 91 38 93 42 68 89 27 38 16 58 50 49 38 75 48 16 80 100 0 78 55 97 73 81 92 72 53 34 53 71 33 52 95 82 21 60 21 100 22 77 90 78 40 17 53 38 91 39 34 52 83 28 
88 62 39 25 42 51 26 31 53 48 43 18 29 24 32 27 26 52 58 66 48 44 44 22 55 38 15 29 13 64 15 40 10 60 54 60 66 49 46 66 51 70 57 64 22 24 78 0 50 20 15 55 14 62 52 44 66 13 49 32 18 44 71 25 68 22 86 51 65 13 60 68 26 47 19 38 44 69 9 66 
60 16 40 55 35 52 28 73 19 3 10 45 40 29 80 68 66 15 62 68 55 77 68 31 66 38 41 76 58 21 61 24 42 34 49 66 40 3 63 78 19 26 71 50 66 73 55 50 0 61 36 26 61 19 70 34 81 53 49 50 66 82 37 25 61 68 50 22 35 59 67 39 40 20 69 34 39 82 49 64 
107 70 59 10 61 71 44 45 68 60 57 39 26 32 24 7 6 67 78 86 69 60 63 39 76 34 35 38 7 78 8 57 30 60 74 80 85 60 66 85 66 75 77 84 35 19 97 20 61 0 25 57 11 68 72 63 86 33 69 52 14 57 88 39 89 11 103 54 65 29 80 86 46 64 24 58 63 88 14 86 
82 48 38 24 38 52 20 45 43 35 32 23 18 9 44 33 31 41 60 68 51 55 52 16 60 26 17 44 22 53 25 32 13 46 53 63 60 36 52 71 41 55 63 61 36 37 73 15 36 25 0 40 25 48 59 40 73 24 49 36 30 57 62 14 68 32 78 36 50 27 63 61 26 38 34 35 41 75 13 67 
85 19 62 49 58 75 45 85 45 29 34 59 32 32 81 63 61 40 85 92 77 92 86 46 88 24 53 85 58 46 62 46 52 8 73 89 66 23 83 100 44 19 93 76 76 74 81 55 26 57 40 0 62 15 91 57 103 64 72 69 68 96 62 37 86 68 74 5 11 67 90 64 57 45 74 56 62 104 51 88 
102 72 52 20 56 64 40 34 66 60 56 31 32 33 19 15 15 65 70 78 61 50 53 35 67 41 29 28 4 77 2 53 24 65 68 72 80 60 57 76 64 78 68 77 25 12 92 14 61 11 25 62 0 71 62 58 76 24 62 44 6 47 84 38 81 8 100 58 71 19 71 82 39 61 14 52 57 79 12 78 
74 5 59 61 55 72 45 89 37 23 30 62 44 39 91 74 73 33 81 87 74 94 87 48 85 38 57 91 68 34 71 43 57 20 68 85 56 17 82 97 37 7 90 69 81 84 72 62 19 68 48 15 71 0 90 53 100 69 68 69 77 100 52 40 80 78 62 15 19 73 87 54 58 39 81 53 59 101 60 83 
64 87 30 77 36 22 46 35 57 67 60 36 77 64 70 77 77 61 17 22 17 21 9 46 10 84 42 47 64 68 64 47 46 98 29 16 52 72 8 14 56 96 6 38 40 65 53 52 70 72 59 91 62 90 0 39 14 39 25 23 63 32 61 54 33 69 72 86 101 44 14 56 34 53 54 37 33 16 61 26 
44 49 10 64 3 19 20 53 19 30 23 29 55 40 75 71 69 22 29 34 22 50 38 24 32 59 30 60 57 30 59 11 34 65 16 32 22 36 32 44 18 59 38 21 50 67 34 44 34 63 40 57 58 53 39 0 48 39 15 24 62 58 28 28 30 66 43 53 67 46 34 25 20 15 59 6 6 49 50 31 
64 97 41 91 45 29 59 47 66 77 71 50 91 78 83 91 91 70 20 20 26 31 23 59 15 97 56 59 78 75 78 57 60 110 34 17 57 83 21 4 65 107 10 41 53 78 53 66 81 86 73 103 76 100 14 48 0 53 32 36 77 41 66 67 32 82 74 98 113 57 15 60 47 62 67 47 42 3 75 25 
82 68 31 38 36 41 26 21 51 51 45 10 41 33 36 38 38 52 47 54 37 31 31 22 43 50 12 24 25 63 26 37 12 70 45 48 61 54 34 53 49 76 44 56 13 30 71 13 53 33 24 64 24 69 39 39 53 0 39 21 26 32 67 29 58 31 82 59 74 7 47 63 19 46 20 33 36 56 22 55 
45 65 12 72 14 3 31 47 34 46 39 31 66 51 76 76 75 37 13 20 7 40 27 33 17 71 35 57 62 44 64 26 40 80 6 17 29 51 19 29 33 75 23 17 47 69 33 49 49 69 49 72 62 68 25 15 32 39 0 19 65 50 37 39 19 70 49 67 82 46 18 32 24 30 59 16 10 33 56 18 
63 66 14 56 20 20 24 29 41 47 40 14 54 41 56 58 58 43 26 34 17 27 18 24 24 61 20 38 45 53 46 28 24 76 25 28 45 52 16 35 40 76 26 36 28 50 52 32 50 52 36 69 44 69 23 24 36 21 19 0 46 34 52 32 38 52 66 64 79 27 28 48 12 36 40 19 19 38 40 34 
106 78 56 24 59 66 45 33 71 65 61 34 37 38 14 15 16 70 72 80 63 49 54 40 68 46 32 25 10 82 6 58 28 71 70 73 84 66 58 77 69 84 69 81 24 7 95 18 66 14 30 68 6 77 63 62 77 26 65 46 0 45 89 43 84 6 104 64 76 20 73 86 43 65 11 56 61 79 17 80 
94 98 49 66 55 49 55 13 76 79 73 38 72 65 46 60 60 77 48 54 44 11 24 52 41 81 43 21 50 87 49 62 44 102 55 47 78 83 33 43 74 107 38 66 22 43 82 44 82 57 57 96 47 100 32 58 41 32 50 34 45 0 86 60 63 50 99 91 106 31 45 81 43 70 33 54 53 44 51 57 
23 46 38 86 32 39 44 81 20 35 33 57 73 59 102 95 94 23 46 47 44 76 63 49 52 74 56 89 83 17 85 31 60 70 32 49 9 40 56 61 22 55 58 25 78 94 21 71 37 88 62 62 84 52 61 28 66 67 37 52 89 86 0 48 36 93 16 59 70 74 51 5 48 24 86 34 32 65 74 42 
69 39 28 37 27 42 8 49 29 23 18 22 27 12 57 47 45 27 52 59 43 55 49 8 53 32 17 52 35 39 38 19 17 44 43 55 46 25 47 65 27 47 57 49 42 49 60 25 25 39 14 37 38 40 54 28 67 29 39 32 43 60 48 0 57 46 64 32 48 34 56 47 20 24 44 23 30 69 27 57 
32 75 30 91 30 18 49 64 43 58 52 50 84 69 94 95 94 47 15 12 22 53 39 52 22 88 54 74 82 49 83 41 59 94 15 17 27 64 31 28 43 85 27 11 65 88 21 68 61 89 68 86 81 80 33 30 32 58 19 38 84 63 36 57 0 89 42 82 96 65 19 31 43 41 77 33 27 31 75 7 
110 79 60 21 64 71 48 38 74 67 64 39 36 40 13 10 11 73 78 85 68 54 60 44 74 45 37 30 11 85 7 62 32 70 76 79 89 68 64 83 72 85 74 86 30 8 100 22 68 11 32 68 8 78 69 66 82 31 70 52 6 50 93 46 89 0 108 64 75 25 78 90 47 69 17 61 66 85 19 86 
16 56 52 101 47 51 60 95 35 49 48 72 88 74 117 111 109 38 55 55 56 89 76 65 62 88 72 104 98 29 101 46 76 81 44 58 21 53 68 70 37 64 68 34 93 110 22 86 50 103 78 74 100 62 72 43 74 82 49 66 104 99 16 64 42 108 0 71 81 89 61 18 63 39 102 49 47 74 90 49 
82 19 57 46 54 71 40 80 41 25 30 54 29 27 77 60 58 37 81 87 72 87 81 41 83 22 48 80 54 43 58 42 47 13 69 84 62 19 78 95 40 21 88 72 71 70 77 51 22 54 36 5 58 15 86 53 98 59 67 64 64 91 59 32 82 64 71 0 16 63 85 61 52 41 69 51 58 99 47 84 
93 25 72 55 69 86 55 95 54 38 44 70 39 42 89 70 68 49 96 102 88 103 97 56 98 31 64 94 66 53 70 57 62 5 84 99 74 32 94 110 53 19 103 85 86 82 90 65 35 65 50 11 71 19 101 67 113 74 82 79 76 106 70 48 96 75 81 16 0 77 100 73 68 55 83 66 73 115 60 98 
89 73 38 36 43 47 32 18 58 56 51 17 42 36 29 34 33 58 53 60 44 32 35 28 49 51 19 18 21 70 21 44 17 73 52 54 68 59 39 57 56 81 49 63 9 23 78 13 59 29 27 67 19 73 44 46 57 7 46 27 20 31 74 34 65 25 89 63 77 0 53 71 26 53 13 40 44 60 21 61 
52 83 28 84 32 15 47 47 52 64 57 42 81 67 81 86 85 55 6 9 13 34 22 49 4 87 47 59 72 61 73 44 52 98 20 2 42 69 15 11 51 93 8 27 51 75 40 60 67 80 63 90 71 87 14 34 15 47 18 28 73 45 51 56 19 78 61 85 100 53 0 46 37 48 64 34 28 15 68 12 
22 49 34 84 28 34 42 77 21 36 33 53 73 58 99 93 92 24 40 42 39 72 59 47 47 74 54 85 81 20 83 29 58 72 27 44 4 41 51 56 22 58 53 20 74 92 17 68 39 86 61 64 82 54 56 25 60 63 32 48 86 81 5 47 31 90 18 61 73 71 46 0 45 23 83 31 28 60 72 36 
63 56 13 48 17 26 13 35 34 37 30 9 44 30 55 53 52 35 34 42 25 37 29 12 34 50 11 41 39 46 41 20 16 64 29 37 42 41 27 45 32 65 37 38 30 48 53 26 40 46 26 57 39 58 34 20 47 19 24 12 43 43 48 20 43 47 63 52 68 26 37 45 0 28 39 14 18 49 32 41 
45 35 23 62 17 33 21 63 6 17 11 36 50 35 79 71 70 8 43 48 37 63 52 26 47 51 34 69 59 18 62 8 38 53 30 47 23 22 46 59 4 45 53 31 58 72 38 47 20 64 38 45 61 39 53 15 62 46 30 36 65 70 24 24 41 69 39 41 55 53 48 23 28 0 65 17 21 63 51 44 
102 82 51 34 55 60 44 22 70 67 62 30 45 43 17 27 27 70 64 72 56 38 45 39 60 54 30 14 18 81 16 56 27 78 65 65 81 69 50 68 68 89 60 75 14 11 91 19 69 24 34 74 14 81 54 59 67 20 59 40 11 33 86 44 77 17 102 69 83 13 64 83 39 65 0 53 56 70 23 73 
50 50 6 58 4 20 16 47 22 30 23 23 51 36 69 65 64 25 30 36 21 46 35 19 32 55 24 55 52 34 54 10 28 64 19 33 28 36 29 44 21 60 37 26 44 61 39 38 34 58 35 56 52 53 37 6 47 33 16 19 56 54 34 23 33 61 49 51 66 40 34 31 14 17 53 0 7 48 44 34 
45 55 6 65 4 13 22 48 25 36 29 27 58 43 73 71 69 28 23 29 16 44 32 26 26 62 29 57 57 36 59 16 34 70 12 27 25 41 26 38 24 65 32 20 46 66 34 44 39 63 41 62 57 59 33 6 42 36 10 19 61 53 32 30 27 66 47 58 73 44 28 28 18 21 56 7 0 43 50 27 
63 98 42 94 46 30 61 50 67 78 72 52 93 79 86 94 93 70 21 19 27 34 25 61 16 99 58 62 81 76 81 59 62 112 34 17 56 84 23 4 66 108 12 40 56 81 52 69 82 88 75 104 79 101 16 49 3 56 33 38 79 44 65 69 31 85 74 99 115 60 15 60 49 63 70 48 43 0 77 24 
93 60 45 17 48 58 30 39 55 48 45 26 22 21 31 21 20 54 66 74 56 52 53 26 64 31 21 35 9 66 12 43 16 55 61 68 71 49 55 74 53 67 66 70 29 24 83 9 49 14 13 51 12 60 61 50 75 22 56 40 17 51 74 27 75 19 90 47 60 21 68 72 32 51 23 44 50 77 0 73 
39 79 29 89 31 15 49 58 46 61 54 47 84 69 90 93 92 50 9 5 18 46 33 51 16 89 52 69 79 54 80 42 57 96 15 10 33 66 25 21 46 89 20 17 61 84 28 66 64 86 67 88 78 83 26 31 25 55 18 34 80 57 42 57 7 86 49 84 98 61 12 36 41 44 73 34 27 24 73 0 
0 193 575 1059 89 1205 52 60 23 9 87 250 154 42 121 22 33 10 185 136 53 13 132 9 360 474 9 77 30 414 33 27 66 3000 449 149 48 36 11 2659 3000 18 20 214 15 1748 18 675 23 71 425 13 262 7 481 1491 56 108 176 165 252 11 64 70 92 179 3000 600 64 1952 131 3000 7 206 3000 366 166 180 702 17 
193 0 65 968 408 14 559 1871 321 21 107 0 39 1137 101 8 102 213 1272 399 321 0 226 22 35 14 58 388 0 38 27 85 618 8 434 27 715 902 27 19 25 143 27 3000 95 140 0 142 232 78 57 0 492 22 3000 48 15 9 77 137 7 55 1352 481 0 59 208 16 13 44 60 121 8 13 101 881 541 13 307 1490 
575 65 0 45 36 717 0 3000 113 3000 3000 777 68 0 0 42 145 1373 587 233 99 231 0 184 633 743 856 104 64 211 0 0 52 0 19 126 0 65 11 0 0 0 0 721 91 3000 33 0 486 31 267 69 0 126 20 1500 2226 76 0 92 89 19 0 14 903 0 74 162 0 112 54 33 2241 0 21 0 0 0 40 173 
1059 968 45 0 147 158 2179 479 502 7 305 972 74 367 52 20 15 28 43 431 109 59 351 3000 1217 153 45 41 32 704 1765 233 139 442 105 646 445 112 457 0 19 118 590 21 252 265 41 10 302 9 44 292 15 162 564 2877 60 8 0 22 47 359 434 96 1559 3000 3000 195 31 8 125 1634 8 395 48 104 362 0 1567 3000 
89 408 36 147 0 17 374 0 113 38 81 975 417 261 1373 0 32 128 120 69 47 28 2835 605 23 41 32 20 0 71 157 8 318 202 79 744 61 21 0 946 19 69 16 0 9 0 215 422 227 0 1602 441 3000 80 53 305 313 390 0 18 109 65 363 0 412 29 111 209 87 276 588 22 651 192 36 65 166 8 218 1813 
1205 14 717 158 17 0 23 264 8 18 1043 0 35 17 3000 2928 10 26 265 91 1366 0 0 1021 150 17 43 134 427 17 851 858 0 176 12 0 544 44 26 44 26 12 9 61 136 13 0 101 51 177 345 0 0 1904 55 1734 272 105 41 549 142 76 360 422 0 965 0 23 350 0 3000 30 75 331 547 47 46 11 18 112 
52 559 0 2179 374 23 0 0 224 318 60 0 3000 2161 1919 170 40 425 0 21 0 0 789 195 2831 183 0 45 0 53 486 2035 0 89 54 0 668 993 0 1198 928 38 22 0 0 0 0 21 16 0 22 0 936 0 54 0 0 218 3000 78 112 98 12 0 0 122 8 476 41 18 0 13 0 103 95 939 639 467 16 2203 
60 1871 3000 479 0 264 0 0 3000 0 2846 0 314 0 0 185 248 60 8 102 9 0 0 71 201 178 16 325 63 245 0 0 144 0 0 0 0 0 52 0 0 486 0 383 53 238 52 0 285 16 3000 9 0 26 54 31 71 512 0 387 0 0 0 12 0 0 0 22 0 0 1547 56 1640 0 26 0 0 0 191 63 
23 321 113 502 113 8 224 3000 0 135 12 0 12 1028 1463 1205 111 2648 41 42 407 0 0 2164 2842 216 10 316 43 434 205 19 121 26 143 1187 251 9 12 572 27 236 328 254 18 21 0 147 40 510 72 0 0 70 889 260 23 13 631 19 58 118 29 125 0 9 0 564 102 0 657 47 46 0 75 346 520 168 138 301 
9 21 3000 7 38 18 318 0 135 0 37 14 170 50 1200 188 14 131 166 796 1978 144 728 14 273 9 16 693 0 10 46 567 232 9 98 66 141 144 0 0 27 153 657 884 79 0 207 90 52 76 3000 238 10 492 15 17 8 114 0 204 37 91 191 99 20 31 490 60 793 3000 565 81 23 3000 12 16 1099 0 9 26 
87 107 3000 305 81 1043 60 2846 12 37 0 0 8 21 19 15 19 345 91 9 83 0 0 17 946 102 71 335 62 394 133 1098 227 154 104 26 0 44 428 452 42 636 555 16 23 26 0 78 1029 657 443 0 0 12 342 207 2362 9 644 607 26 154 330 343 0 1973 0 122 0 0 834 544 33 0 743 199 1471 277 71 21 
250 0 777 972 975 0 0 0 0 14 0 0 0 0 0 0 0 0 17 0 119 294 2147 167 10 30 863 0 139 610 0 0 168 14 11 630 0 55 0 0 0 0 207 100 438 0 3000 0 91 0 0 35 10 69 0 23 28 606 0 0 141 50 0 539 51 0 633 0 25 134 28 336 139 1155 501 0 0 0 3000 0 
154 39 68 74 417 35 3000 314 12 170 8 0 0 12 26 1432 47 72 24 3000 1507 77 285 93 68 47 110 156 35 13 179 58 35 208 1400 14 87 163 9 130 13 36 977 28 25 170 0 352 91 15 23 0 147 273 788 106 25 17 85 20 104 12 2225 213 0 623 32 546 37 377 838 873 191 166 28 449 1106 26 9 553 
42 1137 0 367 261 17 2161 0 1028 50 21 0 12 0 3000 11 83 343 0 3000 0 0 0 776 25 198 83 31 0 1018 250 861 0 468 16 0 993 0 192 35 49 44 23 0 0 27 0 11 315 92 24 0 0 382 1068 0 32 963 1425 97 312 24 437 526 0 76 0 21 0 0 0 2618 526 0 15 96 8 94 396 830 
121 101 0 52 1373 3000 1919 0 1463 1200 19 0 26 3000 0 887 73 27 0 523 0 0 0 11 22 512 0 25 0 1863 279 40 0 301 28 0 272 0 33 8 285 94 24 0 0 203 0 123 133 29 3000 0 0 165 93 0 13 20 24 269 480 24 127 0 0 11 0 139 0 0 0 65 363 0 411 25 25 111 51 61 
22 8 42 20 0 2928 170 185 1205 188 15 0 1432 11 887 0 71 1110 338 173 36 0 0 295 8 205 387 308 706 50 265 100 17 0 30 10 0 0 32 78 542 814 34 14 190 330 0 1219 877 32 10 0 0 181 8 794 34 58 2346 306 986 260 3000 300 0 0 0 19 0 0 66 71 85 0 342 320 66 298 37 196 
33 102 145 15 32 10 40 248 111 14 19 0 47 83 73 71 0 28 12 218 11 0 0 8 35 8 174 129 168 553 95 3000 522 0 1260 41 0 257 16 376 335 72 671 253 21 192 0 1312 468 932 65 0 0 1018 38 16 204 941 328 18 142 376 87 14 0 0 0 83 0 0 1112 9 3000 0 83 50 74 960 553 39 
10 213 1373 28 128 26 425 60 2648 131 345 0 72 343 27 1110 28 0 132 61 113 55 37 77 862 22 487 19 18 95 71 140 122 69 582 567 94 74 94 14 100 1052 75 87 21 125 0 52 59 26 221 0 251 8 242 29 82 39 262 132 106 12 2781 145 817 129 16 3000 91 9 33 48 240 109 1334 51 10 20 43 246 
185 1272 587 43 120 265 0 8 41 166 91 17 24 0 0 338 12 132 0 93 382 3000 0 135 720 103 13 20 224 512 0 0 1141 0 9 438 0 16 88 0 0 0 127 454 1127 134 23 0 22 155 68 491 34 56 787 16 127 73 0 27 641 13 0 248 160 0 1156 17 0 920 2153 14 234 14 62 0 0 0 55 2543 
136 399 233 431 69 91 21 102 42 796 9 0 3000 3000 523 173 218 61 93 0 319 0 0 458 307 31 1050 105 24 85 21 122 264 0 26 0 0 0 33 76 274 291 11 1054 3000 42 0 97 9 953 8 0 0 27 764 3000 206 184 34 45 436 233 3000 688 0 0 0 349 0 0 377 278 575 0 107 181 131 91 1112 40 
53 321 99 109 47 1366 0 9 407 1978 83 119 1507 0 0 36 11 113 382 319 0 1679 0 8 147 91 1650 13 23 234 0 0 51 0 17 48 0 435 138 0 0 556 0 264 1527 136 445 0 67 233 298 9 0 2210 89 667 538 8 0 1066 3000 481 0 85 12 0 0 295 0 0 178 44 39 0 165 0 0 0 122 46 
13 0 231 59 28 0 0 0 0 144 0 294 77 0 0 0 0 55 3000 0 1679 0 124 13 200 63 109 0 67 71 490 0 48 21 13 220 137 17 0 0 0 0 141 14 310 0 19 0 13 0 0 40 207 142 0 13 332 472 0 42 82 12 0 1652 647 0 1151 0 243 101 126 121 8 184 39 0 0 0 649 176 
132 226 0 351 2835 0 789 0 0 728 0 2147 285 0 0 0 0 37 0 0 0 124 0 21 46 0 0 0 0 0 170 0 12 1293 102 67 27 723 0 0 778 0 66 0 10 0 0 59 8 0 0 17 75 0 0 14 0 712 0 0 37 7 0 0 19 280 2015 0 175 1079 0 0 0 169 276 47 263 0 0 0 
9 22 184 3000 605 1021 195 71 2164 14 17 167 93 776 11 295 8 77 135 458 8 13 21 0 16 18 26 256 317 591 22 13 65 223 3000 55 167 1488 369 461 124 112 22 176 29 91 367 9 212 98 97 238 2574 90 119 1569 94 8 0 10 1853 50 504 11 118 286 24 376 88 572 137 3000 617 746 20 295 50 193 77 22 
360 35 633 1217 23 150 2831 201 2842 273 946 10 68 25 22 8 35 862 720 307 147 200 46 16 0 280 440 492 255 195 10 1822 3000 87 66 22 3000 11 94 213 12 944 801 47 7 33 279 174 28 24 8 205 89 1038 282 38 20 56 0 117 248 568 7 2084 370 31 214 501 1052 310 9 1644 88 13 587 186 359 10 14 1695 
474 14 743 153 41 17 183 178 216 9 102 30 47 198 512 205 8 22 103 31 91 63 0 18 280 0 205 295 277 15 26 326 8 856 94 216 46 20 62 701 314 224 61 53 200 67 13 17 2358 492 78 51 1449 1832 22 773 728 453 1672 12 129 45 137 11 1384 587 1466 302 66 13 733 174 1073 56 497 3000 96 153 89 88 
9 58 856 45 32 43 0 16 10 16 71 863 110 83 0 387 174 487 13 1050 1650 109 0 26 440 205 0 130 141 25 45 0 1045 13 22 35 0 15 13 0 346 49 703 168 19 202 38 1363 171 15 21 23 70 484 678 3000 748 68 0 1440 30 57 11 44 2376 0 171 81 192 67 38 491 69 3000 534 28 3000 0 2121 139 
77 388 104 41 20 134 45 325 316 693 335 0 156 31 25 308 129 19 20 105 13 0 0 256 492 295 130 0 21 11 35 13 0 0 64 0 0 0 20 144 73 3000 1761 985 0 56 0 173 65 25 216 0 0 1771 432 103 11 13 10 8 275 88 32 3000 0 77 0 9 0 0 197 1079 117 0 32 74 414 14 183 358 
30 0 64 32 0 427 0 63 43 0 62 139 35 0 0 706 168 18 224 24 23 67 0 317 255 277 141 21 0 196 0 0 19 0 130 63 0 1187 434 0 0 0 0 1429 17 1852 85 0 366 472 346 33 0 107 160 69 12 178 0 341 0 311 0 326 33 0 0 872 0 0 25 9 11 0 797 0 0 0 66 218 
414 38 211 704 71 17 53 245 434 10 394 610 13 1018 1863 50 553 95 512 85 234 71 0 591 195 15 25 11 196 0 99 99 235 8 228 49 0 249 1897 10 88 204 124 1031 75 80 993 39 70 19 20 25 219 543 333 769 212 119 948 388 44 38 29 28 1320 60 137 188 96 8 58 349 65 309 157 19 2221 94 93 9 
33 27 0 1765 157 851 486 0 205 46 133 0 179 250 279 265 95 71 0 21 0 490 170 22 10 26 45 35 0 99 0 511 32 13 10 125 14 111 406 30 11 3000 17 0 60 0 0 2157 108 202 8 0 70 36 29 995 24 81 36 82 518 123 65 0 20 8 36 237 56 9 0 232 17 40 670 13 294 294 114 67 
27 85 0 233 8 858 2035 0 19 567 1098 0 58 861 40 100 3000 140 0 122 0 0 0 13 1822 326 0 13 0 99 511 0 0 575 7 0 10 0 635 18 357 691 56 0 0 0 0 3000 248 223 104 0 0 445 721 0 395 389 23 22 9 8 72 0 0 1009 0 1332 69 0 0 10 642 0 44 91 51 98 266 11 
66 618 52 139 318 0 0 144 121 232 227 168 35 0 0 17 522 122 1141 264 51 48 12 65 3000 8 1045 0 19 235 32 0 0 12 3000 24 0 503 162 0 0 0 24 13 243 56 250 0 26 85 55 198 8 13 130 818 652 117 0 251 94 544 0 103 40 0 105 0 1237 802 26 2230 63 18 331 0 0 0 129 224 
3000 8 0 442 202 176 89 0 26 9 154 14 208 468 301 0 0 69 0 0 0 21 1293 223 87 856 13 0 0 8 13 575 12 0 53 905 476 245 0 0 147 0 133 0 3000 0 31 135 16 0 117 7 2057 0 0 71 0 719 0 0 24 1429 39 0 229 17 40 0 2037 10 0 14 651 34 68 2405 216 0 14 0 
449 434 19 105 79 12 54 0 143 98 104 11 1400 16 28 30 1260 582 9 26 17 13 102 3000 66 94 22 64 130 228 10 7 3000 53 0 18 1343 3000 27 0 661 10 240 549 173 15 275 3000 27 25 2353 231 79 40 146 306 101 80 0 14 123 231 3000 2626 18 88 8 351 138 89 1363 135 3000 553 29 12 169 0 180 199 
149 27 126 646 744 0 0 0 1187 66 26 630 14 0 0 10 41 567 438 0 48 220 67 55 22 216 35 0 63 49 125 0 24 905 18 0 372 726 0 0 12 0 122 1747 71 105 712 12 1379 104 246 10 13 102 13 14 192 1123 0 336 17 82 0 27 9 51 185 0 63 3000 79 29 37 1212 34 241 277 0 9 3000 
48 715 0 445 61 544 668 0 251 141 0 0 87 993 272 0 0 94 0 0 0 137 27 167 3000 46 0 0 0 0 14 10 0 476 1343 372 0 80 0 0 235 0 68 0 64 0 0 118 12 0 35 0 76 0 0 0 0 27 0 0 25 72 29 0 45 65 41 0 167 77 0 0 0 188 50 221 31 0 0 0 
36 902 65 112 21 44 993 0 9 144 44 55 163 0 0 0 257 74 16 0 435 17 723 1488 11 20 15 0 1187 249 111 0 503 245 3000 726 80 0 0 0 81 0 39 33 995 0 552 400 99 0 34 18 47 67 3000 32 3000 364 0 47 198 50 0 16 2033 65 21 0 64 320 152 611 331 19 78 12 68 0 32 30 
11 27 11 457 0 26 0 52 12 0 428 0 9 192 33 32 16 94 88 33 138 0 0 369 94 62 13 20 434 1897 406 635 162 0 27 0 0 0 0 129 32 202 0 3000 8 32 0 117 72 27 10 0 0 234 127 26 19 27 99 31 67 84 69 210 0 0 0 82 0 0 88 117 1493 0 14 286 28 34 51 425 
2659 19 0 0 946 44 1198 0 572 0 452 0 130 35 8 78 376 14 0 76 0 0 0 461 213 701 0 144 0 10 30 18 0 0 0 0 0 0 129 0 332 230 275 0 0 856 0 8 0 532 163 0 0 8 9 0 235 391 30 51 102 121 47 0 0 45 0 1546 0 0 0 261 0 0 42 40 138 35 61 219 
3000 25 0 19 19 26 928 0 27 27 42 0 13 49 285 542 335 100 0 274 0 0 778 124 12 314 346 73 0 88 11 357 0 147 661 12 235 81 32 332 0 243 1488 0 385 0 0 9 32 228 67 0 19 160 45 0 1031 3000 128 25 25 91 79 0 0 24 455 1012 370 155 0 170 36 8 2967 932 99 161 15 15 
18 143 0 118 69 12 38 486 236 153 636 0 36 44 94 814 72 1052 0 291 556 0 0 112 944 224 49 3000 0 204 3000 691 0 0 10 0 0 0 202 230 243 0 149 32 0 313 0 80 197 10 11 0 0 250 743 0 48 635 16 29 1345 66 140 126 0 72 0 18 0 0 15 124 166 0 264 154 165 47 7 24 
20 27 0 590 16 9 22 0 328 657 555 207 977 23 24 34 671 75 127 11 0 141 66 22 801 61 703 1761 0 124 17 56 24 133 240 122 68 39 0 275 1488 149 0 0 2025 0 0 9 541 0 47 0 49 832 644 9 47 52 9 834 41 66 11 0 21 16 7 15 228 72 0 649 16 8 423 209 71 26 28 18 
214 3000 721 21 0 61 0 383 254 884 16 100 28 0 0 14 253 87 454 1054 264 14 0 176 47 53 168 985 1429 1031 0 0 13 0 549 1747 0 33 3000 0 0 32 0 0 1224 12 212 0 65 206 13 150 0 17 1230 14 156 44 0 1382 52 23 0 94 158 0 0 25 0 0 146 551 282 0 16 0 0 0 12 11 
15 95 91 252 9 136 0 53 18 79 23 438 25 0 0 190 21 21 1127 3000 1527 310 10 29 7 200 19 0 17 75 60 0 243 3000 173 71 64 995 8 0 385 0 2025 1224 0 3000 11 10 107 20 404 707 121 497 13 462 351 80 0 235 103 10 0 163 57 689 441 0 31 1015 77 1551 36 199 2300 328 417 0 391 144 
1748 140 3000 265 0 13 0 238 21 0 26 0 170 27 203 330 192 125 134 42 136 0 0 91 33 67 202 56 1852 80 0 0 56 0 15 105 0 0 32 856 0 313 0 12 3000 0 12 24 164 166 24 593 0 236 1476 1938 16 109 0 74 28 51 398 3000 0 0 0 162 0 0 12 62 144 0 616 0 12 1999 157 292 
18 0 33 41 215 0 0 52 0 207 0 3000 0 0 0 0 0 0 23 0 445 19 0 367 279 13 38 0 85 993 0 0 250 31 275 712 0 552 0 0 0 0 0 212 11 12 0 0 136 97 0 242 103 17 511 278 415 14 0 277 0 1256 0 635 319 0 203 0 0 188 1031 140 37 31 151 0 0 0 74 68 
675 142 0 10 422 101 21 0 147 90 78 0 352 11 123 1219 1312 52 0 97 0 0 59 9 174 17 1363 173 0 39 2157 3000 0 135 3000 12 118 400 117 8 9 80 9 0 10 24 0 0 32 85 191 0 1640 35 552 0 45 393 99 128 420 25 182 18 0 28 27 139 851 14 0 615 1920 1817 25 3000 9 16 125 7 
23 232 486 302 227 51 16 285 40 52 1029 91 91 315 133 877 468 59 22 9 67 13 8 212 28 2358 171 65 366 70 108 248 26 16 27 1379 12 99 72 0 32 197 541 65 107 164 136 32 0 38 35 210 100 17 31 11 90 64 0 1070 354 91 768 39 158 366 157 65 1512 16 16 24 147 48 11 863 26 25 183 67 
71 78 31 9 0 177 0 16 510 76 657 0 15 92 29 32 932 26 155 953 233 0 0 98 24 492 15 25 472 19 202 223 85 0 25 104 0 0 27 532 228 10 0 206 20 166 97 85 38 0 653 0 0 923 318 3000 125 1183 9 268 8 218 30 85 0 0 0 9 0 0 357 259 1918 0 323 1195 631 31 29 25 
425 57 267 44 1602 345 22 3000 72 3000 443 0 23 24 3000 10 65 221 68 8 298 0 0 97 8 78 21 216 346 20 8 104 55 117 2353 246 35 34 10 163 67 11 47 13 404 24 0 191 35 653 0 0 0 40 526 210 26 29 13 1362 34 732 2559 49 0 1025 0 297 12 8 499 58 45 227 24 60 150 398 29 44 
13 0 69 292 441 0 0 9 0 238 0 35 0 0 0 0 0 0 491 0 9 40 17 238 205 51 23 0 33 25 0 0 198 7 231 10 0 18 0 0 0 0 0 150 707 593 242 0 210 0 0 0 20 8 0 260 59 78 0 28 0 9 0 56 210 0 58 0 135 59 356 257 46 353 35 0 0 0 75 3000 
262 492 0 15 3000 0 936 0 0 10 0 10 147 0 0 0 0 251 34 0 0 207 75 2574 89 1449 70 0 0 219 70 0 8 2057 79 13 76 47 0 0 19 0 49 0 121 0 103 1640 100 0 0 20 0 0 0 33 0 1091 0 0 435 1128 0 0 658 176 7 0 206 195 0 0 9 219 83 294 125 0 162 0 
7 22 126 162 80 1904 0 26 70 492 12 69 273 382 165 181 1018 8 56 27 2210 142 0 90 1038 1832 484 1771 107 543 36 445 13 0 40 102 0 67 234 8 160 250 832 17 497 236 17 35 17 923 40 8 0 0 119 9 19 483 0 25 51 136 2317 3000 143 0 0 1180 0 0 808 28 1307 0 66 152 705 1729 11 367 
481 3000 20 564 53 55 54 54 889 15 342 0 788 1068 93 8 38 242 787 764 89 0 0 119 282 22 678 432 160 333 29 721 130 0 146 13 0 3000 127 9 45 743 644 1230 13 1476 511 552 31 318 526 0 0 119 0 363 13 15 110 284 396 634 51 8 0 0 0 16 0 0 63 180 9 0 1668 72 23 526 23 105 
1491 48 1500 2877 305 1734 0 31 260 17 207 23 106 0 0 794 16 29 16 3000 667 13 14 1569 38 773 3000 103 69 769 995 0 818 71 306 14 0 32 26 0 0 0 9 14 462 1938 278 0 11 3000 210 260 33 9 363 0 2631 137 0 48 35 22 0 463 354 0 96 434 131 708 13 23 35 10 404 27 1542 0 3000 20 
56 15 2226 60 313 272 0 71 23 8 2362 28 25 32 13 34 204 82 127 206 538 332 0 94 20 728 748 11 12 212 24 395 652 0 101 192 0 3000 19 235 1031 48 47 156 351 16 415 45 90 125 26 59 0 19 13 2631 0 11 0 38 225 19 3000 9 97 0 0 277 0 0 30 81 21 0 39 38 23 154 1986 252 
108 9 76 8 390 105 218 512 13 114 9 606 17 963 20 58 941 39 73 184 8 472 712 8 56 453 68 13 178 119 81 389 117 719 80 1123 27 364 27 391 3000 635 52 44 80 109 14 393 64 1183 29 78 1091 483 15 137 11 0 15 678 406 121 335 13 1530 30 688 20 51 25 8 637 45 3000 10 99 25 2151 31 21 
176 77 0 0 0 41 3000 0 631 0 644 0 85 1425 24 2346 328 262 0 34 0 0 0 0 0 1672 0 10 0 948 36 23 0 0 0 0 0 0 99 30 128 16 9 0 0 0 0 99 0 9 13 0 0 0 110 0 0 15 0 155 267 0 438 0 0 160 0 346 0 0 0 322 0 0 26 134 13 285 0 86 
165 137 92 22 18 549 78 387 19 204 607 0 20 97 269 306 18 132 27 45 1066 42 0 10 117 12 1440 8 341 388 82 22 251 0 14 336 0 47 31 51 25 29 834 1382 235 74 277 128 1070 268 1362 28 0 25 284 48 38 678 155 0 183 18 122 401 0 0 0 379 0 0 460 82 103 0 20 578 359 96 1312 710 
252 7 89 47 109 142 112 0 58 37 26 141 104 312 480 986 142 106 641 436 3000 82 37 1853 248 129 30 275 0 44 518 9 94 24 123 17 25 198 67 102 25 1345 41 52 103 28 0 420 354 8 34 0 435 51 396 35 225 406 267 183 0 159 24 66 41 112 9 130 131 1213 29 31 14 413 13 53 33 39 35 19 
11 55 19 359 65 76 98 0 118 91 154 50 12 24 24 260 376 12 13 233 481 12 7 50 568 45 57 88 311 38 123 8 544 1429 231 82 72 50 84 121 91 66 66 23 10 51 1256 25 91 218 732 9 1128 136 634 22 19 121 0 18 159 0 2032 261 3000 624 17 18 13 44 269 1096 655 1974 1111 38 113 466 40 8 
64 1352 0 434 363 360 12 0 29 191 330 0 2225 437 127 3000 87 2781 0 3000 0 0 0 504 7 137 11 32 0 29 65 72 0 39 3000 0 29 0 69 47 79 140 11 0 0 398 0 182 768 30 2559 0 0 2317 51 0 3000 335 438 122 24 2032 0 0 0 527 0 44 228 0 0 104 1939 0 147 129 45 402 104 20 
70 481 14 96 0 422 0 12 125 99 343 539 213 526 0 300 14 145 248 688 85 1652 0 11 2084 11 44 3000 326 28 0 0 103 0 2626 27 0 16 210 0 0 126 0 94 163 3000 635 18 39 85 49 56 0 3000 8 463 9 13 0 401 66 261 0 0 90 0 0 3000 0 0 1464 133 10 0 418 0 12 2519 26 158 
92 0 903 1559 412 0 0 0 0 20 0 51 0 0 0 0 0 817 160 0 12 647 19 118 370 1384 2376 0 33 1320 20 0 40 229 18 9 45 2033 0 0 0 0 21 158 57 0 319 0 158 0 0 210 658 143 0 354 97 1530 0 0 41 3000 0 90 0 0 79 0 241 17 111 8 11 52 66 0 0 0 277 0 
179 59 0 3000 29 965 122 0 9 31 1973 0 623 76 11 0 0 129 0 0 0 0 280 286 31 587 0 77 0 60 8 1009 0 17 88 51 65 65 0 45 24 72 16 0 689 0 0 28 366 0 1025 0 176 0 0 0 0 30 160 0 112 624 527 0 0 0 274 0 25 11 0 172 0 8 55 400 247 135 0 0 
3000 208 74 3000 111 0 8 0 0 490 0 633 32 0 0 0 0 16 1156 0 0 1151 2015 24 214 1466 171 0 0 137 36 0 105 40 8 185 41 21 0 0 455 0 7 0 441 0 203 27 157 0 0 58 7 0 0 96 0 688 0 0 9 17 0 0 79 274 0 0 84 24 91 0 71 9 179 436 12 0 498 0 
600 16 162 195 209 23 476 22 564 60 122 0 546 21 139 19 83 3000 17 349 295 0 0 376 501 302 81 9 872 188 237 1332 0 0 351 0 0 0 82 1546 1012 18 15 25 0 162 0 139 65 9 297 0 0 1180 16 434 277 20 346 379 130 18 44 3000 0 0 0 0 0 0 839 131 81 0 424 671 864 48 107 263 
64 13 0 31 87 350 41 0 102 793 0 25 37 0 0 0 0 91 0 0 0 243 175 88 1052 66 192 0 0 96 56 69 1237 2037 138 63 167 64 0 0 370 0 228 0 31 0 0 851 1512 0 12 135 206 0 0 131 0 51 0 0 131 13 228 0 241 25 84 0 0 223 0 674 2402 97 159 13 301 0 32 0 
1952 44 112 8 276 0 18 0 0 3000 0 134 377 0 0 0 0 9 920 0 0 101 1079 572 310 13 67 0 0 8 9 0 802 10 89 3000 77 320 0 0 155 0 72 0 1015 0 188 14 16 0 8 59 195 0 0 708 0 25 0 0 1213 44 0 0 17 11 24 0 223 0 49 31 242 10 12 108 33 0 398 0 
131 60 54 125 588 3000 0 1547 657 565 834 28 838 0 0 66 1112 33 2153 377 178 126 0 137 9 733 38 197 25 58 0 0 26 0 1363 79 0 152 88 0 0 15 0 146 77 12 1031 0 16 357 499 356 0 808 63 13 30 8 0 460 29 269 0 1464 111 0 91 839 0 49 0 188 11 0 11 0 0 0 152 22 
3000 121 33 1634 22 30 13 56 47 81 544 336 873 2618 65 71 9 48 14 278 44 121 0 3000 1644 174 491 1079 9 349 232 10 2230 14 135 29 0 611 117 261 170 124 649 551 1551 62 140 615 24 259 58 257 0 28 180 23 81 637 322 82 31 1096 104 133 8 172 0 131 674 31 188 0 82 0 33 12 17 1392 31 26 
7 8 2241 8 651 75 0 1640 46 23 33 139 191 526 363 85 3000 240 234 575 39 8 0 617 88 1073 69 117 11 65 17 642 63 651 3000 37 0 331 1493 0 36 166 16 282 36 144 37 1920 147 1918 45 46 9 1307 9 35 21 45 0 103 14 655 1939 10 11 0 71 81 2402 242 11 82 0 63 569 570 22 67 20 1386 
206 13 0 395 192 331 103 0 0 3000 0 1155 166 0 0 0 0 109 14 0 0 184 169 746 13 56 3000 0 0 309 40 0 18 34 553 1212 188 19 0 0 8 0 8 0 199 0 31 1817 48 0 227 353 219 0 0 10 0 3000 0 0 413 1974 0 0 52 8 9 0 97 10 0 0 63 0 75 19 38 0 2057 0 
3000 101 21 48 36 547 95 26 75 12 743 501 28 15 411 342 83 1334 62 107 165 39 276 20 587 497 534 32 797 157 670 44 331 68 29 34 50 78 14 42 2967 264 423 16 2300 616 151 25 11 323 24 35 83 66 1668 404 39 10 26 20 13 1111 147 418 66 55 179 424 159 12 11 33 569 75 0 596 477 91 248 25 
366 881 0 104 65 47 939 0 346 16 199 0 449 96 25 320 50 51 0 181 0 0 47 295 186 3000 28 74 0 19 13 91 0 2405 12 241 221 12 286 40 932 154 209 0 328 0 0 3000 863 1195 60 0 294 152 72 27 38 99 134 578 53 38 129 0 0 400 436 671 13 108 0 12 570 19 596 0 9 16 639 326 
166 541 0 362 166 46 639 0 520 1099 1471 0 1106 8 25 66 74 10 0 131 0 0 263 50 359 96 3000 414 0 2221 294 51 0 216 169 277 31 68 28 138 99 165 71 0 417 12 0 9 26 631 150 0 125 705 23 1542 23 25 13 359 33 113 45 12 0 247 12 864 301 33 0 17 22 38 477 9 0 297 181 593 
180 13 0 0 8 11 467 0 168 0 277 0 26 94 111 298 960 20 0 91 0 0 0 193 10 153 0 14 0 94 294 98 0 0 0 0 0 0 34 35 161 47 26 0 0 1999 0 16 25 31 398 0 0 1729 526 0 154 2151 285 96 39 466 402 2519 0 135 0 48 0 0 0 1392 67 0 91 16 297 0 8 66 
702 307 40 1567 218 18 16 191 138 9 71 3000 9 396 51 37 553 43 55 1112 122 649 0 77 14 89 2121 183 66 93 114 266 129 14 180 9 0 32 51 61 15 7 28 12 391 157 74 125 183 29 29 75 162 11 23 3000 1986 31 0 1312 35 40 104 26 277 0 498 107 32 398 152 31 20 2057 248 639 181 8 0 63 
17 1490 173 3000 1813 112 2203 63 301 26 21 0 553 830 61 196 39 246 2543 40 46 176 0 22 1695 88 139 358 218 9 67 11 224 0 199 3000 0 30 425 219 15 24 18 11 144 292 68 7 67 25 44 3000 0 367 105 20 252 21 86 710 19 8 20 158 0 0 0 263 0 0 22 26 1386 0 25 326 593 66 63 0 
