80
0 82 101 89 36 22 72 29 87 98 64 59 40 43 85 86 52 89 23 79 76 102 65 93 104 36 97 68 37 78 75 81 53 7 106 87 37 93 88 29 21 68 84 39 74 60 13 70 59 65 83 24 30 63 70 74 63 47 34 74 64 54 79 58 49 57 42 39 87 24 17 78 45 83 52 23 33 12 83 45 
82 0 85 58 58 72 124 73 35 68 63 41 42 107 43 54 83 39 62 87 90 68 30 58 69 74 63 38 100 47 110 31 72 89 85 84 66 62 51 84 67 106 45 71 120 91 70 57 111 24 30 79 95 20 50 15 108 78 48 82 51 90 49 60 84 110 41 102 38 62 73 19 37 95 30 65 79 74 15 39 
101 85 0 28 67 79 79 72 52 19 37 55 87 87 43 32 54 48 82 28 34 23 61 29 23 65 25 50 83 39 57 55 48 102 7 16 64 24 35 76 81 59 40 62 72 52 98 35 76 68 55 78 86 77 39 72 67 56 87 30 43 56 37 44 57 76 86 84 48 81 84 66 81 30 80 79 70 89 70 75 
89 58 28 0 53 68 90 63 24 11 28 33 66 88 15 4 54 20 67 39 45 14 36 5 16 58 8 26 83 13 70 27 43 92 28 31 54 5 7 71 68 69 13 54 84 57 83 19 82 42 27 71 82 51 19 45 75 53 67 37 25 59 12 33 57 82 65 84 20 66 73 39 59 46 57 66 64 77 43 54 
36 58 67 53 0 17 68 15 53 62 30 24 27 49 50 50 31 54 15 50 49 67 33 57 68 16 61 33 42 42 60 47 24 40 72 56 9 58 52 26 15 54 48 14 66 40 31 35 54 36 50 22 38 38 35 46 53 24 24 44 29 36 43 23 30 54 28 44 53 14 20 48 26 56 31 13 21 24 53 21 
22 72 79 68 17 0 60 7 70 77 42 41 35 36 66 66 32 71 13 57 55 81 49 73 83 15 76 50 29 58 58 64 31 24 84 65 15 72 68 14 7 51 65 17 60 41 23 49 46 52 67 8 23 52 50 61 48 26 30 52 44 35 59 36 29 45 36 31 69 13 6 64 37 62 43 8 13 11 69 33 
72 124 79 90 68 60 0 56 106 91 66 83 94 30 97 90 41 104 73 53 47 97 95 94 97 52 94 89 35 88 23 103 52 68 86 64 59 91 95 47 68 21 95 54 7 34 81 75 14 100 105 53 42 105 80 110 16 46 89 54 77 34 88 65 39 15 95 33 103 73 64 109 94 50 99 68 49 68 115 88 
29 73 72 63 15 7 56 0 66 71 36 38 38 34 62 61 25 67 17 50 48 76 48 68 77 8 71 47 27 53 52 61 24 30 78 59 9 67 64 11 13 45 60 10 55 34 30 44 42 51 64 8 23 53 45 61 43 19 33 45 39 29 54 31 23 41 39 29 66 17 13 62 39 55 45 12 8 18 68 34 
87 35 52 24 53 70 106 66 0 34 40 29 55 97 10 21 66 5 64 60 65 34 23 24 35 64 29 20 91 18 88 7 54 92 51 54 58 28 17 76 67 86 13 60 101 72 78 31 96 26 5 74 89 34 26 24 90 63 58 56 30 72 19 41 69 95 54 92 4 63 73 17 48 67 43 65 70 76 19 44 
98 68 19 11 62 77 91 71 34 0 35 44 77 92 25 15 58 30 77 38 45 6 47 10 7 65 6 37 88 24 70 38 49 101 17 28 62 6 17 77 77 70 23 62 85 59 93 28 84 53 38 78 89 62 29 56 77 58 78 37 34 62 23 40 62 85 76 89 30 76 81 50 70 43 68 75 71 86 53 64 
64 63 37 28 30 42 66 36 40 35 0 23 51 60 32 27 26 39 44 25 27 40 34 33 41 30 35 25 55 22 48 38 15 67 42 27 28 31 31 43 44 46 30 27 61 32 61 9 56 40 40 44 54 48 15 48 50 25 50 19 12 32 23 7 30 56 51 56 38 44 48 46 46 33 48 42 36 53 51 40 
59 41 55 33 24 41 83 38 29 44 23 0 33 70 26 30 42 30 36 48 50 47 12 37 49 36 41 10 63 20 69 23 31 63 57 48 29 38 31 48 39 65 26 33 79 50 51 20 71 18 26 45 60 25 16 27 67 37 34 42 12 49 22 19 44 71 32 65 29 35 44 26 26 56 26 36 42 48 32 20 
40 42 87 66 27 35 94 38 55 77 51 33 0 71 56 62 58 58 23 75 75 80 32 69 81 43 74 40 64 53 87 48 51 47 90 78 36 71 62 49 28 81 56 42 93 68 28 52 80 29 50 43 58 24 49 36 80 51 6 69 44 64 54 45 58 79 1 66 56 23 34 42 7 82 13 27 46 34 45 12 
43 107 87 88 49 36 30 34 97 92 60 70 71 0 91 87 35 97 49 60 54 98 81 92 99 34 94 78 7 81 41 93 44 38 93 71 41 90 90 23 43 34 89 37 34 35 53 69 18 85 95 28 14 87 73 94 26 35 66 57 68 31 82 57 31 17 72 5 96 49 38 96 72 60 79 44 28 41 101 69 
85 43 43 15 50 66 97 62 10 25 32 26 56 91 0 11 58 7 62 50 55 26 24 15 27 58 20 17 85 10 79 12 47 89 42 44 53 19 8 71 65 77 3 55 92 63 77 23 88 29 13 70 83 38 18 31 82 56 59 46 23 64 9 34 61 88 55 86 6 61 70 24 49 57 46 62 64 74 28 45 
86 54 32 4 50 66 90 61 21 15 27 30 62 87 11 0 53 17 64 41 46 18 32 7 19 56 12 22 81 9 71 23 42 90 32 34 52 9 5 69 66 70 9 52 85 57 80 18 82 38 24 68 81 47 16 41 75 51 63 38 22 58 8 31 56 82 61 82 17 63 70 35 55 48 53 63 62 75 39 50 
52 83 54 54 31 32 41 25 66 58 26 42 58 35 58 53 0 65 41 28 24 63 54 58 65 17 59 48 30 49 29 62 12 52 60 38 22 56 57 24 37 24 56 17 37 10 54 36 30 59 65 28 32 65 41 69 25 7 54 24 36 7 49 25 4 29 58 31 64 40 37 68 56 31 60 36 19 42 74 50 
89 39 48 20 54 71 104 67 5 30 39 30 58 97 7 17 65 0 66 57 62 29 26 19 30 64 24 21 91 16 86 10 53 93 47 51 58 24 13 77 69 84 10 60 99 70 80 30 94 29 9 75 89 38 24 28 89 62 61 53 29 71 16 40 68 94 57 92 2 65 74 21 51 64 46 66 70 78 24 47 
23 62 82 67 15 13 73 17 64 77 44 36 23 49 62 64 41 66 0 64 62 81 42 71 82 24 75 45 42 55 69 58 37 28 86 70 20 72 66 26 6 62 61 24 72 50 16 49 59 43 61 20 35 42 49 52 60 34 17 58 43 45 57 38 39 58 24 44 64 1 12 56 25 70 32 5 25 13 61 23 
79 87 28 39 50 57 53 50 60 38 25 48 75 60 50 41 28 57 64 0 6 44 58 43 45 43 42 49 57 42 31 59 27 79 34 12 44 39 45 52 62 32 48 41 46 24 79 30 48 65 61 55 60 73 37 72 40 32 73 6 37 29 41 30 32 48 75 57 56 63 63 69 71 8 72 60 46 68 74 64 
76 90 34 45 49 55 47 48 65 45 27 50 75 54 55 46 24 62 62 6 0 50 61 49 51 40 48 52 52 46 25 64 25 76 40 18 43 45 51 48 60 26 53 38 40 19 77 34 42 68 66 52 55 75 41 76 33 29 73 9 40 24 46 31 27 42 75 52 61 62 60 73 71 8 74 58 43 66 78 65 
102 68 23 14 67 81 97 76 34 6 40 47 80 98 26 18 63 29 81 44 50 0 49 11 1 70 6 40 93 27 75 38 54 106 19 33 67 9 19 83 82 76 25 67 90 65 97 32 90 55 38 83 94 64 32 57 82 64 81 43 38 68 26 45 67 90 79 94 30 80 86 50 73 49 71 80 76 91 53 68 
65 30 61 36 33 49 95 48 23 47 34 12 32 81 24 32 54 26 42 58 61 49 0 38 51 47 43 11 74 23 81 16 43 70 63 57 40 41 31 58 46 77 25 44 91 62 56 29 83 7 19 55 71 16 23 15 79 49 35 53 21 61 24 31 56 82 31 76 24 42 52 15 25 66 21 44 52 55 21 21 
93 58 29 5 57 73 94 68 24 10 33 37 69 92 15 7 58 19 71 43 49 11 38 0 13 63 5 29 87 16 74 27 48 97 28 34 58 5 7 75 73 74 14 59 88 61 87 24 86 44 28 75 87 53 23 46 79 57 71 41 29 63 15 37 62 86 68 88 20 71 77 39 62 49 59 70 68 82 43 57 
104 69 23 16 68 83 97 77 35 7 41 49 81 99 27 19 65 30 82 45 51 1 51 13 0 71 8 41 95 29 76 39 56 107 19 34 68 11 20 84 83 77 26 68 91 66 99 34 91 56 39 85 95 65 34 58 83 65 83 44 40 69 27 46 68 91 81 95 31 82 88 51 75 49 72 81 77 92 54 69 
36 74 65 58 16 15 52 8 64 65 30 36 43 34 58 56 17 64 24 43 40 70 47 63 71 0 65 44 27 49 45 59 17 37 71 51 7 61 59 13 20 39 56 4 50 27 37 38 38 51 62 13 25 54 41 61 37 11 38 37 35 22 50 25 16 37 43 29 62 23 20 62 42 48 47 19 6 26 67 37 
97 63 25 8 61 76 94 71 29 6 35 41 74 94 20 12 59 24 75 42 48 6 43 5 8 65 0 34 89 21 73 33 50 100 23 32 61 4 13 78 76 73 19 62 88 62 91 27 87 49 33 78 89 58 27 51 80 59 75 40 33 64 19 40 63 87 73 90 25 74 81 44 67 48 64 74 71 85 48 61 
68 38 50 26 33 50 89 47 20 37 25 10 40 78 17 22 48 21 45 49 52 40 11 29 41 44 34 0 72 13 73 15 37 73 52 47 38 31 22 57 48 70 17 41 84 55 60 19 78 17 17 55 69 26 12 24 73 44 42 43 13 55 14 24 51 77 39 73 19 45 54 21 33 56 31 46 50 57 27 28 
37 100 83 83 42 29 35 27 91 88 55 63 64 7 85 81 30 91 42 57 52 93 74 87 95 27 89 72 0 76 41 86 39 34 90 68 34 85 85 16 36 34 83 31 37 33 47 64 22 78 89 21 7 80 67 88 28 30 59 54 62 28 76 51 26 20 65 2 89 42 31 89 65 58 72 37 22 34 95 62 
78 47 39 13 42 58 88 53 18 24 22 20 53 81 10 9 49 16 55 42 46 27 23 16 29 49 21 13 76 0 70 18 37 81 40 37 44 19 11 62 57 68 7 46 83 54 71 13 78 29 19 61 74 38 8 34 72 46 54 37 14 55 2 25 52 78 52 77 15 55 62 28 46 49 44 55 55 66 33 40 
75 110 57 70 60 58 23 52 88 70 48 69 87 41 79 71 29 86 69 31 25 75 81 74 76 45 73 73 41 70 0 86 38 73 64 42 51 70 75 46 64 7 76 46 15 19 81 57 23 87 88 52 48 93 63 96 14 36 83 33 61 23 70 50 30 24 87 41 85 68 63 94 85 27 89 64 45 68 100 79 
81 31 55 27 47 64 103 61 7 38 38 23 48 93 12 23 62 10 58 59 64 38 16 27 39 59 33 15 86 18 86 0 51 86 55 55 52 32 20 71 61 83 14 55 98 69 72 30 92 19 3 69 84 27 23 18 87 59 51 55 26 69 19 38 65 92 47 88 9 57 67 12 41 67 36 59 65 70 16 37 
53 72 48 43 24 31 52 24 54 49 15 31 51 44 47 42 12 53 37 27 25 54 43 48 56 17 50 37 39 37 38 51 0 54 54 34 18 46 46 29 35 34 45 14 48 19 53 25 41 48 53 30 39 54 29 58 37 9 48 21 25 18 38 13 14 41 51 40 52 37 37 57 47 32 51 33 22 42 63 41 
7 89 102 92 40 24 68 30 92 101 67 63 47 38 89 90 52 93 28 79 76 106 70 97 107 37 100 73 34 81 73 86 54 0 108 89 39 97 92 28 25 66 88 40 71 59 20 73 55 71 88 24 26 69 74 80 60 47 41 75 68 53 83 61 49 54 48 35 92 29 19 84 51 84 58 27 33 16 89 51 
106 85 7 28 72 84 86 78 51 17 42 57 90 93 42 32 60 47 86 34 40 19 63 28 19 71 23 52 90 40 64 55 54 108 0 22 69 23 34 82 86 66 40 68 79 58 103 38 82 69 55 84 92 78 42 72 74 62 90 36 46 63 38 48 64 83 89 90 47 86 89 66 84 36 83 84 76 94 70 78 
87 84 16 31 56 65 64 59 54 28 27 48 78 71 44 34 38 51 70 12 18 33 57 34 34 51 32 47 68 37 42 55 34 89 22 0 51 30 38 61 69 44 42 49 58 36 86 28 60 64 56 64 71 72 34 70 51 41 77 14 36 41 36 33 42 60 78 68 50 69 71 65 73 16 74 67 55 76 70 67 
37 66 64 54 9 15 59 9 58 62 28 29 36 41 53 52 22 58 20 44 43 67 40 58 68 7 61 38 34 44 51 52 18 39 69 51 0 58 54 19 17 45 51 5 57 32 35 35 46 43 55 17 31 47 36 53 44 15 32 39 30 28 45 22 21 45 37 36 57 19 20 55 35 50 40 16 13 25 60 29 
93 62 24 5 58 72 91 67 28 6 31 38 71 90 19 9 56 24 72 39 45 9 41 5 11 61 4 31 85 19 70 32 46 97 23 30 58 0 12 74 73 70 17 58 85 58 88 23 83 47 32 74 86 56 23 50 76 55 72 37 29 61 17 36 59 83 70 86 24 71 77 44 64 45 62 70 67 82 47 59 
88 51 35 7 52 68 95 64 17 17 31 31 62 90 8 5 57 13 66 45 51 19 31 7 20 59 13 22 85 11 75 20 46 92 34 38 54 12 0 72 68 74 6 56 89 61 81 21 86 37 20 71 84 45 18 38 79 55 64 42 24 63 9 34 60 86 61 86 13 65 73 32 55 52 52 65 65 77 36 50 
29 84 76 71 26 14 47 11 76 77 43 48 49 23 71 69 24 77 26 52 48 83 58 75 84 13 78 57 16 62 46 71 29 28 82 61 19 74 72 0 21 39 69 17 47 31 35 51 33 62 74 6 12 64 54 72 35 20 43 47 48 25 63 38 20 32 49 18 75 26 17 73 49 55 56 21 7 22 79 45 
21 67 81 68 15 7 68 13 67 77 44 39 28 43 65 66 37 69 6 62 60 82 46 73 83 20 76 48 36 57 64 61 35 25 86 69 17 73 68 21 0 58 64 21 67 47 18 50 54 47 64 15 30 47 50 57 55 31 23 56 44 41 58 38 35 53 29 38 67 6 6 60 31 67 37 3 20 9 65 28 
68 106 59 69 54 51 21 45 86 70 46 65 81 34 77 70 24 84 62 32 26 76 77 74 77 39 73 70 34 68 7 83 34 66 66 44 45 70 74 39 58 0 75 40 15 15 74 55 17 83 86 45 40 88 61 92 8 30 77 33 58 18 68 47 24 18 82 33 83 62 56 90 80 30 84 57 38 61 96 74 
84 45 40 13 48 65 95 60 13 23 30 26 56 89 3 9 56 10 61 48 53 25 25 14 26 56 19 17 83 7 76 14 45 88 40 42 51 17 6 69 64 75 0 53 90 61 77 21 85 30 15 68 82 39 16 32 80 54 58 44 21 62 7 32 59 85 55 84 9 61 69 26 50 55 46 61 63 73 30 45 
39 71 62 54 14 17 54 10 60 62 27 33 42 37 55 52 17 60 24 41 38 67 44 59 68 4 62 41 31 46 46 55 14 40 68 49 5 58 56 17 21 40 53 0 51 27 39 35 41 48 58 17 29 51 37 58 39 10 38 35 32 22 47 22 16 40 42 32 59 24 22 58 40 46 45 20 10 28 64 35 
74 120 72 84 66 60 7 55 101 85 61 79 93 34 92 85 37 99 72 46 40 90 91 88 91 50 88 84 37 83 15 98 48 71 79 58 57 85 89 47 67 15 90 51 0 29 82 69 15 97 101 53 44 102 75 106 12 43 88 47 72 31 83 61 36 17 93 36 98 72 64 105 92 43 97 67 47 68 111 86 
60 91 52 57 40 41 34 34 72 59 32 50 68 35 63 57 10 70 50 24 19 65 62 61 66 27 62 55 33 54 19 69 19 59 58 36 32 58 61 31 47 15 61 27 29 0 64 41 25 68 71 36 37 74 46 77 18 17 64 22 43 6 54 32 11 25 68 33 69 50 46 76 66 25 70 46 28 51 82 60 
13 70 98 83 31 23 81 30 78 93 61 51 28 53 77 80 54 80 16 79 77 97 56 87 99 37 91 60 47 71 81 72 53 20 103 86 35 88 81 35 18 74 77 39 82 64 0 65 67 55 74 29 39 52 65 63 70 48 22 73 59 58 72 54 52 66 29 49 79 17 18 68 33 85 41 19 36 13 72 35 
70 57 35 19 35 49 75 44 31 28 9 20 52 69 23 18 36 30 49 30 34 32 29 24 34 38 27 19 64 13 57 30 25 73 38 28 35 23 21 51 50 55 21 35 69 41 65 0 65 36 32 51 63 44 7 42 59 34 52 25 8 42 13 13 39 65 52 65 29 48 54 39 46 38 46 47 44 59 44 40 
59 111 76 82 54 46 14 42 96 84 56 71 80 18 88 82 30 94 59 48 42 90 83 86 91 38 87 78 22 78 23 92 41 55 82 60 46 83 86 33 54 17 85 41 15 25 67 65 0 88 95 39 29 92 70 97 9 34 75 47 66 23 78 54 27 1 81 20 93 59 50 97 80 47 86 54 35 54 103 75 
65 24 68 42 36 52 100 51 26 53 40 18 29 85 29 38 59 29 43 65 68 55 7 44 56 51 49 17 78 29 87 19 48 71 69 64 43 47 37 62 47 83 30 48 97 68 55 36 88 0 21 58 74 9 30 10 85 54 33 59 28 66 31 37 61 87 28 79 28 42 54 13 22 73 17 45 56 56 18 20 
83 30 55 27 50 67 105 64 5 38 40 26 50 95 13 24 65 9 61 61 66 38 19 28 39 62 33 17 89 19 88 3 53 88 55 56 55 32 20 74 64 86 15 58 101 71 74 32 95 21 0 72 87 29 25 19 90 61 54 57 29 71 20 40 68 94 49 90 8 60 70 12 43 69 38 61 68 73 15 40 
24 79 78 71 22 8 53 8 74 78 44 45 43 28 70 68 28 75 20 55 52 83 55 75 85 13 78 55 21 61 52 69 30 24 84 64 17 74 71 6 15 45 68 17 53 36 29 51 39 58 72 0 16 59 53 68 41 23 37 50 47 30 62 38 25 38 44 23 73 20 11 70 44 59 51 16 9 16 75 41 
30 95 86 82 38 23 42 23 89 89 54 60 58 14 83 81 32 89 35 60 55 94 71 87 95 25 89 69 7 74 48 84 39 26 92 71 31 86 84 12 30 40 82 29 44 37 39 63 29 74 87 16 0 75 66 84 34 30 53 56 61 31 75 50 28 28 59 9 88 36 24 85 60 62 67 31 19 27 91 57 
63 20 77 51 38 52 105 53 34 62 48 25 24 87 38 47 65 38 42 73 75 64 16 53 65 54 58 26 80 38 93 27 54 69 78 72 47 56 45 64 47 88 39 51 102 74 52 44 92 9 29 59 75 0 38 12 90 59 29 67 36 71 40 44 66 91 23 82 36 42 54 18 18 80 11 45 59 55 21 19 
70 50 39 19 35 50 80 45 26 29 15 16 49 73 18 16 41 24 49 37 41 32 23 23 34 41 27 12 67 8 63 23 29 74 42 34 36 23 18 54 50 61 16 37 75 46 65 7 70 30 25 53 66 38 0 36 65 38 49 32 6 47 9 16 44 70 48 68 23 48 55 32 42 44 41 47 47 59 38 36 
74 15 72 45 46 61 110 61 24 56 48 27 36 94 31 41 69 28 52 72 76 57 15 46 58 61 51 24 88 34 96 18 58 80 72 70 53 50 38 72 57 92 32 58 106 77 63 42 97 10 19 68 84 12 36 0 94 64 41 67 36 75 35 46 71 97 35 89 27 52 63 7 30 80 23 55 66 65 9 29 
63 108 67 75 53 48 16 43 90 77 50 67 80 26 82 75 25 89 60 40 33 82 79 79 83 37 80 73 28 72 14 87 37 60 74 51 44 76 79 35 55 8 80 39 12 18 70 59 9 85 90 41 34 90 65 94 0 31 76 39 61 19 72 50 24 10 81 27 88 60 52 93 79 38 84 55 35 57 99 74 
47 78 56 53 24 26 46 19 63 58 25 37 51 35 56 51 7 62 34 32 29 64 49 57 65 11 59 44 30 46 36 59 9 47 62 41 15 55 55 20 31 30 54 10 43 17 48 34 34 54 61 23 30 59 38 64 31 0 48 27 33 13 47 22 7 33 52 31 61 34 31 63 49 37 54 30 14 37 69 43 
34 48 87 67 24 30 89 33 58 78 50 34 6 66 59 63 54 61 17 73 73 81 35 71 83 38 75 42 59 54 83 51 48 41 90 77 32 72 64 43 23 77 58 38 88 64 22 52 75 33 54 37 53 29 49 41 76 48 0 67 44 60 56 44 54 74 7 61 59 17 28 46 11 80 18 22 41 27 50 14 
74 82 30 37 44 52 54 45 56 37 19 42 69 57 46 38 24 53 58 6 9 43 53 41 44 37 40 43 54 37 33 55 21 75 36 14 39 37 42 47 56 33 44 35 47 22 73 25 47 59 57 50 56 67 32 67 39 27 67 0 31 26 37 24 28 48 69 54 53 57 58 64 65 13 67 54 41 63 69 58 
64 51 43 25 29 44 77 39 30 34 12 12 44 68 23 22 36 29 43 37 40 38 21 29 40 35 33 13 62 14 61 26 25 68 46 36 30 29 24 48 44 58 21 32 72 43 59 8 66 28 29 47 61 36 6 36 61 33 44 31 0 43 15 12 39 66 43 63 28 42 49 33 38 44 38 41 41 53 39 32 
54 90 56 59 36 35 34 29 72 62 32 49 64 31 64 58 7 71 45 29 24 68 61 63 69 22 64 55 28 55 23 69 18 53 63 41 28 61 63 25 41 18 62 22 31 6 58 42 23 66 71 30 31 71 47 75 19 13 60 26 43 0 55 31 6 23 64 28 70 45 40 75 62 31 66 41 22 45 81 56 
79 49 37 12 43 59 88 54 19 23 23 22 54 82 9 8 49 16 57 41 46 26 24 15 27 50 19 14 76 2 70 19 38 83 38 36 45 17 9 63 58 68 7 47 83 54 72 13 78 31 20 62 75 40 9 35 72 47 56 37 15 55 0 25 52 78 53 77 15 56 63 30 47 49 45 56 56 68 34 42 
58 60 44 33 23 36 65 31 41 40 7 19 45 57 34 31 25 40 38 30 31 45 31 37 46 25 40 24 51 25 50 38 13 61 48 33 22 36 34 38 38 47 32 22 61 32 54 13 54 37 40 38 50 44 16 46 50 22 44 24 12 31 25 0 27 54 45 52 39 37 41 44 41 37 43 36 31 46 50 34 
49 84 57 57 30 29 39 23 69 62 30 44 58 31 61 56 4 68 39 32 27 67 56 62 68 16 63 51 26 52 30 65 14 49 64 42 21 59 60 20 35 24 59 16 36 11 52 39 27 61 68 25 28 66 44 71 24 7 54 28 39 6 52 27 0 27 58 27 67 39 35 70 56 35 61 34 16 40 76 50 
57 110 76 82 54 45 15 41 95 85 56 71 79 17 88 82 29 94 58 48 42 90 82 86 91 37 87 77 20 78 24 92 41 54 83 60 45 83 86 32 53 18 85 40 17 25 66 65 1 87 94 38 28 91 70 97 10 33 74 48 66 23 78 54 27 0 80 19 93 58 49 97 79 47 85 53 34 53 103 74 
42 41 86 65 28 36 95 39 54 76 51 32 1 72 55 61 58 57 24 75 75 79 31 68 81 43 73 39 65 52 87 47 51 48 89 78 37 70 61 49 29 82 55 42 93 68 29 52 81 28 49 44 59 23 48 35 81 52 7 69 43 64 53 45 58 80 0 67 55 24 35 40 6 82 12 28 46 35 44 12 
39 102 84 84 44 31 33 29 92 89 56 65 66 5 86 82 31 92 44 57 52 94 76 88 95 29 90 73 2 77 41 88 40 35 90 68 36 86 86 18 38 33 84 32 36 33 49 65 20 79 90 23 9 82 68 89 27 31 61 54 63 28 77 52 27 19 67 0 91 44 33 91 67 58 74 39 23 36 96 63 
87 38 48 20 53 69 103 66 4 30 38 29 56 96 6 17 64 2 64 56 61 30 24 20 31 62 25 19 89 15 85 9 52 92 47 50 57 24 13 75 67 83 9 59 98 69 79 29 93 28 8 73 88 36 23 27 88 61 59 53 28 70 15 39 67 93 55 91 0 64 73 20 49 64 45 65 69 76 23 45 
24 62 81 66 14 13 73 17 63 76 44 35 23 49 61 63 40 65 1 63 62 80 42 71 82 23 74 45 42 55 68 57 37 29 86 69 19 71 65 26 6 62 61 24 72 50 17 48 59 42 60 20 36 42 48 52 60 34 17 57 42 45 56 37 39 58 24 44 64 0 12 55 25 69 32 5 24 13 60 23 
17 73 84 73 20 6 64 13 73 81 48 44 34 38 70 70 37 74 12 63 60 86 52 77 88 20 81 54 31 62 63 67 37 19 89 71 20 77 73 17 6 56 69 22 64 46 18 54 50 54 70 11 24 54 55 63 52 31 28 58 49 40 63 41 35 49 35 33 73 12 0 66 37 68 44 9 18 6 71 34 
78 19 66 39 48 64 109 62 17 50 46 26 42 96 24 35 68 21 56 69 73 50 15 39 51 62 44 21 89 28 94 12 57 84 66 65 55 44 32 73 60 90 26 58 105 76 68 39 97 13 12 70 85 18 32 7 93 63 46 64 33 75 30 44 70 97 40 91 20 55 66 0 35 76 29 58 67 68 6 33 
45 37 81 59 26 37 94 39 48 70 46 26 7 72 49 55 56 51 25 71 71 73 25 62 75 42 67 33 65 46 85 41 47 51 84 73 35 64 55 49 31 80 50 40 92 66 33 46 80 22 43 44 60 18 42 30 79 49 11 65 38 62 47 41 56 79 6 67 49 25 37 35 0 78 7 29 46 37 39 7 
83 95 30 46 56 62 50 55 67 43 33 56 82 60 57 48 31 64 70 8 8 49 66 49 49 48 48 56 58 49 27 67 32 84 36 16 50 45 52 55 67 30 55 46 43 25 85 38 47 73 69 59 62 80 44 80 38 37 80 13 44 31 49 37 35 47 82 58 64 69 68 76 78 0 80 65 50 73 82 71 
52 30 80 57 31 43 99 45 43 68 48 26 13 79 46 53 60 46 32 72 74 71 21 59 72 47 64 31 72 44 89 36 51 58 83 74 40 62 52 56 37 84 46 45 97 70 41 46 86 17 38 51 67 11 41 23 84 54 18 67 38 66 45 43 61 85 12 74 45 32 44 29 7 80 0 36 51 44 32 11 
23 65 79 66 13 8 68 12 65 75 42 36 27 44 62 63 36 66 5 60 58 80 44 70 81 19 74 46 37 55 64 59 33 27 84 67 16 70 65 21 3 57 61 20 67 46 19 47 54 45 61 16 31 45 47 55 55 30 22 54 41 41 56 36 34 53 28 39 65 5 9 58 29 65 36 0 20 12 63 26 
33 79 70 64 21 13 49 8 70 71 36 42 46 28 64 62 19 70 25 46 43 76 52 68 77 6 71 50 22 55 45 65 22 33 76 55 13 67 65 7 20 38 63 10 47 28 36 44 35 56 68 9 19 59 47 66 35 14 41 41 41 22 56 31 16 34 46 23 69 24 18 67 46 50 51 20 0 24 73 41 
12 74 89 77 24 11 68 18 76 86 53 48 34 41 74 75 42 78 13 68 66 91 55 82 92 26 85 57 34 66 68 70 42 16 94 76 25 82 77 22 9 61 73 28 68 51 13 59 54 56 73 16 27 55 59 65 57 37 27 63 53 45 68 46 40 53 35 36 76 13 6 68 37 73 44 12 24 0 73 36 
83 15 70 43 53 69 115 68 19 53 51 32 45 101 28 39 74 24 61 74 78 53 21 43 54 67 48 27 95 33 100 16 63 89 70 70 60 47 36 79 65 96 30 64 111 82 72 44 103 18 15 75 91 21 38 9 99 69 50 69 39 81 34 50 76 103 44 96 23 60 71 6 39 82 32 63 73 73 0 38 
45 39 75 54 21 33 88 34 44 64 40 20 12 69 45 50 50 47 23 64 65 68 21 57 69 37 61 28 62 40 79 37 41 51 78 67 29 59 50 45 28 74 45 35 86 60 35 40 75 20 40 41 57 19 36 29 74 43 14 58 32 56 42 34 50 74 12 63 45 23 34 33 7 71 11 26 41 36 38 0 
0 967 302 217 174 799 2877 775 72 1812 624 608 237 236 190 134 12 128 21 500 556 273 9 17 401 184 1470 72 1354 2795 19 92 136 94 65 11 289 647 110 89 188 1325 473 38 132 434 97 25 344 771 460 363 57 95 211 17 281 3000 9 121 104 14 114 229 97 740 1257 86 143 83 137 437 11 42 293 280 1520 220 0 154 
967 0 279 318 20 11 184 130 166 41 107 44 132 8 91 157 121 0 54 0 335 0 47 52 0 16 37 511 30 17 97 0 83 225 1730 8 11 92 214 0 254 192 18 117 1118 354 8 1145 16 50 349 247 26 225 440 203 0 12 235 141 170 0 53 0 40 28 34 3000 1144 55 812 57 430 1715 36 222 0 2321 1023 275 
302 279 0 0 115 47 461 161 0 0 0 0 31 913 58 1935 0 1100 343 8 838 139 556 8 52 780 22 12 259 3000 209 75 0 51 1604 12 3000 19 21 938 1976 0 81 18 30 25 36 0 0 511 0 393 14 755 451 0 28 982 79 1892 1379 535 0 37 23 0 0 0 17 404 96 61 16 0 333 0 19 1085 0 400 
217 318 0 0 214 0 58 0 0 14 0 63 10 0 0 0 0 146 0 0 513 334 311 2184 0 0 0 0 0 0 0 2574 1241 228 42 924 0 116 165 1264 73 0 2614 2711 22 11 13 0 39 621 110 8 0 30 122 9 258 449 305 0 832 68 177 0 52 0 74 122 0 0 118 366 28 485 0 328 0 0 507 134 
174 20 115 214 0 422 111 90 12 278 646 194 322 174 262 104 1172 46 96 0 136 863 148 11 0 848 0 46 1038 141 11 0 54 1379 15 187 80 52 2095 100 18 24 1886 529 3000 200 3000 164 1741 59 126 18 495 15 150 756 11 42 44 146 61 237 1534 0 1301 182 78 105 285 1570 14 1578 21 28 0 34 0 0 96 7 
799 11 47 0 422 0 635 903 115 638 415 0 1485 242 92 10 85 501 428 272 30 666 18 2927 652 9 492 1878 90 34 9 0 0 39 236 2822 2765 145 2897 511 208 97 296 211 947 121 18 50 38 393 154 432 356 10 3000 0 0 45 508 3000 193 0 484 3000 36 21 568 292 1619 35 161 23 61 0 48 0 1789 35 0 1415 
2877 184 461 58 111 635 0 304 0 0 0 127 11 0 27 2876 0 152 0 57 102 93 15 40 0 1742 0 411 3000 152 48 51 425 26 58 28 81 339 17 15 93 0 29 115 489 129 1618 0 402 27 143 739 0 18 94 22 1176 1612 246 45 380 225 750 2008 97 0 22 1888 43 181 154 2853 3000 34 0 20 137 0 140 49 
775 130 161 0 90 903 304 0 13 138 224 506 107 3000 88 38 254 0 17 0 15 0 597 88 53 31 457 27 85 380 9 0 880 1573 18 535 43 10 50 0 160 250 1458 17 113 50 307 3000 1003 26 15 30 135 66 23 0 0 87 141 1315 243 0 8 20 789 146 225 7 222 911 8 941 10 0 251 0 431 649 0 402 
72 166 0 0 12 115 0 13 0 16 18 102 1080 14 486 183 124 0 50 0 70 0 28 57 0 76 110 604 8 69 256 0 323 556 36 0 3000 42 10 0 0 187 118 2602 187 973 0 186 33 90 1066 694 10 0 49 0 0 43 0 939 51 0 238 0 0 65 70 44 2578 755 0 0 15 0 16 0 0 53 0 124 
1812 41 0 14 278 638 0 138 16 0 541 1714 97 95 846 29 692 0 0 0 705 0 63 119 0 1518 0 82 0 0 70 0 58 134 64 0 1127 3000 8 0 0 73 3000 18 673 33 9 82 3000 3000 8 885 600 80 381 32 0 24 0 324 118 0 525 0 0 469 1896 999 304 0 0 0 14 68 0 3000 0 0 8 61 
624 107 0 0 646 415 0 224 18 541 0 0 493 60 10 31 41 0 82 0 137 0 358 114 0 24 13 30 230 0 16 0 0 373 0 0 7 28 22 0 0 140 22 86 10 3000 0 639 20 346 55 0 1459 0 0 0 0 0 0 34 236 0 87 0 0 652 1386 143 36 0 0 0 0 0 3000 0 0 0 0 0 
608 44 0 63 194 0 127 506 102 1714 0 0 71 0 0 0 0 42 0 0 37 0 14 142 0 341 0 0 0 0 0 0 3000 19 14 0 0 21 261 3000 3000 52 21 0 24 192 15 0 147 11 72 91 43 291 12 9 66 9 1367 23 446 574 93 0 28 0 322 908 0 0 411 172 24 11 0 201 0 0 690 72 
237 132 31 10 322 1485 11 107 1080 97 493 71 0 33 1545 191 224 231 178 26 579 139 998 103 0 203 230 144 80 29 10 0 852 31 299 227 12 14 24 21 478 96 15 778 17 8 242 23 241 863 435 15 1754 10 114 2537 9 216 44 23 16 18 40 0 168 98 2475 46 84 14 39 147 29 41 0 2388 31 0 197 8 
236 8 913 0 174 242 0 3000 14 95 60 0 33 0 151 2313 183 0 725 137 776 0 13 2724 13 21 152 23 268 523 10 0 0 77 0 50 381 188 343 0 0 184 28 348 84 8 0 2821 0 150 3000 0 17 0 45 0 0 163 0 239 81 0 105 83 98 366 0 624 295 80 30 31 80 0 8 0 69 3000 0 444 
190 91 58 0 262 92 27 88 486 846 10 0 1545 151 0 135 55 237 58 48 37 1434 49 848 13 330 3000 1064 196 240 509 29 3000 135 84 1774 914 61 139 148 985 3000 40 283 34 182 52 410 280 793 10 1207 81 18 8 17 373 1481 44 11 109 236 956 206 61 30 73 233 123 1262 1372 3000 10 0 185 0 793 97 0 7 
134 157 1935 0 104 10 2876 38 183 29 31 0 191 2313 135 0 45 45 13 930 11 120 79 20 1009 1503 136 100 1652 16 175 3000 141 1984 605 300 41 11 418 170 16 149 161 73 3000 2596 91 9 989 3000 1039 43 115 1578 789 99 24 275 284 141 47 24 101 139 163 596 0 13 68 203 87 25 171 0 688 0 112 39 0 19 
12 121 0 0 1172 85 0 254 124 692 41 0 224 183 55 45 0 0 401 0 26 0 107 128 0 84 1032 37 212 152 36 0 0 12 0 0 915 24 324 0 0 56 1688 121 62 7 0 24 288 181 192 0 534 0 11 0 0 149 0 44 141 0 212 0 0 25 253 208 2557 82 0 0 65 0 721 0 0 96 0 34 
128 0 1100 146 46 501 152 0 0 0 0 42 231 0 237 45 0 0 0 8 12 886 52 382 0 0 0 8 500 398 301 16 838 0 12 517 0 45 1230 114 392 0 96 3000 205 23 40 0 32 231 0 14 0 144 38 182 14 15 165 0 99 557 0 15 52 0 0 0 63 964 2665 327 60 131 0 2971 329 0 264 601 
21 54 343 0 96 428 0 17 50 0 82 0 178 725 58 13 401 0 0 98 43 292 973 271 89 733 155 110 396 54 65 0 0 114 0 10 220 78 284 0 0 357 115 10 0 83 0 934 0 16 0 0 126 0 0 0 0 12 0 113 178 0 2068 32 33 42 0 0 3000 126 827 8 0 0 450 0 1341 1188 0 24 
500 0 8 0 0 272 57 0 0 0 0 0 26 137 48 930 0 8 98 0 0 848 74 90 46 0 112 9 91 899 17 75 0 0 27 128 171 41 983 791 344 0 0 47 0 102 66 0 0 294 0 799 0 202 28 0 23 397 14 0 126 61 0 1436 12 0 0 0 114 177 14 3000 53 0 163 0 16 2807 0 87 
556 335 838 513 136 30 102 15 70 705 137 37 579 776 37 11 26 12 43 0 0 1605 302 13 0 29 1782 52 10 43 97 0 104 1187 16 444 148 69 95 119 296 77 10 3000 143 66 28 364 29 1308 1119 18 39 19 62 1394 695 480 22 650 227 12 310 202 448 148 34 9 238 294 626 19 31 1135 9 370 279 503 22 57 
273 0 139 334 863 666 93 0 0 0 0 0 139 0 1434 120 0 886 292 848 1605 0 11 33 62 0 10 9 9 39 63 73 35 0 42 2605 45 229 177 155 2111 0 2018 14 16 825 76 0 0 921 0 426 0 253 3000 301 128 12 25 0 39 15 0 7 155 0 0 0 763 17 470 72 299 0 432 0 322 7 0 11 
9 47 556 311 148 18 15 597 28 63 358 14 998 13 49 79 107 52 973 74 302 11 0 104 590 22 171 68 257 41 8 9 17 63 976 3000 746 357 22 481 26 329 852 194 27 255 18 141 1223 42 968 184 37 20 1270 11 235 362 500 33 89 1400 184 56 1100 33 73 492 1927 609 8 2412 10 229 20 302 226 276 0 14 
17 52 8 2184 11 2927 40 88 57 119 114 142 103 2724 848 20 128 382 271 90 13 33 104 0 27 3000 29 39 8 3000 15 32 200 62 89 9 13 198 60 137 93 1459 337 13 111 37 14 2841 2327 19 67 22 248 621 69 29 431 18 17 2017 18 908 56 211 71 318 47 128 72 1342 336 841 1791 66 7 3000 703 7 139 13 
401 0 52 0 0 652 0 53 0 0 0 0 0 13 13 1009 0 0 89 46 0 62 590 27 0 0 31 1155 103 25 629 0 0 0 0 13 55 0 0 0 0 0 0 601 0 0 0 222 0 43 0 0 0 0 0 0 0 0 0 0 0 0 0 21 460 0 0 0 80 563 320 100 0 0 10 0 90 887 0 0 
184 16 780 0 848 9 1742 31 76 1518 24 341 203 21 330 1503 84 0 733 0 29 0 22 3000 0 0 2257 94 79 3000 112 0 1315 1076 90 600 1744 1879 65 0 303 303 94 91 166 72 194 72 112 271 153 3000 92 280 30 0 0 53 72 33 57 0 3000 1345 37 45 276 43 22 80 50 87 598 889 285 16 1964 137 0 2744 
1470 37 22 0 0 492 0 457 110 0 13 0 230 152 3000 136 1032 0 155 112 1782 10 171 29 31 2257 0 194 69 79 42 0 0 17 0 132 203 3000 29 0 0 61 331 11 0 550 0 216 0 21 0 0 29 0 0 0 0 104 0 48 185 0 38 95 882 777 0 0 17 206 67 26 0 0 398 0 64 8 0 583 
72 511 12 0 46 1878 411 27 604 82 30 0 144 23 1064 100 37 8 110 9 52 9 68 39 1155 94 194 0 407 197 16 0 0 24 28 82 125 202 3000 43 49 19 359 1325 163 69 10 270 24 231 8 57 228 84 20 0 0 134 607 83 828 0 39 13 90 484 0 1372 342 477 295 247 401 0 145 0 99 170 0 11 
1354 30 259 0 1038 90 3000 85 8 0 230 0 80 268 196 1652 212 500 396 91 10 9 257 8 103 79 69 407 0 43 81 286 3000 94 1781 31 320 57 36 8 2399 916 131 80 21 444 25 24 16 147 88 26 238 85 20 0 1445 58 33 16 178 793 8 1042 77 13 0 1474 40 26 11 8 429 0 15 0 737 177 0 1936 
2795 17 3000 0 141 34 152 380 69 0 0 0 29 523 240 16 152 398 54 899 43 39 41 3000 25 3000 79 197 43 0 142 16 8 127 3000 139 56 32 54 23 55 239 9 2623 208 207 565 488 140 1453 7 11 86 184 17 2312 109 2019 259 186 668 13 1291 60 38 651 0 0 180 146 345 68 127 0 3000 0 17 18 0 15 
19 97 209 0 11 9 48 9 256 70 16 0 10 10 509 175 36 301 65 17 97 63 8 15 629 112 42 16 81 142 0 15 86 1316 39 643 581 314 1620 39 228 82 51 9 38 36 1253 56 2708 9 13 36 1205 185 23 23 54 127 19 631 975 232 161 166 115 35 0 225 30 14 490 77 39 0 1163 0 75 30 0 13 
92 0 75 2574 0 0 51 0 0 0 0 0 0 0 29 3000 0 16 0 75 0 73 9 32 0 0 0 0 286 16 15 0 72 0 50 3000 0 129 0 285 22 0 0 179 0 12 15 0 0 0 0 250 0 17 2833 7 35 1203 11 0 0 20 0 27 31 0 0 0 0 17 34 24 98 0 0 0 432 0 0 437 
136 83 0 1241 54 0 425 880 323 58 0 3000 852 0 3000 141 0 838 0 0 104 35 17 200 0 1315 0 0 3000 8 86 72 0 15 2381 1316 0 279 183 501 18 232 86 8 476 2503 150 0 248 314 63 22 358 24 14 133 3000 14 128 153 289 187 158 0 22 0 372 186 158 0 230 354 20 172 0 228 0 0 132 709 
94 225 51 228 1379 39 26 1573 556 134 373 19 31 77 135 1984 12 0 114 0 1187 0 63 62 0 1076 17 24 94 127 1316 0 15 0 10 39 355 138 74 0 3000 25 990 229 161 1009 19 271 234 553 53 57 294 334 82 24 0 366 15 35 33 0 127 0 18 260 2089 84 598 28 8 27 38 162 271 12 8 1183 697 2042 
65 1730 1604 42 15 236 58 18 36 64 0 14 299 0 84 605 0 12 0 27 16 42 976 89 0 90 0 28 1781 3000 39 50 2381 10 0 313 12 108 13 26 15 0 372 713 80 10 1384 0 366 54 250 54 403 14 385 3000 1259 221 12 70 20 427 160 0 3000 0 394 183 13 16 20 23 335 37 0 9 1534 0 11 31 
11 8 12 924 187 2822 28 535 0 0 0 0 227 50 1774 300 0 517 10 128 444 2605 3000 9 13 600 132 82 31 139 643 3000 1316 39 313 0 143 58 1243 94 92 0 37 54 710 92 475 0 844 491 0 68 0 122 63 24 52 8 65 0 89 1786 0 159 144 0 0 0 781 39 414 14 645 0 731 0 108 81 0 72 
289 11 3000 0 80 2765 81 43 3000 1127 7 0 12 381 914 41 915 0 220 171 148 45 746 13 55 1744 203 125 320 56 581 0 0 355 12 143 0 31 117 21 51 17 56 88 109 18 0 10 329 188 8 50 3000 127 25 0 0 2167 79 32 115 0 320 29 99 76 0 80 27 150 279 3000 541 0 21 0 938 887 0 3000 
647 92 19 116 52 145 339 10 42 3000 28 21 14 188 61 11 24 45 78 41 69 229 357 198 0 1879 3000 202 57 32 314 129 279 138 108 58 31 0 114 20 13 1501 82 107 206 43 257 298 11 1648 144 154 217 145 125 125 47 422 2740 519 45 44 164 16 15 195 162 15 587 47 30 9 553 3000 681 20 10 1034 30 3000 
110 214 21 165 2095 2897 17 50 10 8 22 261 24 343 139 418 324 1230 284 983 95 177 22 60 0 65 29 3000 36 54 1620 0 183 74 13 1243 117 114 0 82 1572 453 147 67 167 307 127 181 3000 1925 222 208 47 23 36 22 65 39 431 174 104 210 92 251 9 8 45 24 73 36 730 110 1020 22 3000 71 14 78 43 14 
89 0 938 1264 100 511 15 0 0 0 0 3000 21 0 148 170 0 114 0 791 119 155 481 137 0 0 0 43 8 23 39 285 501 0 26 94 21 20 82 0 520 0 94 12 48 68 2302 0 97 48 154 39 0 40 13 11 327 33 895 0 917 146 0 21 3000 0 0 0 97 1822 42 21 138 49 0 73 20 0 1452 556 
188 254 1976 73 18 208 93 160 0 0 0 3000 478 0 985 16 0 392 0 344 296 2111 26 93 0 303 0 49 2399 55 228 22 18 3000 15 92 51 13 1572 520 0 0 23 126 3000 622 692 0 392 12 597 176 0 826 112 39 284 1049 58 0 430 922 33 1733 343 0 388 0 266 968 158 25 100 1919 0 681 26 0 56 56 
1325 192 0 0 24 97 0 250 187 73 140 52 96 184 3000 149 56 0 357 0 77 0 329 1459 0 303 61 19 916 239 82 0 232 25 0 0 17 1501 453 0 0 0 3000 344 110 56 0 72 27 63 143 214 280 0 2312 0 0 675 0 7 69 0 199 0 0 549 959 105 293 98 0 0 482 0 192 0 0 71 0 43 
473 18 81 2614 1886 296 29 1458 118 3000 22 21 15 28 40 161 1688 96 115 0 10 2018 852 337 0 94 331 359 131 9 51 0 86 990 372 37 56 82 147 94 23 3000 0 257 2088 1184 1132 112 189 15 28 420 503 2752 34 8 17 395 15 43 21 592 17 63 247 428 37 211 9 291 19 341 115 7 3000 8 3000 128 8 19 
38 117 18 2711 529 211 115 17 2602 18 86 0 778 348 283 73 121 3000 10 47 3000 14 194 13 601 91 11 1325 80 2623 9 179 8 229 713 54 88 107 67 12 126 344 257 0 19 10 68 3000 18 187 68 1217 26 81 15 24 125 15 110 24 2329 29 264 53 7 171 1012 106 172 223 711 10 65 0 66 0 803 422 0 338 
132 1118 30 22 3000 947 489 113 187 673 10 24 17 84 34 3000 62 205 0 0 143 16 27 111 0 166 0 163 21 208 38 0 476 161 80 710 109 206 167 48 3000 110 2088 19 0 9 27 60 8 94 1705 1342 347 46 1560 157 240 747 295 237 43 3000 20 0 23 2600 16 14 13 0 1292 1456 20 225 0 205 0 0 241 11 
434 354 25 11 200 121 129 50 973 33 3000 192 8 8 182 2596 7 23 83 102 66 825 255 37 0 72 550 69 444 207 36 12 2503 1009 10 92 18 43 307 68 622 56 1184 10 9 0 157 30 13 82 374 910 28 88 599 33 173 201 9 19 52 68 11 0 15 75 1408 2964 1301 8 16 56 10 61 0 407 8 0 3000 146 
97 8 36 13 3000 18 1618 307 0 9 0 15 242 0 52 91 0 40 0 66 28 76 18 14 0 194 0 10 25 565 1253 15 150 19 1384 475 0 257 127 2302 692 0 1132 68 27 157 0 0 63 220 68 1138 0 296 333 88 30 307 184 0 16 32 30 0 616 0 25 2425 78 0 567 8 30 14 0 216 0 0 10 11 
25 1145 0 0 164 50 0 3000 186 82 639 0 23 2821 410 9 24 0 934 0 364 0 141 2841 222 72 216 270 24 488 56 0 0 271 0 0 10 298 181 0 0 72 112 3000 60 30 0 0 88 30 114 0 42 0 0 0 0 84 0 40 932 0 140 0 0 132 365 648 31 654 0 0 0 0 16 0 0 11 0 0 
344 16 0 39 1741 38 402 1003 33 3000 20 147 241 0 280 989 288 32 0 0 29 0 1223 2327 0 112 0 24 16 140 2708 0 248 234 366 844 329 11 3000 97 392 27 189 18 8 13 63 88 0 165 1098 924 128 250 246 589 330 22 9 21 29 533 643 0 805 19 38 23 11 0 9 467 11 104 0 497 0 0 43 410 
771 50 511 621 59 393 27 26 90 3000 346 11 863 150 793 3000 181 231 16 294 1308 921 42 19 43 271 21 231 147 1453 9 0 314 553 54 491 188 1648 1925 48 12 63 15 187 94 82 220 30 165 0 51 50 14 46 12 163 142 65 14 13 110 41 452 16 70 84 50 12 79 720 255 48 2467 119 43 873 323 18 63 42 
460 349 0 110 126 154 143 15 1066 8 55 72 435 3000 10 1039 192 0 0 0 1119 0 968 67 0 153 0 8 88 7 13 0 63 53 250 0 8 144 222 154 597 143 28 68 1705 374 68 114 1098 51 0 759 23 1872 49 789 29 258 386 257 106 131 10 0 12 38 2890 8 95 0 826 1181 13 3000 0 20 0 0 21 62 
363 247 393 8 18 432 739 30 694 885 0 91 15 0 1207 43 0 14 0 799 18 426 184 22 0 3000 0 57 26 11 36 250 22 57 54 68 50 154 208 39 176 214 420 1217 1342 910 1138 0 924 50 759 0 125 42 8 453 1301 467 1688 1399 268 101 41 132 50 0 18 3000 305 15 132 75 44 3000 0 7 41 0 9 2628 
57 26 14 0 495 356 0 135 10 600 1459 43 1754 17 81 115 534 0 126 0 39 0 37 248 0 92 29 228 238 86 1205 0 358 294 403 0 3000 217 47 0 0 280 503 26 347 28 0 42 128 14 23 125 0 0 527 0 0 10 0 54 13 0 35 0 148 24 11 3000 302 205 131 0 127 0 156 0 0 1462 0 863 
95 225 755 30 15 10 18 66 0 80 0 291 10 0 18 1578 0 144 0 202 19 253 20 621 0 280 0 84 85 184 185 17 24 334 14 122 127 145 23 40 826 0 2752 81 46 88 296 0 250 46 1872 42 0 0 82 74 71 615 50 546 119 274 119 2568 9 0 8 23 15 69 53 184 50 65 0 33 1265 0 482 1795 
211 440 451 122 150 3000 94 23 49 381 0 12 114 45 8 789 11 38 0 28 62 3000 1270 69 0 30 0 20 20 17 23 2833 14 82 385 63 25 125 36 13 112 2312 34 15 1560 599 333 0 246 12 49 8 527 82 0 79 12 8 518 356 303 187 29 40 2931 0 397 105 18 351 7 19 295 53 0 85 384 0 3000 993 
17 203 0 9 756 0 22 0 0 32 0 9 2537 0 17 99 0 182 0 0 1394 301 11 29 0 0 0 0 0 2312 23 7 133 24 3000 24 0 125 22 11 39 0 8 24 157 33 88 0 589 163 789 453 0 74 79 0 467 495 73 0 314 357 37 0 46 0 1555 11 0 0 407 191 540 80 0 13 0 0 268 952 
281 0 28 258 11 0 1176 0 0 0 0 66 9 0 373 24 0 14 0 23 695 128 235 431 0 0 0 0 1445 109 54 35 3000 0 1259 52 0 47 65 327 284 0 17 125 240 173 30 0 330 142 29 1301 0 71 12 467 0 79 619 0 1090 153 25 0 27 0 308 39 0 0 8 35 1202 183 0 87 0 0 11 186 
3000 12 982 449 42 45 1612 87 43 24 0 9 216 163 1481 275 149 15 12 397 480 12 362 18 0 53 104 134 58 2019 127 1203 14 366 221 8 2167 422 39 33 1049 675 395 15 747 201 307 84 22 65 258 467 10 615 8 495 79 0 2314 278 19 17 1623 16 219 175 248 179 951 27 88 3000 123 426 33 702 125 18 891 2618 
9 235 79 305 44 508 246 141 0 0 0 1367 44 0 44 284 0 165 0 14 22 25 500 17 0 72 0 607 33 259 19 11 128 15 12 65 79 2740 431 895 58 0 15 110 295 9 184 0 9 14 386 1688 0 50 518 73 619 2314 0 8 45 73 244 13 16 0 15 30 26 195 25 16 27 1274 0 10 447 0 24 59 
121 141 1892 0 146 3000 45 1315 939 324 34 23 23 239 11 141 44 0 113 0 650 0 33 2017 0 33 48 83 16 186 631 0 153 35 70 0 32 519 174 0 0 7 43 24 237 19 0 40 21 13 257 1399 54 546 356 0 0 278 8 0 33 0 9 0 656 181 14 199 1245 39 3000 706 66 0 699 0 0 187 0 250 
104 170 1379 832 61 193 380 243 51 118 236 446 16 81 109 47 141 99 178 126 227 39 89 18 0 57 185 828 178 668 975 0 289 33 20 89 115 45 104 917 430 69 21 2329 43 52 16 932 29 110 106 268 13 119 303 314 1090 19 45 33 0 230 2112 627 9 549 72 198 1220 456 110 130 10 361 712 1258 222 122 90 15 
14 0 535 68 237 0 225 0 0 0 0 574 18 0 236 24 0 557 0 61 12 15 1400 908 0 0 0 0 793 13 232 20 187 0 427 1786 0 44 210 146 922 0 592 29 3000 68 32 0 533 41 131 101 0 274 187 357 153 17 73 0 230 0 0 0 61 0 330 0 0 137 3000 155 755 20 0 12 17 0 3000 9 
114 53 0 177 1534 484 750 8 238 525 87 93 40 105 956 101 212 0 2068 0 310 0 184 56 0 3000 38 39 8 1291 161 0 158 127 160 0 320 164 92 0 33 199 17 264 20 11 30 140 643 452 10 41 35 119 29 37 25 1623 244 9 2112 0 0 0 208 18 29 10 68 0 96 8 77 14 0 131 0 0 140 307 
229 0 37 0 0 3000 2008 20 0 0 0 0 0 83 206 139 0 15 32 1436 202 7 56 211 21 1345 95 13 1042 60 166 27 0 0 0 159 29 16 251 21 1733 0 63 53 0 0 0 0 0 16 0 132 0 2568 40 0 0 16 13 0 627 0 0 0 15 0 0 0 12 61 11 56 195 0 131 0 49 17 0 505 
97 40 23 52 1301 36 97 789 0 0 0 28 168 98 61 163 0 52 33 12 448 155 1100 71 460 37 882 90 77 38 115 31 22 18 3000 144 99 15 9 3000 343 0 247 7 23 15 616 0 805 70 12 50 148 9 2931 46 27 219 16 656 9 61 208 15 0 0 91 85 257 8 148 66 41 249 28 639 44 68 3000 88 
740 28 0 0 182 21 0 146 65 469 652 0 98 366 30 596 25 0 42 0 148 0 33 318 0 45 777 484 13 651 35 0 0 260 0 0 76 195 8 0 0 549 428 171 2600 75 0 132 19 84 38 0 24 0 0 0 0 175 0 181 549 0 18 0 0 0 93 113 8 77 0 0 0 0 153 0 0 112 0 0 
1257 34 0 74 78 568 22 225 70 1896 1386 322 2475 0 73 0 253 0 0 0 34 0 73 47 0 276 0 0 0 0 0 0 372 2089 394 0 0 162 45 0 388 959 37 1012 16 1408 25 365 38 50 2890 18 11 8 397 1555 308 248 15 14 72 330 29 0 91 93 0 11 127 0 2094 641 60 8 0 261 0 0 78 27 
86 3000 0 122 105 292 1888 7 44 999 143 908 46 624 233 13 208 0 0 0 9 0 492 128 0 43 0 1372 1474 0 225 0 186 84 183 0 80 15 24 0 0 105 211 106 14 2964 2425 648 23 12 8 3000 3000 23 105 11 39 179 30 199 198 0 10 0 85 113 11 0 1872 0 67 73 1442 24 0 25 0 0 75 193 
143 1144 17 0 285 1619 43 222 2578 304 36 0 84 295 123 68 2557 63 3000 114 238 763 1927 72 80 22 17 342 40 180 30 0 158 598 13 781 27 587 73 97 266 293 9 172 13 1301 78 31 11 79 95 305 302 15 18 0 0 951 26 1245 1220 0 68 12 257 8 127 1872 0 115 471 115 9 0 50 0 20 55 0 20 
83 55 404 0 1570 35 181 911 755 0 0 0 14 80 1262 203 82 964 126 177 294 17 609 1342 563 80 206 477 26 146 14 17 0 28 16 39 150 47 36 1822 968 98 291 223 0 8 0 654 0 720 0 15 205 69 351 0 0 27 195 39 456 137 0 61 8 77 0 0 115 0 38 1034 17 0 396 0 68 713 0 3000 
137 812 96 118 14 161 154 8 0 0 0 411 39 30 1372 87 0 2665 827 14 626 470 8 336 320 50 67 295 11 345 490 34 230 8 20 414 279 30 730 42 158 0 19 711 1292 16 567 0 9 255 826 132 131 53 7 407 8 88 25 3000 110 3000 96 11 148 0 2094 67 471 38 0 289 53 130 294 157 70 308 768 146 
437 57 61 366 1578 23 2853 941 0 0 0 172 147 31 3000 25 0 327 8 3000 19 72 2412 841 100 87 26 247 8 68 77 24 354 27 23 14 3000 9 110 21 25 0 341 10 1456 56 8 0 467 48 1181 75 0 184 19 191 35 3000 16 706 130 155 8 56 66 0 641 73 115 1034 289 0 1264 148 126 496 9 101 48 464 
11 430 16 28 21 61 3000 10 15 14 0 24 29 80 10 171 65 60 0 53 31 299 10 1791 0 598 0 401 429 127 39 98 20 38 335 645 541 553 1020 138 100 482 115 65 20 10 30 0 11 2467 13 44 127 50 295 540 1202 123 27 66 10 755 77 195 41 0 60 1442 9 17 53 1264 0 31 0 2324 94 0 97 19 
42 1715 0 485 28 0 34 0 0 68 0 11 41 0 0 0 0 131 0 0 1135 0 229 66 0 889 0 0 0 0 0 0 172 162 37 0 0 3000 22 49 1919 0 7 0 225 61 14 0 104 119 3000 3000 0 65 53 80 183 426 1274 0 361 20 14 0 249 0 8 24 0 0 130 148 31 0 0 10 0 0 32 1526 
293 36 333 0 0 48 0 251 16 0 3000 0 0 8 185 688 721 0 450 163 9 432 20 7 10 285 398 145 15 3000 1163 0 0 271 0 731 21 681 3000 0 0 192 3000 66 0 0 0 16 0 43 0 0 156 0 0 0 0 33 0 699 712 0 0 131 28 153 0 0 50 396 294 126 0 0 0 0 311 2486 0 913 
280 222 0 328 34 0 20 0 0 3000 0 201 2388 0 0 0 0 2971 0 0 370 0 302 3000 0 16 0 0 0 0 0 0 228 12 9 0 0 20 71 73 681 0 8 0 205 407 216 0 497 873 20 7 0 33 85 13 87 702 10 0 1258 12 131 0 639 0 261 25 0 0 157 496 2324 10 0 0 0 0 1237 1307 
1520 0 19 0 0 1789 137 431 0 0 0 0 31 69 793 112 0 329 1341 16 279 322 226 703 90 1964 64 99 737 17 75 432 0 8 1534 108 938 10 14 20 26 0 3000 803 0 8 0 0 0 323 0 41 0 1265 384 0 0 125 447 0 222 17 0 49 44 0 0 0 20 68 70 9 94 0 311 0 0 76 0 674 
220 2321 1085 0 0 35 0 649 53 0 0 0 0 3000 97 39 96 0 1188 2807 503 7 276 7 887 137 8 170 177 18 30 0 0 1183 0 81 887 1034 78 0 0 71 128 422 0 0 0 11 0 18 0 0 1462 0 0 0 0 18 0 187 122 0 0 17 68 112 0 0 55 713 308 101 0 0 2486 0 76 0 0 296 
0 1023 0 507 96 0 140 0 0 8 0 690 197 0 0 0 0 264 0 0 22 0 0 139 0 0 0 0 0 0 0 0 132 697 11 0 0 30 43 1452 56 0 8 0 241 3000 10 0 43 63 21 9 0 482 3000 268 11 891 24 0 90 3000 140 0 3000 0 78 75 0 0 768 48 97 32 0 1237 0 0 0 113 
