80
0 35 32 47 30 19 45 62 42 41 20 14 52 66 83 20 38 10 43 72 38 85 84 85 24 65 40 43 34 35 37 43 57 74 75 77 58 71 73 41 61 60 6 44 61 43 53 45 30 19 49 68 12 19 19 36 62 39 25 22 55 45 27 25 33 24 52 40 19 40 76 39 12 92 70 83 41 68 73 68 
35 0 57 54 9 41 46 41 72 67 44 25 57 67 61 48 65 45 75 89 54 93 78 86 35 86 33 13 56 69 8 9 40 84 61 52 62 66 80 26 49 77 35 64 80 32 24 54 66 16 70 40 46 54 23 21 42 26 51 34 71 15 15 11 42 59 23 65 49 72 74 42 45 100 51 66 13 40 49 78 
32 57 0 28 49 16 34 63 17 10 14 45 31 47 81 12 8 33 25 40 14 58 67 62 23 33 39 58 6 26 54 66 56 46 66 80 38 56 46 46 55 29 27 13 30 43 64 24 33 43 17 74 25 22 34 66 61 44 7 23 25 71 56 46 22 29 79 8 14 19 56 29 22 64 66 75 55 75 75 40 
47 54 28 0 45 29 10 41 43 33 30 55 5 20 56 34 33 53 52 37 14 40 39 38 24 37 22 48 22 54 47 63 33 31 39 57 11 28 27 31 29 26 41 21 31 26 49 5 60 46 26 54 46 47 35 70 38 30 30 26 20 69 60 45 14 55 77 30 37 46 29 11 43 47 41 48 46 55 52 25 
30 9 49 45 0 33 38 38 64 59 36 23 49 60 59 41 57 40 68 81 46 85 72 78 26 77 26 13 47 62 7 18 35 76 56 50 54 59 72 20 43 68 28 55 71 26 24 46 60 11 61 40 40 47 15 27 38 19 43 26 62 24 18 5 34 53 32 57 41 64 67 34 39 92 47 62 11 40 47 70 
19 41 16 29 33 0 29 53 31 26 3 31 33 49 74 9 23 24 36 53 19 66 68 67 11 47 29 43 16 32 39 51 47 55 62 70 40 55 54 34 49 41 14 25 43 33 51 26 35 27 31 63 18 21 18 50 52 32 10 10 36 55 40 31 16 29 63 24 11 31 58 23 14 73 59 70 41 64 65 49 
45 46 34 10 38 29 0 31 50 41 31 51 12 23 48 37 39 53 58 47 20 47 39 41 21 47 13 39 28 59 39 54 24 39 33 48 16 26 34 22 21 36 39 29 40 16 39 13 63 40 35 44 47 50 31 64 29 21 33 23 30 61 54 39 14 58 69 37 39 52 31 6 44 54 33 42 37 46 43 33 
62 41 63 41 38 53 31 0 80 71 56 60 41 41 22 62 70 72 87 76 51 68 43 55 43 77 25 28 58 86 33 45 7 64 22 17 41 33 58 21 15 66 58 61 71 20 20 45 88 47 66 14 69 74 43 62 3 22 61 44 61 52 55 42 41 81 58 68 64 81 43 34 66 74 10 25 28 16 12 60 
42 72 17 43 64 31 50 80 0 10 28 56 46 60 98 23 10 38 9 41 30 64 80 72 40 32 56 74 22 17 70 81 73 53 82 97 51 70 55 63 71 34 39 23 32 60 81 38 28 57 22 91 31 25 49 78 78 61 21 40 33 85 68 61 39 28 92 13 24 4 69 46 30 69 83 91 71 92 92 48 
41 67 10 33 59 26 41 71 10 0 23 54 36 50 89 21 2 40 19 35 20 56 70 63 33 26 47 67 13 25 64 76 64 44 72 88 41 60 46 55 62 26 36 13 24 52 73 29 34 53 12 83 32 27 43 75 69 54 16 33 23 81 65 56 30 32 89 3 22 13 59 37 30 61 74 81 65 84 83 39 
20 44 14 30 36 3 31 56 28 23 0 32 34 50 76 6 21 24 33 52 19 66 69 67 13 46 32 46 15 30 42 53 50 55 64 73 41 56 54 37 51 40 15 24 42 36 54 26 32 30 29 66 17 19 21 52 55 35 7 12 35 58 42 33 18 27 65 22 8 28 59 25 13 73 61 72 44 66 68 48 
14 25 45 55 23 31 51 60 56 54 32 0 60 73 82 34 52 22 57 84 49 95 89 92 31 78 43 36 47 49 30 31 57 85 77 74 66 76 82 40 63 72 18 56 74 44 47 54 43 13 61 63 26 34 21 22 61 39 39 30 66 32 14 19 41 37 38 54 33 55 82 45 26 102 69 84 34 63 70 78 
52 57 31 5 49 33 12 41 46 36 34 60 0 16 55 38 35 58 55 35 17 36 36 33 28 36 25 51 25 57 51 66 34 27 37 57 7 25 23 34 29 25 46 23 30 28 51 8 64 50 27 55 51 51 40 74 39 33 34 30 20 73 64 49 19 59 81 32 41 48 25 15 47 43 41 46 49 56 52 21 
66 67 47 20 60 49 23 41 60 50 50 73 16 0 48 54 50 73 69 38 32 28 20 19 43 43 34 59 40 73 60 75 35 23 29 54 9 12 17 42 26 32 61 36 37 35 56 24 79 63 39 55 66 67 53 86 38 42 49 45 29 82 76 61 33 75 90 47 57 63 10 28 63 34 37 36 57 56 49 21 
83 61 81 56 59 74 48 22 98 89 76 82 55 48 0 82 88 93 106 87 68 73 40 56 63 90 45 48 76 106 54 64 27 71 20 12 52 37 65 43 27 79 79 77 84 41 38 60 108 68 82 23 90 94 65 82 22 44 80 65 74 70 76 63 60 102 75 85 84 100 46 53 87 77 15 15 49 24 13 69 
20 48 12 34 41 9 37 62 23 21 6 34 38 54 82 0 18 21 27 52 22 68 74 71 19 45 38 51 16 24 47 57 56 57 70 79 45 61 56 43 57 41 16 25 42 42 59 30 27 33 29 72 13 13 26 55 61 41 6 18 37 62 45 38 23 21 69 20 3 23 64 31 10 75 67 78 49 72 74 51 
38 65 8 33 57 23 39 70 10 2 21 52 35 50 88 18 0 37 19 37 19 57 70 63 31 28 46 65 12 24 62 74 62 46 72 87 41 60 47 53 61 27 34 14 26 51 72 28 33 50 14 81 30 25 41 73 68 52 14 31 24 79 63 54 29 31 86 3 20 13 59 35 27 63 73 80 63 82 81 40 
10 45 33 53 40 24 53 72 38 40 24 22 58 73 93 21 37 0 37 73 43 89 92 91 32 66 49 53 37 28 47 52 67 78 84 88 64 79 77 51 71 62 14 46 63 53 63 50 21 30 50 78 8 14 29 43 71 49 27 30 58 54 35 36 40 15 60 40 19 36 83 47 11 96 79 92 51 79 83 72 
43 75 25 52 68 36 58 87 9 19 33 57 55 69 106 27 19 37 0 50 38 73 89 82 46 40 63 79 30 11 74 84 80 62 91 104 60 79 64 69 79 43 41 33 41 67 86 47 22 60 31 98 31 24 53 79 86 67 27 45 42 88 70 64 46 24 94 22 27 6 78 53 31 78 91 99 76 99 99 57 
72 89 40 37 81 53 47 76 41 35 52 84 35 38 87 52 37 73 50 0 36 26 54 40 55 10 59 85 37 58 84 98 69 18 67 91 35 50 24 69 62 12 67 28 11 63 87 35 69 78 24 90 65 62 68 103 74 68 47 56 18 104 92 80 47 67 112 34 55 45 43 48 63 30 74 74 83 91 86 18 
38 54 14 14 46 19 20 51 30 20 19 49 17 32 68 22 19 43 38 36 0 47 52 49 20 32 28 52 8 41 49 63 44 36 52 68 24 41 34 37 42 23 33 10 26 33 56 9 47 43 16 63 35 35 32 67 49 36 17 21 17 69 57 44 12 43 77 17 25 32 42 17 32 53 53 61 49 65 63 29 
85 93 58 40 85 66 47 68 64 56 66 95 36 28 73 68 57 89 73 26 47 0 34 18 64 35 60 86 53 80 86 102 63 11 53 80 31 36 13 69 54 30 80 44 33 62 84 41 90 86 43 82 82 80 76 110 66 68 63 65 33 108 100 86 54 87 116 53 71 68 27 51 79 7 63 58 84 84 76 18 
84 78 67 39 72 68 39 43 80 70 69 89 36 20 40 74 70 92 89 54 52 34 0 17 60 60 47 68 61 93 70 85 40 36 22 49 29 13 30 53 30 50 78 57 55 46 62 44 99 77 59 55 85 87 69 98 40 53 69 62 49 92 90 74 52 95 99 67 76 83 11 45 82 38 34 25 66 56 46 37 
85 86 62 38 78 67 41 55 72 63 67 92 33 19 56 71 63 91 82 40 49 18 17 0 61 48 53 76 56 87 78 94 51 22 37 64 27 22 18 60 41 40 79 50 44 53 72 41 95 82 51 68 84 84 72 105 53 60 66 63 40 100 95 80 52 91 108 60 74 76 12 47 80 21 48 42 75 70 61 25 
24 35 23 24 26 11 21 43 40 33 13 31 28 43 63 19 31 32 46 55 20 64 60 61 0 51 19 34 21 43 31 44 37 54 52 60 35 47 51 24 39 43 18 29 46 23 41 22 45 23 35 52 27 31 13 48 42 22 19 2 37 50 37 25 10 39 58 31 21 41 52 15 24 70 49 60 32 53 55 47 
65 86 33 37 77 47 47 77 32 26 46 78 36 43 90 45 28 66 40 10 32 35 60 48 51 0 58 83 31 49 81 95 70 26 71 93 38 55 30 67 65 11 60 22 6 62 86 34 60 74 17 91 58 53 63 98 75 66 40 52 17 101 87 76 44 58 109 25 47 35 49 46 55 39 76 79 80 92 88 23 
40 33 39 22 26 29 13 25 56 47 32 43 25 34 45 38 46 49 63 59 28 60 47 53 19 58 0 26 34 61 26 42 18 52 35 42 29 34 47 9 21 48 35 39 52 5 27 24 63 30 45 35 45 49 22 52 23 8 36 20 42 48 43 27 17 57 56 45 40 57 41 12 42 67 30 43 24 36 36 46 
43 13 58 48 13 43 39 28 74 67 46 36 51 59 48 51 65 53 79 85 52 86 68 76 34 83 26 0 55 74 6 18 28 78 49 39 55 55 73 17 37 73 40 62 77 23 11 50 72 24 68 28 52 59 26 34 30 18 53 34 67 25 28 17 39 66 32 65 52 74 64 37 51 92 39 54 2 28 36 72 
34 56 6 22 47 16 28 58 22 13 15 47 25 40 76 16 12 37 30 37 8 53 61 56 21 31 34 55 0 32 52 65 51 41 61 75 32 50 41 42 49 26 29 9 27 39 60 17 39 43 15 70 29 28 32 66 56 40 10 21 21 70 56 45 17 35 78 11 18 24 50 23 26 59 61 69 52 71 70 35 
35 69 26 54 62 32 59 86 17 25 30 49 57 73 106 24 24 28 11 58 41 80 93 87 43 49 61 74 32 0 69 77 79 69 92 103 64 82 70 66 80 50 34 37 48 66 83 50 11 53 37 95 23 15 48 70 85 65 26 42 48 80 62 59 46 14 87 27 22 14 82 53 24 86 91 100 72 96 98 63 
37 8 54 47 7 39 39 33 70 64 42 30 51 60 54 47 62 47 74 84 49 86 70 78 31 81 26 6 52 69 0 15 32 78 53 45 55 58 73 18 41 72 35 59 75 25 17 49 67 18 65 34 47 54 22 29 34 18 49 31 66 22 22 12 37 60 30 62 48 70 66 36 45 93 43 58 5 34 41 72 
43 9 66 63 18 51 54 45 81 76 53 31 66 75 64 57 74 52 84 98 63 102 85 94 44 95 42 18 65 77 15 0 46 93 67 53 71 73 89 33 55 86 43 73 89 40 26 63 73 24 79 42 54 62 33 19 47 34 60 44 80 7 18 20 52 66 15 74 58 80 82 51 53 108 56 71 19 41 51 87 
57 40 56 33 35 47 24 7 73 64 50 57 34 35 27 56 62 67 80 69 44 63 40 51 37 70 18 28 51 79 32 46 0 57 21 24 34 29 52 17 10 59 52 53 64 14 22 37 81 43 59 21 63 67 38 61 6 18 54 38 54 53 53 39 34 75 60 61 58 74 38 27 60 69 13 27 27 22 19 53 
74 84 46 31 76 55 39 64 53 44 55 85 27 23 71 57 46 78 62 18 36 11 36 22 54 26 52 78 41 69 78 93 57 0 51 77 24 34 6 61 49 19 69 33 23 55 77 31 78 77 32 78 71 69 66 101 61 60 52 55 21 100 91 76 44 76 108 42 60 57 26 42 67 18 60 58 76 79 72 7 
75 61 66 39 56 62 33 22 82 72 64 77 37 29 20 70 72 84 91 67 52 53 22 37 52 71 35 49 61 92 53 67 21 51 0 27 33 17 45 37 14 60 70 60 65 32 41 44 96 64 64 33 79 83 57 82 20 38 66 54 56 74 75 59 47 90 80 69 72 85 26 39 76 58 12 9 49 34 24 49 
77 52 80 57 50 70 48 17 97 88 73 74 57 54 12 79 87 88 104 91 68 80 49 64 60 93 42 39 75 103 45 53 24 77 27 0 56 43 71 37 28 82 73 77 87 37 28 61 104 61 83 12 85 90 59 71 19 38 78 61 77 59 67 55 58 98 64 85 81 98 53 51 82 85 17 25 40 12 5 74 
58 62 38 11 54 40 16 41 51 41 41 66 7 9 52 45 41 64 60 35 24 31 29 27 35 38 29 55 32 64 55 71 34 24 33 56 0 19 18 38 27 26 52 28 31 31 54 15 71 56 31 55 58 58 46 80 39 37 40 37 22 77 70 55 25 66 85 38 48 54 18 21 54 38 39 42 53 57 51 19 
71 66 56 28 59 55 26 33 70 60 56 76 25 12 37 61 60 79 79 50 41 36 13 22 47 55 34 55 50 82 58 73 29 34 17 43 19 0 28 40 19 44 65 47 49 34 51 32 88 64 50 46 73 75 56 86 30 40 57 49 41 80 77 61 39 83 87 57 64 73 10 32 69 42 27 24 54 48 39 33 
73 80 46 27 72 54 34 58 55 46 54 82 23 17 65 56 47 77 64 24 34 13 30 18 51 30 47 73 41 70 73 89 52 6 45 71 18 28 0 56 43 22 67 33 26 50 72 28 79 73 33 72 70 68 63 97 55 55 51 52 22 95 87 72 41 76 103 43 59 58 20 38 66 20 54 52 71 73 66 7 
41 26 46 31 20 34 22 21 63 55 37 40 34 42 43 43 53 51 69 69 37 69 53 60 24 67 9 17 42 66 18 33 17 61 37 37 38 40 56 0 24 57 37 47 61 7 19 34 67 27 53 29 48 53 22 46 21 2 42 24 51 40 38 22 25 61 48 53 44 64 48 21 45 75 29 44 15 30 32 55 
61 49 55 29 43 49 21 15 71 62 51 63 29 26 27 57 61 71 79 62 42 54 30 41 39 65 21 37 49 80 41 55 10 49 14 28 27 19 43 24 0 53 56 50 58 19 32 34 83 50 55 29 66 70 44 69 12 24 54 41 48 62 61 46 34 77 69 59 59 73 29 27 63 60 12 21 36 30 23 46 
60 77 29 26 68 41 36 66 34 26 40 72 25 32 79 41 27 62 43 12 23 30 50 40 43 11 48 73 26 50 72 86 59 19 60 82 26 44 22 57 53 0 55 16 5 52 75 23 60 66 13 80 54 51 55 90 64 56 35 44 6 92 80 67 34 58 100 24 43 38 39 36 51 36 65 68 71 81 77 14 
6 35 27 41 28 14 39 58 39 36 15 18 46 61 79 16 34 14 41 67 33 80 78 79 18 60 35 40 29 34 35 43 52 69 70 73 52 65 67 37 56 55 0 39 56 38 50 39 32 19 44 64 12 19 15 39 57 35 21 16 49 47 29 24 27 25 54 36 15 38 70 33 11 86 65 78 38 65 69 62 
44 64 13 21 55 25 29 61 23 13 24 56 23 36 77 25 14 46 33 28 10 44 57 50 29 22 39 62 9 37 59 73 53 33 60 77 28 47 33 47 50 16 39 0 18 43 66 16 46 51 6 73 38 36 41 75 59 46 19 30 12 79 65 53 22 42 86 10 27 26 46 27 35 50 62 68 59 74 72 27 
61 80 30 31 71 43 40 71 32 24 42 74 30 37 84 42 26 63 41 11 26 33 55 44 46 6 52 77 27 48 75 89 64 23 65 87 31 49 26 61 58 5 56 18 0 56 79 28 59 69 13 85 55 51 58 93 69 60 36 47 10 95 82 70 38 57 103 23 44 35 44 40 52 38 70 73 74 86 81 19 
43 32 43 26 26 33 16 20 60 52 36 44 28 35 41 42 51 53 67 63 33 62 46 53 23 62 5 23 39 66 25 40 14 55 32 37 31 34 50 7 19 52 38 43 56 0 23 29 68 32 49 31 49 54 25 52 19 6 41 24 46 47 43 28 22 61 55 49 44 62 42 16 46 69 26 40 22 32 32 49 
53 24 64 49 24 51 39 20 81 73 54 47 51 56 38 59 72 63 86 87 56 84 62 72 41 86 27 11 60 83 17 26 22 77 41 28 54 51 72 19 32 75 50 66 79 23 0 52 82 35 72 16 62 69 35 44 22 20 60 41 69 33 39 28 44 75 39 71 61 82 60 39 60 90 30 45 13 16 25 72 
45 54 24 5 46 26 13 45 38 29 26 54 8 24 60 30 28 50 47 35 9 41 44 41 22 34 24 50 17 50 49 63 37 31 44 61 15 32 28 34 34 23 39 16 28 29 52 0 56 45 22 58 43 43 35 70 43 32 26 24 17 70 59 45 13 51 78 25 33 41 33 13 39 48 46 52 47 59 56 25 
30 66 33 60 60 35 63 88 28 34 32 43 64 79 108 27 33 21 22 69 47 90 99 95 45 60 63 72 39 11 67 73 81 78 96 104 71 88 79 67 83 60 32 46 59 68 82 56 0 50 47 96 20 14 47 64 87 66 30 43 57 75 56 56 50 7 81 36 24 24 89 57 22 95 94 105 70 96 99 72 
19 16 43 46 11 27 40 47 57 53 30 13 50 63 68 33 50 30 60 78 43 86 77 82 23 74 30 24 43 53 18 24 43 77 64 61 56 64 73 27 50 66 19 51 69 32 35 45 50 0 57 50 30 38 11 24 47 26 37 22 60 28 14 6 33 43 36 51 33 56 71 35 29 93 56 70 22 51 57 70 
49 70 17 26 61 31 35 66 22 12 29 61 27 39 82 29 14 50 31 24 16 43 59 51 35 17 45 68 15 37 65 79 59 32 64 83 31 50 33 53 55 13 44 6 13 49 72 22 47 57 0 79 42 38 47 81 64 52 23 36 11 85 71 59 29 44 92 10 31 25 48 33 39 49 67 73 65 80 78 26 
68 40 74 54 40 63 44 14 91 83 66 63 55 55 23 72 81 78 98 90 63 82 55 68 52 91 35 28 70 95 34 42 21 78 33 12 55 46 72 29 29 80 64 73 85 31 16 58 96 50 79 0 76 82 50 60 17 31 71 53 74 47 56 44 53 89 52 80 73 92 57 47 74 88 21 33 29 1 10 74 
12 46 25 46 40 18 47 69 31 32 17 26 51 66 90 13 30 8 31 65 35 82 85 84 27 58 45 52 29 23 47 54 63 71 79 85 58 73 70 48 66 54 12 38 55 49 62 43 20 30 42 76 0 8 27 48 68 46 19 25 50 57 39 36 34 13 64 32 11 30 76 41 3 88 75 87 50 77 80 64 
19 54 22 47 47 21 50 74 25 27 19 34 51 67 94 13 25 14 24 62 35 80 87 84 31 53 49 59 28 15 54 62 67 69 83 90 58 75 68 53 70 51 19 36 51 54 69 43 14 38 38 82 8 0 33 55 73 52 18 30 48 65 47 43 36 8 71 28 11 23 77 44 9 86 80 91 57 83 85 62 
19 23 34 35 15 18 31 43 49 43 21 21 40 53 65 26 41 29 53 68 32 76 69 72 13 63 22 26 32 48 22 33 38 66 57 59 46 56 63 22 44 55 15 41 58 25 35 35 47 11 47 50 27 33 0 35 43 21 28 11 50 38 25 13 22 40 46 42 26 49 62 25 25 83 51 65 24 50 54 59 
36 21 66 70 27 50 64 62 78 75 52 22 74 86 82 55 73 43 79 103 67 110 98 105 48 98 52 34 66 70 29 19 61 101 82 71 80 86 97 46 69 90 39 75 93 52 44 70 64 24 81 60 48 55 35 0 63 46 59 46 85 15 10 25 57 58 18 74 54 77 93 59 48 117 72 87 34 59 69 94 
62 42 61 38 38 52 29 3 78 69 55 61 39 38 22 61 68 71 86 74 49 66 40 53 42 75 23 30 56 85 34 47 6 61 20 19 39 30 55 21 12 64 57 59 69 19 22 43 87 47 64 17 68 73 43 63 0 22 59 43 58 54 56 42 40 80 60 66 63 80 41 33 65 71 9 24 29 18 13 57 
39 26 44 30 19 32 21 22 61 54 35 39 33 42 44 41 52 49 67 68 36 68 53 60 22 66 8 18 40 65 18 34 18 60 38 38 37 40 55 2 24 56 35 46 60 6 20 32 66 26 52 31 46 52 21 46 22 0 41 23 50 41 37 22 24 59 48 51 43 62 48 20 44 75 30 45 16 31 34 55 
25 51 7 30 43 10 33 61 21 16 7 39 34 49 80 6 14 27 27 47 17 63 69 66 19 40 36 53 10 26 49 60 54 52 66 78 40 57 51 42 54 35 21 19 36 41 60 26 30 37 23 71 19 18 28 59 59 41 0 18 31 65 49 40 20 26 72 15 8 22 59 28 16 69 65 75 50 72 72 45 
22 34 23 26 26 10 23 44 40 33 12 30 30 45 65 18 31 30 45 56 21 65 62 63 2 52 20 34 21 42 31 44 38 55 54 61 37 49 52 24 41 44 16 30 47 24 41 24 43 22 36 53 25 30 11 46 43 23 18 0 38 49 36 24 12 37 57 31 20 40 54 17 22 72 50 62 32 54 56 48 
55 71 25 20 62 36 30 61 33 23 35 66 20 29 74 37 24 58 42 18 17 33 49 40 37 17 42 67 21 48 66 80 54 21 56 77 22 41 22 51 48 6 49 12 10 46 69 17 57 60 11 74 50 48 50 85 58 50 31 38 0 86 74 61 28 54 94 21 39 36 37 30 47 39 60 64 65 76 71 15 
45 15 71 69 24 55 61 52 85 81 58 32 73 82 70 62 79 54 88 104 69 108 92 100 50 101 48 25 70 80 22 7 53 100 74 59 77 80 95 40 62 92 47 79 95 47 33 70 75 28 85 47 57 65 38 15 54 41 65 49 86 0 19 25 58 69 8 79 61 84 88 58 57 115 62 78 26 47 57 94 
27 15 56 60 18 40 54 55 68 65 42 14 64 76 76 45 63 35 70 92 57 100 90 95 37 87 43 28 56 62 22 18 53 91 75 67 70 77 87 38 61 80 29 65 82 43 39 59 56 14 71 56 39 47 25 10 56 37 49 36 74 19 0 16 47 50 25 64 45 67 84 49 39 107 65 80 27 55 64 84 
25 11 46 45 5 31 39 42 61 56 33 19 49 61 63 38 54 36 64 80 44 86 74 80 25 76 27 17 45 59 12 20 39 76 59 55 55 61 72 22 46 67 24 53 70 28 28 45 56 6 59 44 36 43 13 25 42 22 40 24 61 25 16 0 33 49 33 54 38 61 69 34 35 92 51 66 16 44 51 70 
33 42 22 14 34 16 14 41 39 30 18 41 19 33 60 23 29 40 46 47 12 54 52 52 10 44 17 39 17 46 37 52 34 44 47 58 25 39 41 25 34 34 27 22 38 22 44 13 50 33 29 53 34 36 22 57 40 24 20 12 28 58 47 33 0 44 66 28 26 40 43 7 30 61 45 55 37 54 53 37 
24 59 29 55 53 29 58 81 28 32 27 37 59 75 102 21 31 15 24 67 43 87 95 91 39 58 57 66 35 14 60 66 75 76 90 98 66 83 76 61 77 58 25 42 57 61 75 51 7 43 44 89 13 8 40 58 80 59 26 37 54 69 50 49 44 0 75 34 19 25 84 51 16 93 87 99 63 90 93 69 
52 23 79 77 32 63 69 58 92 89 65 38 81 90 75 69 86 60 94 112 77 116 99 108 58 109 56 32 78 87 30 15 60 108 80 64 85 87 103 48 69 100 54 86 103 55 39 78 81 36 92 52 64 71 46 18 60 48 72 57 94 8 25 33 66 75 0 87 69 92 96 66 63 123 69 84 33 52 62 102 
40 65 8 30 57 24 37 68 13 3 22 54 32 47 85 20 3 40 22 34 17 53 67 60 31 25 45 65 11 27 62 74 61 42 69 85 38 57 43 53 59 24 36 10 23 49 71 25 36 51 10 80 32 28 42 74 66 51 15 31 21 79 64 54 28 34 87 0 22 16 56 34 30 59 71 78 63 81 80 36 
19 49 14 37 41 11 39 64 24 22 8 33 41 57 84 3 20 19 27 55 25 71 76 74 21 47 40 52 18 22 48 58 58 60 72 81 48 64 59 44 59 43 15 27 44 44 61 33 24 33 31 73 11 11 26 54 63 43 8 20 39 61 45 38 26 19 69 22 0 23 66 33 8 77 70 80 50 74 76 53 
40 72 19 46 64 31 52 81 4 13 28 55 48 63 100 23 13 36 6 45 32 68 83 76 41 35 57 74 24 14 70 80 74 57 85 98 54 73 58 64 73 38 38 26 35 62 82 41 24 56 25 92 30 23 49 77 80 62 22 40 36 84 67 61 40 25 92 16 23 0 72 47 29 73 85 93 72 93 93 51 
76 74 56 29 67 58 31 43 69 59 59 82 25 10 46 64 59 83 78 43 42 27 11 12 52 49 41 64 50 82 66 82 38 26 26 53 18 10 20 48 29 39 70 46 44 42 60 33 89 71 48 57 76 77 62 93 41 48 59 54 37 88 84 69 43 84 96 56 66 72 0 37 72 32 37 32 63 58 49 26 
39 42 29 11 34 23 6 34 46 37 25 45 15 28 53 31 35 47 53 48 17 51 45 47 15 46 12 37 23 53 36 51 27 42 39 51 21 32 38 21 27 36 33 27 40 16 39 13 57 35 33 47 41 44 25 59 33 20 28 17 30 58 49 34 7 51 66 34 33 47 37 0 37 58 38 47 35 48 46 36 
12 45 22 43 39 14 44 66 30 30 13 26 47 63 87 10 27 11 31 63 32 79 82 80 24 55 42 51 26 24 45 53 60 67 76 82 54 69 66 45 63 51 11 35 52 46 60 39 22 29 39 74 3 9 25 48 65 44 16 22 47 57 39 35 30 16 63 30 8 29 72 37 0 85 72 84 48 74 77 61 
92 100 64 47 92 73 54 74 69 61 73 102 43 34 77 75 63 96 78 30 53 7 38 21 70 39 67 92 59 86 93 108 69 18 58 85 38 42 20 75 60 36 86 50 38 69 90 48 95 93 49 88 88 86 83 117 71 75 69 72 39 115 107 92 61 93 123 59 77 73 32 58 85 0 68 63 90 89 81 24 
70 51 66 41 47 59 33 10 83 74 61 69 41 37 15 67 73 79 91 74 53 63 34 48 49 76 30 39 61 91 43 56 13 60 12 17 39 27 54 29 12 65 65 62 70 26 30 46 94 56 67 21 75 80 51 72 9 30 65 50 60 62 65 51 45 87 69 71 70 85 37 38 72 68 0 15 38 22 13 57 
83 66 75 48 62 70 42 25 91 81 72 84 46 36 15 78 80 92 99 74 61 58 25 42 60 79 43 54 69 100 58 71 27 58 9 25 42 24 52 44 21 68 78 68 73 40 45 52 105 70 73 33 87 91 65 87 24 45 75 62 64 78 80 66 55 99 84 78 80 93 32 47 84 63 15 0 54 35 23 57 
41 13 55 46 11 41 37 28 71 65 44 34 49 57 49 49 63 51 76 83 49 84 66 75 32 80 24 2 52 72 5 19 27 76 49 40 53 54 71 15 36 71 38 59 74 22 13 47 70 22 65 29 50 57 24 34 29 16 50 32 65 26 27 16 37 63 33 63 50 72 63 35 48 90 38 54 0 29 36 70 
68 40 75 55 40 64 46 16 92 84 66 63 56 56 24 72 82 79 99 91 65 84 56 70 53 92 36 28 71 96 34 41 22 79 34 12 57 48 73 30 30 81 65 74 86 32 16 59 96 51 80 1 77 83 50 59 18 31 72 54 76 47 55 44 54 90 52 81 74 93 58 48 74 89 22 35 29 0 11 75 
73 49 75 52 47 65 43 12 92 83 68 70 52 49 13 74 81 83 99 86 63 76 46 61 55 88 36 36 70 98 41 51 19 72 24 5 51 39 66 32 23 77 69 72 81 32 25 56 99 57 78 10 80 85 54 69 13 34 72 56 71 57 64 51 53 93 62 80 76 93 49 46 77 81 13 23 36 11 0 69 
68 78 40 25 70 49 33 60 48 39 48 78 21 21 69 51 40 72 57 18 29 18 37 25 47 23 46 72 35 63 72 87 53 7 49 74 19 33 7 55 46 14 62 27 19 49 72 25 72 70 26 74 64 62 59 94 57 55 45 48 15 94 84 70 37 69 102 36 53 51 26 36 61 24 57 57 70 75 69 0 
0 508 171 0 38 0 16 0 18 0 40 147 549 18 44 119 840 447 155 23 262 58 86 7 278 1928 65 10 222 18 0 562 350 36 129 0 158 96 620 0 613 110 305 0 0 12 0 46 0 0 897 183 0 740 166 10 41 233 737 173 123 103 28 98 0 283 27 0 1722 232 0 0 0 24 232 232 0 12 42 84 
508 0 0 0 0 0 392 0 0 0 23 0 0 195 0 121 86 659 0 460 0 195 0 595 29 0 126 0 10 54 0 1233 209 1208 605 0 838 442 239 0 0 0 0 0 0 0 0 7 0 0 1113 21 0 0 0 13 426 0 0 28 0 0 118 14 0 0 561 0 0 0 0 0 0 181 0 14 0 10 153 28 
171 0 0 676 16 42 325 36 162 117 67 2086 762 502 80 17 9 610 25 283 155 348 85 58 10 42 274 21 129 33 64 132 300 7 59 256 204 25 68 191 177 268 16 35 293 15 47 33 53 124 117 524 649 122 331 34 38 466 577 13 197 12 9 117 278 120 677 8 52 286 8 324 29 27 326 51 336 130 50 52 
0 0 676 0 66 1307 71 18 200 1167 2482 37 629 86 171 45 12 0 14 0 15 0 26 143 204 3000 93 2022 512 75 35 1981 373 0 0 37 463 0 0 50 137 0 12 30 25 0 2519 0 811 95 0 1849 833 213 17 1143 814 184 288 3000 23 11 432 0 74 378 9 780 2174 113 3000 1508 28 65 0 0 909 0 24 81 
38 0 16 66 0 1235 19 201 229 287 1120 391 42 217 321 209 468 0 20 0 10 0 408 22 184 1150 49 13 23 235 183 99 32 247 32 183 14 0 237 337 1234 0 29 345 73 18 248 0 141 1518 0 3000 244 23 26 159 1663 520 401 183 299 182 12 0 78 250 10 268 21 1556 56 361 1091 163 0 25 1738 0 45 64 
0 0 42 1307 1235 0 37 1673 384 1047 8 9 34 172 580 12 14 0 103 0 25 0 22 1290 3000 406 36 157 577 448 277 27 30 568 0 1678 1218 0 53 109 87 0 46 389 14 0 1318 0 32 154 0 14 8 91 16 73 70 388 69 85 248 53 819 0 10 22 11 216 1340 161 21 11 44 1888 0 0 116 0 42 165 
16 392 325 71 19 37 0 29 259 19 22 83 333 731 54 142 3000 7 0 30 1734 7 23 56 2121 517 194 677 61 141 266 55 58 44 3000 24 101 257 279 133 1647 636 22 255 2997 20 0 43 74 0 485 150 3000 74 712 9 919 3000 55 41 348 51 194 67 67 846 47 67 30 22 60 576 8 2707 176 714 289 14 269 221 
0 0 36 18 201 1673 29 0 199 15 90 3000 175 603 7 483 0 0 0 0 56 0 26 0 56 20 47 31 1386 88 366 33 42 16 0 444 12 0 0 30 70 195 248 394 77 26 0 0 274 0 0 0 141 0 182 0 235 12 1571 23 11 34 0 0 10 44 0 162 0 338 648 3000 860 74 15 0 26 0 621 0 
18 0 162 200 229 384 259 199 0 333 22 18 53 22 64 51 0 1037 0 0 1453 777 308 0 19 188 8 16 28 3000 229 95 8 41 31 23 123 67 0 2184 9 19 43 30 1751 242 0 3000 8 129 0 62 318 108 552 0 27 581 21 209 178 73 10 21 111 83 702 71 62 72 1870 34 28 643 78 362 451 0 36 35 
0 0 117 1167 287 1047 19 15 333 0 285 12 3000 53 168 357 0 0 25 0 43 0 868 0 111 63 30 345 17 22 38 174 75 83 0 8 1574 0 0 13 80 98 3000 10 71 862 30 0 284 383 0 1270 32 15 72 0 97 893 23 366 7 70 52 0 788 155 130 786 26 350 9 18 17 1250 222 0 106 0 289 0 
40 23 67 2482 1120 8 22 90 22 285 0 49 93 50 14 3000 69 433 13 444 12 140 35 841 149 469 95 10 93 99 41 96 9 43 10 147 110 91 159 37 74 368 3000 155 115 473 32 382 87 278 128 23 164 12 14 45 436 1481 683 834 9 20 19 33 25 14 365 53 59 465 3000 283 33 7 34 41 30 48 132 1681 
147 0 2086 37 391 9 83 3000 18 12 49 0 298 62 1105 104 155 0 74 0 32 0 217 30 10 119 78 2952 249 31 21 225 66 307 102 255 28 81 81 73 88 97 57 461 176 122 429 0 131 54 0 31 253 705 51 3000 126 17 13 500 744 196 469 0 434 762 8 36 525 114 31 16 7 30 59 10 17 0 131 3000 
549 0 762 629 42 34 333 175 53 3000 93 298 0 27 30 261 35 425 178 94 127 3000 84 1633 2488 15 1709 570 1369 14 8 736 20 8 1742 38 1003 128 1919 127 190 0 16 22 98 843 23 145 415 13 7 1011 49 880 503 126 49 199 62 16 416 2967 24 1122 556 7 832 2640 173 319 758 174 794 1843 516 21 49 16 25 11 
18 195 502 86 217 172 731 603 22 53 50 62 27 0 237 759 15 178 9 719 20 11 22 51 38 454 963 393 296 108 125 2328 9 103 287 1505 24 43 715 0 11 78 2367 46 26 688 593 272 40 10 231 127 23 23 120 272 139 22 43 182 717 311 8 18 20 71 9 524 50 608 806 25 568 75 106 17 351 418 649 659 
44 0 80 171 321 580 54 7 64 168 14 1105 30 237 0 1014 14 691 1058 0 71 44 63 8 268 204 1128 41 33 83 13 1030 321 136 69 304 606 521 26 179 13 114 46 38 25 407 2507 99 55 22 0 46 1151 1026 222 12 61 397 129 166 795 51 618 33 9 18 250 73 2623 14 992 115 25 197 65 84 100 9 87 292 
119 121 17 45 209 12 142 483 51 357 3000 104 261 759 1014 0 37 1092 204 534 2958 24 145 9 148 104 9 1851 9 173 16 1742 165 133 11 746 292 1516 191 31 33 0 94 315 21 18 14 66 44 12 123 173 37 2020 292 8 24 2439 219 165 46 10 13 50 68 290 715 69 17 9 600 522 8 22 0 183 68 24 53 114 
840 86 9 12 468 14 3000 0 0 0 69 155 35 15 14 37 0 0 42 28 72 83 213 250 58 0 39 2362 1738 257 0 36 261 268 602 0 9 319 77 0 0 0 13 0 0 0 537 32 0 327 3000 781 0 12 375 176 8 0 0 77 0 0 528 0 0 80 103 130 21 8 1432 0 0 2333 0 119 16 2344 11 129 
447 659 610 0 0 0 7 0 1037 0 433 0 425 178 691 1092 0 0 0 385 0 725 1266 0 84 213 72 92 50 130 193 10 18 61 3000 10 10 442 541 0 371 59 107 88 0 27 0 100 93 0 194 0 46 0 0 17 285 121 203 10 20 25 8 2856 2573 9 0 0 0 8 0 0 32 17 46 7 0 227 47 24 
155 0 25 14 20 103 0 0 0 25 13 74 178 9 1058 204 42 0 0 0 68 0 0 797 782 0 118 2731 1193 36 0 0 299 0 0 0 35 0 327 553 0 0 264 0 333 0 1185 0 0 65 0 94 0 627 27 132 7 0 0 3000 0 0 53 0 0 0 63 217 92 608 1650 0 0 0 0 0 80 0 0 3000 
23 460 283 0 0 0 30 0 0 0 444 0 94 719 0 534 28 385 0 0 0 14 278 95 86 8 73 0 326 718 0 640 66 229 13 0 74 87 45 0 0 0 0 0 0 0 0 1678 0 0 242 48 0 111 0 17 44 0 0 1259 0 0 523 481 0 64 171 0 0 59 0 0 0 551 0 59 0 72 25 7 
262 0 155 15 10 25 1734 56 1453 43 12 32 127 20 71 2958 72 0 68 0 0 0 1427 673 337 12 190 940 901 31 1605 16 10 19 156 25 79 86 118 2574 11 0 1841 512 12 0 691 0 92 42 0 44 1126 3000 9 309 77 71 419 32 25 7 225 0 1810 164 490 46 83 445 578 186 322 12 0 1818 27 0 2077 23 
58 195 348 0 0 0 7 0 777 0 140 0 3000 11 44 24 83 725 0 14 0 0 146 0 2119 108 1861 0 1402 62 0 31 118 19 484 0 535 327 3000 0 87 9 12 0 0 44 0 178 0 0 7 2512 0 0 0 23 24 7 0 62 38 17 49 58 0 2362 0 0 0 45 0 0 0 457 68 2613 0 135 75 17 
86 0 85 26 408 22 23 26 308 868 35 217 84 22 63 145 213 1266 0 278 1427 146 0 28 347 31 39 45 47 93 28 14 1534 20 387 187 384 229 7 18 303 379 149 152 184 2876 0 1172 84 286 41 15 297 15 91 101 22 94 1178 25 2587 30 159 67 698 116 97 887 211 546 821 29 44 2343 52 205 40 1680 10 25 
7 595 58 143 22 1290 56 0 0 0 841 30 1633 51 8 9 250 0 797 95 673 0 28 0 8 0 14 196 483 192 0 285 516 0 1509 0 385 38 13 18 0 0 43 0 0 0 29 0 0 263 193 72 0 736 20 163 43 0 0 10 0 0 156 0 0 9 139 776 1563 28 607 0 0 71 0 1202 203 0 81 165 
278 29 10 204 184 3000 2121 56 19 111 149 10 2488 38 268 148 58 84 782 86 337 2119 347 8 0 52 8 42 56 163 232 42 191 25 309 145 1243 256 31 601 3000 9 924 50 29 45 0 43 232 10 110 89 346 17 145 20 339 15 26 17 745 471 60 1222 915 59 289 7 11 51 11 177 151 298 38 11 367 8 9 51 
1928 0 42 3000 1150 406 517 20 188 63 469 119 15 454 204 104 0 213 0 8 12 108 31 0 52 0 30 627 12 3000 58 1912 21 12 7 164 15 19 37 7 805 759 1726 473 525 37 0 3000 1173 0 134 10 12 29 2135 615 161 519 19 805 2337 16 473 19 11 26 69 15 0 591 159 220 85 585 164 98 17 436 11 18 
65 126 274 93 49 36 194 47 8 30 95 78 1709 963 1128 9 39 72 118 73 190 1861 39 14 8 30 0 596 118 30 8 20 130 78 30 84 324 9 61 64 1327 0 56 15 442 124 535 14 13 1695 329 72 143 19 267 896 74 1199 21 19 750 327 8 1400 117 19 174 92 9 1875 350 190 29 13 0 790 526 46 716 187 
10 0 21 2022 13 157 677 31 16 345 10 2952 570 393 41 1851 2362 92 2731 0 940 0 45 196 42 627 596 0 41 1693 89 415 166 126 32 293 816 16 31 21 115 516 3000 3000 13 66 12 0 450 28 0 47 149 43 3000 801 125 14 31 68 24 125 42 0 570 10 183 1757 739 135 12 55 1211 23 35 11 24 0 219 35 
222 10 129 512 23 577 61 1386 28 17 93 249 1369 296 33 9 1738 50 1193 326 901 1402 47 483 56 12 118 41 0 60 38 48 292 83 84 80 581 3000 2243 82 15 0 35 120 8 507 31 12 156 34 55 126 18 55 726 66 3000 73 360 11 46 68 374 317 79 100 148 35 190 53 54 1776 34 946 112 542 310 55 104 565 
18 54 33 75 235 448 141 88 3000 22 99 31 14 108 83 173 257 130 36 718 31 62 93 192 163 3000 30 1693 60 0 385 523 188 3000 556 1237 261 17 47 898 373 102 126 174 70 2114 0 379 476 28 14 3000 18 53 3000 577 326 38 17 155 97 16 185 64 1993 40 211 419 27 12 71 16 114 1761 46 94 969 176 14 16 
0 0 64 35 183 277 266 366 229 38 41 21 8 125 13 16 0 193 0 0 1605 0 28 0 232 58 8 89 38 385 0 7 11 137 95 316 218 789 0 45 77 349 781 159 80 10 0 0 246 131 0 21 1044 838 64 0 1663 15 17 135 166 23 649 26 119 38 233 51 812 9 106 23 214 14 8 423 17 0 1389 0 
562 1233 132 1981 99 27 55 33 95 174 96 225 736 2328 1030 1742 36 10 0 640 16 31 14 285 42 1912 20 415 48 523 7 0 688 253 1030 130 15 1346 50 66 110 19 36 2243 19 21 0 87 32 72 38 36 72 20 12 632 334 184 2364 3000 288 1085 225 13 73 65 3000 173 14 331 869 1708 1114 14 90 30 11 25 10 682 
350 209 300 373 32 30 58 42 8 75 9 66 20 9 321 165 261 18 299 66 10 118 1534 516 191 21 130 166 292 188 11 688 0 128 2263 86 99 1431 92 0 181 239 924 26 47 13 9 37 36 126 303 114 228 592 173 3000 22 120 47 3000 826 97 55 129 19 15 22 27 54 10 74 15 17 1047 129 24 3000 165 1636 33 
36 1208 7 0 247 568 44 16 41 83 43 307 8 103 136 133 268 61 0 229 19 19 20 0 25 12 78 126 83 3000 137 253 128 0 11 547 199 12 412 0 886 640 35 287 160 119 0 61 8 0 21 1018 45 20 63 19 10 1627 35 623 48 171 320 38 13 596 7 1125 0 120 25 111 10 55 111 415 0 36 2318 776 
129 605 59 0 32 0 3000 0 31 0 10 102 1742 287 69 11 602 3000 0 13 156 484 387 1509 309 7 30 32 84 556 95 1030 2263 11 0 0 191 2117 627 0 92 32 1323 0 0 29 0 481 0 0 3000 82 12 3000 8 123 13 54 238 291 54 47 16 352 180 581 99 0 140 65 35 0 0 10 8 397 0 36 292 8 
0 0 256 37 183 1678 24 444 23 8 147 255 38 1505 304 746 0 10 0 0 25 0 187 0 145 164 84 293 80 1237 316 130 86 547 0 0 3000 93 0 23 25 31 1085 65 101 9 0 247 557 0 0 0 45 0 54 0 527 171 18 2468 701 13 0 12 254 281 0 19 0 292 68 3000 464 76 985 0 0 0 23 0 
158 838 204 463 14 1218 101 12 123 1574 110 28 1003 24 606 292 9 10 35 74 79 535 384 385 1243 15 324 816 581 261 218 15 99 199 191 3000 0 8 77 256 1036 0 2370 101 213 91 106 520 257 38 65 14 677 80 326 28 231 3000 46 326 63 161 168 122 57 18 44 282 342 1165 646 171 1274 791 0 8 2121 151 21 246 
96 442 25 0 0 0 257 0 67 0 91 81 128 43 521 1516 319 442 0 87 86 327 229 38 256 19 9 16 3000 17 789 1346 1431 12 2117 93 8 0 24 0 83 126 531 0 0 48 0 568 0 0 309 93 147 145 37 24 1305 342 79 542 59 14 91 20 216 9 10 0 0 401 0 0 0 12 307 475 0 51 40 230 
620 239 68 0 237 53 279 0 0 0 159 81 1919 715 26 191 77 541 327 45 118 3000 7 13 31 37 61 31 2243 47 0 50 92 412 627 0 77 24 0 0 0 0 668 0 0 0 902 963 0 451 92 55 0 74 24 60 2646 0 0 155 0 0 13 8 0 474 293 0 454 292 0 0 0 738 0 489 152 163 319 71 
0 0 191 50 337 109 133 30 2184 13 37 73 127 0 179 31 0 0 553 0 2574 0 18 18 601 7 64 21 82 898 45 66 0 0 0 23 256 0 0 0 13 0 35 772 352 0 151 0 302 11 0 46 44 448 216 0 263 3000 702 2364 10 27 72 0 13 10 420 2187 1554 15 136 115 1405 0 0 0 456 0 20 0 
613 0 177 137 1234 87 1647 70 9 80 74 88 190 11 13 33 0 371 0 0 11 87 303 0 3000 805 1327 115 15 373 77 110 181 886 92 25 1036 83 0 13 0 87 8 33 11 21 0 41 32 0 0 664 1097 8 9 0 1607 945 210 34 753 678 731 10 23 72 14 350 0 166 10 35 151 95 8 269 3000 3000 28 257 
110 0 268 0 0 0 636 195 19 98 368 97 0 78 114 0 0 59 0 0 0 9 379 0 9 759 0 516 0 102 349 19 239 640 32 31 0 126 0 0 87 0 13 789 2198 17 0 10 87 0 0 0 133 0 0 0 754 25 49 17 82 34 0 132 28 271 0 3000 0 0 1568 571 56 1723 793 17 0 16 117 0 
305 0 16 12 29 46 22 248 43 3000 3000 57 16 2367 46 94 13 107 264 0 1841 12 149 43 924 1726 56 3000 35 126 781 36 924 35 1323 1085 2370 531 668 35 8 13 0 24 275 1144 14 343 11 145 0 293 511 1909 106 3000 47 15 179 22 668 149 8 433 179 73 31 37 83 317 37 9 415 18 124 19 416 325 340 543 
0 0 35 30 345 389 255 394 30 10 155 461 22 46 38 315 0 88 0 0 512 0 152 0 50 473 15 3000 120 174 159 2243 26 287 0 65 101 0 0 772 33 789 24 0 1786 700 0 0 599 0 0 0 20 0 247 0 1117 187 9 26 31 1840 0 0 28 66 0 69 0 219 100 24 37 197 39 0 13 0 253 0 
0 0 293 25 73 14 2997 77 1751 71 115 176 98 26 25 21 0 0 333 0 12 0 184 0 29 525 442 13 8 70 80 19 47 160 0 101 213 0 0 352 11 2198 275 1786 0 18 1308 0 96 2195 0 675 14 25 1715 0 2790 25 33 25 3000 128 20 0 84 2596 31 371 90 24 65 899 166 1026 0 0 103 0 16 0 
12 0 15 0 18 0 20 26 242 862 473 122 843 688 407 18 0 27 0 0 0 44 2876 0 45 37 124 66 507 2114 10 21 13 119 29 9 91 48 0 0 21 17 1144 700 18 0 0 29 232 0 0 0 13 0 259 0 362 200 11 48 66 308 34 3000 10 895 0 606 0 53 89 46 21 689 681 280 0 70 799 0 
0 0 47 2519 248 1318 0 0 0 30 32 429 23 593 2507 14 537 0 1185 0 691 0 0 29 0 0 535 12 31 0 0 0 9 0 0 0 106 0 902 151 0 0 14 0 1308 0 0 0 0 146 0 12 0 66 8 85 93 3000 39 727 0 0 76 0 0 100 521 449 1148 272 743 45 577 0 0 0 305 0 0 31 
46 7 33 0 0 0 43 0 3000 0 382 0 145 272 99 66 32 100 0 1678 0 178 1172 0 43 3000 14 0 12 379 0 87 37 61 481 247 520 568 963 0 41 10 343 0 0 29 0 0 0 0 21 440 1105 0 1412 196 22 16 15 558 54 94 116 58 630 171 226 0 0 19 0 0 0 385 278 28 0 462 16 185 
0 0 53 811 141 32 74 274 8 284 87 131 415 40 55 44 0 93 0 0 92 0 84 0 232 1173 13 450 156 476 246 32 36 8 0 557 257 0 0 302 32 87 11 599 96 232 0 0 0 0 0 0 66 26 8 0 17 20 142 18 3000 16 0 0 29 422 0 35 0 1626 182 146 322 274 385 0 319 0 50 0 
0 0 124 95 1518 154 0 0 129 383 278 54 13 10 22 12 327 0 65 0 42 0 286 263 10 0 1695 28 34 28 131 72 126 0 0 0 38 0 451 11 0 0 145 0 2195 0 146 0 0 0 0 3000 0 27 87 122 91 13 10 11 0 0 40 0 0 245 83 630 18 142 183 599 993 0 0 0 10 0 61 13 
897 1113 117 0 0 0 485 0 0 0 128 0 7 231 0 123 3000 194 0 242 0 7 41 193 110 134 329 0 55 14 0 38 303 21 3000 0 65 309 92 0 0 0 0 0 0 0 0 21 0 0 0 331 0 10 0 47 60 0 0 52 0 0 27 452 0 21 72 0 0 87 0 0 0 169 0 329 0 320 437 139 
183 21 524 1849 3000 14 150 0 62 1270 23 31 1011 127 46 173 781 0 94 48 44 2512 15 72 89 10 72 47 126 3000 21 36 114 1018 82 0 14 93 55 46 664 0 293 0 675 0 12 440 0 3000 331 0 0 21 21 907 57 238 54 39 0 0 557 0 0 43 34 97 12 223 98 349 11 12 0 581 45 17 245 198 
0 0 649 833 244 8 3000 141 318 32 164 253 49 23 1151 37 0 46 0 0 1126 0 297 0 346 12 143 149 18 18 1044 72 228 45 12 45 677 147 0 44 1097 133 511 20 14 13 0 1105 66 0 0 0 0 0 40 0 114 116 64 304 175 79 353 158 271 8 0 153 0 120 199 87 2158 53 146 11 82 0 197 0 
740 0 122 213 23 91 74 0 108 15 12 705 880 23 1026 2020 12 0 627 111 3000 0 15 736 17 29 19 43 55 53 838 20 592 20 3000 0 80 145 74 448 8 0 1909 0 25 0 66 0 26 27 10 21 0 0 73 9 204 107 94 171 0 0 639 0 0 3000 204 552 94 21 209 13 22 238 0 234 188 0 23 85 
166 0 331 17 26 16 712 182 552 72 14 51 503 120 222 292 375 0 27 0 9 0 91 20 145 2135 267 3000 726 3000 64 12 173 63 8 54 326 37 24 216 9 0 106 247 1715 259 8 1412 8 87 0 21 40 73 0 45 12 196 8 11 22 128 24 0 40 106 353 406 36 32 1044 367 512 2895 0 106 454 0 1770 151 
10 13 34 1143 159 73 9 0 0 0 45 3000 126 272 12 8 176 17 132 17 309 23 101 163 20 615 896 801 66 577 0 632 3000 19 123 0 28 24 60 0 0 0 3000 0 0 0 85 196 0 122 47 907 0 9 45 0 1656 0 0 57 0 0 56 130 0 589 3000 315 15 279 8 0 0 299 0 3000 20 71 16 362 
41 426 38 814 1663 70 919 235 27 97 436 126 49 139 61 24 8 285 7 44 77 24 22 43 339 161 74 125 3000 326 1663 334 22 10 13 527 231 1305 2646 263 1607 754 47 1117 2790 362 93 22 17 91 60 57 114 204 12 1656 0 742 404 74 198 17 20 912 371 481 194 2607 35 18 178 9 247 250 33 1323 251 666 501 314 
233 0 466 184 520 388 3000 12 581 893 1481 17 199 22 397 2439 0 121 0 0 71 7 94 0 15 519 1199 14 73 38 15 184 120 1627 54 171 3000 342 0 3000 945 25 15 187 25 200 3000 16 20 13 0 238 116 107 196 0 742 0 282 41 1799 562 76 284 229 16 58 757 39 163 57 164 418 2535 595 145 63 0 15 148 
737 0 577 288 401 69 55 1571 21 23 683 13 62 43 129 219 0 203 0 0 419 0 1178 0 26 19 21 31 360 17 17 2364 47 35 238 18 46 79 0 702 210 49 179 9 33 11 39 15 142 10 0 54 64 94 8 0 404 282 0 56 15 773 13 3000 81 11 146 27 713 224 46 39 42 105 240 963 46 0 135 8 
173 28 13 3000 183 85 41 23 209 366 834 500 16 182 166 165 77 10 3000 1259 32 62 25 10 17 805 19 68 11 155 135 3000 3000 623 291 2468 326 542 155 2364 34 17 22 26 25 48 727 558 18 11 52 39 304 171 11 57 74 41 56 0 1449 2365 1090 37 67 17 723 25 38 32 612 14 126 108 100 948 24 474 37 14 
123 0 197 23 299 248 348 11 178 7 9 744 416 717 795 46 0 20 0 0 25 38 2587 0 745 2337 750 24 46 97 166 288 826 48 54 701 63 59 0 10 753 82 668 31 3000 66 0 54 3000 0 0 0 175 0 22 0 198 1799 15 1449 0 78 49 1101 84 21 0 705 0 538 265 9 636 758 128 772 1590 0 563 0 
103 0 12 11 182 53 51 34 73 70 20 196 2967 311 51 10 0 25 0 0 7 17 30 0 471 16 327 125 68 16 23 1085 97 171 47 13 161 14 0 27 678 34 149 1840 128 308 0 94 16 0 0 0 79 0 128 0 17 562 773 2365 78 0 17 9 273 437 0 427 0 45 442 9 857 273 197 51 0 1408 20 0 
28 118 9 432 12 819 194 0 10 52 19 469 24 8 618 13 528 8 53 523 225 49 159 156 60 473 8 42 374 185 649 225 55 320 16 0 168 91 13 72 731 0 8 0 20 34 76 116 0 40 27 557 353 639 24 56 20 76 13 1090 49 17 0 34 19 24 11 1265 26 207 1947 0 9 1512 0 228 7 137 99 15 
98 14 117 0 0 0 67 0 21 0 33 0 1122 18 33 50 0 2856 0 481 0 58 67 0 1222 19 1400 0 317 64 26 13 129 38 352 12 122 20 8 0 10 132 433 0 0 3000 0 58 0 0 452 0 158 0 0 130 912 284 3000 37 1101 9 34 0 22 44 0 0 0 0 0 0 0 873 499 8 0 32 327 23 
0 0 278 74 78 10 67 10 111 788 25 434 556 20 9 68 0 2573 0 0 1810 0 698 0 915 11 117 570 79 1993 119 73 19 13 180 254 57 216 0 13 23 28 179 28 84 10 0 630 29 0 0 0 271 0 40 0 371 229 81 67 84 273 19 22 0 2246 0 136 0 210 10 205 341 141 46 493 314 0 15 0 
283 0 120 378 250 22 846 44 83 155 14 762 7 71 18 290 80 9 0 64 164 2362 116 9 59 26 19 10 100 40 38 65 15 596 581 281 18 9 474 10 72 271 73 66 2596 895 100 171 422 245 21 43 8 3000 106 589 481 16 11 17 21 437 24 44 2246 0 2663 3000 116 839 30 7 3000 62 32 86 1932 1502 361 154 
27 561 677 9 10 11 47 0 702 130 365 8 832 9 250 715 103 0 63 171 490 0 97 139 289 69 174 183 148 211 233 3000 22 7 99 0 44 10 293 420 14 0 31 0 31 0 521 226 0 83 72 34 0 204 353 3000 194 58 146 723 0 0 11 0 0 2663 0 67 468 3000 85 0 28 518 0 63 386 27 1001 203 
0 0 8 780 268 216 67 162 71 786 53 36 2640 524 73 69 130 0 217 0 46 0 887 776 7 15 92 1757 35 419 51 173 27 1125 0 19 282 0 0 2187 350 3000 37 69 371 606 449 0 35 630 0 97 153 552 406 315 2607 757 27 25 705 427 1265 0 136 3000 67 0 17 505 41 20 12 280 15 0 19 0 108 11 
1722 0 52 2174 21 1340 30 0 62 26 59 525 173 50 2623 17 21 0 92 0 83 0 211 1563 11 0 9 739 190 27 812 14 54 0 140 0 342 0 454 1554 0 0 83 0 90 0 1148 0 0 18 0 12 0 94 36 15 35 39 713 38 0 0 26 0 0 116 468 17 0 11 22 140 2869 55 0 205 82 0 16 329 
232 0 286 113 1556 161 22 338 72 350 465 114 319 608 14 9 8 8 608 59 445 45 546 28 51 591 1875 135 53 12 9 331 10 120 65 292 1165 401 292 15 166 0 317 219 24 53 272 19 1626 142 87 223 120 21 32 279 18 163 224 32 538 45 207 0 210 839 3000 505 11 0 40 508 76 2733 0 126 655 2448 1589 405 
0 0 8 3000 56 21 60 648 1870 9 3000 31 758 806 992 600 1432 0 1650 0 578 0 821 607 11 159 350 12 54 71 106 869 74 25 35 68 646 0 0 136 10 1568 37 100 65 89 743 0 182 183 0 98 199 209 1044 8 178 57 46 612 265 442 1947 0 10 30 85 41 22 40 0 301 35 165 13 189 290 0 10 114 
0 0 324 1508 361 11 576 3000 34 18 283 16 174 25 115 522 0 0 0 0 186 0 29 0 177 220 190 55 1776 16 23 1708 15 111 0 3000 171 0 0 115 35 571 9 24 899 46 45 0 146 599 0 349 87 13 367 0 9 164 39 14 9 9 0 0 205 7 0 20 140 508 301 0 234 24 510 0 26 0 1907 0 
0 0 29 28 1091 44 8 860 28 17 33 7 794 568 25 8 0 32 0 0 322 0 44 0 151 85 29 1211 34 114 214 1114 17 10 0 464 1274 0 0 1405 151 56 415 37 166 21 577 0 322 993 0 11 2158 22 512 0 247 418 42 126 636 857 9 0 341 3000 28 12 2869 76 35 234 0 116 67 0 37 0 48 0 
24 181 27 65 163 1888 2707 74 643 1250 7 30 1843 75 197 22 2333 17 0 551 12 457 2343 71 298 585 13 23 946 1761 14 14 1047 55 10 76 791 12 738 0 95 1723 18 197 1026 689 0 385 274 0 169 12 53 238 2895 299 250 2535 105 108 758 273 1512 873 141 62 518 280 55 2733 165 24 116 0 318 146 2329 564 42 36 
232 0 326 0 0 0 176 15 78 222 34 59 516 106 65 0 0 46 0 0 0 68 52 0 38 164 0 35 112 46 8 90 129 111 8 985 0 307 0 0 8 793 124 39 0 681 0 278 385 0 0 0 146 0 0 0 33 595 240 100 128 197 0 499 46 32 0 15 0 0 13 510 67 318 0 24 0 403 183 0 
232 14 51 0 25 0 714 0 362 0 41 10 21 17 84 183 119 7 0 59 1818 2613 205 1202 11 98 790 11 542 94 423 30 24 415 397 0 8 475 489 0 269 17 19 0 0 280 0 28 0 0 329 581 11 234 106 3000 1323 145 963 948 772 51 228 8 493 86 63 0 205 126 189 0 0 146 24 0 0 163 328 23 
0 0 336 909 1738 116 289 26 451 106 30 17 49 351 100 68 16 0 80 0 27 0 40 203 367 17 526 24 310 969 17 11 3000 0 0 0 2121 0 152 456 3000 0 416 13 103 0 305 0 319 10 0 45 82 188 454 20 251 63 46 24 1590 0 7 0 314 1932 386 19 82 655 290 26 37 2329 0 0 0 0 77 23 
12 10 130 0 0 0 14 0 0 0 48 0 16 418 9 24 2344 227 0 72 0 135 1680 0 8 436 46 0 55 176 0 25 165 36 36 0 151 51 163 0 3000 16 325 0 0 70 0 462 0 0 320 17 0 0 0 71 666 0 0 474 0 1408 137 32 0 1502 27 0 0 2448 0 0 0 564 403 163 0 0 55 503 
42 153 50 24 45 42 269 621 36 289 132 131 25 649 87 53 11 47 0 25 2077 75 10 81 9 11 716 219 104 14 1389 10 1636 2318 292 23 21 40 319 20 28 117 340 253 16 799 0 16 50 61 437 245 197 23 1770 16 501 15 135 37 563 20 99 327 15 361 1001 108 16 1589 10 1907 48 42 183 328 77 55 0 25 
