60
0 45 46 44 83 80 54 64 66 62 76 15 46 79 50 69 15 43 14 21 24 92 71 74 41 38 55 40 72 39 15 8 43 18 14 45 47 46 70 79 46 55 22 14 60 87 54 16 11 37 53 30 87 30 52 24 66 22 59 34 
45 0 76 77 49 39 35 18 52 17 46 42 8 44 45 26 46 40 58 34 46 59 43 30 53 45 29 61 55 61 30 44 37 49 46 45 38 2 41 41 78 10 33 58 42 50 19 61 37 22 58 67 53 57 37 32 57 34 16 45 
46 76 0 81 123 96 60 93 61 93 117 37 81 118 46 102 61 88 50 67 31 96 76 97 87 35 97 17 66 83 55 54 47 30 34 91 92 76 112 117 83 84 44 38 62 97 92 47 56 57 36 67 93 19 56 69 55 67 92 34 
44 77 81 0 93 115 96 92 110 89 84 59 72 92 94 94 33 46 33 43 68 132 112 106 31 82 68 81 115 18 52 38 87 61 57 43 52 78 79 94 2 86 66 44 103 125 74 35 44 78 97 15 126 71 95 44 110 42 85 78 
83 49 123 93 0 65 82 41 97 38 9 87 43 6 93 31 75 47 91 63 92 91 84 52 62 94 28 109 99 74 70 77 86 93 90 50 41 50 14 11 94 46 79 97 88 78 31 95 72 71 107 91 86 104 85 60 104 62 36 93 
80 39 96 115 65 0 37 28 44 31 67 72 45 59 51 35 84 77 93 73 70 26 26 13 92 61 61 79 43 100 66 81 49 76 76 83 74 37 65 54 117 30 61 91 38 14 49 96 74 44 65 105 21 80 41 71 52 73 37 63 
54 35 60 96 82 37 0 42 17 44 80 41 43 76 15 53 63 71 67 56 37 39 18 40 81 25 64 43 21 85 44 58 13 44 45 76 70 33 75 72 98 36 31 62 8 38 54 69 52 18 29 83 35 45 5 56 22 57 46 28 
64 18 93 92 41 28 42 0 57 3 41 60 20 34 55 11 64 51 76 51 63 53 43 16 66 59 33 77 59 76 49 62 50 66 64 56 46 18 38 30 94 9 50 77 48 41 21 79 55 36 69 84 47 74 46 49 64 51 9 60 
66 52 61 110 97 44 17 57 0 59 96 52 60 91 17 68 78 87 79 72 45 36 19 52 97 31 81 45 6 100 59 72 23 53 55 92 87 50 92 87 112 52 44 72 10 40 71 80 67 35 24 96 34 50 16 72 8 72 62 34 
62 17 93 89 38 31 44 3 59 0 38 59 17 32 56 10 61 47 74 48 62 56 46 19 63 60 29 77 61 73 47 60 50 65 63 53 43 17 35 28 91 8 50 75 50 45 18 77 53 36 70 81 50 74 48 46 66 48 6 60 
76 46 117 84 9 67 80 41 96 38 0 81 39 11 90 32 67 38 83 55 87 93 84 54 53 90 21 104 98 65 63 70 83 87 84 41 32 47 6 16 85 44 74 89 86 81 27 87 64 67 103 82 87 98 83 52 102 55 34 89 
15 42 37 59 87 72 41 60 52 59 81 0 45 82 35 68 29 53 27 31 9 81 59 68 55 23 60 26 58 53 18 23 30 7 4 56 56 43 75 81 61 52 11 20 47 77 56 28 21 28 38 45 75 18 39 33 51 32 58 19 
46 8 81 72 43 45 43 20 60 17 39 45 0 38 52 24 44 33 57 31 50 66 51 34 47 51 21 67 63 56 31 43 45 52 49 38 30 10 34 36 74 14 37 59 50 56 12 61 36 29 65 64 60 62 45 29 65 31 13 51 
79 44 118 92 6 59 76 34 91 32 11 82 38 0 87 24 73 46 88 60 88 85 77 45 62 88 26 104 93 74 66 74 81 89 86 49 40 44 14 5 94 40 75 93 82 72 26 92 68 65 101 89 79 99 79 57 98 59 29 88 
50 45 46 94 93 51 15 55 17 56 90 35 52 87 0 66 62 76 63 58 28 50 30 55 83 14 73 30 23 85 44 56 8 36 38 80 76 43 86 84 95 48 28 55 15 51 64 63 51 24 14 79 47 33 10 59 16 58 58 17 
69 26 102 94 31 35 53 11 68 10 32 68 24 24 66 0 67 49 81 54 71 61 53 22 66 69 29 86 69 76 55 67 60 74 72 54 44 26 30 20 95 18 59 83 59 49 19 84 60 46 80 87 55 83 57 51 75 54 11 70 
15 46 61 33 75 84 63 64 78 61 67 29 44 73 62 67 0 31 16 13 39 100 80 76 27 51 47 55 83 24 19 7 55 33 29 32 36 48 61 73 34 56 34 25 71 93 49 20 11 46 67 21 94 45 63 16 78 14 57 48 
43 40 88 46 47 77 71 51 87 47 38 53 33 46 76 49 31 0 47 22 61 99 83 66 17 69 22 79 92 28 35 35 68 59 54 5 6 42 33 48 48 47 51 55 79 89 30 51 32 53 85 44 93 71 72 20 91 21 42 67 
14 58 50 33 91 93 67 76 79 74 83 27 57 88 63 81 16 47 0 28 35 106 85 87 40 50 63 48 85 33 28 14 57 28 25 47 52 59 77 88 35 68 36 12 74 101 64 4 21 52 64 18 101 38 66 31 78 29 70 46 
21 34 67 43 63 73 56 51 72 48 55 31 31 60 58 54 13 22 28 0 40 90 71 64 25 50 34 58 77 29 14 15 50 37 33 25 26 36 49 60 44 44 31 34 64 83 36 32 10 38 66 33 84 49 57 3 74 0 44 47 
24 46 31 68 92 70 37 63 45 62 87 9 50 88 28 71 39 61 35 40 0 76 55 69 64 15 66 18 51 63 26 32 24 8 10 64 64 46 81 86 69 54 13 26 42 74 61 35 30 28 29 53 72 11 34 42 43 40 61 11 
92 59 96 132 91 26 39 53 36 56 93 81 66 85 50 61 100 99 106 90 76 0 21 39 113 63 85 80 31 119 81 95 52 83 84 105 97 57 91 80 134 53 70 101 35 13 73 108 89 55 60 120 6 83 43 89 43 91 61 67 
71 43 76 112 84 26 18 43 19 46 84 59 51 77 30 53 80 83 85 71 55 21 0 34 95 42 72 59 18 100 61 75 31 62 63 88 81 41 80 73 114 40 49 80 15 21 60 87 68 34 42 100 17 62 21 71 27 72 50 46 
74 30 97 106 52 13 40 16 52 19 54 68 34 45 55 22 76 66 87 64 69 39 34 0 81 62 48 80 52 90 60 74 51 74 72 71 62 29 52 41 108 20 57 87 43 27 37 90 67 41 69 97 34 79 45 62 59 64 24 64 
41 53 87 31 62 92 81 66 97 63 53 55 47 62 83 66 27 17 40 25 64 113 95 81 0 75 38 81 102 12 39 33 76 59 55 12 22 55 48 64 32 62 56 50 89 103 46 44 33 63 91 31 106 72 81 25 99 25 58 72 
38 45 35 82 94 61 25 59 31 60 90 23 51 88 14 69 51 69 50 50 15 63 42 62 75 0 70 18 37 75 36 45 12 22 25 73 71 44 84 86 84 51 19 41 28 63 63 50 41 23 16 67 59 20 21 51 29 50 60 4 
55 29 97 68 28 61 64 33 81 29 21 60 21 26 73 29 47 22 63 34 66 85 72 48 38 70 0 84 84 49 42 49 65 66 63 26 16 31 15 27 69 32 54 68 71 74 12 67 44 49 85 64 79 78 67 32 86 34 24 69 
40 61 17 81 109 79 43 77 45 77 104 26 67 104 30 86 55 79 48 58 18 80 59 80 81 18 84 0 50 78 44 48 30 21 26 82 82 61 99 102 83 69 30 37 45 80 78 46 48 41 21 66 76 10 39 59 40 58 77 17 
72 55 66 115 99 43 21 59 6 61 98 58 63 93 23 69 83 92 85 77 51 31 18 52 102 37 84 50 0 105 65 77 29 59 61 97 91 53 95 89 117 54 50 78 13 37 73 86 72 39 30 102 30 56 21 77 12 77 64 41 
39 61 83 18 74 100 85 76 100 73 65 53 56 74 85 76 24 28 33 29 63 119 100 90 12 75 49 78 105 0 41 31 78 57 53 24 34 63 60 76 20 70 57 45 93 111 57 37 34 67 91 21 113 69 85 30 101 29 67 72 
15 30 55 52 70 66 44 49 59 47 63 18 31 66 44 55 19 35 28 14 26 81 61 60 39 36 42 44 65 41 0 15 37 25 21 38 38 31 57 65 54 41 17 28 52 75 40 31 8 26 52 39 75 36 44 15 60 15 44 33 
8 44 54 38 77 81 58 62 72 60 70 23 43 74 56 67 7 35 14 15 32 95 75 74 33 45 49 48 77 31 15 0 49 27 22 37 40 45 64 74 40 54 28 20 65 89 50 18 7 41 60 25 90 39 57 18 72 15 56 41 
43 37 47 87 86 49 13 50 23 50 83 30 45 81 8 60 55 68 57 50 24 52 31 51 76 12 65 30 29 78 37 49 0 31 33 72 68 36 78 78 89 42 21 50 18 51 56 58 44 16 20 73 48 31 10 51 24 51 51 15 
18 49 30 61 93 76 44 66 53 65 87 7 52 89 36 74 33 59 28 37 8 83 62 74 59 22 66 21 59 57 25 27 31 0 4 61 62 49 81 88 63 58 16 19 49 81 63 28 27 33 36 46 79 12 41 39 51 37 64 19 
14 46 34 57 90 76 45 64 55 63 84 4 49 86 38 72 29 54 25 33 10 84 63 72 55 25 63 26 61 53 21 22 33 4 0 57 58 47 78 85 59 56 15 17 51 81 59 25 22 32 40 43 79 17 42 35 54 33 61 21 
45 45 91 43 50 83 76 56 92 53 41 56 38 49 80 54 32 5 47 25 64 105 88 71 12 73 26 82 97 24 38 37 72 61 57 0 10 47 36 52 44 52 55 56 84 95 35 51 35 58 89 42 98 74 77 23 95 24 47 71 
47 38 92 52 41 74 70 46 87 43 32 56 30 40 76 44 36 6 52 26 64 97 81 62 22 71 16 82 91 34 38 40 68 62 58 10 0 40 27 42 54 44 53 60 78 86 25 56 36 53 87 50 90 74 72 23 91 25 38 69 
46 2 76 78 50 37 33 18 50 17 47 43 10 44 43 26 48 42 59 36 46 57 41 29 55 44 31 61 53 63 31 45 36 49 47 47 40 0 42 42 80 9 33 59 40 48 21 62 38 21 57 68 51 57 36 34 55 36 16 44 
70 41 112 79 14 65 75 38 92 35 6 75 34 14 86 30 61 33 77 49 81 91 80 52 48 84 15 99 95 60 57 64 78 81 78 36 27 42 0 17 80 41 69 83 82 79 22 81 59 62 98 76 85 92 78 46 98 49 31 83 
79 41 117 94 11 54 72 30 87 28 16 81 36 5 84 20 73 48 88 60 86 80 73 41 64 86 27 102 89 76 65 74 78 88 85 52 42 42 17 0 96 36 73 93 78 67 25 92 68 63 98 90 75 97 76 57 94 60 26 86 
46 78 83 2 94 117 98 94 112 91 85 61 74 94 95 95 34 48 35 44 69 134 114 108 32 84 69 83 117 20 54 40 89 63 59 44 54 80 80 96 0 88 67 46 105 127 76 36 46 80 99 17 128 73 97 46 112 44 86 80 
55 10 84 86 46 30 36 9 52 8 44 52 14 40 48 18 56 47 68 44 54 53 40 20 62 51 32 69 54 70 41 54 42 58 56 52 44 9 41 36 88 0 42 68 42 42 21 71 47 28 62 77 47 65 40 42 58 44 10 52 
22 33 44 66 79 61 31 50 44 50 74 11 37 75 28 59 34 51 36 31 13 70 49 57 56 19 54 30 50 57 17 28 21 16 15 55 53 33 69 73 67 42 0 31 38 66 48 37 23 17 35 52 65 24 30 32 45 31 48 16 
14 58 38 44 97 91 62 77 72 75 89 20 59 93 55 83 25 55 12 34 26 101 80 87 50 41 68 37 78 45 28 20 50 19 17 56 60 59 83 93 46 68 31 0 67 97 68 10 25 48 54 29 96 27 59 37 70 35 72 38 
60 42 62 103 88 38 8 48 10 50 86 47 50 82 15 59 71 79 74 64 42 35 15 43 89 28 71 45 13 93 52 65 18 49 51 84 78 40 82 78 105 42 38 67 0 36 61 75 59 26 27 90 31 48 8 64 16 64 53 32 
87 50 97 125 78 14 38 41 40 45 81 77 56 72 51 49 93 89 101 83 74 13 21 27 103 63 74 80 37 111 75 89 51 81 81 95 86 48 79 67 127 42 66 97 36 0 62 103 82 50 63 114 9 82 42 81 48 83 50 66 
54 19 92 74 31 49 54 21 71 18 27 56 12 26 64 19 49 30 64 36 61 73 60 37 46 63 12 78 73 57 40 50 56 63 59 35 25 21 22 25 76 21 48 68 61 62 0 68 43 41 76 68 67 73 57 33 76 36 12 62 
16 61 47 35 95 96 69 79 80 77 87 28 61 92 63 84 20 51 4 32 35 108 87 90 44 50 67 46 86 37 31 18 58 28 25 51 56 62 81 92 36 71 37 10 75 103 68 0 25 53 64 20 102 37 67 35 78 33 74 46 
11 37 56 44 72 74 52 55 67 53 64 21 36 68 51 60 11 32 21 10 30 89 68 67 33 41 44 48 72 34 8 7 44 27 22 35 36 38 59 68 46 47 23 25 59 82 43 25 0 34 58 32 83 39 51 13 67 11 49 38 
37 22 57 78 71 44 18 36 35 36 67 28 29 65 24 46 46 53 52 38 28 55 34 41 63 23 49 41 39 67 26 41 16 33 32 58 53 21 62 63 80 28 17 48 26 50 41 53 34 0 36 66 49 38 19 38 38 38 37 24 
53 58 36 97 107 65 29 69 24 70 103 38 65 101 14 80 67 85 64 66 29 60 42 69 91 16 85 21 30 91 52 60 20 36 40 89 87 57 98 98 99 62 35 54 27 63 76 64 58 36 0 82 58 29 24 67 19 66 72 19 
30 67 67 15 91 105 83 84 96 81 82 45 64 89 79 87 21 44 18 33 53 120 100 97 31 67 64 66 102 21 39 25 73 46 43 42 50 68 76 90 17 77 52 29 90 114 68 20 32 66 82 0 114 56 81 35 95 33 77 64 
87 53 93 126 86 21 35 47 34 50 87 75 60 79 47 55 94 93 101 84 72 6 17 34 106 59 79 76 30 113 75 90 48 79 79 98 90 51 85 75 128 47 65 96 31 9 67 102 83 49 58 114 0 79 38 83 41 85 55 62 
30 57 19 71 104 80 45 74 50 74 98 18 62 99 33 83 45 71 38 49 11 83 62 79 72 20 78 10 56 69 36 39 31 12 17 74 74 57 92 97 73 65 24 27 48 82 73 37 39 38 29 56 79 0 41 51 46 50 73 17 
52 37 56 95 85 41 5 46 16 48 83 39 45 79 10 57 63 72 66 57 34 43 21 45 81 21 67 39 21 85 44 57 10 41 42 77 72 36 78 76 97 40 30 59 8 42 57 67 51 19 24 81 38 41 0 56 19 57 50 24 
24 32 69 44 60 71 56 49 72 46 52 33 29 57 59 51 16 20 31 3 42 89 71 62 25 51 32 59 77 30 15 18 51 39 35 23 23 34 46 57 46 42 32 37 64 81 33 35 13 38 67 35 83 51 56 0 74 3 41 48 
66 57 55 110 104 52 22 64 8 66 102 51 65 98 16 75 78 91 78 74 43 43 27 59 99 29 86 40 12 101 60 72 24 51 54 95 91 55 98 94 112 58 45 70 16 48 76 78 67 38 19 95 41 46 19 74 0 74 68 32 
22 34 67 42 62 73 57 51 72 48 55 32 31 59 58 54 14 21 29 0 40 91 72 64 25 50 34 58 77 29 15 15 51 37 33 24 25 36 49 60 44 44 31 35 64 83 36 33 11 38 66 33 85 50 57 3 74 0 44 47 
59 16 92 85 36 37 46 9 62 6 34 58 13 29 58 11 57 42 70 44 61 61 50 24 58 60 24 77 64 67 44 56 51 64 61 47 38 16 31 26 86 10 48 72 53 50 12 74 49 37 72 77 55 73 50 41 68 44 0 60 
34 45 34 78 93 63 28 60 34 60 89 19 51 88 17 70 48 67 46 47 11 67 46 64 72 4 69 17 41 72 33 41 15 19 21 71 69 44 83 86 80 52 16 38 32 66 62 46 38 24 19 64 62 17 24 48 32 47 60 0 
0 1291 289 0 0 0 80 0 1429 292 0 373 71 47 150 305 146 50 167 274 0 0 126 37 374 0 35 105 318 0 11 0 3000 2345 24 98 43 0 351 0 110 1015 40 1230 212 59 228 26 78 0 64 292 0 389 11 100 619 32 0 63 
1291 0 356 0 57 63 143 0 45 3000 0 0 25 437 95 29 53 19 20 103 0 35 32 230 9 369 19 31 477 0 754 0 453 43 44 3000 294 0 146 440 386 435 36 74 36 55 1742 171 12 0 177 2374 114 186 613 399 50 345 24 266 
289 356 0 0 117 486 3000 0 43 957 407 0 1081 41 107 582 527 259 17 3000 0 19 863 11 12 25 28 170 41 1432 552 53 40 190 15 53 354 176 15 19 109 62 27 84 290 20 102 825 241 311 31 19 1811 94 600 20 1013 20 79 10 
0 0 0 0 26 617 0 63 0 0 596 0 40 3000 42 2970 0 0 7 0 938 0 353 21 409 181 86 0 0 41 0 990 72 10 0 0 0 1674 0 2162 0 131 11 1757 14 338 90 0 220 44 0 54 0 0 0 0 232 0 45 1588 
0 57 117 26 0 15 11 25 77 0 17 0 53 0 3000 207 95 50 63 1819 788 214 31 143 0 43 422 0 80 253 32 21 120 0 0 0 0 0 67 129 0 77 354 0 0 0 28 0 1330 41 0 47 60 0 0 2778 0 91 2097 45 
0 63 486 617 15 0 12 62 0 0 7 0 2942 0 9 14 22 33 59 0 12 1360 27 13 138 212 233 0 103 13 71 55 77 255 12 0 0 41 219 8 0 45 31 22 3000 2407 205 0 114 656 0 26 319 0 0 13 0 0 26 1058 
80 143 3000 0 11 12 0 0 93 194 0 0 26 0 65 249 190 131 147 11 0 55 88 23 379 0 16 120 16 0 944 0 1564 97 1110 11 499 0 29 20 19 179 101 2596 0 0 21 20 25 0 21 61 44 1074 43 81 0 25 17 38 
0 0 0 63 25 62 0 0 0 0 228 0 37 0 36 2015 0 0 90 0 102 0 107 0 0 161 0 0 0 214 0 129 150 0 0 0 0 909 0 93 0 0 10 1489 88 205 91 0 0 24 0 42 0 0 0 0 0 0 12 369 
1429 45 43 0 77 0 93 0 0 105 0 0 67 0 1015 1123 1622 128 588 14 0 258 231 324 44 0 768 18 291 0 478 0 17 10 1533 90 58 0 494 0 397 230 652 11 0 0 114 40 48 0 174 475 472 387 11 30 0 14 0 8 
292 3000 957 0 0 0 194 0 105 0 496 132 440 335 31 29 9 47 1267 31 0 0 99 58 124 1052 398 10 79 0 139 0 8 56 47 285 15 159 672 0 75 3000 59 181 828 1267 22 15 977 0 14 11 0 134 54 0 3000 41 0 24 
0 0 407 596 17 7 0 228 0 496 0 0 11 29 490 61 625 0 80 0 120 0 14 245 74 24 34 0 161 1439 166 2807 2302 554 75 475 0 298 0 247 0 80 243 48 13 47 123 0 180 683 0 74 0 33 0 239 134 0 393 176 
373 0 0 0 0 0 0 0 0 132 0 0 0 144 656 73 332 0 0 0 0 0 0 550 73 51 0 13 0 0 0 0 0 43 203 12 0 141 0 0 110 0 0 387 254 54 98 775 0 0 130 2394 0 16 54 0 99 0 0 0 
71 25 1081 40 53 2942 26 37 67 440 11 0 0 88 19 158 179 3000 867 196 20 194 40 110 8 52 3000 114 775 217 116 201 848 65 199 84 254 97 3000 8 10 8 103 36 993 44 1105 438 80 28 258 260 147 3000 1001 32 15 1990 8 17 
47 437 41 3000 0 0 0 0 0 335 29 144 88 0 663 297 1085 0 8 0 0 0 0 429 35 631 0 12 0 29 0 0 50 7 203 72 0 604 0 0 94 19 0 198 463 17 98 9 0 0 90 258 0 15 77 0 655 0 713 53 
150 95 107 42 3000 9 65 36 1015 31 490 656 19 663 0 452 46 335 351 793 22 0 96 10 241 145 11 29 85 52 302 45 11 89 352 1338 0 970 308 2968 20 1145 66 57 57 39 41 28 123 79 0 13 0 18 30 806 154 514 12 62 
305 29 582 2970 207 14 249 2015 1123 29 61 73 158 297 452 0 125 36 353 37 845 0 3000 2694 9 3000 739 9 668 53 208 10 20 1070 11 75 0 159 10 3000 11 39 446 44 44 95 705 10 1175 11 1302 29 0 36 465 9 9 153 230 906 
146 53 527 0 95 22 190 0 1622 9 625 332 179 1085 46 125 0 278 66 77 0 0 3000 68 1241 13 9 744 152 0 74 0 122 14 34 59 515 143 42 453 250 14 29 1047 78 323 274 584 14 0 248 22 0 749 22 34 80 586 42 149 
50 19 259 0 50 33 131 0 128 47 0 0 3000 0 335 36 278 0 20 50 0 3000 83 62 55 0 7 606 2079 0 17 783 357 45 1316 42 141 0 36 35 17 53 93 358 0 0 119 94 663 0 64 1156 88 344 42 98 0 1785 73 67 
167 20 17 7 63 59 147 90 588 1267 80 0 867 8 351 353 66 20 0 317 58 168 151 1089 222 33 111 20 189 13 226 336 2225 88 460 120 0 368 63 109 59 1853 62 140 19 62 108 162 16 25 0 647 113 27 10 268 744 240 96 66 
274 103 3000 0 1819 0 11 0 14 31 0 0 196 0 793 37 77 50 317 0 0 58 103 17 1258 0 50 10 46 0 29 0 156 102 164 94 17 0 274 3000 26 659 28 0 0 0 328 123 32 0 112 182 12 290 214 3000 0 10 0 2809 
0 0 0 938 788 12 0 102 0 0 120 0 20 0 22 845 0 0 58 0 0 0 1083 9 246 18 13 0 0 17 0 136 15 243 0 0 0 11 0 75 0 458 22 32 40 746 99 0 1251 54 0 223 0 0 0 0 0 0 8 34 
0 35 19 0 214 1360 55 0 258 0 0 0 194 0 0 0 0 3000 168 58 0 0 50 60 0 0 46 0 46 0 223 196 247 0 0 0 0 0 75 32 0 35 107 0 0 0 26 0 560 127 0 0 42 0 0 1022 0 116 13 3000 
126 32 863 353 31 27 88 107 231 99 14 0 40 0 96 3000 3000 83 151 103 1083 50 0 908 40 117 7 0 69 80 132 76 181 934 58 142 0 66 54 37 303 27 8 17 0 0 84 407 93 447 0 379 14 34 0 41 0 874 3000 184 
37 230 11 21 143 13 23 0 324 58 245 550 110 429 10 2694 68 62 1089 17 9 60 908 0 274 44 137 21 512 113 33 17 594 19 1013 801 237 32 13 392 63 733 124 610 217 3000 3000 489 25 19 38 25 766 195 167 33 257 75 827 321 
374 9 12 409 0 138 379 0 44 124 74 73 8 35 241 9 1241 55 222 1258 246 0 40 274 0 75 9 14 526 149 230 142 87 50 32 73 14 116 116 33 164 315 943 10 47 668 372 17 474 126 25 43 0 1994 3000 574 39 13 116 962 
0 369 25 181 43 212 0 161 0 1052 24 51 52 631 145 3000 13 0 33 0 18 0 117 44 75 0 23 0 418 14 15 36 604 46 139 36 0 465 0 193 0 315 37 432 299 281 171 0 110 122 0 3000 0 1631 339 199 52 0 193 63 
35 19 28 86 422 233 16 0 768 398 34 0 3000 0 11 739 9 7 111 50 13 46 7 137 9 23 0 378 632 10 387 11 8 52 224 9 38 319 8 95 1193 2469 61 80 0 493 9 35 78 197 95 515 99 56 531 20 0 124 1294 148 
105 31 170 0 0 0 120 0 18 10 0 13 114 12 29 9 744 606 20 10 0 0 0 21 14 0 378 0 16 0 99 0 285 15 76 3000 196 0 13 0 9 3000 1244 209 94 358 49 34 1090 0 281 18 0 425 39 0 250 872 0 0 
318 477 41 0 80 103 16 0 291 79 161 0 775 0 85 668 152 2079 189 46 0 46 69 512 526 418 632 16 0 0 331 11 230 20 587 74 7 0 129 97 17 53 40 21 0 0 129 746 19 30 79 248 610 800 19 113 0 637 85 1339 
0 0 1432 41 253 13 0 214 0 0 1439 0 217 29 52 53 0 0 13 0 17 0 80 113 149 14 10 0 0 0 0 948 231 1071 110 0 0 351 0 15 0 87 426 24 103 720 739 0 7 21 0 677 0 502 0 0 61 0 420 221 
11 754 552 0 32 71 944 0 478 139 166 0 116 0 302 208 74 17 226 29 0 223 132 33 230 15 387 99 331 0 0 67 12 175 41 12 307 0 64 306 38 11 146 17 0 0 19 244 149 3000 492 99 311 331 2937 156 0 290 80 253 
0 0 53 990 21 55 0 129 0 0 2807 0 201 0 45 10 0 783 336 0 136 196 76 17 142 36 11 0 11 948 67 0 102 1492 0 0 0 232 43 687 0 79 20 787 364 101 75 0 457 15 0 18 11 0 0 48 0 0 40 28 
3000 453 40 72 120 77 1564 150 17 8 2302 0 848 50 11 20 122 357 2225 156 15 247 181 594 87 604 8 285 230 231 12 102 0 2109 56 396 67 366 74 445 128 46 65 21 104 13 23 304 219 2138 68 30 114 113 1784 9 476 68 693 161 
2345 43 190 10 0 255 97 0 10 56 554 43 65 7 89 1070 14 45 88 102 243 0 934 19 50 46 52 15 20 1071 175 1492 2109 0 256 1235 1074 10 19 3000 17 76 1071 194 167 19 31 167 339 20 3000 43 0 1039 92 63 162 22 160 304 
24 44 15 0 0 12 1110 0 1533 47 75 203 199 203 352 11 34 1316 460 164 0 0 58 1013 32 139 224 76 587 110 41 0 56 256 0 19 60 1085 303 1846 32 237 55 793 34 160 497 25 29 0 132 3000 0 131 931 101 12 295 692 69 
98 3000 53 0 0 0 11 0 90 285 475 12 84 72 1338 75 59 42 120 94 0 0 142 801 73 36 9 3000 74 0 12 0 396 1235 19 0 87 453 112 0 157 21 9 134 716 228 139 109 3000 0 1943 73 0 8 9 765 30 27 0 311 
43 294 354 0 0 0 499 0 58 15 0 0 254 0 0 0 515 141 0 17 0 0 0 237 14 0 38 196 7 0 307 0 67 1074 60 87 0 0 55 0 17 21 0 0 0 0 139 287 55 0 42 0 0 23 605 851 0 175 0 0 
0 0 176 1674 0 41 0 909 0 159 298 141 97 604 970 159 143 0 368 0 11 0 66 32 116 465 319 0 0 351 0 232 366 10 1085 453 0 0 0 70 0 531 540 1666 741 23 94 0 300 427 0 98 0 186 47 0 8 0 49 344 
351 146 15 0 67 219 29 0 494 672 0 0 3000 0 308 10 42 36 63 274 0 75 54 13 116 0 8 13 129 0 64 43 74 19 303 112 55 0 0 17 41 360 28 11 0 0 390 145 86 0 329 541 271 8 34 156 0 51 8 15 
0 440 19 2162 129 8 20 93 0 0 247 0 8 0 2968 3000 453 35 109 3000 75 32 37 392 33 193 95 0 97 15 306 687 445 3000 1846 0 0 70 17 0 0 518 190 72 12 49 69 0 13 319 0 9 16 0 0 106 0 0 30 16 
110 386 109 0 0 0 19 0 397 75 0 110 10 94 20 11 250 17 59 26 0 0 303 63 164 0 1193 9 17 0 38 0 128 17 32 157 17 0 41 0 0 234 123 1196 39 58 3000 3000 43 0 2725 163 0 168 54 360 39 123 0 0 
1015 435 62 131 77 45 179 0 230 3000 80 0 8 19 1145 39 14 53 1853 659 458 35 27 733 315 315 2469 3000 53 87 11 79 46 76 237 21 21 531 360 518 234 0 527 262 174 18 237 62 109 388 22 29 106 1111 77 125 316 12 128 179 
40 36 27 11 354 31 101 10 652 59 243 0 103 0 66 446 29 93 62 28 22 107 8 124 943 37 61 1244 40 426 146 20 65 1071 55 9 0 540 28 190 123 527 0 7 0 10 798 388 272 1000 2236 400 139 34 124 460 0 301 951 3000 
1230 74 84 1757 0 22 2596 1489 11 181 48 387 36 198 57 44 1047 358 140 0 32 0 17 610 10 432 80 209 21 24 17 787 21 194 793 134 0 1666 11 72 1196 262 7 0 109 112 74 1055 257 19 11 9 0 9 21 23 69 15 164 196 
212 36 290 14 0 3000 0 88 0 828 13 254 993 463 57 44 78 0 19 0 40 0 0 217 47 299 0 94 0 103 0 364 104 167 34 716 0 741 0 12 39 174 0 109 0 22 258 28 0 60 12 111 0 26 47 0 56 0 32 54 
59 55 20 338 0 2407 0 205 0 1267 47 54 44 17 39 95 323 0 62 0 746 0 0 3000 668 281 493 358 0 720 0 101 13 19 160 228 0 23 0 49 58 18 10 112 22 0 1231 339 265 845 0 753 0 192 788 0 17 0 1638 245 
228 1742 102 90 28 205 21 91 114 22 123 98 1105 98 41 705 274 119 108 328 99 26 84 3000 372 171 9 49 129 739 19 75 23 31 497 139 139 94 390 69 3000 237 798 74 258 1231 0 467 15 28 22 255 175 59 1348 248 395 25 56 156 
26 171 825 0 0 0 20 0 40 15 0 775 438 9 28 10 584 94 162 123 0 0 407 489 17 0 35 34 746 0 244 0 304 167 25 109 287 0 145 0 3000 62 388 1055 28 339 467 0 76 0 1694 64 0 20 354 481 133 573 0 0 
78 12 241 220 1330 114 25 0 48 977 180 0 80 0 123 1175 14 663 16 32 1251 560 93 25 474 110 78 1090 19 7 149 457 219 339 29 3000 55 300 86 13 43 109 272 257 0 265 15 76 0 65 201 86 443 106 9 385 0 119 36 60 
0 0 311 44 41 656 0 24 0 0 683 0 28 0 79 11 0 0 25 0 54 127 447 19 126 122 197 0 30 21 3000 15 2138 20 0 0 0 427 0 319 0 388 1000 19 60 845 28 0 65 0 0 61 235 0 0 617 0 0 20 49 
64 177 31 0 0 0 21 0 174 14 0 130 258 90 0 1302 248 64 0 112 0 0 0 38 25 0 95 281 79 0 492 0 68 3000 132 1943 42 0 329 0 2725 22 2236 11 12 0 22 1694 201 0 0 168 0 9 62 26 452 215 0 0 
292 2374 19 54 47 26 61 42 475 11 74 2394 260 258 13 29 22 1156 647 182 223 0 379 25 43 3000 515 18 248 677 99 18 30 43 3000 73 0 98 541 9 163 29 400 9 111 753 255 64 86 61 168 0 0 209 15 465 334 11 83 1530 
0 114 1811 0 60 319 44 0 472 0 0 0 147 0 0 0 0 88 113 12 0 42 14 766 0 0 99 0 610 0 311 11 114 0 0 0 0 0 271 16 0 106 139 0 0 0 175 0 443 235 0 0 0 0 0 17 0 54 411 423 
389 186 94 0 0 0 1074 0 387 134 33 16 3000 15 18 36 749 344 27 290 0 0 34 195 1994 1631 56 425 800 502 331 0 113 1039 131 8 23 186 8 0 168 1111 34 9 26 192 59 20 106 0 9 209 0 0 96 0 143 54 323 35 
11 613 600 0 0 0 43 0 11 54 0 54 1001 77 30 465 22 42 10 214 0 0 0 167 3000 339 531 39 19 0 2937 0 1784 92 931 9 605 47 34 0 54 77 124 21 47 788 1348 354 9 0 62 15 0 96 0 0 26 42 0 21 
100 399 20 0 2778 13 81 0 30 0 239 0 32 0 806 9 34 98 268 3000 0 1022 41 33 574 199 20 0 113 0 156 48 9 63 101 765 851 0 156 106 360 125 460 23 0 0 248 481 385 617 26 465 17 0 0 0 0 9 12 51 
619 50 1013 232 0 0 0 0 0 3000 134 99 15 655 154 9 80 0 744 0 0 0 0 257 39 52 0 250 0 61 0 0 476 162 12 30 0 8 0 0 39 316 0 69 56 17 395 133 0 0 452 334 0 143 26 0 0 0 196 18 
32 345 20 0 91 0 25 0 14 41 0 0 1990 0 514 153 586 1785 240 10 0 116 874 75 13 0 124 872 637 0 290 0 68 22 295 27 175 0 51 0 123 12 301 15 0 0 25 573 119 0 215 11 54 54 42 9 0 0 0 0 
0 24 79 45 2097 26 17 12 0 0 393 0 8 713 12 230 42 73 96 0 8 13 3000 827 116 193 1294 0 85 420 80 40 693 160 692 0 0 49 8 30 0 128 951 164 32 1638 56 0 36 20 0 83 411 323 0 12 196 0 0 583 
63 266 10 1588 45 1058 38 369 8 24 176 0 17 53 62 906 149 67 66 2809 34 3000 184 321 962 63 148 0 1339 221 253 28 161 304 69 311 0 344 15 16 0 179 3000 196 54 245 156 0 60 49 0 1530 423 35 21 51 18 0 583 0 
