80
0 44 80 41 50 77 81 33 73 48 43 98 80 79 99 64 43 64 65 15 17 28 61 20 81 44 85 32 68 13 24 67 26 68 78 50 71 84 90 85 15 51 20 63 30 94 32 57 39 62 49 6 70 42 36 80 88 53 80 75 95 98 68 47 44 100 64 7 67 91 82 69 51 20 60 24 15 40 67 35 
44 0 98 21 50 51 101 38 76 7 73 86 90 87 120 94 25 39 26 47 53 60 59 32 56 61 89 41 56 57 44 44 66 81 94 69 42 71 89 59 58 31 51 21 66 101 13 85 48 91 60 39 57 2 27 81 99 23 96 54 115 100 39 55 64 93 81 38 80 110 56 87 77 25 69 26 55 24 53 18 
80 98 0 77 49 78 7 60 32 96 41 62 15 20 22 30 74 76 98 66 64 53 44 71 79 39 26 57 57 80 60 73 63 17 5 31 83 58 38 82 75 72 61 103 55 23 87 29 50 31 38 79 57 96 71 33 14 84 4 72 19 37 83 43 37 52 17 78 19 13 81 11 31 80 30 75 68 74 59 79 
41 21 77 0 29 38 81 20 55 18 58 68 69 66 100 77 4 24 27 37 43 46 38 22 42 42 68 24 37 53 29 29 56 60 73 50 30 52 68 46 52 12 39 28 54 80 15 68 29 74 40 35 38 20 8 60 79 13 75 38 95 79 28 35 45 73 61 34 59 90 42 67 59 21 48 17 47 3 34 7 
50 50 49 29 0 38 53 18 27 48 40 49 40 37 71 54 26 30 50 37 41 36 12 32 41 19 40 17 21 57 26 30 50 31 44 25 38 35 42 45 54 24 35 54 44 51 42 45 12 52 13 45 22 49 24 32 49 36 46 34 67 52 38 9 23 50 33 44 30 61 42 38 37 38 18 33 46 26 21 33 
77 51 78 38 38 0 84 47 47 45 79 39 65 60 100 91 34 13 32 69 74 73 36 57 5 58 58 49 21 88 59 10 86 62 73 63 10 27 52 8 86 26 69 39 81 70 52 83 48 89 51 71 21 52 41 48 73 29 75 7 97 62 13 47 62 49 67 70 61 90 5 71 75 58 51 53 79 37 19 44 
81 101 7 81 53 84 0 63 38 99 40 68 22 27 19 26 78 81 103 66 64 53 49 73 85 41 33 60 63 79 61 79 62 22 12 33 88 64 45 88 74 76 61 107 54 29 90 26 52 27 41 80 63 99 74 40 20 88 10 78 15 43 88 46 38 58 20 79 23 11 86 14 30 82 35 78 68 77 65 82 
33 38 60 20 18 47 63 0 44 37 38 66 55 52 82 57 18 35 46 23 28 28 29 14 51 23 56 4 35 42 12 37 39 45 57 31 43 51 60 55 39 23 23 48 36 67 27 48 11 55 23 28 37 36 12 50 64 31 59 44 78 69 41 19 26 68 43 27 43 73 51 49 40 21 33 16 32 17 34 19 
73 76 32 55 27 47 38 44 0 72 49 34 18 13 53 52 51 46 71 60 61 53 17 58 48 32 13 42 26 78 50 43 66 18 27 31 53 26 17 50 74 46 56 76 59 26 68 45 35 51 25 70 26 75 51 6 26 58 28 41 49 25 54 27 34 29 25 69 18 43 49 27 41 65 14 59 66 52 29 59 
48 7 96 18 48 45 99 37 72 0 74 81 87 84 118 94 22 33 20 49 55 61 56 34 50 60 86 41 51 61 44 38 69 79 92 68 35 66 85 53 62 27 53 16 68 98 16 85 47 92 58 43 53 8 26 77 97 17 94 48 114 95 32 53 63 88 79 42 77 108 49 85 77 28 66 27 58 22 49 18 
43 73 41 58 40 79 40 38 49 74 0 82 46 48 57 22 57 69 85 30 26 15 46 42 82 21 55 34 60 39 30 70 22 35 41 19 78 70 65 85 35 59 24 86 14 60 61 14 31 19 29 43 61 72 50 55 52 69 42 74 53 69 77 31 17 77 28 43 34 50 83 32 10 50 35 48 29 55 61 56 
98 86 62 68 49 39 68 66 34 81 82 0 46 42 78 85 63 47 70 86 89 83 38 79 36 63 35 66 31 106 75 42 97 51 57 63 48 15 24 35 102 55 84 77 90 44 83 79 61 84 54 94 30 86 67 29 51 64 58 34 76 31 51 54 65 13 59 92 51 70 37 60 74 84 46 79 95 66 33 74 
80 90 15 69 40 65 22 55 18 87 46 46 0 5 35 42 65 64 87 65 65 55 32 67 65 36 12 52 44 81 57 61 67 11 10 31 70 43 23 67 77 62 60 92 59 14 81 38 44 41 32 77 44 89 63 18 10 74 11 58 32 24 71 36 36 37 18 76 13 25 67 15 36 75 21 70 70 66 46 72 
79 87 20 66 37 60 27 52 13 84 48 42 5 0 40 45 62 59 83 65 65 55 28 65 60 36 8 50 39 82 56 56 68 12 15 31 66 38 19 63 77 58 60 88 60 15 78 40 42 45 30 76 39 86 61 13 13 70 16 53 37 22 67 34 36 33 20 75 14 30 62 19 38 73 19 68 70 63 42 69 
99 120 22 100 71 100 19 82 53 118 57 78 35 40 0 39 97 98 121 85 83 72 66 92 100 60 44 79 79 97 81 95 79 40 27 52 105 77 54 102 92 94 80 125 71 34 109 43 72 41 60 99 79 119 93 53 28 106 25 93 5 49 105 65 58 66 39 98 41 10 102 33 49 101 53 97 86 96 81 101 
64 94 30 77 54 91 26 57 52 94 22 85 42 45 39 0 75 84 102 51 47 37 56 63 93 36 53 53 71 59 51 84 41 35 33 29 92 77 64 97 54 76 46 105 34 53 82 9 48 2 41 65 72 92 69 56 44 87 33 86 35 66 92 45 32 78 27 64 34 35 95 26 18 71 42 68 49 74 72 76 
43 25 74 4 26 34 78 18 51 22 57 63 65 62 97 75 0 21 28 38 43 46 34 23 39 40 64 22 32 55 29 25 56 57 70 47 28 48 64 43 53 9 40 30 54 77 19 66 27 73 37 38 34 24 8 56 75 13 72 34 92 75 25 32 43 69 58 36 56 87 39 64 57 24 44 19 48 3 30 10 
64 39 76 24 30 13 81 35 46 33 69 47 64 59 98 84 21 0 25 57 62 62 32 43 18 49 59 37 21 75 47 5 74 58 71 55 8 33 55 22 73 13 57 31 70 71 39 75 38 82 43 58 22 39 28 49 73 17 73 14 94 66 8 39 53 56 62 57 58 88 18 67 67 45 46 40 67 24 18 31 
65 26 98 27 50 32 103 46 71 20 85 70 87 83 121 102 28 25 0 64 70 73 55 48 36 67 83 50 46 78 57 29 83 81 94 74 22 57 80 38 78 27 67 7 81 96 34 93 54 100 63 60 46 27 35 74 96 16 96 37 117 91 19 58 71 80 83 59 80 111 35 89 85 45 68 43 73 30 43 31 
15 47 66 37 37 69 66 23 60 49 30 86 65 65 85 51 38 57 64 0 6 14 48 16 73 29 70 21 57 19 11 59 19 54 64 35 65 72 76 77 17 44 5 64 20 79 34 44 26 49 35 14 59 45 30 66 73 50 65 66 80 84 63 33 29 86 49 13 52 77 74 55 37 22 46 22 10 35 57 33 
17 53 64 43 41 74 64 28 61 55 26 89 65 65 83 47 43 62 70 6 0 11 51 22 78 29 71 25 61 17 15 64 13 54 63 34 70 75 78 82 13 50 5 70 15 79 40 40 29 45 36 17 63 51 36 67 73 56 64 71 78 85 68 35 29 89 48 17 52 75 79 54 34 28 47 28 5 41 61 39 
28 60 53 46 36 73 53 28 53 61 15 83 55 55 72 37 46 62 73 14 11 0 45 28 76 21 62 24 57 26 17 63 14 44 52 24 70 70 70 80 22 50 9 74 8 69 47 30 25 34 29 28 59 58 38 59 62 58 54 69 67 76 69 29 20 81 38 27 42 64 77 43 23 35 39 34 15 44 57 43 
61 59 44 38 12 36 49 29 17 56 46 38 32 28 66 56 34 32 55 48 51 45 0 43 37 26 30 29 15 68 38 30 59 27 39 29 39 25 31 41 64 30 46 60 53 42 52 48 23 54 17 57 16 59 34 21 42 42 41 30 62 41 39 16 29 39 31 56 26 56 39 36 41 50 15 44 57 35 16 43 
20 32 71 22 32 57 73 14 58 34 42 79 67 65 92 63 23 43 48 16 22 28 43 0 61 32 70 15 49 32 12 47 35 56 68 40 51 64 74 65 30 31 19 48 35 80 19 54 23 60 35 15 50 30 15 63 76 35 70 55 88 83 48 31 35 82 54 14 55 83 61 60 46 9 46 6 25 20 47 17 
81 56 79 42 41 5 85 51 48 50 82 36 65 60 100 93 39 18 36 73 78 76 37 61 0 61 58 53 23 92 63 14 89 63 74 65 14 25 50 4 90 30 73 43 85 70 57 85 52 92 53 76 22 56 46 48 73 33 76 8 97 61 17 50 64 47 69 74 63 91 1 72 78 63 52 58 83 42 21 49 
44 61 39 42 19 58 41 23 32 60 21 63 36 36 60 36 40 49 67 29 29 21 26 32 61 0 42 19 39 46 21 49 35 25 36 8 58 50 49 64 42 41 25 69 27 50 49 27 13 33 9 41 40 59 34 38 45 51 38 53 55 56 57 11 4 60 21 40 23 51 62 28 18 41 18 37 34 39 40 42 
85 89 26 68 40 58 33 56 13 86 55 35 12 8 44 53 64 59 83 70 71 62 30 70 58 42 0 55 38 88 61 55 75 20 22 38 64 33 12 59 84 59 66 89 67 13 81 48 47 52 36 82 38 88 64 10 16 71 23 51 41 14 66 39 43 25 28 80 21 35 59 26 46 77 24 72 76 65 41 72 
32 41 57 24 17 49 60 4 42 41 34 66 52 50 79 53 22 37 50 21 25 24 29 15 53 19 55 0 37 40 10 40 37 42 54 27 46 51 59 57 38 26 20 52 33 65 30 44 8 51 20 28 38 40 16 48 61 35 56 46 75 68 44 16 22 67 40 27 40 70 54 46 36 23 31 18 30 21 36 23 
68 56 57 37 21 21 63 35 26 51 60 31 44 39 79 71 32 21 46 57 61 57 15 49 23 39 38 37 0 77 46 17 71 41 52 43 26 16 34 26 74 25 56 51 65 51 52 63 33 69 31 63 1 56 36 28 52 35 54 15 75 45 28 29 43 37 46 62 40 69 24 50 56 53 29 48 66 34 3 43 
13 57 80 53 57 88 79 42 78 61 39 106 81 82 97 59 55 75 78 19 17 26 68 32 92 46 88 40 77 0 31 78 18 70 78 51 82 91 95 96 5 62 22 77 25 96 45 53 45 57 53 18 78 55 47 84 89 66 80 85 92 102 80 52 46 105 64 20 68 89 93 69 49 33 64 36 12 52 76 47 
24 44 60 29 26 59 61 12 50 44 30 75 57 56 81 51 29 47 57 11 15 17 38 12 63 21 61 10 46 31 0 49 27 46 57 29 55 61 66 67 28 35 11 57 25 71 31 42 15 48 26 21 48 42 21 56 66 42 59 56 76 75 53 23 23 76 43 19 44 72 63 49 34 21 37 18 20 27 45 27 
67 44 73 29 30 10 79 37 43 38 70 42 61 56 95 84 25 5 29 59 64 63 30 47 14 49 55 40 17 78 49 0 76 56 68 55 9 28 51 18 76 16 60 35 72 68 43 75 39 82 43 62 18 44 32 46 70 22 70 9 92 62 10 39 53 51 61 60 56 86 15 65 67 49 44 44 69 28 14 35 
26 66 63 56 50 86 62 39 66 69 22 97 67 68 79 41 56 74 83 19 13 14 59 35 89 35 75 37 71 18 27 76 0 56 63 37 82 84 83 93 14 62 17 83 8 81 53 36 38 39 43 29 72 64 48 73 74 69 64 82 74 89 80 43 33 95 49 29 54 72 90 54 32 41 52 41 11 54 71 52 
68 81 17 60 31 62 22 45 18 79 35 51 11 12 40 35 57 58 81 54 54 44 27 56 63 25 20 42 41 70 46 56 56 0 13 19 66 44 30 66 66 55 49 85 48 26 71 29 34 34 22 66 41 80 54 22 20 67 15 56 36 34 66 26 25 44 8 65 2 30 65 9 26 65 13 60 58 57 43 63 
78 94 5 73 44 73 12 57 27 92 41 57 10 15 27 33 70 71 94 64 63 52 39 68 74 36 22 54 52 78 57 68 63 13 0 29 78 52 33 76 74 67 59 98 54 20 83 30 46 33 34 77 52 92 67 28 11 79 2 67 23 33 78 39 35 47 15 76 14 17 75 9 31 77 26 72 67 70 54 75 
50 69 31 50 25 63 33 31 31 68 19 63 31 31 52 29 47 55 74 35 34 24 29 40 65 8 38 27 43 51 29 55 37 19 29 0 64 52 47 69 46 48 30 77 29 45 57 20 21 27 12 48 44 67 42 37 38 59 31 57 48 52 63 16 6 59 14 47 18 43 67 20 12 49 17 45 39 46 44 50 
71 42 83 30 38 10 88 43 53 35 78 48 70 66 105 92 28 8 22 65 70 70 39 51 14 58 64 46 26 82 55 9 82 66 78 64 0 36 59 17 81 20 65 29 78 77 44 84 47 90 51 65 27 42 35 55 79 20 80 15 101 70 3 47 61 58 70 64 65 95 14 74 76 51 53 47 74 30 24 37 
84 71 58 52 35 27 64 51 26 66 70 15 43 38 77 77 48 33 57 72 75 70 25 64 25 50 33 51 16 91 61 28 84 44 52 52 36 0 25 26 88 40 70 64 77 45 68 70 46 76 42 79 14 71 52 24 49 49 54 21 74 35 38 41 53 23 51 77 44 68 27 53 64 69 36 63 81 50 18 58 
90 89 38 68 42 52 45 60 17 85 65 24 23 19 54 64 64 55 80 76 78 70 31 74 50 49 12 59 34 95 66 51 83 30 33 47 59 25 0 52 91 58 73 86 75 20 83 59 51 64 41 87 33 88 65 11 27 69 34 45 52 11 61 43 50 14 38 85 31 46 52 38 56 80 31 75 83 66 37 73 
85 59 82 46 45 8 88 55 50 53 85 35 67 63 102 97 43 22 38 77 82 80 41 65 4 64 59 57 26 96 67 18 93 66 76 69 17 26 52 0 94 34 77 45 88 71 60 89 56 95 57 80 25 60 50 50 75 37 78 12 99 62 20 54 68 47 72 78 66 93 4 75 81 67 55 62 87 46 25 53 
15 58 75 52 54 86 74 39 74 62 35 102 77 77 92 54 53 73 78 17 13 22 64 30 90 42 84 38 74 5 28 76 14 66 74 46 81 88 91 94 0 61 19 77 21 91 46 49 42 52 50 19 75 56 46 80 84 65 75 83 87 98 79 48 41 102 60 20 64 85 91 65 44 33 60 36 8 51 73 47 
51 31 72 12 24 26 76 23 46 27 59 55 62 58 94 76 9 13 27 44 50 50 30 31 30 41 59 26 25 62 35 16 62 55 67 48 20 40 58 34 61 0 45 31 59 72 28 67 28 74 36 46 26 31 15 50 71 12 69 25 90 69 18 31 44 62 57 44 53 85 31 62 59 32 42 27 54 11 22 19 
20 51 61 39 35 69 61 23 56 53 24 84 60 60 80 46 40 57 67 5 5 9 46 19 73 25 66 20 56 22 11 60 17 49 59 30 65 70 73 77 19 45 0 67 15 75 38 38 23 43 31 19 57 49 32 62 68 52 60 66 75 80 64 30 24 83 44 19 47 72 74 50 31 26 42 26 11 37 55 36 
63 21 103 28 54 39 107 48 76 16 86 77 92 88 125 105 30 31 7 64 70 74 60 48 43 69 89 52 51 77 57 35 83 85 98 77 29 64 86 45 77 31 67 0 82 101 31 96 57 102 66 58 52 23 36 79 101 19 100 43 121 97 26 61 73 86 87 57 84 115 42 93 87 43 72 42 73 31 49 31 
30 66 55 54 44 81 54 36 59 68 14 90 59 60 71 34 54 70 81 20 15 8 53 35 85 27 67 33 65 25 25 72 8 48 54 29 78 77 75 88 21 59 15 82 0 73 54 28 33 32 36 32 66 65 46 65 65 66 56 77 67 81 77 36 25 87 41 32 46 64 86 45 24 41 45 41 15 52 65 51 
94 101 23 80 51 70 29 67 26 98 60 44 14 15 34 53 77 71 96 79 79 69 42 80 70 50 13 65 51 96 71 68 81 26 20 45 77 45 20 71 91 72 75 101 73 0 93 50 57 53 46 91 50 101 75 22 10 84 20 64 33 14 78 49 50 32 32 90 27 27 71 29 50 88 34 83 84 77 54 84 
32 13 87 15 42 52 90 27 68 16 61 83 81 78 109 82 19 39 34 34 40 47 52 19 57 49 81 30 52 45 31 43 53 71 83 57 44 68 83 60 46 28 38 31 54 93 0 73 38 79 49 27 53 11 18 73 90 24 86 53 105 93 41 45 52 88 70 26 70 100 57 76 65 13 59 13 42 17 49 9 
57 85 29 68 45 83 26 48 45 85 14 79 38 40 43 9 66 75 93 44 40 30 48 54 85 27 48 44 63 53 42 75 36 29 30 20 84 70 59 89 49 67 38 96 28 50 73 0 39 7 32 57 63 84 60 50 41 78 31 77 39 62 83 36 23 73 21 57 28 37 86 22 9 63 34 60 43 65 64 67 
39 48 50 29 12 48 52 11 35 47 31 61 44 42 72 48 27 38 54 26 29 25 23 23 52 13 47 8 33 45 15 39 38 34 46 21 47 46 51 56 42 28 23 57 33 57 38 39 0 46 12 35 34 47 22 41 53 39 48 44 67 60 46 8 16 61 32 34 32 62 53 39 31 31 23 26 34 26 32 30 
62 91 31 74 52 89 27 55 51 92 19 84 41 45 41 2 73 82 100 49 45 34 54 60 92 33 52 51 69 57 48 82 39 34 33 27 90 76 64 95 52 74 43 102 32 53 79 7 46 0 39 62 70 90 66 55 44 85 33 84 37 65 90 43 30 77 26 62 33 36 93 26 15 68 40 66 47 71 70 74 
49 60 38 40 13 51 41 23 25 58 29 54 32 30 60 41 37 43 63 35 36 29 17 35 53 9 36 20 31 53 26 43 43 22 34 12 51 42 41 57 50 36 31 66 36 46 49 32 12 39 0 46 32 59 33 31 41 48 36 45 56 49 51 5 12 52 21 45 20 51 54 27 25 43 11 38 42 36 32 41 
6 39 79 35 45 71 80 28 70 43 43 94 77 76 99 65 38 58 60 14 17 28 57 15 76 41 82 28 63 18 21 62 29 66 77 48 65 79 87 80 19 46 19 58 32 91 27 57 35 62 46 0 65 37 30 76 86 48 78 70 94 95 63 43 42 96 62 2 64 90 76 68 50 15 57 19 17 35 62 29 
70 57 57 38 22 21 63 37 26 53 61 30 44 39 79 72 34 22 46 59 63 59 16 50 22 40 38 38 1 78 48 18 72 41 52 44 27 14 33 25 75 26 57 52 66 50 53 63 34 70 32 65 0 57 37 28 52 36 54 15 75 44 28 30 44 35 46 63 40 69 24 50 56 55 30 49 68 36 4 44 
42 2 96 20 49 52 99 36 75 8 72 86 89 86 119 92 24 39 27 45 51 58 59 30 56 59 88 40 56 55 42 44 64 80 92 67 42 71 88 60 56 31 49 23 65 101 11 84 47 90 59 37 57 0 26 80 98 23 95 54 114 99 39 54 62 93 79 36 78 109 56 86 75 24 68 24 53 23 53 17 
36 27 71 8 24 41 74 12 51 26 50 67 63 61 93 69 8 28 35 30 36 38 34 15 46 34 64 16 36 47 21 32 48 54 67 42 35 52 65 50 46 15 32 36 46 75 18 60 22 66 33 30 37 26 0 56 73 20 69 40 89 75 33 28 38 71 54 29 53 83 46 60 51 18 42 12 40 5 34 9 
80 81 33 60 32 48 40 50 6 77 55 29 18 13 53 56 56 49 74 66 67 59 21 63 48 38 10 48 28 84 56 46 73 22 28 37 55 24 11 50 80 50 62 79 65 22 73 50 41 55 31 76 28 80 56 0 25 62 30 41 50 19 56 33 40 23 30 75 22 43 49 30 46 71 20 65 73 57 31 64 
88 99 14 79 49 73 20 64 26 97 52 51 10 13 28 44 75 73 96 73 73 62 42 76 73 45 16 61 52 89 66 70 74 20 11 38 79 49 27 75 84 71 68 101 65 10 90 41 53 44 41 86 52 98 73 25 0 83 11 66 26 23 80 45 44 40 25 85 22 19 75 20 42 84 31 80 77 75 55 82 
53 23 84 13 36 29 88 31 58 17 69 64 74 70 106 87 13 17 16 50 56 58 42 35 33 51 71 35 35 66 42 22 69 67 79 59 20 49 69 37 65 12 52 19 66 84 24 78 39 85 48 48 36 23 20 62 83 0 81 31 102 80 17 43 55 71 68 46 65 97 33 74 69 33 54 29 60 15 32 18 
80 96 4 75 46 75 10 59 28 94 42 58 11 16 25 33 72 73 96 65 64 54 41 70 76 38 23 56 54 80 59 70 64 15 2 31 80 54 34 78 75 69 60 100 56 20 86 31 48 33 36 78 54 95 69 30 11 81 0 68 22 33 80 41 36 48 16 78 16 15 77 11 32 78 28 74 68 72 56 77 
75 54 72 38 34 7 78 44 41 48 74 34 58 53 93 86 34 14 37 66 71 69 30 55 8 53 51 46 15 85 56 9 82 56 67 57 15 21 45 12 83 25 66 43 77 64 53 77 44 84 45 70 15 54 40 41 66 31 68 0 90 56 17 42 57 43 61 68 55 84 9 65 70 58 44 52 76 37 13 44 
95 115 19 95 67 97 15 78 49 114 53 76 32 37 5 35 92 94 117 80 78 67 62 88 97 55 41 75 75 92 76 92 74 36 23 48 101 74 52 99 87 90 75 121 67 33 105 39 67 37 56 94 75 114 89 50 26 102 22 90 0 48 102 60 53 65 35 93 37 7 99 29 44 96 49 92 81 92 78 97 
98 100 37 79 52 62 43 69 25 95 69 31 24 22 49 66 75 66 91 84 85 76 41 83 61 56 14 68 45 102 75 62 89 34 33 52 70 35 11 62 98 69 80 97 81 14 93 62 60 65 49 95 44 99 75 19 23 80 33 56 48 0 72 52 57 18 42 94 35 42 62 40 60 90 38 85 90 76 48 83 
68 39 83 28 38 13 88 41 54 32 77 51 71 67 105 92 25 8 19 63 68 69 39 48 17 57 66 44 28 80 53 10 80 66 78 63 3 38 61 20 79 18 64 26 77 78 41 83 46 90 51 63 28 39 33 56 80 17 80 17 102 72 0 47 61 60 70 61 65 96 17 75 75 49 54 44 72 28 25 34 
47 55 43 35 9 47 46 19 27 53 31 54 36 34 65 45 32 39 58 33 35 29 16 31 50 11 39 16 29 52 23 39 43 26 39 16 47 41 43 54 48 31 30 61 36 49 45 36 8 43 5 43 30 54 28 33 45 43 41 42 60 52 47 0 14 53 26 42 25 55 51 32 28 39 15 34 41 32 29 37 
44 64 37 45 23 62 38 26 34 63 17 65 36 36 58 32 43 53 71 29 29 20 29 35 64 4 43 22 43 46 23 53 33 25 35 6 61 53 50 68 41 44 24 73 25 50 52 23 16 30 12 42 44 62 38 40 44 55 36 57 53 57 61 14 0 62 20 41 23 49 66 26 14 43 20 40 34 42 44 45 
100 93 52 73 50 49 58 68 29 88 77 13 37 33 66 78 69 56 80 86 89 81 39 82 47 60 25 67 37 105 76 51 95 44 47 59 58 23 14 47 102 62 83 86 87 32 88 73 61 77 52 96 35 93 71 23 40 71 48 43 65 18 60 53 62 0 52 94 45 59 48 51 69 88 43 82 94 71 39 79 
64 81 17 61 33 67 20 43 25 79 28 59 18 20 39 27 58 62 83 49 48 38 31 54 69 21 28 40 46 64 43 61 49 8 15 14 70 51 38 72 60 57 44 87 41 32 70 21 32 26 21 62 46 79 54 30 25 68 16 61 35 42 70 26 20 52 0 61 7 30 70 6 18 62 16 58 52 58 48 62 
7 38 78 34 44 70 79 27 69 42 43 92 76 75 98 64 36 57 59 13 17 27 56 14 74 40 80 27 62 20 19 60 29 65 76 47 64 77 85 78 20 44 19 57 32 90 26 57 34 62 45 2 63 36 29 75 85 46 78 68 93 94 61 42 41 94 61 0 63 90 75 67 50 14 56 17 18 33 60 28 
67 80 19 59 30 61 23 43 18 77 34 51 13 14 41 34 56 58 80 52 52 42 26 55 63 23 21 40 40 68 44 56 54 2 14 18 65 44 31 66 64 53 47 84 46 27 70 28 32 33 20 64 40 78 53 22 22 65 16 55 37 35 65 25 23 45 7 63 0 31 64 10 25 63 12 58 56 56 42 61 
91 110 13 90 61 90 11 73 43 108 50 70 25 30 10 35 87 88 111 77 75 64 56 83 91 51 35 70 69 89 72 86 72 30 17 43 95 68 46 93 85 85 72 115 64 27 100 37 62 36 51 90 69 109 83 43 19 97 15 84 7 42 96 55 49 59 30 90 31 0 92 24 41 92 43 88 78 87 71 92 
82 56 81 42 42 5 86 51 49 49 83 37 67 62 102 95 39 18 35 74 79 77 39 61 1 62 59 54 24 93 63 15 90 65 75 67 14 27 52 4 91 31 74 42 86 71 57 86 53 93 54 76 24 56 46 49 75 33 77 9 99 62 17 51 66 48 70 75 64 92 0 74 79 63 54 58 84 42 23 49 
69 87 11 67 38 71 14 49 27 85 32 60 15 19 33 26 64 67 89 55 54 43 36 60 72 28 26 46 50 69 49 65 54 9 9 20 74 53 38 75 65 62 50 93 45 29 76 22 39 26 27 68 50 86 60 30 20 74 11 65 29 40 75 32 26 51 6 67 10 24 74 0 22 68 21 64 58 63 52 68 
51 77 31 59 37 75 30 40 41 77 10 74 36 38 49 18 57 67 85 37 34 23 41 46 78 18 46 36 56 49 34 67 32 26 31 12 76 64 56 81 44 59 31 87 24 50 65 9 31 15 25 50 56 75 51 46 42 69 32 70 44 60 75 28 14 69 18 50 25 41 79 22 0 55 28 52 37 56 57 59 
20 25 80 21 38 58 82 21 65 28 50 84 75 73 101 71 24 45 45 22 28 35 50 9 63 41 77 23 53 33 21 49 41 65 77 49 51 69 80 67 33 32 26 43 41 88 13 63 31 68 43 15 55 24 18 71 84 33 78 58 96 90 49 39 43 88 62 14 63 92 63 68 55 0 54 6 30 21 51 15 
60 69 30 48 18 51 35 33 14 66 35 46 21 19 53 42 44 46 68 46 47 39 15 46 52 18 24 31 29 64 37 44 52 13 26 17 53 36 31 55 60 42 42 72 45 34 59 34 23 40 11 57 30 68 42 20 31 54 28 44 49 38 54 15 20 43 16 56 12 43 54 21 28 54 0 49 52 45 31 51 
24 26 75 17 33 53 78 16 59 27 48 79 70 68 97 68 19 40 43 22 28 34 44 6 58 37 72 18 48 36 18 44 41 60 72 45 47 63 75 62 36 27 26 42 41 83 13 60 26 66 38 19 49 24 12 65 80 29 74 52 92 85 44 34 40 82 58 17 58 88 58 64 52 6 49 0 31 16 46 11 
15 55 68 47 46 79 68 32 66 58 29 95 70 70 86 49 48 67 73 10 5 15 57 25 83 34 76 30 66 12 20 69 11 58 67 39 74 81 83 87 8 54 11 73 15 84 42 43 34 47 42 17 68 53 40 73 77 60 68 76 81 90 72 41 34 94 52 18 56 78 84 58 37 30 52 31 0 45 66 42 
40 24 74 3 26 37 77 17 52 22 55 66 66 63 96 74 3 24 30 35 41 44 35 20 42 39 65 21 34 52 27 28 54 57 70 46 30 50 66 46 51 11 37 31 52 77 17 65 26 71 36 35 36 23 5 57 75 15 72 37 92 76 28 32 42 71 58 33 56 87 42 63 56 21 45 16 45 0 32 8 
67 53 59 34 21 19 65 34 29 49 61 33 46 42 81 72 30 18 43 57 61 57 16 47 21 40 41 36 3 76 45 14 71 43 54 44 24 18 37 25 73 22 55 49 65 54 49 64 32 70 32 62 4 53 34 31 55 32 56 13 78 48 25 29 44 39 48 60 42 71 23 52 57 51 31 46 66 32 0 40 
35 18 79 7 33 44 82 19 59 18 56 74 72 69 101 76 10 31 31 33 39 43 43 17 49 42 72 23 43 47 27 35 52 63 75 50 37 58 73 53 47 19 36 31 51 84 9 67 30 74 41 29 44 17 9 64 82 18 77 44 97 83 34 37 45 79 62 28 61 92 49 68 59 15 51 11 42 8 40 0 
0 33 202 27 31 0 0 68 305 118 218 112 62 0 140 944 0 446 0 246 34 327 47 10 17 0 58 40 212 1739 0 0 15 557 8 1843 0 0 12 174 312 40 0 10 54 0 0 0 25 11 64 0 464 1904 209 0 65 47 18 41 0 16 528 24 12 0 0 0 3000 9 22 48 26 0 126 0 0 0 113 163 
33 0 72 14 39 17 0 1047 14 643 187 287 77 81 96 133 61 13 11 181 281 350 2200 17 102 25 12 2132 1646 26 0 373 528 91 71 2024 0 209 87 22 141 131 344 100 2350 9 25 17 9 358 11 10 0 1426 201 106 90 7 1333 23 610 1032 2601 291 1289 8 1340 51 2202 0 38 420 391 0 8 12 780 0 149 140 
202 72 0 455 798 3000 1345 79 367 22 64 31 270 485 77 1342 322 33 160 25 3000 1518 287 0 0 856 0 51 151 311 0 593 0 3000 323 43 1453 53 288 77 121 133 341 11 58 79 320 58 1581 49 398 171 0 24 547 65 2376 881 10 20 793 0 355 191 0 10 136 151 0 0 0 1212 0 0 0 79 22 0 118 271 
27 14 455 0 71 166 0 1441 787 224 220 151 834 202 3000 962 0 58 293 27 138 457 168 293 114 0 18 163 1889 11 0 0 1791 51 58 94 0 0 33 52 195 14 1084 34 71 19 3000 51 99 54 294 110 0 1218 30 1996 13 1709 26 37 473 814 10 10 42 572 0 324 415 0 1663 44 231 0 55 20 0 0 305 95 
31 39 798 71 0 201 208 47 8 111 8 614 64 73 3000 26 37 82 732 16 13 140 220 11 323 949 393 236 294 56 62 27 15 34 20 71 16 765 271 18 26 98 250 364 17 209 25 938 1865 17 538 3000 108 73 59 2031 553 20 1770 1434 288 81 1663 21 130 150 62 49 3000 72 45 13 15 38 76 738 195 69 131 56 
0 17 3000 166 201 0 0 0 805 96 9 28 58 36 3000 0 219 0 312 617 102 60 291 0 0 8 0 27 47 135 0 0 0 136 49 37 0 14 889 165 70 35 3000 134 102 28 427 376 0 27 30 756 0 0 12 55 132 226 10 0 69 0 0 0 0 85 113 736 0 0 0 24 0 0 0 1713 0 0 0 27 
0 0 1345 0 208 0 0 30 0 11 316 2084 0 59 0 110 9 0 19 21 0 0 12 0 0 109 95 0 388 17 9 260 0 0 0 0 36 491 0 0 137 0 139 0 45 12 235 47 307 0 34 207 0 196 0 8 0 0 0 3000 11 0 170 32 0 486 376 0 0 0 92 0 0 0 0 88 354 392 0 0 
68 1047 79 1441 47 0 30 0 133 119 174 2429 276 607 7 1161 1378 36 72 41 0 0 66 352 3000 389 20 56 93 64 308 40 23 25 94 307 1884 24 13 304 998 139 3000 11 23 150 3000 25 614 17 8 1950 153 726 371 940 7 0 107 101 29 93 101 222 73 294 1050 0 22 44 753 314 27 83 1698 424 3000 168 8 907 
305 14 367 787 8 805 0 133 0 61 138 209 23 23 9 634 0 209 60 7 0 3000 99 3000 94 461 80 61 12 442 18 3000 1185 19 620 55 28 147 12 563 56 37 1982 11 251 1966 22 526 382 52 28 387 52 123 53 11 1506 61 149 417 1309 3000 1381 238 808 29 17 0 91 21 1785 151 1260 1212 18 22 68 229 75 3000 
118 643 22 224 111 96 11 119 61 0 152 9 371 16 9 397 36 1602 247 413 338 34 243 0 100 135 8 745 33 250 0 336 122 70 348 81 757 98 61 1484 890 20 344 2693 29 183 245 32 13 1139 13 919 0 58 59 1349 195 218 30 46 292 0 545 13 0 128 58 32 88 0 359 13 957 0 317 1359 364 1613 474 386 
218 187 64 220 8 9 316 174 138 152 0 350 49 63 2198 15 12 169 33 240 539 43 17 89 327 1586 53 776 16 234 56 185 21 8 521 1693 598 10 621 139 893 202 92 3000 58 939 9 544 2360 107 178 9 151 248 175 191 266 14 10 1025 58 1429 177 3000 676 8 12 8 714 48 1052 122 8 535 441 1434 58 24 511 171 
112 287 31 151 614 28 2084 2429 209 9 350 0 427 9 1895 226 51 9 13 2076 31 32 9 95 199 137 90 136 445 161 0 2644 988 125 22 172 2464 1432 19 194 66 65 32 3000 144 56 692 664 70 52 271 37 0 22 46 20 494 201 733 723 27 32 9 10 1801 1713 19 206 1734 0 90 13 3000 0 218 38 163 46 9 27 
62 77 270 834 64 58 0 276 23 371 49 427 0 0 247 1998 0 51 0 1057 27 785 43 66 60 51 40 91 16 176 36 0 27 9 979 462 0 0 76 23 10 12 1040 1167 66 0 1360 0 125 570 14 954 20 8 29 0 1468 983 12 73 1525 32 627 430 36 28 0 0 3000 21 147 3000 170 72 120 0 0 152 7 60 
0 81 485 202 73 36 59 607 23 16 63 9 0 0 3000 12 23 0 16 130 32 20 337 0 0 67 0 0 23 178 0 16 0 930 8 0 29 10 749 54 356 186 40 277 367 294 21 146 41 0 10 186 0 450 0 891 0 147 83 29 288 0 1405 27 0 416 1253 20 0 0 0 23 0 0 0 295 75 20 0 11 
140 96 77 3000 3000 3000 0 7 9 9 2198 1895 247 3000 0 111 28 555 87 2199 577 1249 22 31 143 648 14 568 13 28 0 203 128 175 50 27 106 1987 32 74 308 318 9 385 24 413 7 12 143 11 28 15 0 2022 8 3000 17 130 212 14 256 57 57 326 44 37 14 42 45 0 381 46 46 0 34 111 21 427 378 64 
944 133 1342 962 26 0 110 1161 634 397 15 226 1998 12 111 0 2379 129 170 194 0 0 30 10 14 74 75 33 38 487 558 432 77 155 0 17 120 224 0 329 104 53 639 0 12 0 52 61 633 139 137 50 303 1839 244 10 9 0 82 180 86 12 116 269 2284 317 645 0 38 401 25 14 87 76 1287 288 14 175 8 282 
0 61 322 0 37 219 9 1378 0 36 12 51 0 23 28 2379 0 0 104 44 0 0 3000 0 0 613 0 0 829 21 0 638 0 0 49 0 71 282 0 118 42 351 378 0 918 215 576 12 11 0 474 86 0 218 0 994 0 18 0 53 1695 0 634 83 0 812 2114 1703 0 0 0 0 0 0 0 1700 8 1364 0 0 
446 13 33 58 82 0 0 36 209 1602 169 9 51 0 555 129 0 0 0 591 15 581 46 18 2747 16 442 650 10 19 40 0 323 541 88 89 0 0 19 150 3000 1206 305 7 1210 0 273 0 1546 1246 11 7 300 58 26 0 131 436 8 19 83 26 1239 3000 259 26 0 0 1689 227 68 14 52 86 204 0 0 0 1340 23 
0 11 160 293 732 312 19 72 60 247 33 13 0 16 87 170 104 0 0 597 2814 67 11 0 0 326 316 81 970 210 36 50 0 341 163 0 24 336 515 9 119 38 146 26 891 19 8 222 60 0 76 350 0 224 0 2530 0 3000 690 361 496 0 1638 66 0 933 364 156 0 0 580 8 0 0 0 335 1024 3000 126 1126 
246 181 25 27 16 617 21 41 7 413 240 2076 1057 130 2199 194 44 591 597 0 247 474 267 258 603 29 276 10 357 36 385 753 181 43 310 67 3000 309 299 31 206 1670 103 10 22 1803 11 294 70 337 365 715 0 180 29 463 21 1816 57 116 19 1210 941 802 54 68 417 58 40 67 1827 43 270 0 651 37 289 741 557 17 
34 281 3000 138 13 102 0 0 0 338 539 31 27 32 577 0 0 15 2814 247 0 38 0 0 0 0 0 737 11 1357 0 0 0 967 140 139 0 0 10 133 93 927 34 320 0 418 851 108 0 264 26 812 0 0 403 84 581 190 3000 0 1169 0 0 0 0 1514 0 95 0 0 0 8 107 0 0 10 0 0 0 258 
327 350 1518 457 140 60 0 0 3000 34 43 32 785 20 1249 0 0 581 67 474 38 0 350 97 264 0 0 453 532 81 0 0 0 103 842 410 0 0 34 338 796 41 2570 98 0 199 106 549 0 20 7 18 0 0 266 24 1336 19 265 0 423 3000 181 0 0 67 0 259 0 0 0 77 274 0 17 183 0 0 117 95 
47 2200 287 168 220 291 12 66 99 243 17 9 43 337 22 30 3000 46 11 267 0 350 0 108 554 18 61 31 1181 126 80 705 702 40 8 17 84 216 3000 38 112 11 1062 91 119 29 970 13 1506 489 142 232 34 1663 32 31 114 44 160 319 116 34 1144 16 39 184 610 0 380 12 31 11 16 570 15 410 203 85 866 69 
10 17 0 293 11 0 0 352 3000 0 89 95 66 0 31 10 0 18 0 258 0 97 108 0 531 0 96 157 1043 326 0 0 42 300 19 15 0 0 33 80 48 11 0 145 14 0 0 0 331 21 54 0 243 390 93 0 1979 69 33 11 0 22 9 31 670 0 0 0 202 9 101 83 20 59 2372 0 0 0 384 446 
17 102 0 114 323 0 0 3000 94 100 327 199 60 0 143 14 0 2747 0 603 0 264 554 531 0 0 2238 1930 151 263 0 0 29 7 37 711 0 0 190 20 140 13 0 248 744 0 0 0 0 237 10 0 0 1185 14 0 18 237 18 136 0 3000 122 802 32 0 0 0 17 89 74 20 3000 0 161 0 0 0 72 48 
0 25 856 0 949 8 109 389 461 135 1586 137 51 67 648 74 613 16 326 29 0 0 18 0 0 0 669 160 756 461 9 57 15 9 32 0 9 146 24 513 145 38 306 0 105 107 3000 26 914 0 23 70 286 181 0 10 0 1206 67 95 52 0 1026 138 190 507 1013 0 214 15 42 301 0 14 0 203 154 44 560 1289 
58 12 0 18 393 0 95 20 80 8 53 90 40 0 14 75 0 442 316 276 0 0 61 96 2238 669 0 797 346 55 125 231 463 1708 0 68 8 672 0 1738 122 18 25 0 13 0 117 182 141 1022 195 545 397 115 169 33 214 0 1032 20 36 19 1921 191 16 705 25 0 400 18 109 38 74 242 61 128 13 95 812 0 
40 2132 51 163 236 27 0 56 61 745 776 136 91 0 568 33 0 650 81 10 737 453 31 157 1930 160 797 0 21 206 0 0 292 291 879 205 0 0 374 36 32 718 84 130 532 12 11 17 103 408 37 35 49 11 26 452 372 1059 59 366 223 3000 19 122 247 183 0 53 3000 183 119 232 1485 0 908 36 0 0 8 655 
212 1646 151 1889 294 47 388 93 12 33 16 445 16 23 13 38 829 10 970 357 11 532 1181 1043 151 756 346 21 0 233 2347 31 525 122 13 10 35 35 366 9 411 8 88 17 26 30 169 660 69 405 1011 57 238 30 213 609 163 406 31 221 27 252 45 1263 26 346 104 2129 165 160 8 277 251 148 34 163 62 19 352 65 
1739 26 311 11 56 135 17 64 442 250 234 161 176 178 28 487 21 19 210 36 1357 81 126 326 263 461 55 206 233 0 2756 297 249 131 19 104 221 28 47 586 20 23 129 522 493 656 35 127 650 54 138 96 2039 16 25 713 376 228 15 434 101 179 8 631 18 121 212 277 855 2256 838 56 641 1408 626 128 67 9 247 1035 
0 0 0 0 62 0 9 308 18 0 56 0 36 0 0 558 0 40 36 385 0 0 80 0 0 9 125 0 2347 2756 0 636 263 0 0 0 1301 250 0 0 12 0 209 0 3000 0 72 0 71 0 671 150 601 68 0 370 0 0 12 478 0 0 46 225 254 330 94 0 716 3000 118 0 0 9 0 0 79 1139 233 0 
0 373 593 0 27 0 260 40 3000 336 185 2644 0 16 203 432 638 0 50 753 0 0 705 0 0 57 231 0 31 297 636 0 42 0 0 0 97 39 0 21 329 17 223 0 100 63 3000 22 1624 0 352 1322 2973 208 0 505 0 0 477 109 17 0 8 81 0 102 134 0 120 94 1895 0 0 3000 0 456 176 15 12 0 
15 528 0 1791 15 0 0 23 1185 122 21 988 27 0 128 77 0 323 0 181 0 0 702 42 29 15 463 292 525 249 263 42 0 121 0 131 217 101 0 262 122 347 42 0 16 0 1541 0 27 127 78 24 35 25 70 64 1340 0 366 380 0 50 448 49 112 3000 627 0 8 545 74 0 66 188 11 0 268 29 43 0 
557 91 3000 51 34 136 0 25 19 70 8 125 9 930 175 155 0 541 341 43 967 103 40 300 7 9 1708 291 122 131 0 0 121 0 2699 1897 0 114 50 462 21 39 9 41 9 10 62 12 55 17 761 132 3000 428 75 299 49 8 12 1401 472 120 3000 19 51 10 16 604 2003 54 880 17 15 0 1189 37 218 38 412 66 
8 71 323 58 20 49 0 94 620 348 521 22 979 8 50 0 49 88 163 310 140 842 8 19 37 32 0 879 13 19 0 0 0 2699 0 784 0 55 134 54 96 16 36 51 655 8 663 68 926 8 278 2508 0 0 41 240 1823 41 40 0 589 56 1202 0 0 1251 96 48 0 0 0 101 78 0 472 1603 0 0 14 597 
1843 2024 43 94 71 37 0 307 55 81 1693 172 462 0 27 17 0 89 0 67 139 410 17 15 711 0 68 205 10 104 0 0 131 1897 784 0 0 0 3000 325 8 194 3000 32 397 7 10 29 337 460 406 259 0 76 8 0 477 413 3000 1261 115 12 72 23 35 30 0 18 79 0 27 47 183 0 15 42 0 0 650 38 
0 0 1453 0 16 0 36 1884 28 757 598 2464 0 29 106 120 71 0 24 3000 0 0 84 0 0 9 8 0 35 221 1301 97 217 0 0 0 0 1124 0 788 79 0 403 0 203 49 51 883 824 0 17 16 0 299 0 169 0 0 0 260 19 0 109 186 0 32 43 0 0 85 49 0 0 23 0 44 310 155 0 0 
0 209 53 0 765 14 491 24 147 98 10 1432 0 10 1987 224 282 0 336 309 0 0 216 0 0 146 672 0 35 28 250 39 101 114 55 0 1124 0 213 16 35 230 3000 0 1172 42 140 1304 107 0 74 12 10 15 0 173 0 352 28 406 94 0 240 733 0 179 3000 1188 26 9 8 28 0 69 0 214 13 429 12 10 
12 87 288 33 271 889 0 13 12 61 621 19 76 749 32 0 0 19 515 299 10 34 3000 33 190 24 0 374 366 47 0 0 0 50 134 3000 0 213 0 248 28 711 396 46 9 130 1133 407 102 9 25 3000 0 0 16 3000 449 635 98 0 530 72 12 27 37 30 0 24 0 0 0 56 623 0 25 264 0 0 29 264 
174 22 77 52 18 165 0 304 563 1484 139 194 23 54 74 329 118 150 9 31 133 338 38 80 20 513 1738 36 9 586 0 21 262 462 54 325 788 16 248 0 125 10 7 43 50 9 1179 16 422 1368 18 758 0 193 70 63 100 74 1092 34 11 525 61 181 398 581 23 97 70 0 237 583 70 0 458 69 861 0 178 341 
312 141 121 195 26 70 137 998 56 890 893 66 10 356 308 104 42 3000 119 206 93 796 112 48 140 145 122 32 411 20 12 329 122 21 96 8 79 35 28 125 0 493 410 56 215 37 10 86 248 358 57 104 184 1072 1244 51 21 22 22 15 8 97 26 25 9 53 93 210 16 29 28 361 98 55 30 17 298 45 661 24 
40 131 133 14 98 35 0 139 37 20 202 65 12 186 318 53 351 1206 38 1670 927 41 11 11 13 38 18 718 8 23 0 17 347 39 16 194 0 230 711 10 493 0 119 42 96 46 1615 31 130 134 3000 42 0 53 1744 83 60 9 2598 1351 474 13 117 115 42 2253 825 25 369 0 149 443 294 0 874 18 261 0 396 29 
0 344 341 1084 250 3000 139 3000 1982 344 92 32 1040 40 9 639 378 305 146 103 34 2570 1062 0 0 306 25 84 88 129 209 223 42 9 36 3000 403 3000 396 7 410 119 0 102 96 13 1568 52 158 13 1191 231 0 49 119 307 0 53 149 13 2909 0 106 1189 0 880 524 60 0 0 9 8 0 0 0 8 287 140 1356 11 
10 100 11 34 364 134 0 11 11 2693 3000 3000 1167 277 385 0 0 7 26 10 320 98 91 145 248 0 0 130 17 522 0 0 0 41 51 32 0 0 46 43 56 42 102 0 0 193 147 27 0 191 72 177 0 0 213 0 167 20 44 0 69 49 127 0 215 28 0 318 0 0 0 38 39 0 49 118 0 0 786 71 
54 2350 58 71 17 102 45 23 251 29 58 144 66 367 24 12 918 1210 891 22 0 0 119 14 744 105 13 532 26 493 3000 100 16 9 655 397 203 1172 9 50 215 96 96 0 0 759 388 3000 157 58 140 230 15 11 486 1518 17 8 12 141 105 382 246 799 234 44 1297 0 3000 83 51 1250 179 31 72 1060 1496 10 393 222 
0 9 79 19 209 28 12 150 1966 183 939 56 0 294 413 0 215 0 19 1803 418 199 29 0 0 107 0 12 30 656 0 63 0 10 8 7 49 42 130 9 37 46 13 193 759 0 21 3000 47 0 12 20 0 0 0 12 0 298 69 0 955 0 0 0 0 32 27 260 0 0 0 656 0 0 0 469 24 0 0 69 
0 25 320 3000 25 427 235 3000 22 245 9 692 1360 21 7 52 576 273 8 11 851 106 970 0 0 3000 117 11 169 35 72 3000 1541 62 663 10 51 140 1133 1179 10 1615 1568 147 388 21 0 732 1042 0 42 1646 0 125 39 54 0 112 152 33 196 0 190 25 0 18 12 505 18 0 7 399 0 0 0 163 1093 61 65 31 
0 17 58 51 938 376 47 25 526 32 544 664 0 146 12 61 12 0 222 294 108 549 13 0 0 26 182 17 660 127 0 22 0 12 68 29 883 1304 407 16 86 31 52 27 3000 3000 732 0 70 0 2323 77 0 51 0 34 0 61 463 1070 8 0 63 504 0 226 203 135 0 0 47 26 0 0 0 107 368 26 46 187 
25 9 1581 99 1865 0 307 614 382 13 2360 70 125 41 143 633 11 1546 60 70 0 0 1506 331 0 914 141 103 69 650 71 1624 27 55 926 337 824 107 102 422 248 130 158 0 157 47 1042 70 0 0 332 34 491 899 112 22 0 0 424 132 214 17 14 253 358 41 225 0 124 115 7 296 0 361 557 3000 620 120 28 94 
11 358 49 54 17 27 0 17 52 1139 107 52 570 0 11 139 0 1246 0 337 264 20 489 21 237 0 1022 408 405 54 0 0 127 17 8 460 0 0 9 1368 358 134 13 191 58 0 0 0 0 0 29 0 0 101 12 0 216 38 193 149 120 15 19 12 945 63 0 38 19 0 191 1348 378 0 334 0 0 0 1829 16 
64 11 398 294 538 30 34 8 28 13 178 271 14 10 28 137 474 11 76 365 26 7 142 54 10 23 195 37 1011 138 671 352 78 761 278 406 17 74 25 18 57 3000 1191 72 140 12 42 2323 332 29 0 58 15 44 90 179 383 16 125 35 190 18 15 208 3000 307 290 365 312 49 18 134 9 410 295 1389 112 53 863 287 
0 10 171 110 3000 756 207 1950 387 919 9 37 954 186 15 50 86 7 350 715 812 18 232 0 0 70 545 35 57 96 150 1322 24 132 2508 259 16 12 3000 758 104 42 231 177 230 20 1646 77 34 0 58 0 0 85 9 51 0 11 256 799 351 0 16 22 0 69 120 2837 23 0 45 1212 0 0 0 236 1139 17 263 323 
464 0 0 0 108 0 0 153 52 0 151 0 20 0 0 303 0 300 0 0 0 0 34 243 0 286 397 49 238 2039 601 2973 35 3000 0 0 0 10 0 0 184 0 0 0 15 0 0 0 491 0 15 0 0 44 0 0 0 0 152 27 0 23 48 269 129 0 26 0 18 3000 456 0 0 102 19 0 2408 3000 15 0 
1904 1426 24 1218 73 0 196 726 123 58 248 22 8 450 2022 1839 218 58 224 180 0 0 1663 390 1185 181 115 11 30 16 68 208 25 428 0 76 299 15 0 193 1072 53 49 0 11 0 125 51 899 101 44 85 44 0 47 1997 569 0 12 28 10 283 7 74 746 127 22 0 288 130 356 20 169 528 238 30 10 8 62 32 
209 201 547 30 59 12 0 371 53 59 175 46 29 0 8 244 0 26 0 29 403 266 32 93 14 0 169 26 213 25 0 0 70 75 41 8 0 0 16 70 1244 1744 119 213 486 0 39 0 112 12 90 9 0 47 0 0 2633 12 17 15 115 168 34 46 413 752 0 82 42 0 402 3000 1236 0 9 0 0 0 224 20 
0 106 65 1996 2031 55 8 940 11 1349 191 20 0 891 3000 10 994 0 2530 463 84 24 31 0 0 10 33 452 609 713 370 505 64 299 240 0 169 173 3000 63 51 83 307 0 1518 12 54 34 22 0 179 51 0 1997 0 0 0 159 16 12 325 0 268 37 0 17 15 323 0 0 23 42 0 0 0 475 19 1350 130 1585 
65 90 2376 13 553 132 0 7 1506 195 266 494 1468 0 17 9 0 131 0 21 581 1336 114 1979 18 0 214 372 163 376 0 0 1340 49 1823 477 0 0 449 100 21 60 0 167 17 0 0 0 0 216 383 0 0 569 2633 0 0 73 268 482 0 866 9 563 655 0 0 0 61 0 134 128 585 0 144 0 0 0 3000 150 
47 7 881 1709 20 226 0 0 61 218 14 201 983 147 130 0 18 436 3000 1816 190 19 44 69 237 1206 0 1059 406 228 0 0 0 8 41 413 0 352 635 74 22 9 53 20 8 298 112 61 0 38 16 11 0 0 12 159 73 0 96 0 804 0 0 0 0 8 22 8 0 0 0 111 3000 0 961 27 0 0 46 75 
18 1333 10 26 1770 10 0 107 149 30 10 733 12 83 212 82 0 8 690 57 3000 265 160 33 18 67 1032 59 31 15 12 477 366 12 40 3000 0 28 98 1092 22 2598 149 44 12 69 152 463 424 193 125 256 152 12 17 16 268 96 0 407 9 2068 1362 282 14 1137 296 359 162 178 36 59 92 228 290 129 134 15 674 25 
41 23 20 37 1434 0 3000 101 417 46 1025 723 73 29 14 180 53 19 361 116 0 0 319 11 136 95 20 366 221 434 478 109 380 1401 0 1261 260 406 0 34 15 1351 13 0 141 0 33 1070 132 149 35 799 27 28 15 12 482 0 407 0 937 74 17 118 7 2783 27 0 178 2613 163 870 661 1368 152 1092 280 420 3000 0 
0 610 793 473 288 69 11 29 1309 292 58 27 1525 288 256 86 1695 83 496 19 1169 423 116 0 0 52 36 223 27 101 0 17 0 472 589 115 19 94 530 11 8 474 2909 69 105 955 196 8 214 120 190 351 0 10 115 325 0 804 9 937 0 0 29 1100 0 314 28 141 0 0 592 129 0 0 0 392 24 183 518 21 
16 1032 0 814 81 0 0 93 3000 0 1429 32 32 0 57 12 0 26 0 1210 0 3000 34 22 3000 0 19 3000 252 179 0 0 50 120 56 12 0 0 72 525 97 13 0 49 382 0 0 0 17 15 18 0 23 283 168 0 866 0 2068 74 0 0 51 1113 873 0 0 0 32 268 253 39 128 13 14 0 0 0 155 203 
528 2601 355 10 1663 0 170 101 1381 545 177 9 627 1405 57 116 634 1239 1638 941 0 181 1144 9 122 1026 1921 19 45 8 46 8 448 3000 1202 72 109 240 12 61 26 117 106 127 246 0 190 63 14 19 15 16 48 7 34 268 9 0 1362 17 29 51 0 74 81 172 366 0 2140 162 144 9 79 8 207 95 306 14 367 118 
24 291 191 10 21 0 32 222 238 13 3000 10 430 27 326 269 83 3000 66 802 0 0 16 31 802 138 191 122 1263 631 225 81 49 19 0 23 186 733 27 181 25 115 1189 0 799 0 25 504 253 12 208 22 269 74 46 37 563 0 282 118 1100 1113 74 0 343 1093 102 0 17 27 993 89 29 11 24 380 620 89 342 218 
12 1289 0 42 130 0 0 73 808 0 676 1801 36 0 44 2284 0 259 0 54 0 0 39 670 32 190 16 247 26 18 254 0 112 51 0 35 0 0 37 398 9 42 0 215 234 0 0 0 358 945 3000 0 129 746 413 0 655 0 14 7 0 873 81 343 0 0 0 0 9 277 36 250 339 339 26 0 0 214 1667 78 
0 8 10 572 150 85 486 294 29 128 8 1713 28 416 37 317 812 26 933 68 1514 67 184 0 0 507 705 183 346 121 330 102 3000 10 1251 30 32 179 30 581 53 2253 880 28 44 32 18 226 41 63 307 69 0 127 752 17 0 8 1137 2783 314 0 172 1093 0 0 1044 157 73 0 14 1164 0 0 0 748 30 116 40 711 
0 1340 136 0 62 113 376 1050 17 58 12 19 0 1253 14 645 2114 0 364 417 0 0 610 0 0 1013 25 0 104 212 94 134 627 16 96 0 43 3000 0 23 93 825 524 0 1297 27 12 203 225 0 290 120 26 22 0 15 0 22 296 27 28 0 366 102 0 1044 0 0 7 3000 52 80 0 9 0 20 20 191 92 29 
0 51 151 324 49 736 0 0 0 32 8 206 0 20 42 0 1703 0 156 58 95 259 0 0 0 0 0 53 2129 277 0 0 0 604 48 18 0 1188 24 97 210 25 60 318 0 260 505 135 0 38 365 2837 0 0 82 323 0 8 359 0 141 0 0 0 0 157 0 0 0 0 0 326 0 0 0 822 0 0 0 257 
3000 2202 0 415 3000 0 0 22 91 88 714 1734 3000 0 45 38 0 1689 0 40 0 0 380 202 17 214 400 3000 165 855 716 120 8 2003 0 79 0 26 0 70 16 369 0 0 3000 0 18 0 124 19 312 23 18 288 42 0 61 0 162 178 0 32 2140 17 9 73 7 0 0 9 37 406 186 42 31 0 13 18 26 0 
9 0 0 0 72 0 0 44 21 0 48 0 21 0 0 401 0 227 0 67 0 0 12 9 89 15 18 183 160 2256 3000 94 545 54 0 0 85 9 0 0 29 0 0 0 83 0 0 0 115 0 49 0 3000 130 0 0 0 0 178 2613 0 268 162 27 277 0 3000 0 9 0 19 0 0 772 3000 0 13 9 80 0 
22 38 0 1663 45 0 92 753 1785 359 1052 90 147 0 381 25 0 68 580 1827 0 0 31 101 74 42 109 119 8 838 118 1895 74 880 0 27 49 8 0 237 28 149 9 0 51 0 7 47 7 191 18 45 456 356 402 23 134 0 36 163 592 253 144 993 36 14 52 0 37 19 0 36 178 170 203 97 127 19 1020 1244 
48 420 1212 44 13 24 0 314 151 13 122 13 3000 23 46 14 0 14 8 43 8 77 11 83 20 301 38 232 277 56 0 0 0 17 101 47 0 28 56 583 361 443 8 38 1250 656 399 26 296 1348 134 1212 0 20 3000 42 128 111 59 870 129 39 9 89 250 1164 80 326 406 0 36 0 36 0 217 33 0 0 47 75 
26 391 0 231 15 0 0 27 1260 957 8 3000 170 0 46 87 0 52 0 270 107 274 16 20 3000 0 74 1485 251 641 0 0 66 15 78 183 0 0 623 70 98 294 0 39 179 0 0 0 0 378 9 0 0 169 1236 0 585 3000 92 661 0 128 79 29 339 0 0 0 186 0 178 36 0 0 91 0 0 0 14 46 
0 0 0 0 38 0 0 83 1212 0 535 0 72 0 0 76 0 86 0 0 0 0 570 59 0 14 242 0 148 1408 9 3000 188 0 0 0 23 69 0 0 55 0 0 0 31 0 0 0 361 0 410 0 102 528 0 0 0 0 228 1368 0 13 8 11 339 0 9 0 42 772 170 0 0 0 30 0 461 235 14 0 
126 8 0 55 76 0 0 1698 18 317 441 218 120 0 34 1287 0 204 0 651 0 17 15 2372 161 0 61 908 34 626 0 0 11 1189 472 15 0 0 25 458 30 874 0 49 72 0 0 0 557 334 295 0 19 238 9 0 144 961 290 152 0 14 207 24 26 0 0 0 31 3000 203 217 91 30 0 0 0 0 130 115 
0 12 79 20 738 1713 88 424 22 1359 1434 38 0 295 111 288 1700 0 335 37 10 183 410 0 0 203 128 36 163 128 0 456 0 37 1603 42 44 214 264 69 17 18 8 118 1060 469 163 107 3000 0 1389 236 0 30 0 475 0 27 129 1092 392 0 95 380 0 748 20 822 0 0 97 33 0 0 0 0 12 868 67 57 
0 780 22 0 195 0 354 3000 68 364 58 163 0 75 21 14 8 0 1024 289 0 0 203 0 0 154 13 0 62 67 79 176 268 218 0 0 310 13 0 861 298 261 287 0 1496 24 1093 368 620 0 112 1139 2408 10 0 19 0 0 134 280 24 0 306 620 0 30 20 0 13 13 127 0 0 461 0 12 0 17 3000 0 
0 0 0 0 69 0 392 168 229 1613 24 46 152 20 427 175 1364 0 3000 741 0 0 85 0 0 44 95 0 19 9 1139 15 29 38 0 0 155 429 0 0 45 0 140 0 10 0 61 26 120 0 53 17 3000 8 0 1350 0 0 15 420 183 0 14 89 214 116 191 0 18 9 19 0 0 235 0 868 17 0 104 0 
113 149 118 305 131 0 0 8 75 474 511 9 7 0 378 8 0 1340 126 557 0 117 866 384 72 560 812 8 352 247 233 12 43 412 14 650 0 12 29 178 661 396 1356 786 393 0 65 46 28 1829 863 263 15 62 224 130 3000 46 674 3000 518 155 367 342 1667 40 92 0 26 80 1020 47 14 14 130 67 3000 104 0 46 
