80
0 82 42 36 42 81 59 56 40 77 39 105 88 41 71 78 52 81 60 74 16 88 91 87 21 62 60 11 24 96 21 81 104 20 31 10 110 73 50 37 89 50 21 30 40 76 93 64 58 48 69 63 52 106 110 70 68 39 54 13 62 81 104 10 82 71 56 88 26 92 26 110 64 93 13 85 100 51 51 62 
82 0 78 54 40 18 35 54 47 35 53 46 76 44 81 93 33 88 23 17 91 64 27 94 91 24 26 72 64 61 65 14 31 85 54 73 36 54 35 54 90 79 61 65 47 79 63 30 27 40 23 45 44 36 54 15 35 50 57 76 26 90 41 73 4 13 26 87 60 13 90 38 69 53 80 98 62 40 48 53 
42 78 0 27 44 86 43 28 58 56 62 81 50 37 29 36 62 40 56 63 33 53 74 45 29 53 67 42 26 64 49 70 87 24 31 43 94 41 60 60 47 8 42 19 58 36 59 75 52 38 76 39 71 87 83 73 83 30 24 29 70 39 82 44 76 71 57 47 29 82 22 92 26 64 29 44 68 67 72 33 
36 54 27 0 17 60 24 22 33 42 38 70 57 10 46 56 35 56 31 41 39 54 57 63 38 30 40 29 12 61 30 49 70 31 6 31 77 38 33 36 62 32 22 11 32 49 58 48 27 15 49 28 45 71 74 47 56 4 21 25 43 57 69 31 53 45 30 60 10 61 36 76 35 58 28 64 65 40 46 28 
42 40 44 17 0 43 22 32 20 40 26 67 66 7 60 71 18 69 17 32 51 61 50 76 52 21 23 33 24 65 28 39 62 45 15 34 69 45 17 26 75 48 22 27 19 61 63 31 16 12 32 32 30 65 72 31 39 15 33 35 26 71 64 34 40 30 15 73 20 49 51 69 48 59 40 78 68 24 32 36 
81 18 86 60 43 0 47 65 42 51 47 63 91 49 94 105 29 101 30 33 93 80 45 108 94 35 21 71 67 78 62 31 47 88 58 72 51 69 32 48 104 89 60 70 42 92 80 19 35 48 13 58 34 52 71 13 21 56 68 77 19 104 59 71 22 15 29 102 63 29 94 54 82 70 82 111 79 32 38 66 
59 35 43 24 22 47 0 18 41 19 48 46 48 19 47 59 34 55 17 19 63 40 33 61 62 12 34 51 36 43 49 27 46 55 28 53 53 25 34 47 59 44 42 34 41 46 42 43 13 11 41 12 48 47 52 34 52 20 22 49 37 57 45 53 33 32 22 56 33 39 58 52 35 37 52 65 46 42 51 19 
56 54 28 22 32 65 18 0 51 28 57 54 35 25 29 41 48 38 35 37 55 32 46 45 52 30 50 50 32 40 52 44 59 46 28 52 66 17 48 56 43 27 44 26 51 30 37 60 31 20 58 11 61 59 57 52 68 20 4 43 53 40 54 53 51 50 38 41 32 56 47 64 17 38 46 47 44 56 64 6 
40 47 58 33 20 42 41 51 0 58 7 83 86 26 78 89 15 88 30 46 53 80 65 95 56 36 22 30 34 84 20 51 75 51 27 30 81 65 12 7 94 64 21 40 1 80 83 24 31 32 30 52 13 78 89 33 29 32 52 40 23 90 80 30 49 35 24 92 30 59 58 82 67 78 44 96 87 11 14 56 
77 35 56 42 40 51 19 28 58 0 65 28 41 38 49 60 48 54 29 18 80 30 18 60 78 22 45 69 54 28 67 22 31 71 46 71 38 21 49 64 55 54 60 51 57 45 29 54 27 30 50 17 62 31 33 41 62 38 32 66 47 57 27 72 31 38 35 53 52 31 74 36 39 21 70 65 31 57 66 24 
39 53 62 38 26 47 48 57 7 65 0 90 92 32 83 94 20 94 37 52 53 87 72 100 56 43 27 29 36 91 18 58 81 52 32 29 87 71 18 2 100 68 22 43 7 86 89 28 38 38 34 58 14 85 96 39 30 37 58 40 28 95 87 28 55 41 31 98 33 65 59 89 72 85 44 101 94 14 12 62 
105 46 81 70 67 63 46 54 83 28 90 0 50 66 68 77 71 69 52 37 108 38 19 72 106 47 66 97 82 28 95 34 19 99 74 99 21 41 72 90 67 78 88 78 83 61 33 73 52 57 67 44 85 14 8 58 80 66 57 94 67 72 4 100 41 55 59 64 80 35 101 17 60 21 98 79 26 80 89 49 
88 76 50 57 66 91 48 35 86 41 92 50 0 61 23 28 81 19 64 59 83 13 55 22 79 58 81 84 66 23 87 62 65 73 63 86 70 23 81 91 16 43 79 58 86 15 18 91 61 54 88 36 95 62 48 80 99 56 36 75 84 23 53 87 72 77 70 14 66 71 72 67 24 29 76 29 26 90 98 30 
41 44 37 10 7 49 19 25 26 38 32 66 61 0 53 64 25 63 21 33 47 56 51 69 47 22 30 32 20 61 30 41 63 40 10 34 70 40 24 31 68 41 23 21 25 55 59 38 18 8 39 27 37 65 71 36 46 7 26 32 33 64 64 34 44 35 20 66 16 52 45 70 41 56 36 71 65 31 39 30 
71 81 29 46 60 94 47 29 78 49 83 68 23 53 0 12 77 11 64 64 63 31 67 17 58 59 79 69 51 43 75 70 79 54 52 71 85 28 76 82 18 22 66 43 78 8 38 89 60 49 87 36 89 77 67 81 97 46 27 58 82 11 69 72 78 79 68 17 53 81 51 82 12 47 58 18 47 84 91 28 
78 93 36 56 71 105 59 41 89 60 94 77 28 64 12 0 88 9 76 75 68 39 77 11 63 70 91 77 60 51 84 81 89 59 62 79 95 39 87 92 16 28 76 52 88 15 45 100 71 61 99 48 100 87 75 93 109 57 38 65 94 6 79 80 89 90 79 17 62 92 55 92 24 56 64 8 54 95 102 39 
52 33 62 35 18 29 34 48 15 48 20 71 81 25 77 88 0 86 19 33 64 74 52 93 66 26 8 42 40 76 33 38 61 60 32 43 67 59 3 21 91 67 32 45 14 78 75 13 21 28 16 45 15 65 78 19 21 33 50 49 10 88 67 43 35 20 13 89 36 45 66 69 65 69 54 95 78 9 18 52 
81 88 40 56 69 101 55 38 88 54 94 69 19 63 11 9 86 0 72 70 73 31 71 7 68 67 88 80 62 42 85 75 82 64 62 81 87 33 86 92 8 32 77 54 88 9 36 98 68 58 96 44 99 80 67 89 106 56 36 68 91 4 71 83 84 86 76 8 63 86 61 84 21 47 68 11 46 94 101 36 
60 23 56 31 17 30 17 35 30 29 37 52 64 21 64 76 19 72 0 15 68 56 35 79 68 7 17 50 41 57 44 22 45 61 31 51 52 42 20 37 76 58 39 42 30 63 57 26 4 17 24 29 33 48 59 18 35 27 38 53 20 74 50 52 23 15 6 74 37 32 66 53 52 50 57 82 59 28 37 37 
74 17 63 41 32 33 19 37 46 18 52 37 59 33 64 75 33 70 15 0 80 48 19 76 80 11 29 64 53 46 59 8 30 73 43 66 37 37 35 52 72 63 54 52 45 61 47 37 16 27 32 28 47 33 45 23 45 37 40 65 31 73 34 66 14 20 22 70 49 20 77 37 52 38 69 81 48 42 51 36 
16 91 33 39 51 93 63 55 53 80 53 108 83 47 63 68 64 73 68 80 0 85 96 78 6 69 71 24 27 95 35 88 109 9 37 24 116 71 61 51 81 41 33 29 53 69 90 77 65 53 80 64 66 110 111 81 82 43 52 15 74 72 107 25 90 80 65 80 31 99 13 115 59 93 11 75 99 64 65 61 
88 64 53 54 61 80 40 32 80 30 87 38 13 56 31 39 74 31 56 48 85 0 42 35 81 49 73 83 65 12 84 51 52 76 60 85 57 16 74 86 29 47 76 58 80 24 6 82 52 48 78 29 88 50 36 70 90 52 34 75 75 34 40 85 60 67 61 26 64 59 75 54 28 17 77 41 16 82 91 26 
91 27 74 57 50 45 33 46 65 18 72 19 55 51 67 77 52 71 35 19 96 42 0 76 95 30 47 82 69 36 78 15 13 88 60 84 20 38 54 72 71 72 72 67 65 62 40 54 35 43 48 35 66 14 27 39 61 53 50 82 48 74 15 84 23 36 41 68 66 18 91 19 57 28 85 81 36 61 70 42 
87 94 45 63 76 108 61 45 95 60 100 72 22 69 17 11 93 7 79 76 78 35 76 0 73 73 95 86 68 45 92 81 87 69 69 87 92 39 92 99 6 37 83 60 95 15 40 104 75 65 102 50 106 84 70 96 113 63 43 74 98 6 75 89 90 93 83 8 70 91 66 89 28 51 74 7 48 100 108 42 
21 91 29 38 52 94 62 52 56 78 56 106 79 47 58 63 66 68 68 80 6 81 95 73 0 68 73 28 27 91 39 87 108 7 37 28 115 68 63 55 76 37 36 28 56 65 87 79 65 53 82 62 69 109 109 82 85 42 49 17 76 67 105 30 91 81 66 75 31 99 7 114 55 90 12 70 96 67 68 58 
62 24 53 30 21 35 12 30 36 22 43 47 58 22 59 70 26 67 7 11 69 49 30 73 68 0 24 53 42 50 49 19 42 62 32 55 48 35 27 43 70 55 43 41 36 57 50 33 5 16 30 23 40 44 53 23 42 26 33 54 26 69 44 55 23 20 13 67 38 30 66 48 47 43 58 76 53 35 44 31 
60 26 67 40 23 21 34 50 22 45 27 66 81 30 79 91 8 88 17 29 71 73 47 95 73 24 0 49 47 74 41 32 55 67 37 50 61 59 11 28 92 71 39 50 22 79 74 10 21 30 10 46 19 59 73 11 18 37 52 56 3 90 63 50 28 13 12 90 42 38 73 63 67 66 61 97 76 14 23 53 
11 72 42 29 33 71 51 50 30 69 29 97 84 32 69 77 42 80 50 64 24 83 82 86 28 53 49 0 19 90 11 71 94 25 23 2 101 67 39 27 87 50 11 26 29 74 87 54 48 40 58 56 42 97 102 60 58 32 49 14 52 80 95 3 72 60 46 86 19 82 32 101 61 86 17 85 94 40 41 57 
24 64 26 12 24 67 36 32 34 54 36 82 66 20 51 60 40 62 41 53 27 65 69 68 27 42 47 19 0 73 24 61 82 21 10 20 89 49 38 35 69 33 16 8 33 56 69 54 38 26 56 39 47 84 87 55 60 16 31 12 49 62 81 21 63 54 39 67 4 72 26 88 42 69 16 68 77 43 47 39 
96 61 64 61 65 78 43 40 84 28 91 28 23 61 43 51 76 42 57 46 95 12 36 45 91 50 74 90 73 0 91 48 44 85 67 92 48 24 76 90 39 58 83 67 84 36 6 83 54 53 78 34 90 41 25 69 91 59 43 84 76 46 31 93 57 66 63 37 71 54 86 45 39 9 86 52 4 85 94 34 
21 65 49 30 28 62 49 52 20 67 18 95 87 30 75 84 33 85 44 59 35 84 78 92 39 49 41 11 24 91 0 66 90 35 24 11 96 68 30 16 92 57 8 32 20 78 88 44 43 38 49 56 32 92 100 52 48 32 52 24 43 86 92 10 66 53 39 90 22 76 42 97 65 86 27 91 94 30 30 58 
81 14 70 49 39 31 27 44 51 22 58 34 62 41 70 81 38 75 22 8 88 51 15 81 87 19 32 71 61 48 66 0 24 80 51 73 30 42 40 58 77 70 61 60 51 66 50 39 23 35 33 34 51 27 42 24 46 45 47 73 33 78 30 73 9 21 27 74 57 12 85 31 58 39 77 86 49 46 55 42 
104 31 87 70 62 47 46 59 75 31 81 19 65 63 79 89 61 82 45 30 109 52 13 87 108 42 55 94 82 44 90 24 0 101 73 96 7 51 64 82 81 85 84 80 75 74 48 61 46 56 54 48 74 5 26 45 67 66 63 94 56 85 14 96 28 43 51 79 79 19 104 7 69 36 98 93 43 70 78 55 
20 85 24 31 45 88 55 46 51 71 52 99 73 40 54 59 60 64 61 73 9 76 88 69 7 62 67 25 21 85 35 80 101 0 30 25 108 62 57 50 72 32 30 21 50 60 81 73 58 46 76 55 64 102 102 76 79 35 43 11 69 63 98 26 84 75 59 71 25 92 7 107 49 84 8 67 89 61 64 52 
31 54 31 6 15 58 28 28 27 46 32 74 63 10 52 62 32 62 31 43 37 60 60 69 37 32 37 23 10 67 24 51 73 30 0 25 79 44 29 30 69 37 16 13 27 55 64 45 28 17 47 33 40 75 79 45 52 8 28 22 40 63 73 26 53 44 29 67 6 62 36 79 42 63 26 70 71 35 41 34 
10 73 43 31 34 72 53 52 30 71 29 99 86 34 71 79 43 81 51 66 24 85 84 87 28 55 50 2 20 92 11 73 96 25 25 0 103 69 40 27 89 51 12 28 30 75 89 55 50 42 59 58 43 98 104 61 59 33 51 15 53 81 97 1 74 62 47 87 21 83 32 103 63 88 18 86 96 41 41 58 
110 36 94 77 69 51 53 66 81 38 87 21 70 70 85 95 67 87 52 37 116 57 20 92 115 48 61 101 89 48 96 30 7 108 79 103 0 57 69 88 86 92 91 87 81 79 53 66 53 63 59 55 79 7 28 51 71 73 69 101 61 91 17 103 33 48 57 83 85 23 111 4 75 40 105 98 46 75 84 62 
73 54 41 38 45 69 25 17 65 21 71 41 23 40 28 39 59 33 42 37 71 16 38 39 68 35 59 67 49 24 68 42 51 62 44 69 57 0 59 70 35 37 60 43 64 24 20 68 38 33 65 13 73 49 42 58 77 36 19 60 61 36 42 70 51 55 47 33 48 52 63 54 19 22 62 44 28 67 76 10 
50 35 60 33 17 32 34 48 12 49 18 72 81 24 76 87 3 86 20 35 61 74 54 92 63 27 11 39 38 76 30 40 64 57 29 40 69 59 0 18 91 65 29 42 12 77 76 16 22 27 19 45 14 67 79 22 23 31 49 47 13 87 69 40 37 23 14 88 34 47 64 71 64 69 51 94 79 9 18 51 
37 54 60 36 26 48 47 56 7 64 2 90 91 31 82 92 21 92 37 52 51 86 72 99 55 43 28 27 35 90 16 58 82 50 30 27 88 70 18 0 98 67 20 42 7 85 89 29 38 38 35 57 15 85 96 40 32 36 57 39 29 94 87 27 56 41 31 96 31 66 57 89 71 84 43 100 94 15 14 61 
89 90 47 62 75 104 59 43 94 55 100 67 16 68 18 16 91 8 76 72 81 29 71 6 76 70 92 87 69 39 92 77 81 72 69 89 86 35 91 98 0 39 84 61 94 14 34 102 72 63 100 47 104 79 64 93 111 62 42 76 95 10 69 90 86 90 81 3 70 87 69 83 27 46 76 13 42 99 107 40 
50 79 8 32 48 89 44 27 64 54 68 78 43 41 22 28 67 32 58 63 41 47 72 37 37 55 71 50 33 58 57 70 85 32 37 51 92 37 65 67 39 0 49 25 64 28 53 80 54 41 80 37 77 85 80 76 87 34 23 37 74 31 79 52 77 74 60 39 36 82 30 90 20 59 37 35 63 72 78 30 
21 61 42 22 22 60 42 44 21 60 22 88 79 23 66 76 32 77 39 54 33 76 72 83 36 43 39 11 16 83 8 61 84 30 16 12 91 60 29 20 84 49 0 24 20 70 80 44 38 31 48 49 34 87 93 49 49 24 43 19 41 78 86 12 62 50 35 82 14 71 37 91 57 78 23 83 86 31 33 50 
30 65 19 11 27 70 34 26 40 51 43 78 58 21 43 52 45 54 42 52 29 58 67 60 28 41 50 26 8 67 32 60 80 21 13 28 87 43 42 42 61 25 24 0 39 48 63 58 38 25 60 35 53 81 82 57 65 15 24 17 53 54 77 29 64 56 41 59 10 71 25 86 35 64 20 60 71 48 53 33 
40 47 58 32 19 42 41 51 1 57 7 83 86 25 78 88 14 88 30 45 53 80 65 95 56 36 22 29 33 84 20 51 75 50 27 30 81 64 12 7 94 64 20 39 0 80 83 25 31 32 30 51 14 78 89 33 29 32 52 39 24 89 80 30 49 35 24 91 29 59 57 82 67 78 44 96 87 11 14 56 
76 79 36 49 61 92 46 30 80 45 86 61 15 55 8 15 78 9 63 61 69 24 62 15 65 57 79 74 56 36 78 66 74 60 55 75 79 24 77 85 14 28 70 48 80 0 30 89 59 50 87 35 91 72 60 80 97 48 28 63 82 12 63 77 75 77 67 12 57 77 58 77 14 40 64 19 40 85 93 27 
93 63 59 58 63 80 42 37 83 29 89 33 18 59 38 45 75 36 57 47 90 6 40 40 87 50 74 87 69 6 88 50 48 81 64 89 53 20 76 89 34 53 80 63 83 30 0 83 54 51 79 32 90 45 30 70 91 56 39 80 76 40 36 90 59 67 63 31 68 57 81 49 34 12 82 46 10 84 93 30 
64 30 75 48 31 19 43 60 24 54 28 73 91 38 89 100 13 98 26 37 77 82 54 104 79 33 10 54 54 83 44 39 61 73 45 55 66 68 16 29 102 80 44 58 25 89 83 0 30 40 7 55 15 65 81 15 9 46 62 62 7 100 69 54 33 18 22 100 49 43 80 68 77 75 67 107 85 14 20 63 
58 27 52 27 16 35 13 31 31 27 38 52 61 18 60 71 21 68 4 16 65 52 35 75 65 5 21 48 38 54 43 23 46 58 28 50 53 38 22 38 72 54 38 38 31 59 54 30 0 13 28 25 36 49 58 22 39 23 33 50 23 70 49 50 26 20 9 69 34 34 63 53 47 47 54 78 57 30 40 33 
48 40 38 15 12 48 11 20 32 30 38 57 54 8 49 61 28 58 17 27 53 48 43 65 53 16 30 40 26 53 38 35 56 46 17 42 63 33 27 38 63 41 31 25 32 50 51 40 13 0 39 20 41 58 63 35 48 11 22 39 34 60 56 42 38 33 19 61 23 46 50 62 37 48 42 67 57 36 44 24 
69 23 76 49 32 13 41 58 30 50 34 67 88 39 87 99 16 96 24 32 80 78 48 102 82 30 10 58 56 78 49 33 54 76 47 59 59 65 19 35 100 80 48 60 30 87 79 7 28 39 0 53 22 58 75 9 13 46 61 66 7 98 63 59 26 12 20 97 52 36 82 61 75 70 70 105 80 20 26 60 
63 45 39 28 32 58 12 11 52 17 58 44 36 27 36 48 45 44 29 28 64 29 35 50 62 23 46 56 39 34 56 34 48 55 33 58 55 13 45 57 47 37 49 35 51 35 32 55 25 20 53 0 59 48 47 46 64 25 15 51 49 46 43 59 42 43 34 44 38 45 57 54 24 30 54 54 38 54 63 8 
52 44 71 45 30 34 48 61 13 62 14 85 95 37 89 100 15 99 33 47 66 88 66 106 69 40 19 42 47 90 32 51 74 64 40 43 79 73 14 15 104 77 34 53 14 91 90 15 36 41 22 59 0 78 92 29 17 44 63 53 18 101 81 42 47 32 27 102 43 57 71 81 78 83 57 107 93 6 4 65 
106 36 87 71 65 52 47 59 78 31 85 14 62 65 77 87 65 80 48 33 110 50 14 84 109 44 59 97 84 41 92 27 5 102 75 98 7 49 67 85 79 85 87 81 78 72 45 65 49 58 58 48 78 0 22 50 71 68 63 96 60 83 10 99 32 47 54 76 80 23 105 5 68 33 100 90 39 73 82 55 
110 54 83 74 72 71 52 57 89 33 96 8 48 71 67 75 78 67 59 45 111 36 27 70 109 53 73 102 87 25 100 42 26 102 79 104 28 42 79 96 64 80 93 82 89 60 30 81 58 63 75 47 92 22 0 66 88 71 60 99 75 70 12 105 49 62 66 61 84 43 104 24 61 20 102 76 22 87 96 51 
70 15 73 47 31 13 34 52 33 41 39 58 80 36 81 93 19 89 18 23 81 70 39 96 82 23 11 60 55 69 52 24 45 76 45 61 51 58 22 40 93 76 49 57 33 80 70 15 22 35 9 46 29 50 66 0 22 43 55 66 11 92 54 61 18 3 16 90 51 28 81 53 69 61 70 99 71 25 33 54 
68 35 83 56 39 21 52 68 29 62 30 80 99 46 97 109 21 106 35 45 82 90 61 113 85 42 18 58 60 91 48 46 67 79 52 59 71 77 23 32 111 87 49 65 29 97 91 9 39 48 13 64 17 71 88 22 0 54 70 68 15 108 76 58 39 26 30 108 56 48 86 74 85 83 72 115 93 18 20 71 
39 50 30 4 15 56 20 20 32 38 37 66 56 7 46 57 33 56 27 37 43 52 53 63 42 26 37 32 16 59 32 45 66 35 8 33 73 36 31 36 62 34 24 15 32 48 56 46 23 11 46 25 44 68 71 43 54 0 20 28 40 57 65 34 49 42 27 60 13 57 40 72 35 55 32 64 63 39 45 26 
54 57 24 21 33 68 22 4 52 32 58 57 36 26 27 38 50 36 38 40 52 34 50 43 49 33 52 49 31 43 52 47 63 43 28 51 69 19 49 57 42 23 43 24 52 28 39 62 33 22 61 15 63 63 60 55 70 20 0 41 56 38 57 52 54 53 41 40 30 59 44 68 15 41 43 45 47 57 65 9 
13 76 29 25 35 77 49 43 40 66 40 94 75 32 58 65 49 68 53 65 15 75 82 74 17 54 56 14 12 84 24 73 94 11 22 15 101 60 47 39 76 37 19 17 39 63 80 62 50 39 66 51 53 96 99 66 68 28 41 0 59 68 93 16 75 65 50 74 16 84 19 101 51 81 5 72 88 50 52 50 
62 26 70 43 26 19 37 53 23 47 28 67 84 33 82 94 10 91 20 31 74 75 48 98 76 26 3 52 49 76 43 33 56 69 40 53 61 61 13 29 95 74 41 53 24 82 76 7 23 34 7 49 18 60 75 11 15 40 56 59 0 93 64 52 28 13 15 93 45 38 76 63 70 68 63 101 78 15 23 56 
81 90 39 57 71 104 57 40 90 57 95 72 23 64 11 6 88 4 74 73 72 34 74 6 67 69 90 80 62 46 86 78 85 63 63 81 91 36 87 94 10 31 78 54 89 12 40 100 70 60 98 46 101 83 70 92 108 57 38 68 93 0 74 83 87 89 78 11 64 89 60 88 23 51 68 8 49 95 103 38 
104 41 82 69 64 59 45 54 80 27 87 4 53 64 69 79 67 71 50 34 107 40 15 75 105 44 63 95 81 31 92 30 14 98 73 97 17 42 69 87 69 79 86 77 80 63 36 69 49 56 63 43 81 10 12 54 76 65 57 93 64 74 0 98 37 51 56 67 78 30 101 14 61 24 97 81 29 76 86 49 
10 73 44 31 34 71 53 53 30 72 28 100 87 34 72 80 43 83 52 66 25 85 84 89 30 55 50 3 21 93 10 73 96 26 26 1 103 70 40 27 90 52 12 29 30 77 90 54 50 42 59 59 42 99 105 61 58 34 52 16 52 83 98 0 74 61 47 88 22 83 34 103 64 89 19 88 97 41 40 59 
82 4 76 53 40 22 33 51 49 31 55 41 72 44 78 89 35 84 23 14 90 60 23 90 91 23 28 72 63 57 66 9 28 84 53 74 33 51 37 56 86 77 62 64 49 75 59 33 26 38 26 42 47 32 49 18 39 49 54 75 28 87 37 74 0 15 26 83 60 10 89 35 66 48 79 94 58 42 51 50 
71 13 71 45 30 15 32 50 35 38 41 55 77 35 79 90 20 86 15 20 80 67 36 93 81 20 13 60 54 66 53 21 43 75 44 62 48 55 23 41 90 74 50 56 35 77 67 18 20 33 12 43 32 47 62 3 26 42 53 65 13 89 51 61 15 0 15 87 50 25 80 50 66 58 70 96 68 28 36 51 
56 26 57 30 15 29 22 38 24 35 31 59 70 20 68 79 13 76 6 22 65 61 41 83 66 13 12 46 39 63 39 27 51 59 29 47 57 47 14 31 81 60 35 41 24 67 63 22 9 19 20 34 27 54 66 16 30 27 41 50 15 78 56 47 26 15 0 78 35 36 65 58 55 56 54 86 66 22 31 41 
88 87 47 60 73 102 56 41 92 53 98 64 14 66 17 17 89 8 74 70 80 26 68 8 75 67 90 86 67 37 90 74 79 71 67 87 83 33 88 96 3 39 82 59 91 12 31 100 69 61 97 44 102 76 61 90 108 60 40 74 93 11 67 88 83 87 78 0 68 84 68 80 25 43 75 15 40 97 105 37 
26 60 29 10 20 63 33 32 30 52 33 80 66 16 53 62 36 63 37 49 31 64 66 70 31 38 42 19 4 71 22 57 79 25 6 21 85 48 34 31 70 36 14 10 29 57 68 49 34 23 52 38 43 80 84 51 56 13 30 16 45 64 78 22 60 50 35 68 0 68 31 85 43 68 20 70 75 39 43 38 
92 13 82 61 49 29 39 56 59 31 65 35 71 52 81 92 45 86 32 20 99 59 18 91 99 30 38 82 72 54 76 12 19 92 62 83 23 52 47 66 87 82 71 71 59 77 57 43 34 46 36 45 57 23 43 28 48 57 59 84 38 89 30 83 10 25 36 84 68 0 96 25 69 45 88 96 54 53 61 54 
26 90 22 36 51 94 58 47 58 74 59 101 72 45 51 55 66 61 66 77 13 75 91 66 7 66 73 32 26 86 42 85 104 7 36 32 111 63 64 57 69 30 37 25 57 58 81 80 63 50 82 57 71 105 104 81 86 40 44 19 76 60 101 34 89 80 65 68 31 96 0 110 48 85 15 63 90 68 71 53 
110 38 92 76 69 54 52 64 82 36 89 17 67 70 82 92 69 84 53 37 115 54 19 89 114 48 63 101 88 45 97 31 7 107 79 103 4 54 71 89 83 90 91 86 82 77 49 68 53 62 61 54 81 5 24 53 74 72 68 101 63 88 14 103 35 50 58 80 85 25 110 0 73 37 105 95 43 77 86 60 
64 69 26 35 48 82 35 17 67 39 72 60 24 41 12 24 65 21 52 52 59 28 57 28 55 47 67 61 42 39 65 58 69 49 42 63 75 19 64 71 27 20 57 35 67 14 34 77 47 37 75 24 78 68 61 69 85 35 15 51 70 23 61 64 66 66 55 25 43 69 48 73 0 40 52 30 43 72 80 16 
93 53 64 58 59 70 37 38 78 21 85 21 29 56 47 56 69 47 50 38 93 17 28 51 90 43 66 86 69 9 86 39 36 84 63 88 40 22 69 84 46 59 78 64 78 40 12 75 47 48 70 30 83 33 20 61 83 55 41 81 68 51 24 89 48 58 56 43 68 45 85 37 40 0 84 58 10 78 87 32 
13 80 29 28 40 82 52 46 44 70 44 98 76 36 58 64 54 68 57 69 11 77 85 74 12 58 61 17 16 86 27 77 98 8 26 18 105 62 51 43 76 37 23 20 44 64 82 67 54 42 70 54 57 100 102 70 72 32 43 5 63 68 97 19 79 70 54 75 20 88 15 105 52 84 0 72 90 54 56 52 
85 98 44 64 78 111 65 47 96 65 101 79 29 71 18 8 95 11 82 81 75 41 81 7 70 76 97 85 68 52 91 86 93 67 70 86 98 44 94 100 13 35 83 60 96 19 46 107 78 67 105 54 107 90 76 99 115 64 45 72 101 8 81 88 94 96 86 15 70 96 63 95 30 58 72 0 55 102 110 45 
100 62 68 65 68 79 46 44 87 31 94 26 26 65 47 54 78 46 59 48 99 16 36 48 96 53 76 94 77 4 94 49 43 89 71 96 46 28 79 94 42 63 86 71 87 40 10 85 57 57 80 38 93 39 22 71 93 63 47 88 78 49 29 97 58 68 66 40 75 54 90 43 43 10 90 55 0 87 97 38 
51 40 67 40 24 32 42 56 11 57 14 80 90 31 84 95 9 94 28 42 64 82 61 100 67 35 14 40 43 85 30 46 70 61 35 41 75 67 9 15 99 72 31 48 11 85 84 14 30 36 20 54 6 73 87 25 18 39 57 50 15 95 76 41 42 28 22 97 39 53 68 77 72 78 54 102 87 0 9 60 
51 48 72 46 32 38 51 64 14 66 12 89 98 39 91 102 18 101 37 51 65 91 70 108 68 44 23 41 47 94 30 55 78 64 41 41 84 76 18 14 107 78 33 53 14 93 93 20 40 44 26 63 4 82 96 33 20 45 65 52 23 103 86 40 51 36 31 105 43 61 71 86 80 87 56 110 97 9 0 68 
62 53 33 28 36 66 19 6 56 24 62 49 30 30 28 39 52 36 37 36 61 26 42 42 58 31 53 57 39 34 58 42 55 52 34 58 62 10 51 61 40 30 50 33 56 27 30 63 33 24 60 8 65 55 51 54 71 26 9 50 56 38 49 59 50 51 41 37 38 54 53 60 16 32 52 45 38 60 68 0 
0 97 29 0 68 0 0 1397 299 13 210 55 2529 1590 221 103 1484 0 0 9 34 13 0 0 0 0 108 92 198 831 0 571 215 0 81 70 2610 0 0 393 0 50 2022 0 0 156 0 1410 275 0 12 24 529 21 0 0 75 26 118 218 0 20 936 110 146 0 56 11 0 654 71 0 38 159 93 29 44 26 1915 306 
97 0 0 236 24 465 21 249 37 293 0 197 35 22 409 930 300 9 0 380 406 91 0 448 1970 56 545 32 1231 1481 735 663 43 391 8 2306 0 16 0 10 10 0 29 229 0 193 0 9 588 16 556 57 14 65 55 24 1808 1145 2351 12 14 939 279 0 13 0 9 122 3000 39 32 75 1888 21 241 517 37 1552 14 114 
29 0 0 0 9 0 0 10 0 110 18 0 0 877 100 0 0 0 177 0 27 138 0 0 0 0 0 81 0 376 0 48 1533 0 253 0 269 0 0 189 0 466 101 0 26 59 324 0 0 58 0 19 1738 173 0 0 0 8 603 194 0 990 0 12 417 308 18 0 0 60 74 0 0 0 30 0 110 0 305 56 
0 236 0 0 69 143 46 0 3000 20 8 8 66 286 14 0 21 194 14 21 79 1120 94 876 11 367 0 373 175 0 39 20 0 288 2633 143 0 897 23 36 490 0 55 201 44 0 67 2826 160 138 1574 0 122 63 8 37 50 109 296 422 143 22 616 0 365 377 9 0 20 280 13 30 793 16 0 0 1007 0 855 51 
68 24 9 69 0 38 155 500 24 19 14 19 100 53 315 8 485 214 280 212 3000 13 0 0 0 0 670 504 1963 10 8 86 375 32 54 14 95 0 0 350 104 2328 100 628 0 26 0 24 419 34 1147 689 330 25 13 0 68 33 23 753 0 3000 2467 8 166 90 3000 1345 0 1743 121 148 421 2279 179 1360 24 41 73 1262 
0 465 0 143 38 0 115 0 105 23 0 80 12 1176 235 20 8 1068 2819 17 10 111 10 11 319 136 45 17 129 0 23 12 207 19 59 22 0 9 835 112 217 0 9 35 48 0 83 120 11 247 1244 0 912 13 18 156 41 50 31 9 70 504 13 0 78 14 302 0 612 68 364 168 387 271 0 0 109 206 30 32 
0 21 0 46 155 115 0 58 163 428 14 27 22 125 46 0 97 1626 36 276 2578 1024 3000 1371 193 279 0 1468 64 2696 795 7 35 32 2500 248 27 11 439 49 11 940 19 314 113 3000 36 1881 1081 55 102 27 153 151 137 1183 91 1142 46 794 16 14 533 0 25 10 1054 0 64 128 10 9 215 2175 0 0 10 11 39 12 
1397 249 10 0 500 0 58 0 3000 1497 66 40 102 71 32 19 0 0 10 11 388 871 0 0 0 0 1444 42 0 3000 0 1849 59 0 513 2238 142 0 0 721 0 16 1272 0 43 312 32 0 209 11 0 3000 51 42 960 0 0 226 182 2604 0 18 0 16 1082 13 140 463 0 46 96 12 407 0 1923 35 20 689 7 81 
299 37 0 3000 24 105 163 3000 0 50 259 1484 67 133 859 149 136 165 95 47 198 172 0 93 80 9 8 42 22 115 826 39 202 33 139 367 80 489 0 184 1806 56 298 781 31 35 692 27 57 79 129 20 1309 3000 1001 200 102 286 19 457 1837 61 908 0 137 154 2360 289 132 3000 787 1565 43 468 3000 359 9 3000 44 1638 
13 293 110 20 19 23 428 1497 50 0 10 46 2842 65 22 145 36 156 75 531 9 3000 11 127 223 3000 243 163 263 35 14 3000 18 3000 127 52 11 581 81 2797 320 11 16 99 20 10 3000 178 127 1774 271 11 61 133 41 805 3000 179 80 9 881 512 62 60 191 176 121 277 30 90 45 1018 16 276 824 16 1363 124 159 254 
210 0 18 8 14 0 14 66 259 10 0 127 644 271 18 0 0 0 41 16 230 68 0 0 64 936 0 309 0 21 0 387 638 0 86 0 146 0 183 384 0 131 1259 0 9 79 10 0 10 13 0 9 95 3000 107 0 0 727 268 143 0 153 0 59 33 14 132 0 16 1112 8 35 85 0 8 0 312 29 110 111 
55 197 0 8 19 80 27 40 1484 46 127 0 214 15 60 621 56 15 14 18 24 100 3000 41 8 3000 2360 1328 262 68 3000 120 39 20 149 136 193 305 821 207 151 561 353 27 132 2161 9 323 368 14 780 24 83 3000 20 234 38 2462 444 116 26 2067 289 0 55 8 2748 947 35 27 39 593 132 28 616 0 19 1061 423 25 
2529 35 0 66 100 12 22 102 67 2842 644 214 0 39 369 48 21 78 948 101 88 31 0 10 0 126 68 52 443 3000 46 46 1311 56 237 13 256 438 0 149 691 1541 26 480 236 200 15 10 20 8 257 80 12 19 17 942 158 76 1743 715 14 477 30 17 217 9 12 13 1935 9 71 397 97 14 1262 128 7 440 57 71 
1590 22 877 286 53 1176 125 71 133 65 271 15 39 0 11 35 140 100 93 72 15 153 0 111 670 16 113 18 149 117 362 569 1241 40 20 444 158 2706 9 35 419 13 7 85 16 3000 411 107 455 36 92 557 443 175 44 663 86 749 18 611 10 16 59 17 86 137 65 741 150 1820 20 9 33 433 1591 30 51 21 172 239 
221 409 100 14 315 235 46 32 859 22 18 60 369 11 0 0 35 0 45 1189 93 11 2258 650 37 650 0 40 175 2476 0 125 149 0 197 10 133 0 160 221 0 13 14 234 509 21 110 0 58 496 0 58 44 389 54 0 0 126 501 78 779 678 0 1130 11 83 22 0 8 128 151 57 661 0 95 0 8 0 12 276 
103 930 0 0 8 20 0 19 149 145 0 621 48 35 0 0 1511 284 0 149 113 1017 0 0 0 0 3000 148 13 509 0 153 824 0 0 1357 0 0 0 0 12 0 190 0 0 400 0 95 68 0 3000 22 0 21 0 0 12 30 0 0 0 38 264 0 0 0 15 19 0 0 130 0 19 157 17 337 12 562 15 2589 
1484 300 0 21 485 8 97 0 136 36 0 56 21 140 35 1511 0 56 0 1142 81 157 0 314 38 92 44 26 159 29 68 9 155 1131 589 39 0 20 0 0 53 0 1028 98 0 39 0 211 95 368 88 318 529 586 9 1928 170 236 11 0 884 32 1343 0 0 0 18 14 263 151 275 339 486 38 173 22 13 36 390 89 
0 9 0 194 214 1068 1626 0 165 156 0 15 78 100 0 284 56 0 0 71 12 3000 0 59 1420 2481 245 0 40 0 479 58 52 370 197 14 0 1584 0 0 3000 0 81 167 0 75 0 48 3000 0 1707 286 0 118 275 8 1433 146 212 0 100 384 20 0 0 0 71 13 79 0 123 579 17 50 0 8 157 8 356 2932 
0 0 177 14 280 2819 36 10 95 75 41 14 948 93 45 0 0 0 0 17 39 10 794 1181 3000 105 0 9 0 0 0 39 0 0 109 1089 9 0 202 21 0 160 1377 110 15 0 33 0 0 1114 0 0 2217 94 20 0 0 909 116 786 499 972 0 85 1817 638 13 0 93 859 436 55 15 0 89 0 26 0 353 198 
9 380 0 21 212 17 276 11 47 531 16 18 101 72 1189 149 1142 71 17 0 36 16 90 43 2827 973 0 15 10 8 434 3000 29 1768 38 56 3000 8 320 13 1058 300 27 114 1298 10 36 52 44 394 42 361 8 11 9 101 165 222 40 883 32 95 29 0 134 183 51 0 151 1298 169 2223 208 326 209 0 1393 1027 72 362 
34 406 27 79 3000 10 2578 388 198 9 230 24 88 15 93 113 81 12 39 36 0 115 46 262 232 10 1197 100 274 2641 16 55 23 85 11 74 22 578 412 1325 31 16 224 161 13 333 12 16 121 24 17 3000 75 33 824 297 75 3000 2512 77 1155 20 1189 339 36 31 284 0 20 141 1349 179 387 151 251 0 3000 114 124 39 
13 91 138 1120 13 111 1024 871 172 3000 68 100 31 153 11 1017 157 3000 10 16 115 0 679 99 322 549 534 88 263 9 199 155 740 43 384 20 2370 12 573 1487 357 645 142 63 11 42 275 1040 431 10 81 12 253 97 15 85 701 703 9 1079 1456 518 74 12 171 103 24 0 30 12 1414 43 49 298 2175 0 303 70 32 45 
0 0 0 94 0 10 3000 0 0 11 0 3000 0 0 2258 0 0 0 794 90 46 679 0 84 304 508 0 0 0 0 0 236 0 0 82 1245 0 0 1259 16 0 0 0 52 210 0 131 0 0 1280 0 0 47 0 10 0 0 79 22 9 388 0 0 0 65 202 0 0 409 132 0 3000 12 0 0 0 0 0 16 0 
0 448 0 876 0 11 1371 0 93 127 0 41 10 111 650 0 314 59 1181 43 262 99 84 0 10 46 0 0 771 0 89 756 0 88 53 14 0 178 26 23 67 0 0 170 2774 0 527 24 478 2307 56 0 10 77 9 418 199 191 21 52 413 1019 26 0 483 239 181 0 8 172 0 573 113 0 0 0 8 0 3000 89 
0 1970 0 11 0 319 193 0 80 223 64 8 0 670 37 0 38 1420 3000 2827 232 322 304 10 0 15 0 0 127 0 20 16 0 229 56 53 0 150 62 44 38 0 0 136 13 0 208 0 0 12 0 0 207 49 18 75 0 191 274 1322 211 417 0 0 9 52 29 0 37 95 0 20 3000 0 0 0 34 0 27 0 
0 56 0 367 0 136 279 0 9 3000 936 3000 126 16 650 0 92 2481 105 973 10 549 508 46 15 0 0 0 1386 0 35 68 0 62 922 112 0 21 36 17 250 0 0 51 166 0 32 0 0 107 0 0 9 71 625 13 0 113 270 72 33 0 0 0 40 11 15 0 288 8 0 7 19 0 0 0 17 0 79 0 
108 545 0 0 670 45 0 1444 8 243 0 2360 68 113 0 3000 44 245 0 0 1197 534 0 0 0 0 0 634 54 738 0 464 279 0 0 49 0 0 0 0 327 0 658 0 0 170 0 19 853 0 64 8 0 287 0 0 11 0 0 0 0 15 3000 0 0 0 504 238 0 0 87 0 216 108 1561 323 30 154 82 662 
92 32 81 373 504 17 1468 42 42 163 309 1328 52 18 40 148 26 0 9 15 100 88 0 0 0 0 634 0 2116 131 0 644 1043 0 49 117 127 0 0 407 0 11 1031 0 65 48 11 993 2912 288 22 30 103 8 141 0 298 218 79 29 0 2414 177 9 401 258 12 678 0 2922 32 13 42 16 8 83 53 15 626 37 
198 1231 0 175 1963 129 64 0 22 263 0 262 443 149 175 13 159 40 0 10 274 263 0 771 127 1386 54 2116 0 102 239 76 36 943 22 140 0 251 0 0 402 0 227 518 0 1460 0 15 26 9 1483 50 54 373 142 111 328 63 10 0 7 344 25 0 0 0 171 164 58 1290 26 1426 36 16 0 427 125 40 22 1272 
831 1481 376 0 10 0 2696 3000 115 35 21 68 3000 117 2476 509 29 0 0 8 2641 9 0 0 0 0 738 131 102 0 0 21 12 0 3000 106 124 0 0 312 0 325 745 0 0 32 0 24 73 55 767 1511 9 16 33 0 10 64 22 14 0 47 1566 38 709 8 55 73 0 21 2719 7 458 13 389 63 49 24 1984 7 
0 735 0 39 8 23 795 0 826 14 0 3000 46 362 0 0 68 479 0 434 16 199 0 89 20 35 0 0 239 0 0 56 0 1053 0 44 0 817 0 0 37 0 0 27 0 0 0 23 1124 0 8 0 0 11 8 626 16 0 0 0 25 0 69 0 0 0 16 0 307 0 0 338 18 124 0 0 38 0 9 0 
571 663 48 20 86 12 7 1849 39 3000 387 120 46 569 125 153 9 58 39 3000 55 155 236 756 16 68 464 644 76 21 56 0 3000 91 470 39 120 103 52 439 77 1197 29 389 1024 119 1572 31 133 315 76 337 99 41 802 227 29 58 68 55 3000 10 2362 8 345 87 243 759 45 39 39 328 480 261 104 0 3000 140 150 603 
215 43 1533 0 375 207 35 59 202 18 638 39 1311 1241 149 824 155 52 0 29 23 740 0 0 0 0 279 1043 36 12 0 3000 0 0 37 491 2346 0 0 31 27 121 35 0 0 30 0 30 190 0 86 762 0 237 0 0 32 3000 216 53 0 37 42 32 0 0 1354 1081 0 11 82 3000 1204 723 11 37 75 207 542 61 
0 391 0 288 32 19 32 0 33 3000 0 20 56 40 0 0 1131 370 0 1768 85 43 0 88 229 62 0 0 943 0 1053 91 0 0 0 947 0 245 0 0 86 0 0 23 0 0 0 514 116 0 865 0 0 255 50 124 404 0 0 0 45 31 27 0 0 0 25 0 21 0 0 222 45 268 0 0 9 0 12 0 
81 8 253 2633 54 59 2500 513 139 127 86 149 237 20 197 0 589 197 109 38 11 384 82 53 56 922 0 49 22 3000 0 470 37 0 0 228 158 0 73 293 0 22 332 76 12 3000 984 20 200 545 149 37 12 29 314 0 0 125 2867 23 0 304 37 50 903 746 175 0 242 48 32 14 91 0 22 0 18 35 32 1855 
70 2306 0 143 14 22 248 2238 367 52 0 136 13 444 10 1357 39 14 1089 56 74 20 1245 14 53 112 49 117 140 106 44 39 491 947 228 0 0 374 12 52 10 0 32 145 550 10 57 1205 58 10 10 10 30 707 307 877 8 3000 1066 17 32 34 98 0 111 8 9 0 78 323 10 66 2758 202 0 0 9 234 11 113 
2610 0 269 0 95 0 27 142 80 11 146 193 256 158 133 0 0 0 9 3000 22 2370 0 0 0 0 0 127 0 124 0 120 2346 0 158 0 0 0 0 259 0 148 174 0 343 133 436 0 21 959 0 2478 1230 2558 65 0 0 2167 60 1003 0 20 0 1884 147 37 57 0 0 15 65 20 0 0 73 0 1275 47 939 81 
0 16 0 897 0 9 11 0 489 581 0 305 438 2706 0 0 20 1584 0 8 578 12 0 178 150 21 0 0 251 0 817 103 0 245 0 374 0 0 0 0 26 0 0 30 0 0 0 1404 67 0 1751 0 0 0 2911 42 615 0 0 0 59 0 753 0 0 0 20 0 48 0 0 25 21 217 0 0 0 0 127 0 
0 0 0 23 0 835 439 0 0 81 183 821 0 9 160 0 0 0 202 320 412 573 1259 26 62 36 0 0 0 0 0 52 0 0 73 12 0 0 0 972 0 368 0 29 64 0 10 0 0 69 0 0 58 0 8 0 0 7 39 41 90 0 0 0 7 177 55 0 2744 187 0 1223 60 0 0 0 51 0 148 0 
393 10 189 36 350 112 49 721 184 2797 384 207 149 35 221 0 0 0 21 13 1325 1487 16 23 44 17 0 407 0 312 0 439 31 0 293 52 259 0 972 0 0 3000 547 238 27 53 33 0 8 89 0 27 81 463 34 0 0 17 3000 10 0 61 0 23 790 155 244 0 1657 104 522 294 16 0 548 0 173 0 182 1612 
0 10 0 490 104 217 11 0 1806 320 0 151 691 419 0 12 53 3000 0 1058 31 357 0 67 38 250 327 0 402 0 37 77 27 86 0 10 0 26 0 0 0 0 0 103 0 0 0 19 27 0 9 0 0 80 355 81 2283 0 0 0 10 152 214 0 0 0 204 141 431 0 307 139 19 411 0 48 1738 37 452 19 
50 0 466 0 2328 0 940 16 56 11 131 561 1541 13 13 0 0 0 160 300 16 645 0 0 0 0 0 11 0 325 0 1197 121 0 22 0 148 0 368 3000 0 0 123 0 815 239 45 0 28 186 0 3000 86 32 10 0 0 63 607 255 0 93 0 1506 150 217 383 0 0 101 308 136 57 0 179 0 3000 268 43 30 
2022 29 101 55 100 9 19 1272 298 16 1259 353 26 7 14 190 1028 81 1377 27 224 142 0 0 0 0 658 1031 227 745 0 29 35 0 332 32 174 0 0 547 0 123 0 0 0 177 66 887 2772 18 18 96 886 126 683 0 42 46 83 267 0 45 92 8 8 1087 82 26 0 53 898 20 174 28 69 289 48 47 531 336 
0 229 0 201 628 35 314 0 781 99 0 27 480 85 234 0 98 167 110 114 161 63 52 170 136 51 0 0 518 0 27 389 0 23 76 145 0 30 29 238 103 0 0 0 1021 0 867 50 38 84 39 0 1507 128 935 12 8 221 11 29 310 643 57 0 50 25 27 0 1485 179 19 416 10 44 0 0 58 0 260 39 
0 0 26 44 0 48 113 43 31 20 9 132 236 16 509 0 0 0 15 1298 13 11 210 2774 13 166 0 65 0 0 0 1024 0 0 12 550 343 0 64 27 0 815 0 1021 0 0 18 0 0 270 0 0 115 246 213 0 0 10 2152 16 78 1684 0 1080 106 603 168 0 87 7 1875 628 32 0 0 0 25 0 11 3000 
156 193 59 0 26 0 3000 312 35 10 79 2161 200 3000 21 400 39 75 0 10 333 42 0 0 0 0 170 48 1460 32 0 119 30 0 3000 10 133 0 0 53 0 239 177 0 0 0 0 1688 152 285 21 353 986 562 2497 0 329 796 55 14 0 27 368 35 59 30 34 30 0 86 467 27 10 221 12 2766 1821 448 15 24 
0 0 324 67 0 83 36 32 692 3000 10 9 15 411 110 0 0 0 33 36 12 275 131 527 208 32 0 11 0 0 0 1572 0 0 984 57 436 0 10 33 0 45 66 867 18 0 0 0 0 121 0 0 152 150 255 0 0 395 17 3000 22 2514 0 585 300 9 119 0 78 310 135 30 131 0 0 0 1806 0 20 16 
1410 9 0 2826 24 120 1881 0 27 178 0 323 10 107 0 95 211 48 0 52 16 1040 0 24 0 0 19 993 15 24 23 31 30 514 20 1205 0 1404 0 0 19 0 887 50 0 1688 0 0 495 0 8 169 0 20 13 11 209 3000 35 0 139 1005 866 0 0 0 238 59 0 0 114 439 72 62 120 171 1322 20 237 526 
275 588 0 160 419 11 1081 209 57 127 10 368 20 455 58 68 95 3000 0 44 121 431 0 478 0 0 853 2912 26 73 1124 133 190 116 200 58 21 67 0 8 27 28 2772 38 0 152 0 495 0 69 2535 60 75 39 55 156 3000 23 118 794 297 51 285 0 60 0 93 1207 296 20 98 473 9 27 513 37 2471 1322 65 181 
0 16 58 138 34 247 55 11 79 1774 13 14 8 36 496 0 368 0 1114 394 24 10 1280 2307 12 107 0 288 9 55 0 315 0 0 545 10 959 0 69 89 0 186 18 84 270 285 121 0 69 0 0 13 51 180 642 0 0 47 27 50 57 97 0 66 630 9 432 0 17 430 1923 45 3000 0 15 0 230 0 905 2072 
12 556 0 1574 1147 1244 102 0 129 271 0 780 257 92 0 3000 88 1707 0 42 17 81 0 56 0 0 64 22 1483 767 8 76 86 865 149 10 0 1751 0 0 9 0 18 39 0 21 0 8 2535 0 0 22 0 19 515 334 1619 87 14 0 3000 2053 544 0 0 0 57 294 829 0 18 26 18 8 0 18 86 116 116 186 
24 57 19 0 689 0 27 3000 20 11 9 24 80 557 58 22 318 286 0 361 3000 12 0 0 0 0 8 30 50 1511 0 337 762 0 37 10 2478 0 0 27 0 3000 96 0 0 353 0 169 60 13 22 0 1319 11 457 0 410 264 63 78 0 100 308 15 23 38 183 382 0 576 3000 193 308 9 49 41 60 51 45 31 
529 14 1738 122 330 912 153 51 1309 61 95 83 12 443 44 0 529 0 2217 8 75 253 47 10 207 9 0 103 54 9 0 99 0 0 12 30 1230 0 58 81 0 86 886 1507 115 986 152 0 75 51 0 1319 0 36 32 0 0 39 541 39 269 41 0 3000 609 483 54 0 1240 17 18 56 625 0 9 0 200 0 13 16 
21 65 173 63 25 13 151 42 3000 133 3000 3000 19 175 389 21 586 118 94 11 33 97 0 77 49 71 287 8 373 16 11 41 237 255 29 707 2558 0 0 463 80 32 126 128 246 562 150 20 39 180 19 11 36 0 265 0 8 349 10 353 180 516 46 1284 419 20 12 36 39 294 172 9 2497 335 355 252 1745 222 320 325 
0 55 0 8 13 18 137 960 1001 41 107 20 17 44 54 0 9 275 20 9 824 15 10 9 18 625 0 141 142 33 8 802 0 50 314 307 65 2911 8 34 355 10 683 935 213 2497 255 13 55 642 515 457 32 265 0 253 8 20 461 1847 92 458 84 0 1547 38 1373 0 21 111 59 510 233 0 0 0 199 0 297 3000 
0 24 0 37 0 156 1183 0 200 805 0 234 942 663 0 0 1928 8 0 101 297 85 0 418 75 13 0 0 111 0 626 227 0 124 0 877 0 42 0 0 81 0 0 12 0 0 0 11 156 0 334 0 0 0 253 0 621 0 0 0 14 0 36 0 0 0 1070 0 61 0 0 25 52 141 0 0 0 0 3000 0 
75 1808 0 50 68 41 91 0 102 3000 0 38 158 86 0 12 170 1433 0 165 75 701 0 199 0 0 11 298 328 10 16 29 32 404 0 8 0 615 0 0 2283 0 42 8 0 329 0 209 3000 0 1619 410 0 8 8 621 0 8 0 0 32 1323 101 0 0 0 1414 750 0 0 7 312 312 534 1393 43 30 39 83 290 
26 1145 8 109 33 50 1142 226 286 179 727 2462 76 749 126 30 236 146 909 222 3000 703 79 191 191 113 0 218 63 64 0 58 3000 0 125 3000 2167 0 7 17 0 63 46 221 10 796 395 3000 23 47 87 264 39 349 20 0 8 0 1382 8 0 406 1042 643 10 3000 46 483 133 66 70 129 15 0 58 0 13 219 853 411 
118 2351 603 296 23 31 46 182 19 80 268 444 1743 18 501 0 11 212 116 40 2512 9 22 21 274 270 0 79 10 22 0 68 216 0 2867 1066 60 0 39 3000 0 607 83 11 2152 55 17 35 118 27 14 63 541 10 461 0 0 1382 0 120 33 228 44 17 14 19 305 0 1073 250 22 86 883 0 321 0 151 37 270 641 
218 12 194 422 753 9 794 2604 457 9 143 116 715 611 78 0 0 0 786 883 77 1079 9 52 1322 72 0 29 0 14 0 55 53 0 23 17 1003 0 41 10 0 255 267 29 16 14 3000 0 794 50 0 78 39 353 1847 0 0 8 120 0 0 89 0 645 86 55 1487 0 13 114 36 282 544 0 126 0 13 60 628 40 
0 14 0 143 0 70 16 0 1837 881 0 26 14 10 779 0 884 100 499 32 1155 1456 388 413 211 33 0 0 7 0 25 3000 0 45 0 32 0 59 90 0 10 0 0 310 78 0 22 139 297 57 3000 0 269 180 92 14 32 0 33 0 0 43 1022 0 0 0 15 0 225 3000 0 125 15 14 0 0 124 0 252 0 
20 939 990 22 3000 504 14 18 61 512 153 2067 477 16 678 38 32 384 972 95 20 518 0 1019 417 0 15 2414 344 47 0 10 37 31 304 34 20 0 0 61 152 93 45 643 1684 27 2514 1005 51 97 2053 100 41 516 458 0 1323 406 228 89 43 0 86 45 213 59 15 13 44 153 151 52 19 246 66 466 15 600 17 56 
936 279 0 616 2467 13 533 0 908 62 0 289 30 59 0 264 1343 20 0 29 1189 74 0 26 0 0 3000 177 25 1566 69 2362 42 27 37 98 0 753 0 0 214 0 92 57 0 368 0 866 285 0 544 308 0 46 84 36 101 1042 44 0 1022 86 0 0 0 0 67 16 0 0 101 369 50 13 47 113 26 298 44 8 
110 0 12 0 8 0 0 16 0 60 59 0 17 17 1130 0 0 0 85 0 339 12 0 0 0 0 0 9 0 38 0 8 32 0 50 0 1884 0 0 23 0 1506 8 0 1080 35 585 0 0 66 0 15 3000 1284 0 0 0 643 17 645 0 45 0 0 164 1665 12 0 0 26 8 0 0 0 21 0 116 0 329 21 
146 13 417 365 166 78 25 1082 137 191 33 55 217 86 11 0 0 0 1817 134 36 171 65 483 9 40 0 401 0 709 0 345 0 0 903 111 147 0 7 790 0 150 8 50 106 59 300 0 60 630 0 23 609 419 1547 0 0 10 14 86 0 213 0 164 0 61 14 0 26 76 389 19 540 0 249 0 429 0 88 23 
0 0 308 377 90 14 10 13 154 176 14 8 9 137 83 0 0 0 638 183 31 103 202 239 52 11 0 258 0 8 0 87 0 0 746 8 37 0 177 155 0 217 1087 25 603 30 9 0 0 9 0 38 483 20 38 0 0 3000 19 55 0 59 0 1665 61 0 24 0 1175 897 43 253 8 0 786 0 19 0 19 85 
56 9 18 9 3000 302 1054 140 2360 121 132 2748 12 65 22 15 18 71 13 51 284 24 0 181 29 15 504 12 171 55 16 243 1354 25 175 9 57 20 55 244 204 383 82 27 168 34 119 238 93 432 57 183 54 12 1373 1070 1414 46 305 1487 15 15 67 12 14 24 0 35 308 231 79 274 273 101 12 122 57 53 528 8 
11 122 0 0 1345 0 0 463 289 277 0 947 13 741 0 19 14 13 0 0 0 0 0 0 0 0 238 678 164 73 0 759 1081 0 0 0 0 0 0 0 141 0 26 0 0 30 0 59 1207 0 294 382 0 36 0 0 750 483 0 0 0 13 16 0 0 0 35 0 0 0 2545 0 0 42 22 13 418 21 18 67 
0 3000 0 20 0 612 64 0 132 30 16 35 1935 150 8 0 263 79 93 151 20 30 409 8 37 288 0 0 58 0 307 45 0 21 242 78 0 48 2744 1657 431 0 0 1485 87 0 78 0 296 17 829 0 1240 39 21 61 0 133 1073 13 225 44 0 0 26 1175 308 0 0 240 0 42 79 0 0 0 79 0 122 0 
654 39 60 280 1743 68 128 46 3000 90 1112 27 9 1820 128 0 151 0 859 1298 141 12 132 172 95 8 0 2922 1290 21 0 39 11 0 48 323 15 0 187 104 0 101 53 179 7 86 310 0 20 430 0 576 17 294 111 0 0 66 250 114 3000 153 0 26 76 897 231 0 240 0 13 315 150 0 1655 0 301 0 169 128 
71 32 74 13 121 364 10 96 787 45 8 39 71 20 151 130 275 123 436 169 1349 1414 0 0 0 0 87 32 26 2719 0 39 82 0 32 10 65 0 0 522 307 308 898 19 1875 467 135 114 98 1923 18 3000 18 172 59 0 7 70 22 36 0 151 101 8 389 43 79 2545 0 13 0 45 158 7 80 30 64 421 262 3000 
0 75 0 30 148 168 9 12 1565 1018 35 593 397 9 57 0 339 579 55 2223 179 43 3000 573 20 7 0 13 1426 7 338 328 3000 222 14 66 20 25 1223 294 139 136 20 416 628 27 30 439 473 45 26 193 56 9 510 25 312 129 86 282 125 52 369 0 19 253 274 0 42 315 45 0 74 123 0 0 58 973 25 24 
38 1888 0 793 421 387 215 407 43 16 85 132 97 33 661 19 486 17 15 208 387 49 12 113 3000 19 216 42 36 458 18 480 1204 45 91 2758 0 21 60 16 19 57 174 10 32 10 131 72 9 3000 18 308 625 2497 233 52 312 15 883 544 15 19 50 0 540 8 273 0 79 150 158 74 0 222 33 0 24 39 234 10 
159 21 0 16 2279 271 2175 0 468 276 0 28 14 433 0 157 38 50 0 326 151 298 0 0 0 0 108 16 16 13 124 261 723 268 0 202 0 217 0 0 411 0 28 44 0 221 0 62 27 0 8 9 0 335 0 141 534 0 0 0 14 246 13 0 0 0 101 42 0 0 7 123 222 0 755 48 16 263 72 214 
93 241 30 0 179 0 0 1923 3000 824 8 616 1262 1591 95 17 173 0 89 209 251 2175 0 0 0 0 1561 8 0 389 0 104 11 0 22 0 73 0 0 548 0 179 69 0 0 12 0 120 513 15 0 49 9 355 0 0 1393 58 321 126 0 66 47 21 249 786 12 22 0 1655 80 0 33 755 0 347 62 75 420 1429 
29 517 0 0 1360 0 0 35 359 16 0 0 128 30 0 337 22 8 0 0 0 0 0 0 0 0 323 83 427 63 0 0 37 0 0 0 0 0 0 0 48 0 289 0 0 2766 0 171 37 0 18 41 0 252 0 0 43 0 0 0 0 466 113 0 0 0 122 13 0 0 30 0 0 48 347 0 150 7 0 896 
44 37 110 1007 24 109 10 20 9 1363 312 19 7 51 8 12 13 157 26 1393 3000 303 0 8 34 17 30 53 125 49 38 3000 75 9 18 9 1275 0 51 173 1738 3000 48 58 25 1821 1806 1322 2471 230 86 60 200 1745 199 0 30 13 151 13 124 15 26 116 429 19 57 418 79 301 64 58 24 16 62 150 0 1133 421 45 
26 1552 0 0 41 206 11 689 3000 124 29 1061 440 21 0 562 36 8 0 1027 114 70 0 0 0 0 154 15 40 24 0 140 207 0 35 234 47 0 0 0 37 268 47 0 0 448 0 20 1322 0 116 51 0 222 0 0 39 219 37 60 0 600 298 0 0 0 53 21 0 0 421 973 39 263 75 7 1133 0 584 211 
1915 14 305 855 73 30 39 7 44 159 110 423 57 172 12 15 390 356 353 72 124 32 16 3000 27 79 82 626 22 1984 9 150 542 12 32 11 939 127 148 182 452 43 531 260 11 15 20 237 65 905 116 45 13 320 297 3000 83 853 270 628 252 17 44 329 88 19 528 18 122 169 262 25 234 72 420 0 421 584 0 66 
306 114 56 51 1262 32 12 81 1638 254 111 25 71 239 276 2589 89 2932 198 362 39 45 0 89 0 0 662 37 1272 7 0 603 61 0 1855 113 81 0 0 1612 19 30 336 39 3000 24 16 526 181 2072 186 31 16 325 3000 0 290 411 641 40 0 56 8 21 23 85 8 67 0 128 3000 24 10 214 1429 896 45 211 66 0 
