80
0 39 70 57 45 71 25 43 98 97 58 67 66 4 86 56 90 35 97 69 41 77 41 48 82 69 90 79 98 89 70 52 17 12 65 20 31 83 15 51 52 70 34 50 60 2 71 77 27 10 29 48 73 42 44 9 25 25 67 70 57 86 74 65 51 86 79 17 67 113 7 72 37 88 53 55 54 70 102 61 
39 0 51 18 8 82 16 5 70 70 41 68 27 37 78 48 85 31 69 30 29 66 7 12 58 72 60 70 79 79 71 49 41 51 26 42 34 96 31 35 63 48 27 12 53 37 32 65 62 48 18 42 36 28 54 31 14 16 55 55 64 90 87 63 74 60 50 47 31 87 46 35 34 98 46 18 18 57 86 22 
70 51 0 46 45 57 50 48 30 29 12 36 50 67 31 21 40 35 29 52 29 20 56 42 15 41 28 25 29 30 38 26 58 78 46 56 41 69 55 19 46 5 36 44 21 69 60 18 77 76 44 26 65 29 43 61 52 62 14 7 43 53 62 29 68 18 22 64 69 43 74 42 34 66 21 42 37 10 35 55 
57 18 46 0 12 90 33 14 58 59 41 73 10 55 77 51 85 40 58 12 36 65 19 10 48 77 47 70 72 77 76 54 57 69 8 57 46 103 48 37 72 42 37 7 56 55 17 63 78 66 32 48 22 34 63 49 32 34 55 52 72 94 94 66 87 50 38 63 23 76 64 17 43 104 49 5 10 55 79 9 
45 8 45 12 0 81 21 4 62 62 36 66 21 43 73 45 81 30 62 24 27 61 12 3 50 70 52 66 72 74 69 47 45 57 19 45 36 95 36 31 62 41 27 5 50 44 28 60 67 55 21 40 32 25 54 37 20 24 51 49 63 87 86 60 76 53 42 51 30 80 52 27 33 96 43 10 10 51 79 18 
71 82 57 90 81 0 70 83 83 80 53 21 98 68 40 40 36 52 82 100 54 41 89 81 70 16 84 38 66 46 19 36 55 70 94 52 49 14 61 54 20 62 55 84 37 71 107 44 57 69 65 42 111 56 30 67 73 82 43 50 18 19 5 28 28 72 78 55 111 87 69 94 49 16 42 85 80 47 64 98 
25 16 50 33 21 70 0 20 75 75 39 59 42 22 73 41 78 20 74 45 22 62 21 24 61 62 66 65 79 75 62 40 25 36 40 26 21 83 15 31 50 49 17 26 46 23 48 61 46 34 7 34 52 22 41 16 3 13 51 52 53 80 74 55 59 64 56 30 47 91 32 47 23 86 39 30 29 53 85 38 
43 5 48 14 4 83 20 0 66 66 39 68 23 41 76 47 83 32 65 25 29 64 9 7 54 72 55 69 76 77 71 49 44 55 22 45 36 97 35 33 64 45 28 7 52 42 29 63 65 53 21 42 32 27 55 35 18 21 54 52 65 89 87 62 76 56 45 50 29 83 50 30 34 98 45 13 14 54 82 18 
98 70 30 58 62 83 75 66 0 3 42 62 57 94 47 51 56 64 1 57 57 41 74 59 16 67 12 46 23 43 63 56 88 107 54 86 70 93 83 48 76 28 64 60 50 96 64 39 107 104 69 56 69 56 73 88 76 85 42 35 71 74 88 56 98 13 21 93 76 18 103 45 63 89 51 55 52 37 32 64 
97 70 29 59 62 80 75 66 3 0 40 60 58 93 44 49 53 63 2 58 56 39 74 59 15 64 13 43 21 40 61 54 86 106 55 84 69 91 82 46 74 27 63 60 48 96 66 37 106 103 69 54 70 55 71 88 76 84 40 33 69 71 85 53 96 11 21 92 77 17 102 46 62 86 50 55 53 35 29 65 
58 41 12 41 36 53 39 39 42 40 0 33 47 54 37 13 45 23 41 49 17 25 47 34 26 38 37 30 41 38 36 17 46 66 43 44 28 66 43 7 38 13 24 37 16 57 56 24 66 63 32 15 61 17 33 49 41 51 15 14 36 53 58 26 59 29 28 52 63 55 62 41 22 65 12 36 31 15 46 49 
67 68 36 73 66 21 59 68 62 60 33 0 80 64 24 21 24 39 62 82 39 22 75 65 49 5 63 19 48 29 3 19 51 70 76 47 39 33 54 36 19 41 42 68 17 67 89 24 61 68 53 26 94 41 23 61 62 72 22 29 13 21 26 8 39 52 58 53 95 68 67 75 36 31 24 68 63 26 47 82 
66 27 50 10 21 98 42 23 57 58 47 80 0 64 81 58 90 49 56 2 44 70 26 19 50 84 45 75 73 80 82 61 66 78 4 66 55 111 57 44 80 45 46 17 63 64 10 68 88 76 42 55 15 42 72 58 41 43 61 57 80 100 102 73 96 51 38 72 19 75 73 12 52 111 56 13 17 60 81 8 
4 37 67 55 43 68 22 41 94 93 54 64 64 0 83 52 86 32 93 66 38 73 40 46 79 65 86 75 95 86 66 49 14 14 62 17 27 80 11 47 49 67 31 48 56 3 69 73 27 12 26 44 72 38 41 6 23 24 63 66 54 83 71 62 49 82 76 15 66 109 9 70 33 85 50 53 51 67 99 59 
86 78 31 77 73 40 73 76 47 44 37 24 81 83 0 32 9 53 46 83 51 12 84 71 38 26 51 8 27 5 23 34 71 91 77 68 56 48 72 43 42 36 56 74 27 86 91 13 84 89 66 40 96 51 45 79 76 86 23 25 36 27 44 22 63 39 50 74 99 48 88 73 51 43 34 72 67 22 24 85 
56 48 21 51 45 40 41 47 51 49 13 21 58 52 32 0 37 22 50 60 19 21 55 44 35 26 48 24 44 34 24 5 41 61 55 39 25 53 41 15 26 24 24 47 5 55 68 21 58 59 34 8 73 21 22 47 44 54 11 16 23 42 45 15 47 39 40 46 74 62 58 54 19 53 3 46 42 16 47 60 
90 85 40 85 81 36 78 83 56 53 45 24 90 86 9 37 0 58 55 91 57 20 91 79 47 24 61 15 35 13 22 38 74 93 86 71 60 41 76 50 42 45 62 82 32 89 100 22 85 91 72 45 104 58 47 83 81 92 30 33 36 20 39 24 61 49 59 77 108 55 91 82 56 35 40 80 75 30 30 94 
35 31 35 40 30 52 20 32 64 63 23 39 49 32 53 22 58 0 63 52 7 42 37 31 48 42 57 45 63 56 42 20 24 43 46 22 7 65 20 16 32 35 4 34 26 34 58 42 45 41 14 14 62 9 23 27 23 33 32 35 34 60 56 35 46 51 47 30 60 78 39 50 3 67 19 36 32 35 67 48 
97 69 29 58 62 82 74 65 1 2 41 62 56 93 46 50 55 63 0 56 56 41 73 58 15 66 11 45 23 42 63 55 87 106 53 85 69 92 82 47 75 27 63 59 49 95 64 38 106 103 68 55 69 55 72 87 76 84 41 34 70 73 87 55 97 12 20 92 76 18 102 45 62 88 50 54 52 36 31 64 
69 30 52 12 24 100 45 25 57 58 49 82 2 66 83 60 91 52 56 0 46 71 29 22 50 86 45 76 73 82 84 63 69 80 6 69 58 113 60 46 82 46 49 19 64 67 8 69 90 78 44 57 13 44 74 61 44 45 62 58 82 102 104 75 98 51 38 75 19 75 76 12 54 113 58 16 20 61 82 10 
41 29 29 36 27 54 22 29 57 56 17 39 44 38 51 19 57 7 56 46 0 39 36 27 41 43 50 43 58 52 42 20 31 50 41 29 14 68 27 10 36 29 7 30 24 40 53 39 52 47 15 13 57 2 28 32 25 35 28 30 36 60 59 34 52 45 40 37 57 71 46 43 8 69 17 31 27 31 62 44 
77 66 20 65 61 41 62 64 41 39 25 22 70 73 12 21 20 42 41 71 39 0 72 59 30 26 44 5 27 13 22 24 62 82 66 59 46 52 62 31 38 25 45 62 17 76 79 3 77 80 55 29 84 40 38 69 64 75 11 13 32 34 46 16 60 32 40 66 88 47 79 62 40 48 23 60 56 10 27 74 
41 7 56 19 12 89 21 9 74 74 47 75 26 40 84 55 91 37 73 29 36 72 0 15 62 79 63 77 84 85 78 56 46 53 26 47 41 102 36 41 69 53 33 14 60 40 30 71 66 51 25 49 32 34 60 35 19 17 62 61 71 96 93 69 80 65 54 51 26 92 49 36 40 104 52 20 22 63 91 20 
48 12 42 10 3 81 24 7 59 59 34 65 19 46 71 44 79 31 58 22 27 59 15 0 47 69 48 64 69 72 68 46 47 60 17 47 36 95 38 29 62 38 27 3 49 46 27 58 69 57 22 39 31 25 54 40 23 28 49 47 63 86 86 59 77 49 39 53 30 77 55 24 33 96 42 7 7 49 76 17 
82 58 15 48 50 70 61 54 16 15 26 49 50 79 38 35 47 48 15 50 41 30 62 47 0 54 14 35 23 35 51 41 72 91 46 70 54 81 68 32 61 13 48 48 35 81 58 27 92 89 54 40 63 41 57 73 62 71 28 20 57 63 75 42 82 3 13 77 69 31 87 39 47 78 36 44 41 23 32 56 
69 72 41 77 70 16 62 72 67 64 38 5 84 65 26 26 24 42 66 86 43 26 79 69 54 0 68 22 51 31 3 23 52 71 80 49 41 28 56 41 18 46 46 72 22 69 94 28 61 69 56 30 99 45 25 63 65 75 27 34 12 18 21 12 37 56 62 54 99 72 69 80 39 27 28 72 68 31 49 86 
90 60 28 47 52 84 66 55 12 13 37 63 45 86 51 48 61 57 11 45 50 44 63 48 14 68 0 49 32 48 65 53 81 99 42 79 64 95 76 41 74 24 57 49 49 88 53 41 102 97 61 52 57 49 70 80 67 75 41 34 70 77 89 56 95 12 10 87 64 30 95 33 57 92 48 44 42 37 41 53 
79 70 25 70 66 38 65 69 46 43 30 19 75 75 8 24 15 45 45 76 43 5 77 64 35 22 49 0 29 11 19 26 63 83 71 60 48 47 64 36 37 31 48 67 19 78 85 8 77 81 58 32 90 44 38 71 68 78 15 18 31 29 42 15 58 37 46 67 93 50 80 68 43 43 26 65 60 15 28 79 
98 79 29 72 72 66 79 76 23 21 41 48 73 95 27 44 35 63 23 73 58 27 84 69 23 51 32 29 0 22 48 49 85 105 69 83 68 75 83 48 64 31 64 71 41 97 82 25 102 103 72 51 86 58 64 89 81 91 33 28 59 54 71 42 86 22 36 90 92 21 102 62 61 69 46 67 63 28 9 79 
89 79 30 77 74 46 75 77 43 40 38 29 80 86 5 34 13 56 42 82 52 13 85 72 35 31 48 11 22 0 28 37 74 94 77 71 59 53 75 44 47 35 58 74 30 89 90 14 88 92 68 42 95 53 50 82 77 88 24 25 41 32 50 26 68 36 47 78 99 43 91 72 53 48 36 72 67 22 18 85 
70 71 38 76 69 19 62 71 63 61 36 3 82 66 23 24 22 42 63 84 42 22 78 68 51 3 65 19 48 28 0 22 53 72 78 50 41 31 57 39 20 43 45 71 20 69 92 25 63 70 55 29 97 44 26 63 65 75 24 31 14 18 24 10 40 53 60 55 98 68 70 77 39 29 26 71 66 28 46 84 
52 49 26 54 47 36 40 49 56 54 17 19 61 49 34 5 38 20 55 63 20 24 56 46 41 23 53 26 49 37 22 0 38 58 58 35 22 50 38 18 21 29 24 49 7 52 71 25 54 55 34 7 75 22 17 45 43 54 16 22 19 41 41 14 42 44 46 42 76 67 55 58 17 50 6 49 45 21 51 63 
17 41 58 57 45 55 25 44 88 86 46 51 66 14 71 41 74 24 87 69 31 62 46 47 72 52 81 63 85 74 53 38 0 20 64 3 18 67 9 40 35 59 24 49 45 17 73 62 22 18 24 34 76 32 28 13 27 32 53 57 40 69 57 50 36 75 71 6 72 101 17 69 24 71 40 53 51 57 88 63 
12 51 78 69 57 70 36 55 107 106 66 70 78 14 91 61 93 43 106 80 50 82 53 60 91 71 99 83 105 94 72 58 20 0 76 23 38 81 24 59 53 79 43 62 65 14 83 83 18 3 39 54 85 51 46 20 37 37 73 77 58 86 72 69 46 94 89 17 79 121 5 84 44 86 60 67 65 77 109 73 
65 26 46 8 19 94 40 22 54 55 43 76 4 62 77 55 86 46 53 6 41 66 26 17 46 80 42 71 69 77 78 58 64 76 0 64 52 107 55 40 76 41 43 15 59 63 14 64 86 74 39 52 19 39 68 56 40 42 57 53 76 96 99 69 92 47 34 70 23 72 72 10 48 107 53 10 14 56 77 10 
20 42 56 57 45 52 26 45 86 84 44 47 66 17 68 39 71 22 85 69 29 59 47 47 70 49 79 60 83 71 50 35 3 23 64 0 16 64 11 38 32 57 23 50 42 20 73 60 23 21 25 31 77 31 24 16 28 34 50 54 37 66 54 47 34 73 70 8 73 99 20 69 22 68 37 54 51 54 86 63 
31 34 41 46 36 49 21 36 70 69 28 39 55 27 56 25 60 7 69 58 14 46 41 36 54 41 64 48 68 59 41 22 18 38 52 16 0 62 16 22 29 41 9 39 29 30 63 46 38 35 16 17 67 15 19 23 24 34 36 39 31 59 53 36 40 57 54 23 65 83 34 56 7 65 22 42 38 40 71 54 
83 96 69 103 95 14 83 97 93 91 66 33 111 80 48 53 41 65 92 113 68 52 102 95 81 28 95 47 75 53 31 50 67 81 107 64 62 0 74 67 34 74 69 98 50 83 120 54 66 80 78 56 125 70 43 80 87 96 55 61 32 21 10 40 36 83 90 66 125 95 80 107 62 8 55 98 94 59 71 112 
15 31 55 48 36 61 15 35 83 82 43 54 57 11 72 41 76 20 82 60 27 62 36 38 68 56 76 64 83 75 57 38 9 24 55 11 16 74 0 36 41 55 20 41 45 14 64 62 31 21 16 33 67 27 32 7 17 23 52 55 45 74 64 52 45 71 66 15 62 98 19 61 22 77 39 45 43 56 88 53 
51 35 19 37 31 54 31 33 48 46 7 36 44 47 43 15 50 16 47 46 10 31 41 29 32 41 41 36 48 44 39 18 40 59 40 38 22 67 36 0 38 19 17 32 19 50 53 31 60 57 24 12 58 10 31 42 34 44 21 21 36 57 59 30 57 35 32 46 59 62 55 40 16 67 13 32 27 22 53 45 
52 63 46 72 62 20 50 64 76 74 38 19 80 49 42 26 42 32 75 82 36 38 69 62 61 18 74 37 64 47 20 21 35 53 76 32 29 34 41 38 0 50 36 65 25 52 89 40 42 51 45 25 93 38 9 47 53 62 34 41 6 34 24 22 22 64 66 36 92 84 51 78 29 37 27 67 63 39 64 80 
70 48 5 42 41 62 49 45 28 27 13 41 45 67 36 24 45 35 27 46 29 25 53 38 13 46 24 31 31 35 43 29 59 79 41 57 41 74 55 19 50 0 36 40 25 69 55 23 79 76 42 28 60 28 46 61 51 60 19 13 47 58 67 34 71 16 17 65 64 43 75 37 35 71 24 37 33 16 38 50 
34 27 36 37 27 55 17 28 64 63 24 42 46 31 56 24 62 4 63 49 7 45 33 27 48 46 57 48 64 58 45 24 24 43 43 23 9 69 20 17 36 36 0 30 29 33 54 45 46 40 10 17 58 8 27 25 20 30 34 36 37 64 60 38 49 52 47 31 57 78 39 47 7 71 22 33 29 37 69 45 
50 12 44 7 5 84 26 7 60 60 37 68 17 48 74 47 82 34 59 19 30 62 14 3 48 72 49 67 71 74 71 49 49 62 15 50 39 98 41 32 65 40 30 0 51 48 24 60 71 59 25 42 28 28 57 42 25 28 52 49 66 89 89 62 80 51 39 56 27 77 57 23 36 98 44 6 8 52 78 14 
60 53 21 56 50 37 46 52 50 48 16 17 63 56 27 5 32 26 49 64 24 17 60 49 35 22 49 19 41 30 20 7 45 65 59 42 29 50 45 19 25 25 29 51 0 59 72 17 61 63 39 13 77 26 23 52 49 59 9 15 22 38 42 10 47 38 42 49 78 60 62 58 24 49 8 51 46 14 44 65 
2 37 69 55 44 71 23 42 96 96 57 67 64 3 86 55 89 34 95 67 40 76 40 46 81 69 88 78 97 89 69 52 17 14 63 20 30 83 14 50 52 69 33 48 59 0 69 76 28 12 27 47 72 40 44 8 23 23 66 69 57 86 74 65 51 84 78 18 65 111 9 70 36 88 53 53 52 70 101 59 
71 32 60 17 28 107 48 29 64 66 56 89 10 69 91 68 100 58 64 8 53 79 30 27 58 94 53 85 82 90 92 71 73 83 14 73 63 120 64 53 89 55 54 24 72 69 0 78 94 81 49 65 5 51 80 63 47 47 70 66 89 109 111 82 104 59 46 79 12 82 78 20 60 120 66 22 26 69 90 10 
77 65 18 63 60 44 61 63 39 37 24 24 68 73 13 21 22 42 38 69 39 3 71 58 27 28 41 8 25 14 25 25 62 83 64 60 46 54 62 31 40 23 45 60 17 76 78 0 78 80 54 29 82 39 40 69 64 74 11 11 34 36 49 18 61 29 38 67 86 45 79 60 40 51 23 58 54 9 26 72 
27 62 77 78 67 57 46 65 107 106 66 61 88 27 84 58 85 45 106 90 52 77 66 69 92 61 102 77 102 88 63 54 22 18 86 23 38 66 31 60 42 79 46 71 61 28 94 78 0 18 47 52 97 53 39 31 47 50 69 75 49 75 58 62 30 95 92 16 92 120 20 92 45 72 57 75 73 74 104 84 
10 48 76 66 55 69 34 53 104 103 63 68 76 12 89 59 91 41 103 78 47 80 51 57 89 69 97 81 103 92 70 55 18 3 74 21 35 80 21 57 51 76 40 59 63 12 81 80 18 0 37 52 83 48 44 18 35 35 70 75 56 85 71 67 45 92 87 15 77 118 3 81 42 85 57 64 63 75 106 71 
29 18 44 32 21 65 7 21 69 69 32 53 42 26 66 34 72 14 68 44 15 55 25 22 54 56 61 58 72 68 55 34 24 39 39 25 16 78 16 24 45 42 10 25 39 27 49 54 47 37 0 27 53 15 35 20 10 20 44 45 47 74 69 48 56 57 51 31 49 85 35 45 17 80 32 29 27 46 78 39 
48 42 26 48 40 42 34 42 56 54 15 26 55 44 40 8 45 14 55 57 13 29 49 39 40 30 52 32 51 42 29 7 34 54 52 31 17 56 33 12 25 28 17 42 13 47 65 29 52 52 27 0 69 15 19 40 37 47 19 23 24 48 47 21 44 43 43 39 69 68 50 53 11 56 6 43 38 23 55 56 
73 36 65 22 32 111 52 32 69 70 61 94 15 72 96 73 104 62 69 13 57 84 32 31 63 99 57 90 86 95 97 75 76 85 19 77 67 125 67 58 93 60 58 28 77 72 5 82 97 83 53 69 0 55 85 66 50 49 75 71 94 114 116 87 108 64 51 82 10 86 81 24 64 125 71 26 31 74 95 14 
42 28 29 34 25 56 22 27 56 55 17 41 42 38 51 21 58 9 55 44 2 40 34 25 41 45 49 44 58 53 44 22 32 51 39 31 15 70 27 10 38 28 8 28 26 40 51 39 53 48 15 15 55 0 30 32 24 35 29 30 38 62 61 35 54 44 39 38 55 71 46 41 10 71 18 29 25 31 63 42 
44 54 43 63 54 30 41 55 73 71 33 23 72 41 45 22 47 23 72 74 28 38 60 54 57 25 70 38 64 50 26 17 28 46 68 24 19 43 32 31 9 46 27 57 23 44 80 40 39 44 35 19 85 30 0 39 44 53 32 38 13 42 33 24 26 60 61 30 83 83 44 70 20 46 22 59 54 37 66 71 
9 31 61 49 37 67 16 35 88 88 49 61 58 6 79 47 83 27 87 61 32 69 35 40 73 63 80 71 89 82 63 45 13 20 56 16 23 80 7 42 47 61 25 42 52 8 63 69 31 18 20 40 66 32 39 0 17 20 58 61 52 80 70 58 50 76 70 17 61 103 16 63 28 84 45 46 45 62 94 53 
25 14 52 32 20 73 3 18 76 76 41 62 41 23 76 44 81 23 76 44 25 64 19 23 62 65 67 68 81 77 65 43 27 37 40 28 24 87 17 34 53 51 20 25 49 23 47 64 47 35 10 37 50 24 44 17 0 10 53 54 56 83 77 58 61 65 57 32 45 93 32 47 26 89 42 30 29 56 87 36 
25 16 62 34 24 82 13 21 85 84 51 72 43 24 86 54 92 33 84 45 35 75 17 28 71 75 75 78 91 88 75 54 32 37 42 34 34 96 23 44 62 60 30 28 59 23 47 74 50 35 20 47 49 35 53 20 10 0 64 64 65 93 86 68 69 74 65 37 42 101 32 51 36 99 52 34 34 66 97 37 
67 55 14 55 51 43 51 54 42 40 15 22 61 63 23 11 30 32 41 62 28 11 62 49 28 27 41 15 33 24 24 16 53 73 57 50 36 55 52 21 34 19 34 52 9 66 70 11 69 70 44 19 75 29 32 58 53 64 0 7 29 40 48 15 56 30 36 57 78 51 69 54 30 53 13 50 45 5 36 64 
70 55 7 52 49 50 52 52 35 33 14 29 57 66 25 16 33 35 34 58 30 13 61 47 20 34 34 18 28 25 31 22 57 77 53 54 39 61 55 21 41 13 36 49 15 69 66 11 75 75 45 23 71 30 38 61 54 64 7 0 36 46 55 22 63 23 29 62 75 45 73 49 33 59 18 47 43 3 33 61 
57 64 43 72 63 18 53 65 71 69 36 13 80 54 36 23 36 34 70 82 36 32 71 63 57 12 70 31 59 41 14 19 40 58 76 37 31 32 45 36 6 47 37 66 22 57 89 34 49 56 47 24 94 38 13 52 56 65 29 36 0 29 23 17 27 60 63 42 93 79 56 77 31 33 25 67 63 34 59 80 
86 90 53 94 87 19 80 89 74 71 53 21 100 83 27 42 20 60 73 102 60 34 96 86 63 18 77 29 54 32 18 41 69 86 96 66 59 21 74 57 34 58 64 89 38 86 109 36 75 85 74 48 114 62 42 80 83 93 40 46 29 0 21 27 47 65 74 70 116 75 85 94 57 15 45 88 84 43 50 102 
74 87 62 94 86 5 74 87 88 85 58 26 102 71 44 45 39 56 87 104 59 46 93 86 75 21 89 42 71 50 24 41 57 72 99 54 53 10 64 59 24 67 60 89 42 74 111 49 58 71 69 47 116 61 33 70 77 86 48 55 23 21 0 33 28 77 83 57 116 92 71 99 53 14 46 90 85 52 68 103 
65 63 29 66 60 28 55 62 56 53 26 8 73 62 22 15 24 35 55 75 34 16 69 59 42 12 56 15 42 26 10 14 50 69 69 47 36 40 52 30 22 34 38 62 10 65 82 18 62 67 48 21 87 35 24 58 58 68 15 22 17 27 33 0 44 45 50 53 89 62 67 67 32 39 17 61 56 19 42 75 
51 74 68 87 76 28 59 76 98 96 59 39 96 49 63 47 61 46 97 98 52 60 80 77 82 37 95 58 86 68 40 42 36 46 92 34 40 36 45 57 22 71 49 80 47 51 104 61 30 45 56 44 108 54 26 50 61 69 56 63 27 47 28 44 0 86 87 34 105 106 47 95 44 42 47 82 79 61 86 94 
86 60 18 50 53 72 64 56 13 11 29 52 51 82 39 39 49 51 12 51 45 32 65 49 3 56 12 37 22 36 53 44 75 94 47 73 57 83 71 35 64 16 52 51 38 84 59 29 95 92 57 43 64 44 60 76 65 74 30 23 60 65 77 45 86 0 13 81 70 28 90 40 51 80 39 46 43 26 31 57 
79 50 22 38 42 78 56 45 21 21 28 58 38 76 50 40 59 47 20 38 40 40 54 39 13 62 10 46 36 47 60 46 71 89 34 70 54 90 66 32 66 17 47 39 42 78 46 38 92 87 51 43 51 39 61 70 57 65 36 29 63 74 83 50 87 13 0 77 57 38 85 27 48 88 40 34 32 32 44 44 
17 47 64 63 51 55 30 50 93 92 52 53 72 15 74 46 77 30 92 75 37 66 51 53 77 54 87 67 90 78 55 42 6 17 70 8 23 66 15 46 36 65 31 56 49 18 79 67 16 15 31 39 82 38 30 17 32 37 57 62 42 70 57 53 34 81 77 0 77 106 15 76 30 71 44 60 57 62 93 69 
67 31 69 23 30 111 47 29 76 77 63 95 19 66 99 74 108 60 76 19 57 88 26 30 69 99 64 93 92 99 98 76 72 79 23 73 65 125 62 59 92 64 57 27 78 65 12 86 92 77 49 69 10 55 83 61 45 42 78 75 93 116 116 89 105 70 57 77 0 94 75 31 63 126 71 28 32 77 100 14 
113 87 43 76 80 87 91 83 18 17 55 68 75 109 48 62 55 78 18 75 71 47 92 77 31 72 30 50 21 43 68 67 101 121 72 99 83 95 98 62 84 43 78 77 60 111 82 45 120 118 85 68 86 71 83 103 93 101 51 45 79 75 92 62 106 28 38 106 94 0 117 63 77 90 63 73 70 46 26 82 
7 46 74 64 52 69 32 50 103 102 62 67 73 9 88 58 91 39 102 76 46 79 49 55 87 69 95 80 102 91 70 55 17 5 72 20 34 80 19 55 51 75 39 57 62 9 78 79 20 3 35 50 81 46 44 16 32 32 69 73 56 85 71 67 47 90 85 15 75 117 0 79 40 86 56 62 61 74 105 68 
72 35 42 17 27 94 47 30 45 46 41 75 12 70 73 54 82 50 45 12 43 62 36 24 39 80 33 68 62 72 77 58 69 84 10 69 56 107 61 40 78 37 47 23 58 70 20 60 92 81 45 53 24 41 70 63 47 51 54 49 77 94 99 67 95 40 27 76 31 63 79 0 51 106 52 17 19 52 71 20 
37 34 34 43 33 49 23 34 63 62 22 36 52 33 51 19 56 3 62 54 8 40 40 33 47 39 57 43 61 53 39 17 24 44 48 22 7 62 22 16 29 35 7 36 24 36 60 40 45 42 17 11 64 10 20 28 26 36 30 33 31 57 53 32 44 51 48 30 63 77 40 51 0 64 17 38 34 34 65 51 
88 98 66 104 96 16 86 98 89 86 65 31 111 85 43 53 35 67 88 113 69 48 104 96 78 27 92 43 69 48 29 50 71 86 107 68 65 8 77 67 37 71 71 98 49 88 120 51 72 85 80 56 125 71 46 84 89 99 53 59 33 15 14 39 42 80 88 71 126 90 86 106 64 0 55 99 94 56 65 112 
53 46 21 49 43 42 39 45 51 50 12 24 56 50 34 3 40 19 50 58 17 23 52 42 36 28 48 26 46 36 26 6 40 60 53 37 22 55 39 13 27 24 22 44 8 53 66 23 57 57 32 6 71 18 22 45 42 52 13 18 25 45 46 17 47 39 40 44 71 63 56 52 17 55 0 44 40 17 49 58 
55 18 42 5 10 85 30 13 55 55 36 68 13 53 72 46 80 36 54 16 31 60 20 7 44 72 44 65 67 72 71 49 53 67 10 54 42 98 45 32 67 37 33 6 51 53 22 58 75 64 29 43 26 29 59 46 30 34 50 47 67 88 90 61 82 46 34 60 28 73 62 17 38 99 44 0 5 50 75 14 
54 18 37 10 10 80 29 14 52 53 31 63 17 51 67 42 75 32 52 20 27 56 22 7 41 68 42 60 63 67 66 45 51 65 14 51 38 94 43 27 63 33 29 8 46 52 26 54 73 63 27 38 31 25 54 45 29 34 45 43 63 84 85 56 79 43 32 57 32 70 61 19 34 94 40 5 0 45 71 18 
70 57 10 55 51 47 53 54 37 35 15 26 60 67 22 16 30 35 36 61 31 10 63 49 23 31 37 15 28 22 28 21 57 77 56 54 40 59 56 22 39 16 37 52 14 70 69 9 74 75 46 23 74 31 37 62 56 66 5 3 34 43 52 19 61 26 32 62 77 46 74 52 34 56 17 50 45 0 32 63 
102 86 35 79 79 64 85 82 32 29 46 47 81 99 24 47 30 67 31 82 62 27 91 76 32 49 41 28 9 18 46 51 88 109 77 86 71 71 88 53 64 38 69 78 44 101 90 26 104 106 78 55 95 63 66 94 87 97 36 33 59 50 68 42 86 31 44 93 100 26 105 71 65 65 49 75 71 32 0 87 
61 22 55 9 18 98 38 18 64 65 49 82 8 59 85 60 94 48 64 10 44 74 20 17 56 86 53 79 79 85 84 63 63 73 10 63 54 112 53 45 80 50 45 14 65 59 10 72 84 71 39 56 14 42 71 53 36 37 64 61 80 102 103 75 94 57 44 69 14 82 68 20 51 112 58 14 18 63 87 0 
0 0 31 0 0 2135 11 0 0 0 0 0 0 147 100 0 0 295 81 0 0 382 0 438 0 0 0 10 43 0 86 0 101 0 177 0 0 3000 0 0 0 0 0 39 0 396 0 0 90 678 0 969 0 111 236 0 0 0 22 0 0 0 0 0 61 234 225 77 44 473 0 0 171 28 0 14 0 0 69 29 
0 0 25 3000 21 0 287 47 378 686 175 141 103 0 146 163 0 0 28 132 9 1617 12 169 113 113 46 26 352 24 111 288 56 318 0 42 111 76 997 77 9 47 0 0 3000 51 1133 33 10 253 309 19 179 0 232 273 25 543 239 14 157 3000 1466 49 63 844 302 68 101 0 1324 64 0 0 1150 0 9 2378 31 14 
31 25 0 26 268 989 8 0 0 846 371 8 49 259 20 84 0 32 93 0 3000 20 32 12 30 19 377 90 16 86 16 0 0 674 115 326 0 26 0 19 302 0 0 43 18 34 0 123 0 144 0 452 71 14 85 20 194 156 88 0 691 1255 176 25 18 2161 219 77 241 111 12 178 1020 11 0 104 19 11 3000 18 
0 3000 26 0 1277 0 841 0 0 317 0 10 0 0 648 94 0 0 19 0 118 24 3000 12 590 88 98 0 875 32 13 902 0 35 0 17 0 19 0 21 93 0 0 0 0 0 0 54 0 871 0 387 118 0 111 78 11 10 62 0 499 55 16 57 54 305 39 11 27 0 341 125 0 0 0 0 1355 162 58 8 
0 21 268 1277 0 43 34 32 161 15 30 8 244 71 21 30 63 34 203 79 67 113 480 192 74 27 372 123 54 112 594 1033 15 3000 231 1099 66 337 24 647 373 26 649 2839 3000 1645 237 54 14 1199 109 39 1715 8 8 63 18 3000 57 46 140 833 140 102 27 10 10 163 248 0 94 14 26 548 197 776 13 2141 371 2160 
2135 0 989 0 43 0 33 174 0 702 0 557 19 145 98 0 3000 111 18 0 263 20 0 46 0 82 0 307 8 0 821 0 151 0 71 97 754 8 0 0 0 0 0 1032 0 172 0 73 340 113 0 32 1794 86 3000 3000 0 0 19 0 0 47 0 0 2851 186 20 8 88 691 0 23 16 1615 0 10 10 826 1348 43 
11 287 8 841 34 33 0 0 0 8 0 137 35 594 71 13 0 168 75 0 68 11 93 430 55 148 15 121 70 26 10 0 0 9 30 283 0 33 0 32 110 0 0 1709 0 553 0 86 0 235 0 321 14 142 15 36 7 986 387 0 9 462 34 231 33 57 165 8 12 140 14 204 131 3000 0 79 154 1619 214 9 
0 47 0 0 32 174 0 0 31 0 11 0 663 32 13 0 26 31 0 0 0 0 0 158 0 8 0 166 0 0 335 0 3000 0 0 2835 3000 159 76 250 0 10 234 1914 3000 14 216 27 28 151 25 183 277 43 7 0 0 0 49 150 0 0 0 0 143 0 187 882 0 0 429 0 3000 0 28 499 442 34 91 30 
0 378 0 0 161 0 0 31 0 0 654 0 73 66 45 0 29 0 0 0 0 0 0 0 0 22 0 848 0 0 147 0 10 0 0 531 63 134 3000 35 0 293 1003 0 649 68 82 147 28 73 23 0 7 88 36 0 58 0 2332 9 0 0 0 0 35 0 0 0 0 0 569 0 0 0 3000 356 192 34 0 0 
0 686 846 317 15 702 8 0 0 0 2087 195 281 134 76 85 0 321 11 123 78 1906 14 1318 1594 88 172 722 58 65 302 66 0 3000 1190 73 0 2836 0 438 36 0 0 727 98 528 129 16 670 185 0 243 21 0 1148 21 2348 8 255 1134 220 34 54 45 120 624 246 21 62 0 359 15 196 1644 59 34 92 1272 12 715 
0 175 371 0 30 0 0 11 654 2087 0 22 38 0 10 1776 977 0 0 21 111 273 28 0 21 13 137 23 0 927 84 12 3000 566 0 18 47 8 141 201 0 18 71 0 2321 145 344 363 2411 36 82 1101 43 0 1389 618 177 7 47 3000 33 9 86 39 11 304 40 271 0 0 29 71 0 0 133 0 8 28 38 0 
0 141 8 10 8 557 137 0 0 195 22 0 261 980 182 342 0 71 9 24 40 362 667 3000 9 57 66 132 49 15 772 88 0 408 13 83 0 1136 0 1691 47 0 0 12 1606 39 99 24 0 10 0 180 73 0 3000 3000 1042 27 1679 132 8 1358 80 44 257 147 176 120 226 0 532 663 3000 162 27 48 450 16 34 127 
0 103 49 0 244 19 35 663 73 281 38 261 0 54 27 561 722 0 0 41 16 77 595 361 377 43 63 68 9 212 22 57 8 163 0 479 25 9 143 25 0 7 3000 0 55 23 18 121 111 41 64 124 796 42 747 252 23 20 222 66 45 317 68 95 8 405 617 41 0 0 343 3000 241 0 489 438 192 398 18 416 
147 0 259 0 71 145 594 32 66 134 0 980 54 0 178 0 27 1370 25 0 720 14 0 148 0 53 0 14 1107 544 52 0 1256 47 182 511 19 574 46 494 0 399 47 218 0 49 0 188 428 776 12 72 47 13 1846 12 0 0 38 0 0 166 0 0 553 777 143 11 58 11 41 124 1283 65 0 908 20 13 347 240 
100 146 20 648 21 98 71 13 45 76 10 182 27 178 0 119 667 258 441 154 65 74 32 143 81 189 33 442 71 28 145 1689 107 13 37 10 85 3000 360 380 313 131 2004 74 36 60 14 308 24 378 94 400 460 1359 198 50 9 22 193 25 37 28 166 82 69 1013 185 79 40 21 414 103 47 290 64 1097 927 680 172 107 
0 163 84 94 30 0 13 0 0 85 1776 342 561 0 119 0 0 0 13 163 976 3000 10 203 20 607 277 331 240 106 102 104 0 30 0 1477 0 389 0 1136 11 143 0 0 34 0 15 40 0 8 51 457 20 0 290 2442 80 43 18 2168 39 20 601 8 1142 26 583 13 19 0 3000 145 0 0 113 0 30 17 57 235 
0 0 0 0 63 3000 0 26 29 0 977 0 722 27 667 0 0 146 0 0 0 0 0 24 0 10 0 28 79 0 103 0 143 0 7 275 52 21 196 3000 0 285 180 20 89 127 267 170 84 477 444 107 16 614 375 0 0 0 145 113 0 0 0 0 3000 293 55 88 0 459 614 0 455 40 0 18 98 1066 66 1462 
295 0 32 0 34 111 168 31 0 321 0 71 0 1370 258 0 146 0 25 0 51 86 0 133 0 425 0 386 22 0 323 0 211 0 14 3000 131 363 31 0 0 0 260 13 0 464 0 115 86 16 0 805 180 52 584 156 0 0 37 0 0 0 0 0 9 201 108 51 782 526 0 131 85 13 0 235 16 368 44 846 
81 28 93 19 203 18 75 0 0 11 0 9 0 25 441 13 0 25 0 0 191 35 115 31 734 10 31 209 1384 1439 58 0 0 18 10 26 0 9 0 0 266 0 0 13 0 0 0 156 0 117 0 113 47 0 21 26 119 142 12 0 213 1829 381 158 70 87 473 163 1077 15 38 8 21 18 0 85 646 423 8 1327 
0 132 0 0 79 0 0 0 0 123 21 24 41 0 154 163 0 0 0 0 90 0 138 0 3000 177 9 368 0 525 0 46 0 763 0 517 0 0 28 64 0 161 0 0 222 0 14 3000 0 0 244 0 76 0 629 0 18 78 0 82 8 331 29 68 0 1496 0 43 0 0 763 96 0 0 52 0 3000 53 27 0 
0 9 3000 118 67 263 68 0 0 78 111 40 16 720 65 976 0 51 191 90 0 153 120 744 37 10 20 136 330 415 1072 28 82 1601 33 34 0 21 0 24 10 41 0 9 112 505 793 765 451 3000 57 41 56 0 25 2738 3000 252 51 1987 22 94 13 30 726 72 179 170 9 0 8 1489 57 79 776 410 19 312 234 42 
382 1617 20 24 113 20 11 0 0 1906 273 362 77 14 74 3000 0 86 35 0 153 0 18 172 45 51 35 957 633 135 120 36 0 169 83 335 0 478 0 710 18 0 0 20 222 323 290 19 0 10 0 43 115 86 1262 27 550 159 467 188 714 10 12 1370 669 44 15 16 290 19 244 42 8 77 0 322 3000 656 90 78 
0 12 32 3000 480 0 93 0 0 14 28 667 595 0 32 10 0 0 115 138 120 18 0 425 17 106 99 1173 442 32 3000 174 0 2239 0 112 0 9 0 227 12 0 0 0 21 0 51 48 0 39 0 102 63 0 158 140 8 929 588 7 223 964 8 1726 100 17 23 120 662 0 170 266 0 0 3000 0 110 20 2057 1133 
438 169 12 12 192 46 430 158 0 1318 0 3000 361 148 143 203 24 133 31 0 744 172 425 0 22 12 94 19 45 156 70 0 267 40 1606 573 273 15 0 296 52 0 0 24 0 90 0 803 375 182 0 59 142 803 45 73 108 163 10 0 810 701 28 8 393 47 938 210 57 149 1663 164 13 478 0 279 95 1235 430 3000 
0 113 30 590 74 0 55 0 0 1594 21 9 377 0 81 20 0 0 734 3000 37 45 17 22 0 635 38 0 792 101 49 36 0 58 0 178 0 64 0 293 2484 0 0 0 20 0 0 3000 0 595 0 260 33 0 35 1135 17 3000 61 52 12 309 148 304 13 79 10 22 106 0 131 853 0 0 135 0 8 54 332 19 
0 113 19 88 27 82 148 8 22 88 13 57 43 53 189 607 10 425 10 177 10 51 106 12 635 0 306 7 18 10 25 1667 38 369 0 17 196 14 3000 3000 219 117 71 0 20 542 2628 246 1091 371 272 79 668 106 3000 64 1363 297 37 161 318 26 7 32 707 34 8 435 11 0 17 426 16 0 26 89 15 10 31 1061 
0 46 377 98 372 0 15 0 0 172 137 66 63 0 33 277 0 0 31 9 20 35 99 94 38 306 0 320 359 81 60 264 0 16 0 41 0 1116 0 97 413 0 0 0 290 0 1015 10 0 54 0 25 361 0 169 477 284 286 210 31 1576 1150 119 22 85 463 189 196 105 0 49 184 0 0 270 0 340 8 733 61 
10 26 90 0 123 307 121 166 848 722 23 132 68 14 442 331 28 386 209 368 136 957 1173 19 0 7 320 0 3000 47 34 445 493 8 1668 16 20 25 39 2251 0 187 377 170 295 3000 30 17 137 816 65 37 118 163 182 8 10 52 184 2417 267 17 13 0 2238 1560 1572 19 0 153 22 278 462 69 2679 503 2722 235 9 60 
43 352 16 875 54 8 70 0 0 58 0 49 9 1107 71 240 79 22 1384 0 330 633 442 45 792 18 359 3000 0 503 35 0 327 302 423 10 0 692 0 1776 577 0 0 43 0 266 0 187 151 156 0 66 2223 1766 328 97 529 141 81 0 25 29 44 33 1005 350 460 8 405 208 12 26 889 33 0 54 3000 36 17 486 
0 24 86 32 112 0 26 0 0 65 927 15 212 544 28 106 0 0 1439 525 415 135 32 156 101 10 81 47 503 0 136 198 0 215 0 150 0 56 0 12 65 8 0 0 327 28 26 48 0 27 68 113 1991 0 1485 215 35 217 39 1607 1555 66 27 122 1088 736 534 373 62 0 8 499 0 0 61 0 55 3000 66 193 
86 111 16 13 594 821 10 335 147 302 84 772 22 52 145 102 103 323 58 0 1072 120 3000 70 49 25 60 34 35 136 0 0 26 74 31 100 270 150 422 116 40 33 478 182 27 19 142 328 2033 206 215 427 24 871 23 68 30 247 13 1299 112 2701 19 0 653 633 432 77 145 16 364 177 31 103 0 658 31 219 164 2335 
0 288 0 902 1033 0 0 0 0 66 12 88 57 0 1689 104 0 0 0 46 28 36 174 0 36 1667 264 445 0 198 0 0 0 230 0 781 0 0 130 76 0 22 0 0 16 0 64 39 0 0 13 60 33 0 50 327 13 1285 0 1656 19 118 44 359 0 50 0 57 0 0 122 34 0 0 98 0 154 75 123 0 
101 56 0 0 15 151 0 3000 10 0 3000 0 8 1256 107 0 143 211 0 0 82 0 0 267 0 38 0 493 327 0 26 0 0 0 43 22 120 23 527 9 0 285 588 78 426 1745 453 2382 29 475 2231 126 202 7 17 0 0 0 2659 82 0 39 0 0 41 25 15 25 0 13 1934 0 254 19 167 232 851 201 84 13 
0 318 674 35 3000 0 9 0 0 3000 566 408 163 47 13 30 0 0 18 763 1601 169 2239 40 58 369 16 8 302 215 74 230 0 0 0 116 0 22 0 126 310 31 0 0 1581 236 110 167 0 32 420 346 898 0 78 451 13 66 10 10 216 7 384 38 1234 241 31 32 370 0 2371 531 0 0 80 135 415 169 21 2105 
177 0 115 0 231 71 30 0 0 1190 0 13 0 182 37 0 7 14 10 0 33 83 0 1606 0 0 0 1668 423 0 31 0 43 0 0 0 57 17 0 0 0 0 0 19 0 31 0 0 97 33 0 458 52 9 124 51 0 0 11 0 0 0 0 0 494 1672 17 442 18 225 0 21 30 401 0 198 1965 109 725 33 
0 42 326 17 1099 97 283 2835 531 73 18 83 479 511 10 1477 275 3000 26 517 34 335 112 573 178 17 41 16 10 150 100 781 22 116 0 0 660 51 211 90 260 863 107 0 138 21 41 131 222 20 161 61 10 19 647 19 33 68 29 1638 1747 52 1869 327 96 3000 673 54 1896 0 38 230 240 0 8 121 247 10 1185 109 
0 111 0 0 66 754 0 3000 63 0 47 0 25 19 85 0 52 131 0 0 0 0 0 273 0 196 0 20 0 0 270 0 120 0 57 660 0 485 902 62 0 80 129 11 67 152 657 17 40 43 21 86 89 1036 1731 0 0 0 1236 40 0 0 0 0 43 0 50 61 0 0 111 0 1055 0 12 726 117 105 224 360 
3000 76 26 19 337 8 33 159 134 2836 8 1136 9 574 3000 389 21 363 9 0 21 478 9 15 64 14 1116 25 692 56 150 0 23 22 17 51 485 0 13 86 47 1818 211 3000 92 640 10 39 29 135 282 17 1409 98 34 134 391 475 114 59 13 14 569 3000 71 1069 204 2003 17 25 480 153 363 40 0 1442 159 30 34 371 
0 997 0 0 24 0 0 76 3000 0 141 0 143 46 360 0 196 31 0 28 0 0 0 0 0 3000 0 39 0 0 422 130 527 0 0 211 902 13 0 220 0 15 187 0 83 8 268 172 31 10 71 455 122 101 3000 0 1294 0 141 29 0 101 0 0 3000 0 0 0 0 0 453 0 47 0 62 76 15 2108 0 0 
0 77 19 21 647 0 32 250 35 438 201 1691 25 494 380 1136 3000 0 0 64 24 710 227 296 293 3000 97 2251 1776 12 116 76 9 126 0 90 62 86 220 0 0 106 411 0 149 51 10 20 70 1663 44 13 48 0 172 335 275 190 1854 11 166 275 398 395 731 291 162 3000 0 0 417 1366 0 0 18 14 7 213 72 9 
0 9 302 93 373 0 110 0 0 36 0 47 0 0 313 11 0 0 266 0 10 18 12 52 2484 219 413 0 577 65 40 0 0 310 0 260 0 47 0 0 0 0 0 0 0 0 0 283 0 137 0 102 9 0 69 305 20 43 66 0 13 23 17 111 75 47 145 580 108 0 450 10 0 0 0 0 845 158 110 232 
0 47 0 0 26 0 0 10 293 0 18 0 7 399 131 143 285 0 0 161 41 0 0 0 0 117 0 187 0 8 33 22 285 31 0 863 80 1818 15 106 0 0 27 0 76 20 7 520 105 384 83 389 198 1805 251 0 93 47 12 589 0 437 2700 0 30 11 14 1248 0 0 83 66 710 0 13 35 25 753 1720 94 
0 0 0 0 649 0 0 234 1003 0 71 0 3000 47 2004 0 180 260 0 0 0 0 0 0 0 71 0 377 0 0 478 0 588 0 0 107 129 211 187 411 0 27 0 0 227 50 9 25 258 26 253 0 908 71 412 0 0 0 693 1564 0 0 0 0 22 0 0 0 0 0 662 0 16 0 407 89 282 473 0 0 
39 0 43 0 2839 1032 1709 1914 0 727 0 12 0 218 74 0 20 13 13 0 9 20 0 24 0 0 0 170 43 0 182 0 78 0 19 0 11 3000 0 0 0 0 0 0 0 35 0 0 371 419 0 792 154 24 75 0 0 0 142 0 0 0 0 0 442 14 546 108 129 92 0 0 485 96 0 16 194 15 1602 44 
0 3000 18 0 3000 0 0 3000 649 98 2321 1606 55 0 36 34 89 0 0 222 112 222 21 0 20 20 290 295 0 327 27 16 426 1581 0 138 67 92 83 149 0 76 227 0 0 1701 785 14 33 52 42 16 15 0 155 24 35 43 142 31 93 1530 22 31 227 104 36 50 0 0 1953 39 0 0 2355 0 517 9 920 0 
396 51 34 0 1645 172 553 14 68 528 145 39 23 49 60 0 127 464 0 0 505 323 0 90 0 542 0 3000 266 28 19 0 1745 236 31 21 152 640 8 51 0 20 50 35 1701 0 30 14 3000 9 18 138 25 266 93 0 187 21 145 65 0 226 0 0 112 95 171 23 0 125 501 141 51 51 37 371 378 12 49 12 
0 1133 0 0 237 0 0 216 82 129 344 99 18 0 14 15 267 0 0 14 793 290 51 0 0 2628 1015 30 0 26 142 64 453 110 0 41 657 10 268 10 0 7 9 0 785 30 0 2142 3000 65 8 90 250 0 223 0 45 14 171 1790 29 90 40 0 8 59 3000 15 0 0 182 2417 0 0 121 0 153 48 78 0 
0 33 123 54 54 73 86 27 147 16 363 24 121 188 308 40 170 115 156 3000 765 19 48 803 3000 246 10 17 187 48 328 39 2382 167 0 131 17 39 172 20 283 520 25 0 14 14 2142 0 22 196 489 11 78 91 833 85 63 19 543 34 16 89 123 46 51 22 202 12 45 0 420 677 1693 0 952 503 338 41 13 1287 
90 10 0 0 14 340 0 28 28 670 2411 0 111 428 24 0 84 86 0 0 451 0 0 375 0 1091 0 137 151 0 2033 0 29 0 97 222 40 29 31 70 0 105 258 371 33 3000 3000 22 0 145 15 455 297 555 702 0 0 0 252 2171 0 27 0 0 1332 42 8 2441 0 135 112 1159 72 515 11 192 127 972 7 169 
678 253 144 871 1199 113 235 151 73 185 36 10 41 776 378 8 477 16 117 0 3000 10 39 182 595 371 54 816 156 27 206 0 475 32 33 20 43 135 10 1663 137 384 26 419 52 9 65 196 145 0 14 44 115 183 597 22 68 1105 22 655 96 269 33 29 2239 321 1850 8 290 133 90 50 569 15 357 21 128 200 104 127 
0 309 0 0 109 0 0 25 23 0 82 0 64 12 94 51 444 0 0 244 57 0 0 0 0 272 0 65 0 68 215 13 2231 420 0 161 21 282 71 44 0 83 253 0 42 18 8 489 15 14 0 143 873 1016 3000 0 37 20 482 101 0 18 610 0 10 651 1565 8 0 0 786 147 0 0 275 931 42 15 21 0 
969 19 452 387 39 32 321 183 0 243 1101 180 124 72 400 457 107 805 113 0 41 43 102 59 260 79 25 37 66 113 427 60 126 346 458 61 86 17 455 13 102 389 0 792 16 138 90 11 455 44 143 0 10 1523 14 29 227 101 35 91 432 142 195 8 547 1765 218 1335 1296 55 2814 34 3000 345 0 220 27 319 442 21 
0 179 71 118 1715 1794 14 277 7 21 43 73 796 47 460 20 16 180 47 76 56 115 63 142 33 668 361 118 2223 1991 24 33 202 898 52 10 89 1409 122 48 9 198 908 154 15 25 250 78 297 115 873 10 0 91 249 1300 25 863 18 96 1052 300 110 21 26 23 77 12 111 0 217 211 73 340 20 12 255 8 910 858 
111 0 14 0 8 86 142 43 88 0 0 0 42 13 1359 0 614 52 0 0 0 86 0 803 0 106 0 163 1766 0 871 0 7 0 9 19 1036 98 101 0 0 1805 71 24 0 266 0 91 555 183 1016 1523 91 0 18 0 0 0 78 0 0 0 0 0 173 83 50 18 0 15 0 0 22 1082 0 33 1229 23 57 1670 
236 232 85 111 8 3000 15 7 36 1148 1389 3000 747 1846 198 290 375 584 21 629 25 1262 158 45 35 3000 169 182 328 1485 23 50 17 78 124 647 1731 34 3000 172 69 251 412 75 155 93 223 833 702 597 3000 14 249 18 0 708 280 110 177 64 10 203 10 94 460 25 454 94 626 78 99 1936 65 34 388 11 206 8 870 40 
0 273 20 78 63 3000 36 0 0 21 618 3000 252 12 50 2442 0 156 26 0 2738 27 140 73 1135 64 477 8 97 215 68 327 0 451 51 19 0 134 0 335 305 0 0 0 24 0 0 85 0 22 0 29 1300 0 708 0 65 2238 45 0 483 995 51 10 23 325 608 675 800 0 29 104 341 37 0 163 601 429 149 136 
0 25 194 11 18 0 7 0 58 2348 177 1042 23 0 9 80 0 0 119 18 3000 550 8 108 17 1363 284 10 529 35 30 13 0 13 0 33 0 391 1294 275 20 93 0 0 35 187 45 63 0 68 37 227 25 0 280 65 0 790 3000 136 433 973 813 79 773 494 40 77 675 0 66 1995 0 0 34 0 309 142 16 481 
0 543 156 10 3000 0 986 0 0 8 7 27 20 0 22 43 0 0 142 78 252 159 929 163 3000 297 286 52 141 217 247 1285 0 66 0 68 0 475 0 190 43 47 0 0 43 21 14 19 0 1105 20 101 863 0 110 2238 790 0 2472 18 344 60 79 14 38 35 55 1297 746 0 12 512 0 0 28 0 274 257 560 1040 
22 239 88 62 57 19 387 49 2332 255 47 1679 222 38 193 18 145 37 12 0 51 467 588 10 61 37 210 184 81 39 13 0 2659 10 11 29 1236 114 141 1854 66 12 693 142 142 145 171 543 252 22 482 35 18 78 177 45 3000 2472 0 30 113 93 624 113 12 101 152 138 440 131 113 370 1376 51 0 680 13 292 35 309 
0 14 0 0 46 0 0 150 9 1134 3000 132 66 0 25 2168 113 0 0 82 1987 188 7 0 52 161 31 2417 0 1607 1299 1656 82 10 0 1638 40 59 29 11 0 589 1564 0 31 65 1790 34 2171 655 101 91 96 0 64 0 136 18 30 0 132 22 15 0 628 13 39 71 0 0 9 15 0 0 102 0 259 416 83 0 
0 157 691 499 140 0 9 0 0 220 33 8 45 0 37 39 0 0 213 8 22 714 223 810 12 318 1576 267 25 1555 112 19 0 216 0 1747 0 13 0 166 13 0 0 0 93 0 29 16 0 96 0 432 1052 0 10 483 433 344 113 132 0 73 95 362 574 237 13 11 955 0 24 24 0 0 30 0 18 12 8 68 
0 3000 1255 55 833 47 462 0 0 34 9 1358 317 166 28 20 0 0 1829 331 94 10 964 701 309 26 1150 17 29 66 2701 118 39 7 0 52 0 14 101 275 23 437 0 0 1530 226 90 89 27 269 18 142 300 0 203 995 973 60 93 22 73 0 195 456 78 83 820 13 18 0 12 9 39 0 22 998 11 88 267 34 
0 1466 176 16 140 0 34 0 0 54 86 80 68 0 166 601 0 0 381 29 13 12 8 28 148 7 119 13 44 27 19 44 0 384 0 1869 0 569 0 398 17 2700 0 0 22 0 40 123 0 33 610 195 110 0 10 51 813 79 624 15 95 195 0 1617 27 73 174 176 54 0 64 54 0 0 10 0 22 588 3000 16 
0 49 25 57 102 0 231 0 0 45 39 44 95 0 82 8 0 0 158 68 30 1370 1726 8 304 32 22 0 33 122 0 359 0 38 0 327 0 3000 0 395 111 0 0 0 31 0 0 46 0 29 0 8 21 0 94 10 79 14 113 0 362 456 1617 0 65 74 104 41 3000 0 115 641 0 0 0 0 153 235 981 16 
61 63 18 54 27 2851 33 143 35 120 11 257 8 553 69 1142 3000 9 70 0 726 669 100 393 13 707 85 2238 1005 1088 653 0 41 1234 494 96 43 71 3000 731 75 30 22 442 227 112 8 51 1332 2239 10 547 26 173 460 23 773 38 12 628 574 78 27 65 0 23 577 119 19 246 90 150 65 244 406 10 262 32 258 2567 
234 844 2161 305 10 186 57 0 0 624 304 147 405 777 1013 26 293 201 87 1496 72 44 17 47 79 34 463 1560 350 736 633 50 25 241 1672 3000 0 1069 0 291 47 11 0 14 104 95 59 22 42 321 651 1765 23 83 25 325 494 35 101 13 237 83 73 74 23 0 47 144 10 46 15 147 164 746 250 76 202 11 9 275 
225 302 219 39 10 20 165 187 0 246 40 176 617 143 185 583 55 108 473 0 179 15 23 938 10 8 189 1572 460 534 432 0 15 31 17 673 50 204 0 162 145 14 0 546 36 171 3000 202 8 1850 1565 218 77 50 454 608 40 55 152 39 13 820 174 104 577 47 0 70 267 22 117 103 287 95 0 1481 553 87 131 550 
77 68 77 11 163 8 8 882 0 21 271 120 41 11 79 13 88 51 163 43 170 16 120 210 22 435 196 19 8 373 77 57 25 32 442 54 61 2003 0 3000 580 1248 0 108 50 23 15 12 2441 8 8 1335 12 18 94 675 77 1297 138 71 11 13 176 41 119 144 70 0 50 820 32 128 9 11 13 47 200 13 662 102 
44 101 241 27 248 88 12 0 0 62 0 226 0 58 40 19 0 782 1077 0 9 290 662 57 106 11 105 0 405 62 145 0 0 370 18 1896 0 17 0 0 108 0 0 129 0 0 0 45 0 290 0 1296 111 0 626 800 675 746 440 0 955 18 54 3000 19 10 267 50 0 3000 718 65 77 35 0 161 11 108 674 16 
473 0 111 0 0 691 140 0 0 0 0 0 0 11 21 0 459 526 15 0 0 19 0 149 0 0 0 153 208 0 16 0 13 0 225 0 0 25 0 0 0 0 0 92 0 125 0 0 135 133 0 55 0 15 78 0 0 0 131 0 0 0 0 0 246 46 22 820 3000 0 0 0 876 10 0 266 0 0 14 743 
0 1324 12 341 94 0 14 429 569 359 29 532 343 41 414 3000 614 0 38 763 8 244 170 1663 131 17 49 22 12 8 364 122 1934 2371 0 38 111 480 453 417 450 83 662 0 1953 501 182 420 112 90 786 2814 217 0 99 29 66 12 113 9 24 12 64 115 90 15 117 32 718 0 0 185 0 0 40 10 106 58 8 23 
0 64 178 125 14 23 204 0 0 15 71 663 3000 124 103 145 0 131 8 96 1489 42 266 164 853 426 184 278 26 499 177 34 0 531 21 230 0 153 0 1366 10 66 0 0 39 141 2417 677 1159 50 147 34 211 0 1936 104 1995 512 370 15 24 9 54 641 150 147 103 128 65 0 185 0 61 118 116 313 117 21 667 70 
171 0 1020 0 26 16 131 3000 0 196 0 3000 241 1283 47 0 455 85 21 0 57 8 0 13 0 16 0 462 889 0 31 0 254 0 30 240 1055 363 47 0 0 710 16 485 0 51 0 1693 72 569 0 3000 73 22 65 341 0 0 1376 0 0 39 0 0 65 164 287 9 77 876 0 61 0 450 0 86 255 17 161 837 
28 0 11 0 548 1615 3000 0 0 1644 0 162 0 65 290 0 40 13 18 0 79 77 0 478 0 0 0 69 33 0 103 0 19 0 401 0 0 40 0 0 0 0 0 96 0 51 0 0 515 15 0 345 340 1082 34 37 0 0 51 0 0 0 0 0 244 746 95 11 35 10 0 118 450 0 0 2139 37 108 489 446 
0 1150 0 0 197 0 0 28 3000 59 133 27 489 0 64 113 0 0 0 52 776 0 3000 0 135 26 270 2679 0 61 0 98 167 80 0 8 12 0 62 18 0 13 407 0 2355 37 121 952 11 357 275 0 20 0 388 0 34 28 0 102 30 22 10 0 406 250 0 13 0 0 40 116 0 0 0 0 45 26 7 0 
14 0 104 0 776 10 79 499 356 34 0 48 438 908 1097 0 18 235 85 0 410 322 0 279 0 89 0 503 54 0 658 0 232 135 198 121 726 1442 76 14 0 35 89 16 0 371 0 503 192 21 931 220 12 33 11 163 0 0 680 0 0 998 0 0 10 76 1481 47 161 266 10 313 86 2139 0 0 17 206 3000 12 
0 9 19 1355 13 10 154 442 192 92 8 450 192 20 927 30 98 16 646 3000 19 3000 110 95 8 15 340 2722 3000 55 31 154 851 415 1965 247 117 159 15 7 845 25 282 194 517 378 153 338 127 128 42 27 255 1229 206 601 309 274 13 259 18 11 22 153 262 202 553 200 11 0 106 117 255 37 45 17 0 194 326 225 
0 2378 11 162 2141 826 1619 34 34 1272 28 16 398 13 680 17 1066 368 423 53 312 656 20 1235 54 10 8 235 36 3000 219 75 201 169 109 10 105 30 2108 213 158 753 473 15 9 12 48 41 972 200 15 319 8 23 8 429 142 257 292 416 12 88 588 235 32 11 87 13 108 0 58 21 17 108 26 206 194 0 17 383 
69 31 3000 58 371 1348 214 91 0 12 38 34 18 347 172 57 66 44 8 27 234 90 2057 430 332 31 733 9 17 66 164 123 84 21 725 1185 224 34 0 72 110 1720 0 1602 920 49 78 13 7 104 21 442 910 57 870 149 16 560 35 83 8 267 3000 981 258 9 131 662 674 14 8 667 161 489 7 3000 326 17 0 154 
29 14 18 8 2160 43 9 30 0 715 0 127 416 240 107 235 1462 846 1327 0 42 78 1133 3000 19 1061 61 60 486 193 2335 0 13 2105 33 109 360 371 0 9 232 94 0 44 0 12 0 1287 169 127 0 21 858 1670 40 136 481 1040 309 0 68 34 16 16 2567 275 550 102 16 743 23 70 837 446 0 12 225 383 154 0 
