80
0 74 80 86 11 65 68 65 14 85 24 37 75 100 79 74 34 77 4 52 107 26 12 47 64 56 22 54 66 17 79 85 64 37 86 20 67 36 41 58 69 72 107 39 14 83 66 77 14 68 57 85 45 31 43 75 112 86 87 82 64 96 40 79 42 76 88 23 38 91 78 76 31 77 86 39 81 4 68 81 
74 0 13 46 63 103 90 80 84 83 77 89 83 58 85 71 72 3 71 56 61 88 68 63 82 99 78 41 13 81 12 31 59 75 73 71 7 47 40 58 73 10 64 55 61 18 12 96 80 11 21 45 31 90 37 62 80 35 20 63 44 77 84 53 56 43 78 82 50 62 5 65 69 6 67 78 40 77 10 28 
80 13 0 34 69 101 85 75 89 75 79 90 76 45 78 64 73 12 78 52 48 90 72 61 78 97 80 38 26 89 1 18 53 75 63 74 18 49 51 54 66 8 51 55 67 28 14 90 88 13 23 34 35 92 48 54 68 23 7 53 37 66 84 43 56 34 69 85 51 51 14 57 70 17 57 78 29 82 23 16 
86 46 34 0 77 82 63 53 90 45 75 82 50 15 51 37 65 45 85 39 21 86 75 49 56 81 77 32 56 99 34 16 32 65 32 72 46 50 72 37 42 36 22 50 72 62 38 65 97 38 39 2 46 86 69 26 35 12 32 23 23 33 73 14 48 11 38 81 49 17 47 29 63 51 26 67 6 86 54 18 
11 63 69 77 0 68 67 63 23 81 27 41 72 91 76 69 33 66 8 46 98 32 11 43 62 60 26 46 55 22 69 75 58 37 80 20 56 27 31 52 64 61 98 32 6 72 55 76 20 57 46 76 34 37 33 69 105 76 76 75 56 90 42 71 36 67 83 28 31 83 67 70 30 66 79 39 72 14 57 70 
65 103 101 82 68 0 21 29 55 47 41 29 35 89 37 47 36 105 67 49 95 41 56 40 26 9 43 63 104 80 100 92 50 32 58 47 98 59 93 48 40 96 93 50 63 120 92 24 78 93 83 81 75 36 93 57 87 90 104 62 64 67 26 68 47 73 56 42 55 73 108 54 40 109 63 29 81 61 104 90 
68 90 85 63 67 21 0 10 62 27 44 38 15 68 17 27 34 91 69 34 75 49 57 29 8 24 46 48 92 84 85 74 32 31 37 48 85 51 87 31 21 81 72 41 61 107 78 9 82 79 70 61 65 45 86 37 66 72 87 42 48 46 30 49 38 55 35 48 46 53 94 34 38 95 42 30 63 65 92 73 
65 80 75 53 63 29 10 0 60 22 42 39 10 60 14 18 31 82 66 25 66 49 53 21 3 30 45 39 83 81 75 64 23 28 30 45 76 43 79 22 11 71 64 34 56 97 68 16 79 69 61 52 56 46 79 28 59 62 77 33 38 40 30 39 30 45 29 47 38 45 84 25 34 86 34 28 53 62 83 63 
14 84 89 90 23 55 62 60 0 82 18 26 71 103 74 73 30 87 17 53 110 14 17 46 59 46 16 59 78 26 88 91 65 32 85 18 77 41 54 58 66 81 110 41 23 95 75 70 23 77 66 89 54 20 56 76 113 92 95 82 68 95 32 81 43 80 87 14 42 92 89 76 29 88 86 33 86 9 79 87 
85 83 75 45 81 47 27 22 82 0 63 61 12 46 10 13 52 84 85 36 52 71 73 38 24 51 66 46 89 101 75 60 26 50 13 65 80 57 92 31 16 73 49 49 75 101 72 24 99 73 67 44 66 68 91 21 40 56 75 22 40 20 52 32 45 41 9 68 52 31 86 18 54 89 20 50 47 83 88 60 
24 77 79 75 27 41 44 42 18 63 0 15 52 87 56 54 12 79 27 36 94 12 16 28 41 33 2 44 73 41 78 78 47 14 67 7 70 30 55 41 48 72 93 26 22 90 66 53 38 68 57 73 45 13 56 58 95 78 84 65 52 77 16 64 27 64 68 6 28 75 81 58 11 81 68 14 71 21 74 74 
37 89 90 82 41 29 38 39 26 61 15 0 49 92 53 55 18 92 39 43 99 12 30 33 37 20 15 54 86 51 90 87 51 16 67 22 83 42 70 45 48 84 98 36 37 103 78 46 49 80 69 80 58 7 70 61 97 86 95 68 60 78 9 70 35 71 68 13 39 79 94 60 21 94 70 14 79 33 87 84 
75 83 76 50 72 35 15 10 71 12 52 49 0 55 4 14 41 84 75 31 61 59 63 29 12 38 55 43 87 91 76 64 24 38 22 55 79 51 86 26 10 73 58 41 66 100 71 15 89 72 65 49 62 56 85 24 51 61 78 29 39 32 40 36 38 44 21 57 45 39 86 22 43 89 28 38 52 72 86 63 
100 58 45 15 91 89 68 60 103 46 87 92 55 0 54 42 76 57 98 50 7 98 88 60 63 89 89 45 69 113 46 27 41 76 33 85 59 64 86 47 48 49 7 62 86 73 52 69 112 51 53 16 61 97 84 32 23 23 41 26 36 29 83 23 60 24 37 93 62 16 59 34 75 62 27 78 21 100 67 30 
79 85 78 51 76 37 17 14 74 10 56 53 4 54 0 15 45 86 79 34 60 63 67 33 15 41 58 46 90 95 78 65 26 42 22 59 82 54 90 29 13 76 58 45 69 103 74 15 92 75 68 50 65 60 89 26 49 62 79 29 42 30 44 37 41 45 19 61 49 39 89 23 47 91 28 42 53 76 89 65 
74 71 64 37 69 47 27 18 73 13 54 55 14 42 15 0 43 72 74 24 48 63 62 27 21 48 57 33 77 90 64 50 13 41 13 55 68 45 79 18 7 61 46 37 63 89 60 28 88 60 54 36 53 61 78 11 42 47 64 16 27 23 45 23 33 31 14 60 40 27 74 8 44 77 16 42 38 73 75 50 
34 72 73 65 33 36 34 31 30 52 12 18 41 76 45 43 0 75 35 26 84 22 23 17 30 29 14 36 70 51 72 70 36 4 55 14 66 25 57 29 36 66 82 18 28 87 61 43 48 63 52 63 42 21 57 47 84 69 78 53 43 66 12 54 18 54 57 17 22 64 77 46 4 77 57 6 62 31 71 66 
77 3 12 45 66 105 91 82 87 84 79 92 84 57 86 72 75 0 74 57 60 90 71 65 84 101 80 43 16 84 11 30 60 77 73 74 10 50 43 60 74 11 63 57 64 17 14 97 83 13 23 45 34 93 40 63 79 34 18 63 45 77 86 53 59 44 79 85 53 62 2 66 71 5 67 80 40 80 13 27 
4 71 78 85 8 67 69 66 17 85 27 39 75 98 79 74 35 74 0 52 105 29 13 47 65 59 25 53 63 16 77 83 64 39 85 21 64 34 38 57 69 69 105 38 12 80 63 78 14 65 55 83 42 34 39 75 111 84 84 81 63 96 42 78 41 74 89 26 37 90 75 76 32 74 85 40 80 8 65 78 
52 56 52 39 46 49 34 25 53 36 36 43 31 50 34 24 26 57 52 0 58 47 40 10 27 45 39 14 58 68 52 45 12 26 34 35 51 21 56 6 21 47 57 14 40 73 44 41 65 45 36 37 31 47 55 23 60 44 55 29 17 44 34 28 11 28 37 43 16 39 60 24 25 61 33 29 36 51 57 43 
107 61 48 21 98 95 75 66 110 52 94 99 61 7 60 48 84 60 105 58 0 105 95 67 69 96 96 52 73 120 49 30 48 83 39 92 64 71 92 54 55 53 4 69 93 76 56 75 118 56 59 22 67 104 89 39 23 27 43 33 43 33 90 30 67 31 43 100 69 22 62 41 83 65 33 85 27 107 71 34 
26 88 90 86 32 41 49 49 14 71 12 12 59 98 63 63 22 90 29 47 105 0 22 38 48 32 10 56 83 40 90 89 58 22 76 17 81 41 63 51 57 83 104 37 30 100 77 57 37 79 68 84 56 5 64 68 105 89 96 75 64 87 20 75 38 75 77 6 40 86 92 68 23 92 78 22 83 22 84 86 
12 68 72 75 11 56 57 53 17 73 16 30 63 88 67 62 23 71 13 40 95 22 0 35 53 48 15 43 62 28 72 75 52 26 73 9 61 25 41 45 57 64 95 27 8 79 59 66 26 60 49 73 37 26 42 63 100 76 78 70 53 84 31 67 30 65 76 17 26 79 72 64 20 72 74 28 70 11 63 71 
47 63 61 49 43 40 29 21 46 38 28 33 29 60 33 27 17 65 47 10 67 38 35 0 22 36 30 23 64 63 61 55 19 17 39 28 58 22 58 13 22 56 66 12 36 80 52 37 61 53 43 47 36 37 57 30 67 54 65 37 27 50 24 37 9 38 42 34 17 47 68 30 17 69 40 19 46 45 64 52 
64 82 78 56 62 26 8 3 59 24 41 37 12 63 15 21 30 84 65 27 69 48 53 22 0 27 43 41 85 81 77 67 25 27 32 44 78 44 80 24 14 73 67 34 56 99 70 15 78 71 63 55 57 44 80 31 62 65 80 36 40 43 28 42 31 48 32 45 39 47 86 28 33 88 37 27 56 62 84 66 
56 99 97 81 60 9 24 30 46 51 33 20 38 89 41 48 29 101 59 45 96 32 48 36 27 0 34 59 98 72 97 90 50 25 60 39 93 53 86 45 41 92 94 45 55 115 87 30 69 89 78 80 70 27 86 57 89 89 101 63 62 70 18 68 43 72 59 33 49 75 103 55 33 104 64 22 80 53 99 88 
22 78 80 77 26 43 46 45 16 66 2 15 55 89 58 57 14 80 25 39 96 10 15 30 43 34 0 46 73 39 80 80 50 16 69 7 71 31 55 43 50 73 95 28 22 91 67 55 36 69 58 75 46 13 55 61 97 80 86 67 54 80 18 67 29 66 71 4 30 78 82 60 14 82 71 17 73 19 74 76 
54 41 38 32 46 63 48 39 59 46 44 54 43 45 46 33 36 43 53 14 52 56 43 23 41 59 46 0 45 68 38 34 20 37 39 41 37 19 47 17 32 33 52 19 41 59 30 55 66 31 22 30 21 56 46 27 60 34 42 32 10 47 46 26 18 21 44 51 17 38 45 29 34 47 37 40 27 55 44 30 
66 13 26 56 55 104 92 83 78 89 73 86 87 69 90 77 70 16 63 58 73 83 62 64 85 98 73 45 0 71 25 43 64 73 80 66 10 45 28 62 77 20 75 54 54 17 18 99 70 18 23 55 29 86 26 69 91 47 33 71 49 86 82 61 56 52 86 77 49 72 16 71 66 13 75 76 50 69 3 39 
17 81 89 99 22 80 84 81 26 101 41 51 91 113 95 90 51 84 16 68 120 40 28 63 81 72 39 68 71 0 88 96 80 54 101 36 74 49 43 73 85 81 120 54 28 87 75 93 3 76 67 98 55 45 45 91 127 98 96 97 78 112 56 93 57 89 104 38 53 106 85 91 48 83 101 55 94 20 73 92 
79 12 1 34 69 100 85 75 88 75 78 90 76 46 78 64 72 11 77 52 49 90 72 61 77 97 80 38 25 88 0 19 53 74 64 73 17 49 50 54 66 8 52 54 66 28 14 90 87 12 22 34 35 91 47 54 68 23 8 54 37 67 83 44 55 34 69 84 50 51 13 57 69 17 58 77 29 81 22 16 
85 31 18 16 75 92 74 64 91 60 78 87 64 27 65 50 70 30 83 45 30 89 75 55 67 90 80 34 43 96 19 0 42 71 47 74 33 50 63 45 54 23 33 52 71 47 26 78 95 25 30 16 41 90 60 39 49 4 16 37 28 49 79 28 52 20 53 84 50 33 32 42 67 36 41 73 12 86 40 5 
64 59 53 32 58 50 32 23 65 26 47 51 24 41 26 13 36 60 64 12 48 58 52 19 25 50 50 20 64 80 53 42 0 35 22 47 56 33 66 7 13 50 47 26 52 77 48 37 78 48 42 30 40 56 65 11 48 40 55 18 16 32 42 19 23 23 26 53 28 28 63 11 36 65 21 37 31 63 63 41 
37 75 75 65 37 32 31 28 32 50 14 16 38 76 42 41 4 77 39 26 83 22 26 17 27 25 16 37 73 54 74 71 35 0 53 18 69 28 61 29 34 68 82 20 31 90 64 40 51 65 54 64 45 21 61 46 82 70 79 53 43 64 9 53 19 55 55 19 25 63 79 45 8 80 56 3 62 34 74 68 
86 73 63 32 80 58 37 30 85 13 67 67 22 33 22 13 55 73 85 34 39 76 73 39 32 60 69 39 80 101 64 47 22 53 0 67 71 54 87 28 20 63 36 48 74 90 62 36 99 63 59 32 60 73 85 12 30 44 63 10 31 11 58 20 44 30 6 72 50 17 75 10 56 78 7 54 35 84 79 48 
20 71 74 72 20 47 48 45 18 65 7 22 55 85 59 55 14 74 21 35 92 17 9 28 44 39 7 41 66 36 73 74 47 18 67 0 64 25 48 40 49 66 92 23 16 84 61 57 34 62 51 71 40 20 49 58 95 75 80 64 50 78 22 63 25 62 70 11 24 74 76 58 12 75 68 19 68 17 67 71 
67 7 18 46 56 98 85 76 77 80 70 83 79 59 82 68 66 10 64 51 64 81 61 58 78 93 71 37 10 74 17 33 56 69 71 64 0 41 33 54 69 11 66 49 54 22 9 92 73 9 15 46 25 83 31 60 81 37 25 61 41 76 78 52 51 42 77 75 44 62 12 62 62 11 66 72 40 69 8 29 
36 47 49 50 27 59 51 43 41 57 30 42 51 64 54 45 25 50 34 21 71 41 25 22 44 53 31 19 45 49 49 50 33 28 54 25 41 0 36 27 42 42 71 10 22 62 36 59 47 38 27 49 16 43 35 43 78 51 55 48 29 64 37 44 13 40 58 35 5 56 52 44 21 52 53 31 46 36 45 46 
41 40 51 72 31 93 87 79 54 92 55 70 86 86 90 79 57 43 38 56 92 63 41 58 80 86 55 47 28 43 50 63 66 61 87 48 33 36 0 61 77 43 93 46 33 44 37 95 43 39 33 70 27 67 3 75 105 66 58 79 56 95 68 71 49 64 91 58 41 84 44 76 52 41 84 63 65 45 31 58 
58 58 54 37 52 48 31 22 58 31 41 45 26 47 29 18 29 60 57 6 54 51 45 13 24 45 43 17 62 73 54 45 7 29 28 40 54 27 61 0 16 50 53 19 46 76 47 37 71 48 39 35 36 50 60 18 55 43 56 24 17 38 36 24 16 27 32 47 22 35 62 18 29 64 28 31 35 56 61 43 
69 73 66 42 64 40 21 11 66 16 48 48 10 48 13 7 36 74 69 21 55 57 57 22 14 41 50 32 77 85 66 54 13 34 20 49 69 42 77 16 0 63 53 33 58 90 61 24 82 62 54 41 52 54 76 17 49 52 68 22 29 30 38 28 29 35 21 53 36 33 76 14 38 78 23 35 43 67 76 53 
72 10 8 36 61 96 81 71 81 73 72 84 73 49 76 61 66 11 69 47 53 83 64 56 73 92 73 33 20 81 8 23 50 68 63 66 11 42 43 50 63 0 55 48 58 27 6 87 80 4 15 36 27 85 40 52 71 26 15 53 34 67 77 43 49 34 69 77 44 52 13 55 63 16 57 71 30 74 18 19 
107 64 51 22 98 93 72 64 110 49 93 98 58 7 58 46 82 63 105 57 4 104 95 66 67 94 95 52 75 120 52 33 47 82 36 92 66 71 93 53 53 55 0 69 93 79 58 72 118 58 60 23 68 103 91 37 19 29 46 31 43 30 89 29 67 31 40 99 69 20 64 39 82 68 30 84 27 106 73 36 
39 55 55 50 32 50 41 34 41 49 26 36 41 62 45 37 18 57 38 14 69 37 27 12 34 45 28 19 54 54 54 52 26 20 48 23 49 10 46 19 33 48 69 0 26 70 43 49 52 45 34 48 25 38 45 37 73 52 60 43 27 58 29 40 4 39 51 32 5 52 59 38 15 60 47 23 46 38 54 49 
14 61 67 72 6 63 61 56 23 75 22 37 66 86 69 63 28 64 12 40 93 30 8 36 56 55 22 41 54 28 66 71 52 31 74 16 54 22 33 46 58 58 93 26 0 72 52 70 26 54 43 71 31 34 34 63 99 72 73 69 50 84 37 65 30 62 77 25 25 78 66 64 24 65 73 34 67 16 56 66 
83 18 28 62 72 120 107 97 95 101 90 103 100 73 103 89 87 17 80 73 76 100 79 80 99 115 91 59 17 87 28 47 77 90 90 84 22 62 44 76 90 27 79 70 72 0 29 113 87 28 37 62 45 103 42 80 96 51 32 80 61 94 99 70 72 61 96 95 65 79 15 83 83 12 85 93 57 86 16 44 
66 12 14 38 55 92 78 68 75 72 66 78 71 52 74 60 61 14 63 44 56 77 59 52 70 87 67 30 18 75 14 26 48 64 62 61 9 36 37 47 61 6 58 43 52 29 0 84 74 2 10 37 21 79 35 51 73 30 21 53 32 67 73 43 45 34 68 72 39 53 16 54 58 18 57 67 32 68 16 22 
77 96 90 65 76 24 9 16 70 24 53 46 15 69 15 28 43 97 78 41 75 57 66 37 15 30 55 55 99 93 90 78 37 40 36 57 92 59 95 37 24 87 72 49 70 113 84 0 90 85 77 64 72 53 94 39 64 75 92 43 53 44 38 51 45 58 33 56 54 53 99 36 46 101 42 38 66 74 98 77 
14 80 88 97 20 78 82 79 23 99 38 49 89 112 92 88 48 83 14 65 118 37 26 61 78 69 36 66 70 3 87 95 78 51 99 34 73 47 43 71 82 80 118 52 26 87 74 90 0 75 66 96 54 43 45 89 125 96 95 95 76 109 53 91 55 87 102 36 50 103 84 89 45 83 99 52 92 17 73 90 
68 11 13 38 57 93 79 69 77 73 68 80 72 51 75 60 63 13 65 45 56 79 60 53 71 89 69 31 18 76 12 25 48 65 63 62 9 38 39 48 62 4 58 45 54 28 2 85 75 0 11 37 23 81 36 52 73 29 20 53 33 67 74 43 46 34 68 73 41 53 15 55 59 17 58 68 32 70 16 21 
57 21 23 39 46 83 70 61 66 67 57 69 65 53 68 54 52 23 55 36 59 68 49 43 63 78 58 22 23 67 22 30 42 54 59 51 15 27 33 39 54 15 60 34 43 37 10 77 66 11 0 38 12 70 31 47 73 33 30 49 27 65 63 41 36 32 64 62 30 52 25 49 48 26 54 57 33 59 22 26 
85 45 34 2 76 81 61 52 89 44 73 80 49 16 50 36 63 45 83 37 22 84 73 47 55 80 75 30 55 98 34 16 30 64 32 71 46 49 70 35 41 36 23 48 71 62 37 64 96 37 38 0 45 84 68 25 35 12 32 22 21 33 71 13 46 9 37 79 47 17 47 28 62 50 25 66 5 85 53 18 
45 31 35 46 34 75 65 56 54 66 45 58 62 61 65 53 42 34 42 31 67 56 37 36 57 70 46 21 29 55 35 41 40 45 60 40 25 16 27 36 52 27 68 25 31 45 21 72 54 23 12 45 0 58 25 48 78 43 42 52 29 68 53 44 28 38 65 50 20 57 36 50 38 36 57 48 40 47 29 36 
31 90 92 86 37 36 45 46 20 68 13 7 56 97 60 61 21 93 34 47 104 5 26 37 44 27 13 56 86 45 91 90 56 21 73 20 83 43 67 50 54 85 103 38 34 103 79 53 43 81 70 84 58 0 68 67 103 90 97 73 63 84 16 74 38 75 74 9 41 84 95 66 23 95 76 19 82 27 87 87 
43 37 48 69 33 93 86 79 56 91 56 70 85 84 89 78 57 40 39 55 89 64 42 57 80 86 55 46 26 45 47 60 65 61 85 49 31 35 3 60 76 40 91 45 34 42 35 94 45 36 31 68 25 68 0 73 103 63 55 77 54 93 68 69 49 62 90 59 41 82 41 75 53 38 82 64 63 47 28 56 
75 62 54 26 69 57 37 28 76 21 58 61 24 32 26 11 47 63 75 23 39 68 63 30 31 57 61 27 69 91 54 39 11 46 12 58 60 43 75 18 17 52 37 37 63 80 51 39 89 52 47 25 48 67 73 0 37 36 54 7 20 21 52 12 34 20 17 64 39 18 65 3 47 68 10 48 27 75 67 39 
112 80 68 35 105 87 66 59 113 40 95 97 51 23 49 42 84 79 111 60 23 105 100 67 62 89 97 60 91 127 68 49 48 82 30 95 81 78 105 55 49 71 19 73 99 96 73 64 125 73 73 35 78 103 103 37 0 45 64 30 50 20 88 34 70 41 31 101 74 22 81 37 84 85 27 84 41 111 89 52 
86 35 23 12 76 90 72 62 92 56 78 86 61 23 62 47 69 34 84 44 27 89 76 54 65 89 80 34 47 98 23 4 40 70 44 75 37 51 66 43 52 26 29 52 72 51 30 75 96 29 33 12 43 90 63 36 45 0 20 34 27 45 78 25 51 17 49 84 50 29 36 39 67 40 37 73 9 87 44 8 
87 20 7 32 76 104 87 77 95 75 84 95 78 41 79 64 78 18 84 55 43 96 78 65 80 101 86 42 33 96 8 16 55 79 63 80 25 55 58 56 68 15 46 60 73 32 21 92 95 20 30 32 42 97 55 54 64 20 0 53 40 64 88 43 60 34 68 90 56 49 19 57 74 23 56 82 28 89 30 15 
82 63 53 23 75 62 42 33 82 22 65 68 29 26 29 16 53 63 81 29 33 75 70 37 36 63 67 32 71 97 54 37 18 53 10 64 61 48 79 24 22 53 31 43 69 80 53 43 95 53 49 22 52 73 77 7 30 34 53 0 23 16 58 10 40 19 16 71 44 11 65 8 54 68 5 54 25 81 69 38 
64 44 37 23 56 64 48 38 68 40 52 60 39 36 42 27 43 45 63 17 43 64 53 27 40 62 54 10 49 78 37 28 16 43 31 50 41 29 56 17 29 34 43 27 50 61 32 53 76 33 27 21 29 63 54 20 50 27 40 23 0 39 51 16 25 12 37 58 26 28 47 22 41 49 28 46 19 64 48 26 
96 77 66 33 90 67 46 40 95 20 77 78 32 29 30 23 66 77 96 44 33 87 84 50 43 70 80 47 86 112 67 49 32 64 11 78 76 64 95 38 30 67 30 58 84 94 67 44 109 67 65 33 68 84 93 21 20 45 64 16 39 0 69 24 54 34 11 83 60 15 79 20 66 82 11 65 37 95 84 50 
40 84 84 73 42 26 30 30 32 52 16 9 40 83 44 45 12 86 42 34 90 20 31 24 28 18 18 46 82 56 83 79 42 9 58 22 78 37 68 36 38 77 89 29 37 99 73 38 53 74 63 71 53 16 68 52 88 78 88 58 51 69 0 60 28 63 59 18 34 70 88 51 16 89 61 6 70 37 83 76 
79 53 43 14 71 68 49 39 81 32 64 70 36 23 37 23 54 53 78 28 30 75 67 37 42 68 67 26 61 93 44 28 19 53 20 63 52 44 71 24 28 43 29 40 65 70 43 51 91 43 41 13 44 74 69 12 34 25 43 10 16 24 60 0 38 10 26 70 41 13 55 15 53 58 14 55 16 78 59 28 
42 56 56 48 36 47 38 30 43 45 27 35 38 60 41 33 18 59 41 11 67 38 30 9 31 43 29 18 56 57 55 52 23 19 44 25 51 13 49 16 29 49 67 4 30 72 45 45 55 46 36 46 28 38 49 34 70 51 60 40 25 54 28 38 0 37 48 33 8 50 61 34 16 62 44 22 44 41 56 49 
76 43 34 11 67 73 55 45 80 41 64 71 44 24 45 31 54 44 74 28 31 75 65 38 48 72 66 21 52 89 34 20 23 55 30 62 42 40 64 27 35 34 31 39 62 61 34 58 87 34 32 9 38 75 62 20 41 17 34 19 12 34 63 10 37 0 35 70 38 20 46 23 53 49 24 57 8 76 50 19 
88 78 69 38 83 56 35 29 87 9 68 68 21 37 19 14 57 79 89 37 43 77 76 42 32 59 71 44 86 104 69 53 26 55 6 70 77 58 91 32 21 69 40 51 77 96 68 33 102 68 64 37 65 74 90 17 31 49 68 16 37 11 59 26 48 35 0 74 54 22 81 15 58 84 12 56 41 87 84 54 
23 82 85 81 28 42 48 47 14 68 6 13 57 93 61 60 17 85 26 43 100 6 17 34 45 33 4 51 77 38 84 84 53 19 72 11 75 35 58 47 53 77 99 32 25 95 72 56 36 73 62 79 50 9 59 64 101 84 90 71 58 83 18 70 33 70 74 0 34 81 87 64 18 86 74 19 77 19 78 81 
38 50 51 49 31 55 46 38 42 52 28 39 45 62 49 40 22 53 37 16 69 40 26 17 39 49 30 17 49 53 50 50 28 25 50 24 44 5 41 22 36 44 69 5 25 65 39 54 50 41 30 47 20 41 41 39 74 50 56 44 26 60 34 41 8 38 54 34 0 53 55 40 19 55 49 28 44 38 49 46 
91 62 51 17 83 73 53 45 92 31 75 79 39 16 39 27 64 62 90 39 22 86 79 47 47 75 78 38 72 106 51 33 28 63 17 74 62 56 84 35 33 52 20 52 78 79 53 53 103 53 52 17 57 84 82 18 22 29 49 11 28 15 70 13 50 20 22 81 53 0 64 19 64 67 11 65 22 90 70 35 
78 5 14 47 67 108 94 84 89 86 81 94 86 59 89 74 77 2 75 60 62 92 72 68 86 103 82 45 16 85 13 32 63 79 75 76 12 52 44 62 76 13 64 59 66 15 16 99 84 15 25 47 36 95 41 65 81 36 19 65 47 79 88 55 61 46 81 87 55 64 0 68 73 4 70 82 42 81 13 29 
76 65 57 29 70 54 34 25 76 18 58 60 22 34 23 8 46 66 76 24 41 68 64 30 28 55 60 29 71 91 57 42 11 45 10 58 62 44 76 18 14 55 39 38 64 83 54 36 89 55 49 28 50 66 75 3 37 39 57 8 22 20 51 15 34 23 15 64 40 19 68 0 47 71 10 47 30 75 70 42 
31 69 70 63 30 40 38 34 29 54 11 21 43 75 47 44 4 71 32 25 83 23 20 17 33 33 14 34 66 48 69 67 36 8 56 12 62 21 52 29 38 63 82 15 24 83 58 46 45 59 48 62 38 23 53 47 84 67 74 54 41 66 16 53 16 53 58 18 19 64 73 47 0 74 57 11 60 29 67 64 
77 6 17 51 66 109 95 86 88 89 81 94 89 62 91 77 77 5 74 61 65 92 72 69 88 104 82 47 13 83 17 36 65 80 78 75 11 52 41 64 78 16 68 60 65 12 18 101 83 17 26 50 36 95 38 68 85 40 23 68 49 82 89 58 62 49 84 86 55 67 4 71 74 0 73 83 45 80 10 33 
86 67 57 26 79 63 42 34 86 20 68 70 28 27 28 16 57 67 85 33 33 78 74 40 37 64 71 37 75 101 58 41 21 56 7 68 66 53 84 28 23 57 30 47 73 85 57 42 99 58 54 25 57 76 82 10 27 37 56 5 28 11 61 14 44 24 12 74 49 11 70 10 57 73 0 57 29 85 74 42 
39 78 78 67 39 29 30 28 33 50 14 14 38 78 42 42 6 80 40 29 85 22 28 19 27 22 17 40 76 55 77 73 37 3 54 19 72 31 63 31 35 71 84 23 34 93 67 38 52 68 57 66 48 19 64 48 84 73 82 54 46 65 6 55 22 57 56 19 28 65 82 47 11 83 57 0 65 35 77 70 
81 40 29 6 72 81 63 53 86 47 71 79 52 21 53 38 62 40 80 36 27 83 70 46 56 80 73 27 50 94 29 12 31 62 35 68 40 46 65 35 43 30 27 46 67 57 32 66 92 32 33 5 40 82 63 27 41 9 28 25 19 37 70 16 44 8 41 77 44 22 42 30 60 45 29 65 0 82 48 13 
4 77 82 86 14 61 65 62 9 83 21 33 72 100 76 73 31 80 8 51 107 22 11 45 62 53 19 55 69 20 81 86 63 34 84 17 69 36 45 56 67 74 106 38 16 86 68 74 17 70 59 85 47 27 47 75 111 87 89 81 64 95 37 78 41 76 87 19 38 90 81 75 29 80 85 35 82 0 71 82 
68 10 23 54 57 104 92 83 79 88 74 87 86 67 89 75 71 13 65 57 71 84 63 64 84 99 74 44 3 73 22 40 63 74 79 67 8 45 31 61 76 18 73 54 56 16 16 98 73 16 22 53 29 87 28 67 89 44 30 69 48 84 83 59 56 50 84 78 49 70 13 70 67 10 74 77 48 71 0 36 
81 28 16 18 70 90 73 63 87 60 74 84 63 30 65 50 66 27 78 43 34 86 71 52 66 88 76 30 39 92 16 5 41 68 48 71 29 46 58 43 53 19 36 49 66 44 22 77 90 21 26 18 36 87 56 39 52 8 15 38 26 50 76 28 49 19 54 81 46 35 29 42 64 33 42 70 13 82 36 0 
0 8 742 25 29 537 513 2215 149 9 26 3000 787 40 40 241 59 19 62 246 320 180 35 337 51 98 32 21 551 20 57 72 29 1214 10 38 3000 32 45 17 8 131 83 1197 433 9 245 78 14 23 33 66 96 28 27 812 86 15 544 528 264 153 37 115 15 0 29 1376 21 1921 75 386 25 1151 172 68 12 67 108 1596 
8 0 474 38 26 0 22 8 3000 79 0 27 196 27 1534 0 33 250 261 0 0 32 676 2089 9 115 271 59 9 82 697 0 24 299 24 270 14 595 2459 2236 2032 0 37 112 62 902 187 56 93 0 81 470 508 165 0 153 0 81 0 19 2510 260 0 14 9 440 691 0 0 0 9 28 14 0 101 0 159 469 13 115 
742 474 0 0 1125 0 15 103 126 492 0 118 0 291 10 0 10 820 191 0 0 262 0 1107 3000 24 722 882 375 26 125 0 344 144 333 21 1114 58 20 0 0 0 866 20 10 153 1689 1097 326 0 0 71 268 31 0 117 0 0 0 11 0 575 0 98 718 142 622 0 0 0 0 30 1544 0 350 0 104 93 22 44 
25 38 0 0 29 319 0 14 67 0 83 12 1157 227 31 16 0 23 28 0 16 0 184 36 13 11 142 84 11 0 76 0 0 72 19 0 85 43 75 720 1653 11 254 641 262 0 0 0 0 26 247 0 3000 0 113 14 0 149 0 237 23 111 492 0 11 0 46 0 0 288 70 12 113 0 1136 15 47 30 10 30 
29 26 1125 29 0 38 139 83 16 313 166 74 39 98 34 56 545 12 8 33 10 71 14 12 101 245 20 7 234 33 143 55 111 195 41 64 399 15 17 132 1808 41 14 2442 253 171 323 651 273 839 83 36 130 9 50 74 22 22 43 58 36 183 1029 1906 232 288 47 3000 72 285 224 58 12 1064 256 31 36 8 32 10 
537 0 0 319 38 0 0 89 3000 0 265 260 70 3000 0 24 96 522 0 638 90 1689 199 678 2908 0 251 36 31 756 0 410 0 1162 29 189 47 0 36 22 76 121 90 100 0 69 1229 1028 204 920 11 0 0 0 30 0 29 36 16 53 29 0 23 28 20 0 1436 18 125 99 20 0 159 39 409 31 0 682 176 22 
513 22 15 0 139 0 0 12 423 12 0 132 0 62 31 0 8 3000 288 0 0 224 0 12 8 347 356 56 1825 141 174 0 35 0 1512 3000 0 568 636 0 0 18 19 48 95 20 1349 107 49 0 27 8 111 1360 0 68 0 0 0 8 0 7 0 34 255 51 309 262 0 0 0 12 42 0 125 0 26 14 7 298 
2215 8 103 14 83 89 12 0 445 21 556 111 616 25 1340 19 11 140 35 34 84 21 15 42 654 1489 3000 828 683 157 82 25 454 3000 130 119 14 210 115 35 215 304 51 203 2987 3000 73 52 101 9 145 125 227 648 73 517 2048 477 860 76 10 12 20 12 41 107 29 56 53 38 200 113 40 147 37 26 12 168 22 241 
149 3000 126 67 16 3000 423 445 0 50 2804 39 347 63 1441 28 368 14 216 337 178 3000 78 418 2327 840 117 3000 2304 381 167 0 240 60 2242 740 81 19 867 22 1795 19 738 213 2027 444 162 33 149 9 33 156 70 13 320 23 0 3000 0 11 224 49 97 60 141 201 215 144 126 27 1257 11 36 0 199 355 271 375 15 125 
9 79 492 0 313 0 12 21 50 0 0 97 0 3000 19 0 380 432 14 328 29 411 0 9 75 47 147 849 299 90 145 0 126 0 561 92 0 0 96 0 0 208 69 0 178 19 10 64 82 0 34 74 437 783 0 430 74 0 0 123 0 2772 0 24 15 54 265 54 572 0 0 0 282 1685 0 0 16 45 285 75 
26 0 0 83 166 265 0 556 2804 0 0 24 0 3000 0 3000 644 579 0 217 34 282 47 8 0 0 0 33 41 16 0 368 0 12 129 1002 171 0 239 140 10 194 651 325 0 9 175 393 22 69 625 717 0 0 8 0 33 342 1993 309 128 0 45 0 26 0 0 31 293 126 8 0 741 97 164 155 0 69 9 7 
3000 27 118 12 74 260 132 111 39 97 24 0 208 553 2234 167 45 725 333 32 86 149 19 15 2937 10 235 3000 15 15 741 0 596 373 181 51 160 137 11 1706 0 1051 10 569 77 15 18 10 2229 0 10 18 33 72 170 24 0 74 0 903 10 35 11 14 1093 1694 377 157 3000 8 76 82 21 0 196 70 602 293 503 8 
787 196 0 1157 39 70 0 616 347 0 0 208 0 173 560 353 0 1451 610 0 0 0 31 0 743 1509 39 530 0 0 165 0 0 1273 64 0 41 22 115 566 8 0 93 12 662 0 0 0 0 46 7 0 12 0 1873 15 0 24 0 150 315 208 26 11 45 0 463 0 0 46 24 18 36 0 9 69 17 247 379 254 
40 27 291 227 98 3000 62 25 63 3000 3000 553 173 0 56 64 651 54 22 2803 429 123 622 21 113 71 326 22 14 50 250 136 3000 15 42 271 389 7 7 71 15 2660 11 52 458 0 554 81 112 8 554 0 2132 165 100 887 21 179 112 12 22 439 10 513 57 0 1066 32 52 191 1937 132 1527 8 129 40 70 156 12 41 
40 1534 10 31 34 0 31 1340 1441 19 0 2234 560 56 0 14 1178 1034 1998 0 0 592 27 61 68 2873 426 37 0 2024 53 0 184 31 17 50 120 185 25 18 43 0 94 209 46 0 0 0 24 0 11 0 64 50 0 105 0 115 0 706 13 102 64 284 226 0 26 0 0 0 906 12 134 0 136 159 304 325 14 129 
241 0 0 16 56 24 0 19 28 0 3000 167 353 64 14 0 89 54 0 82 14 213 3000 462 550 229 51 57 469 48 119 65 0 17 14 114 1803 0 3000 677 1027 26 68 3000 1177 0 36 254 9 306 314 0 24 0 37 0 2422 1037 54 59 58 0 89 359 559 0 150 1278 16 712 28 484 2199 126 431 1050 10 305 209 180 
59 33 10 0 545 96 8 11 368 380 644 45 0 651 1178 89 0 186 34 315 467 8 0 65 28 25 37 63 132 1710 169 33 15 441 813 85 79 111 78 12 0 3000 43 52 1095 186 43 2615 3000 191 172 242 3000 597 380 2663 559 168 45 32 0 80 0 59 1664 266 202 112 887 169 0 12 23 439 8 204 11 13 15 15 
19 250 820 23 12 522 3000 140 14 432 579 725 1451 54 1034 54 186 0 120 45 116 11 706 252 191 1185 3000 11 721 9 20 966 598 968 1307 96 3000 1769 3000 48 81 208 92 622 130 1804 2771 107 250 68 762 36 54 787 3000 36 36 909 0 43 106 58 29 10 215 15 31 91 107 656 2192 44 24 71 198 849 923 537 37 493 
62 261 191 28 8 0 288 35 216 14 0 333 610 22 1998 0 34 120 0 0 0 0 139 0 24 358 49 0 0 1265 64 0 16 21 7 0 435 90 87 9 92 0 496 13 143 0 0 0 735 0 118 0 10 175 0 26 0 759 0 1599 86 720 420 928 3000 0 24 0 0 0 11 159 764 0 363 0 43 1303 38 79 
246 0 0 0 33 638 0 34 337 328 217 32 0 2803 0 82 315 45 0 0 74 7 0 16 0 0 0 116 3000 298 0 577 0 65 177 654 0 0 923 94 0 931 20 0 0 16 27 115 16 2973 17 43 0 0 15 0 46 75 51 0 0 0 0 0 0 789 0 16 1272 101 0 0 0 168 0 146 0 2952 57 82 
320 0 0 16 10 90 0 84 178 29 34 86 0 429 0 14 467 116 0 74 0 3000 25 247 0 0 67 33 103 193 0 54 0 723 2928 36 0 0 1427 92 12 478 424 0 0 876 191 21 150 61 145 158 0 0 3000 0 126 1186 9 391 600 0 102 0 472 819 0 11 264 118 14 0 464 42 346 454 0 721 413 945 
180 32 262 0 71 1689 224 21 3000 411 282 149 0 123 592 213 8 11 0 7 3000 0 0 289 95 422 17 52 54 91 74 39 116 744 59 23 0 0 48 0 0 80 11 0 18 41 45 42 413 40 3000 124 78 17 719 1988 47 0 9 815 0 46 0 854 618 35 97 83 42 659 0 0 374 8 0 0 64 228 160 19 
35 676 0 184 14 199 0 15 78 0 47 19 31 622 27 3000 0 706 139 0 25 0 0 343 68 945 22 10 88 0 32 0 0 8 145 0 120 57 523 333 7 0 387 123 20 0 0 0 0 418 3000 0 666 0 595 239 0 37 0 11 20 273 30 94 9 0 44 0 0 433 128 800 69 0 28 186 34 328 1721 156 
337 2089 1107 36 12 678 12 42 418 9 8 15 0 21 61 462 65 252 0 16 247 289 343 0 7 101 105 171 178 685 138 1004 176 304 67 10 935 0 266 174 0 32 8 3000 154 111 34 472 10 1020 150 377 261 64 115 19 88 42 859 50 971 25 13 34 60 386 16 1551 52 85 550 280 16 781 475 69 178 94 187 189 
51 9 3000 13 101 2908 8 654 2327 75 0 2937 743 113 68 550 28 191 24 0 0 95 68 7 0 94 14 32 20 853 8 0 16 13 34 231 2097 16 283 704 206 0 132 561 99 0 913 504 21 358 21 37 3000 125 0 9 0 195 0 107 64 42 730 89 63 0 1703 0 0 0 80 45 51 0 546 71 10 256 408 12 
98 115 24 11 245 0 347 1489 840 47 0 10 1509 71 2873 229 25 1185 358 0 0 422 945 101 94 0 26 20 387 118 57 0 149 40 71 597 11 27 58 35 105 0 14 79 1028 1006 197 105 167 0 275 104 90 112 0 25 0 285 0 19 113 3000 643 61 37 61 9 0 0 0 59 17 20 0 858 0 523 14 27 24 
32 271 722 142 20 251 356 3000 117 147 0 235 39 326 426 51 37 3000 49 0 67 17 22 105 14 26 0 13 16 25 56 0 566 23 94 3000 10 421 27 19 41 131 702 77 930 38 12 7 8 0 212 370 16 8 0 168 0 375 0 11 314 606 753 2175 104 15 7 0 0 0 981 532 18 0 16 525 8 8 1728 83 
21 59 882 84 7 36 56 828 3000 849 33 3000 530 22 37 57 63 11 0 116 33 52 10 171 32 20 13 0 69 143 148 53 8 107 923 57 101 0 3000 21 3000 34 80 192 47 729 760 14 9 50 2611 52 479 35 30 3000 104 1114 14 775 266 0 11 534 10 74 17 17 2324 19 3000 349 723 79 9 296 193 150 3000 238 
551 9 375 11 234 31 1825 683 2304 299 41 15 0 14 0 469 132 721 0 3000 103 54 88 178 20 387 16 69 0 69 0 21 24 54 264 25 0 0 8 417 1162 10 10 147 27 72 221 153 126 700 1414 2170 36 108 28 0 115 10 585 70 397 0 9 203 91 10 35 80 53 169 395 0 138 31 258 275 339 1085 24 154 
20 82 26 0 33 756 141 157 381 90 16 15 0 50 2024 48 1710 9 1265 298 193 91 0 685 853 118 25 143 69 0 604 499 1571 397 326 210 0 0 2689 0 0 198 722 0 480 58 2117 459 12 166 40 37 178 124 802 28 325 0 1501 114 0 511 0 182 350 59 249 12 430 68 0 161 56 16 0 0 49 25 10 17 
57 697 125 76 143 0 174 82 167 145 0 741 165 250 53 119 169 20 64 0 0 74 32 138 8 57 56 148 0 604 0 0 108 1052 134 137 585 64 840 53 3000 0 39 638 112 0 0 0 24 0 136 0 10 16 0 224 0 92 0 2670 121 130 12 218 141 0 1703 0 0 0 18 29 500 0 310 2157 220 13 1221 30 
72 0 0 0 55 410 0 25 0 0 368 0 0 136 0 65 33 966 0 577 54 39 0 1004 0 0 0 53 21 499 0 0 0 87 29 10 0 0 38 464 0 26 0 0 0 13 148 111 24 10 156 17 0 0 95 0 1610 222 10 0 0 0 54 0 0 0 0 228 9 261 0 0 0 84 0 821 0 461 0 3000 
29 24 344 0 111 0 35 454 240 126 0 596 0 3000 184 0 15 598 16 0 0 116 0 176 16 149 566 8 24 1571 108 0 0 0 137 144 0 135 61 0 0 0 16 544 626 474 15 157 13 0 0 50 1081 148 0 92 0 0 0 456 0 42 0 269 55 601 100 0 0 0 0 127 191 0 0 0 108 1085 242 13 
1214 299 144 72 195 1162 0 3000 60 0 12 373 1273 15 31 17 441 968 21 65 723 744 8 304 13 40 23 107 54 397 1052 87 0 0 512 256 683 189 81 407 37 41 53 10 629 0 198 465 179 495 107 0 285 0 75 23 1263 1707 921 22 16 191 147 68 1033 0 325 141 1000 548 14 32 81 555 1492 97 51 35 265 870 
10 24 333 19 41 29 1512 130 2242 561 129 181 64 42 17 14 813 1307 7 177 2928 59 145 67 34 71 94 923 264 326 134 29 137 512 0 237 124 258 27 14 39 252 14 163 3000 2104 95 1896 418 21 293 42 9 75 380 1350 13 89 0 49 143 15 13 59 1255 1104 14 49 1027 22 68 25 1587 1152 26 191 1203 47 485 113 
38 270 21 0 64 189 3000 119 740 92 1002 51 0 271 50 114 85 96 0 654 36 23 0 10 231 597 3000 57 25 210 137 10 144 256 237 0 0 0 20 30 0 113 77 0 289 149 98 17 1201 2626 225 701 55 201 99 945 57 33 83 14 0 12 0 18 1331 75 21 976 102 7 0 0 168 139 16 417 10 114 547 2083 
3000 14 1114 85 399 47 0 14 81 0 171 160 41 389 120 1803 79 3000 435 0 0 0 120 935 2097 11 10 101 0 0 585 0 0 683 124 0 0 148 134 113 46 0 422 275 28 0 0 0 0 15 43 0 38 0 26 14 0 55 0 1235 19 22 661 307 298 0 43 0 0 523 46 15 553 0 13 32 1727 54 463 71 
32 595 58 43 15 0 568 210 19 0 0 137 22 7 185 0 111 1769 90 0 0 0 57 0 16 27 421 0 0 0 64 0 135 189 258 0 148 0 3000 276 15 0 103 15 14 0 0 0 0 0 0 0 97 53 0 735 0 26 0 18 130 43 795 57 2153 0 9 0 0 0 205 66 77 0 68 0 43 559 50 435 
45 2459 20 75 17 36 636 115 867 96 239 11 115 7 25 3000 78 3000 87 923 1427 48 523 266 283 58 27 3000 8 2689 840 38 61 81 27 20 134 3000 0 87 3000 313 582 485 32 206 10 3000 142 12 494 79 394 29 13 200 380 18 40 106 716 9 32 9 710 0 9 18 39 15 478 157 448 251 162 277 627 42 188 99 
17 2236 0 720 132 22 0 35 22 0 140 1706 566 71 18 677 12 48 9 94 92 0 333 174 704 35 19 21 417 0 53 464 0 407 14 30 113 276 87 0 12 359 94 17 159 0 0 93 84 1527 124 0 17 0 1011 517 0 18 158 212 316 95 169 450 135 0 312 0 611 51 132 199 77 528 24 209 2314 191 25 867 
8 2032 0 1653 1808 76 0 215 1795 0 10 0 8 15 43 1027 0 81 92 0 12 0 7 0 206 105 41 3000 1162 0 3000 0 0 37 39 0 46 15 3000 12 0 0 9 38 1678 0 0 0 0 258 89 0 126 0 62 203 0 3000 0 14 58 339 9 0 1447 0 20 0 0 295 200 13 31 0 1025 686 2587 3000 0 33 
131 0 0 11 41 121 18 304 19 208 194 1051 0 2660 0 26 3000 208 0 931 478 80 0 32 0 0 131 34 10 198 0 26 0 41 252 113 0 0 313 359 0 0 136 0 0 110 24 21 1103 1073 924 57 0 0 14 0 51 7 116 76 7 0 783 41 96 17 0 42 44 74 61 0 204 597 0 67 0 2084 26 16 
83 37 866 254 14 90 19 51 738 69 651 10 93 11 94 68 43 92 496 20 424 11 387 8 132 14 702 80 10 722 39 0 16 53 14 77 422 103 582 94 9 136 0 246 500 3000 21 48 28 20 7 16 399 60 30 146 0 133 0 11 52 16 17 3000 34 159 150 83 55 299 119 3000 37 507 384 145 260 13 116 99 
1197 112 20 641 2442 100 48 203 213 0 325 569 12 52 209 3000 52 622 13 0 0 0 123 3000 561 79 77 192 147 0 638 0 544 10 163 0 275 15 485 17 38 0 246 0 97 0 0 0 1290 39 59 0 320 34 496 140 0 45 0 106 18 277 70 513 1433 0 8 0 0 170 164 402 39 0 312 12 10 3000 246 504 
433 62 10 262 253 0 95 2987 2027 178 0 77 662 458 46 1177 1095 130 143 0 0 18 20 154 99 1028 930 47 27 480 112 0 626 629 3000 289 28 14 32 159 1678 0 500 97 0 0 0 81 1718 0 197 126 84 66 0 20 0 69 0 63 216 65 52 8 1212 0 77 0 0 0 44 10 72 0 83 0 21 80 41 22 
9 902 153 0 171 69 20 3000 444 19 9 15 0 0 0 0 186 1804 0 16 876 41 0 111 0 1006 38 729 72 58 0 13 474 0 2104 149 0 0 206 0 0 110 3000 0 0 0 745 601 17 0 25 371 0 62 1196 0 43 0 1071 0 0 0 0 44 0 32 0 274 531 335 0 0 158 78 0 0 3000 100 1051 49 
245 187 1689 0 323 1229 1349 73 162 10 175 18 0 554 0 36 43 2771 0 27 191 45 0 34 913 197 12 760 221 2117 0 148 15 198 95 98 0 0 10 0 0 24 21 0 0 745 0 17 184 15 36 139 0 47 615 0 13 0 116 66 0 0 0 2731 0 131 0 135 13 86 0 0 124 13 0 133 348 40 2228 9 
78 56 1097 0 651 1028 107 52 33 64 393 10 0 81 0 254 2615 107 0 115 21 42 0 472 504 105 7 14 153 459 0 111 157 465 1896 17 0 0 3000 93 0 21 48 0 81 601 17 0 33 15 1515 1366 29 21 44 139 354 514 35 66 0 0 0 447 669 61 8 291 351 973 0 0 16 430 0 40 300 97 22 16 
14 93 326 0 273 204 49 101 149 82 22 2229 0 112 24 9 3000 250 735 16 150 413 0 10 21 167 8 9 126 12 24 24 13 179 418 1201 0 0 142 84 0 1103 28 1290 1718 17 184 33 0 209 23 696 286 2219 53 304 1001 104 60 3000 0 75 0 9 3000 158 2508 110 13 165 0 65 21 71 104 48 188 1146 9 446 
23 0 0 26 839 920 0 9 9 0 69 0 46 8 0 306 191 68 0 2973 61 40 418 1020 358 0 0 50 700 166 0 10 0 495 21 2626 15 0 12 1527 258 1073 20 39 0 0 15 15 209 0 58 0 0 0 28 0 13 43 49 92 2904 0 27 0 794 0 0 126 756 71 29 0 39 1211 87 159 0 225 0 536 
33 81 0 247 83 11 27 145 33 34 625 10 7 554 11 314 172 762 118 17 145 3000 3000 150 21 275 212 2611 1414 40 136 156 0 107 293 225 43 0 494 124 89 924 7 59 197 25 36 1515 23 58 0 0 1171 0 21 148 14 69 58 156 1321 12 898 27 124 0 82 1538 267 3000 1877 479 49 417 378 36 86 616 35 64 
66 470 71 0 36 0 8 125 156 74 717 18 0 0 0 0 242 36 0 43 158 124 0 377 37 104 370 52 2170 37 0 17 50 0 42 701 0 0 79 0 0 57 16 0 126 371 139 1366 696 0 0 0 11 346 0 370 233 0 0 156 0 0 0 34 0 178 0 268 210 124 0 0 430 785 0 0 1138 19 36 266 
96 508 268 3000 130 0 111 227 70 437 0 33 12 2132 64 24 3000 54 10 0 0 78 666 261 3000 90 16 479 36 178 10 0 1081 285 9 55 38 97 394 17 126 0 399 320 84 0 0 29 286 0 1171 11 0 158 0 91 0 48 0 60 621 31 3000 61 302 0 29 0 0 0 11 86 146 0 8 26 65 2121 76 252 
28 165 31 0 9 0 1360 648 13 783 0 72 0 165 50 0 597 787 175 0 0 17 0 64 125 112 8 35 108 124 16 0 148 0 75 201 0 53 29 0 0 0 60 34 66 62 47 21 2219 0 0 346 158 0 0 19 0 0 0 49 0 45 0 79 22 14 1208 0 0 0 0 78 93 0 0 0 332 67 3000 13 
27 0 0 113 50 30 0 73 320 0 8 170 1873 100 0 37 380 3000 0 15 3000 719 595 115 0 0 0 30 28 802 0 95 0 75 380 99 26 0 13 1011 62 14 30 496 0 1196 615 44 53 28 21 0 0 0 0 0 8 336 237 223 973 0 1097 0 14 0 0 186 18 17 93 0 818 24 733 53 0 2785 1197 18 
812 153 117 14 74 0 68 517 23 430 0 24 15 887 105 0 2663 36 26 0 0 1988 239 19 9 25 168 3000 0 28 224 0 92 23 1350 945 14 735 200 517 203 0 146 140 20 0 0 139 304 0 148 370 91 19 0 0 0 129 0 24 1496 10 276 124 2339 0 152 0 0 0 2796 588 231 0 33 0 467 53 217 439 
86 0 0 0 22 29 0 2048 0 74 33 0 0 21 0 2422 559 36 0 46 126 47 0 88 0 0 0 104 115 325 0 1610 0 1263 13 57 0 0 380 0 0 51 0 0 0 43 13 354 1001 13 14 233 0 0 8 0 0 0 94 0 0 0 0 0 0 368 0 1241 161 72 0 0 0 467 0 127 0 160 0 12 
15 81 0 149 22 36 0 477 3000 0 342 74 24 179 115 1037 168 909 759 75 1186 0 37 42 195 285 375 1114 10 0 92 222 0 1707 89 33 55 26 18 18 3000 7 133 45 69 0 0 514 104 43 69 0 48 0 336 129 0 0 1039 118 13 194 851 36 342 0 1253 0 81 279 186 2117 15 3000 20 248 54 28 22 108 
544 0 0 0 43 16 0 860 0 0 1993 0 0 112 0 54 45 0 0 51 9 9 0 859 0 0 0 14 585 1501 0 10 0 921 0 83 0 0 40 158 0 116 0 0 0 1071 116 35 60 49 58 0 0 0 237 0 94 1039 0 0 0 0 0 0 0 0 0 1319 33 7 0 0 0 233 0 60 0 14 0 904 
528 19 11 237 58 53 8 76 11 123 309 903 150 12 706 59 32 43 1599 0 391 815 11 50 107 19 11 775 70 114 2670 0 456 22 49 14 1235 18 106 212 14 76 11 106 63 0 66 66 3000 92 156 156 60 49 223 24 0 118 0 0 116 94 170 156 16 0 19 0 0 40 257 28 282 0 89 346 19 8 32 869 
264 2510 0 23 36 29 0 10 224 0 128 10 315 22 13 58 0 106 86 0 600 0 20 971 64 113 314 266 397 0 121 0 0 16 143 0 19 130 716 316 58 7 52 18 216 0 0 0 0 2904 1321 0 621 0 973 1496 0 13 0 116 0 34 125 63 771 0 188 0 0 416 157 24 17 0 69 253 212 114 21 11 
153 260 575 111 183 0 7 12 49 2772 0 35 208 439 102 0 80 58 720 0 0 46 273 25 42 3000 606 0 0 511 130 0 42 191 15 12 22 43 9 95 339 0 16 277 65 0 0 0 75 0 12 0 31 45 0 10 0 194 0 94 34 0 1563 129 36 0 11 0 0 0 112 1218 89 0 10 0 42 51 74 477 
37 0 0 492 1029 23 0 20 97 0 45 11 26 10 64 89 0 29 420 0 102 0 30 13 730 643 753 11 9 0 12 54 0 147 13 0 661 795 32 169 9 783 17 70 52 0 0 0 0 27 898 0 3000 0 1097 276 0 851 0 170 125 1563 0 0 28 0 3000 0 341 106 2902 98 83 2874 8 176 0 10 859 19 
115 14 98 0 1906 28 34 12 60 24 0 14 11 513 284 359 59 10 928 0 0 854 94 34 89 61 2175 534 203 182 218 0 269 68 59 18 307 57 9 450 0 41 3000 513 8 44 2731 447 9 0 27 34 61 79 0 124 0 36 0 156 63 129 0 0 59 18 268 0 0 0 54 35 115 0 63 0 838 217 2724 1655 
15 9 718 11 232 20 255 41 141 15 26 1093 45 57 226 559 1664 215 3000 0 472 618 9 60 63 37 104 10 91 350 141 0 55 1033 1255 1331 298 2153 710 135 1447 96 34 1433 1212 0 0 669 3000 794 124 0 302 22 14 2339 0 342 0 16 771 36 28 59 0 0 49 0 0 333 38 447 76 0 815 469 140 239 690 1028 
0 440 142 0 288 0 51 107 201 54 0 1694 0 0 0 0 266 15 0 789 819 35 0 386 0 61 15 74 10 59 0 0 601 0 1104 75 0 0 0 0 0 17 159 0 0 32 131 61 158 0 0 178 0 14 0 0 368 0 0 0 0 0 0 18 0 0 0 1297 762 0 0 0 18 710 0 0 143 0 38 315 
29 691 622 46 47 1436 309 29 215 265 0 377 463 1066 26 150 202 31 24 0 0 97 44 16 1703 9 7 17 35 249 1703 0 100 325 14 21 43 9 9 312 20 0 150 8 77 0 0 8 2508 0 82 0 29 1208 0 152 0 1253 0 19 188 11 3000 268 49 0 0 0 0 0 20 18 44 0 626 168 60 12 700 34 
1376 0 0 0 3000 18 262 56 144 54 31 157 0 32 0 1278 112 91 0 16 11 83 0 1551 0 0 0 17 80 12 0 228 0 141 49 976 0 0 18 0 0 42 83 0 0 274 135 291 110 126 1538 268 0 0 186 0 1241 0 1319 0 0 0 0 0 0 1297 0 0 1880 187 0 0 0 19 0 21 0 10 48 233 
21 0 0 0 72 125 0 53 126 572 293 3000 0 52 0 16 887 107 0 1272 264 42 0 52 0 0 0 2324 53 430 0 9 0 1000 1027 102 0 0 39 611 0 44 55 0 0 531 13 351 13 756 267 210 0 0 18 0 161 81 33 0 0 0 341 0 0 762 0 1880 0 119 0 0 0 33 0 12 0 313 207 342 
1921 0 0 288 285 99 0 38 27 0 126 8 46 191 0 712 169 656 0 101 118 659 433 85 0 0 0 19 169 68 0 261 0 548 22 7 523 0 15 51 295 74 299 170 0 335 86 973 165 71 3000 124 0 0 17 0 72 279 7 40 416 0 106 0 333 0 0 187 119 0 143 0 1043 74 844 91 0 9 197 31 
75 9 0 70 224 20 0 200 1257 0 8 76 24 1937 906 28 0 2192 11 0 14 0 128 550 80 59 981 3000 395 0 18 0 0 14 68 0 46 205 478 132 200 61 119 164 44 0 0 0 0 29 1877 0 11 0 93 2796 0 186 0 257 157 112 2902 54 38 0 20 0 0 143 0 14 22 0 1822 103 476 2487 392 453 
386 28 30 12 58 0 12 113 11 0 0 82 18 132 12 484 12 44 159 0 0 0 800 280 45 17 532 349 0 161 29 0 127 32 25 0 15 66 157 199 13 0 3000 402 10 0 0 0 65 0 479 0 86 78 0 588 0 2117 0 28 24 1218 98 35 447 0 18 0 0 0 14 0 1778 0 520 106 13 337 128 94 
25 14 1544 113 12 159 42 40 36 282 741 21 36 1527 134 2199 23 24 764 0 464 374 69 16 51 20 18 723 138 56 500 0 191 81 1587 168 553 77 448 77 31 204 37 39 72 158 124 16 21 39 49 430 146 93 818 231 0 15 0 282 17 89 83 115 76 18 44 0 0 1043 22 1778 0 0 133 18 17 9 29 74 
1151 0 0 0 1064 39 0 147 0 1685 97 0 0 8 0 126 439 71 0 168 42 8 0 781 0 0 0 79 31 16 0 84 0 555 1152 139 0 0 251 528 0 597 507 0 0 78 13 430 71 1211 417 785 0 0 24 0 467 3000 233 0 0 0 2874 0 0 710 0 19 33 74 0 0 0 0 0 3000 0 98 0 224 
172 101 350 1136 256 409 125 37 199 0 164 196 9 129 136 431 8 198 363 0 346 0 28 475 546 858 16 9 258 0 310 0 0 1492 26 16 13 68 162 24 1025 0 384 312 83 0 0 0 104 87 378 0 8 0 733 33 0 20 0 89 69 10 8 63 815 0 626 0 0 844 1822 520 133 0 0 206 96 406 351 521 
68 0 0 15 31 31 0 26 355 0 155 70 69 40 159 1050 204 849 0 146 454 0 186 69 71 0 525 296 275 0 2157 821 0 97 191 417 32 0 277 209 686 67 145 12 0 0 133 40 48 159 36 0 26 0 53 0 127 248 60 346 253 0 176 0 469 0 168 21 12 91 103 106 18 3000 206 0 0 228 3000 25 
12 159 104 47 36 0 26 12 271 16 0 602 17 70 304 10 11 923 43 0 0 64 34 178 10 523 8 193 339 49 220 0 108 51 1203 10 1727 43 627 2314 2587 0 260 10 21 3000 348 300 188 0 86 1138 65 332 0 467 0 54 0 19 212 42 0 838 140 143 60 0 0 0 476 13 17 0 96 0 0 78 480 342 
67 469 93 30 8 682 14 168 375 45 69 293 247 156 325 305 13 537 1303 2952 721 228 328 94 256 14 8 150 1085 25 13 461 1085 35 47 114 54 559 42 191 3000 2084 13 3000 80 100 40 97 1146 225 616 19 2121 67 2785 53 160 28 14 8 114 51 10 217 239 0 12 10 313 9 2487 337 9 98 406 228 78 0 58 24 
108 13 22 10 32 176 7 22 15 285 9 503 379 12 14 209 15 37 38 57 413 160 1721 187 408 27 1728 3000 24 10 1221 0 242 265 485 547 463 50 188 25 0 26 116 246 41 1051 2228 22 9 0 35 36 76 3000 1197 217 0 22 0 32 21 74 859 2724 690 38 700 48 207 197 392 128 29 0 351 3000 480 58 0 18 
1596 115 44 30 10 22 298 241 125 75 7 8 254 41 129 180 15 493 79 82 945 19 156 189 12 24 83 238 154 17 30 3000 13 870 113 2083 71 435 99 867 33 16 99 504 22 49 9 16 446 536 64 266 252 13 18 439 12 108 904 869 11 477 19 1655 1028 315 34 233 342 31 453 94 74 224 521 25 342 24 18 0 
