80
0 86 36 87 47 35 31 45 46 18 72 87 88 53 61 84 37 88 67 36 15 77 51 55 65 15 63 40 86 72 63 87 48 56 74 75 32 38 26 28 39 23 47 11 37 78 22 52 76 30 81 47 40 44 33 46 53 46 18 39 80 6 46 46 83 84 38 75 64 74 34 75 81 74 49 7 67 78 91 65 
86 0 54 33 66 52 62 54 48 87 41 19 16 66 34 34 95 21 31 87 76 41 36 93 52 91 28 54 22 17 41 36 67 96 12 45 92 103 60 81 101 83 42 75 52 31 79 98 34 61 5 49 48 98 82 40 41 72 78 104 10 81 90 41 45 41 51 17 70 32 88 13 10 25 39 79 39 41 49 31 
36 54 0 51 24 6 8 13 31 45 55 52 60 53 25 62 60 52 44 36 32 59 18 48 54 37 28 31 50 43 46 66 25 51 42 40 40 50 14 28 65 44 12 25 23 56 40 51 40 7 49 35 21 47 49 18 34 51 36 67 50 32 42 12 48 65 22 40 39 53 37 44 51 38 15 29 48 60 56 29 
87 33 51 0 49 53 57 43 64 95 69 14 49 86 27 65 107 13 56 74 82 70 39 73 77 86 27 69 12 42 65 68 50 76 33 18 81 91 63 71 113 92 41 76 63 61 88 80 11 57 32 66 58 83 95 48 59 90 85 115 40 83 73 42 14 72 61 22 46 61 76 38 41 15 40 80 64 71 16 22 
47 66 24 49 0 30 21 13 55 62 77 57 76 76 31 82 79 56 65 24 50 81 35 27 78 40 38 55 54 60 68 86 1 31 55 33 32 41 36 23 83 63 30 39 47 76 59 32 40 22 61 59 45 34 70 39 57 75 55 84 65 47 25 31 40 86 46 49 17 74 26 59 66 43 33 43 71 82 48 35 
35 52 6 53 30 0 13 19 25 42 49 52 56 47 26 57 56 53 39 41 29 54 16 54 48 39 28 25 51 39 40 61 31 57 39 44 44 54 10 32 61 40 12 24 17 51 36 56 42 11 47 29 15 52 45 13 28 46 33 63 47 31 48 11 51 60 16 39 45 48 41 41 48 39 14 28 43 55 60 30 
31 62 8 57 21 13 0 15 37 42 62 59 68 57 31 70 59 59 52 28 30 66 26 41 60 30 35 36 57 51 53 73 22 44 50 44 32 42 15 20 63 43 20 20 28 64 39 43 46 2 57 41 27 39 50 26 41 54 35 65 58 28 35 20 52 72 27 48 37 61 28 52 59 45 23 24 56 67 60 36 
45 54 13 43 13 19 15 0 43 57 64 48 63 65 21 70 73 48 52 33 44 68 22 40 65 42 26 44 45 48 56 73 14 43 43 29 39 49 27 28 78 56 17 35 36 63 53 44 33 15 50 47 33 44 62 27 44 65 49 79 53 43 36 18 37 73 35 38 26 61 34 47 54 34 20 39 58 69 46 25 
46 48 31 64 55 25 37 43 0 41 27 57 44 24 40 38 47 59 22 64 32 31 27 79 23 56 38 7 57 31 17 41 56 81 37 61 66 75 24 55 54 36 28 37 10 32 33 80 56 35 44 3 10 76 34 18 8 26 33 56 39 40 72 27 67 38 10 43 70 28 64 35 40 48 27 39 21 33 75 43 
18 87 45 95 62 42 42 57 41 0 65 93 86 41 68 78 19 94 63 54 13 70 56 73 56 33 69 35 92 71 56 81 63 74 75 85 50 56 32 45 21 7 53 23 36 73 9 70 84 42 83 42 40 62 17 49 49 32 10 22 80 16 64 52 93 76 36 79 79 69 52 75 81 80 55 19 60 70 101 72 
72 41 55 69 77 49 62 64 27 65 0 58 30 29 54 14 65 60 14 90 58 5 43 103 12 82 48 32 59 27 10 16 79 106 36 73 92 102 50 81 71 58 48 64 36 12 56 105 64 60 40 25 35 101 52 38 21 38 57 74 31 66 97 47 78 12 36 47 89 9 90 32 32 55 45 65 7 6 84 54 
87 19 52 14 57 52 59 48 57 93 58 0 35 78 28 52 103 2 45 80 80 58 37 82 67 89 24 63 3 31 55 55 58 86 22 29 87 97 62 76 109 89 40 76 58 48 85 89 18 59 19 59 54 90 90 44 51 83 83 112 27 83 81 41 28 59 57 14 57 49 82 26 27 14 38 80 54 59 30 23 
88 16 60 49 76 56 68 63 44 86 30 35 0 57 45 19 90 37 23 95 76 28 43 103 41 95 39 51 38 17 33 21 77 106 21 59 99 110 62 87 97 80 48 78 51 18 77 108 48 66 17 45 48 106 77 43 37 65 77 100 11 82 99 48 61 26 51 30 83 21 96 16 10 39 45 81 29 28 64 43 
53 66 53 86 76 47 57 65 24 41 29 78 57 0 64 44 36 80 35 81 39 33 50 97 18 67 61 21 79 49 25 45 78 100 57 85 81 89 41 71 43 34 52 49 29 41 33 98 79 55 62 20 32 92 25 42 27 9 36 46 56 47 90 51 91 39 31 65 92 37 80 54 57 71 51 49 28 34 98 66 
61 34 25 27 31 26 31 21 40 68 54 28 45 64 0 55 81 28 40 54 55 56 14 58 58 61 7 44 26 31 47 58 33 62 25 21 60 70 36 48 87 66 15 49 37 49 62 64 17 31 30 43 33 64 69 23 38 66 59 89 35 57 56 16 27 60 36 18 38 48 55 29 36 14 14 54 48 57 35 5 
84 34 62 65 82 57 70 70 38 78 14 52 19 44 55 0 79 54 18 98 70 11 48 109 26 93 49 44 54 24 22 3 84 112 33 73 101 111 61 90 86 72 53 75 47 7 69 113 62 68 33 37 45 110 67 45 31 52 70 89 25 78 104 52 75 7 47 44 93 10 99 28 25 53 50 77 18 10 80 54 
37 95 60 107 79 56 59 73 47 19 65 103 90 36 81 79 0 104 67 73 29 69 68 91 54 51 81 41 103 78 58 81 80 93 84 100 69 73 46 64 7 17 66 41 45 75 20 89 98 58 91 46 49 80 13 60 54 27 24 10 86 34 83 65 107 75 46 89 96 71 71 82 87 92 67 38 62 70 116 85 
88 21 52 13 56 53 59 48 59 94 60 2 37 80 28 54 104 0 47 80 81 60 38 82 69 89 25 64 2 33 57 57 57 85 24 28 87 97 63 76 110 90 41 77 60 50 86 88 17 59 21 61 55 90 91 45 53 85 84 113 29 84 81 42 26 61 58 15 56 51 82 28 30 14 39 81 56 61 28 23 
67 31 44 56 65 39 52 52 22 63 14 45 23 35 40 18 67 47 0 80 54 16 31 92 22 76 35 28 46 14 11 21 67 95 23 60 83 93 43 72 74 57 36 58 30 11 54 95 51 51 28 22 27 92 54 27 14 42 54 77 21 61 87 35 64 21 30 34 77 8 81 19 21 42 33 60 9 17 70 40 
36 87 36 74 24 41 28 33 64 54 90 80 95 81 54 98 73 80 80 0 46 94 52 19 87 23 59 62 78 79 80 102 24 20 76 57 8 17 41 10 75 58 47 33 55 92 55 17 64 30 83 67 55 11 67 54 69 77 50 75 85 39 10 47 65 100 54 71 35 89 3 79 86 66 50 36 83 95 72 58 
15 76 32 82 50 29 30 44 32 13 58 80 76 39 55 70 29 81 54 46 0 63 43 64 51 28 56 26 79 61 49 73 51 65 64 72 43 51 19 36 34 13 40 13 25 65 10 63 71 29 71 34 29 55 22 37 40 32 5 35 69 9 56 40 80 69 25 67 67 61 44 64 70 68 42 10 53 64 88 59 
77 41 59 70 81 54 66 68 31 70 5 58 28 33 56 11 69 60 16 94 63 0 47 107 15 87 51 37 60 28 14 12 82 110 37 76 97 107 55 85 76 63 51 69 41 10 61 110 66 65 40 29 40 106 57 42 26 42 62 79 31 71 101 50 79 7 41 48 93 9 95 33 31 57 49 70 11 1 85 56 
51 36 18 39 35 16 26 22 27 56 43 37 43 50 14 48 68 38 31 52 43 47 0 62 46 54 13 30 36 26 35 51 36 65 24 35 57 67 25 45 74 53 6 40 24 41 49 66 30 25 31 30 19 64 55 9 25 52 46 76 33 46 57 5 41 52 22 24 46 39 53 27 34 25 2 44 37 48 49 17 
55 93 48 73 27 54 41 40 79 73 103 82 103 97 58 109 91 82 92 19 64 107 62 0 102 42 65 77 79 87 94 113 26 4 83 55 25 27 56 28 94 76 56 51 70 103 73 8 64 43 88 82 69 16 85 65 82 94 69 94 92 57 9 57 61 112 69 76 27 100 21 87 93 69 59 54 96 108 67 62 
65 52 54 77 78 48 60 65 23 56 12 67 41 18 58 26 54 69 22 87 51 15 46 102 0 77 54 26 68 36 12 27 79 105 45 79 89 98 47 78 60 49 49 59 33 24 47 104 71 59 49 20 33 99 42 39 21 27 49 64 42 59 95 48 84 21 33 55 91 20 87 41 42 62 47 59 13 16 90 59 
15 91 37 86 40 39 30 42 56 33 82 89 95 67 61 93 51 89 76 23 28 87 54 42 77 0 65 51 87 78 73 96 40 42 78 71 18 23 33 17 53 38 49 19 46 87 36 38 75 30 86 58 48 29 48 52 62 61 32 52 86 20 33 49 79 94 46 77 55 83 21 80 87 75 52 18 77 88 87 66 
63 28 28 27 38 28 35 26 38 69 48 24 39 61 7 49 81 25 35 59 56 51 13 65 54 65 0 42 23 25 42 52 39 68 18 25 65 75 38 53 87 66 16 52 36 43 62 70 18 35 24 41 32 70 68 21 34 64 59 89 28 59 62 17 30 54 35 13 44 42 60 23 29 12 14 56 42 51 37 6 
40 54 31 69 55 25 36 44 7 35 32 63 51 21 44 44 41 64 28 62 26 37 30 77 26 51 42 0 63 37 22 47 56 80 43 65 63 72 21 52 47 29 31 33 8 38 26 78 60 34 50 7 11 73 28 21 14 22 26 50 46 34 70 30 71 43 9 49 70 34 61 42 47 53 30 34 26 38 79 47 
86 22 50 12 54 51 57 45 57 92 59 3 38 79 26 54 103 2 46 78 79 60 36 79 68 87 23 63 0 32 56 57 55 83 23 26 84 94 61 74 109 88 39 75 58 50 84 86 15 57 21 60 53 88 90 43 52 83 82 111 29 82 79 40 25 61 57 14 54 51 80 28 30 12 37 79 55 60 27 21 
72 17 43 42 60 39 51 48 31 71 27 31 17 49 31 24 78 33 14 79 61 28 26 87 36 78 25 37 32 0 25 28 62 91 9 48 83 93 46 71 84 66 32 61 36 19 63 92 38 50 14 32 32 90 65 27 24 55 62 87 8 66 83 31 52 30 35 20 69 19 79 5 9 29 29 65 23 28 57 30 
63 41 46 65 68 40 53 56 17 56 10 55 33 25 47 22 58 57 11 80 49 14 35 94 12 73 42 22 56 25 0 24 70 96 33 67 82 92 41 71 65 50 39 54 27 17 47 96 59 51 38 15 26 92 45 29 12 32 48 68 31 56 88 38 72 21 27 43 81 13 80 30 32 51 37 56 4 15 79 48 
87 36 66 68 86 61 73 73 41 81 16 55 21 45 58 3 81 57 21 102 73 12 51 113 27 96 52 47 57 28 24 0 87 116 36 76 104 115 64 93 87 74 56 78 50 10 72 116 66 72 36 40 48 113 68 48 34 54 73 90 28 81 108 55 78 7 50 47 96 13 102 31 27 56 53 80 20 11 83 57 
48 67 25 50 1 31 22 14 56 63 79 58 77 78 33 84 80 57 67 24 51 82 36 26 79 40 39 56 55 62 70 87 0 29 57 34 31 40 37 23 84 64 31 39 48 77 60 31 41 23 63 60 46 32 71 41 58 76 56 85 66 47 24 32 41 88 47 51 16 75 26 61 68 44 34 43 72 83 48 36 
56 96 51 76 31 57 44 43 81 74 106 86 106 100 62 112 93 85 95 20 65 110 65 4 105 42 68 80 83 91 96 116 29 0 86 59 25 26 58 29 94 78 59 53 72 106 75 6 68 46 92 85 71 15 87 68 85 96 70 94 96 59 10 60 64 115 71 80 31 103 22 90 97 73 63 56 99 111 70 66 
74 12 42 33 55 39 50 43 37 75 36 22 21 57 25 33 84 24 23 76 64 37 24 83 45 78 18 43 23 9 33 36 57 86 0 40 81 91 47 69 90 71 30 63 40 28 67 88 29 49 8 38 36 87 70 28 30 62 66 93 10 68 80 29 42 39 39 11 62 28 77 5 11 20 27 66 32 38 48 22 
75 45 40 18 33 44 44 29 61 85 73 29 59 85 21 73 100 28 60 57 72 76 35 55 79 71 25 65 26 48 67 76 34 59 40 0 65 74 54 55 105 84 34 64 58 67 80 62 11 44 42 64 53 65 88 43 59 87 76 107 49 72 56 35 8 79 56 29 29 67 59 45 50 20 34 68 68 76 16 20 
32 92 40 81 32 44 32 39 66 50 92 87 99 81 60 101 69 87 83 8 43 97 57 25 89 18 65 63 84 83 82 104 31 25 81 65 0 10 42 12 70 54 51 32 56 95 52 21 71 33 88 69 57 12 65 57 71 75 48 70 89 36 16 52 72 103 56 77 43 91 6 84 91 73 54 33 86 98 80 64 
38 103 50 91 41 54 42 49 75 56 102 97 110 89 70 111 73 97 93 17 51 107 67 27 98 23 75 72 94 93 92 115 40 26 91 74 10 0 51 22 74 61 62 40 66 105 59 21 81 43 98 78 67 11 71 67 81 83 55 73 100 42 21 62 81 113 65 88 50 102 15 94 101 83 65 40 96 108 88 74 
26 60 14 63 36 10 15 27 24 32 50 62 62 41 36 61 46 63 43 41 19 55 25 56 47 33 38 21 61 46 41 64 37 58 47 54 42 51 0 31 51 30 22 16 14 54 26 57 53 14 55 27 16 52 35 20 30 39 22 53 54 21 49 21 62 62 14 49 52 51 40 48 55 49 23 19 44 56 70 41 
28 81 28 71 23 32 20 28 55 45 81 76 87 71 48 90 64 76 72 10 36 85 45 28 78 17 53 52 74 71 71 93 23 29 69 55 12 22 31 0 66 48 40 24 45 83 46 27 61 21 76 58 46 21 58 45 60 67 41 67 78 30 20 40 63 91 45 66 38 80 9 72 79 62 43 26 74 86 71 53 
39 101 65 113 83 61 63 78 54 21 71 109 97 43 87 86 7 110 74 75 34 76 74 94 60 53 87 47 109 84 65 87 84 94 90 105 70 74 51 66 0 21 72 45 51 82 25 91 103 62 97 53 55 82 20 66 61 34 29 3 93 37 85 71 113 82 52 95 100 78 73 89 94 98 73 41 69 76 121 91 
23 83 44 92 63 40 43 56 36 7 58 89 80 34 66 72 17 90 57 58 13 63 53 76 49 38 66 29 88 66 50 74 64 78 71 84 54 61 30 48 21 0 51 25 31 67 4 74 82 41 78 36 36 66 11 45 44 25 8 23 75 19 68 50 91 70 32 75 80 63 56 70 76 77 52 22 54 64 100 70 
47 42 12 41 30 12 20 17 28 53 48 40 48 52 15 53 66 41 36 47 40 51 6 56 49 49 16 31 39 32 39 56 31 59 30 34 51 62 22 40 72 51 0 36 23 46 47 60 31 19 37 32 20 58 54 11 28 53 44 74 38 42 52 1 41 56 22 28 42 44 48 32 39 27 3 40 41 52 49 19 
11 75 25 76 39 24 20 35 37 23 64 76 78 49 49 75 41 77 58 33 13 69 40 51 59 19 52 33 75 61 54 78 39 53 63 64 32 40 16 24 45 25 36 0 28 69 22 50 65 20 70 40 30 43 34 35 44 44 18 46 69 8 43 35 72 75 28 63 56 65 32 64 70 63 38 4 58 70 80 54 
37 52 23 63 47 17 28 36 10 36 36 58 51 29 37 47 45 60 30 55 25 41 24 70 33 46 36 8 58 36 27 50 48 72 40 58 56 66 14 45 51 31 23 28 0 41 27 71 54 26 47 12 5 66 32 15 16 29 26 53 44 31 63 22 64 47 1 44 62 37 55 40 45 48 23 30 30 42 72 41 
78 31 56 61 76 51 64 63 32 73 12 48 18 41 49 7 75 50 11 92 65 10 41 103 24 87 43 38 50 19 17 10 77 106 28 67 95 105 54 83 82 67 46 69 41 0 64 106 57 62 29 31 39 103 62 38 25 49 65 85 21 72 98 45 70 12 41 39 86 4 92 23 21 48 43 71 13 11 76 48 
22 79 40 88 59 36 39 53 33 9 56 85 77 33 62 69 20 86 54 55 10 61 49 73 47 36 62 26 84 63 47 72 60 75 67 80 52 59 26 46 25 4 47 22 27 64 0 72 78 38 75 33 32 64 12 41 40 25 5 27 71 17 65 46 87 67 28 71 76 60 54 67 72 73 48 19 51 62 96 66 
52 98 51 80 32 56 43 44 80 70 105 89 108 98 64 113 89 88 95 17 63 110 66 8 104 38 70 78 86 92 96 116 31 6 88 62 21 21 57 27 91 74 60 50 71 106 72 0 71 45 94 84 71 10 84 68 84 94 67 90 97 55 8 61 68 115 70 82 35 103 18 91 98 75 63 52 99 111 74 68 
76 34 40 11 40 42 46 33 56 84 64 18 48 79 17 62 98 17 51 64 71 66 30 64 71 75 18 60 15 38 59 66 41 68 29 11 71 81 53 61 103 82 31 65 54 57 78 71 0 46 31 58 49 73 85 39 52 82 75 105 38 73 64 32 13 69 52 19 39 57 66 35 39 9 31 69 59 67 20 13 
30 61 7 57 22 11 2 15 35 42 60 59 66 55 31 68 58 59 51 30 29 65 25 43 59 30 35 34 57 50 51 72 23 46 49 44 33 43 14 21 62 41 19 20 26 62 38 45 46 0 56 39 26 41 48 24 39 53 34 64 57 27 37 19 52 71 26 47 39 59 30 51 58 45 22 24 54 66 61 36 
81 5 49 32 61 47 57 50 44 83 40 19 17 62 30 33 91 21 28 83 71 40 31 88 49 86 24 50 21 14 38 36 63 92 8 42 88 98 55 76 97 78 37 70 47 29 75 94 31 56 0 45 43 93 78 35 37 68 73 100 9 76 86 37 43 40 46 13 67 31 84 9 9 22 34 74 36 40 47 27 
47 49 35 66 59 29 41 47 3 42 25 59 45 20 43 37 46 61 22 67 34 29 30 82 20 58 41 7 60 32 15 40 60 85 38 64 69 78 27 58 53 36 32 40 12 31 33 84 58 39 45 0 13 79 33 21 8 24 33 56 40 41 75 31 70 36 13 46 73 27 67 37 41 51 30 41 19 30 78 46 
40 48 21 58 45 15 27 33 10 40 35 54 48 32 33 45 49 55 27 55 29 40 19 69 33 48 32 11 53 32 26 48 46 71 36 53 57 67 16 46 55 36 20 30 5 39 32 71 49 26 43 13 0 66 36 11 14 33 30 58 40 34 62 18 60 46 3 40 60 35 55 36 41 43 19 33 29 41 68 36 
44 98 47 83 34 52 39 44 76 62 101 90 106 92 64 110 80 90 92 11 55 106 64 16 99 29 70 73 88 90 92 113 32 15 87 65 12 11 52 21 82 66 58 43 66 103 64 10 73 41 93 79 66 0 76 65 80 87 59 81 96 47 10 59 72 112 65 82 40 100 11 90 97 76 61 44 95 107 79 68 
33 82 49 95 70 45 50 62 34 17 52 90 77 25 69 67 13 91 54 67 22 57 55 85 42 48 68 28 90 65 45 68 71 87 70 88 65 71 35 58 20 11 54 34 32 62 12 84 85 48 78 33 36 76 0 47 41 16 17 23 73 29 77 53 95 63 33 76 87 58 66 69 74 80 55 32 49 58 104 72 
46 40 18 48 39 13 26 27 18 49 38 44 43 42 23 45 60 45 27 54 37 42 9 65 39 52 21 21 43 27 29 48 41 68 28 43 57 67 20 45 66 45 11 35 15 38 41 68 39 24 35 21 11 65 47 0 18 43 39 68 34 41 60 9 50 47 14 30 53 35 54 29 35 33 9 39 31 43 58 26 
53 41 34 59 57 28 41 44 8 49 21 51 37 27 38 31 54 53 14 69 40 26 25 82 21 62 34 14 52 24 12 34 58 85 30 59 71 81 30 60 61 44 28 44 16 25 40 84 52 39 37 8 14 80 41 18 0 32 40 64 32 47 76 27 64 32 16 38 70 21 69 28 33 44 26 46 15 27 71 39 
46 72 51 90 75 46 54 65 26 32 38 83 65 9 66 52 27 85 42 77 32 42 52 94 27 61 64 22 83 55 32 54 76 96 62 87 75 83 39 67 34 25 53 44 29 49 25 94 82 53 68 24 33 87 16 43 32 0 29 37 62 41 86 51 93 48 31 70 91 45 76 60 63 75 52 43 36 43 101 69 
18 78 36 85 55 33 35 49 33 10 57 83 77 36 59 70 24 84 54 50 5 62 46 69 49 32 59 26 82 62 48 73 56 70 66 76 48 55 22 41 29 8 44 18 26 65 5 67 75 34 73 33 30 59 17 39 40 29 0 31 70 12 60 43 84 69 27 69 72 61 49 66 71 71 45 15 52 63 92 63 
39 104 67 115 84 63 65 79 56 22 74 112 100 46 89 89 10 113 77 75 35 79 76 94 64 52 89 50 111 87 68 90 85 94 93 107 70 73 53 67 3 23 74 46 53 85 27 90 105 64 100 56 58 81 23 68 64 37 31 0 95 38 85 73 114 85 55 98 101 81 73 92 96 100 75 41 72 80 123 93 
80 10 50 40 65 47 58 53 39 80 31 27 11 56 35 25 86 29 21 85 69 31 33 92 42 86 28 46 29 8 31 28 66 96 10 49 89 100 54 78 93 75 38 69 44 21 71 97 38 57 9 40 40 96 73 34 32 62 70 95 0 74 89 38 51 32 44 20 72 23 86 6 1 29 35 73 29 31 56 32 
6 81 32 83 47 31 28 43 40 16 66 83 82 47 57 78 34 84 61 39 9 71 46 57 59 20 59 34 82 66 56 81 47 59 68 72 36 42 21 30 37 19 42 8 31 72 17 55 73 27 76 41 34 47 29 41 47 41 12 38 74 0 49 42 80 77 31 70 63 68 37 69 75 70 44 4 60 72 88 61 
46 90 42 73 25 48 35 36 72 64 97 81 99 90 56 104 83 81 87 10 56 101 57 9 95 33 62 70 79 83 88 108 24 10 80 56 16 21 49 20 85 68 52 43 63 98 65 8 64 37 86 75 62 10 77 60 76 86 60 85 89 49 0 52 63 107 62 74 30 95 12 83 90 68 55 46 90 102 69 60 
46 41 12 42 31 11 20 18 27 52 47 41 48 51 16 52 65 42 35 47 40 50 5 57 48 49 17 30 40 31 38 55 32 60 29 35 52 62 21 40 71 50 1 35 22 45 46 61 32 19 37 31 18 59 53 9 27 51 43 73 38 42 52 0 42 55 21 28 43 43 48 32 39 28 3 39 40 51 50 20 
83 45 48 14 40 51 52 37 67 93 78 28 61 91 27 75 107 26 64 65 80 79 41 61 84 79 30 71 25 52 72 78 41 64 42 8 72 81 62 63 113 91 41 72 64 70 87 68 13 52 43 70 60 72 95 50 64 93 84 114 51 80 63 42 0 82 63 31 34 70 67 48 52 22 41 76 72 80 8 25 
84 41 65 72 86 60 72 73 38 76 12 59 26 39 60 7 75 61 21 100 69 7 52 112 21 94 54 43 61 30 21 7 88 115 39 79 103 113 62 91 82 70 56 75 47 12 67 115 69 71 40 36 46 112 63 47 32 48 69 85 32 77 107 55 82 0 48 50 97 13 101 34 32 59 54 77 17 6 87 60 
38 51 22 61 46 16 27 35 10 36 36 57 51 31 36 47 46 58 30 54 25 41 22 69 33 46 35 9 57 35 27 50 47 71 39 56 56 65 14 45 52 32 22 28 1 41 28 70 52 26 46 13 3 65 33 14 16 31 27 55 44 31 62 21 63 48 0 43 61 37 54 39 45 46 22 30 30 42 71 39 
75 17 40 22 49 39 48 38 43 79 47 14 30 65 18 44 89 15 34 71 67 48 24 76 55 77 13 49 14 20 43 47 51 80 11 29 77 88 49 66 95 75 28 63 44 39 71 82 19 47 13 46 40 82 76 30 38 70 69 98 20 70 74 28 31 50 43 0 54 39 73 16 21 9 26 67 42 49 37 14 
64 70 39 46 17 45 37 26 70 79 89 57 83 92 38 93 96 56 77 35 67 93 46 27 91 55 44 70 54 69 81 96 16 31 62 29 43 50 52 38 100 80 42 56 62 86 76 35 39 39 67 73 60 40 87 53 70 91 72 101 72 63 30 43 34 97 61 54 0 85 37 67 73 45 44 60 83 93 40 40 
74 32 53 61 74 48 61 61 28 69 9 49 21 37 48 10 71 51 8 89 61 9 39 100 20 83 42 34 51 19 13 13 75 103 28 67 91 102 51 80 78 63 44 65 37 4 60 103 57 59 31 27 35 100 58 35 21 45 61 81 23 68 95 43 70 13 37 39 85 0 89 23 23 48 41 67 9 10 76 47 
34 88 37 76 26 41 28 34 64 52 90 82 96 80 55 99 71 82 81 3 44 95 53 21 87 21 60 61 80 79 80 102 26 22 77 59 6 15 40 9 73 56 48 32 55 92 54 18 66 30 84 67 55 11 66 54 69 76 49 73 86 37 12 48 67 101 54 73 37 89 0 80 87 68 51 34 84 96 74 59 
75 13 44 38 59 41 52 47 35 75 32 26 16 54 29 28 82 28 19 79 64 33 27 87 41 80 23 42 28 5 30 31 61 90 5 45 84 94 48 72 89 70 32 64 40 23 67 91 35 51 9 37 36 90 69 29 28 60 66 92 6 69 83 32 48 34 39 16 67 23 80 0 7 25 29 67 28 33 53 27 
81 10 51 41 66 48 59 54 40 81 32 27 10 57 36 25 87 30 21 86 70 31 34 93 42 87 29 47 30 9 32 27 68 97 11 50 91 101 55 79 94 76 39 70 45 21 72 98 39 58 9 41 41 97 74 35 33 63 71 96 1 75 90 39 52 32 45 21 73 23 87 7 0 30 36 74 29 32 56 33 
74 25 38 15 43 39 45 34 48 80 55 14 39 71 14 53 92 14 42 66 68 57 25 69 62 75 12 53 12 29 51 56 44 73 20 20 73 83 49 62 98 77 27 63 48 48 73 75 9 45 22 51 43 76 80 33 44 75 71 100 29 70 68 28 22 59 46 9 45 48 68 25 30 0 26 67 50 58 28 9 
49 39 15 40 33 14 23 20 27 55 45 38 45 51 14 50 67 39 33 50 42 49 2 59 47 52 14 30 37 29 37 53 34 63 27 34 54 65 23 43 73 52 3 38 23 43 48 63 31 22 34 30 19 61 55 9 26 52 45 75 35 44 55 3 41 54 22 26 44 41 51 29 36 26 0 42 38 49 49 18 
7 79 29 80 43 28 24 39 39 19 65 80 81 49 54 77 38 81 60 36 10 70 44 54 59 18 56 34 79 65 56 80 43 56 66 68 33 40 19 26 41 22 40 4 30 71 19 52 69 24 74 41 33 44 32 39 46 43 15 41 73 4 46 39 76 77 30 67 60 67 34 67 74 67 42 0 60 71 85 58 
67 39 48 64 71 43 56 58 21 60 7 54 29 28 48 18 62 56 9 83 53 11 37 96 13 77 42 26 55 23 4 20 72 99 32 68 86 96 44 74 69 54 41 58 30 13 51 99 59 54 36 19 29 95 49 31 15 36 52 72 29 60 90 40 72 17 30 42 83 9 84 28 29 50 38 60 0 12 78 48 
78 41 60 71 82 55 67 69 33 70 6 59 28 34 57 10 70 61 17 95 64 1 48 108 16 88 51 38 60 28 15 11 83 111 38 76 98 108 56 86 76 64 52 70 42 11 62 111 67 66 40 30 41 107 58 43 27 43 63 80 31 72 102 51 80 6 42 49 93 10 96 33 32 58 49 71 12 0 85 57 
91 49 56 16 48 60 60 46 75 101 84 30 64 98 35 80 116 28 70 72 88 85 49 67 90 87 37 79 27 57 79 83 48 70 48 16 80 88 70 71 121 100 49 80 72 76 96 74 20 61 47 78 68 79 104 58 71 101 92 123 56 88 69 50 8 87 71 37 40 76 74 53 56 28 49 85 78 85 0 32 
65 31 29 22 35 30 36 25 43 72 54 23 43 66 5 54 85 23 40 58 59 56 17 62 59 66 6 47 21 30 48 57 36 66 22 20 64 74 41 53 91 70 19 54 41 48 66 68 13 36 27 46 36 68 72 26 39 69 63 93 32 61 60 20 25 60 39 14 40 47 59 27 33 9 18 58 48 57 32 0 
0 3000 919 222 130 30 11 10 19 513 14 150 87 52 318 218 42 2813 148 15 529 124 2572 34 8 148 111 11 17 190 573 63 76 39 1783 182 352 14 1848 88 134 101 18 44 2942 190 28 12 371 61 147 36 10 13 46 42 13 2173 14 50 221 76 23 570 427 7 372 38 124 0 115 203 0 1225 1020 351 1423 9 3000 1133 
3000 0 20 1032 15 370 9 23 1641 14 335 30 29 527 60 80 24 175 18 8 1916 0 183 25 25 123 98 11 89 253 113 266 3000 14 17 50 1371 9 167 446 142 9 48 425 33 8 574 44 27 31 136 114 1036 1981 204 1042 73 193 2888 434 598 14 3000 111 469 61 74 63 62 268 50 427 30 100 102 123 12 158 17 100 
919 20 0 17 81 410 2869 1063 44 71 551 122 35 423 1878 146 46 122 419 28 814 0 98 108 1317 99 55 113 566 1766 71 896 13 28 26 28 32 46 15 57 9 47 432 31 32 224 45 165 149 506 0 77 422 149 8 11 8 96 453 122 819 1471 19 193 96 15 10 399 802 16 2595 674 104 1063 162 345 107 41 117 1680 
222 1032 17 0 9 142 0 1658 30 2156 37 569 0 0 71 0 406 9 0 0 76 38 55 92 105 14 297 10 16 398 0 12 0 0 216 0 56 119 500 433 803 0 0 0 0 60 0 0 545 302 0 36 25 928 277 12 0 90 31 949 9 141 534 57 20 649 9 44 230 0 150 26 0 20 223 0 0 12 775 0 
130 15 81 9 0 818 74 3000 10 11 1982 33 0 22 450 63 10 14 0 0 36 27 23 10 19 171 19 9 196 23 148 13 0 0 10 52 189 3000 265 743 687 257 0 0 61 63 37 655 138 133 429 56 26 229 18 163 1208 352 20 111 107 464 39 112 278 45 114 95 39 0 114 140 0 813 134 48 291 7 2291 61 
30 370 410 142 818 0 266 53 10 41 22 314 0 28 896 10 39 368 0 0 79 41 8 183 190 288 262 7 193 30 0 3000 0 0 30 760 11 266 607 70 9 29 0 0 94 26 119 2050 3000 476 15 283 271 449 96 64 1373 1269 573 9 96 749 504 10 134 539 104 10 488 0 102 311 0 24 202 752 31 1144 300 0 
11 9 2869 0 74 266 0 54 417 30 0 100 200 65 256 217 7 11 344 198 519 0 221 1944 43 16 84 7 0 10 130 71 29 85 31 286 0 1369 711 109 310 44 436 62 877 620 709 102 137 386 56 63 141 813 0 1058 39 0 0 2387 19 20 623 1126 67 14 36 55 236 940 155 271 58 208 136 47 15 199 27 752 
10 23 1063 1658 3000 53 54 0 159 144 11 2393 9 227 65 25 273 66 551 157 1319 3000 65 61 105 126 75 22 14 27 3000 255 23 33 171 24 1074 255 21 1301 36 9 1014 37 212 20 78 36 67 3000 0 1188 725 78 27 12 23 18 104 627 19 619 300 49 105 28 222 223 3000 216 46 157 30 242 1086 491 264 2675 47 2239 
19 1641 44 30 10 10 417 159 0 159 223 10 10 0 0 0 0 135 110 281 0 0 33 0 220 0 307 42 938 26 332 83 8 977 0 0 30 152 197 0 0 41 31 31 45 36 3000 0 1112 143 0 31 0 324 11 0 0 47 319 0 572 8 1520 0 0 66 14 125 0 271 0 13 31 729 60 0 0 50 13 15 
513 14 71 2156 11 41 30 144 159 0 2956 9 12 13 209 37 397 9 9 29 594 0 8 3000 139 111 50 69 571 260 72 18 71 40 29 3000 49 205 122 0 218 1333 23 44 116 250 3000 32 256 1877 0 77 10 191 65 33 0 216 41 50 96 277 218 18 0 186 98 11 0 33 37 51 945 482 249 995 8 2490 787 361 
14 335 551 37 1982 22 0 11 223 2956 0 28 0 0 375 0 0 584 0 0 0 0 0 0 270 0 178 8 9 128 0 33 626 0 39 0 222 169 10 0 0 3000 0 0 0 172 0 0 72 244 0 115 0 109 25 43 0 386 17 0 199 115 342 692 0 58 72 72 11 0 0 265 0 308 212 0 0 360 10 0 
150 30 122 569 33 314 100 2393 10 9 28 0 2963 1394 656 123 10 2273 27 62 336 0 107 718 142 10 63 60 0 84 127 2201 87 3000 859 77 0 196 24 2023 48 10 72 278 1617 7 84 413 247 47 94 297 1341 219 60 55 3000 76 674 631 213 1815 2015 1349 47 336 3000 109 110 134 13 101 39 1488 57 62 102 12 118 173 
87 29 35 0 0 0 200 9 10 12 0 2963 0 8 0 1015 0 521 32 22 771 0 462 17 464 632 335 154 0 14 53 30 3000 30 43 273 0 0 13 0 0 222 3000 1216 128 252 107 47 0 0 20 0 0 0 0 0 14 0 0 0 11 511 35 0 0 2143 0 10 0 33 16 15 800 61 734 33 10 315 0 621 
52 527 423 0 22 28 65 227 0 13 0 1394 8 0 9 436 117 8 204 55 78 0 602 17 34 96 523 16 0 0 594 0 313 22 276 18 0 840 319 0 596 61 54 13 23 0 189 379 0 0 40 0 0 0 0 0 61 0 0 58 269 114 1122 0 0 0 0 158 0 96 2529 104 99 223 74 24 2318 0 0 11 
318 60 1878 71 450 896 256 65 0 209 375 656 0 9 0 119 358 310 0 0 32 80 55 193 311 272 208 44 0 535 0 609 0 0 1187 1266 0 429 53 52 3000 62 0 0 245 50 0 41 3000 105 12 216 69 55 44 32 202 0 186 32 68 987 950 96 32 650 547 81 2097 0 20 42 0 243 41 22 353 94 19 0 
218 80 146 0 63 10 217 25 0 37 0 123 1015 436 119 0 14 24 23 215 9 0 186 43 418 93 163 279 0 55 51 0 499 14 36 8 0 36 13 194 191 50 270 780 41 115 12 9 0 0 979 0 97 0 0 31 1545 0 0 13 75 304 12 63 9 9 0 20 610 19 258 109 29 503 7 76 430 0 392 957 
42 24 46 406 10 39 7 273 0 397 0 10 0 117 358 14 0 79 0 0 13 1991 2424 153 8 33 961 25 0 155 0 0 0 0 134 1287 0 1018 47 54 38 0 0 0 101 45 43 320 56 0 38 8 8 0 0 2695 95 0 433 65 18 109 152 391 11 9 1749 1384 3000 0 10 1222 0 53 18 37 93 33 1158 0 
2813 175 122 9 14 368 11 66 135 9 584 2273 521 8 310 24 79 0 12 288 23 19 253 445 138 78 358 8 0 9 358 42 473 256 28 107 0 2821 59 192 3000 334 96 66 48 40 3000 80 12 12 9 10 283 129 32 180 114 41 214 13 33 14 212 259 1097 14 950 49 535 351 149 28 141 19 26 83 12 131 212 348 
148 18 419 0 0 0 344 551 110 9 0 27 32 204 0 23 0 12 0 37 42 0 37 0 15 43 2501 32 0 325 29 42 461 55 0 0 0 0 380 0 0 129 394 45 8 97 505 1678 0 83 0 0 0 1365 0 0 103 43 0 0 17 46 396 0 0 310 0 9 0 12 202 54 49 38 109 3000 165 22 0 60 
15 8 28 0 0 0 198 157 281 29 0 62 22 55 0 215 0 288 37 0 695 0 10 0 298 29 1927 24 0 496 72 39 163 36 47 697 0 0 71 0 0 3000 50 25 64 127 390 1731 0 223 0 3000 0 8 0 0 912 671 0 0 1366 8 49 0 0 3000 0 13 0 118 58 319 274 81 24 12 33 26 0 243 
529 1916 814 76 36 79 519 1319 0 594 0 336 771 78 32 9 13 23 42 695 0 42 184 158 34 241 701 1255 0 14 107 411 0 292 2660 54 0 794 8 56 44 8 394 45 66 1086 934 10 245 1523 10 223 162 260 70 319 26 0 232 9 14 514 1175 3000 33 53 193 3000 20 0 110 266 0 9 19 181 59 85 812 14 
124 0 0 38 27 41 0 3000 0 0 0 0 0 0 80 0 1991 19 0 0 42 0 0 22 0 254 2074 553 0 198 0 0 0 0 70 700 0 755 0 13 220 0 0 0 0 0 0 0 80 0 0 0 331 0 133 40 0 0 220 854 1087 0 171 19 266 88 94 84 8 0 0 0 0 0 14 0 0 0 283 0 
2572 183 98 55 23 8 221 65 33 8 0 107 462 602 55 186 2424 253 37 10 184 0 0 248 67 348 771 1767 0 255 707 2540 113 408 177 79 0 140 232 12 84 138 21 18 3000 38 24 219 420 273 224 32 74 33 14 177 48 11 34 153 9 155 11 10 74 16 335 21 1530 103 1792 10 3000 165 31 17 3000 36 39 225 
34 25 108 92 10 183 1944 61 0 3000 0 718 17 17 193 43 153 445 0 0 158 22 248 0 53 18 12 11 0 8 223 67 0 135 96 370 0 454 612 17 120 194 0 0 13 135 36 23 10 432 576 21 454 126 14 14 40 0 75 346 71 619 26 2311 800 51 13 349 29 0 601 22 0 36 97 3000 18 300 505 199 
8 25 1317 105 19 190 43 105 220 139 270 142 464 34 311 418 8 138 15 298 34 0 67 53 0 3000 19 534 74 168 86 311 1451 79 38 76 83 255 698 885 2092 28 29 2155 8 41 395 34 691 3000 446 71 59 177 3000 191 20 472 35 54 171 20 51 528 45 244 540 430 27 80 176 92 134 2276 17 11 1757 95 133 313 
148 123 99 14 171 288 16 126 0 111 0 10 632 96 272 93 33 78 43 29 241 254 348 18 3000 0 1678 120 0 26 14 0 0 28 34 11 0 349 11 179 100 461 0 201 9 295 43 101 7 0 48 551 134 0 0 815 260 0 867 12 148 1404 15 26 30 29 178 95 157 0 67 27 0 17 348 329 28 12 7 39 
111 98 55 297 19 262 84 75 307 50 178 63 335 523 208 163 961 358 2501 1927 701 2074 771 12 19 1678 0 21 33 12 1133 48 41 2266 8 2968 49 51 1093 179 138 873 139 568 262 1686 101 505 17 167 50 12 92 27 36 548 90 39 107 153 21 7 27 54 50 8 283 70 26 157 9 242 30 14 71 15 13 149 24 25 
11 11 113 10 9 7 7 22 42 69 8 60 154 16 44 279 25 8 32 24 1255 553 1767 11 534 120 21 0 57 3000 411 10 121 478 1326 3000 50 3000 23 29 23 10 119 173 54 60 53 3000 9 582 7 19 296 36 12 1104 17 203 222 618 39 11 45 8 23 9 730 1012 20 333 116 94 0 65 7 26 10 37 19 25 
17 89 566 16 196 193 0 14 938 571 9 0 0 0 0 0 0 0 0 0 0 0 0 0 74 0 33 57 0 24 0 23 0 0 0 0 1946 50 51 0 0 2044 0 0 0 628 0 0 811 11 0 178 0 3000 188 0 0 388 14 0 8 0 112 764 0 60 98 16 235 0 0 62 0 274 70 0 0 30 1437 0 
190 253 1766 398 23 30 10 27 26 260 128 84 14 0 535 55 155 9 325 496 14 198 255 8 168 26 12 3000 24 0 298 54 8 20 752 38 51 323 684 59 428 56 40 1562 110 190 465 337 96 13 0 712 66 1149 91 61 0 18 1677 1337 57 196 22 3000 735 161 1493 257 12 0 2721 127 0 58 54 480 437 304 14 361 
573 113 71 0 148 0 130 3000 332 72 0 127 53 594 0 51 0 358 29 72 107 0 707 223 86 14 1133 411 0 298 0 282 955 46 52 294 0 0 136 0 0 141 2413 19 87 299 9 8 0 85 0 22 0 531 0 0 79 27 0 0 11 521 58 0 0 47 0 32 0 208 331 76 154 48 298 1261 23 8 0 60 
63 266 896 12 13 3000 71 255 83 18 33 2201 30 0 609 0 0 42 42 39 411 0 2540 67 311 0 48 10 23 54 282 0 890 0 433 0 136 22 142 0 0 1004 30 84 18 58 1037 0 440 85 0 126 0 709 200 12 0 379 22 0 490 237 302 149 0 32 1381 364 88 379 0 136 0 109 15 0 0 61 87 296 
76 3000 13 0 0 0 29 23 8 71 626 87 3000 313 0 499 0 473 461 163 0 0 113 0 1451 0 41 121 0 8 955 890 0 362 0 0 18 0 126 0 0 1345 37 120 103 17 123 1150 0 60 0 49 0 47 7 0 0 338 0 0 1012 338 14 0 0 426 0 280 0 400 462 65 29 39 36 18 1691 13 0 18 
39 14 28 0 0 0 85 33 977 40 0 3000 30 22 0 14 0 256 55 36 292 0 408 135 79 28 2266 478 0 20 46 0 362 0 29 705 0 0 167 0 32 87 11 628 11 112 186 100 0 0 49 0 0 0 0 0 54 0 0 0 218 3000 56 0 0 115 0 153 0 295 71 99 335 935 425 19 278 0 0 34 
1783 17 26 216 10 30 31 171 0 29 39 859 43 276 1187 36 134 28 0 47 2660 70 177 96 38 34 8 1326 0 752 52 433 0 29 0 55 0 24 314 612 118 26 0 3000 566 9 620 105 239 7 436 31 161 12 550 888 3000 0 568 16 904 1027 3000 62 730 24 686 369 84 0 86 153 0 28 210 108 7 21 62 64 
182 50 28 0 52 760 286 24 0 3000 0 77 273 18 1266 8 1287 107 0 697 54 700 79 370 76 11 2968 3000 0 38 294 0 0 705 55 0 0 38 194 228 3000 11 0 312 43 157 201 2397 0 0 167 0 718 0 0 420 97 0 0 2028 34 19 23 533 278 335 0 56 565 0 460 59 0 646 150 432 1148 0 30 2826 
352 1371 32 56 189 11 0 1074 30 49 222 0 0 0 0 0 0 0 0 0 0 0 0 0 83 0 49 50 1946 51 0 136 18 0 0 0 0 0 12 0 0 52 0 0 0 282 0 0 198 18 0 1859 0 80 344 0 0 2744 39 0 14 0 95 28 0 2006 74 225 0 0 0 616 0 2026 30 0 0 247 171 0 
14 9 46 119 3000 266 1369 255 152 205 169 196 0 840 429 36 1018 2821 0 0 794 755 140 454 255 349 51 3000 50 323 0 22 0 0 24 38 0 0 195 52 114 216 0 0 54 87 518 504 672 377 75 1497 13 14 121 22 820 784 219 101 31 226 260 11 89 1229 378 56 538 0 19 2595 0 70 1000 64 126 32 15 19 
1848 167 15 500 265 607 711 21 197 122 10 24 13 319 53 13 47 59 380 71 8 0 232 612 698 11 1093 23 51 684 136 142 126 167 314 194 12 195 0 7 184 64 976 1052 33 8 9 26 151 14 0 496 24 196 8 513 87 20 239 3000 2817 407 1300 747 234 58 144 18 18 128 18 109 214 40 26 30 9 104 152 36 
88 446 57 433 743 70 109 1301 0 0 0 2023 0 0 52 194 54 192 0 0 56 13 12 17 885 179 179 29 0 59 0 0 0 0 612 228 0 52 7 0 240 0 0 0 0 0 0 1271 73 0 117 0 117 0 0 186 36 0 737 462 185 41 12 216 16 15 57 40 69 0 123 105 0 0 20 0 184 0 163 0 
134 142 9 803 687 9 310 36 0 218 0 48 0 596 3000 191 38 3000 0 0 44 220 84 120 2092 100 138 23 0 428 0 0 0 32 118 3000 0 114 184 240 0 0 0 0 289 232 13 242 10 0 292 0 46 0 0 105 2287 0 383 3000 94 24 96 68 75 70 130 139 30 0 84 960 0 272 24 212 12 75 15 0 
101 9 47 0 257 29 44 9 41 1333 3000 10 222 61 62 50 0 334 129 3000 8 0 138 194 28 461 873 10 2044 56 141 1004 1345 87 26 11 52 216 64 0 0 0 171 18 280 11 48 154 274 130 0 75 0 28 69 0 13 396 0 0 10 3000 297 0 0 53 0 8 0 261 1068 321 47 2570 397 472 532 7 165 12 
18 48 432 0 0 0 436 1014 31 23 0 72 3000 54 0 270 0 96 394 50 394 0 21 0 29 0 139 119 0 40 2413 30 37 11 0 0 0 0 976 0 0 171 0 10 57 1003 921 20 0 16 0 42 0 8 0 0 0 161 0 0 23 78 57 0 0 11 0 425 0 81 193 11 798 2096 34 85 14 500 0 342 
44 425 31 0 0 0 62 37 31 44 0 278 1216 13 0 780 0 66 45 25 45 0 18 0 2155 201 568 173 0 1562 19 84 120 628 3000 312 0 0 1052 0 0 18 10 0 36 69 14 3000 0 0 0 0 0 0 0 0 888 0 0 0 13 3000 379 0 0 107 0 26 0 831 169 919 29 408 228 51 180 20 0 182 
2942 33 32 0 61 94 877 212 45 116 0 1617 128 23 245 41 101 48 8 64 66 0 3000 13 8 9 262 54 0 110 87 18 103 11 566 43 0 54 33 0 289 280 57 36 0 77 683 227 0 198 12 34 178 325 0 157 826 0 0 108 320 24 512 0 0 88 0 33 0 62 12 171 50 638 158 180 2862 3000 0 188 
190 8 224 60 63 26 620 20 36 250 172 7 252 0 50 115 45 40 97 127 1086 0 38 135 41 295 1686 60 628 190 299 58 17 112 9 157 282 87 8 0 232 11 1003 69 77 0 3000 57 38 1392 0 125 2627 2914 23 22 0 29 16 58 813 154 248 85 22 441 964 1075 176 39 294 26 11 41 143 1418 129 45 22 107 
28 574 45 0 37 119 709 78 3000 3000 0 84 107 189 0 12 43 3000 505 390 934 0 24 36 395 43 101 53 0 465 9 1037 123 186 620 201 0 518 9 0 13 48 921 14 683 3000 0 86 0 59 10 50 0 202 0 0 1147 92 0 311 77 786 30 0 0 118 0 131 0 50 3000 62 125 149 613 101 3000 2355 0 621 
12 44 165 0 655 2050 102 36 0 32 0 413 47 379 41 9 320 80 1678 1731 10 0 219 23 34 101 505 3000 0 337 8 0 1150 100 105 2397 0 504 26 1271 242 154 20 3000 227 57 86 0 0 0 46 0 60 0 0 46 162 0 0 374 269 123 9 0 0 10 0 2937 0 42 165 386 34 25 90 127 50 0 0 318 
371 27 149 545 138 3000 137 67 1112 256 72 247 0 0 3000 0 56 12 0 0 245 80 420 10 691 7 17 9 811 96 0 440 0 0 239 0 198 672 151 73 10 274 0 0 0 38 0 0 0 11 0 704 23 24 17 8 0 20 231 79 105 2828 25 22 456 52 35 463 357 0 87 2901 0 173 41 0 0 31 932 0 
61 31 506 302 133 476 386 3000 143 1877 244 47 0 0 105 0 0 12 83 223 1523 0 273 432 3000 0 167 582 11 13 85 85 60 0 7 0 18 377 14 0 0 130 16 0 198 1392 59 0 11 0 0 497 0 231 129 173 0 1073 3000 0 200 1027 313 61 0 1484 32 296 774 53 0 21 0 641 24 0 0 55 367 124 
147 136 0 0 429 15 56 0 0 0 0 94 20 40 12 979 38 9 0 0 10 0 224 576 446 48 50 7 0 0 0 0 0 49 436 167 0 75 0 117 292 0 0 0 12 0 10 46 0 0 0 0 795 0 0 17 3000 0 0 75 288 24 0 0 0 0 0 0 0 0 134 7 0 0 285 144 17 0 0 48 
36 114 77 36 56 283 63 1188 31 77 115 297 0 0 216 0 8 10 0 3000 223 0 32 21 71 551 12 19 178 712 22 126 49 0 31 0 1859 1497 496 0 0 75 42 0 34 125 50 0 704 497 0 0 34 24 304 333 0 121 22 0 632 86 376 15 1077 87 11 10 55 0 10 9 0 550 39 0 0 13 883 1457 
10 1036 422 25 26 271 141 725 0 10 0 1341 0 0 69 97 8 283 0 0 162 331 74 454 59 134 92 296 0 66 0 0 0 0 161 718 0 13 24 117 46 0 0 0 178 2627 0 60 23 0 795 34 0 0 16 11 1001 0 422 23 22 556 127 15 12 8 56 1541 1011 0 46 59 0 148 13 0 204 1252 21 0 
13 1981 149 928 229 449 813 78 324 191 109 219 0 0 55 0 0 129 1365 8 260 0 33 126 177 0 27 36 3000 1149 531 709 47 0 12 0 80 14 196 0 0 28 8 0 325 2914 202 0 24 231 0 24 0 0 62 409 0 56 177 0 118 161 525 19 0 554 23 14 54 61 0 38 0 1625 46 0 0 290 66 384 
46 204 8 277 18 96 0 27 11 65 25 60 0 0 44 0 0 32 0 0 70 133 14 14 3000 0 36 12 188 91 0 200 7 0 550 0 344 121 8 0 0 69 0 0 0 23 0 0 17 129 0 304 16 62 0 252 0 24 2075 0 203 399 36 811 17 134 523 13 15 0 0 136 0 60 121 0 0 154 1074 0 
42 1042 11 12 163 64 1058 12 0 33 43 55 0 0 32 31 2695 180 0 0 319 40 177 14 191 815 548 1104 0 61 0 12 0 0 888 420 0 22 513 186 105 0 0 0 157 22 0 46 8 173 17 333 11 409 252 0 31 0 147 155 137 21 130 110 89 3000 79 19 88 0 828 86 0 25 9 0 881 65 92 0 
13 73 8 0 1208 1373 39 23 0 0 0 3000 14 61 202 1545 95 114 103 912 26 0 48 40 20 260 90 17 0 0 79 0 0 54 3000 97 0 820 87 36 2287 13 0 888 826 0 1147 162 0 0 3000 0 1001 0 0 31 0 0 0 116 11 1642 327 0 1103 0 0 0 0 0 1513 209 0 0 402 89 18 0 0 251 
2173 193 96 90 352 1269 0 18 47 216 386 76 0 0 0 0 0 41 43 671 0 0 11 0 472 0 39 203 388 18 27 379 338 0 0 0 2744 784 20 0 0 396 161 0 0 29 92 0 20 1073 0 121 0 56 24 0 0 0 61 0 11 57 306 30 0 94 22 120 0 25 0 441 0 3000 1011 0 0 13 196 182 
14 2888 453 31 20 573 0 104 319 41 17 674 0 0 186 0 433 214 0 0 232 220 34 75 35 867 107 222 14 1677 0 22 0 0 568 0 39 219 239 737 383 0 0 0 0 16 0 0 231 3000 0 22 422 177 2075 147 0 61 0 141 552 1441 41 190 525 605 561 99 9 0 105 373 0 12 130 0 0 412 495 0 
50 434 122 949 111 9 2387 627 0 50 0 631 0 58 32 13 65 13 0 0 9 854 153 346 54 12 153 618 0 1337 0 0 0 0 16 2028 0 101 3000 462 3000 0 0 0 108 58 311 374 79 0 75 0 23 0 0 155 116 0 141 0 41 308 1578 1205 97 366 61 19 10 0 338 82 0 121 281 117 8 47 3000 0 
221 598 819 9 107 96 19 19 572 96 199 213 11 269 68 75 18 33 17 1366 14 1087 9 71 171 148 21 39 8 57 11 490 1012 218 904 34 14 31 2817 185 94 10 23 13 320 813 77 269 105 200 288 632 22 118 203 137 11 11 552 41 0 25 276 11 10 490 12 83 341 57 27 62 76 163 35 9 36 221 37 3000 
76 14 1471 141 464 749 20 619 8 277 115 1815 511 114 987 304 109 14 46 8 514 0 155 619 20 1404 7 11 0 196 521 237 338 3000 1027 19 0 226 407 41 24 3000 78 3000 24 154 786 123 2828 1027 24 86 556 161 399 21 1642 57 1441 308 25 0 1689 22 2421 30 72 84 359 47 320 88 1563 382 13 177 1818 91 271 132 
23 3000 19 534 39 504 623 300 1520 218 342 2015 35 1122 950 12 152 212 396 49 1175 171 11 26 51 15 27 45 112 22 58 302 14 56 3000 23 95 260 1300 12 96 297 57 379 512 248 30 9 25 313 0 376 127 525 36 130 327 306 41 1578 276 1689 0 11 62 39 251 22 52 52 101 16 137 1518 3000 21 26 21 200 961 
570 111 193 57 112 10 1126 49 0 18 692 1349 0 0 96 63 391 259 0 0 3000 19 10 2311 528 26 54 8 764 3000 0 149 0 0 62 533 28 11 747 216 68 0 0 0 0 85 0 0 22 61 0 15 15 19 811 110 0 30 190 1205 11 22 11 0 1333 1535 178 14 502 0 42 350 0 49 15 0 0 460 83 0 
427 469 96 20 278 134 67 105 0 0 0 47 0 0 32 9 11 1097 0 0 33 266 74 800 45 30 50 23 0 735 0 0 0 0 730 278 0 89 234 16 75 0 0 0 0 22 0 0 456 0 0 1077 12 0 17 89 1103 0 525 97 10 2421 62 1333 0 272 46 19 18 0 87 101 0 0 10 0 35 91 13 0 
7 61 15 649 45 539 14 28 66 186 58 336 2143 0 650 9 9 14 310 3000 53 88 16 51 244 29 8 9 60 161 47 32 426 115 24 335 2006 1229 58 15 70 53 11 107 88 441 118 10 52 1484 0 87 8 554 134 3000 0 94 605 366 490 30 39 1535 272 0 3000 11 62 0 118 294 0 302 397 7 156 475 581 194 
372 74 10 9 114 104 36 222 14 98 72 3000 0 0 547 0 1749 950 0 0 193 94 335 13 540 178 283 730 98 1493 0 1381 0 0 686 0 74 378 144 57 130 0 0 0 0 964 0 0 35 32 0 11 56 23 523 79 0 22 561 61 12 72 251 178 46 3000 0 74 102 0 24 103 0 53 20 0 0 132 10 0 
38 63 399 44 95 10 55 223 125 11 72 109 10 158 81 20 1384 49 9 13 3000 84 21 349 430 95 70 1012 16 257 32 364 280 153 369 56 225 56 18 40 139 8 425 26 33 1075 131 2937 463 296 0 10 1541 14 13 19 0 120 99 19 83 84 22 14 19 11 74 0 415 14 830 215 157 57 114 120 31 36 138 854 
124 62 802 230 39 488 236 3000 0 0 11 110 0 0 2097 610 3000 535 0 0 20 8 1530 29 27 157 26 20 235 12 0 88 0 0 84 565 0 538 18 69 30 0 0 0 0 176 0 0 357 774 0 55 1011 54 15 88 0 0 9 10 341 359 52 502 18 62 102 415 0 0 122 12 0 25 451 0 0 9 3000 0 
0 268 16 0 0 0 940 216 271 33 0 134 33 96 0 19 0 351 12 118 0 0 103 0 80 0 157 333 0 0 208 379 400 295 0 0 0 0 128 0 0 261 81 831 62 39 50 42 0 53 0 0 0 61 0 0 0 25 0 0 57 47 52 0 0 0 0 14 0 0 379 779 303 165 0 324 99 97 0 834 
115 50 2595 150 114 102 155 46 0 37 0 13 16 2529 20 258 10 149 202 58 110 0 1792 601 176 67 9 116 0 2721 331 0 462 71 86 460 0 19 18 123 84 1068 193 169 12 294 3000 165 87 0 134 10 46 0 0 828 1513 0 105 338 27 320 101 42 87 118 24 830 122 379 0 18 81 7 75 70 100 380 54 46 
203 427 674 26 140 311 271 157 13 51 265 101 15 104 42 109 1222 28 54 319 266 0 10 22 92 27 242 94 62 127 76 136 65 99 153 59 616 2595 109 105 960 321 11 919 171 26 62 386 2901 21 7 9 59 38 136 86 209 441 373 82 62 88 16 350 101 294 103 215 12 779 18 0 102 31 16 2341 13 431 14 1291 
0 30 104 0 0 0 58 30 31 945 0 39 800 99 0 29 0 141 49 274 0 0 3000 0 134 0 30 0 0 0 154 0 29 335 0 0 0 0 214 0 0 47 798 29 50 11 125 34 0 0 0 0 0 0 0 0 0 0 0 0 76 1563 137 0 0 0 0 157 0 303 81 102 0 9 0 209 460 0 0 223 
1225 100 1063 20 813 24 208 242 729 482 308 1488 61 223 243 503 53 19 38 81 9 0 165 36 2276 17 14 65 274 58 48 109 39 935 28 646 2026 70 40 0 272 2570 2096 408 638 41 149 25 173 641 0 550 148 1625 60 25 0 3000 12 121 163 382 1518 49 0 302 53 57 25 165 7 31 9 0 85 82 1221 3000 17 3000 
1020 102 162 223 134 202 136 1086 60 249 212 57 734 74 41 7 18 26 109 24 19 14 31 97 17 348 71 7 70 54 298 15 36 425 210 150 30 1000 26 20 24 397 34 228 158 143 613 90 41 24 285 39 13 46 121 9 402 1011 130 281 35 13 3000 15 10 397 20 114 451 0 75 16 0 85 0 59 770 722 21 21 
351 123 345 0 48 752 47 491 0 995 0 62 33 24 22 76 37 83 3000 12 181 0 17 3000 11 329 15 26 0 480 1261 0 18 19 108 432 0 64 30 0 212 472 85 51 180 1418 101 127 0 0 144 0 0 0 0 0 89 0 0 117 9 177 21 0 0 7 0 120 0 324 70 2341 209 82 59 0 76 0 0 46 
1423 12 107 0 291 31 15 264 0 8 0 102 10 2318 353 430 93 12 165 33 59 0 3000 18 1757 28 13 10 0 437 23 0 1691 278 7 1148 0 126 9 184 12 532 14 180 2862 129 3000 50 0 0 17 0 204 0 0 881 18 0 0 8 36 1818 26 0 35 156 0 31 0 99 100 13 460 1221 770 76 0 0 0 846 
9 158 41 12 7 1144 199 2675 50 2490 360 12 315 0 94 0 33 131 22 26 85 0 36 300 95 12 149 37 30 304 8 61 13 0 21 0 247 32 104 0 75 7 500 20 3000 45 2355 0 31 55 0 13 1252 290 154 65 0 13 412 47 221 91 21 460 91 475 132 36 9 97 380 431 0 3000 722 0 0 0 1635 18 
3000 17 117 775 2291 300 27 47 13 787 10 118 0 0 19 392 1158 212 0 0 812 283 39 505 133 7 24 19 1437 14 0 87 0 0 62 30 171 15 152 163 15 165 0 0 0 22 0 0 932 367 0 883 21 66 1074 92 0 196 495 3000 37 271 200 83 13 581 10 138 3000 0 54 14 0 17 21 0 0 1635 0 0 
1133 100 1680 0 61 0 752 2239 15 361 0 173 621 11 0 957 0 348 60 243 14 0 225 199 313 39 25 25 0 361 60 296 18 34 64 2826 0 19 36 0 0 12 342 182 188 107 621 318 0 124 48 1457 0 384 0 0 251 182 0 0 3000 132 961 0 0 194 0 854 0 834 46 1291 223 3000 21 46 846 18 0 0 
