80
0 61 75 59 84 57 87 21 75 105 75 53 102 85 48 40 98 87 35 42 64 31 53 73 54 11 63 45 61 83 53 102 38 59 61 56 104 44 59 102 86 81 18 20 84 33 81 83 74 40 60 80 60 62 62 7 53 68 100 56 75 49 115 53 76 15 105 78 22 80 65 30 35 68 71 3 103 67 54 58 
61 0 97 5 36 7 76 42 74 76 15 25 57 27 21 47 57 44 32 76 5 59 76 24 37 62 16 18 78 60 13 75 51 9 17 85 64 17 23 60 28 66 43 55 65 46 65 22 17 25 76 20 12 44 22 54 9 15 69 40 64 54 76 42 43 49 76 88 59 62 71 52 59 8 45 61 69 93 25 54 
75 97 0 100 90 99 47 86 33 75 107 72 93 103 101 52 87 85 69 33 102 46 23 120 61 64 110 94 19 61 84 72 48 89 109 19 88 87 112 89 124 50 74 94 55 55 51 112 114 74 21 107 106 58 113 79 88 111 75 59 46 43 92 56 70 68 75 18 54 53 28 52 44 100 63 78 80 9 73 45 
59 5 100 0 41 2 80 40 77 81 17 29 63 32 16 49 62 49 32 77 5 60 79 20 41 61 11 14 81 64 16 80 53 14 12 87 69 15 18 66 28 71 42 51 70 47 70 25 16 26 79 23 7 48 17 52 11 12 74 43 68 57 81 45 48 48 81 91 59 67 74 53 60 12 50 59 74 95 29 57 
84 36 90 41 0 43 53 71 58 43 32 31 21 18 56 52 21 9 49 81 38 68 75 54 35 80 51 51 73 34 33 43 57 30 52 84 28 46 59 25 46 45 67 85 41 56 43 32 43 44 71 27 48 32 57 79 37 47 36 35 45 52 40 39 20 69 43 75 73 40 61 62 66 31 26 85 35 89 30 46 
57 7 99 2 43 0 81 37 77 82 20 29 64 34 14 48 64 51 31 76 8 59 77 21 40 59 12 12 80 65 16 81 52 14 11 86 71 13 17 67 30 71 40 49 71 46 70 27 18 25 78 26 7 48 16 50 11 13 75 43 68 56 83 45 49 46 82 91 58 67 74 51 59 14 51 57 76 94 29 57 
87 76 47 80 53 81 0 87 16 28 80 52 49 70 89 48 44 46 62 58 80 57 46 99 42 78 92 81 38 20 65 25 49 67 92 52 43 74 97 44 97 9 76 100 12 55 11 83 90 63 37 77 88 33 97 87 70 90 29 39 13 38 46 39 35 74 28 28 67 14 26 57 53 75 31 90 34 50 52 30 
21 42 86 40 71 37 87 0 77 100 57 42 91 68 27 40 88 76 26 55 45 40 63 53 48 27 43 26 69 79 38 98 41 43 40 69 95 27 38 92 66 79 12 14 81 34 79 64 54 28 68 62 40 57 41 14 36 48 94 50 74 51 106 49 67 18 100 85 33 77 69 35 42 50 65 20 96 79 43 57 
75 74 33 77 58 77 16 77 0 43 80 49 60 74 83 37 54 53 54 42 78 44 30 97 37 65 89 76 22 28 61 40 37 65 89 37 55 69 93 55 97 16 66 89 22 44 18 85 89 56 22 79 84 30 93 76 66 88 42 34 13 27 60 33 39 62 43 17 53 20 11 45 40 75 33 77 47 36 49 21 
105 76 75 81 43 82 28 100 43 0 75 59 29 61 94 65 25 35 74 83 79 79 72 97 53 98 92 87 65 22 68 3 68 68 93 79 20 81 99 23 90 28 91 114 23 72 27 75 86 72 64 70 88 43 98 104 73 89 7 50 33 58 18 53 34 91 0 57 87 27 52 76 75 73 35 107 9 78 58 49 
75 15 107 17 32 20 80 57 80 75 0 35 52 17 33 58 53 41 45 88 12 72 88 22 46 76 21 31 88 62 25 74 63 19 24 96 60 31 30 56 17 71 58 69 69 59 69 8 11 39 86 7 20 50 28 69 23 16 68 48 69 64 71 51 45 63 75 96 73 66 80 65 71 8 49 75 67 104 34 62 
53 25 72 29 31 29 52 42 49 59 35 0 49 36 36 24 46 34 18 55 30 40 53 49 12 50 40 29 53 39 13 57 29 17 40 62 52 22 45 50 51 43 36 56 43 27 42 41 42 14 52 36 36 20 45 49 18 40 52 15 40 29 64 17 25 38 59 63 43 40 46 33 38 28 24 54 54 69 1 29 
102 57 93 63 21 64 49 91 60 29 52 49 0 35 77 66 6 15 67 91 59 82 83 74 49 97 72 72 79 32 54 30 70 51 74 92 9 67 80 6 64 44 85 105 38 71 42 50 63 63 77 46 69 43 78 98 58 67 23 48 47 63 19 52 28 87 29 76 88 40 66 77 79 52 34 103 19 94 48 55 
85 27 103 32 18 34 70 68 74 61 17 36 35 0 48 60 37 26 51 90 27 75 87 39 44 83 38 45 85 51 31 60 65 25 40 96 44 42 47 40 29 61 67 81 58 62 60 15 28 45 84 11 37 45 45 79 32 33 53 45 61 63 55 49 36 71 60 90 78 57 75 68 74 20 41 85 52 101 35 59 
48 21 101 16 56 14 89 27 83 94 33 36 77 48 0 49 76 63 31 74 21 57 78 26 47 52 16 7 82 75 25 92 53 26 13 86 83 14 12 80 39 79 33 37 79 46 78 40 28 27 80 39 14 56 14 41 20 21 86 50 76 59 95 50 60 40 93 95 54 76 78 50 58 28 60 47 87 95 37 62 
40 47 52 49 52 48 48 40 37 65 58 24 66 60 49 0 61 53 18 30 51 16 30 69 17 33 59 42 33 43 34 62 5 40 58 38 66 36 60 64 74 41 29 52 44 7 41 65 63 23 31 60 54 24 62 39 38 60 61 18 36 11 76 14 38 26 65 46 22 40 30 11 14 51 33 42 64 47 25 18 
98 57 87 62 21 64 44 88 54 25 53 46 6 37 76 61 0 13 63 86 59 77 78 75 45 93 72 71 73 26 52 25 65 50 73 86 7 65 79 4 66 38 82 102 33 67 36 52 64 60 72 47 69 38 78 95 56 68 18 43 41 58 19 47 23 83 24 70 83 34 60 72 74 52 29 100 15 88 45 49 
87 44 85 49 9 51 46 76 53 35 41 34 15 26 63 53 13 0 52 80 46 69 73 63 35 83 59 58 69 27 39 34 57 37 60 82 20 52 67 17 55 38 71 90 34 58 37 41 52 48 68 36 56 31 65 84 43 55 27 35 40 51 32 39 16 72 34 70 74 34 57 63 66 39 23 89 26 85 33 44 
35 32 69 32 49 31 62 26 54 74 45 18 67 51 31 18 63 52 0 45 36 28 47 52 21 32 42 24 51 52 21 71 22 27 40 55 70 18 43 67 60 53 18 40 55 15 53 53 48 6 49 48 37 31 44 31 22 44 68 24 49 28 81 23 42 21 74 64 28 51 47 20 28 37 39 37 70 64 19 33 
42 76 33 77 81 76 58 55 42 83 88 55 91 90 74 30 86 80 45 0 80 17 13 97 46 32 86 68 22 63 64 80 25 70 85 14 89 63 86 89 104 55 44 62 60 30 56 95 93 51 21 90 82 49 88 47 67 89 80 46 50 29 97 42 64 37 83 39 22 56 32 25 17 81 57 45 84 24 55 36 
64 5 102 5 38 8 80 45 78 79 12 30 59 27 21 51 59 46 36 80 0 64 81 19 42 65 13 19 83 63 18 78 56 13 14 90 66 20 20 63 24 71 47 56 69 51 69 20 12 30 81 19 10 48 19 57 14 10 72 44 68 59 78 46 47 52 79 92 63 66 76 56 63 8 50 64 72 98 30 59 
31 59 46 60 68 59 57 40 44 79 72 40 82 75 57 16 77 69 28 17 64 0 23 80 34 21 69 51 30 57 47 76 12 54 68 29 81 46 69 80 87 52 28 48 56 13 52 79 76 34 29 75 65 39 71 34 50 72 75 34 47 21 91 30 54 22 79 47 9 52 34 7 4 64 48 34 78 39 40 30 
53 76 23 79 75 77 46 63 30 72 88 53 83 87 78 30 78 73 47 13 81 23 0 99 43 42 89 72 9 53 64 69 26 69 88 9 80 65 90 80 104 44 51 71 49 32 45 94 93 52 9 88 84 43 91 56 67 90 70 41 39 24 88 38 57 45 72 26 31 46 20 29 21 80 50 56 74 17 53 29 
73 24 120 20 54 21 99 53 97 97 22 49 74 39 26 69 75 63 52 97 19 80 99 0 61 77 10 29 101 82 36 96 73 32 13 107 82 34 15 78 17 90 58 61 88 67 88 26 11 46 99 29 15 67 12 66 32 9 90 64 88 77 94 65 66 65 97 111 78 86 95 72 80 24 69 73 89 115 49 78 
54 37 61 41 35 40 42 48 37 53 46 12 49 44 47 17 45 35 21 46 42 34 43 61 0 48 52 40 42 31 25 50 22 29 52 52 50 32 56 48 63 33 39 61 34 22 32 52 53 21 41 46 48 10 56 51 29 52 47 3 29 19 61 5 22 39 52 51 39 30 34 28 31 39 17 56 49 58 12 17 
11 62 64 61 80 59 78 27 65 98 76 50 97 83 52 33 93 83 32 32 65 21 42 77 48 0 67 48 50 76 53 95 30 59 65 46 98 45 64 96 88 72 19 30 76 26 72 84 76 38 49 80 63 56 66 16 53 71 93 50 67 41 108 46 70 13 98 68 12 72 55 22 25 68 65 13 96 56 51 50 
63 16 110 11 51 12 92 43 89 92 21 40 72 38 16 59 72 59 42 86 13 69 89 10 52 67 0 19 91 76 27 91 63 25 3 97 79 24 9 75 24 82 48 52 81 57 81 27 13 36 90 28 4 59 7 56 23 6 85 55 80 67 90 56 59 55 92 102 67 78 85 62 70 20 61 63 84 105 40 69 
45 18 94 14 51 12 81 26 76 87 31 29 72 45 7 42 71 58 24 68 19 51 72 29 40 48 19 0 75 68 19 85 46 21 17 79 78 7 18 74 41 72 29 37 73 39 71 39 29 20 73 37 15 49 20 38 14 23 80 43 69 52 89 43 53 36 87 88 48 69 71 44 52 25 53 45 81 88 30 55 
61 78 19 81 73 80 38 69 22 65 88 53 79 85 82 33 73 69 51 22 83 30 9 101 42 50 91 75 0 48 65 62 29 70 90 14 75 69 93 75 105 38 57 78 43 37 39 94 95 55 2 88 87 41 94 64 69 92 64 40 33 24 81 37 54 52 65 18 39 40 13 34 27 81 47 64 68 16 54 27 
83 60 61 64 34 65 20 79 28 22 62 39 32 51 75 43 26 27 52 63 63 57 53 82 31 76 76 68 48 0 50 19 46 51 76 62 27 61 82 27 78 12 70 92 8 50 10 64 72 52 47 59 72 21 81 82 55 73 17 28 15 37 34 31 16 69 22 44 65 8 35 54 53 58 15 85 21 63 38 28 
53 13 84 16 33 16 65 38 61 68 25 13 54 31 25 34 52 39 21 64 18 47 64 36 25 53 27 19 65 50 0 67 39 6 27 72 59 13 32 56 40 55 36 52 55 34 54 32 30 14 63 28 23 32 32 48 5 27 61 27 52 41 71 29 35 40 68 75 48 52 58 40 47 17 35 54 62 80 13 41 
102 75 72 80 43 81 25 98 40 3 74 57 30 60 92 62 25 34 71 80 78 76 69 96 50 95 91 85 62 19 67 0 65 67 92 76 21 79 98 24 89 25 89 111 20 69 24 75 85 70 61 70 87 41 97 101 72 88 7 48 30 55 21 50 32 88 3 53 84 24 49 73 72 72 33 105 11 75 56 46 
38 51 48 53 57 52 49 41 37 68 63 29 70 65 53 5 65 57 22 25 56 12 26 73 22 30 63 46 29 46 39 65 0 45 62 34 70 40 64 68 79 42 29 52 46 7 42 70 68 27 28 65 59 27 65 39 42 65 64 22 37 11 80 18 42 25 68 44 19 42 28 8 9 56 37 41 67 42 30 19 
59 9 89 14 30 14 67 43 65 68 19 17 51 25 26 40 50 37 27 70 13 54 69 32 29 59 25 21 70 51 6 67 45 0 25 78 57 17 31 53 34 58 42 57 57 40 56 26 25 21 69 21 21 35 30 54 7 23 61 31 55 46 69 34 35 46 68 79 55 53 63 46 53 11 37 60 61 86 17 46 
61 17 109 12 52 11 92 40 89 93 24 40 74 40 13 58 73 60 40 85 14 68 88 13 52 65 3 17 90 76 27 92 62 25 0 95 80 22 6 77 27 83 46 49 82 56 81 30 16 35 89 31 5 59 5 54 22 9 86 55 80 67 92 56 60 52 93 102 65 79 85 60 68 22 62 60 86 104 40 68 
56 85 19 87 84 86 52 69 37 79 96 62 92 96 86 38 86 82 55 14 90 29 9 107 52 46 97 79 14 62 72 76 34 78 95 0 89 73 97 89 113 52 57 75 57 40 53 103 102 61 15 97 92 52 99 61 76 98 78 50 47 33 95 47 66 50 79 29 36 54 27 36 28 89 59 59 82 11 62 38 
104 64 88 69 28 71 43 95 55 20 60 52 9 44 83 66 7 20 70 89 66 81 80 82 50 98 79 78 75 27 59 21 70 57 80 89 0 72 87 4 73 38 88 109 33 72 37 59 71 67 74 54 76 42 85 101 63 75 15 49 42 62 12 52 28 89 19 70 88 35 62 77 78 59 33 106 10 90 51 53 
44 17 87 15 46 13 74 27 69 81 31 22 67 42 14 36 65 52 18 63 20 46 65 34 32 45 24 7 69 61 13 79 40 17 22 73 72 0 25 69 43 65 27 40 65 33 64 39 31 13 67 36 19 41 26 38 10 26 74 36 61 45 84 36 47 33 80 81 44 62 64 38 46 24 46 44 75 82 23 48 
59 23 112 18 59 17 97 38 93 99 30 45 80 47 12 60 79 67 43 86 20 69 90 15 56 64 9 18 93 82 32 98 64 31 6 97 87 25 0 83 31 88 45 46 87 57 86 36 21 38 91 37 11 64 3 52 27 15 92 59 84 70 98 60 66 52 99 105 66 84 88 62 70 28 67 58 92 106 45 72 
102 60 89 66 25 67 44 92 55 23 56 50 6 40 80 64 4 17 67 89 63 80 80 78 48 96 75 74 75 27 56 24 68 53 77 89 4 69 83 0 69 39 85 106 34 70 38 55 67 64 74 50 72 41 82 98 60 71 17 47 42 60 15 50 26 87 23 71 87 35 62 75 77 55 32 103 14 90 49 52 
86 28 124 28 46 30 97 66 97 90 17 51 64 29 39 74 66 55 60 104 24 87 104 17 63 88 24 41 105 78 40 89 79 34 27 113 73 43 31 69 0 87 70 76 85 74 86 14 12 53 103 20 26 67 28 79 37 18 82 65 86 81 84 68 62 76 89 113 87 83 97 80 87 24 66 86 81 120 51 79 
81 66 50 71 45 71 9 79 16 28 71 43 44 61 79 41 38 38 53 55 71 52 44 90 33 72 82 72 38 12 55 25 42 58 83 52 38 65 88 39 87 0 69 92 5 48 2 74 81 54 37 68 78 24 87 80 61 81 26 30 6 32 44 31 26 67 28 32 61 5 25 51 48 66 21 83 31 52 43 23 
18 43 74 42 67 40 76 12 66 91 58 36 85 67 33 29 82 71 18 44 47 28 51 58 39 19 48 29 57 70 36 89 29 42 46 57 88 27 45 85 70 69 0 23 71 22 68 66 58 23 56 63 44 48 47 13 35 52 86 41 64 39 99 39 60 7 91 73 22 67 58 23 30 50 56 19 88 67 37 47 
20 55 94 51 85 49 100 14 89 114 69 56 105 81 37 52 102 90 40 62 56 48 71 61 61 30 52 37 78 92 52 111 52 57 49 75 109 40 46 106 76 92 23 0 94 45 91 76 65 42 77 75 50 71 49 15 49 58 108 64 87 62 120 62 81 27 113 95 40 90 80 45 51 62 78 18 110 86 57 70 
84 65 55 70 41 71 12 81 22 23 69 43 38 58 79 44 33 34 55 60 69 56 49 88 34 76 81 73 43 8 55 20 46 57 82 57 33 65 87 34 85 5 71 94 0 51 4 71 79 55 42 66 77 24 87 83 60 80 21 31 10 35 38 33 23 70 23 38 65 4 30 54 52 64 20 86 25 57 43 26 
33 46 55 47 56 46 55 34 44 72 59 27 71 62 46 7 67 58 15 30 51 13 32 67 22 26 57 39 37 50 34 69 7 40 56 40 72 33 57 70 74 48 22 45 51 0 48 66 63 21 35 61 53 30 59 32 37 59 67 24 43 17 82 20 44 19 72 52 17 47 36 6 13 51 39 35 70 49 28 25 
81 65 51 70 43 70 11 79 18 27 69 42 42 60 78 41 36 37 53 56 69 52 45 88 32 72 81 71 39 10 54 24 42 56 81 53 37 64 86 38 86 2 68 91 4 48 0 72 79 53 38 67 77 23 86 80 59 79 25 29 6 32 43 30 24 66 27 34 61 3 26 50 48 64 20 83 30 53 42 23 
83 22 112 25 32 27 83 64 85 75 8 41 50 15 40 65 52 41 53 95 20 79 94 26 52 84 27 39 94 64 32 75 70 26 30 103 59 39 36 55 14 74 66 76 71 66 72 0 15 46 92 6 27 55 34 77 31 21 68 53 73 70 70 56 48 71 75 100 80 69 85 72 78 15 53 83 67 109 40 68 
74 17 114 16 43 18 90 54 89 86 11 42 63 28 28 63 64 52 48 93 12 76 93 11 53 76 13 29 95 72 30 85 68 25 16 102 71 31 21 67 12 81 58 65 79 63 79 15 0 42 93 18 14 59 19 67 26 7 79 56 79 71 83 58 56 64 86 104 75 76 87 68 76 15 59 74 78 110 41 70 
40 25 74 26 44 25 63 28 56 72 39 14 63 45 27 23 60 48 6 51 30 34 52 46 21 38 36 20 55 52 14 70 27 21 35 61 67 13 38 64 53 54 23 42 55 21 53 46 42 0 54 42 32 31 39 36 16 38 66 24 50 32 78 24 39 26 72 68 34 51 51 27 34 31 37 41 68 69 15 35 
60 76 21 79 71 78 37 68 22 64 86 52 77 84 80 31 72 68 49 21 81 29 9 99 41 49 90 73 2 47 63 61 28 69 89 15 74 67 91 74 103 37 56 77 42 35 38 92 93 54 0 87 85 39 93 62 68 90 63 39 32 22 80 36 52 50 64 19 38 39 12 33 26 79 45 62 67 18 52 25 
80 20 107 23 27 26 77 62 79 70 7 36 46 11 39 60 47 36 48 90 19 75 88 29 46 80 28 37 88 59 28 70 65 21 31 97 54 36 37 50 20 68 63 75 66 61 67 6 18 42 87 0 27 49 35 74 27 23 63 48 67 65 65 51 42 67 70 95 76 64 79 67 74 12 47 80 62 104 35 62 
60 12 106 7 48 7 88 40 84 88 20 36 69 37 14 54 69 56 37 82 10 65 84 15 48 63 4 15 87 72 23 87 59 21 5 92 76 19 11 72 26 78 44 50 77 53 77 27 14 32 85 27 0 55 10 53 18 7 81 50 75 63 88 52 56 51 88 98 63 74 81 58 65 17 57 60 81 101 36 64 
62 44 58 48 32 48 33 57 30 43 50 20 43 45 56 24 38 31 31 49 48 39 43 67 10 56 59 49 41 21 32 41 27 35 59 52 42 41 64 41 67 24 48 71 24 30 23 55 59 31 39 49 55 0 64 61 37 58 38 7 20 20 52 10 15 48 43 46 46 20 30 35 36 44 9 64 40 57 19 14 
62 22 113 17 57 16 97 41 93 98 28 45 78 45 14 62 78 65 44 88 19 71 91 12 56 66 7 20 94 81 32 97 65 30 5 99 85 26 3 82 28 87 47 49 87 59 86 34 19 39 93 35 10 64 0 54 27 12 91 59 85 71 97 60 65 54 98 106 68 84 89 63 71 26 67 61 91 108 45 73 
7 54 79 52 79 50 87 14 76 104 69 49 98 79 41 39 95 84 31 47 57 34 56 66 51 16 56 38 64 82 48 101 39 54 54 61 101 38 52 98 79 80 13 15 83 32 80 77 67 36 62 74 53 61 54 0 47 61 98 54 75 49 112 51 73 14 103 81 25 79 67 31 37 62 69 7 101 71 50 57 
53 9 88 11 37 11 70 36 66 73 23 18 58 32 20 38 56 43 22 67 14 50 67 32 29 53 23 14 69 55 5 72 42 7 22 76 63 10 27 60 37 61 35 49 60 37 59 31 26 16 68 27 18 37 27 47 0 23 66 32 57 45 75 34 40 40 73 80 50 57 63 43 50 15 40 53 67 84 18 46 
68 15 111 12 47 13 90 48 88 89 16 40 67 33 21 60 68 55 44 89 10 72 90 9 52 71 6 23 92 73 27 88 65 23 9 98 75 26 15 71 18 81 52 58 80 59 79 21 7 38 90 23 7 58 12 61 23 0 81 54 79 68 86 56 57 58 89 102 70 77 86 64 72 16 60 67 81 107 40 69 
100 69 75 74 36 75 29 94 42 7 68 52 23 53 86 61 18 27 68 80 72 75 70 90 47 93 85 80 64 17 61 7 64 61 86 78 15 74 92 17 82 26 86 108 21 67 25 68 79 66 63 63 81 38 91 98 66 81 0 44 31 54 18 47 27 85 7 57 82 24 51 71 71 65 29 102 5 78 51 45 
56 40 59 43 35 43 39 50 34 50 48 15 48 45 50 18 43 35 24 46 44 34 41 64 3 50 55 43 40 28 27 48 22 31 55 50 49 36 59 47 65 30 41 64 31 24 29 53 56 24 39 48 50 7 59 54 32 54 44 0 26 18 59 4 20 41 50 48 40 27 32 29 31 41 15 58 47 56 15 14 
75 64 46 68 45 68 13 74 13 33 69 40 47 61 76 36 41 40 49 50 68 47 39 88 29 67 80 69 33 15 52 30 37 55 80 47 42 61 84 42 86 6 64 87 10 43 6 73 79 50 32 67 75 20 85 75 57 79 31 26 0 26 48 26 26 62 33 30 55 7 20 45 43 64 20 78 35 48 40 18 
49 54 43 57 52 56 38 51 27 58 64 29 63 63 59 11 58 51 28 29 59 21 24 77 19 41 67 52 24 37 41 55 11 46 67 33 62 45 70 60 81 32 39 62 35 17 32 70 71 32 22 65 63 20 71 49 45 68 54 18 26 0 70 14 35 36 58 36 29 31 19 19 17 57 29 52 58 39 30 9 
115 76 92 81 40 83 46 106 60 18 71 64 19 55 95 76 19 32 81 97 78 91 88 94 61 108 90 89 81 34 71 21 80 69 92 95 12 84 98 15 84 44 99 120 38 82 43 70 83 78 80 65 88 52 97 112 75 86 18 59 48 70 0 62 39 100 18 74 98 41 68 87 87 71 44 116 13 95 63 62 
53 42 56 45 39 45 39 49 33 53 51 17 52 49 50 14 47 39 23 42 46 30 38 65 5 46 56 43 37 31 29 50 18 34 56 47 52 36 60 50 68 31 39 62 33 20 30 56 58 24 36 51 52 10 60 51 34 56 47 4 26 14 62 0 24 38 52 46 36 28 29 25 27 44 19 55 50 53 17 12 
76 43 70 48 20 49 35 67 39 34 45 25 28 36 60 38 23 16 42 64 47 54 57 66 22 70 59 53 54 16 35 32 42 35 60 66 28 47 66 26 62 26 60 81 23 44 24 48 56 39 52 42 56 15 65 73 40 57 27 20 26 35 39 24 0 60 34 55 61 21 42 49 51 41 7 77 29 70 24 28 
15 49 68 48 69 46 74 18 62 91 63 38 87 71 40 26 83 72 21 37 52 22 45 65 39 13 55 36 52 69 40 88 25 46 52 50 89 33 52 87 76 67 7 27 70 19 66 71 64 26 50 67 51 48 54 14 40 58 85 41 62 36 100 38 60 0 90 68 15 65 53 18 25 56 56 17 88 61 39 44 
105 76 75 81 43 82 28 100 43 0 75 59 29 60 93 65 24 34 74 83 79 79 72 97 52 98 92 87 65 22 68 3 68 68 93 79 19 80 99 23 89 28 91 113 23 72 27 75 86 72 64 70 88 43 98 103 73 89 7 50 33 58 18 52 34 90 0 57 87 27 52 76 75 72 35 107 9 78 58 49 
78 88 18 91 75 91 28 85 17 57 96 63 76 90 95 46 70 70 64 39 92 47 26 111 51 68 102 88 18 44 75 53 44 79 102 29 70 81 105 71 113 32 73 95 38 52 34 100 104 68 19 95 98 46 106 81 80 102 57 48 30 36 74 46 55 68 57 0 56 36 17 50 44 89 49 81 62 23 63 34 
22 59 54 59 73 58 67 33 53 87 73 43 88 78 54 22 83 74 28 22 63 9 31 78 39 12 67 48 39 65 48 84 19 55 65 36 88 44 66 87 87 61 22 40 65 17 61 80 75 34 38 76 63 46 68 25 50 70 82 40 55 29 98 36 61 15 87 56 0 60 43 11 13 65 55 25 86 46 44 38 
80 62 53 67 40 67 14 77 20 27 66 40 40 57 76 40 34 34 51 56 66 52 46 86 30 72 78 69 40 8 52 24 42 53 79 54 35 62 84 35 83 5 67 90 4 47 3 69 76 51 39 64 74 20 84 79 57 77 24 27 7 31 41 28 21 65 27 36 60 0 27 50 48 61 17 82 28 55 39 22 
65 71 28 74 61 74 26 69 11 52 80 46 66 75 78 30 60 57 47 32 76 34 20 95 34 55 85 71 13 35 58 49 28 63 85 27 62 64 88 62 97 25 58 80 30 36 26 85 87 51 12 79 81 30 89 67 63 86 51 32 20 19 68 29 42 53 52 17 43 27 0 36 30 73 35 68 55 28 46 17 
30 52 52 53 62 51 57 35 45 76 65 33 77 68 50 11 72 63 20 25 56 7 29 72 28 22 62 44 34 54 40 73 8 46 60 36 77 38 62 75 80 51 23 45 54 6 50 72 68 27 33 67 58 35 63 31 43 64 71 29 45 19 87 25 49 18 76 50 11 50 36 0 8 57 44 33 75 45 34 28 
35 59 44 60 66 59 53 42 40 75 71 38 79 74 58 14 74 66 28 17 63 4 21 80 31 25 70 52 27 53 47 72 9 53 68 28 78 46 70 77 87 48 30 51 52 13 48 78 76 34 26 74 65 36 71 37 50 72 71 31 43 17 87 27 51 25 75 44 13 48 30 8 0 64 45 38 75 37 39 26 
68 8 100 12 31 14 75 50 75 73 8 28 52 20 28 51 52 39 37 81 8 64 80 24 39 68 20 25 81 58 17 72 56 11 22 89 59 24 28 55 24 66 50 62 64 51 64 15 15 31 79 12 17 44 26 62 15 16 65 41 64 57 71 44 41 56 72 89 65 61 73 57 64 0 44 68 65 96 27 56 
71 45 63 50 26 51 31 65 33 35 49 24 34 41 60 33 29 23 39 57 50 48 50 69 17 65 61 53 47 15 35 33 37 37 62 59 33 46 67 32 66 21 56 78 20 39 20 53 59 37 45 47 57 9 67 69 40 60 29 15 20 29 44 19 7 56 35 49 55 17 35 44 45 44 0 73 32 63 23 21 
3 61 78 59 85 57 90 20 77 107 75 54 103 85 47 42 100 89 37 45 64 34 56 73 56 13 63 45 64 85 54 105 41 60 60 59 106 44 58 103 86 83 19 18 86 35 83 83 74 41 62 80 60 64 61 7 53 67 102 58 78 52 116 55 77 17 107 81 25 82 68 33 38 68 73 0 105 70 56 60 
103 69 80 74 35 76 34 96 47 9 67 54 19 52 87 64 15 26 70 84 72 78 74 89 49 96 84 81 68 21 62 11 67 61 86 82 10 75 92 14 81 31 88 110 25 70 30 67 78 68 67 62 81 40 91 101 67 81 5 47 35 58 13 50 29 88 9 62 86 28 55 75 75 65 32 105 0 82 53 49 
67 93 9 95 89 94 50 79 36 78 104 69 94 101 95 47 88 85 64 24 98 39 17 115 58 56 105 88 16 63 80 75 42 86 104 11 90 82 106 90 120 52 67 86 57 49 53 109 110 69 18 104 101 57 108 71 84 107 78 56 48 39 95 53 70 61 78 23 46 55 28 45 37 96 63 70 82 0 69 43 
54 25 73 29 30 29 52 43 49 58 34 1 48 35 37 25 45 33 19 55 30 40 53 49 12 51 40 30 54 38 13 56 30 17 40 62 51 23 45 49 51 43 37 57 43 28 42 40 41 15 52 35 36 19 45 50 18 40 51 15 40 30 63 17 24 39 58 63 44 39 46 34 39 27 23 56 53 69 0 29 
58 54 45 57 46 57 30 57 21 49 62 29 55 59 62 18 49 44 33 36 59 30 29 78 17 50 69 55 27 28 41 46 19 46 68 38 53 48 72 52 79 23 47 70 26 25 23 68 70 35 25 62 64 14 73 57 46 69 45 14 18 9 62 12 28 44 49 34 38 22 17 28 26 56 21 60 49 43 29 0 
0 3000 21 1847 21 11 176 70 294 89 78 17 767 58 75 3000 9 1297 10 3000 9 17 689 0 17 260 21 3000 68 372 81 175 0 14 9 37 616 287 22 219 238 608 8 142 7 559 133 14 1399 1908 139 515 25 17 31 106 258 29 13 30 433 1182 347 56 630 828 34 188 1262 122 9 45 17 17 21 103 69 27 93 97 
3000 0 109 20 16 0 78 0 3000 10 35 1446 1282 19 16 0 12 36 269 0 0 361 27 0 397 413 0 255 46 12 12 302 0 156 994 447 533 366 15 2353 0 32 71 33 885 942 0 581 545 1550 0 164 17 46 373 450 0 9 2169 34 13 219 100 1132 9 809 9 70 14 7 244 2157 420 34 0 3000 11 109 3000 1796 
21 109 0 116 320 108 45 52 2720 2979 300 320 9 3000 238 142 96 109 103 20 103 34 99 0 64 211 17 22 21 159 23 200 0 7 230 586 719 76 11 163 88 80 8 175 1770 54 266 46 203 116 3000 10 25 3000 634 52 53 489 601 76 105 76 8 712 20 47 8 455 3000 99 3000 553 27 48 71 59 256 13 14 2252 
1847 20 116 0 64 245 0 15 80 0 346 1911 321 0 485 11 35 235 2681 1705 15 203 20 34 64 997 653 155 140 88 132 1657 10 146 14 36 1093 839 1175 656 9 35 15 18 332 12 74 287 1142 136 20 240 28 54 3000 117 418 0 8 276 3000 20 9 31 198 315 109 44 0 7 37 217 11 35 90 156 0 146 0 60 
21 16 320 64 0 0 22 0 59 348 121 0 3000 1376 83 0 120 324 32 0 0 93 73 0 0 56 0 2967 256 66 118 367 0 0 42 31 69 0 12 60 0 62 0 58 23 0 0 54 0 1651 0 413 63 230 48 201 0 411 19 0 25 584 13 32 944 475 15 15 185 1600 3000 64 20 55 0 1525 132 0 9 87 
11 0 108 245 0 0 0 93 1573 0 930 129 45 0 166 33 0 433 0 40 398 17 111 0 11 826 39 0 0 55 0 1033 37 752 449 48 134 25 34 0 359 312 101 0 8 13 61 38 103 0 471 0 30 0 11 1113 81 0 3000 555 145 0 0 0 0 24 3000 0 367 59 0 0 3000 374 0 0 0 497 0 0 
176 78 45 0 22 0 0 0 32 2014 2093 0 0 0 3000 0 254 0 29 0 0 0 50 0 0 0 0 402 72 3000 199 204 0 0 44 156 10 0 150 97 0 305 0 21 0 0 0 80 0 19 0 474 137 859 0 0 0 35 82 0 43 83 83 12 62 0 11 56 0 0 3000 731 0 331 0 339 78 0 173 50 
70 0 52 15 0 93 0 0 366 0 0 174 19 0 130 283 0 8 0 28 692 10 18 97 108 202 24 49 491 0 8 3000 182 1162 0 511 58 502 29 96 149 3000 26 0 342 149 56 18 69 0 69 60 91 0 929 0 307 0 0 1901 274 0 0 0 0 1144 30 0 0 11 0 17 371 0 55 0 0 294 0 1542 
294 3000 2720 80 59 1573 32 366 0 60 242 151 530 453 3000 37 146 47 406 14 1596 463 116 0 68 1855 164 16 9 3000 29 794 0 1535 112 75 79 9 33 1020 683 9 157 477 8 3000 26 352 32 86 413 2446 604 40 15 853 116 18 14 129 25 702 89 411 16 1791 1929 1039 33 716 617 164 73 97 55 752 138 17 172 77 
89 10 2979 0 348 0 2014 0 60 0 55 0 0 206 303 0 38 0 2238 0 0 0 22 0 0 112 0 899 79 866 779 10 0 0 21 33 913 0 351 0 0 19 0 22 0 0 0 1153 0 381 0 27 3000 13 10 342 0 12 416 0 345 200 155 13 89 90 21 636 824 331 2549 1383 0 29 0 14 22 0 214 176 
78 35 300 346 121 930 2093 0 242 55 0 118 448 13 2061 0 175 0 229 0 174 8 29 0 87 19 0 44 546 1195 164 68 0 126 14 833 1073 156 101 0 167 1600 17 34 44 17 11 1651 382 984 0 241 71 187 52 154 0 21 801 10 20 289 12 2293 2454 383 79 227 2536 8 70 408 20 317 0 539 3000 153 3000 24 
17 1446 320 1911 0 129 0 174 151 0 118 0 30 221 199 113 0 91 0 66 32 217 2757 0 2198 10 11 0 0 40 0 1081 0 76 330 497 812 14 157 0 308 664 33 46 1831 226 1000 38 133 0 242 0 191 0 262 577 78 0 1807 29 368 0 0 0 0 30 120 0 3000 532 0 0 11 628 0 0 822 56 0 0 
767 1282 9 321 3000 45 0 19 530 0 448 30 0 0 1605 841 0 8 22 49 0 120 383 29 0 283 128 717 30 108 89 346 135 225 130 50 88 2522 38 144 135 110 381 3000 54 11 44 157 0 11 10 581 25 633 50 0 1029 174 0 24 214 322 213 263 0 0 293 0 0 107 0 24 552 0 82 9 0 154 3000 8 
58 19 3000 0 1376 0 0 0 453 206 13 221 0 0 3000 0 117 0 31 0 3000 0 1083 0 304 25 0 0 53 774 0 0 0 863 98 2640 0 0 55 0 0 47 938 1814 0 31 0 172 531 0 0 0 0 11 26 9 0 154 27 0 441 278 392 449 76 123 13 15 98 3000 28 17 0 1881 0 300 53 0 235 0 
75 16 238 485 83 166 3000 130 3000 303 2061 199 1605 3000 0 75 3000 89 367 7 22 32 52 145 40 7 201 1339 10 38 486 9 9 158 12 255 102 440 17 955 1799 2269 640 14 2339 1443 337 71 8 94 989 7 59 45 58 51 66 2413 399 84 2180 91 57 3000 10 378 11 634 79 2169 17 586 2378 20 562 10 1576 20 27 624 
3000 0 142 11 0 33 0 283 37 0 0 113 841 0 75 0 0 639 0 30 15 129 175 0 690 178 35 0 0 69 0 10 0 74 126 755 0 31 0 0 8 19 1317 0 317 211 72 25 17 0 252 0 76 0 1389 14 22 0 63 369 22 0 0 0 0 477 3000 0 129 157 0 0 0 22 0 0 0 54 0 0 
9 12 96 35 120 0 254 0 146 38 175 0 0 117 3000 0 0 0 581 0 0 917 22 0 0 81 0 210 629 737 8 115 0 0 58 33 103 0 24 11 0 10 0 8 70 120 0 231 0 60 0 419 126 164 3000 1911 0 38 290 0 438 26 101 527 657 21 23 616 24 206 33 659 468 3000 0 168 3000 0 13 56 
1297 36 109 235 324 433 0 8 47 0 0 91 8 0 89 639 0 0 821 26 0 795 3000 376 0 123 266 134 27 67 3000 26 450 57 67 2474 24 12 82 146 204 54 65 23 124 776 38 218 0 19 29 38 387 298 11 0 16 3000 0 18 15 28 334 18 0 0 307 0 0 52 0 1035 217 0 2966 17 0 115 130 47 
10 269 103 2681 32 0 29 0 406 2238 229 0 22 31 367 0 581 821 0 0 0 15 1360 8 0 17 1564 94 336 73 1623 38 124 131 126 1348 56 0 25 15 0 70 0 1274 525 47 0 13 0 25 642 418 303 99 728 97 0 99 155 0 3000 7 115 42 31 415 37 44 0 176 106 274 566 453 162 28 38 37 10 2513 
3000 0 20 1705 0 40 0 28 14 0 0 66 49 0 7 30 0 26 0 0 186 1058 18 18 14 25 168 85 1255 63 1106 25 253 264 134 102 10 1313 201 135 453 503 154 0 397 687 14 14 8 0 15 11 221 0 10 133 630 0 0 173 642 0 0 0 0 50 458 0 0 457 0 0 63 0 63 0 0 244 0 135 
9 0 103 15 0 398 0 692 1596 0 174 32 0 3000 22 15 0 0 0 186 0 179 30 0 157 88 131 0 0 273 0 0 0 1070 12 160 0 543 0 0 27 301 48 0 45 31 252 1128 794 0 791 0 0 0 79 57 40 0 27 10 70 0 0 0 0 75 402 0 154 2228 0 0 0 26 0 0 0 54 0 0 
17 361 34 203 93 17 0 10 463 0 8 217 120 0 32 129 917 795 15 1058 179 0 75 54 75 18 531 48 18 433 1097 90 144 54 185 857 3000 145 44 202 3000 222 295 19 157 56 85 1571 784 122 15 33 826 23 791 120 873 0 57 11 2154 443 738 14 889 76 19 875 0 8 0 127 20 51 1396 89 0 244 0 439 
689 27 99 20 73 111 50 18 116 22 29 2757 383 1083 52 175 22 3000 1360 18 30 75 0 414 313 138 122 27 10 498 358 609 136 20 227 1802 68 58 170 8 917 401 45 7 38 41 337 47 71 226 29 71 1963 208 229 686 41 56 253 32 26 46 114 96 25 202 101 95 365 739 25 43 75 41 629 254 74 169 22 719 
0 0 0 34 0 0 0 97 0 0 0 0 29 0 145 0 0 376 8 18 0 54 414 0 0 278 777 324 1790 0 190 51 2659 9 0 0 111 22 22 44 7 432 0 0 427 258 0 3000 0 60 42 8 74 21 0 0 0 0 0 1040 8 0 0 0 0 0 61 0 0 0 0 685 896 0 86 0 0 37 0 310 
17 397 64 64 0 11 0 108 68 0 87 2198 0 304 40 690 0 0 0 14 157 75 313 0 0 3000 21 0 0 47 0 290 0 248 177 618 819 32 15 0 1634 276 267 152 111 225 309 1299 145 0 101 0 9 0 503 1258 46 0 806 13 24 0 0 664 0 3000 69 0 11 55 0 0 0 12 0 0 183 49 0 0 
260 413 211 997 56 826 0 202 1855 112 19 10 283 25 7 178 81 123 17 25 88 18 138 278 3000 0 10 344 97 1313 411 461 21 16 221 1838 153 582 9 415 9 1078 540 8 130 13 497 469 21 107 107 10 327 9 485 699 39 554 77 124 19 65 90 222 70 70 531 118 9 64 1552 417 81 11 46 998 470 8 11 9 
21 0 17 653 0 39 0 24 164 0 0 11 128 0 201 35 0 266 1564 168 131 531 122 777 21 10 0 134 25 59 47 75 55 31 398 15 9 306 88 56 60 76 263 0 746 53 818 10 599 272 470 10 40 42 64 0 138 0 0 15 276 0 0 0 0 454 250 0 0 12 0 976 27 0 8 0 0 26 0 3000 
3000 255 22 155 2967 0 402 49 16 899 44 0 717 0 1339 0 210 134 94 85 0 48 27 324 0 344 134 0 1770 12 16 9 57 95 274 172 48 209 14 272 132 25 908 1282 367 11 0 69 0 13 555 115 142 65 198 0 0 110 0 13 106 60 17 54 21 0 36 18 0 243 577 3000 103 0 2303 57 0 67 324 25 
68 46 21 140 256 0 72 491 9 79 546 0 30 53 10 0 629 27 336 1255 0 18 10 1790 0 97 25 1770 0 37 791 119 344 70 120 1999 501 810 42 588 18 185 21 44 80 18 0 1152 314 53 617 22 18 11 495 13 0 475 37 14 69 745 32 32 13 191 323 9 266 116 62 308 229 12 26 93 318 26 19 181 
372 12 159 88 66 55 3000 0 3000 866 1195 40 108 774 38 69 737 67 73 63 273 433 498 0 47 1313 59 12 37 0 3000 80 0 2300 17 676 3000 11 131 0 189 48 15 8 165 60 36 526 2411 581 138 127 262 699 192 34 0 756 214 74 79 91 29 387 35 8 8 3000 3000 17 63 135 183 995 0 365 15 277 1517 192 
81 12 23 132 118 0 199 8 29 779 164 0 89 0 486 0 8 3000 1623 1106 0 1097 358 190 0 411 47 16 791 3000 0 312 89 183 568 19 708 37 1080 112 0 313 1041 2320 676 661 0 20 0 620 1649 30 30 8 30 0 0 172 0 143 238 16 21 63 48 0 11 918 0 213 62 252 283 1889 14 43 0 303 3000 162 
175 302 200 1657 367 1033 204 3000 794 10 68 1081 346 0 9 10 115 26 38 25 0 90 609 51 290 461 75 9 119 80 312 0 312 2099 95 331 46 75 205 21 24 1224 29 222 9 65 259 618 28 1174 3000 127 75 122 3000 860 892 137 1529 211 163 80 335 233 84 2045 45 37 0 21 249 1283 80 254 39 1212 0 21 237 39 
0 0 0 10 0 37 0 182 0 0 0 0 135 0 9 0 0 450 124 253 0 144 136 2659 0 21 55 57 344 0 89 312 0 740 0 0 61 58 7 29 3000 556 0 0 35 158 0 178 0 536 35 14 108 0 0 0 0 0 0 73 140 0 0 0 0 0 124 0 0 0 0 188 250 0 36 0 0 66 0 176 
14 156 7 146 0 752 0 1162 1535 0 126 76 225 863 158 74 0 57 131 264 1070 54 20 9 248 16 31 95 70 2300 183 2099 740 0 136 281 3000 2288 72 66 15 715 22 51 9 109 8 263 156 0 27 20 336 259 8 935 135 0 196 42 195 18 14 591 0 381 12 87 2043 50 141 212 43 67 62 38 9 105 0 69 
9 994 230 14 42 449 44 0 112 21 14 330 130 98 12 126 58 67 126 134 12 185 227 0 177 221 398 274 120 17 568 95 0 136 0 10 2301 99 454 520 2415 148 1732 74 88 440 1341 52 10 482 14 657 18 142 11 48 0 118 9 357 2076 53 33 53 502 71 98 12 1329 336 76 13 667 170 0 84 228 192 126 54 
37 447 586 36 31 48 156 511 75 33 833 497 50 2640 255 755 33 2474 1348 102 160 857 1802 0 618 1838 15 172 1999 676 19 331 0 281 10 0 75 26 71 65 8 25 3000 46 11 533 140 64 948 24 986 31 44 715 1214 644 215 1011 1673 131 1201 34 143 9 8 693 10 109 22 95 117 16 73 121 2168 75 820 335 9 49 
616 533 719 1093 69 134 10 58 79 913 1073 812 88 0 102 0 103 24 56 10 0 3000 68 111 819 153 9 48 501 3000 708 46 61 3000 2301 75 0 19 103 32 107 357 8 157 1051 34 0 24 46 141 18 273 20 12 437 9 0 35 147 270 295 29 157 15 1070 22 8 259 0 613 1806 126 321 38 25 67 21 756 1139 278 
287 366 76 839 0 25 0 502 9 0 156 14 2522 0 440 31 0 12 0 1313 543 145 58 22 32 582 306 209 810 11 37 75 58 2288 99 26 19 0 9 776 96 11 51 59 146 102 132 825 368 0 24 94 17 0 230 15 86 0 397 16 180 0 0 0 0 57 3000 0 0 9 0 23 32 8 46 0 0 66 0 12 
22 15 11 1175 12 34 150 29 33 351 101 157 38 55 17 0 24 82 25 201 0 44 170 22 15 9 88 14 42 131 1080 205 7 72 454 71 103 9 0 17 13 10 66 112 58 7 0 110 28 154 54 164 33 401 1239 27 0 249 407 394 17 358 314 66 8 33 1640 115 51 22 714 11 124 694 162 60 126 433 39 378 
219 2353 163 656 60 0 97 96 1020 0 0 0 144 0 955 0 11 146 15 135 0 202 8 44 0 415 56 272 588 0 112 21 29 66 520 65 32 776 17 0 0 3000 0 174 422 75 0 172 0 863 121 22 61 20 0 0 0 997 0 1135 223 755 103 235 0 0 15 0 0 0 0 45 1932 0 520 13 0 54 30 309 
238 0 88 9 0 359 0 149 683 0 167 308 135 0 1799 8 0 204 0 453 27 3000 917 7 1634 9 60 132 18 189 0 24 3000 15 2415 8 107 96 13 0 0 1240 25 8 85 102 2051 3000 222 0 300 30 491 0 209 320 163 0 59 44 38 0 0 0 0 268 49 0 44 1871 0 0 113 8 35 0 0 50 0 34 
608 32 80 35 62 312 305 3000 9 19 1600 664 110 47 2269 19 10 54 70 503 301 222 401 432 276 1078 76 25 185 48 313 1224 556 715 148 25 357 11 10 3000 1240 0 700 86 566 38 22 11 1594 20 27 44 232 112 1643 40 58 81 10 33 755 17 792 367 405 493 10 434 273 12 7 544 129 569 2254 86 72 32 94 216 
8 71 8 15 0 101 0 26 157 0 17 33 381 938 640 1317 0 65 0 154 48 295 45 0 267 540 263 908 21 15 1041 29 0 22 1732 3000 8 51 66 0 25 700 0 193 971 25 939 407 360 0 1632 9 95 0 30 159 1498 0 69 30 830 0 0 458 0 88 682 15 13 184 0 989 7 2622 0 366 19 56 0 909 
142 33 175 18 58 0 21 0 477 22 34 46 3000 1814 14 0 8 23 1274 0 0 19 7 0 152 8 0 1282 44 8 2320 222 0 51 74 46 157 59 112 174 8 86 193 0 25 156 0 53 211 158 0 1865 14 348 566 22 0 10 1240 176 28 27 121 627 14 589 32 825 15 135 377 21 1339 417 0 1047 56 1144 3000 17 
7 885 1770 332 23 8 0 342 8 0 44 1831 54 0 2339 317 70 124 525 397 45 157 38 427 111 130 746 367 80 165 676 9 35 9 88 11 1051 146 58 422 85 566 971 25 0 30 10 16 9 211 403 244 2265 84 210 9 260 0 0 209 939 3000 201 11 0 71 120 0 0 13 0 8 1475 0 43 240 0 754 0 13 
559 942 54 12 0 13 0 149 3000 0 17 226 11 31 1443 211 120 776 47 687 31 56 41 258 225 13 53 11 18 60 661 65 158 109 440 533 34 102 7 75 102 38 25 156 30 0 147 383 135 118 27 868 37 40 23 1926 3000 0 35 111 18 222 972 25 8 117 909 280 21 65 311 289 1177 13 74 8 1317 21 0 1800 
133 0 266 74 0 61 0 56 26 0 11 1000 44 0 337 72 0 38 0 14 252 85 337 0 309 497 818 0 0 36 0 259 0 8 1341 140 0 132 0 0 2051 22 939 0 10 147 0 417 562 0 60 0 169 0 862 9 1880 0 44 19 32 0 0 0 0 85 34 0 31 125 0 0 0 46 0 0 0 3000 0 0 
14 581 46 287 54 38 80 18 352 1153 1651 38 157 172 71 25 231 218 13 14 1128 1571 47 3000 1299 469 10 69 1152 526 20 618 178 263 52 64 24 825 110 172 3000 11 407 53 16 383 417 0 112 23 21 75 121 236 86 26 1207 717 17 176 35 115 33 20 447 37 69 8 20 555 2973 9 100 21 74 157 15 3000 13 529 
1399 545 203 1142 0 103 0 69 32 0 382 133 0 531 8 17 0 0 0 8 794 784 71 0 145 21 599 0 314 2411 0 28 0 156 10 948 46 368 28 0 222 1594 360 211 9 135 562 112 0 0 287 0 77 66 453 37 249 0 228 34 20 0 196 541 660 303 61 435 27 21 26 41 0 29 0 91 3000 11 0 0 
1908 1550 116 136 1651 0 19 0 86 381 984 0 11 0 94 0 60 19 25 0 0 122 226 60 0 107 272 13 53 581 620 1174 536 0 482 24 141 0 154 863 0 20 0 158 211 118 0 23 0 0 342 116 42 29 30 71 0 76 378 0 84 10 425 112 561 0 792 1937 0 0 23 61 495 13 184 11 10 434 97 49 
139 0 3000 20 0 471 0 69 413 0 0 242 10 0 989 252 0 29 642 15 791 15 29 42 101 107 470 555 617 138 1649 3000 35 27 14 986 18 24 54 121 300 27 1632 0 403 27 60 21 287 342 0 971 20 8 138 0 55 0 0 12 98 0 0 0 0 31 85 0 0 359 0 89 374 0 2384 0 0 2872 0 31 
515 164 10 240 413 0 474 60 2446 27 241 0 581 0 7 0 419 38 418 11 0 33 71 8 0 10 10 115 22 127 30 127 14 20 657 31 273 94 164 22 30 44 9 1865 244 868 0 75 0 116 971 0 164 67 583 114 0 1545 59 423 171 12 46 264 75 40 149 155 0 11 482 37 37 72 52 85 606 37 58 147 
25 17 25 28 63 30 137 91 604 3000 71 191 25 0 59 76 126 387 303 221 0 826 1963 74 9 327 40 142 18 262 30 75 108 336 18 44 20 17 33 61 491 232 95 14 2265 37 169 121 77 42 20 164 0 95 414 101 2081 186 0 83 1254 94 883 38 505 363 1582 11 0 56 63 905 8 445 3000 19 0 613 48 959 
17 46 3000 54 230 0 859 0 40 13 187 0 633 11 45 0 164 298 99 0 0 23 208 21 0 9 42 65 11 699 8 122 0 259 142 715 12 0 401 20 0 112 0 348 84 40 0 236 66 29 8 67 95 0 45 71 0 175 535 0 1212 24 13 289 285 302 41 140 870 72 440 13 145 1018 1058 12 155 162 125 128 
31 373 634 3000 48 11 0 929 15 10 52 262 50 26 58 1389 3000 11 728 10 79 791 229 0 503 485 64 198 495 192 30 3000 0 8 11 1214 437 230 1239 0 209 1643 30 566 210 23 862 86 453 30 138 583 414 45 0 814 60 29 53 1326 522 595 95 43 12 42 22 170 865 59 12 11 267 122 0 16 8 79 425 16 
106 450 52 117 201 1113 0 0 853 342 154 577 0 9 51 14 1911 0 97 133 57 120 686 0 1258 699 0 0 13 34 0 860 0 935 48 644 9 15 27 0 320 40 159 22 9 1926 9 26 37 71 0 114 101 71 814 0 1039 13 13 46 148 135 3000 435 658 1077 308 64 3000 351 1315 33 0 109 0 107 79 0 84 17 
258 0 53 418 0 81 0 307 116 0 0 78 1029 0 66 22 0 16 0 630 40 873 41 0 46 39 138 0 0 0 0 892 0 135 0 215 0 86 0 0 163 58 1498 0 260 3000 1880 1207 249 0 55 0 2081 0 60 1039 0 0 0 80 155 0 0 0 0 25 806 0 0 30 0 0 50 0 0 0 0 3000 0 0 
29 9 489 0 411 0 35 0 18 12 21 0 174 154 2413 0 38 3000 99 0 0 0 56 0 0 554 0 110 475 756 172 137 0 0 118 1011 35 0 249 997 0 81 0 10 0 0 0 717 0 76 0 1545 186 175 29 13 0 0 181 0 270 144 820 15 730 0 3000 19 0 0 65 484 74 45 0 125 58 0 56 201 
13 2169 601 8 19 3000 82 0 14 416 801 1807 0 27 399 63 290 0 155 0 27 57 253 0 806 77 0 0 37 214 0 1529 0 196 9 1673 147 397 407 0 59 10 69 1240 0 35 44 17 228 378 0 59 0 535 53 13 0 181 0 18 214 3000 203 38 81 471 410 221 70 317 77 249 0 35 0 627 130 0 234 83 
30 34 76 276 0 555 0 1901 129 0 10 29 24 0 84 369 0 18 0 173 10 11 32 1040 13 124 15 13 14 74 143 211 73 42 357 131 270 16 394 1135 44 33 30 176 209 111 19 176 34 0 12 423 83 0 1326 46 80 0 18 0 45 0 0 0 0 1016 11 0 0 3000 0 20 124 87 14 0 0 17 0 298 
433 13 105 3000 25 145 43 274 25 345 20 368 214 441 2180 22 438 15 3000 642 70 2154 26 8 24 19 276 106 69 79 238 163 140 195 2076 1201 295 180 17 223 38 755 830 28 939 18 32 35 20 84 98 171 1254 1212 522 148 155 270 214 45 0 456 245 147 11 68 821 178 104 348 391 61 3000 53 54 18 317 1854 173 2052 
1182 219 76 20 584 0 83 0 702 200 289 0 322 278 91 0 26 28 7 0 0 443 46 0 0 65 0 60 745 91 16 80 0 18 53 34 29 0 358 755 0 17 0 27 3000 222 0 115 0 10 0 12 94 24 595 135 0 144 3000 0 456 0 742 73 589 41 39 294 123 94 230 23 19 45 68 144 233 178 157 156 
347 100 8 9 13 0 83 0 89 155 12 0 213 392 57 0 101 334 115 0 0 738 114 0 0 90 0 17 32 29 21 335 0 14 33 143 157 0 314 103 0 792 0 121 201 972 0 33 196 425 0 46 883 13 95 3000 0 820 203 0 245 742 0 39 1004 17 221 87 298 37 333 58 546 36 9 34 10 21 14 122 
56 1132 712 31 32 0 12 0 411 13 2293 0 263 449 3000 0 527 18 42 0 0 14 96 0 664 222 0 54 32 387 63 233 0 591 53 9 15 0 66 235 0 367 458 627 11 25 0 20 541 112 0 264 38 289 43 435 0 15 38 0 147 73 39 0 45 84 22 1911 221 226 125 1215 727 3000 0 191 19 1024 2253 21 
630 9 20 198 944 0 62 0 16 89 2454 0 0 76 10 0 657 0 31 0 0 889 25 0 0 70 0 21 13 35 48 84 0 0 502 8 1070 0 8 0 0 405 0 14 0 8 0 447 660 561 0 75 505 285 12 658 0 730 81 0 11 589 1004 45 0 184 3000 680 631 371 267 25 0 809 0 72 9 0 543 297 
828 809 47 315 475 24 0 1144 1791 90 383 30 0 123 378 477 21 0 415 50 75 76 202 0 3000 70 454 0 191 8 0 2045 0 381 71 693 22 57 33 0 268 493 88 589 71 117 85 37 303 0 31 40 363 302 42 1077 25 0 471 1016 68 41 17 84 184 0 344 8 129 212 510 17 0 3000 0 890 278 11 0 166 
34 9 8 109 15 3000 11 30 1929 21 79 120 293 13 11 3000 23 307 37 458 402 19 101 61 69 531 250 36 323 8 11 45 124 12 98 10 8 3000 1640 15 49 10 682 32 120 909 34 69 61 792 85 149 1582 41 22 308 806 3000 410 11 821 39 221 22 3000 344 0 103 66 24 337 1226 10 96 91 28 39 2990 143 878 
188 70 455 44 15 0 56 0 1039 636 227 0 0 15 634 0 616 0 44 0 0 875 95 0 0 118 0 18 9 3000 918 37 0 87 12 109 259 0 115 0 0 434 15 825 0 280 0 8 435 1937 0 155 11 140 170 64 0 19 221 0 178 294 87 1911 680 8 103 0 181 530 38 90 0 879 0 46 65 0 232 2652 
1262 14 3000 0 185 367 0 0 33 824 2536 3000 0 98 79 129 24 0 0 0 154 0 365 0 11 9 0 0 266 3000 0 0 0 2043 1329 22 0 0 51 0 44 273 13 15 0 21 31 20 27 0 0 0 0 870 865 3000 0 0 70 0 104 123 298 221 631 129 66 181 0 280 2216 11 0 465 0 37 12 0 0 0 
122 7 99 7 1600 59 0 11 716 331 8 532 107 3000 2169 157 206 52 176 457 2228 8 739 0 55 64 12 243 116 17 213 21 0 50 336 95 613 9 22 0 1871 12 184 135 13 65 125 555 21 0 359 11 56 72 59 351 30 0 317 3000 348 94 37 226 371 212 24 530 280 0 236 71 763 58 0 30 1513 147 0 333 
9 244 3000 37 3000 0 3000 0 617 2549 70 0 0 28 17 0 33 0 106 0 0 0 25 0 0 1552 0 577 62 63 62 249 0 141 76 117 1806 0 714 0 0 7 0 377 0 311 0 2973 26 23 0 482 63 440 12 1315 0 65 77 0 391 230 333 125 267 510 337 38 2216 236 0 272 0 903 0 92 507 0 124 86 
45 2157 553 217 64 0 731 17 164 1383 408 0 24 17 586 0 659 1035 274 0 0 127 43 685 0 417 976 3000 308 135 252 1283 188 212 13 16 126 23 11 45 0 544 989 21 8 289 0 9 41 61 89 37 905 13 11 33 0 484 249 20 61 23 58 1215 25 17 1226 90 11 71 272 0 177 123 272 2854 470 32 402 134 
17 420 27 11 20 3000 0 371 73 0 20 11 552 0 2378 0 468 217 566 63 0 20 75 896 0 81 27 103 229 183 283 80 250 43 667 73 321 32 124 1932 113 129 7 1339 1475 1177 0 100 0 495 374 37 8 145 267 0 50 74 0 124 3000 19 546 727 0 0 10 0 0 763 0 177 0 0 192 33 0 126 29 20 
17 34 48 35 55 374 331 0 97 29 317 628 0 1881 20 22 3000 0 453 0 26 51 41 0 12 11 0 0 12 995 1889 254 0 67 170 121 38 8 694 0 8 569 2622 417 0 13 46 21 29 13 0 72 445 1018 122 109 0 45 35 87 53 45 36 3000 809 3000 96 879 465 58 903 123 0 0 0 2567 68 0 665 20 
21 0 71 90 0 0 0 55 55 0 0 0 82 0 562 0 0 2966 162 63 0 1396 629 86 0 46 8 2303 26 0 14 39 36 62 0 2168 25 46 162 520 35 2254 0 0 43 74 0 74 0 184 2384 52 3000 1058 0 0 0 0 0 14 54 68 9 0 0 0 91 0 0 0 0 272 192 0 0 0 0 577 0 22 
103 3000 59 156 1525 0 339 0 752 14 539 0 9 300 10 0 168 17 28 0 0 89 254 0 0 998 0 57 93 365 43 1212 0 38 84 75 67 0 60 13 0 86 366 1047 240 8 0 157 91 11 0 85 19 12 16 107 0 125 627 0 18 144 34 191 72 890 28 46 37 30 92 2854 33 2567 0 0 156 54 39 86 
69 11 256 0 132 0 78 0 138 22 3000 822 0 53 1576 0 3000 0 38 0 0 0 74 0 183 470 0 0 318 15 0 0 0 9 228 820 21 0 126 0 0 72 19 56 0 1317 0 15 3000 10 0 606 0 155 8 79 0 58 130 0 317 233 10 19 9 278 39 65 12 1513 507 470 0 68 0 156 0 0 714 0 
27 109 13 146 0 497 0 294 17 0 153 56 154 0 20 54 0 115 37 244 54 244 169 37 49 8 26 67 26 277 303 21 66 105 192 335 756 66 433 54 50 32 56 1144 754 21 3000 3000 11 434 2872 37 613 162 79 0 3000 0 0 17 1854 178 21 1024 0 11 2990 0 0 147 0 32 126 0 577 54 0 0 0 80 
93 3000 14 0 9 0 173 0 172 214 3000 0 3000 235 27 0 13 130 10 0 0 0 22 0 0 11 0 324 19 1517 3000 237 0 0 126 9 1139 0 39 30 0 94 0 3000 0 0 0 13 0 97 0 58 48 125 425 84 0 56 234 0 173 157 14 2253 543 0 143 232 0 0 124 402 29 665 0 39 714 0 0 1225 
