80
0 12 66 113 12 75 33 58 83 52 68 40 61 2 42 94 46 13 27 67 46 60 55 39 77 46 56 56 28 64 4 20 62 78 61 80 56 75 11 11 67 9 59 72 30 108 50 12 50 90 53 31 44 35 15 57 7 90 79 50 77 18 75 5 19 52 70 35 113 65 17 19 32 30 16 34 8 91 22 85 
12 0 72 124 22 87 33 67 93 59 79 46 70 13 53 105 58 21 27 76 57 71 66 50 89 53 68 66 40 72 12 11 71 88 69 90 66 82 9 18 78 7 67 83 41 120 60 15 55 101 62 41 54 41 22 67 7 99 90 59 88 27 85 7 10 64 80 44 124 74 23 30 37 38 28 46 20 102 33 96 
66 72 0 94 71 69 44 20 45 14 45 27 99 66 41 58 49 75 49 29 43 83 79 40 71 21 70 38 60 110 63 70 102 40 105 46 39 10 63 75 68 66 19 98 68 88 92 57 18 69 99 41 84 32 77 33 66 38 84 96 82 49 100 70 69 67 105 37 92 103 50 70 35 37 65 59 66 66 63 73 
113 124 94 0 105 38 118 77 50 93 52 95 83 111 75 39 67 109 119 65 70 64 66 78 36 91 59 64 85 97 113 130 86 55 93 48 64 90 120 112 47 119 78 65 86 6 87 113 101 26 92 87 84 100 109 67 118 63 41 92 41 100 65 118 129 62 79 86 3 83 107 98 104 94 98 79 105 28 92 28 
12 22 71 105 0 68 43 59 80 56 64 44 49 10 39 90 41 5 38 66 43 49 44 38 70 49 47 53 21 52 15 32 50 76 49 76 53 78 23 6 58 21 60 61 20 101 38 22 55 84 41 32 33 41 6 55 19 89 69 38 68 22 63 15 31 43 58 35 105 53 24 8 39 33 8 27 6 85 14 77 
75 87 69 38 68 0 83 49 35 63 25 62 53 74 39 35 31 72 83 41 34 32 32 43 2 59 23 32 48 68 76 93 57 36 63 30 32 68 82 74 10 82 50 40 49 33 54 76 70 18 61 51 50 66 72 36 81 52 17 60 15 64 42 80 92 26 53 51 38 55 70 61 70 59 60 41 68 22 54 9 
33 33 44 118 43 83 0 46 76 32 66 24 88 34 44 90 53 45 6 58 49 80 75 40 85 30 71 54 47 93 29 27 90 71 90 75 54 53 24 44 77 27 45 94 53 112 78 21 26 92 82 32 70 18 47 52 29 77 92 79 90 24 97 34 27 67 96 32 117 92 19 46 14 24 41 50 37 91 44 91 
58 67 20 77 59 49 46 0 31 16 26 22 81 57 23 45 30 64 49 13 24 63 59 23 51 16 50 18 45 92 56 67 84 26 88 31 19 22 59 65 48 60 1 78 52 71 75 51 24 52 81 28 67 28 65 13 60 32 64 79 62 40 80 63 66 48 86 24 75 85 44 56 33 28 52 42 55 49 49 54 
83 93 45 50 80 35 76 31 0 46 16 52 84 81 41 14 39 85 79 19 37 63 61 43 36 47 50 27 61 98 81 95 87 6 93 5 27 40 86 86 40 87 32 74 66 44 81 79 54 26 88 52 75 59 85 26 86 17 52 87 50 66 76 88 94 50 85 49 47 87 71 75 63 56 72 56 78 22 67 34 
52 59 14 93 56 63 32 16 46 0 41 13 87 52 29 60 38 60 37 28 33 72 68 27 65 7 60 31 47 97 49 57 90 41 93 46 31 23 50 61 60 52 15 87 55 87 80 43 8 67 86 27 71 18 62 27 52 45 77 83 74 35 90 56 56 57 93 24 91 91 36 56 22 23 51 46 51 65 49 68 
68 79 45 52 64 25 66 26 16 41 0 43 68 67 26 26 23 69 68 16 22 48 45 29 27 38 34 13 45 82 67 82 72 15 77 12 13 43 72 71 27 73 27 60 50 47 65 65 48 27 72 38 58 48 70 15 72 31 41 71 39 52 62 73 81 34 71 36 51 71 58 59 52 44 56 39 62 25 51 28 
40 46 27 95 44 62 24 22 52 13 43 0 78 39 24 66 33 48 27 34 28 65 60 21 64 7 54 31 37 87 37 45 81 47 83 51 31 35 38 48 57 40 22 81 44 89 70 31 12 69 76 17 62 6 50 28 40 54 73 73 71 22 83 44 45 51 85 14 94 82 23 44 11 11 39 37 39 68 37 69 
61 70 99 83 49 53 88 81 84 87 68 78 0 59 58 88 51 50 84 80 56 21 23 60 54 80 34 65 42 15 64 80 4 83 10 79 64 103 72 52 45 70 82 19 35 81 11 70 90 71 11 61 17 78 48 69 68 99 42 13 42 63 20 64 79 34 10 64 84 4 69 42 79 69 47 41 53 75 44 61 
2 13 66 111 10 74 34 57 81 52 67 39 59 0 41 93 45 11 28 66 45 58 53 38 75 46 54 55 26 62 5 22 60 77 59 78 54 75 13 10 65 11 58 70 28 107 48 13 50 88 52 30 42 35 13 55 9 89 77 48 75 18 73 7 21 50 68 34 111 63 17 17 32 30 14 32 6 89 20 83 
42 53 41 75 39 39 44 23 41 29 26 24 58 41 0 52 10 44 44 27 5 43 38 3 42 23 31 14 22 70 41 56 61 37 65 38 14 45 46 46 34 47 24 58 29 70 52 39 34 50 58 12 44 27 45 15 46 50 50 56 47 26 60 47 55 28 64 11 74 62 32 35 30 20 32 19 37 50 27 47 
94 105 58 39 90 35 90 45 14 60 26 66 88 93 52 0 49 95 92 32 48 66 65 55 35 60 55 38 71 102 93 108 91 19 97 15 39 52 98 97 43 99 45 75 75 33 87 91 68 20 94 64 81 72 96 39 98 25 51 93 49 78 77 100 107 56 88 61 36 90 84 85 76 69 82 65 89 15 77 30 
46 58 49 67 41 31 53 30 39 38 23 33 51 45 10 49 0 46 53 30 6 34 30 13 33 32 21 15 22 63 46 63 54 37 58 35 14 52 52 48 24 52 31 49 27 63 46 46 44 44 53 21 38 37 47 18 51 51 40 51 38 33 51 52 62 19 56 20 67 55 40 35 39 29 33 16 40 44 28 39 
13 21 75 109 5 72 45 64 85 60 69 48 50 11 44 95 46 0 40 71 47 52 47 42 74 54 51 58 25 51 17 31 51 81 49 81 57 83 23 3 62 21 65 63 23 105 39 24 59 88 41 36 34 44 2 59 19 94 73 38 71 26 65 14 30 47 59 40 109 54 27 11 42 38 13 31 9 89 18 81 
27 27 49 119 38 83 6 49 79 37 68 27 84 28 44 92 53 40 0 61 49 78 72 41 86 33 70 56 44 89 23 21 86 74 86 77 56 59 18 39 77 21 49 92 50 114 74 16 31 94 78 32 67 21 42 54 23 81 92 75 89 22 94 28 21 66 93 33 118 88 15 42 16 25 38 48 32 93 40 91 
67 76 29 65 66 41 58 13 19 28 16 34 80 66 27 32 30 71 61 0 26 61 57 29 42 28 47 15 49 93 65 78 83 13 88 18 16 27 69 72 41 70 13 74 56 60 75 62 36 40 82 36 68 40 72 12 70 23 57 80 54 49 76 72 77 46 84 32 63 83 54 62 45 39 58 45 63 37 54 44 
46 57 43 70 43 34 49 24 37 33 22 28 56 45 5 48 6 47 49 26 0 40 35 9 36 27 27 11 24 68 45 61 60 34 63 34 10 47 51 49 29 51 26 55 30 65 51 44 38 45 57 18 43 32 48 14 50 48 45 55 42 31 57 51 60 24 62 17 69 60 37 37 35 25 35 19 40 45 29 42 
60 71 83 64 49 32 80 63 63 72 48 65 21 58 43 66 34 52 78 61 40 0 5 45 33 66 14 46 34 36 62 80 25 62 31 58 45 86 70 54 23 68 65 15 30 62 23 66 77 50 29 50 21 67 51 51 67 79 23 29 23 56 17 64 79 16 23 51 65 24 63 41 69 58 44 30 52 54 39 40 
55 66 79 66 44 32 75 59 61 68 45 60 23 53 38 65 30 47 72 57 35 5 0 40 33 61 11 43 29 37 57 74 26 60 32 56 42 82 65 50 23 63 61 20 25 64 22 60 72 51 28 44 18 62 46 47 62 76 27 28 25 51 23 59 73 12 26 46 67 26 57 36 63 53 39 24 47 54 34 41 
39 50 40 78 38 43 40 23 43 27 29 21 60 38 3 55 13 42 41 29 9 45 40 0 45 21 33 17 22 70 38 53 63 39 66 40 16 45 43 44 37 44 24 60 29 73 53 36 32 53 59 9 45 24 43 17 43 52 53 57 51 23 63 45 52 30 66 8 77 64 29 34 27 16 30 19 34 53 26 51 
77 89 71 36 70 2 85 51 36 65 27 64 54 75 42 35 33 74 86 42 36 33 33 45 0 61 24 34 49 68 78 95 57 38 64 31 34 70 84 76 11 84 52 40 51 32 55 78 72 18 61 53 51 68 74 38 83 53 16 61 14 66 42 82 94 27 53 53 36 56 72 62 72 61 62 43 70 21 56 8 
46 53 21 91 49 59 30 16 47 7 38 7 80 46 23 60 32 54 33 28 27 66 61 21 61 0 54 27 40 90 43 52 83 41 85 46 28 29 44 54 55 46 16 81 48 85 72 38 11 65 79 20 64 13 55 24 46 47 72 76 69 28 83 50 52 51 87 16 89 84 30 48 18 16 43 39 45 63 42 65 
56 68 70 59 47 23 71 50 50 60 34 54 34 54 31 55 21 51 70 47 27 14 11 33 24 54 0 33 28 48 57 75 38 49 43 45 32 72 65 53 13 64 51 28 27 56 33 59 65 41 39 39 27 56 50 37 63 65 23 38 21 48 30 61 74 4 37 40 60 37 55 39 59 48 40 22 48 44 34 32 
56 66 38 64 53 32 54 18 27 31 13 31 65 55 14 38 15 58 56 15 11 46 43 17 34 27 33 0 35 78 55 69 68 23 73 24 1 39 60 60 30 60 19 61 41 59 60 53 38 38 67 25 53 36 59 5 60 37 46 65 44 40 63 61 69 31 69 23 63 69 45 48 40 31 45 30 51 37 40 38 
28 40 60 85 21 48 47 45 61 47 45 37 42 26 22 71 22 25 44 49 24 34 29 22 49 40 28 35 0 50 29 47 44 58 46 57 34 66 37 27 38 36 46 48 8 81 33 32 49 63 39 20 25 36 25 37 34 72 51 36 49 22 50 33 46 24 50 24 85 46 29 14 37 27 13 6 20 64 7 57 
64 72 110 97 52 68 93 92 98 97 82 87 15 62 70 102 63 51 89 93 68 36 37 70 68 90 48 78 50 0 67 82 11 97 5 93 77 115 75 53 59 72 94 32 43 95 18 74 99 86 11 71 26 86 50 82 71 113 56 14 57 70 32 65 81 48 19 74 98 13 75 47 86 77 52 51 57 89 51 76 
4 12 63 113 15 76 29 56 81 49 67 37 64 5 41 93 46 17 23 65 45 62 57 38 78 43 57 55 29 67 0 18 65 77 64 78 54 72 8 15 67 7 56 75 32 108 53 8 46 89 57 30 47 31 19 55 5 88 80 54 78 16 77 7 17 53 73 33 113 68 13 22 28 27 18 35 11 90 23 85 
20 11 70 130 32 93 27 67 95 57 82 45 80 22 56 108 63 31 21 78 61 80 74 53 95 52 75 69 47 82 18 0 82 90 79 93 69 79 10 29 85 11 67 92 50 125 70 17 52 106 72 44 64 39 33 69 13 99 98 69 96 30 94 17 1 71 90 46 129 84 24 39 35 39 36 53 28 106 41 102 
62 71 102 86 50 57 90 84 87 90 72 81 4 60 61 91 54 51 86 83 60 25 26 63 57 83 38 68 44 11 65 82 0 86 7 82 67 106 73 53 48 71 85 21 37 84 12 71 93 75 10 64 19 81 49 73 69 103 45 13 45 66 22 65 81 38 10 67 87 3 71 44 81 71 49 44 55 78 46 64 
78 88 40 55 76 36 71 26 6 41 15 47 83 77 37 19 37 81 74 13 34 62 60 39 38 41 49 23 58 97 77 90 86 0 92 7 24 35 81 82 40 82 26 74 63 49 80 74 49 30 87 47 73 53 82 22 82 16 53 85 51 61 76 84 90 49 85 44 52 86 66 71 58 51 68 53 73 27 63 37 
61 69 105 93 49 63 90 88 93 93 77 83 10 59 65 97 58 49 86 88 63 31 32 66 64 85 43 73 46 5 64 79 7 92 0 88 72 110 72 51 54 69 89 28 38 91 13 70 95 81 8 66 21 82 47 77 68 108 52 11 52 66 29 63 79 43 16 69 94 10 71 43 82 73 48 46 54 85 47 71 
80 90 46 48 76 30 75 31 5 46 12 51 79 78 38 15 35 81 77 18 34 58 56 40 31 46 45 24 57 93 78 93 82 7 88 0 24 42 83 83 35 84 31 69 62 42 77 76 54 23 84 49 70 57 82 24 83 22 47 82 45 63 71 85 92 45 80 46 46 82 69 71 61 54 68 51 74 20 63 30 
56 66 39 64 53 32 54 19 27 31 13 31 64 54 14 39 14 57 56 16 10 45 42 16 34 28 32 1 34 77 54 69 67 24 72 24 0 40 59 59 29 60 20 60 40 58 59 52 38 38 66 25 52 36 58 5 59 38 45 64 43 39 62 61 69 30 68 23 63 68 45 48 40 31 45 29 50 37 40 38 
75 82 10 90 78 68 53 22 40 23 43 35 103 75 45 52 52 83 59 27 47 86 82 45 70 29 72 39 66 115 72 79 106 35 110 42 40 0 73 83 68 75 21 100 74 84 97 66 28 65 104 47 89 41 84 35 75 30 84 101 82 57 102 79 79 70 108 44 87 107 59 77 45 45 72 64 74 62 69 70 
11 9 63 120 23 82 24 59 86 50 72 38 72 13 46 98 52 23 18 69 51 70 65 43 84 44 65 60 37 75 8 10 73 81 72 83 59 73 0 22 74 3 59 83 40 115 61 7 46 96 64 34 55 32 25 59 4 91 87 61 85 20 85 10 9 61 81 37 119 76 15 30 28 30 26 43 19 96 31 91 
11 18 75 112 6 74 44 65 86 61 71 48 52 10 46 97 48 3 39 72 49 54 50 44 76 54 53 60 27 53 15 29 53 82 51 83 59 83 22 0 65 19 65 65 26 107 41 23 59 90 43 37 36 44 4 61 17 95 75 40 73 26 67 12 28 49 62 41 112 56 27 14 42 38 14 33 10 91 20 84 
67 78 68 47 58 10 77 48 40 60 27 57 45 65 34 43 24 62 77 41 29 23 23 37 11 55 13 30 38 59 67 85 48 40 54 35 29 68 74 65 0 73 49 34 39 43 45 68 66 28 51 45 40 61 62 34 72 57 17 50 14 56 36 71 84 16 46 45 47 47 63 51 64 53 51 32 59 31 45 19 
9 7 66 119 21 82 27 60 87 52 73 40 70 11 47 99 52 21 21 70 51 68 63 44 84 46 64 60 36 72 7 11 71 82 69 84 60 75 3 19 73 0 60 81 38 115 59 9 48 96 62 35 53 34 23 60 1 92 86 59 84 21 83 7 10 60 79 38 119 74 16 27 30 32 24 42 17 96 30 91 
59 67 19 78 60 50 45 1 32 15 27 22 82 58 24 45 31 65 49 13 26 65 61 24 52 16 51 19 46 94 56 67 85 26 89 31 20 21 59 65 49 60 0 79 53 72 76 52 23 52 83 28 68 29 66 15 60 32 65 80 63 41 81 64 67 49 87 25 76 86 44 57 33 29 53 43 56 50 50 55 
72 83 98 65 61 40 94 78 74 87 60 81 19 70 58 75 49 63 92 74 55 15 20 60 40 81 28 61 48 32 75 92 21 74 28 69 60 100 83 65 34 81 79 0 43 64 27 79 92 57 30 65 29 82 62 65 79 91 26 31 27 70 2 76 91 31 13 67 67 18 77 53 83 73 57 44 64 61 52 47 
30 41 68 86 20 49 53 52 66 55 50 44 35 28 29 75 27 23 50 56 30 30 25 29 51 48 27 41 8 43 32 50 37 63 38 62 40 74 40 26 39 38 53 43 0 82 26 36 57 66 31 28 18 44 23 44 37 78 49 28 48 29 45 34 49 24 43 31 86 39 34 12 44 35 14 11 22 68 9 58 
108 120 88 6 101 33 112 71 44 87 47 89 81 107 70 33 63 105 114 60 65 62 64 73 32 85 56 59 81 95 108 125 84 49 91 42 58 84 115 107 43 115 72 64 82 0 85 108 95 20 90 82 81 95 105 61 114 57 39 90 39 95 65 113 124 59 78 81 4 82 102 94 99 89 94 74 101 22 88 24 
50 60 92 87 38 54 78 75 81 80 65 70 11 48 52 87 46 39 74 75 51 23 22 53 55 72 33 60 33 18 53 70 12 80 13 77 59 97 61 41 45 59 76 27 26 85 0 59 82 73 7 53 8 69 37 64 57 96 46 6 46 54 28 53 69 32 20 56 88 15 59 32 69 60 37 33 43 76 34 63 
12 15 57 113 22 76 21 51 79 43 65 31 70 13 39 91 46 24 16 62 44 66 60 36 78 38 59 53 32 74 8 17 71 74 70 76 52 66 7 23 68 9 52 79 36 108 59 0 40 89 63 27 52 25 26 52 9 84 82 60 80 13 81 14 16 56 79 30 113 74 8 27 22 23 23 37 17 89 27 85 
50 55 18 101 55 70 26 24 54 8 48 12 90 50 34 68 44 59 31 36 38 77 72 32 72 11 65 38 49 99 46 52 93 49 95 54 38 28 46 59 66 48 23 92 57 95 82 40 0 75 88 29 74 15 61 34 49 52 83 85 80 33 94 53 51 62 97 26 99 94 33 56 18 23 51 49 50 73 50 76 
90 101 69 26 84 18 92 52 26 67 27 69 71 88 50 20 44 88 94 40 45 50 51 53 18 65 41 38 63 86 89 106 75 30 81 23 38 65 96 90 28 96 52 57 66 20 73 89 75 0 79 62 68 75 88 41 95 42 32 78 31 76 59 95 105 43 70 61 24 73 82 77 79 69 76 57 83 5 70 11 
53 62 99 92 41 61 82 81 88 86 72 76 11 52 58 94 53 41 78 82 57 29 28 59 61 79 39 67 39 11 57 72 10 87 8 84 66 104 64 43 51 62 83 30 31 90 7 63 88 79 0 59 15 75 40 71 60 103 52 3 51 59 31 55 71 38 20 62 94 14 63 36 75 66 41 40 46 82 39 69 
31 41 41 87 32 51 32 28 52 27 38 17 61 30 12 64 21 36 32 36 18 50 44 9 53 20 39 25 20 71 30 44 64 47 66 49 25 47 34 37 45 35 28 65 28 82 53 27 29 62 59 0 45 17 38 25 34 58 60 56 58 14 67 37 43 36 69 4 86 66 20 29 19 9 25 21 28 62 22 59 
44 54 84 84 33 50 70 67 75 71 58 62 17 42 44 81 38 34 67 68 43 21 18 45 51 64 27 53 25 26 47 64 19 73 21 70 52 89 55 36 40 53 68 29 18 81 8 52 74 68 15 45 0 61 33 56 52 89 44 12 43 46 31 48 63 25 26 48 85 22 52 26 62 52 30 25 37 71 27 59 
35 41 32 100 41 66 18 28 59 18 48 6 78 35 27 72 37 44 21 40 32 67 62 24 68 13 56 36 36 86 31 39 81 53 82 57 36 41 32 44 61 34 29 82 44 95 69 25 15 75 75 17 61 0 46 34 34 60 77 72 74 18 84 39 39 53 86 16 99 82 18 41 5 9 36 38 35 74 36 73 
15 22 77 109 6 72 47 65 85 62 70 50 48 13 45 96 47 2 42 72 48 51 46 43 74 55 50 59 25 50 19 33 49 82 47 82 58 84 25 4 62 23 66 62 23 105 37 26 61 88 40 38 33 46 0 61 21 95 72 36 71 28 64 16 32 47 58 41 109 52 30 11 44 39 14 31 11 90 19 81 
57 67 33 67 55 36 52 13 26 27 15 28 69 55 15 39 18 59 54 12 14 51 47 17 38 24 37 5 37 82 55 69 73 22 77 24 5 35 59 61 34 60 15 65 44 61 64 52 34 41 71 25 56 34 61 0 60 34 51 69 48 40 67 62 68 35 74 23 65 73 45 50 38 30 47 33 52 40 42 42 
7 7 66 118 19 81 29 60 86 52 72 40 68 9 46 98 51 19 23 70 50 67 62 43 83 46 63 60 34 71 5 13 69 82 68 83 59 75 4 17 72 1 60 79 37 114 57 9 49 95 60 34 52 34 21 60 0 92 85 57 83 20 82 6 12 59 77 37 118 72 16 26 31 31 23 40 15 95 28 90 
90 99 38 63 89 52 77 32 17 45 31 54 99 89 50 25 51 94 81 23 48 79 76 52 53 47 65 37 72 113 88 99 103 16 108 22 38 30 91 95 57 92 32 91 78 57 96 84 52 42 103 58 89 60 95 34 92 0 69 101 67 72 92 95 99 65 102 55 60 102 76 85 65 61 81 67 86 38 77 51 
79 90 84 41 69 17 92 64 52 77 41 73 42 77 50 51 40 73 92 57 45 23 27 53 16 72 23 46 51 56 80 98 45 53 52 47 45 84 87 75 17 86 65 26 49 39 46 82 83 32 52 60 44 77 72 51 85 69 0 52 3 71 27 83 97 27 39 61 42 43 77 62 80 69 63 45 71 36 57 21 
50 59 96 92 38 60 79 79 87 83 71 73 13 48 56 93 51 38 75 80 55 29 28 57 61 76 38 65 36 14 54 69 13 85 11 82 64 101 61 40 50 59 80 31 28 90 6 60 85 78 3 56 12 72 36 69 57 101 52 0 51 56 32 52 68 37 23 60 94 16 60 33 72 63 38 37 43 81 36 69 
77 88 82 41 68 15 90 62 50 74 39 71 42 75 47 49 38 71 89 54 42 23 25 51 14 69 21 44 49 57 78 96 45 51 52 45 43 82 85 73 14 84 63 27 48 39 46 80 80 31 51 58 43 74 71 48 83 67 3 51 0 68 28 82 95 25 40 58 42 44 75 60 77 66 61 43 69 35 55 20 
18 27 49 100 22 64 24 40 66 35 52 22 63 18 26 78 33 26 22 49 31 56 51 23 66 28 48 40 22 70 16 30 66 61 66 63 39 57 20 26 56 21 41 70 29 95 54 13 33 76 59 14 46 18 28 40 20 72 71 56 68 0 73 23 29 44 72 17 100 68 7 24 17 12 18 27 17 76 20 72 
75 85 100 65 63 42 97 80 76 90 62 83 20 73 60 77 51 65 94 76 57 17 23 63 42 83 30 63 50 32 77 94 22 76 29 71 62 102 85 67 36 83 81 2 45 65 28 81 94 59 31 67 31 84 64 67 82 92 27 32 28 73 0 78 93 33 13 69 67 19 79 56 86 75 59 47 66 63 54 48 
5 7 70 118 15 80 34 63 88 56 73 44 64 7 47 100 52 14 28 72 51 64 59 45 82 50 61 61 33 65 7 17 65 84 63 85 61 79 10 12 71 7 64 76 34 113 53 14 53 95 55 37 48 39 16 62 6 95 83 52 82 23 78 0 16 57 73 40 118 68 21 23 35 35 21 39 13 96 27 90 
19 10 69 129 31 92 27 66 94 56 81 45 79 21 55 107 62 30 21 77 60 79 73 52 94 52 74 69 46 81 17 1 81 90 79 92 69 79 9 28 84 10 67 91 49 124 69 16 51 105 71 43 63 39 32 68 12 99 97 68 95 29 93 16 0 70 89 46 128 83 23 38 34 38 35 52 27 105 40 101 
52 64 67 62 43 26 67 48 50 57 34 51 34 50 28 56 19 47 66 46 24 16 12 30 27 51 4 31 24 48 53 71 38 49 43 45 30 70 61 49 16 60 49 31 24 59 32 56 62 43 38 36 25 53 47 35 59 65 27 37 25 44 33 57 70 0 38 37 63 38 51 36 55 44 36 18 44 46 30 35 
70 80 105 79 58 53 96 86 85 93 71 85 10 68 64 88 56 59 93 84 62 23 26 66 53 87 37 69 50 19 73 90 10 85 16 80 68 108 81 62 46 79 87 13 43 78 20 79 97 70 20 69 26 86 58 74 77 102 39 23 40 72 13 73 89 38 0 71 81 6 77 52 86 76 56 48 62 74 52 60 
35 44 37 86 35 51 32 24 49 24 36 14 64 34 11 61 20 40 33 32 17 51 46 8 53 16 40 23 24 74 33 46 67 44 69 46 23 44 37 41 45 38 25 67 31 81 56 30 26 61 62 4 48 16 41 23 37 55 61 60 58 17 69 40 46 37 71 0 85 68 22 33 19 8 28 23 31 60 26 59 
113 124 92 3 105 38 117 75 47 91 51 94 84 111 74 36 67 109 118 63 69 65 67 77 36 89 60 63 85 98 113 129 87 52 94 46 63 87 119 112 47 119 76 67 86 4 88 113 99 24 94 86 85 99 109 65 118 60 42 94 42 100 67 118 128 63 81 85 0 85 106 98 103 93 98 79 105 26 92 28 
65 74 103 83 53 55 92 85 87 91 71 82 4 63 62 90 55 54 88 83 60 24 26 64 56 84 37 69 46 13 68 84 3 86 10 82 68 107 76 56 47 74 86 18 39 82 15 74 94 73 14 66 22 82 52 73 72 102 43 16 44 68 19 68 83 38 6 68 85 0 73 47 83 73 51 45 57 77 48 63 
17 23 50 107 24 70 19 44 71 36 58 23 69 17 32 84 40 27 15 54 37 63 57 29 72 30 55 45 29 75 13 24 71 66 71 69 45 59 15 27 63 16 44 77 34 102 59 8 33 82 63 20 52 18 30 45 16 76 77 60 75 7 79 21 23 51 77 22 106 73 0 28 15 15 23 33 19 82 25 79 
19 30 70 98 8 61 46 56 75 56 59 44 42 17 35 85 35 11 42 62 37 41 36 34 62 48 39 48 14 47 22 39 44 71 43 71 48 77 30 14 51 27 57 53 12 94 32 27 56 77 36 29 26 41 11 50 26 85 62 33 60 24 56 23 38 36 52 33 98 47 28 0 40 33 5 20 11 78 8 70 
32 37 35 104 39 70 14 33 63 22 52 11 79 32 30 76 39 42 16 45 35 69 63 27 72 18 59 40 37 86 28 35 81 58 82 61 40 45 28 42 64 30 33 83 44 99 69 22 18 79 75 19 62 5 44 38 31 65 80 72 77 17 86 35 34 55 86 19 103 83 15 40 0 11 35 39 33 78 35 77 
30 38 37 94 33 59 24 28 56 23 44 11 69 30 20 69 29 38 25 39 25 58 53 16 61 16 48 31 27 77 27 39 71 51 73 54 31 45 30 38 53 32 29 73 35 89 60 23 23 69 66 9 52 9 39 30 31 61 69 63 66 12 75 35 38 44 76 8 93 73 15 33 11 0 28 29 29 69 27 67 
16 28 65 98 8 60 41 52 72 51 56 39 47 14 32 82 33 13 38 58 35 44 39 30 62 43 40 45 13 52 18 36 49 68 48 68 45 72 26 14 51 24 53 57 14 94 37 23 51 76 41 25 30 36 14 47 23 81 63 38 61 18 59 21 35 36 56 28 98 51 23 5 35 28 0 19 8 77 6 70 
34 46 59 79 27 41 50 42 56 46 39 37 41 32 19 65 16 31 48 45 19 30 24 19 43 39 22 30 6 51 35 53 44 53 46 51 29 64 43 33 32 42 43 44 11 74 33 37 49 57 40 21 25 38 31 33 40 67 45 37 43 27 47 39 52 18 48 23 79 45 33 20 39 29 19 0 27 58 13 50 
8 20 66 105 6 68 37 55 78 51 62 39 53 6 37 89 40 9 32 63 40 52 47 34 70 45 48 51 20 57 11 28 55 73 54 74 50 74 19 10 59 17 56 64 22 101 43 17 50 83 46 28 37 35 11 52 15 86 71 43 69 17 66 13 27 44 62 31 105 57 19 11 33 29 8 27 0 84 14 77 
91 102 66 28 85 22 91 49 22 65 25 68 75 89 50 15 44 89 93 37 45 54 54 53 21 63 44 37 64 89 90 106 78 27 85 20 37 62 96 91 31 96 50 61 68 22 76 89 73 5 82 62 71 74 90 40 95 38 36 81 35 76 63 96 105 46 74 60 26 77 82 78 78 69 77 58 84 0 71 15 
22 33 63 92 14 54 44 49 67 49 51 37 44 20 27 77 28 18 40 54 29 39 34 26 56 42 34 40 7 51 23 41 46 63 47 63 40 69 31 20 45 30 50 52 9 88 34 27 50 70 39 22 27 36 19 42 28 77 57 36 55 20 54 27 40 30 52 26 92 48 25 8 35 27 6 13 14 71 0 64 
85 96 73 28 77 9 91 54 34 68 28 69 61 83 47 30 39 81 91 44 42 40 41 51 8 65 32 38 57 76 85 102 64 37 71 30 38 70 91 84 19 91 55 47 58 24 63 85 76 11 69 59 59 73 81 42 90 51 21 69 20 72 48 90 101 35 60 59 28 63 79 70 77 67 70 50 77 15 64 0 
0 38 715 50 0 112 645 53 0 0 69 8 86 0 248 0 10 24 80 48 236 992 50 0 0 125 48 0 9 0 0 1420 0 288 21 0 0 119 32 0 88 242 149 390 0 10 64 93 16 253 0 19 0 288 0 0 9 3000 761 104 206 53 0 0 33 0 0 334 0 61 11 23 685 221 774 0 14 0 17 115 
38 0 1678 505 27 7 11 49 126 864 2278 27 23 10 10 0 25 25 19 93 83 3000 21 733 51 37 592 50 31 3000 10 10 383 35 24 437 67 48 1269 76 34 442 11 275 8 29 13 75 72 1145 0 31 300 693 76 34 48 3000 131 51 128 73 0 124 44 0 121 700 1332 292 147 690 488 922 3000 825 1653 16 122 18 
715 1678 0 44 0 0 408 39 520 145 0 43 23 0 30 18 114 3000 19 368 298 25 16 1536 61 10 421 112 2081 0 23 146 1641 2884 14 50 12 65 271 11 1188 21 118 47 20 226 197 158 22 774 704 0 336 352 0 20 83 1561 2130 528 1171 0 49 301 34 406 35 703 0 29 0 8 63 3000 1049 0 20 82 29 9 
50 505 44 0 7 32 17 12 640 43 17 1142 1006 1890 0 0 1406 491 731 51 191 48 31 794 35 21 48 168 35 12 17 177 11 173 51 2182 1616 43 805 3000 12 3000 11 53 37 39 0 9 115 36 0 399 139 1132 2891 175 858 32 2936 8 2951 120 0 472 755 0 242 339 163 87 58 12 127 1043 554 22 29 14 494 48 
0 27 0 7 0 0 0 85 8 45 65 11 26 2403 0 63 132 0 38 0 0 0 703 238 24 81 0 76 59 21 29 46 65 530 0 1612 37 568 0 90 12 0 85 39 16 8 0 1142 172 949 97 653 49 102 87 2560 0 0 122 1423 235 0 50 17 0 863 9 0 464 121 0 144 0 24 32 133 0 611 48 0 
112 7 0 32 0 0 961 38 0 0 650 124 101 0 0 0 0 183 300 145 24 52 29 0 0 12 0 0 36 24 0 255 0 204 0 0 0 92 0 107 73 3000 412 0 0 323 0 966 57 1415 0 17 0 440 113 0 0 25 0 12 1358 63 0 0 105 0 0 1290 35 142 521 434 1224 174 390 11 85 95 277 1332 
645 11 408 17 0 961 0 231 2208 1538 67 209 22 0 257 0 467 438 289 27 137 90 236 0 0 706 38 297 35 0 117 2486 0 37 3000 91 152 405 3000 9 342 18 11 33 402 320 65 64 50 13 0 0 0 25 0 34 19 217 144 373 52 508 8 45 64 0 144 140 0 71 680 692 581 28 15 0 468 104 93 3000 
53 49 39 12 85 38 231 0 284 1979 9 51 21 36 24 179 360 106 228 17 111 10 8 1011 103 1364 543 43 2977 2448 243 37 317 613 189 11 236 3000 141 9 375 332 31 13 111 447 76 1184 82 285 108 1095 562 245 8 251 166 8 122 140 850 11 14 20 356 51 1211 38 459 205 45 22 93 43 282 25 84 30 481 197 
0 126 520 640 8 0 2208 284 0 16 389 13 9 269 954 2441 650 1052 13 917 143 25 241 141 45 0 18 3000 23 3000 1589 328 57 97 39 106 153 1160 152 3000 8 0 191 20 9 88 7 11 483 644 380 0 3000 39 17 48 110 42 128 9 190 0 32 87 2405 25 1003 52 336 127 0 992 68 241 989 10 339 374 10 0 
0 864 145 43 45 0 1538 1979 16 0 14 18 124 7 0 47 18 544 74 0 21 22 2170 1836 90 0 69 3000 14 0 104 97 39 140 91 25 57 268 12 80 201 0 1533 295 245 62 12 11 159 109 59 0 35 12 1512 1842 41 461 80 87 741 0 722 69 0 265 8 121 24 670 0 1214 0 75 28 355 870 98 547 0 
69 2278 0 17 65 650 67 9 389 14 0 37 263 52 0 0 45 313 12 36 207 190 29 95 506 425 0 2737 66 286 98 3000 93 619 0 20 0 239 0 12 25 268 64 27 2081 204 0 179 85 141 0 144 44 27 16 1020 0 263 14 19 9 219 0 0 1436 0 235 0 275 178 304 7 0 9 1063 53 54 829 106 881 
8 27 43 1142 11 124 209 51 13 18 37 0 37 47 40 90 632 83 742 24 720 37 3000 997 501 123 310 217 1131 104 18 337 57 52 31 489 297 21 24 46 199 3000 161 51 342 32 103 350 25 381 0 48 50 91 43 14 105 52 47 41 1886 383 0 448 848 0 15 635 108 52 148 2017 300 827 100 97 18 333 101 11 
86 23 23 1006 26 101 22 21 9 124 263 37 0 43 65 17 21 2021 429 272 81 1335 39 596 20 8 341 343 436 9 25 163 11 187 88 82 799 64 7 41 26 87 304 40 254 196 286 172 108 56 882 1147 39 273 40 320 290 8 376 85 299 1143 2817 187 18 232 202 438 23 104 540 30 118 37 275 9 13 159 616 257 
0 10 0 1890 2403 0 0 36 269 7 52 47 43 0 0 338 1216 0 9 0 10 0 1170 66 27 176 0 2020 36 1075 1041 133 168 7 0 773 104 16 0 75 127 0 58 223 15 134 0 30 12 56 333 402 75 94 36 136 0 193 96 1266 388 0 378 14 0 188 23 0 857 2230 0 9 0 130 16 56 0 284 2310 0 
248 10 30 0 0 0 257 24 954 0 0 40 65 0 0 0 19 31 0 7 46 11 10 0 0 0 56 0 109 0 0 21 0 0 90 0 143 0 247 0 0 0 0 66 0 0 107 44 33 40 0 0 0 1091 0 247 803 140 7 28 29 0 0 247 125 0 0 391 0 16 0 23 78 9 0 0 167 0 0 51 
0 0 18 0 63 0 0 179 2441 47 0 90 17 338 0 0 173 0 231 0 544 0 1654 647 366 0 78 257 755 0 10 12 964 257 0 54 1100 1491 3000 362 21 0 1857 263 82 33 45 53 505 3000 84 0 510 41 56 131 241 501 40 30 0 0 32 73 0 98 142 0 3000 96 0 81 0 14 71 84 574 65 0 0 
10 25 114 1406 132 0 467 360 650 18 45 632 21 1216 19 173 0 375 25 22 690 1130 1004 2966 796 147 28 180 17 0 878 9 435 50 13 68 9 1952 98 26 686 76 78 3000 83 526 3000 1182 25 17 399 0 9 3000 1413 392 20 109 957 79 1370 0 64 11 565 400 25 294 16 576 0 416 40 3000 160 16 126 23 45 0 
24 25 3000 491 0 183 438 106 1052 544 313 83 2021 0 31 0 375 0 30 550 69 1114 28 0 0 151 370 13 47 0 26 13 0 3000 297 0 9 45 270 44 190 11 1041 37 127 610 55 328 486 11 0 19 0 138 0 62 13 36 71 142 178 153 0 24 45 0 142 87 0 1974 31 819 118 241 468 161 155 763 60 224 
80 19 19 731 38 300 289 228 13 74 12 742 429 9 0 231 25 30 0 256 105 1666 805 102 13 21 133 75 17 77 3000 18 94 262 73 68 108 42 20 1321 746 344 12 1330 418 39 0 28 7 12 235 27 23 44 9 82 1959 33 80 97 2988 70 14 143 75 23 308 10 15 2489 24 50 0 219 68 1884 414 30 48 223 
48 93 368 51 0 145 27 17 917 0 36 24 272 0 7 0 22 550 256 0 39 3000 779 0 0 164 41 0 11 0 0 128 0 582 127 0 36 435 595 51 13 189 42 714 0 795 130 80 145 302 0 1014 0 145 2966 7 53 66 509 36 12 511 0 0 30 0 0 41 195 162 44 25 229 134 10 137 1454 214 329 29 
236 83 298 191 0 24 137 111 143 21 207 720 81 10 46 544 690 69 105 39 0 18 15 66 3000 76 40 251 529 0 239 291 147 538 35 15 2701 302 133 114 17 309 8 520 63 583 46 63 184 468 172 0 3000 188 0 1089 3000 177 109 56 192 19 3000 702 446 346 213 18 38 115 12 119 330 16 246 219 467 207 78 129 
992 3000 25 48 0 52 90 10 25 22 190 37 1335 0 11 0 1130 1114 1666 3000 18 0 71 0 0 111 1175 1041 3000 0 387 193 0 185 424 0 76 39 590 41 237 10 28 96 0 765 310 98 30 59 0 63 0 2186 0 24 481 1477 3000 33 605 872 0 46 3000 0 16 74 0 136 1259 115 126 101 359 0 246 44 65 268 
50 21 16 31 703 29 236 8 241 2170 29 3000 39 1170 10 1654 1004 28 805 779 15 71 0 143 21 1907 15 18 350 642 172 66 3000 476 37 27 288 842 2409 535 383 9 51 40 19 57 944 103 45 229 0 1104 38 48 92 310 8 21 673 12 18 141 0 27 19 0 13 14 9 916 1125 31 730 19 13 73 258 15 133 7 
0 733 1536 794 238 0 0 1011 141 1836 95 997 596 66 0 647 2966 0 102 0 66 0 143 0 8 0 24 45 46 11 147 35 83 857 0 281 144 154 356 19 1710 0 594 24 18 223 0 326 117 14 165 221 31 178 98 79 0 423 36 256 0 0 38 74 0 685 25 0 1516 83 0 55 0 866 248 37 0 73 100 0 
0 51 61 35 24 0 0 103 45 90 506 501 20 27 0 366 796 0 13 0 3000 0 21 8 0 0 85 400 31 0 25 190 11 106 0 88 29 24 19 20 242 0 3000 424 523 984 43 68 7 431 18 0 8 3000 3000 146 125 618 43 41 0 0 13 1398 0 2281 879 0 26 38 0 27 0 338 165 61 9 26 12 0 
125 37 10 21 81 12 706 1364 0 0 425 123 8 176 0 0 147 151 21 164 76 111 1907 0 0 0 0 0 43 17 0 701 45 270 262 0 0 263 176 104 75 90 71 193 0 159 0 321 147 1494 0 21 3000 63 12 76 157 984 102 36 141 1713 0 0 417 0 0 862 54 11 110 3000 10 682 126 11 322 8 1967 11 
48 592 421 48 0 0 38 543 18 69 0 310 341 0 56 78 28 370 133 41 40 1175 15 24 85 0 0 59 38 0 8 283 2981 11 239 34 171 276 121 61 735 0 195 424 108 174 872 946 13 254 10 0 43 280 0 42 17 89 24 13 84 0 914 21 125 113 11 68 0 74 0 241 241 27 0 0 11 44 1447 0 
0 50 112 168 76 0 297 43 3000 3000 2737 217 343 2020 0 257 180 13 75 0 251 1041 18 45 400 0 59 0 1683 0 67 18 77 83 71 86 54 1198 579 228 15 0 97 152 386 3000 59 43 19 1190 33 0 158 455 340 252 128 38 152 65 33 0 280 14 0 110 25 9 214 11 0 284 0 3000 362 93 108 940 2053 0 
9 31 2081 35 59 36 35 2977 23 14 66 1131 436 36 109 755 17 47 17 11 529 3000 350 46 31 43 38 1683 0 25 14 22 127 778 161 130 9 12 3000 44 69 2047 84 85 374 99 23 70 558 1152 91 1550 228 1063 23 1386 182 144 68 13 127 16 268 49 49 23 114 42 792 62 1585 1018 532 1409 65 308 30 9 35 18 
0 3000 0 12 21 24 0 2448 3000 0 286 104 9 1075 0 0 0 0 77 0 0 0 642 11 0 17 0 0 25 0 3000 456 221 91 0 373 0 33 0 50 23 3000 79 1167 174 702 0 49 125 115 0 44 171 0 97 21 0 0 275 108 88 555 0 0 0 0 0 0 272 645 8 126 0 255 1269 22 0 323 49 0 
0 10 23 17 29 0 117 243 1589 104 98 18 25 1041 0 10 878 26 3000 0 239 387 172 147 25 0 8 67 14 3000 0 30 30 1020 3000 38 15 20 125 96 121 0 390 39 12 19 1909 3000 103 903 402 1711 399 74 38 24 87 13 41 358 704 0 125 54 0 8 101 0 75 9 0 474 0 645 66 8 180 226 322 0 
1420 10 146 177 46 255 2486 37 328 97 3000 337 163 133 21 12 9 13 18 128 291 193 66 35 190 701 283 18 22 456 30 0 1026 594 71 10 178 3000 624 20 438 90 929 636 87 2307 99 321 47 2737 284 56 200 294 11 81 299 156 13 491 158 236 2312 340 90 493 55 30 126 3000 65 1046 1044 39 149 280 466 350 46 13 
0 383 1641 11 65 0 0 317 57 39 93 57 11 168 0 964 435 0 94 0 147 0 3000 83 11 45 2981 77 127 221 30 1026 0 162 0 10 36 21 10 28 2522 0 728 26 68 757 0 667 24 532 19 78 3000 695 18 241 0 532 436 22 115 0 1018 23 0 32 28 0 421 60 0 1586 0 19 21 48 182 2438 750 0 
288 35 2884 173 530 204 37 613 97 140 619 52 187 7 0 257 50 3000 262 582 538 185 476 857 106 270 11 83 778 91 1020 594 162 0 36 13 14 8 105 508 918 1170 246 24 85 59 0 48 38 23 0 148 92 503 2231 950 27 129 12 46 75 24 0 176 38 0 242 188 57 196 681 287 133 400 664 57 78 1072 558 27 
21 24 14 51 0 0 3000 189 39 91 0 31 88 0 90 0 13 297 73 127 35 424 37 0 0 262 239 71 161 0 3000 71 0 36 0 0 209 100 10 0 71 16 44 160 0 48 289 2686 122 556 343 0 0 431 0 367 12 413 456 1525 28 0 19 14 117 0 58 25 0 64 0 289 26 140 0 0 12 0 54 527 
0 437 50 2182 1612 0 91 11 106 25 20 489 82 773 0 54 68 0 68 0 15 0 27 281 88 0 34 86 130 373 38 10 10 13 0 0 1388 32 200 366 66 0 271 9 25 1595 30 673 1152 49 633 0 440 41 106 1914 137 197 233 59 171 0 9 137 0 103 165 0 78 35 0 29 0 39 148 50 321 2812 10 0 
0 67 12 1616 37 0 152 236 153 57 0 297 799 104 143 1100 9 9 108 36 2701 76 288 144 29 0 171 54 9 0 15 178 36 14 209 1388 0 1523 8 40 197 0 9 58 8 525 750 134 506 478 172 0 681 117 0 188 56 58 3000 593 843 0 739 9 16 7 264 17 157 7 0 481 73 513 27 79 721 19 25 0 
119 48 65 43 568 92 405 3000 1160 268 239 21 64 16 0 1491 1952 45 42 435 302 39 842 154 24 263 276 1198 12 33 20 3000 21 8 100 32 1523 0 17 1461 350 14 154 99 15 770 9 15 224 31 0 74 97 1353 712 2224 2033 49 995 343 269 129 0 292 17 13 70 86 50 28 211 9 153 130 143 81 177 514 32 537 
32 1269 271 805 0 0 3000 141 152 12 0 24 7 0 247 3000 98 270 20 595 133 590 2409 356 19 176 121 579 3000 0 125 624 10 105 10 200 8 17 0 1852 84 171 3000 94 896 216 1138 611 20 2769 231 0 391 12 0 11 14 68 196 3000 25 132 3000 13 892 14 9 8 0 95 0 203 35 9 20 395 3000 685 54 255 
0 76 11 3000 90 107 9 9 3000 80 12 46 41 75 0 362 26 44 1321 51 114 41 535 19 20 104 61 228 44 50 96 20 28 508 0 366 40 1461 1852 0 25 23 1020 3000 122 1033 0 91 220 134 1925 80 219 133 25 10 0 59 729 595 410 87 443 113 0 95 976 0 171 552 0 87 0 15 1255 2134 43 1512 532 0 
88 34 1188 12 12 73 342 375 8 201 25 199 26 127 0 21 686 190 746 13 17 237 383 1710 242 75 735 15 69 23 121 438 2522 918 71 66 197 350 84 25 0 91 8 456 203 1585 402 24 65 345 0 61 107 1249 148 1745 1001 131 73 865 17 16 0 195 36 0 26 112 375 272 9 29 31 55 202 45 878 811 8 30 
242 442 21 3000 0 3000 18 332 0 0 268 3000 87 0 0 0 76 11 344 189 309 10 9 0 0 90 0 0 2047 3000 0 90 0 1170 16 0 0 14 171 23 91 0 542 52 0 464 0 200 8 110 0 1367 0 126 128 0 98 118 10 85 12 94 0 0 31 0 0 164 257 20 304 1305 2073 40 9 307 24 233 69 23 
149 11 118 11 85 412 11 31 191 1533 64 161 304 58 0 1857 78 1041 12 42 8 28 51 594 3000 71 195 97 84 79 390 929 728 246 44 271 9 154 3000 1020 8 542 0 1051 219 59 408 21 57 10 121 67 148 21 85 81 344 2165 3000 23 3000 47 90 346 1667 810 232 143 3000 25 0 25 0 10 253 62 2513 188 16 0 
390 275 47 53 39 0 33 13 20 295 27 51 40 223 66 263 3000 37 1330 714 520 96 40 24 424 193 424 152 85 1167 39 636 26 24 160 9 58 99 94 3000 456 52 1051 0 532 303 8 481 1528 524 120 19 820 41 115 253 1834 236 1975 27 873 0 100 30 229 3000 74 153 129 20 0 462 43 275 34 79 145 386 15 0 
0 8 20 37 16 0 402 111 9 245 2081 342 254 15 0 82 83 127 418 0 63 0 19 18 523 0 108 386 374 174 12 87 68 85 0 25 8 15 896 122 203 0 219 532 0 104 149 53 34 139 19 0 9 160 30 1363 1064 247 151 58 15 0 950 3000 0 35 414 0 309 31 0 153 0 8 534 411 76 14 81 0 
10 29 226 39 8 323 320 447 88 62 204 32 196 134 0 33 526 610 39 795 583 765 57 223 984 159 174 3000 99 702 19 2307 757 59 48 1595 525 770 216 1033 1585 464 59 303 104 0 95 47 1069 3000 605 16 1335 13 1516 2110 17 80 23 204 403 41 163 2294 573 46 1231 3000 109 546 8 123 485 52 77 104 16 764 1736 50 
64 13 197 0 0 0 65 76 7 12 0 103 286 0 107 45 3000 55 0 130 46 310 944 0 43 0 872 59 23 0 1909 99 0 0 289 30 750 9 1138 0 402 0 408 8 149 95 0 11 457 1650 14 0 0 79 0 380 239 466 27 2804 41 0 261 30 28 47 234 71 0 26 0 11 41 1208 0 0 117 0 0 0 
93 75 158 9 1142 966 64 1184 11 11 179 350 172 30 44 53 1182 328 28 80 63 98 103 326 68 321 946 43 70 49 3000 321 667 48 2686 673 134 15 611 91 24 200 21 481 53 47 11 0 24 59 1419 957 45 979 9 59 3000 35 42 1515 12 1473 1299 17 594 174 289 359 99 20 29 1379 308 242 668 124 2220 18 291 85 
16 72 22 115 172 57 50 82 483 159 85 25 108 12 33 505 25 486 7 145 184 30 45 117 7 147 13 19 558 125 103 47 24 38 122 1152 506 224 20 220 65 8 57 1528 34 1069 457 24 0 81 84 594 15 11 44 21 309 44 492 150 3000 96 3000 3000 56 238 37 24 25 389 544 62 1386 52 82 1078 134 119 14 208 
253 1145 774 36 949 1415 13 285 644 109 141 381 56 56 40 3000 17 11 12 302 468 59 229 14 431 1494 254 1190 1152 115 903 2737 532 23 556 49 478 31 2769 134 345 110 10 524 139 3000 1650 59 81 0 105 13 209 14 1148 88 422 7 306 479 13 12 57 54 23 52 3000 10 30 119 237 32 19 190 10 97 774 185 3000 684 
0 0 704 0 97 0 0 108 380 59 0 0 882 333 0 84 399 0 235 0 172 0 0 165 18 0 10 33 91 0 402 284 19 0 343 633 172 0 231 1925 0 0 121 120 19 605 14 1419 84 105 0 0 197 16 0 83 106 263 695 21 0 0 66 12 0 80 339 0 0 9 0 3000 0 7 0 9 99 69 0 0 
19 31 0 399 653 17 0 1095 0 0 144 48 1147 402 0 0 0 19 27 1014 0 63 1104 221 0 21 0 0 1550 44 1711 56 78 148 0 0 0 74 0 80 61 1367 67 19 0 16 0 957 594 13 0 0 65 32 65 8 0 0 65 252 66 21 0 0 11 0 0 0 892 159 14 134 0 125 1135 18 0 152 1487 13 
0 300 336 139 49 0 0 562 3000 35 44 50 39 75 0 510 9 0 23 0 3000 0 38 31 8 3000 43 158 228 171 399 200 3000 92 0 440 681 97 391 219 107 0 148 820 9 1335 0 45 15 209 197 65 0 41 434 1214 0 60 722 1357 31 0 1397 22 0 61 554 0 24 217 0 254 0 661 66 9 56 11 459 0 
288 693 352 1132 102 440 25 245 39 12 27 91 273 94 1091 41 3000 138 44 145 188 2186 48 178 3000 63 280 455 1063 0 74 294 695 503 431 41 117 1353 12 133 1249 126 21 41 160 13 79 979 11 14 16 32 41 0 11 3000 66 270 281 56 278 10 83 2273 829 31 133 9 246 573 52 2133 72 146 376 1088 22 806 45 36 
0 76 0 2891 87 113 0 8 17 1512 16 43 40 36 0 56 1413 0 9 2966 0 0 92 98 3000 12 0 340 23 97 38 11 18 2231 0 106 0 712 0 25 148 128 85 115 30 1516 0 9 44 1148 0 65 434 11 0 21 0 0 1195 1175 2071 21 0 0 0 0 66 0 15 63 80 125 0 111 142 18 0 31 482 0 
0 34 20 175 2560 0 34 251 48 1842 1020 14 320 136 247 131 392 62 82 7 1089 24 310 79 146 76 42 252 1386 21 24 81 241 950 367 1914 188 2224 11 10 1745 0 81 253 1363 2110 380 59 21 88 83 8 1214 3000 21 0 431 231 246 63 43 0 2161 1566 11 25 27 10 14 190 0 3000 23 209 197 466 1056 163 75 0 
9 48 83 858 0 0 19 166 110 41 0 105 290 0 803 241 20 13 1959 53 3000 481 8 0 125 157 17 128 182 0 87 299 0 27 12 137 56 2033 14 0 1001 98 344 1834 1064 17 239 3000 309 422 106 0 0 66 0 431 0 142 28 122 90 0 355 33 891 18 17 35 0 27 0 33 17 11 0 0 244 44 304 1252 
3000 3000 1561 32 0 25 217 8 42 461 263 52 8 193 140 501 109 36 33 66 177 1477 21 423 618 984 89 38 144 0 13 156 532 129 413 197 58 49 68 59 131 118 2165 236 247 80 466 35 44 7 263 0 60 270 0 231 142 0 688 36 67 2200 118 12 11 39 916 42 137 32 1160 2408 403 104 8 63 43 1147 22 271 
761 131 2130 2936 122 0 144 122 128 80 14 47 376 96 7 40 957 71 80 509 109 3000 673 36 43 102 24 152 68 275 41 13 436 12 456 233 3000 995 196 729 73 10 3000 1975 151 23 27 42 492 306 695 65 722 281 1195 246 28 688 0 223 95 0 230 167 66 27 36 71 158 1383 0 17 21 898 349 289 1227 74 118 0 
104 51 528 8 1423 12 373 140 9 87 19 41 85 1266 28 30 79 142 97 36 56 33 12 256 41 36 13 65 13 108 358 491 22 46 1525 59 593 343 3000 595 865 85 23 27 58 204 2804 1515 150 479 21 252 1357 56 1175 63 122 36 223 0 493 345 772 320 947 515 52 38 918 1540 622 908 3000 154 24 28 1086 79 260 100 
206 128 1171 2951 235 1358 52 850 190 741 9 1886 299 388 29 0 1370 178 2988 12 192 605 18 0 0 141 84 33 127 88 704 158 115 75 28 171 843 269 25 410 17 12 3000 873 15 403 41 12 3000 13 0 66 31 278 2071 43 90 67 95 493 0 256 0 34 28 0 49 343 393 106 10 182 14 121 106 15 84 59 14 176 
53 73 0 120 0 63 508 11 0 0 219 383 1143 0 0 0 0 153 70 511 19 872 141 0 0 1713 0 0 16 555 0 236 0 24 0 0 0 129 132 87 16 94 47 0 0 41 0 1473 96 12 0 21 0 10 21 0 0 2200 0 345 256 0 0 0 94 0 0 2235 258 17 133 43 36 11 103 3000 80 14 78 236 
0 0 49 0 50 0 8 14 32 722 0 0 2817 378 0 32 64 0 14 0 3000 0 0 38 13 0 914 280 268 0 125 2312 1018 0 19 9 739 0 3000 443 0 0 90 100 950 163 261 1299 3000 57 66 0 1397 83 0 2161 355 118 230 772 0 0 0 408 0 699 12 0 0 321 0 61 0 1999 0 23 29 8 0 0 
0 124 301 472 17 0 45 20 87 69 0 448 187 14 247 73 11 24 143 0 702 46 27 74 1398 0 21 14 49 0 54 340 23 176 14 137 9 292 13 113 195 0 346 30 3000 2294 30 17 3000 54 12 0 22 2273 0 1566 33 12 167 320 34 0 408 0 240 247 78 87 121 136 0 58 295 360 208 11 17 463 0 0 
33 44 34 755 0 105 64 356 2405 0 1436 848 18 0 125 0 565 45 75 30 446 3000 19 0 0 417 125 0 49 0 0 90 0 38 117 0 16 17 892 0 36 31 1667 229 0 573 28 594 56 23 0 11 0 829 0 11 891 11 66 947 28 94 0 240 0 0 0 811 0 270 21 333 1509 132 83 0 387 70 364 79 
0 0 406 0 863 0 0 51 25 265 0 0 232 188 0 98 400 0 23 0 346 0 0 685 2281 0 113 110 23 0 8 493 32 0 0 103 7 13 14 95 0 0 810 3000 35 46 47 174 238 52 80 0 61 31 0 25 18 39 27 515 0 0 699 247 0 0 30 0 8 465 0 750 0 8 0 956 197 204 0 0 
0 121 35 242 9 0 144 1211 1003 8 235 15 202 23 0 142 25 142 308 0 213 16 13 25 879 0 11 25 114 0 101 55 28 242 58 165 264 70 9 976 26 0 232 74 414 1231 234 289 37 3000 339 0 554 133 66 27 17 916 36 52 49 0 12 78 0 30 0 21 206 26 0 58 0 214 1169 233 246 2329 25 0 
334 700 703 339 0 1290 140 38 52 121 0 635 438 0 391 0 294 87 10 41 18 74 14 0 0 862 68 9 42 0 0 30 0 188 25 0 17 86 8 0 112 164 143 153 0 3000 71 359 24 10 0 0 0 9 0 10 35 42 71 38 343 2235 0 87 811 0 21 0 0 194 41 17 16 22 0 0 19 0 16 39 
0 1332 0 163 464 35 0 459 336 24 275 108 23 857 0 3000 16 0 15 195 38 0 9 1516 26 54 0 214 792 272 75 126 421 57 0 78 157 50 0 171 375 257 3000 129 309 109 0 99 25 30 0 892 24 246 15 14 0 137 158 918 393 258 0 121 0 8 206 0 0 105 31 22 0 221 295 188 0 41 579 0 
61 292 29 87 121 142 71 205 127 670 178 52 104 2230 16 96 576 1974 2489 162 115 136 916 83 38 11 74 11 62 645 9 3000 60 196 64 35 7 28 95 552 272 20 25 20 31 546 26 20 389 119 9 159 217 573 63 190 27 32 1383 1540 106 17 321 136 270 465 26 194 105 0 278 724 26 2543 54 13 17 64 2212 221 
11 147 0 58 0 521 680 45 0 0 304 148 540 0 0 0 0 31 24 44 12 1259 1125 0 0 110 0 0 1585 8 0 65 0 681 0 0 0 211 0 0 9 304 0 0 0 8 0 29 544 237 0 14 0 52 80 0 0 1160 0 622 10 133 0 0 21 0 0 41 31 278 0 193 210 0 35 0 80 0 100 1128 
23 690 8 12 144 434 692 22 992 1214 7 2017 30 9 23 81 416 819 50 25 119 115 31 55 27 3000 241 284 1018 126 474 1046 1586 287 289 29 481 9 203 87 29 1305 25 462 153 123 11 1379 62 32 3000 134 254 2133 125 3000 33 2408 17 908 182 43 61 58 333 750 58 17 22 724 193 0 113 98 126 140 3000 883 86 1058 
685 488 63 127 0 1224 581 93 68 0 0 300 118 0 78 0 40 118 0 229 330 126 730 0 0 10 241 0 532 0 0 1044 0 133 26 0 73 153 35 0 31 2073 0 43 0 485 41 308 1386 19 0 0 0 72 0 23 17 403 21 3000 14 36 0 295 1509 0 0 16 0 26 210 113 0 99 0 0 57 0 3000 10 
221 922 3000 1043 24 174 28 43 241 75 9 827 37 130 9 14 3000 241 219 134 16 101 19 866 338 682 27 3000 1409 255 645 39 19 400 140 39 513 130 9 15 55 40 10 275 8 52 1208 242 52 190 7 125 661 146 111 209 11 104 898 154 121 11 1999 360 132 8 214 22 221 2543 0 98 99 0 47 11 1497 43 195 0 
774 3000 1049 554 32 390 15 282 989 28 1063 100 275 16 0 71 160 468 68 10 246 359 13 248 165 126 0 362 65 1269 66 149 21 664 0 148 27 143 20 1255 202 9 253 34 534 77 0 668 82 10 0 1135 66 376 142 197 0 8 349 24 106 103 0 208 83 0 1169 0 295 54 35 126 0 47 0 823 141 192 1032 190 
0 825 0 22 133 11 0 25 10 355 53 97 9 56 0 84 16 161 1884 137 219 0 73 37 61 11 0 93 308 22 8 280 48 57 0 50 79 81 395 2134 45 307 62 79 411 104 0 124 1078 97 9 18 9 1088 18 466 0 63 289 28 15 3000 23 11 0 956 233 0 188 13 0 140 0 11 823 0 266 723 25 0 
14 1653 20 29 0 85 468 84 339 870 54 18 13 0 167 574 126 155 414 1454 467 246 258 0 9 322 11 108 30 0 180 466 182 78 12 321 721 177 3000 43 878 24 2513 145 76 16 117 2220 134 774 99 0 56 22 0 1056 244 43 1227 1086 84 80 29 17 387 197 246 19 0 17 80 3000 57 1497 141 266 0 28 35 171 
