80
0 19 72 20 42 22 40 4 73 4 36 14 23 83 45 66 40 49 14 8 28 79 32 31 75 15 50 57 29 67 74 37 25 26 52 44 44 22 11 62 86 30 71 48 35 39 14 57 61 82 58 19 43 75 63 32 31 7 77 57 60 72 75 20 34 77 40 48 57 48 63 34 14 40 49 32 46 41 75 41 
19 0 91 32 59 30 32 18 88 23 54 33 37 93 57 81 59 65 11 26 12 98 38 13 94 26 67 75 48 86 89 51 6 28 64 36 41 27 16 81 95 45 88 61 25 54 18 60 80 101 69 24 55 85 74 51 50 25 91 75 79 91 88 38 50 96 59 54 76 37 81 26 33 37 67 50 61 56 92 59 
72 91 0 69 38 75 101 74 48 68 45 58 62 81 61 54 34 47 84 66 99 10 79 103 11 72 38 23 45 5 49 60 97 83 63 103 97 79 79 11 86 56 36 60 100 50 79 92 13 12 67 78 62 75 66 41 43 67 58 31 13 9 67 55 52 12 33 79 20 111 30 97 58 95 33 43 50 52 38 37 
20 32 69 0 49 6 59 17 83 21 25 19 39 99 60 79 35 34 21 14 43 78 14 44 69 6 59 49 24 64 84 19 35 47 32 64 64 10 16 58 102 15 78 63 54 51 34 77 60 81 74 10 24 90 78 35 27 25 89 63 59 66 89 16 47 77 42 67 50 67 69 53 22 61 39 38 58 25 82 47 
42 59 38 49 0 54 64 45 34 37 36 31 25 57 25 32 25 48 55 39 65 42 62 70 46 49 10 35 28 35 35 51 65 46 62 65 59 57 52 32 61 42 29 25 63 12 44 55 25 45 35 55 56 49 36 14 26 35 41 15 25 42 44 33 14 39 11 42 34 74 22 60 29 57 36 11 15 47 34 2 
22 30 75 6 54 0 60 19 88 24 30 23 43 103 64 83 41 38 19 18 42 83 10 42 74 7 64 54 30 69 89 22 33 49 34 64 65 5 15 63 106 20 83 67 54 55 36 80 66 86 78 6 25 95 82 41 32 28 94 68 64 71 94 21 52 82 48 70 56 67 75 53 27 62 44 43 63 29 88 53 
40 32 101 59 64 60 0 42 82 41 75 51 39 75 49 72 75 88 42 48 22 106 68 27 107 53 67 91 66 97 83 77 34 18 91 5 12 57 44 93 76 69 85 52 7 54 27 35 88 109 55 54 82 69 61 62 67 40 81 76 88 103 74 58 50 102 68 36 91 10 82 6 49 10 85 58 58 81 89 64 
4 18 74 17 45 19 42 0 77 8 36 15 27 88 49 70 41 48 10 8 28 81 28 31 76 12 54 57 30 69 78 35 23 30 49 46 47 18 7 64 90 28 74 52 37 42 17 61 63 84 62 15 40 79 67 34 32 12 81 60 62 73 80 20 38 79 42 52 58 50 67 36 16 43 49 35 50 40 78 44 
73 88 48 83 34 88 82 77 0 69 69 65 51 34 34 11 56 79 86 72 90 45 96 96 59 82 24 60 62 48 1 84 94 67 94 81 73 91 84 51 38 76 12 30 84 34 71 58 40 46 29 88 89 29 25 48 60 65 10 23 41 56 20 67 38 39 43 49 57 91 19 81 62 73 65 45 27 79 11 36 
4 23 68 21 37 24 41 8 69 0 34 10 20 80 42 63 36 47 18 7 31 75 33 35 71 17 46 53 26 63 70 36 29 27 51 45 44 24 15 58 83 28 66 45 37 35 15 56 57 78 55 22 42 72 60 28 28 4 73 53 56 68 72 17 31 73 36 46 53 50 59 35 10 41 46 27 42 39 71 37 
36 54 45 25 36 30 75 36 69 34 0 24 42 93 57 68 13 14 44 28 64 54 34 67 44 30 46 24 11 40 70 16 58 59 26 78 76 36 39 34 97 11 61 58 71 44 48 82 38 57 69 35 20 84 72 24 11 35 77 47 37 41 81 17 42 54 26 70 25 84 52 69 26 73 14 29 51 10 66 35 
14 33 58 19 31 23 51 15 65 10 24 0 22 81 42 60 26 37 26 8 42 66 32 45 61 17 41 43 15 53 66 29 38 35 43 54 53 26 21 48 84 20 61 44 47 32 25 62 48 69 55 24 35 72 59 19 17 11 71 46 47 58 71 8 29 64 27 50 43 60 53 45 4 50 35 21 40 30 65 30 
23 37 62 39 25 43 39 27 51 20 42 22 0 61 22 44 38 56 36 25 40 67 52 46 68 36 31 53 31 58 52 50 43 21 64 41 36 44 34 54 64 41 51 25 38 17 20 41 49 70 35 41 56 52 40 23 32 16 55 39 49 64 53 28 13 63 29 29 52 50 45 35 18 34 49 19 24 50 55 25 
83 93 81 99 57 103 75 88 34 80 93 81 61 0 39 27 82 105 96 86 91 79 113 97 92 97 49 90 84 81 33 106 99 67 119 73 64 105 95 82 4 97 46 36 80 50 76 42 72 80 26 102 111 9 21 70 83 76 24 53 73 89 14 86 52 73 68 41 88 82 52 77 77 65 93 65 42 103 45 59 
45 57 61 60 25 64 49 49 34 42 57 42 22 39 0 24 48 70 58 47 58 63 73 64 70 58 22 60 47 58 34 69 63 34 82 48 40 66 56 57 42 59 37 4 51 13 39 31 48 66 14 63 74 30 18 34 46 38 35 31 49 66 31 47 14 58 35 19 59 58 35 47 38 40 60 28 11 67 41 26 
66 81 54 79 32 83 72 70 11 63 68 60 44 27 24 0 56 80 80 67 82 53 92 88 65 77 22 63 60 54 11 83 87 58 94 71 62 86 78 55 32 74 20 21 75 28 63 47 44 55 18 83 87 20 14 45 58 59 11 25 46 62 13 64 32 47 42 38 60 81 25 71 57 63 67 41 20 79 22 34 
40 59 34 35 25 41 75 41 56 36 13 26 38 82 48 56 0 23 51 33 68 43 46 71 35 38 34 17 12 29 58 29 64 57 38 77 74 45 46 23 86 23 48 49 72 35 49 76 26 45 60 44 33 74 62 15 9 36 65 34 24 32 69 22 34 42 14 64 17 85 39 70 27 71 12 20 40 23 52 24 
49 65 47 34 48 38 88 48 79 47 14 37 56 105 70 80 23 0 54 41 76 56 37 78 42 40 57 24 25 42 80 17 69 72 17 92 90 43 50 36 109 20 70 72 84 57 62 96 44 58 83 43 16 97 85 37 24 49 88 56 42 40 93 30 56 58 37 84 27 97 61 82 40 87 15 42 63 9 74 47 
14 11 84 21 55 19 42 10 86 18 44 26 36 96 58 80 51 54 0 18 23 92 27 24 86 15 64 66 39 79 88 40 14 34 53 46 49 15 5 73 98 35 84 61 35 52 21 66 73 95 70 13 44 87 76 45 41 21 91 70 72 82 89 29 48 90 52 58 67 48 77 35 27 45 57 45 60 46 89 54 
8 26 66 14 39 18 48 8 72 7 28 8 25 86 47 67 33 41 18 0 36 74 27 38 68 11 48 49 22 61 73 30 31 34 44 52 51 19 13 56 89 22 68 50 43 38 21 63 55 77 60 17 35 77 64 27 24 10 77 54 54 65 77 12 35 72 35 53 50 56 60 42 10 48 41 28 46 33 73 38 
28 12 99 43 65 42 22 28 90 31 64 42 40 91 58 82 68 76 23 36 0 105 49 6 103 37 71 84 57 94 91 62 12 25 76 27 33 38 27 89 93 56 91 61 15 58 21 55 87 108 68 36 67 84 74 58 59 32 92 79 86 99 87 48 54 102 66 51 85 26 86 17 41 29 77 56 64 67 95 64 
79 98 10 78 42 83 106 81 45 75 54 66 67 79 63 53 43 56 92 74 105 0 88 110 18 81 40 32 54 15 46 69 104 88 73 107 101 88 87 21 83 65 33 61 105 53 85 94 19 3 67 87 71 73 65 47 51 73 54 32 19 18 64 64 56 5 40 82 30 116 29 102 66 100 43 49 52 61 34 42 
32 38 79 14 62 10 68 28 96 33 34 32 52 113 73 92 46 37 27 27 49 88 0 49 77 17 72 57 36 73 97 21 39 58 29 73 74 11 24 67 116 23 90 76 62 64 45 89 71 90 87 14 23 104 91 48 38 37 102 75 70 74 103 28 61 87 54 79 59 75 82 62 36 71 47 51 72 29 95 60 
31 13 103 44 70 42 27 31 96 35 67 45 46 97 64 88 71 78 24 38 6 110 49 0 106 38 77 88 60 98 97 63 10 31 76 32 38 38 28 93 99 58 97 67 20 63 26 60 91 113 74 36 68 90 80 62 62 36 98 85 90 103 93 51 59 107 70 57 88 29 91 22 45 35 80 61 69 69 101 69 
75 94 11 69 46 74 107 76 59 71 44 61 68 92 70 65 35 42 86 68 103 18 77 106 0 73 48 20 47 12 60 57 99 89 58 109 104 79 81 14 96 55 47 69 105 58 83 101 22 19 77 79 58 85 76 45 45 71 69 41 21 4 78 57 59 22 39 88 19 117 40 103 62 102 31 49 59 49 49 45 
15 26 72 6 49 7 53 12 82 17 30 17 36 97 58 77 38 40 15 11 37 81 17 38 73 0 58 53 27 67 83 25 29 42 39 58 59 8 10 61 100 20 78 60 48 49 29 73 63 84 71 6 30 88 75 36 29 21 88 63 61 70 88 17 45 79 43 63 54 61 70 47 20 55 44 38 57 31 83 48 
50 67 38 59 10 64 67 54 24 46 46 41 31 49 22 22 34 57 64 48 71 40 72 77 48 58 0 41 38 36 25 61 73 50 72 68 61 67 61 36 53 52 20 21 68 14 50 53 26 43 29 65 65 41 29 24 36 43 32 9 27 44 35 43 18 36 20 41 39 78 15 65 38 60 44 21 12 56 25 12 
57 75 23 49 35 54 91 57 60 53 24 43 53 90 60 63 17 24 66 49 84 32 57 88 20 53 41 0 28 18 61 38 80 74 41 94 90 59 62 12 94 35 49 60 88 47 66 90 21 34 70 59 39 82 71 30 26 53 69 37 19 17 76 37 48 33 26 77 3 101 40 86 44 87 11 34 51 30 53 34 
29 48 45 24 28 30 66 30 62 26 11 15 31 84 47 60 12 25 39 22 57 54 36 60 47 27 38 28 0 40 63 23 53 49 35 69 66 34 34 35 87 14 55 48 62 34 39 72 36 57 60 33 28 75 62 14 3 26 69 40 35 44 72 10 32 53 19 59 28 75 46 60 17 63 20 19 41 20 60 26 
67 86 5 64 35 69 97 69 48 63 40 53 58 81 58 54 29 42 79 61 94 15 73 98 12 67 36 18 40 0 49 55 92 79 58 99 93 74 74 6 85 51 37 57 95 46 74 89 10 17 65 73 57 74 64 36 38 62 58 29 9 8 67 50 48 16 29 77 15 107 29 93 53 91 28 39 47 47 39 34 
74 89 49 84 35 89 83 78 1 70 70 66 52 33 34 11 58 80 88 73 91 46 97 97 60 83 25 61 63 49 0 86 95 68 96 82 73 92 85 52 38 77 13 31 85 35 71 58 41 47 30 89 90 28 25 49 61 66 9 24 42 57 19 69 39 40 44 49 59 92 21 81 63 74 67 46 28 81 12 37 
37 51 60 19 51 22 77 35 84 36 16 29 50 106 69 83 29 17 40 30 62 69 21 63 57 25 61 38 23 55 86 0 54 63 15 81 81 27 35 49 110 9 77 71 72 57 51 91 54 72 82 28 6 98 85 37 24 39 92 62 52 55 95 22 54 70 41 79 40 85 68 71 33 77 27 42 64 8 81 49 
25 6 97 35 65 33 34 23 94 29 58 38 43 99 63 87 64 69 14 31 12 104 39 10 99 29 73 80 53 92 95 54 0 33 67 39 44 28 19 87 101 49 94 66 27 60 24 65 85 107 75 26 58 91 80 57 55 31 97 81 85 96 94 43 56 102 64 59 81 38 87 28 39 40 71 56 67 60 98 65 
26 28 83 47 46 49 18 30 67 27 59 35 21 67 34 58 57 72 34 34 25 88 58 31 89 42 50 74 49 79 68 63 33 0 78 20 18 47 35 75 68 54 69 37 18 36 13 33 70 91 43 44 69 59 49 44 50 24 68 59 70 85 63 43 33 85 50 26 73 28 65 14 32 14 68 40 41 65 73 46 
52 64 63 32 62 34 91 49 94 51 26 43 64 119 82 94 38 17 53 44 76 73 29 76 58 39 72 41 35 58 96 15 67 78 0 95 95 39 49 52 122 24 86 84 86 69 65 105 60 75 95 40 9 110 97 49 36 54 103 72 58 56 107 36 67 74 52 93 43 99 77 85 47 92 31 54 76 15 90 60 
44 36 103 64 65 64 5 46 81 45 78 54 41 73 48 71 77 92 46 52 27 107 73 32 109 58 68 94 69 99 82 81 39 20 95 0 9 61 49 95 73 73 85 51 12 54 30 32 90 110 54 59 86 66 60 64 70 43 80 77 90 105 73 62 51 103 70 34 93 10 82 11 52 8 88 60 58 84 89 65 
44 41 97 64 59 65 12 47 73 44 76 53 36 64 40 62 74 90 49 51 33 101 74 38 104 59 61 90 66 93 73 81 44 18 95 9 0 63 51 90 64 72 78 43 19 48 30 23 84 104 45 61 86 57 51 60 67 42 71 70 84 100 64 60 45 97 65 25 89 19 75 16 50 4 85 55 50 83 81 60 
22 27 79 10 57 5 57 18 91 24 36 26 44 105 66 86 45 43 15 19 38 88 11 38 79 8 67 59 34 74 92 27 28 47 39 61 63 0 13 68 107 25 86 69 50 57 34 79 70 91 79 3 30 96 84 44 37 28 96 72 69 76 96 25 54 87 52 70 61 63 78 50 29 60 49 46 65 34 91 56 
11 16 79 16 52 15 44 7 84 15 39 21 34 95 56 78 46 50 5 13 27 87 24 28 81 10 61 62 34 74 85 35 19 35 49 49 51 13 0 69 97 30 81 59 38 50 22 67 69 90 69 10 40 86 74 41 37 19 88 67 68 78 87 24 46 85 48 58 62 51 73 38 23 47 53 41 57 41 86 51 
62 81 11 58 32 63 93 64 51 58 34 48 54 82 57 55 23 36 73 56 89 21 67 93 14 61 36 12 35 6 52 49 87 75 52 95 90 68 69 0 87 45 40 56 92 44 70 88 11 23 65 67 50 75 65 32 32 57 61 30 9 10 68 45 46 22 25 75 9 103 31 89 48 88 22 35 46 41 43 31 
86 95 86 102 61 106 76 90 38 83 97 84 64 4 42 32 86 109 98 89 93 83 116 99 96 100 53 94 87 85 38 110 101 68 122 73 64 107 97 87 0 101 50 40 81 53 78 42 76 85 29 105 115 12 25 73 86 79 29 57 77 94 19 89 56 78 72 42 92 83 56 78 80 66 97 68 46 107 49 63 
30 45 56 15 42 20 69 28 76 28 11 20 41 97 59 74 23 20 35 22 56 65 23 58 55 20 52 35 14 51 77 9 49 54 24 73 72 25 30 45 101 0 69 61 65 47 43 81 48 68 72 25 15 88 76 28 16 30 84 55 47 52 86 12 45 65 33 70 36 78 60 63 24 69 25 33 55 11 74 41 
71 88 36 78 29 83 85 74 12 66 61 61 51 46 37 20 48 70 84 68 91 33 90 97 47 78 20 49 55 37 13 77 94 69 86 85 78 86 81 40 50 69 0 35 87 34 71 65 29 35 37 84 81 40 33 42 53 63 22 15 30 45 31 62 38 28 36 55 47 95 9 83 58 77 56 40 28 71 4 30 
48 61 60 63 25 67 52 52 30 45 58 44 25 36 4 21 49 72 61 50 61 61 76 67 69 60 21 60 48 57 31 71 66 37 84 51 43 69 59 56 40 61 35 0 54 14 42 32 47 64 11 66 76 27 15 35 48 41 31 30 48 65 28 50 16 56 35 21 59 61 33 50 41 43 61 30 10 68 38 26 
35 25 100 54 63 54 7 37 84 37 71 47 38 80 51 75 72 84 35 43 15 105 62 20 105 48 68 88 62 95 85 72 27 18 86 12 19 50 38 92 81 65 87 54 0 54 23 41 87 108 59 48 77 73 65 60 64 36 85 77 87 102 78 54 50 102 67 40 88 13 83 4 45 16 82 57 59 76 91 63 
39 54 50 51 12 55 54 42 34 35 44 32 17 50 13 28 35 57 52 38 58 53 64 63 58 49 14 47 34 46 35 57 60 36 69 54 48 57 50 44 53 47 34 14 54 0 37 43 37 56 25 55 62 41 28 21 33 31 39 23 37 54 39 36 4 49 22 30 46 64 29 51 29 46 47 15 8 54 38 13 
14 18 79 34 44 36 27 17 71 15 48 25 20 76 39 63 49 62 21 21 21 85 45 26 83 29 50 66 39 74 71 51 24 13 65 30 30 34 22 70 78 43 71 42 23 37 0 45 66 88 51 31 56 67 56 38 41 13 73 58 66 80 70 32 33 82 45 37 66 36 65 21 22 27 59 36 44 54 75 44 
57 60 92 77 55 80 35 61 58 56 82 62 41 42 31 47 76 96 66 63 55 94 89 60 101 73 53 90 72 89 58 91 65 33 105 32 23 79 67 88 42 81 65 32 41 43 45 0 79 96 28 76 96 37 33 61 72 53 54 62 80 97 44 69 42 89 64 13 89 41 65 38 58 26 88 56 42 91 68 56 
61 80 13 60 25 66 88 63 40 57 38 48 49 72 48 44 26 44 73 55 87 19 71 91 22 63 26 21 36 10 41 54 85 70 60 90 84 70 69 11 76 48 29 47 87 37 66 79 0 22 55 69 57 64 54 29 34 55 50 19 2 18 57 45 39 17 21 67 18 99 20 84 47 82 29 31 37 47 32 24 
82 101 12 81 45 86 109 84 46 78 57 69 70 80 66 55 45 58 95 77 108 3 90 113 19 84 43 34 57 17 47 72 107 91 75 110 104 91 90 23 85 68 35 64 108 56 88 96 22 0 70 90 73 75 67 50 54 77 56 34 23 19 66 66 59 8 43 85 32 119 31 105 69 103 45 52 55 64 35 45 
58 69 67 74 35 78 55 62 29 55 69 55 35 26 14 18 60 83 70 60 68 67 87 74 77 71 29 70 60 65 30 82 75 43 95 54 45 79 69 65 29 72 37 11 59 25 51 28 55 70 0 76 87 17 6 46 59 51 27 37 56 74 19 61 28 62 46 20 68 64 39 55 52 46 71 41 20 80 39 37 
19 24 78 10 55 6 54 15 88 22 35 24 41 102 63 83 44 43 13 17 36 87 14 36 79 6 65 59 33 73 89 28 26 44 40 59 61 3 10 67 105 25 84 66 48 55 31 76 69 90 76 0 32 93 81 43 35 26 94 70 68 76 93 23 51 86 50 67 60 61 76 48 27 57 49 44 63 34 89 54 
43 55 62 24 56 25 82 40 89 42 20 35 56 111 74 87 33 16 44 35 67 71 23 68 58 30 65 39 28 57 90 6 58 69 9 86 86 30 40 50 115 15 81 76 77 62 56 96 57 73 87 32 0 103 90 42 29 45 97 66 55 56 100 27 60 72 46 85 41 90 72 76 38 83 29 47 69 10 85 54 
75 85 75 90 49 95 69 79 29 72 84 72 52 9 30 20 74 97 87 77 84 73 104 90 85 88 41 82 75 74 28 98 91 59 110 66 57 96 86 75 12 88 40 27 73 41 67 37 64 75 17 93 103 0 13 61 74 68 21 45 66 82 10 77 44 67 60 33 80 76 45 70 68 59 85 56 34 95 40 50 
63 74 66 78 36 82 61 67 25 60 72 59 40 21 18 14 62 85 76 64 74 65 91 80 76 75 29 71 62 64 25 85 80 49 97 60 51 84 74 65 25 76 33 15 65 28 56 33 54 67 6 81 90 13 0 48 61 56 21 35 55 72 14 64 31 60 47 26 69 70 36 61 56 52 73 43 21 82 35 38 
32 51 41 35 14 41 62 34 48 28 24 19 23 70 34 45 15 37 45 27 58 47 48 62 45 36 24 30 14 36 49 37 57 44 49 64 60 44 41 32 73 28 42 35 60 21 38 61 29 50 46 43 42 61 48 0 13 26 55 27 28 42 58 20 19 45 8 49 29 72 34 57 18 57 27 5 27 34 47 12 
31 50 43 27 26 32 67 32 60 28 11 17 32 83 46 58 9 24 41 24 59 51 38 62 45 29 36 26 3 38 61 24 55 50 36 70 67 37 37 32 86 16 53 48 64 33 41 72 34 54 59 35 29 74 61 13 0 28 68 38 32 41 71 12 32 50 17 60 26 77 44 62 19 64 18 18 40 21 58 25 
7 25 67 25 35 28 40 12 65 4 35 11 16 76 38 59 36 49 21 10 32 73 37 36 71 21 43 53 26 62 66 39 31 24 54 43 42 28 19 57 79 30 63 41 36 31 13 53 55 77 51 26 45 68 56 26 28 0 70 50 54 67 68 19 27 71 34 42 53 49 56 34 9 39 46 25 39 41 68 34 
77 91 58 89 41 94 81 81 10 73 77 71 55 24 35 11 65 88 91 77 92 54 102 98 69 88 32 69 69 58 9 92 97 68 103 80 71 96 88 61 29 84 22 31 85 39 73 54 50 56 27 94 97 21 21 55 68 70 0 32 51 66 11 74 43 49 51 47 67 90 29 81 67 72 74 51 31 88 21 43 
57 75 31 63 15 68 76 60 23 53 47 46 39 53 31 25 34 56 70 54 79 32 75 85 41 63 9 37 40 29 24 62 81 59 72 77 70 72 67 30 57 55 15 30 77 23 58 62 19 34 37 70 66 45 35 27 38 50 32 0 20 37 39 47 26 27 21 50 35 87 6 73 44 69 42 26 20 57 19 16 
60 79 13 59 25 64 88 62 41 56 37 47 49 73 49 46 24 42 72 54 86 19 70 90 21 61 27 19 35 9 42 52 85 70 58 90 84 69 68 9 77 47 30 48 87 37 66 80 2 23 56 68 55 66 55 28 32 54 51 20 0 17 59 44 39 18 21 67 17 98 22 84 46 82 27 30 38 45 34 24 
72 91 9 66 42 71 103 73 56 68 41 58 64 89 66 62 32 40 82 65 99 18 74 103 4 70 44 17 44 8 57 55 96 85 56 105 100 76 78 10 94 52 45 65 102 54 80 97 18 19 74 76 56 82 72 42 41 67 66 37 17 0 75 53 56 21 35 84 16 113 37 99 58 98 28 45 55 47 47 41 
75 88 67 89 44 94 74 80 20 72 81 71 53 14 31 13 69 93 89 77 87 64 103 93 78 88 35 76 72 67 19 95 94 63 107 73 64 96 87 68 19 86 31 28 78 39 70 44 57 66 19 93 100 10 14 58 71 68 11 39 59 75 0 75 42 59 55 39 74 83 37 75 67 65 80 53 31 91 31 46 
20 38 55 16 33 21 58 20 67 17 17 8 28 86 47 64 22 30 29 12 48 64 28 51 57 17 43 37 10 50 69 22 43 43 36 62 60 25 24 45 89 12 62 50 54 36 32 69 45 66 61 23 27 77 64 20 12 19 74 47 44 53 75 0 34 62 27 57 38 68 54 53 11 57 29 23 44 23 67 32 
34 50 52 47 14 52 50 38 38 31 42 29 13 52 14 32 34 56 48 35 54 56 61 59 59 45 18 48 32 48 39 54 56 33 67 51 45 54 46 46 56 45 38 16 50 4 33 42 39 59 28 51 60 44 31 19 32 27 43 26 39 56 42 34 0 52 22 30 46 60 32 47 25 44 46 14 12 52 42 15 
77 96 12 77 39 82 102 79 39 73 54 64 63 73 58 47 42 58 90 72 102 5 87 107 22 79 36 33 53 16 40 70 102 85 74 103 97 87 85 22 78 65 28 56 102 49 82 89 17 8 62 86 72 67 60 45 50 71 49 27 18 21 59 62 52 0 37 77 31 112 24 99 63 95 43 46 47 62 28 38 
40 59 33 42 11 48 68 42 43 36 26 27 29 68 35 42 14 37 52 35 66 40 54 70 39 43 20 26 19 29 44 41 64 50 52 70 65 52 48 25 72 33 36 35 67 22 45 64 21 43 46 50 46 60 47 8 17 34 51 21 21 35 55 27 22 37 0 52 24 78 27 64 26 63 25 10 26 36 41 9 
48 54 79 67 42 70 36 52 49 46 70 50 29 41 19 38 64 84 58 53 51 82 79 57 88 63 41 77 59 77 49 79 59 26 93 34 25 70 58 75 42 70 55 21 40 30 37 13 67 85 20 67 85 33 26 49 60 42 47 50 67 84 39 57 30 77 52 0 76 44 54 36 46 26 76 43 30 79 58 44 
57 76 20 50 34 56 91 58 57 53 25 43 52 88 59 60 17 27 67 50 85 30 59 88 19 54 39 3 28 15 59 40 81 73 43 93 89 61 62 9 92 36 47 59 88 46 66 89 18 32 68 60 41 80 69 29 26 53 67 35 17 16 74 38 46 31 24 76 0 101 38 86 44 87 13 33 49 32 50 32 
48 37 111 67 74 67 10 50 91 50 84 60 50 82 58 81 85 97 48 56 26 116 75 29 117 61 78 101 75 107 92 85 38 28 99 10 19 63 51 103 83 78 95 61 13 64 36 41 99 119 64 61 90 76 70 72 77 49 90 87 98 113 83 68 60 112 78 44 101 0 92 15 58 18 95 69 67 89 99 74 
63 81 30 69 22 75 82 67 19 59 52 53 45 52 35 25 39 61 77 60 86 29 82 91 40 70 15 40 46 29 21 68 87 65 77 82 75 78 73 31 56 60 9 33 83 29 65 65 20 31 39 76 72 45 36 34 44 56 29 6 22 37 37 54 32 24 27 54 38 92 0 79 51 74 47 32 25 62 14 23 
34 26 97 53 60 53 6 36 81 35 69 45 35 77 47 71 70 82 35 42 17 102 62 22 103 47 65 86 60 93 81 71 28 14 85 11 16 50 38 89 78 63 83 50 4 51 21 38 84 105 55 48 76 70 61 57 62 34 81 73 84 99 75 53 47 99 64 36 86 15 79 0 43 13 80 54 55 75 87 60 
14 33 58 22 29 27 49 16 62 10 26 4 18 77 38 57 27 40 27 10 41 66 36 45 62 20 38 44 17 53 63 33 39 32 47 52 50 29 23 48 80 24 58 41 45 29 22 58 47 69 52 27 38 68 56 18 19 9 67 44 46 58 67 11 25 63 26 46 44 58 51 43 0 47 37 18 36 34 63 28 
40 37 95 61 57 62 10 43 73 41 73 50 34 65 40 63 71 87 45 48 29 100 71 35 102 55 60 87 63 91 74 77 40 14 92 8 4 60 47 88 66 69 77 43 16 46 27 26 82 103 46 57 83 59 52 57 64 39 72 69 82 98 65 57 44 95 63 26 87 18 74 13 47 0 82 53 50 80 81 58 
49 67 33 39 36 44 85 49 65 46 14 35 49 93 60 67 12 15 57 41 77 43 47 80 31 44 44 11 20 28 67 27 71 68 31 88 85 49 53 22 97 25 56 61 82 47 59 88 29 45 71 49 29 85 73 27 18 46 74 42 27 28 80 29 46 43 25 76 13 95 47 80 37 82 0 32 52 19 60 35 
32 50 43 38 11 43 58 35 45 27 29 21 19 65 28 41 20 42 45 28 56 49 51 61 49 38 21 34 19 39 46 42 56 40 54 60 55 46 41 35 68 33 40 30 57 15 36 56 31 52 41 44 47 56 43 5 18 25 51 26 30 45 53 23 14 46 10 43 33 69 32 54 18 53 32 0 22 39 45 10 
46 61 50 58 15 63 58 50 27 42 51 40 24 42 11 20 40 63 60 46 64 52 72 69 59 57 12 51 41 47 28 64 67 41 76 58 50 65 57 46 46 55 28 10 59 8 44 42 37 55 20 63 69 34 21 27 40 39 31 20 38 55 31 44 12 47 26 30 49 67 25 55 36 50 52 22 0 61 32 17 
41 56 52 25 47 29 81 40 79 39 10 30 50 103 67 79 23 9 46 33 67 61 29 69 49 31 56 30 20 47 81 8 60 65 15 84 83 34 41 41 107 11 71 68 76 54 54 91 47 64 80 34 10 95 82 34 21 41 88 57 45 47 91 23 52 62 36 79 32 89 62 75 34 80 19 39 61 0 76 45 
75 92 38 82 34 88 89 78 11 71 66 65 55 45 41 22 52 74 89 73 95 34 95 101 49 83 25 53 60 39 12 81 98 73 90 89 81 91 86 43 49 74 4 38 91 38 75 68 32 35 39 89 85 40 35 47 58 68 21 19 34 47 31 67 42 28 41 58 50 99 14 87 63 81 60 45 32 76 0 35 
41 59 37 47 2 53 64 44 36 37 35 30 25 59 26 34 24 47 54 38 64 42 60 69 45 48 12 34 26 34 37 49 65 46 60 65 60 56 51 31 63 41 30 26 63 13 44 56 24 45 37 54 54 50 38 12 25 34 43 16 24 41 46 32 15 38 9 44 32 74 23 60 28 58 35 10 17 45 35 0 
0 217 49 153 0 10 1651 0 196 426 33 0 2984 37 181 18 151 0 29 0 96 0 222 0 165 42 0 9 12 112 305 180 53 127 171 62 0 1039 154 0 28 27 23 738 0 88 0 40 0 0 0 0 0 0 0 84 3000 0 0 1598 65 0 2595 0 173 45 0 30 0 0 0 8 55 2690 0 0 0 34 0 1224 
217 0 274 402 293 3000 23 47 10 28 243 648 8 62 151 12 3000 20 291 61 0 46 35 136 22 279 0 0 267 48 0 0 0 21 139 1108 3000 186 737 0 698 344 174 34 14 17 29 19 135 8 23 206 3000 138 0 354 98 7 243 31 662 24 98 390 242 8 558 137 253 0 3000 2910 1038 12 3000 29 0 236 37 15 
49 274 0 9 0 2830 362 119 641 72 16 0 42 52 1283 2121 574 0 35 0 77 0 11 62 16 1562 1047 14 688 373 47 28 214 11 131 19 0 388 390 0 859 25 754 34 0 1427 601 28 0 0 0 0 0 62 423 2340 13 0 0 66 50 0 53 0 45 80 38 14 0 48 449 200 157 178 0 0 0 21 0 1477 
153 402 9 0 390 78 11 437 294 881 90 155 1334 9 811 164 128 23 43 0 151 24 721 64 585 20 38 105 89 726 1819 32 410 15 37 21 64 617 15 158 417 137 32 54 305 121 8 480 20 16 183 8 3000 43 593 25 495 92 1315 475 120 38 10 27 133 49 216 47 109 243 24 92 379 98 128 3000 527 287 107 55 
0 293 0 390 0 40 0 154 0 0 0 3000 23 0 0 0 7 3000 0 0 26 33 0 133 2275 156 672 91 58 0 2125 98 208 0 163 33 2494 287 378 399 0 0 15 34 248 12 100 860 2057 105 65 1408 18 12 53 1259 20 90 890 28 36 422 1491 324 131 576 25 48 119 530 1157 0 35 7 658 44 70 0 98 13 
10 3000 2830 78 40 0 29 34 7 3000 8 0 121 8 346 910 27 107 1097 833 9 0 1825 81 109 103 0 0 462 136 91 0 0 30 662 21 0 862 20 0 73 325 2555 44 1121 646 49 9 122 0 0 3000 521 209 0 1223 147 342 196 309 139 57 204 41 20 14 351 1566 2308 0 274 2870 403 12 219 1147 0 1016 509 80 
1651 23 362 11 0 29 0 712 23 3000 9 0 195 37 57 170 27 42 15 130 0 0 8 115 65 141 0 0 211 824 0 0 0 11 3000 306 0 218 78 0 43 8 144 148 17 86 65 89 0 0 0 90 43 0 0 27 23 42 587 126 793 37 16 108 43 618 0 110 44 0 382 387 0 1622 170 40 0 241 95 36 
0 47 119 437 154 34 712 0 966 24 147 19 150 34 0 188 238 379 298 371 0 11 243 271 883 21 7 0 583 0 20 0 581 19 3000 394 41 37 818 237 24 322 841 19 1060 130 21 76 3000 54 39 223 71 124 0 100 203 538 41 58 471 2288 36 376 7 24 408 23 432 268 11 0 863 451 1692 17 45 49 31 108 
196 10 641 294 0 7 23 966 0 36 256 0 906 803 176 949 180 14 256 9 155 0 673 0 93 354 0 0 19 16 0 0 0 198 148 120 0 2414 1280 0 185 1349 2155 168 0 172 0 1282 0 0 0 40 0 0 0 12 48 0 35 1396 10 57 1101 0 20 391 0 119 0 0 42 26 0 496 16 120 0 23 83 66 
426 28 72 881 0 3000 3000 24 36 0 89 0 297 17 36 83 71 193 450 8 0 0 2159 0 9 25 0 0 144 69 0 0 0 263 861 2264 0 320 120 0 19 744 664 53 71 1194 0 102 0 0 0 162 0 0 0 279 105 127 65 140 20 117 453 3000 514 198 0 0 136 0 90 43 0 11 89 806 0 352 48 1225 
33 243 16 90 0 8 9 147 256 89 0 0 460 425 199 903 11 3000 251 11 0 0 583 23 193 474 0 0 14 56 0 0 0 103 2828 804 0 183 184 0 1051 2564 2418 50 65 149 82 512 0 0 0 7 76 0 0 349 13 45 281 61 506 93 1509 101 1326 216 0 205 8 0 61 32 0 36 11 137 0 382 13 116 
0 648 0 155 3000 0 0 19 0 0 0 0 0 0 0 0 72 0 0 0 9 39 0 332 0 3000 25 129 35 0 51 50 15 0 445 8 20 81 11 735 0 0 50 0 15 2150 55 0 457 12 8 42 554 51 61 93 153 38 0 0 874 16 1565 9 501 0 472 967 34 21 185 0 11 0 0 136 70 0 15 0 
2984 8 42 1334 23 121 195 150 906 297 460 0 0 226 33 10 151 153 21 151 0 0 44 179 17 102 0 0 44 343 0 0 0 957 68 892 0 30 50 0 10 1061 29 98 14 11 272 12 1156 0 0 589 640 0 0 69 2364 189 51 25 12 92 721 314 15 550 8 22 197 0 56 423 160 12 338 988 0 163 435 38 
37 62 52 9 0 8 37 34 803 17 425 0 226 0 303 35 134 10 445 260 0 0 12 9 181 12 0 0 239 134 0 0 0 7 179 93 0 8 151 0 37 457 38 340 3000 10 0 3000 0 0 0 784 2829 0 0 143 9 261 372 102 47 82 479 73 204 859 0 0 464 0 534 9 0 9 622 56 0 135 124 18 
181 151 1283 811 0 346 57 0 176 36 199 0 33 303 0 24 49 0 28 0 31 0 187 0 834 2205 0 0 185 96 0 0 0 846 0 64 0 2707 159 0 168 1936 68 30 0 241 0 1649 0 0 0 0 0 0 0 274 180 0 0 669 2791 0 22 0 600 317 0 0 0 0 0 11 0 24 0 0 0 19 0 280 
18 12 2121 164 0 910 170 188 949 83 903 0 10 35 24 0 230 34 69 0 12 0 2262 0 38 20 0 0 19 292 1003 0 950 414 69 158 0 128 45 0 390 55 903 3000 0 297 0 10 0 0 0 0 0 0 0 1162 128 0 0 45 15 0 441 0 90 176 0 413 0 0 0 136 0 343 0 0 0 13 0 153 
151 3000 574 128 7 27 27 238 180 71 11 72 151 134 49 230 0 19 21 0 1115 21 852 65 14 1137 197 163 12 77 14 497 225 26 247 67 337 29 71 314 99 1408 2070 3000 175 164 366 12 35 920 13 147 24 1645 231 14 377 12 20 56 348 51 11 81 33 39 10 33 123 51 2512 2352 77 500 1079 1033 0 21 14 116 
0 20 0 23 3000 107 42 379 14 193 3000 0 153 10 0 34 19 0 265 777 0 78 16 108 46 980 0 0 84 66 0 0 0 18 940 326 0 306 18 0 98 14 394 523 2881 287 1531 55 284 0 0 1970 1007 0 0 645 101 32 691 106 15 9 72 72 3000 47 0 73 1681 0 31 0 0 12 405 251 0 69 65 78 
29 291 35 43 0 1097 15 298 256 450 251 0 21 445 28 69 21 265 0 81 471 0 108 10 10 36 0 0 443 157 0 0 0 45 858 24 0 212 1226 0 55 811 172 154 680 41 42 315 0 0 0 9 0 317 0 1496 43 0 113 27 127 816 46 23 21 71 11 1996 28 0 73 8 12 94 69 205 0 27 1199 223 
0 61 0 0 0 833 130 371 9 8 11 0 151 260 0 0 0 777 81 0 0 0 132 0 367 2326 0 0 0 0 0 0 0 501 0 0 0 61 260 0 0 0 0 161 218 0 0 0 0 0 0 84 259 0 0 0 0 411 81 175 239 707 745 24 0 1416 0 0 97 0 696 0 0 1203 21 653 0 0 112 49 
96 0 77 151 26 9 0 0 155 0 0 9 0 0 31 12 1115 0 471 0 0 0 469 287 15 3000 3000 183 26 216 13 37 2148 0 136 744 0 3000 0 40 1473 41 138 0 0 1643 224 52 624 45 0 0 0 18 570 62 152 0 0 91 22 0 3000 0 30 58 53 28 0 137 57 139 130 0 0 0 0 46 0 985 
0 46 0 24 33 0 0 11 0 0 0 39 0 0 0 0 21 78 0 0 0 0 0 3000 0 168 201 0 0 0 489 0 35 0 67 0 53 1048 614 15 0 0 9 24 146 494 56 0 1958 83 287 43 129 106 208 39 446 461 45 0 85 35 191 487 0 0 836 201 83 24 1128 0 1138 0 1012 206 98 0 27 0 
222 35 11 721 0 1825 8 243 673 2159 583 0 44 12 187 2262 852 16 108 132 469 0 0 48 235 162 0 0 125 1149 0 0 0 1462 40 181 0 191 122 0 37 209 19 64 49 84 1227 828 0 0 0 418 0 98 0 184 135 0 164 1935 995 1285 60 13 15 116 39 88 17 0 285 43 1118 2310 489 280 0 80 140 9 
0 136 62 64 133 81 115 271 0 0 23 332 179 9 0 0 65 108 10 0 287 3000 48 0 358 17 385 138 60 0 1644 1685 31 38 112 39 1144 98 347 338 30 3000 138 164 697 85 22 3000 67 12 60 80 988 662 1169 96 1008 141 12 270 297 7 13 8 62 25 1283 299 1771 279 65 0 8 57 105 23 325 45 1663 187 
165 22 16 585 2275 109 65 883 93 9 193 0 17 181 834 38 14 46 10 367 15 0 235 358 0 1826 0 0 31 73 0 0 0 42 153 1974 0 3000 528 0 50 13 11 21 213 89 1157 52 913 0 0 13 1479 42 0 206 17 316 61 245 165 95 76 34 21 197 99 745 242 0 24 42 450 441 142 13 0 14 482 26 
42 279 1562 20 156 103 141 21 354 25 474 3000 102 12 2205 20 1137 980 36 2326 3000 168 162 17 1826 0 1496 124 171 130 213 0 260 30 82 21 70 24 44 67 152 74 164 89 136 1863 280 22 38 81 2316 809 288 28 118 181 19 49 20 32 15 10 31 63 20 1187 395 10 27 28 476 207 22 22 1006 115 52 23 41 746 
0 0 1047 38 672 0 0 7 0 0 0 25 0 0 0 0 197 0 0 0 3000 201 0 385 0 1496 0 656 77 0 33 730 102 0 354 23 66 16 0 13 199 0 495 0 0 1015 396 335 72 426 198 0 0 42 27 7 204 0 0 0 1080 32 669 0 11 308 370 512 19 404 23 0 735 0 0 0 0 0 29 161 
9 0 14 105 91 0 0 0 0 0 0 129 0 0 0 0 163 0 0 0 183 0 0 138 0 124 656 0 35 0 86 70 647 0 786 39 42 129 0 40 1411 0 17 0 0 3000 7 27 418 137 100 0 0 12 20 136 50 0 0 0 368 0 27 0 16 23 751 48 0 2188 1988 0 126 0 0 0 0 0 90 38 
12 267 688 89 58 462 211 583 19 144 14 35 44 239 185 19 12 84 443 0 26 0 125 60 31 171 77 35 0 263 9 983 1477 94 393 45 0 33 30 19 71 75 55 27 1350 117 3000 1639 2120 45 0 10 0 520 97 246 7 0 0 136 19 46 47 70 28 7 9 1090 374 1006 68 45 134 184 19 514 0 31 919 246 
112 48 373 726 0 136 824 0 16 69 56 0 343 134 96 292 77 66 157 0 216 0 1149 0 73 130 0 0 263 0 0 0 0 3000 0 66 0 12 138 0 3000 316 466 79 0 34 0 41 0 0 0 0 0 0 0 152 1196 0 0 774 36 0 613 0 27 38 0 0 0 0 0 281 0 9 0 0 0 163 0 110 
305 0 47 1819 2125 91 0 20 0 0 0 51 0 0 0 1003 14 0 0 0 13 489 0 1644 0 213 33 86 9 0 0 2717 1232 0 29 964 198 505 0 2397 432 9 66 0 0 339 232 8 14 69 27 0 0 548 154 1384 1762 0 0 28 200 293 34 0 247 48 2262 34 0 102 47 43 36 0 0 0 0 40 45 23 
180 0 28 32 98 0 0 0 0 0 0 50 0 0 0 0 497 0 0 0 37 0 0 1685 0 0 730 70 983 0 2717 0 2415 0 148 80 45 0 0 206 62 40 9 0 0 896 33 284 117 16 141 0 0 230 437 70 30 0 0 0 37 0 97 0 410 9 3000 78 0 830 10 0 10 0 0 0 0 0 0 12 
53 0 214 410 208 0 0 581 0 0 0 15 0 0 0 950 225 0 0 0 2148 35 0 31 0 260 102 647 1477 0 1232 2415 0 0 3000 984 30 15 0 419 112 19 1083 0 0 9 18 149 9 955 1186 0 0 30 81 1154 247 0 0 0 27 145 27 0 153 1373 153 20 0 104 63 0 2118 0 0 0 0 12 26 105 
127 21 11 15 0 30 11 19 198 263 103 0 957 7 846 414 26 18 45 501 0 0 1462 38 42 30 0 0 94 3000 0 0 0 0 953 478 0 18 161 0 70 20 40 2411 495 9 0 16 0 0 0 22 36 0 0 53 121 83 1202 3000 48 238 362 23 15 27 0 0 1817 0 31 32 0 3000 478 16 0 763 20 17 
171 139 131 37 163 662 3000 3000 148 861 2828 445 68 179 0 69 247 940 858 0 136 67 40 112 153 82 354 786 393 0 29 148 3000 953 0 16 554 1067 38 469 73 706 665 52 213 38 131 18 42 191 119 8 291 3000 68 31 818 377 198 1829 89 80 2387 123 7 20 394 17 131 361 25 0 30 46 15 245 234 69 60 34 
62 1108 19 21 33 21 306 394 120 2264 804 8 892 93 64 158 67 326 24 0 744 0 181 39 1974 21 23 39 45 66 964 80 984 478 16 0 0 138 819 78 601 463 42 147 0 175 23 355 381 9 0 1470 0 3000 101 13 9 0 0 3000 15 3000 171 0 43 32 8 270 0 564 837 490 342 1909 53 61 0 65 199 10 
0 3000 0 64 2494 0 0 41 0 0 0 20 0 0 0 0 337 0 0 0 0 53 0 1144 0 70 66 42 0 0 198 45 30 0 554 0 0 675 1120 1303 0 0 3000 0 159 19 273 0 90 536 305 66 34 309 503 100 48 198 0 0 76 290 306 224 0 0 138 103 145 12 240 0 708 0 0 74 414 0 17 0 
1039 186 388 617 287 862 218 37 2414 320 183 81 30 8 2707 128 29 306 212 61 3000 1048 191 98 3000 24 16 129 33 12 505 0 15 18 1067 138 675 0 67 13 99 80 30 25 610 638 1735 1161 17 530 91 52 32 143 8 492 210 61 640 252 801 127 975 21 1223 2174 89 73 71 473 32 25 464 39 1303 30 0 2837 24 43 
154 737 390 15 378 20 78 818 1280 120 184 11 50 151 159 45 71 18 1226 260 0 614 122 347 528 44 0 0 30 138 0 0 0 161 38 819 1120 67 0 336 10 3000 1989 33 43 16 27 14 179 24 41 87 466 3000 0 406 238 77 160 143 603 26 40 84 204 14 14 832 912 0 63 283 36 23 171 1401 36 100 894 13 
0 0 0 158 399 0 0 237 0 0 0 735 0 0 0 0 314 0 0 0 40 15 0 338 0 67 13 40 19 0 2397 206 419 0 469 78 1303 13 336 0 0 0 9 0 56 94 888 0 37 2361 7 9 95 21 106 64 327 50 0 0 328 76 195 47 430 113 8 3000 21 13 187 0 12 0 0 0 9 0 22 0 
28 698 859 417 0 73 43 24 185 19 1051 0 10 37 168 390 99 98 55 0 1473 0 37 30 50 152 199 1411 71 3000 432 62 112 70 73 601 0 99 10 0 0 45 17 358 0 47 1405 2196 0 0 0 628 0 45 47 21 48 0 37 227 1373 30 120 17 39 162 194 236 243 0 118 2191 585 139 8 112 0 40 9 181 
27 344 25 137 0 325 8 322 1349 744 2564 0 1061 457 1936 55 1408 14 811 0 41 0 209 3000 13 74 0 0 75 316 9 40 19 20 706 463 0 80 3000 0 45 0 8 613 0 40 116 448 0 0 0 368 0 86 0 60 26 0 8 2812 642 40 163 33 35 366 498 54 155 0 214 169 377 433 213 178 0 583 275 7 
23 174 754 32 15 2555 144 841 2155 664 2418 50 29 38 68 903 2070 394 172 0 138 9 19 138 11 164 495 17 55 466 66 9 1083 40 665 42 3000 30 1989 9 17 8 0 1196 132 15 75 59 107 896 32 15 114 40 101 40 122 44 0 48 2123 103 238 12 17 21 35 764 19 13 124 18 213 348 1347 33 0 57 712 26 
738 34 34 54 34 44 148 19 168 53 50 0 98 340 30 3000 3000 523 154 161 0 24 64 164 21 89 0 0 27 79 0 0 0 2411 52 147 0 25 33 0 358 613 1196 0 394 678 864 1779 19 20 0 587 12 10 0 203 12 39 54 1830 98 49 193 702 246 18 7 23 3000 0 511 653 36 1092 37 75 0 706 127 625 
0 14 0 305 248 1121 17 1060 0 71 65 15 14 3000 0 0 175 2881 680 218 0 146 49 697 213 136 0 0 1350 0 0 0 0 495 213 0 159 610 43 56 0 0 132 394 0 166 947 0 1147 12 49 145 110 23 0 610 599 336 2557 39 1824 1330 39 11 0 96 325 17 608 0 125 0 289 32 50 110 248 0 9 214 
88 17 1427 121 12 646 86 130 172 1194 149 2150 11 10 241 297 164 287 41 0 1643 494 84 85 89 1863 1015 3000 117 34 339 896 9 9 38 175 19 638 16 94 47 40 15 678 166 0 82 65 9 128 18 26 254 190 7 23 199 18 49 2346 22 79 11 62 9 37 3000 144 10 760 1086 8 28 85 79 238 44 18 16 173 
0 29 601 8 100 49 65 21 0 0 82 55 272 0 0 0 366 1531 42 0 224 56 1227 22 1157 280 396 7 3000 0 232 33 18 0 131 23 273 1735 27 888 1405 116 75 864 947 82 0 9 8 325 39 7 1260 18 128 79 17 1959 853 161 481 333 1038 7 290 12 59 412 97 34 828 0 45 46 407 102 118 43 13 95 
40 19 28 480 860 9 89 76 1282 102 512 0 12 3000 1649 10 12 55 315 0 52 0 828 3000 52 22 335 27 1639 41 8 284 149 16 18 355 0 1161 14 0 2196 448 59 1779 0 65 9 0 219 0 0 535 0 32 77 55 1075 0 93 42 468 1869 87 32 38 2301 281 131 155 82 13 280 36 297 43 139 0 9 529 41 
0 135 0 20 2057 122 0 3000 0 0 0 457 1156 0 0 0 35 284 0 0 624 1958 0 67 913 38 72 418 2120 0 14 117 9 0 42 381 90 17 179 37 0 0 107 19 1147 9 8 219 0 179 35 68 8 15 1827 482 98 10 34 103 307 144 204 10 1948 41 16 1180 60 38 60 0 8 77 22 170 141 0 38 427 
0 8 0 16 105 0 0 54 0 0 0 12 0 0 0 0 920 0 0 0 45 83 0 12 0 81 426 137 45 0 69 16 955 0 191 9 536 530 24 2361 0 0 896 20 12 128 325 0 179 0 542 18 362 618 199 10 906 11 0 2522 365 74 218 1171 156 0 599 21 106 45 41 0 59 0 172 24 18 0 35 0 
0 23 0 183 65 0 0 39 0 0 0 8 0 0 0 0 13 0 0 0 0 287 0 60 0 2316 198 100 0 0 27 141 1186 0 119 0 305 91 41 7 0 0 32 0 49 18 39 0 35 542 0 38 29 129 906 709 8 1443 0 0 278 13 109 1308 0 0 49 91 287 294 14 0 3000 0 59 175 100 0 16 0 
0 206 0 8 1408 3000 90 223 40 162 7 42 589 784 0 0 147 1970 9 84 0 43 418 80 13 809 0 0 10 0 0 0 0 22 8 1470 66 52 87 9 628 368 15 587 145 26 7 535 68 18 38 0 411 21 0 11 2750 79 54 506 17 8 265 54 249 3000 280 158 545 0 671 0 98 148 36 527 306 26 79 66 
0 3000 0 3000 18 521 43 71 0 0 76 554 640 2829 0 0 24 1007 0 259 0 129 0 988 1479 288 0 0 0 0 0 0 0 36 291 0 34 32 466 95 0 0 114 12 110 254 1260 0 8 362 29 411 0 215 0 13 313 253 27 71 49 23 85 160 0 0 2229 543 2445 0 25 0 1073 241 834 374 628 0 498 220 
0 138 62 43 12 209 0 124 0 0 0 51 0 0 0 0 1645 0 317 0 18 106 98 662 42 28 42 12 520 0 548 230 30 0 3000 3000 309 143 3000 21 45 86 40 10 23 190 18 32 15 618 129 21 215 0 191 65 3000 86 0 898 16 33 10 3000 35 11 394 255 316 64 9 0 865 0 0 3000 3000 166 2094 1473 
0 0 423 593 53 0 0 0 0 0 0 61 0 0 0 0 231 0 0 0 570 208 0 1169 0 118 27 20 97 0 154 437 81 0 68 101 503 8 0 106 47 0 101 0 0 7 128 77 1827 199 906 0 0 191 0 170 43 0 0 0 111 0 822 0 29 1632 59 138 0 24 27 0 19 0 0 0 0 0 35 201 
84 354 2340 25 1259 1223 27 100 12 279 349 93 69 143 274 1162 14 645 1496 0 62 39 184 96 206 181 7 136 246 152 1384 70 1154 53 31 13 100 492 406 64 21 60 40 203 610 23 79 55 482 10 709 11 13 65 170 0 12 8 76 66 1057 3000 403 19 23 375 235 51 70 61 1590 20 148 1771 8 386 76 202 173 69 
3000 98 13 495 20 147 23 203 48 105 13 153 2364 9 180 128 377 101 43 0 152 446 135 1008 17 19 204 50 7 1196 1762 30 247 121 818 9 48 210 238 327 48 26 122 12 599 199 17 1075 98 906 8 2750 313 3000 43 12 0 1578 1805 3000 57 19 54 76 27 1009 277 67 154 33 112 24 512 1723 154 188 82 102 941 110 
0 7 0 92 90 342 42 538 0 127 45 38 189 261 0 0 12 32 0 411 0 461 0 141 316 49 0 0 0 0 0 0 0 83 377 0 198 61 77 50 0 0 44 39 336 18 1959 0 10 11 1443 79 253 86 0 8 1578 0 612 307 180 164 371 2510 0 0 3000 32 39 0 818 0 35 3000 158 16 967 0 592 0 
0 243 0 1315 890 196 587 41 35 65 281 0 51 372 0 0 20 691 113 81 0 45 164 12 61 20 0 0 0 0 0 0 0 1202 198 0 0 640 160 0 37 8 0 54 2557 49 853 93 34 0 0 54 27 0 0 76 1805 612 0 24 9 20 7 39 0 20 0 114 39 0 14 0 0 8 260 2636 23 584 101 11 
1598 31 66 475 28 309 126 58 1396 140 61 0 25 102 669 45 56 106 27 175 91 0 1935 270 245 32 0 0 136 774 28 0 0 3000 1829 3000 0 252 143 0 227 2812 48 1830 39 2346 161 42 103 2522 0 506 71 898 0 66 3000 307 24 0 271 51 2828 8 27 493 29 68 302 0 91 65 270 1474 66 62 0 377 12 276 
65 662 50 120 36 139 793 471 10 20 506 874 12 47 2791 15 348 15 127 239 22 85 995 297 165 15 1080 368 19 36 200 37 27 48 89 15 76 801 603 328 1373 642 2123 98 1824 22 481 468 307 365 278 17 49 16 111 1057 57 180 9 271 0 30 487 94 45 523 908 307 24 737 33 100 49 23 1519 886 0 9 837 75 
0 24 0 38 422 57 37 2288 57 117 93 16 92 82 0 0 51 9 816 707 0 35 1285 7 95 10 32 0 46 0 293 0 145 238 80 3000 290 127 26 76 30 40 103 49 1330 79 333 1869 144 74 13 8 23 33 0 3000 19 164 20 51 30 0 10 41 162 188 79 630 94 43 138 0 51 19 222 13 163 3000 44 15 
2595 98 53 10 1491 204 16 36 1101 453 1509 1565 721 479 22 441 11 72 46 745 3000 191 60 13 76 31 669 27 47 613 34 97 27 362 2387 171 306 975 40 195 120 163 238 193 39 11 1038 87 204 218 109 265 85 10 822 403 54 371 7 2828 487 10 0 64 31 31 42 1447 291 8 292 160 56 86 173 9 51 849 531 49 
0 390 0 27 324 41 108 376 0 3000 101 9 314 73 0 0 81 72 23 24 0 487 13 8 34 63 0 0 70 0 0 0 0 23 123 0 224 21 84 47 17 33 12 702 11 62 7 32 10 1171 1308 54 160 3000 0 19 76 2510 39 8 94 41 64 0 0 60 184 58 209 0 15 0 218 25 1564 107 1088 0 10 14 
173 242 45 133 131 20 43 7 20 514 1326 501 15 204 600 90 33 3000 21 0 30 0 15 62 21 20 11 16 28 27 247 410 153 15 7 43 0 1223 204 430 39 35 17 246 0 9 290 38 1948 156 0 249 0 35 29 23 27 0 0 27 45 162 31 0 0 14 167 3000 591 420 3000 3000 180 18 17 13 0 100 11 40 
45 8 80 49 576 14 618 24 391 198 216 0 550 859 317 176 39 47 71 1416 58 0 116 25 197 1187 308 23 7 38 48 9 1373 27 20 32 0 2174 14 113 162 366 21 18 96 37 12 2301 41 0 0 3000 0 11 1632 375 1009 0 20 493 523 188 31 60 14 0 754 370 21 172 99 648 482 636 459 55 0 27 242 69 
0 558 38 216 25 351 0 408 0 0 0 472 8 0 0 0 10 0 11 0 53 836 39 1283 99 395 370 751 9 0 2262 3000 153 0 394 8 138 89 14 8 194 498 35 7 325 3000 59 281 16 599 49 280 2229 394 59 235 277 3000 0 29 908 79 42 184 167 754 0 17 157 108 1234 0 3000 698 68 212 167 193 376 166 
30 137 14 47 48 1566 110 23 119 0 205 967 22 0 0 413 33 73 1996 0 28 201 88 299 745 10 512 48 1090 0 34 78 20 0 17 270 103 73 832 3000 236 54 764 23 17 144 412 131 1180 21 91 158 543 255 138 51 67 32 114 68 307 630 1447 58 3000 370 17 0 234 546 1159 0 1177 61 593 144 305 104 1361 115 
0 253 0 109 119 2308 44 432 0 136 8 34 197 464 0 0 123 1681 28 97 0 83 17 1771 242 27 19 0 374 0 0 0 0 1817 131 0 145 71 912 21 243 155 19 3000 608 10 97 155 60 106 287 545 2445 316 0 70 154 39 39 302 24 94 291 209 591 21 157 234 0 0 19 0 330 211 34 24 659 25 312 70 
0 0 48 243 530 0 0 268 0 0 0 21 0 0 0 0 51 0 0 0 137 24 0 279 0 28 404 2188 1006 0 102 830 104 0 361 564 12 473 0 13 0 0 13 0 0 760 34 82 38 45 294 0 0 64 24 61 33 0 0 0 737 43 8 0 420 172 108 546 0 0 16 0 3000 0 0 0 0 0 47 20 
0 3000 449 24 1157 274 382 11 42 90 61 185 56 534 0 0 2512 31 73 696 57 1128 285 65 24 476 23 1988 68 0 47 10 63 31 25 837 240 32 63 187 118 214 124 511 125 1086 828 13 60 41 14 671 25 9 27 1590 112 818 14 91 33 138 292 15 3000 99 1234 1159 19 16 0 0 43 1505 73 86 125 37 113 656 
8 2910 200 92 0 2870 387 0 26 43 32 0 423 9 11 136 2352 0 8 0 139 0 43 0 42 207 0 0 45 281 43 0 0 32 0 490 0 25 283 0 2191 169 18 653 0 8 0 280 0 0 0 0 0 0 0 20 24 0 0 65 100 0 160 0 3000 648 0 0 0 0 0 0 0 258 0 0 0 94 0 50 
55 1038 157 379 35 403 0 863 0 0 0 11 160 0 0 0 77 0 12 0 130 1138 1118 8 450 22 735 126 134 0 36 10 2118 0 30 342 708 464 36 12 585 377 213 36 289 28 45 36 8 59 3000 98 1073 865 19 148 512 35 0 270 49 51 56 218 180 482 3000 1177 330 3000 43 0 0 63 12 35 508 132 1724 435 
2690 12 178 98 7 12 1622 451 496 11 36 0 12 9 24 343 500 12 94 1203 0 0 2310 57 441 22 0 0 184 9 0 0 0 3000 46 1909 0 39 23 0 139 433 348 1092 32 85 46 297 77 0 0 148 241 0 0 1771 1723 3000 8 1474 23 19 86 25 18 636 698 61 211 0 1505 258 63 0 50 11 0 83 108 157 
0 3000 0 128 658 219 170 1692 16 89 11 0 338 622 0 0 1079 405 69 21 0 1012 489 105 142 1006 0 0 19 0 0 0 0 478 15 53 0 1303 171 0 8 213 1347 37 50 79 407 43 22 172 59 36 834 0 0 8 154 158 260 66 1519 222 173 1564 17 459 68 593 34 0 73 0 12 50 0 130 202 2585 10 1455 
0 29 0 3000 44 1147 40 17 120 806 137 136 988 56 0 0 1033 251 205 653 0 206 280 23 13 115 0 0 514 0 0 0 0 16 245 61 74 30 1401 0 112 178 33 75 110 238 102 139 170 24 175 527 374 3000 0 386 188 16 2636 62 886 13 9 107 13 55 212 144 24 0 86 0 35 11 130 0 295 38 2547 21 
0 0 0 527 70 0 0 45 0 0 0 70 0 0 0 0 0 0 0 0 0 98 0 325 0 52 0 0 0 0 0 0 0 0 234 0 414 0 36 9 0 0 0 0 248 44 118 0 141 18 100 306 628 3000 0 76 82 967 23 0 0 163 51 1088 0 0 167 305 659 0 125 0 508 0 202 295 0 0 1053 0 
34 236 21 287 0 1016 241 49 23 352 382 0 163 135 19 13 21 69 27 0 46 0 80 45 14 23 0 0 31 163 40 0 12 763 69 65 0 2837 100 0 40 583 57 706 0 18 43 9 0 0 0 26 0 166 0 202 102 0 584 377 9 3000 849 0 100 27 193 104 25 0 37 94 132 83 2585 38 0 0 10 40 
0 37 0 107 98 509 95 31 83 48 13 15 435 124 0 0 14 65 1199 112 0 27 140 1663 482 41 29 90 919 0 45 0 26 20 60 199 17 24 894 22 9 275 712 127 9 16 13 529 38 35 16 79 498 2094 35 173 941 592 101 12 837 44 531 10 11 242 376 1361 312 47 113 0 1724 108 10 2547 1053 10 0 322 
1224 15 1477 55 13 80 36 108 66 1225 116 0 38 18 280 153 116 78 223 49 985 0 9 187 26 746 161 38 246 110 23 12 105 17 34 10 0 43 13 0 181 7 26 625 214 173 95 41 427 0 0 66 220 1473 201 69 110 0 11 276 75 15 49 14 40 69 166 115 70 20 656 50 435 157 1455 21 0 40 322 0 
