80
0 84 80 71 53 35 52 76 99 66 76 28 108 68 62 53 85 85 95 29 83 40 35 111 42 74 9 46 102 19 79 96 76 98 86 14 98 36 55 64 106 69 24 91 89 56 73 65 72 106 40 47 30 79 63 40 99 67 94 18 44 70 53 82 45 74 19 25 81 24 21 80 72 62 47 37 62 66 27 23 
84 0 56 31 39 81 35 30 24 36 52 80 67 108 76 32 7 11 40 57 24 70 92 64 96 45 84 63 70 77 30 12 69 28 73 80 68 56 46 37 59 60 83 16 21 35 52 82 21 65 68 42 63 79 23 44 55 25 21 87 88 50 71 7 51 76 78 59 7 79 64 57 77 63 44 67 47 22 61 61 
80 56 0 27 34 55 65 79 80 25 5 95 28 63 31 60 50 67 28 70 33 43 65 32 65 12 75 35 23 87 26 61 15 43 16 68 18 45 81 25 27 13 64 72 77 36 7 35 69 26 42 41 51 25 44 52 21 36 45 71 55 11 33 49 37 24 63 67 61 61 61 1 26 21 72 45 20 41 74 68 
71 31 27 0 18 57 41 53 55 6 22 78 45 78 46 36 26 41 25 52 13 45 68 46 71 15 68 36 45 71 8 39 38 29 43 63 42 36 57 8 40 29 62 47 51 16 21 52 43 43 42 24 43 48 18 34 34 9 27 68 62 19 42 24 28 45 59 51 35 58 50 27 46 33 49 43 17 15 57 52 
53 39 34 18 0 42 32 51 61 13 29 62 59 69 40 27 37 46 42 36 30 31 53 61 57 24 51 24 56 55 26 50 40 46 48 46 52 19 48 11 55 30 46 53 55 5 27 46 42 57 29 7 26 48 17 18 48 16 42 51 49 24 33 34 12 44 42 34 40 42 32 35 44 29 38 28 16 17 41 36 
35 81 55 57 42 0 61 86 102 51 52 61 82 36 29 59 80 87 77 46 70 12 11 87 15 53 26 21 75 51 64 92 46 86 56 20 71 26 72 49 82 42 11 93 94 47 50 31 79 81 15 40 21 47 58 42 76 58 84 19 10 47 22 77 31 41 16 40 81 11 29 54 40 34 62 15 42 59 48 40 
52 35 65 41 32 61 0 25 47 41 60 45 86 95 69 5 39 34 63 24 46 54 70 86 76 53 55 50 85 42 47 47 72 58 79 53 82 37 16 40 80 61 59 39 37 29 58 75 20 84 52 28 41 80 23 19 75 32 52 60 71 55 61 37 37 75 52 28 31 55 36 65 75 60 9 49 47 27 26 29 
76 30 79 53 51 86 25 0 26 55 74 63 95 119 91 28 37 20 68 48 52 78 95 93 101 67 80 73 96 63 56 37 89 58 95 78 94 61 24 55 88 79 84 22 16 47 73 97 10 93 76 49 66 99 36 44 83 44 50 86 95 71 83 35 60 94 78 52 23 80 61 80 95 80 29 73 65 38 49 53 
99 24 80 55 61 102 47 26 0 60 76 89 88 131 100 46 30 15 61 70 47 92 112 84 117 69 101 85 92 88 54 21 93 46 97 98 91 76 50 61 80 84 103 9 10 57 76 106 26 86 89 63 83 103 45 61 77 48 39 105 110 74 94 31 72 100 96 74 21 99 81 81 101 87 53 88 71 45 73 75 
66 36 25 6 13 51 41 55 60 0 19 75 47 72 40 35 32 45 29 49 20 38 62 48 64 13 63 30 45 68 14 44 34 35 40 57 41 30 57 2 42 24 56 52 55 13 18 46 45 45 36 20 38 44 19 31 36 12 33 62 55 15 36 30 22 40 53 47 39 52 45 25 41 27 48 37 11 17 53 49 
76 52 5 22 29 52 60 74 76 19 0 90 32 64 31 55 46 63 27 65 30 40 62 35 63 7 71 32 27 82 23 58 18 41 21 65 23 41 76 20 30 12 61 68 73 31 3 36 64 30 39 35 47 27 38 47 24 31 42 68 53 6 32 45 32 26 60 62 57 58 57 6 27 19 67 41 15 36 69 63 
28 80 95 78 62 61 45 63 89 75 90 0 121 95 84 48 84 78 103 26 88 62 63 123 70 86 37 65 118 10 86 92 95 102 105 41 114 51 39 73 117 86 51 82 79 63 88 88 63 120 61 56 48 100 65 45 111 72 96 46 71 84 75 81 59 95 45 28 76 50 36 96 94 81 37 58 76 68 22 27 
108 67 28 45 59 82 86 95 88 47 32 121 0 85 56 81 59 78 27 95 43 71 92 6 91 36 103 64 10 113 40 67 38 42 30 97 13 73 102 48 8 40 92 82 88 59 35 59 85 2 70 66 79 43 63 77 12 54 49 100 81 38 61 60 64 46 92 93 73 89 89 28 48 48 95 73 46 59 100 94 
68 108 63 78 69 36 95 119 131 72 64 95 85 0 33 91 104 115 90 82 91 41 33 91 27 68 59 46 75 86 84 117 49 104 54 54 72 58 107 71 88 52 44 122 124 74 62 28 110 84 43 69 55 42 86 75 83 83 104 50 25 61 37 102 59 40 51 76 109 46 64 62 38 46 96 46 61 86 84 76 
62 76 31 46 40 29 69 91 100 40 31 84 56 33 0 65 72 85 58 63 58 23 37 61 35 35 54 20 48 74 51 84 19 71 28 48 44 36 84 39 57 19 40 91 94 44 29 6 81 55 23 42 37 17 56 51 52 52 71 48 25 28 10 70 32 12 43 58 79 39 49 31 11 13 74 27 29 55 67 59 
53 32 60 36 27 59 5 28 46 35 55 48 81 91 65 0 36 32 58 25 42 50 68 81 73 48 54 46 80 44 42 44 67 54 74 52 77 33 21 34 75 56 57 38 37 24 53 71 21 79 48 23 38 75 18 16 70 27 48 59 68 49 57 33 33 70 51 28 29 53 35 60 71 55 14 46 42 22 28 29 
85 7 50 26 37 80 39 37 30 32 46 84 59 104 72 36 0 19 33 60 18 68 90 57 94 40 85 60 63 80 24 13 64 21 67 81 61 55 52 33 52 55 83 23 28 33 46 78 28 58 66 41 62 74 23 45 48 22 14 87 86 45 67 3 49 71 78 61 14 79 65 51 72 59 49 65 43 20 64 63 
85 11 67 41 46 87 34 20 15 45 63 78 78 115 85 32 19 0 51 57 36 76 97 75 102 56 86 70 81 75 41 17 79 38 84 84 79 61 41 46 71 70 88 7 10 41 62 91 15 76 74 47 67 89 30 47 67 33 31 91 95 60 79 18 57 86 82 60 6 84 67 68 87 72 41 72 56 30 60 62 
95 40 28 25 42 77 63 68 61 29 27 103 27 90 58 58 33 51 0 77 17 64 87 24 89 24 91 56 31 96 17 40 43 17 41 86 31 59 78 31 19 38 84 55 61 40 29 63 59 25 62 48 66 52 40 58 16 31 22 90 79 30 58 33 50 52 81 76 46 80 74 28 53 46 72 64 35 36 81 77 
29 57 70 52 36 46 24 48 70 49 65 26 95 82 63 25 60 57 77 0 62 43 52 97 59 60 33 43 92 20 60 69 71 76 81 32 88 28 28 47 91 62 40 63 60 37 62 68 44 93 41 30 27 78 39 18 85 46 71 39 56 59 54 57 34 72 33 6 53 37 17 70 72 57 19 38 50 42 5 7 
83 24 33 13 30 70 46 52 47 20 30 88 43 91 58 42 18 36 17 62 0 58 81 42 84 23 81 49 46 82 7 28 47 16 50 76 44 49 61 22 36 39 76 40 46 27 30 63 42 41 56 36 56 57 23 44 31 16 14 81 75 30 55 17 41 55 72 62 30 72 62 34 56 45 55 56 30 20 66 63 
40 70 43 45 31 12 54 78 92 38 40 62 71 41 23 50 68 76 64 43 58 0 23 75 26 40 33 9 65 52 52 80 37 73 47 26 60 17 66 36 70 31 21 83 84 35 38 26 69 70 2 29 15 39 47 34 64 46 71 28 18 35 13 65 19 34 21 37 71 18 27 43 33 23 56 5 30 48 46 37 
35 92 65 68 53 11 70 95 112 62 62 63 92 33 37 68 90 97 87 52 81 23 0 96 7 63 26 32 84 53 75 103 55 97 64 22 80 36 80 59 92 52 12 104 104 58 60 37 88 90 25 50 30 54 68 52 86 69 95 17 12 57 31 87 41 49 20 47 92 15 35 64 47 44 70 25 53 70 54 46 
111 64 32 46 61 87 86 93 84 48 35 123 6 91 61 81 57 75 24 97 42 75 96 0 96 38 106 67 16 115 39 63 43 39 36 100 19 75 102 50 6 44 96 79 85 60 38 64 83 7 74 67 82 49 63 78 12 54 45 103 86 41 65 58 66 51 95 95 71 93 91 32 53 53 95 76 49 59 101 96 
42 96 65 71 57 15 76 101 117 64 63 70 91 27 35 73 94 102 89 59 84 26 7 96 0 65 33 35 83 60 78 107 54 99 63 29 79 41 86 62 92 52 19 108 109 61 61 34 93 90 29 55 35 52 73 57 86 73 98 24 10 59 32 91 45 47 26 53 96 22 42 64 45 44 76 29 55 74 60 52 
74 45 12 15 24 53 53 67 69 13 7 86 36 68 35 48 40 56 24 60 23 40 63 38 65 0 69 32 33 78 16 51 24 36 28 63 29 38 70 14 32 16 60 61 66 25 7 40 57 34 39 30 44 34 31 42 25 24 37 67 55 7 34 38 29 32 59 58 50 57 54 13 33 22 61 40 12 29 64 59 
9 84 75 68 51 26 55 80 101 63 71 37 103 59 54 54 85 86 91 33 81 33 26 106 33 69 0 39 96 28 76 96 69 96 79 6 92 32 60 60 101 63 15 93 91 54 68 57 75 101 33 45 25 71 62 40 94 66 92 9 35 65 46 82 41 66 11 28 82 15 20 75 65 55 51 30 57 65 32 26 
46 63 35 36 24 21 50 73 85 30 32 65 64 46 20 46 60 70 56 43 49 9 32 67 35 32 39 0 57 55 43 73 31 65 41 33 53 15 64 28 62 24 29 76 78 28 29 26 64 62 7 23 17 35 40 31 56 39 63 36 26 26 11 57 13 30 28 38 64 26 29 35 29 16 53 9 21 41 47 39 
102 70 23 45 56 75 85 96 92 45 27 118 10 75 48 80 63 81 31 92 46 65 84 16 83 33 96 57 0 109 41 71 29 48 21 90 4 68 102 46 16 33 85 86 91 57 30 50 86 10 63 63 73 34 63 74 16 54 53 93 73 34 53 63 59 37 85 89 76 82 84 22 39 41 93 66 42 59 97 90 
19 77 87 71 55 51 42 63 88 68 82 10 113 86 74 44 80 75 96 20 82 52 53 115 60 78 28 55 109 0 79 89 86 96 96 31 105 42 40 66 110 77 41 81 78 56 79 78 61 111 52 48 38 91 59 38 103 66 91 37 61 75 65 77 50 85 35 20 73 40 26 87 84 71 35 48 67 62 16 19 
79 30 26 8 26 64 47 56 54 14 23 86 40 84 51 42 24 41 17 60 7 52 75 39 78 16 76 43 41 79 0 35 40 21 43 71 38 44 63 16 33 32 70 46 51 24 23 56 45 38 50 32 52 50 24 42 28 15 21 76 69 23 48 23 36 48 67 59 35 67 58 27 49 38 56 51 23 20 64 61 
96 12 61 39 50 92 47 37 21 44 58 92 67 117 84 44 13 17 40 69 28 80 103 63 107 51 96 73 71 89 35 0 75 25 78 92 70 67 57 46 59 67 95 17 24 45 58 90 31 65 78 53 74 85 35 56 56 34 18 99 98 57 80 15 61 83 89 71 17 91 76 62 84 71 56 77 56 33 73 73 
76 69 15 38 40 46 72 89 93 34 18 95 38 49 19 67 64 79 43 71 47 37 55 43 54 24 69 31 29 86 40 75 0 58 10 63 25 44 88 34 39 10 57 85 89 43 17 21 79 37 36 45 48 10 53 56 34 46 60 65 44 19 24 62 38 9 58 67 73 55 60 14 11 15 78 40 25 51 76 68 
98 28 43 29 46 86 58 58 46 35 41 102 42 104 71 54 21 38 17 76 16 73 97 39 99 36 96 65 48 96 21 25 58 0 58 91 47 65 72 37 34 52 91 41 47 43 42 76 49 41 71 51 72 67 37 59 32 31 7 97 90 43 69 23 56 66 88 76 35 87 77 44 68 58 68 72 44 34 80 78 
86 73 16 43 48 56 79 95 97 40 21 105 30 54 28 74 67 84 41 81 50 47 64 36 63 28 79 41 21 96 43 78 10 58 0 73 17 54 95 40 34 19 67 89 94 50 22 29 85 30 46 53 58 13 59 65 30 52 61 75 53 25 34 66 47 16 68 77 78 65 70 16 18 24 86 50 32 57 85 78 
14 80 68 63 46 20 53 78 98 57 65 41 97 54 48 52 81 84 86 32 76 26 22 100 29 63 6 33 90 31 71 92 63 91 73 0 86 27 60 55 95 57 10 90 89 49 62 50 73 95 27 40 19 65 58 37 88 61 88 7 30 59 39 78 35 60 5 27 79 9 17 68 58 49 51 24 52 60 33 26 
98 68 18 42 52 71 82 94 91 41 23 114 13 72 44 77 61 79 31 88 44 60 80 19 79 29 92 53 4 105 38 70 25 47 17 86 0 63 98 43 17 29 81 84 89 54 26 46 84 13 59 59 69 30 59 70 15 51 52 88 69 30 49 61 55 33 81 85 74 78 80 18 35 37 90 62 38 56 93 86 
36 56 45 36 19 26 37 61 76 30 41 51 73 58 36 33 55 61 59 28 49 17 36 75 41 38 32 15 68 42 44 67 44 65 54 27 63 0 50 28 70 35 28 68 68 23 38 41 53 71 15 14 7 50 33 17 63 35 61 32 35 34 26 52 9 44 23 23 56 23 16 45 44 30 39 12 26 35 32 24 
55 46 81 57 48 72 16 24 50 57 76 39 102 107 84 21 52 41 78 28 61 66 80 102 86 70 60 64 102 40 63 57 88 72 95 60 98 50 0 56 96 77 68 44 40 45 74 90 26 100 65 43 52 95 39 33 91 48 65 67 82 71 75 49 52 91 60 33 40 64 44 82 91 75 11 61 63 43 28 34 
64 37 25 8 11 49 40 55 61 2 20 73 48 71 39 34 33 46 31 47 22 36 59 50 62 14 60 28 46 66 16 46 34 37 40 55 43 28 56 0 44 24 54 52 56 11 19 45 45 47 34 18 36 43 19 29 38 13 35 60 54 15 34 31 20 40 51 45 40 50 43 26 41 26 47 34 10 17 52 47 
106 59 27 40 55 82 80 88 80 42 30 117 8 88 57 75 52 71 19 91 36 70 92 6 92 32 101 62 16 110 33 59 39 34 34 95 17 70 96 44 0 40 91 74 80 55 33 61 78 6 69 62 76 46 57 73 7 48 41 98 82 36 61 53 61 48 90 89 66 88 86 28 50 48 89 71 43 53 96 90 
69 60 13 29 30 42 61 79 84 24 12 86 40 52 19 56 55 70 38 62 39 31 52 44 52 16 63 24 33 77 32 67 10 52 19 57 29 35 77 24 40 0 52 76 80 33 10 24 69 39 30 35 40 19 43 46 34 37 53 59 42 10 21 53 28 16 52 58 64 49 51 12 17 8 68 33 15 41 66 59 
24 83 64 62 46 11 59 84 103 56 61 51 92 44 40 57 83 88 84 40 76 21 12 96 19 60 15 29 85 41 70 95 57 91 67 10 81 28 68 54 91 52 0 94 94 50 58 42 78 90 22 42 20 58 60 42 85 62 88 8 20 55 33 80 35 52 7 34 83 4 24 64 51 44 58 20 49 62 42 34 
91 16 72 47 53 93 39 22 9 52 68 82 82 122 91 38 23 7 55 63 40 83 104 79 108 61 93 76 86 81 46 17 85 41 89 90 84 68 44 52 74 76 94 0 7 48 68 97 19 80 81 54 74 95 36 53 71 40 34 97 101 66 85 23 63 92 88 66 12 90 73 73 93 78 46 79 63 36 65 67 
89 21 77 51 55 94 37 16 10 55 73 79 88 124 94 37 28 10 61 60 46 84 104 85 109 66 91 78 91 78 51 24 89 47 94 89 89 68 40 56 80 80 94 7 0 50 72 100 17 86 82 55 74 99 38 53 77 43 40 96 102 70 88 28 65 95 88 64 16 90 72 78 96 82 43 80 66 39 63 66 
56 35 36 16 5 47 29 47 57 13 31 63 59 74 44 24 33 41 40 37 27 35 58 60 61 25 54 28 57 56 24 45 43 43 50 49 54 23 45 11 55 33 50 48 50 0 29 50 37 57 33 9 30 52 12 18 48 12 39 55 54 26 37 30 16 48 46 35 36 46 35 37 48 33 36 32 18 13 41 37 
73 52 7 21 27 50 58 73 76 18 3 88 35 62 29 53 46 62 29 62 30 38 60 38 61 7 68 29 30 79 23 58 17 42 22 62 26 38 74 19 33 10 58 68 72 29 0 34 63 33 36 33 44 27 37 45 26 30 43 65 51 4 29 45 30 25 57 59 56 55 54 8 26 17 65 38 12 35 67 60 
65 82 35 52 46 31 75 97 106 46 36 88 59 28 6 71 78 91 63 68 63 26 37 64 34 40 57 26 50 78 56 90 21 76 29 50 46 41 90 45 61 24 42 97 100 50 34 0 87 58 27 48 41 17 62 57 56 58 77 50 25 34 15 76 38 13 46 63 85 41 53 35 11 19 79 31 35 61 72 63 
72 21 69 43 42 79 20 10 26 45 64 63 85 110 81 21 28 15 59 44 42 69 88 83 93 57 75 64 86 61 45 31 79 49 85 73 84 53 26 45 78 69 78 19 17 37 63 87 0 83 67 41 58 88 26 36 73 33 42 80 87 60 74 26 51 85 71 48 15 74 56 70 85 70 27 65 55 28 46 49 
106 65 26 43 57 81 84 93 86 45 30 120 2 84 55 79 58 76 25 93 41 70 90 7 90 34 101 62 10 111 38 65 37 41 30 95 13 71 100 47 6 39 90 80 86 57 33 58 83 0 68 64 77 42 61 75 10 52 47 98 80 37 59 58 62 45 90 91 71 88 87 27 47 47 93 71 45 57 98 92 
40 68 42 42 29 15 52 76 89 36 39 61 70 43 23 48 66 74 62 41 56 2 25 74 29 39 33 7 63 52 50 78 36 71 46 27 59 15 65 34 69 30 22 81 82 33 36 27 67 68 0 27 14 39 45 32 62 44 69 29 21 33 13 63 17 34 22 36 68 19 26 42 33 22 54 4 27 46 45 36 
47 42 41 24 7 40 28 49 63 20 35 56 66 69 42 23 41 47 48 30 36 29 50 67 55 30 45 23 63 48 32 53 45 51 53 40 59 14 43 18 62 35 42 54 55 9 33 48 41 64 27 0 22 52 18 12 55 21 48 46 47 29 34 38 10 48 37 28 42 38 26 41 48 32 33 25 21 20 34 29 
30 63 51 43 26 21 41 66 83 38 47 48 79 55 37 38 62 67 66 27 56 15 30 82 35 44 25 17 73 38 52 74 48 72 58 19 69 7 52 36 76 40 20 74 74 30 44 41 58 77 14 22 0 52 40 22 70 42 69 25 30 40 27 59 16 47 16 22 62 16 12 51 46 34 42 10 33 42 31 22 
79 79 25 48 48 47 80 99 103 44 27 100 43 42 17 75 74 89 52 78 57 39 54 49 52 34 71 35 34 91 50 85 10 67 13 65 30 50 95 43 46 19 58 95 99 52 27 17 88 42 39 52 52 0 62 63 42 56 70 66 42 29 26 72 44 6 60 73 83 56 64 24 7 21 85 43 34 61 82 74 
63 23 44 18 17 58 23 36 45 19 38 65 63 86 56 18 23 30 40 39 23 47 68 63 73 31 62 40 63 59 24 35 53 37 59 58 59 33 39 19 57 43 60 36 38 12 37 62 26 61 45 18 40 62 0 22 51 9 32 64 65 34 49 20 28 58 55 39 24 56 42 44 59 44 32 43 28 4 43 41 
40 44 52 34 18 42 19 44 61 31 47 45 77 75 51 16 45 47 58 18 44 34 52 78 57 42 40 31 74 38 42 56 56 59 65 37 70 17 33 29 73 46 42 53 53 18 45 57 36 75 32 12 22 63 22 0 66 28 54 44 52 41 42 42 19 58 35 18 42 37 20 53 58 43 23 30 33 25 23 19 
99 55 21 34 48 76 75 83 77 36 24 111 12 83 52 70 48 67 16 85 31 64 86 12 86 25 94 56 16 103 28 56 34 32 30 88 15 63 91 38 7 34 85 71 77 48 26 56 73 10 62 55 70 42 51 66 0 43 38 92 76 30 55 48 54 43 83 83 62 81 79 22 45 42 83 65 37 48 89 84 
67 25 36 9 16 58 32 44 48 12 31 72 54 83 52 27 22 33 31 46 16 46 69 54 73 24 66 39 54 66 15 34 46 31 52 61 51 35 48 13 48 37 62 40 43 12 30 58 33 52 44 21 42 56 9 28 43 0 27 67 64 27 46 19 27 52 57 46 27 58 46 36 53 39 41 44 23 5 50 47 
94 21 45 27 42 84 52 50 39 33 42 96 49 104 71 48 14 31 22 71 14 71 95 45 98 37 92 63 53 91 21 18 60 7 61 88 52 61 65 35 41 53 88 34 40 39 43 77 42 47 69 48 69 70 32 54 38 27 0 94 89 43 68 16 54 68 84 71 27 84 73 46 69 58 61 69 44 28 75 73 
18 87 71 68 51 19 60 86 105 62 68 46 100 50 48 59 87 91 90 39 81 28 17 103 24 67 9 36 93 37 76 99 65 97 75 7 88 32 67 60 98 59 8 97 96 55 65 50 80 98 29 46 25 66 64 44 92 67 94 0 27 62 40 84 40 60 9 34 86 10 24 71 59 51 58 27 56 67 40 33 
44 88 55 62 49 10 71 95 110 55 53 71 81 25 25 68 86 95 79 56 75 18 12 86 10 55 35 26 73 61 69 98 44 90 53 30 69 35 82 54 82 42 20 101 102 54 51 25 87 80 21 47 30 42 65 52 76 64 89 27 0 49 22 83 38 37 26 51 89 21 39 54 36 34 72 22 45 66 59 50 
70 50 11 19 24 47 55 71 74 15 6 84 38 61 28 49 45 60 30 59 30 35 57 41 59 7 65 26 34 75 23 57 19 43 25 59 30 34 71 15 36 10 55 66 70 26 4 34 60 37 33 29 40 29 34 41 30 27 43 62 49 0 27 44 26 26 54 56 54 52 50 12 27 15 62 35 8 32 63 57 
53 71 33 42 33 22 61 83 94 36 32 75 61 37 10 57 67 79 58 54 55 13 31 65 32 34 46 11 53 65 48 80 24 69 34 39 49 26 75 34 61 21 33 85 88 37 29 15 74 59 13 34 27 26 49 42 55 46 68 40 22 27 0 65 24 20 34 49 73 31 39 33 20 12 65 17 25 49 57 49 
82 7 49 24 34 77 37 35 31 30 45 81 60 102 70 33 3 18 33 57 17 65 87 58 91 38 82 57 63 77 23 15 62 23 66 78 61 52 49 31 53 53 80 23 28 30 45 76 26 58 63 38 59 72 20 42 48 19 16 84 83 44 65 0 46 69 75 58 13 76 62 50 71 57 46 62 41 18 61 60 
45 51 37 28 12 31 37 60 72 22 32 59 64 59 32 33 49 57 50 34 41 19 41 66 45 29 41 13 59 50 36 61 38 56 47 35 55 9 52 20 61 28 35 63 65 16 30 38 51 62 17 10 16 44 28 19 54 27 54 40 38 26 24 46 0 39 31 30 51 31 25 37 39 24 41 16 18 29 38 31 
74 76 24 45 44 41 75 94 100 40 26 95 46 40 12 70 71 86 52 72 55 34 49 51 47 32 66 30 37 85 48 83 9 66 16 60 33 44 91 40 48 16 52 92 95 48 25 13 85 45 34 48 47 6 58 58 43 52 68 60 37 26 20 69 39 0 55 68 80 51 59 23 2 15 80 37 30 57 76 68 
19 78 63 59 42 16 52 78 96 53 60 45 92 51 43 51 78 82 81 33 72 21 20 95 26 59 11 28 85 35 67 89 58 88 68 5 81 23 60 51 90 52 7 88 88 46 57 46 71 90 22 37 16 60 55 35 83 57 84 9 26 54 34 75 31 55 0 27 77 5 16 63 53 44 51 19 47 57 34 27 
25 59 67 51 34 40 28 52 74 47 62 28 93 76 58 28 61 60 76 6 62 37 47 95 53 58 28 38 89 20 59 71 67 76 77 27 85 23 33 45 89 58 34 66 64 35 59 63 48 91 36 28 22 73 39 18 83 46 71 34 51 56 49 58 30 68 27 0 56 31 11 67 67 53 24 32 47 43 9 1 
81 7 61 35 40 81 31 23 21 39 57 76 73 109 79 29 14 6 46 53 30 71 92 71 96 50 82 64 76 73 35 17 73 35 78 79 74 56 40 40 66 64 83 12 16 36 56 85 15 71 68 42 62 83 24 42 62 27 27 86 89 54 73 13 51 80 77 56 0 78 62 62 81 66 39 67 50 23 57 58 
24 79 61 58 42 11 55 80 99 52 58 50 89 46 39 53 79 84 80 37 72 18 15 93 22 57 15 26 82 40 67 91 55 87 65 9 78 23 64 50 88 49 4 90 90 46 55 41 74 88 19 38 16 56 56 37 81 58 84 10 21 52 31 76 31 51 5 31 78 0 20 61 50 41 54 17 46 58 39 31 
21 64 61 50 32 29 36 61 81 45 57 36 89 64 49 35 65 67 74 17 62 27 35 91 42 54 20 29 84 26 58 76 60 77 70 17 80 16 44 43 86 51 24 73 72 35 54 53 56 87 26 26 12 64 42 20 79 46 73 24 39 50 39 62 25 59 16 11 62 20 0 61 58 45 34 22 42 45 20 11 
80 57 1 27 35 54 65 80 81 25 6 96 28 62 31 60 51 68 28 70 34 43 64 32 64 13 75 35 22 87 27 62 14 44 16 68 18 45 82 26 28 12 64 73 78 37 8 35 70 27 42 41 51 24 44 53 22 36 46 71 54 12 33 50 37 23 63 67 62 61 61 0 25 21 73 45 20 42 75 68 
72 77 26 46 44 40 75 95 101 41 27 94 48 38 11 71 72 87 53 72 56 33 47 53 45 33 65 29 39 84 49 84 11 68 18 58 35 44 91 41 50 17 51 93 96 48 26 11 85 47 33 48 46 7 59 58 45 53 69 59 36 27 20 71 39 2 53 67 81 50 58 25 0 16 80 37 31 58 76 68 
62 63 21 33 29 34 60 80 87 27 19 81 48 46 13 55 59 72 46 57 45 23 44 53 44 22 55 16 41 71 38 71 15 58 24 49 37 30 75 26 48 8 44 78 82 33 17 19 70 47 22 32 34 21 44 43 42 39 58 51 34 15 12 57 24 15 44 53 66 41 45 21 16 0 65 25 16 43 61 54 
47 44 72 49 38 62 9 29 53 48 67 37 95 96 74 14 49 41 72 19 55 56 70 95 76 61 51 53 93 35 56 56 78 68 86 51 90 39 11 47 89 68 58 46 43 36 65 79 27 93 54 33 42 85 32 23 83 41 61 58 72 62 65 46 41 80 51 24 39 54 34 73 80 65 0 51 54 36 20 25 
37 67 45 43 28 15 49 73 88 37 41 58 73 46 27 46 65 72 64 38 56 5 25 76 29 40 30 9 66 48 51 77 40 72 50 24 62 12 61 34 71 33 20 79 80 32 38 31 65 71 4 25 10 43 43 30 65 44 69 27 22 35 17 62 16 37 19 32 67 17 22 45 37 25 51 0 29 45 41 32 
62 47 20 17 16 42 47 65 71 11 15 76 46 61 29 42 43 56 35 50 30 30 53 49 55 12 57 21 42 67 23 56 25 44 32 52 38 26 63 10 43 15 49 63 66 18 12 35 55 45 27 21 33 34 28 33 37 23 44 56 45 8 25 41 18 30 47 47 50 46 42 20 31 16 54 29 0 27 55 48 
66 22 41 15 17 59 27 38 45 17 36 68 59 86 55 22 20 30 36 42 20 48 70 59 74 29 65 41 59 62 20 33 51 34 57 60 56 35 43 17 53 41 62 36 39 13 35 61 28 57 46 20 42 61 4 25 48 5 28 67 66 32 49 18 29 57 57 43 23 58 45 42 58 43 36 45 27 0 47 44 
27 61 74 57 41 48 26 49 73 53 69 22 100 84 67 28 64 60 81 5 66 46 54 101 60 64 32 47 97 16 64 73 76 80 85 33 93 32 28 52 96 66 42 65 63 41 67 72 46 98 45 34 31 82 43 23 89 50 75 40 59 63 57 61 38 76 34 9 57 39 20 75 76 61 20 41 55 47 0 8 
23 61 68 52 36 40 29 53 75 49 63 27 94 76 59 29 63 62 77 7 63 37 46 96 52 59 26 39 90 19 61 73 68 78 78 26 86 24 34 47 90 59 34 67 66 37 60 63 49 92 36 29 22 74 41 19 84 47 73 33 50 57 49 60 31 68 27 1 58 31 11 68 68 54 25 32 48 44 8 0 
0 28 0 12 275 0 211 0 0 50 14 0 177 23 31 0 0 141 0 487 91 10 0 1229 1208 8 1896 0 39 0 449 39 0 142 0 50 0 26 0 48 0 63 47 0 3000 34 1087 15 0 0 0 8 696 0 0 2600 0 0 0 23 1718 386 70 16 80 0 120 40 65 93 0 0 0 25 687 10 0 37 106 49 
28 0 65 162 355 0 67 265 8 261 216 135 373 17 272 473 0 1278 44 154 210 16 0 1083 42 41 600 0 271 73 54 81 195 25 412 1814 0 128 297 37 0 175 23 848 32 8 36 895 79 0 12 39 31 107 0 54 0 0 97 20 740 60 1008 9 18 105 3000 120 23 175 64 1043 670 13 70 3000 943 7 576 1917 
0 65 0 1218 3000 31 237 39 520 13 660 132 23 0 718 25 1362 154 586 10 943 0 180 0 22 0 33 996 290 20 0 40 117 489 32 0 461 0 162 0 173 17 48 3000 0 248 1094 0 20 926 12 0 0 42 595 471 1545 10 71 11 35 129 36 0 9 27 435 8 298 19 55 547 114 0 31 509 13 41 86 0 
12 162 1218 0 219 261 73 2122 99 30 51 8 32 12 845 184 168 9 2187 549 1029 9 31 0 87 896 3000 22 27 100 538 40 21 106 294 276 95 79 215 186 322 150 27 22 77 693 10 782 3000 430 1740 433 14 44 38 11 27 208 73 7 70 1173 1788 32 2049 2561 50 88 349 30 143 248 744 9 46 225 123 2107 15 0 
275 355 3000 219 0 795 229 22 14 49 7 364 589 14 14 35 8 74 331 40 280 104 251 1167 634 13 117 15 3000 3000 582 108 14 15 244 182 275 64 64 47 110 963 1452 41 102 9 392 9 320 61 1585 11 716 59 29 112 27 71 1052 63 36 451 416 73 809 805 75 105 244 465 11 2735 34 70 46 15 27 19 359 146 
0 0 31 261 795 0 0 0 36 0 0 108 0 0 25 38 186 896 241 0 22 0 3000 0 0 0 13 74 0 14 0 45 2024 294 0 0 1559 0 176 0 312 789 0 433 0 0 0 0 625 235 1803 0 0 96 21 0 647 398 59 0 1368 0 243 0 171 87 40 81 398 0 584 26 94 0 76 0 425 0 0 0 
211 67 237 73 229 0 0 88 32 41 132 164 8 242 395 16 0 686 440 894 8 89 0 195 196 71 305 0 12 0 174 30 13 27 0 245 0 3000 3000 159 0 101 12 0 208 10 373 15 18 0 698 260 3000 27 0 13 0 0 560 15 318 217 57 32 138 68 78 26 52 140 141 13 0 195 868 323 493 273 28 703 
0 265 39 2122 22 0 88 0 0 0 9 1954 191 73 22 0 0 0 86 34 757 0 47 0 59 0 242 81 146 61 0 81 0 51 170 0 137 17 0 0 0 307 0 0 0 90 152 0 40 0 0 0 0 0 0 29 0 140 0 0 0 241 67 0 40 3000 285 96 1434 22 0 1045 847 0 225 9 88 38 230 0 
0 8 520 99 14 36 32 0 0 469 10 10 254 0 49 123 158 1431 0 0 59 1688 172 0 0 344 71 1670 47 0 0 23 162 0 0 0 0 0 12 0 164 18 96 97 357 0 0 0 0 42 11 1710 38 14 58 0 18 50 237 111 65 149 53 0 304 609 473 315 33 0 1002 0 556 24 7 0 19 0 0 0 
50 261 13 30 49 0 41 0 469 0 21 450 1630 10 92 141 129 16 552 0 10 217 1748 1897 1222 9 15 0 431 0 64 73 2351 73 0 11 0 25 160 94 17 40 146 24 147 0 0 71 0 0 3000 141 1228 277 64 23 0 0 1291 142 31 1488 98 180 68 1803 215 52 12 128 212 0 39 787 666 162 79 219 3000 72 
14 216 660 51 7 0 132 9 10 21 0 2178 214 8 56 65 0 979 36 64 28 38 283 643 724 52 1314 0 86 560 16 26 210 450 24 18 0 76 32 46 0 374 194 267 44 67 116 19 20 0 483 699 988 190 0 9 0 0 121 562 640 103 193 119 2527 210 307 41 92 48 287 593 17 15 92 448 754 708 43 65 
0 135 132 8 364 108 164 1954 10 450 2178 0 9 453 20 10 1941 24 745 317 119 0 392 0 66 3000 31 22 18 138 0 155 3000 708 239 0 1108 15 21 0 66 29 1555 89 0 18 1083 0 55 3000 373 0 145 290 204 162 896 54 1300 22 228 192 884 0 199 2136 115 94 100 69 10 190 14 8 498 655 3000 22 299 0 
177 373 23 32 589 0 8 191 254 1630 214 9 0 30 468 3000 69 465 17 53 3000 260 77 121 129 633 25 95 140 57 23 73 9 50 46 8 425 369 41 11 403 124 149 64 208 223 286 15 663 0 132 1149 80 2172 12 183 0 0 224 902 1173 42 379 76 10 37 153 530 279 21 20 112 80 70 65 18 9 19 801 351 
23 17 0 12 14 0 242 73 0 10 8 453 30 0 39 0 0 0 17 54 10 0 0 15 93 388 201 0 39 0 144 2574 0 936 14 3000 0 25 0 107 0 230 67 0 0 64 137 56 51 0 0 105 285 0 0 10 0 0 0 823 0 234 1006 28 215 0 59 3000 38 138 0 45 0 85 163 10 0 19 196 30 
31 272 718 845 14 25 395 22 49 92 56 20 468 39 0 578 529 9 10 58 10 93 871 48 325 35 12 440 135 2036 22 98 1235 49 12 1010 1118 27 127 183 11 54 54 354 2363 1125 83 84 12 60 93 1197 756 86 150 51 559 13 9 610 433 1499 288 693 75 19 37 24 67 177 44 90 607 2006 1435 74 327 169 8 291 
0 473 25 184 35 38 16 0 123 141 65 10 3000 0 578 0 164 111 1547 0 444 10 97 0 221 39 838 16 76 673 0 45 26 16 0 0 30 52 69 179 329 236 108 325 576 0 0 0 64 852 778 59 394 133 292 19 438 11 90 47 94 36 29 23 124 174 31 239 12 1403 8 0 31 693 217 214 9 84 3000 0 
0 0 1362 168 8 186 0 0 158 129 0 1941 69 0 529 164 0 42 20 0 109 0 831 0 0 0 118 718 0 70 0 63 1256 52 0 0 16 0 20 0 142 97 0 570 0 0 0 0 13 2429 2254 0 0 72 203 0 694 8 214 0 12 158 291 0 166 159 75 25 18 0 3000 0 59 0 17 0 2881 0 0 0 
141 1278 154 9 74 896 686 0 1431 16 979 24 465 0 9 111 42 0 237 0 9 871 10 0 0 14 114 13 900 0 0 505 1622 27 0 0 0 378 242 100 304 97 386 272 351 0 0 0 0 47 9 1772 2466 219 11 0 155 0 15 67 8 24 38 3000 633 3000 18 41 100 14 114 0 183 182 315 467 183 0 0 0 
0 44 586 2187 331 241 440 86 0 552 36 745 17 17 10 1547 20 237 0 15 202 0 507 0 264 422 2519 7 243 33 27 1598 24 3000 19 256 87 164 0 0 503 242 1181 236 0 2081 63 1381 8 13 54 217 548 24 731 10 821 162 290 56 31 1247 368 1129 403 366 23 51 3000 151 175 9 523 527 554 9 97 3000 23 0 
487 154 10 549 40 0 894 34 0 0 64 317 53 54 58 0 0 0 15 0 48 0 30 37 702 512 135 43 20 2420 738 1525 10 17 23 15 61 559 0 0 0 9 284 0 0 104 71 777 228 0 0 0 0 0 0 197 0 0 0 0 0 217 348 578 2571 44 256 17 27 19 0 251 223 0 27 215 166 142 12 0 
91 210 943 1029 280 22 8 757 59 10 28 119 3000 10 10 444 109 9 202 48 0 391 15 1087 82 47 199 24 225 15 465 451 120 101 144 23 14 92 444 60 72 347 2368 63 2141 164 145 923 951 229 8 405 794 11 25 9 1151 206 2143 112 14 561 784 11 21 34 16 146 1336 415 699 11 331 25 927 533 77 189 333 199 
10 16 0 9 104 0 89 0 1688 217 38 0 260 0 93 10 0 871 0 0 391 0 0 0 0 17 2294 0 2224 0 0 1180 24 0 0 0 0 34 173 73 0 1020 9 27 563 0 0 0 0 0 22 245 84 298 0 0 0 0 3000 40 3000 89 18 0 0 0 35 97 196 0 104 0 0 25 949 0 0 0 0 0 
0 0 180 31 251 3000 0 47 172 1748 283 392 77 0 871 97 831 10 507 30 15 0 0 0 18 0 18 98 20 128 0 363 55 44 717 0 36 0 9 0 72 315 0 152 0 11 0 0 9 190 26 0 0 123 108 0 27 27 1270 0 32 14 493 0 10 466 62 77 154 639 177 16 18 0 11 55 517 539 8 0 
1229 1083 0 0 1167 0 195 0 0 1897 643 0 121 15 48 0 0 0 0 37 1087 0 0 0 11 12 522 0 78 0 38 3000 0 53 0 1665 0 58 0 312 0 24 140 0 42 1205 20 486 0 0 0 20 48 0 0 766 0 0 0 3000 0 378 16 75 0 0 0 12 12 100 0 0 0 131 105 51 0 499 716 17 
1208 42 22 87 634 0 196 59 0 1222 724 66 129 93 325 221 0 0 264 702 82 0 18 11 0 48 45 164 311 3000 1113 41 1905 282 12 410 413 26 0 17 0 40 8 0 0 105 561 61 177 0 0 1549 0 0 0 1136 0 0 0 26 0 153 190 499 50 88 1311 15 762 355 0 13 302 50 210 3000 77 41 106 461 
8 41 0 896 13 0 71 0 344 9 52 3000 633 388 35 39 0 14 422 512 47 17 0 12 48 0 341 0 318 0 18 70 8 3000 0 206 0 9 236 2620 0 59 13 0 458 201 150 332 0 0 108 42 21 58 0 27 0 0 952 76 26 636 27 141 345 0 8 12 85 104 96 98 0 117 414 54 11 867 364 152 
1896 600 33 3000 117 13 305 242 71 15 1314 31 25 201 12 838 118 114 2519 135 199 2294 18 522 45 341 0 369 36 130 171 11 2886 60 0 445 31 791 39 13 10 60 31 1199 20 35 9 318 1302 54 96 587 335 3000 985 1632 80 157 1054 766 13 773 69 211 53 403 70 196 2651 714 49 142 10 2963 22 29 53 48 17 1174 
0 0 996 22 15 74 0 81 1670 0 0 22 95 0 440 16 718 13 7 43 24 0 98 0 164 0 369 0 434 94 0 88 27 506 174 0 21 0 1940 0 529 324 0 39 0 291 0 0 69 956 218 0 0 2144 45 0 145 225 91 0 598 56 1542 0 14 783 67 41 43 8 319 908 61 0 28 34 51 52 1370 0 
39 271 290 27 3000 0 12 146 47 431 86 18 140 39 135 76 0 900 243 20 225 2224 20 78 311 318 36 434 0 314 14 372 369 599 37 514 72 51 1327 16 0 11 10 207 12 46 67 10 2458 0 11 104 453 15 0 55 0 0 234 43 3000 577 926 1694 79 221 13 1412 11 273 190 19 509 446 1180 1620 1738 441 40 318 
0 73 20 100 3000 14 0 61 0 0 560 138 57 0 2036 673 70 0 33 2420 15 0 128 0 3000 0 130 94 314 0 0 17 288 207 1134 0 114 0 0 0 3000 810 0 24 0 16 691 0 475 3000 12 0 0 105 8 99 17 8 783 0 51 2797 162 0 62 30 662 1332 107 536 491 1617 132 0 16 159 146 11 869 0 
449 54 0 538 582 0 174 0 0 64 16 0 23 144 22 0 0 0 27 738 465 0 0 38 1113 18 171 0 14 0 0 3000 0 78 0 219 0 13 0 19 0 296 154 0 348 14 25 8 0 0 0 1193 3000 0 0 30 0 0 0 9 0 358 16 8 94 0 49 336 359 35 0 0 0 3000 13 71 0 490 7 14 
39 81 40 40 108 45 30 81 23 73 26 155 73 2574 98 45 63 505 1598 1525 451 1180 363 3000 41 70 11 88 372 17 3000 0 60 90 107 1261 523 36 622 351 2645 380 1343 16 819 56 71 1863 1740 156 169 192 338 15 287 3000 76 318 271 23 170 3000 9 229 59 164 406 46 111 123 68 1511 23 81 15 28 12 939 60 360 
0 195 117 21 14 2024 13 0 162 2351 210 3000 9 0 1235 26 1256 1622 24 10 120 24 55 0 1905 8 2886 27 369 288 0 60 0 2358 0 0 296 13 234 0 137 46 13 20 62 69 0 0 159 138 52 272 9 83 10 3000 61 1233 124 3000 25 114 37 0 13 93 1166 1378 101 59 19 31 44 160 17 22 15 8 16 0 
142 25 489 106 15 294 27 51 0 73 450 708 50 936 49 16 52 27 3000 17 101 0 44 53 282 3000 60 506 599 207 78 90 2358 0 158 38 168 146 0 153 25 186 117 175 0 41 246 713 253 2552 0 12 299 66 1135 41 155 15 18 50 1121 340 3000 34 178 566 12 12 779 327 0 225 26 276 85 81 2631 12 24 12 
0 412 32 294 244 0 0 170 0 0 24 239 46 14 12 0 0 0 19 23 144 0 717 0 12 0 0 174 37 1134 0 107 0 158 0 0 23 1602 0 0 0 14 0 0 0 151 146 0 2486 0 0 0 0 0 0 1556 0 0 0 0 0 248 71 0 1606 58 0 0 11 249 0 205 0 0 293 562 194 957 3000 0 
50 1814 0 276 182 0 245 0 0 11 18 0 8 3000 1010 0 0 0 256 15 23 0 0 1665 410 206 445 0 514 0 219 1261 0 38 0 0 0 926 0 12 0 3000 75 0 287 166 1074 61 0 0 0 147 20 0 0 24 0 0 0 406 66 23 67 11 1254 0 32 91 414 260 0 35 0 149 12 32 0 540 31 383 
0 0 461 95 275 1559 0 137 0 0 0 1108 425 0 1118 30 16 0 87 61 14 0 36 0 413 0 31 21 72 114 0 523 296 168 23 0 0 0 0 0 447 238 0 210 0 778 0 0 48 237 23 0 0 13 429 162 102 58 2861 0 16 22 3000 0 1996 16 297 74 48 455 62 205 420 0 38 21 25 379 25 0 
26 128 0 79 64 0 3000 17 0 25 76 15 369 25 27 52 0 378 164 559 92 34 0 58 26 9 791 0 51 0 13 36 13 146 1602 926 0 0 0 391 0 428 196 0 1388 629 27 36 0 0 0 140 726 0 0 148 0 0 0 880 59 76 10 30 33 0 167 99 478 289 0 31 0 10 847 17 1085 467 10 687 
0 297 162 215 64 176 3000 0 12 160 32 21 41 0 127 69 20 242 0 0 444 173 9 0 0 236 39 1940 1327 0 0 622 234 0 0 0 0 0 0 0 51 101 62 113 3000 0 0 0 0 105 18 9 641 132 2629 0 285 168 34 14 7 401 289 0 264 835 379 60 12 0 78 0 514 113 418 0 25 0 0 0 
48 37 0 186 47 0 159 0 0 94 46 0 11 107 183 179 0 100 0 0 60 73 0 312 17 2620 13 0 16 0 19 351 0 153 0 12 0 391 0 0 0 26 252 0 110 64 10 14 0 0 71 369 545 0 0 213 0 0 0 56 167 330 30 246 328 0 12 364 36 78 0 0 0 30 317 143 0 1199 1293 18 
0 0 173 322 110 312 0 0 164 17 0 66 403 0 11 329 142 304 503 0 72 0 72 0 0 0 10 529 0 3000 0 2645 137 25 0 0 447 0 51 0 0 215 0 14 0 0 0 0 37 21 53 0 0 239 9 0 2938 13 56 0 218 302 79 0 237 399 1575 94 608 0 10 0 22 0 234 0 32 0 0 0 
63 175 17 150 963 789 101 307 18 40 374 29 124 230 54 236 97 97 242 9 347 1020 315 24 40 59 60 324 11 810 296 380 46 186 14 3000 238 428 101 26 215 0 11 41 572 90 399 32 9 1938 32 55 40 328 103 54 17 47 91 684 384 44 11 583 171 44 91 1144 48 51 343 11 25 22 36 509 203 16 53 208 
47 23 48 27 1452 0 12 0 96 146 194 1555 149 67 54 108 0 386 1181 284 2368 9 0 140 8 13 31 0 10 0 154 1343 13 117 0 75 0 196 62 252 0 11 0 13 506 568 204 76 0 0 1855 206 471 12 0 14 0 0 53 908 681 274 35 1094 36 1399 1483 323 61 257 9 0 0 757 27 267 49 49 121 340 
0 848 3000 22 41 433 0 0 97 24 267 89 64 0 354 325 570 272 236 0 63 27 152 0 0 0 1199 39 207 24 0 16 20 175 0 0 210 0 113 0 14 41 13 0 21 0 0 0 8 163 17 0 40 1058 371 0 131 287 36 89 52 84 34 0 403 9 184 1383 48 735 14 0 28 21 60 0 42 0 0 0 
3000 32 0 77 102 0 208 0 357 147 44 0 208 0 2363 576 0 351 0 0 2141 563 0 42 0 458 20 0 12 0 348 819 62 0 0 287 0 1388 3000 110 0 572 506 21 0 0 0 84 0 0 13 174 3000 1767 0 0 0 0 117 128 50 332 536 3000 14 0 33 2210 43 186 40 0 0 28 952 0 0 0 0 138 
34 8 248 693 9 0 10 90 0 0 67 18 223 64 1125 0 0 0 2081 104 164 0 11 1205 105 201 35 291 46 16 14 56 69 41 151 166 778 629 0 64 0 90 568 0 0 0 48 25 201 0 0 1117 0 0 0 317 0 0 0 0 0 189 633 9 177 388 692 101 338 249 0 13 0 0 22 30 1094 199 731 1266 
1087 36 1094 10 392 0 373 152 0 0 116 1083 286 137 83 0 0 0 63 71 145 0 0 20 561 150 9 0 67 691 25 71 0 246 146 1074 0 27 0 10 0 399 204 0 0 48 0 2537 544 0 0 393 0 0 0 70 0 0 0 61 0 838 16 48 513 0 204 11 367 515 0 9 0 13 257 50 76 410 48 28 
15 895 0 782 9 0 15 0 0 71 19 0 15 56 84 0 0 0 1381 777 923 0 0 486 61 332 318 0 10 0 8 1863 0 713 0 61 0 36 0 14 0 32 76 0 84 25 2537 0 0 0 0 20 1351 0 0 32 0 0 0 77 0 182 43 11 3000 0 82 406 197 85 0 0 0 146 599 23 0 489 34 138 
0 79 20 3000 320 625 18 40 0 0 20 55 663 51 12 64 13 0 8 228 951 0 9 0 177 0 1302 69 2458 475 0 1740 159 253 2486 0 48 0 0 0 37 9 0 8 0 201 544 0 0 81 0 0 0 415 1137 229 679 134 2749 0 245 3000 29 0 45 35 52 17 71 31 0 59 1425 0 13 23 83 73 170 0 
0 0 926 430 61 235 0 0 42 0 0 3000 0 0 60 852 2429 47 13 0 229 0 190 0 0 0 54 956 0 3000 0 156 138 2552 0 0 237 0 105 0 21 1938 0 163 0 0 0 0 81 0 56 0 0 158 584 0 1026 61 83 0 10 247 23 0 350 165 201 373 493 0 51 0 104 0 28 0 1432 0 0 0 
0 12 12 1740 1585 1803 698 0 11 3000 483 373 132 0 93 778 2254 9 54 0 8 22 26 0 0 108 96 218 11 12 0 169 52 0 0 0 23 0 18 71 53 32 1855 17 13 0 0 0 0 56 0 143 124 49 36 0 1137 10 427 114 641 8 16 0 3000 2236 47 330 22 17 382 0 345 582 9 0 33 0 0 0 
8 39 0 433 11 0 260 0 1710 141 699 0 1149 105 1197 59 0 1772 217 0 405 245 0 20 1549 42 587 0 104 0 1193 192 272 12 0 147 0 140 9 369 0 55 206 0 174 1117 393 20 0 0 143 0 54 1356 0 235 0 0 0 77 64 750 29 430 12 0 610 187 825 240 0 0 0 270 162 111 0 10 50 142 
696 31 0 14 716 0 3000 0 38 1228 988 145 80 285 756 394 0 2466 548 0 794 84 0 48 0 21 335 0 453 0 3000 338 9 299 0 20 0 726 641 545 0 40 471 40 3000 0 0 1351 0 0 124 54 0 97 0 71 0 0 488 41 81 16 270 82 94 0 628 105 3000 17 27 0 0 7 66 26 0 364 120 38 
0 107 42 44 59 96 27 0 14 277 190 290 2172 0 86 133 72 219 24 0 11 298 123 0 0 58 3000 2144 15 105 0 15 83 66 0 0 13 0 132 0 239 328 12 1058 1767 0 0 0 415 158 49 1356 97 0 546 0 3000 87 221 145 208 41 394 0 25 14 23 12 56 20 38 0 11 382 64 149 65 0 0 0 
0 0 595 38 29 21 0 0 58 64 0 204 12 0 150 292 203 11 731 0 25 0 108 0 0 0 985 45 0 8 0 287 10 1135 0 0 429 0 2629 0 9 103 0 371 0 0 0 0 1137 584 36 0 0 546 0 0 14 289 284 219 217 9 346 0 56 1256 14 592 532 0 9 0 299 0 141 0 25 0 0 0 
2600 54 471 11 112 0 13 29 0 23 9 162 183 10 51 19 0 0 10 197 9 0 0 766 1136 27 1632 0 55 99 30 3000 3000 41 1556 24 162 148 0 213 0 54 14 0 0 317 70 32 229 0 0 235 71 0 0 0 0 0 0 10 394 24 213 15 689 289 9 508 75 1264 0 229 0 170 944 435 98 46 387 8 
0 0 1545 27 27 647 0 0 18 0 0 896 0 0 559 438 694 155 821 0 1151 0 27 0 0 0 80 145 0 17 0 76 61 155 0 0 102 0 285 0 2938 17 0 131 0 0 0 0 679 1026 1137 0 0 3000 14 0 0 158 18 0 639 448 39 0 251 391 19 33 196 0 1972 944 57 0 24 0 30 0 0 0 
0 0 10 208 71 398 0 140 50 0 0 54 0 0 13 11 8 0 162 0 206 0 27 0 0 0 157 225 0 8 0 318 1233 15 0 0 58 0 168 0 13 47 0 287 0 0 0 0 134 61 10 0 0 87 289 0 158 0 91 0 47 82 107 0 13 228 298 1616 320 0 24 137 127 0 2336 0 41 0 0 0 
0 97 71 73 1052 59 560 0 237 1291 121 1300 224 0 9 90 214 15 290 0 2143 3000 1270 0 0 952 1054 91 234 783 0 271 124 18 0 0 2861 0 34 0 56 91 53 36 117 0 0 0 2749 83 427 0 488 221 284 0 18 91 0 196 17 13 187 0 33 28 11 206 81 129 8 0 83 238 26 0 37 0 0 0 
23 20 11 7 63 0 15 0 111 142 562 22 902 823 610 47 0 67 56 0 112 40 0 3000 26 76 766 0 43 0 9 23 3000 50 0 406 0 880 14 56 0 684 908 89 128 0 61 77 0 0 114 77 41 145 219 10 0 0 196 0 61 31 23 1136 372 1489 164 13 3000 224 2003 0 3000 131 749 46 13 42 123 11 
1718 740 35 70 36 1368 318 0 65 31 640 228 1173 0 433 94 12 8 31 0 14 3000 32 0 0 26 13 598 3000 51 0 170 25 1121 0 66 16 59 7 167 218 384 681 52 50 0 0 0 245 10 641 64 81 208 217 394 639 47 17 61 0 29 599 80 13 120 89 139 3000 26 39 0 59 268 69 478 444 0 27 0 
386 60 129 1173 451 0 217 241 149 1488 103 192 42 234 1499 36 158 24 1247 217 561 89 14 378 153 636 773 56 577 2797 358 3000 114 340 248 23 22 76 401 330 302 44 274 84 332 189 838 182 3000 247 8 750 16 41 9 24 448 82 13 31 29 0 28 157 25 69 13 192 245 188 113 2492 70 160 115 24 31 35 8 433 
70 1008 36 1788 416 243 57 67 53 98 193 884 379 1006 288 29 291 38 368 348 784 18 493 16 190 27 69 1542 926 162 16 9 37 3000 71 67 3000 10 289 30 79 11 35 34 536 633 16 43 29 23 16 29 270 394 346 213 39 107 187 23 599 28 0 166 27 380 72 95 111 662 74 540 31 44 687 554 10 245 259 8 
16 9 0 32 73 0 32 0 0 180 119 0 76 28 693 23 0 3000 1129 578 11 0 0 75 499 141 211 0 1694 0 8 229 0 34 0 11 0 30 0 246 0 583 1094 0 3000 9 48 11 0 0 0 430 82 0 0 15 0 0 0 1136 80 157 166 0 52 0 57 51 9 91 0 106 0 189 1360 29 0 3000 57 1794 
80 18 9 2049 809 171 138 40 304 68 2527 199 10 215 75 124 166 633 403 2571 21 0 10 0 50 345 53 14 79 62 94 59 13 178 1606 1254 1996 33 264 328 237 171 36 403 14 177 513 3000 45 350 3000 12 94 25 56 689 251 13 33 372 13 25 27 52 0 28 57 39 40 76 85 1180 818 16 52 16 128 87 51 0 
0 105 27 2561 805 87 68 3000 609 1803 210 2136 37 0 19 174 159 3000 366 44 34 0 466 0 88 0 403 783 221 30 0 164 93 566 58 0 16 0 835 0 399 44 1399 9 0 388 0 0 35 165 2236 0 0 14 1256 289 391 228 28 1489 120 69 380 0 28 0 124 7 1129 198 79 54 3000 289 830 45 70 440 132 0 
120 3000 435 50 75 40 78 285 473 215 307 115 153 59 37 31 75 18 23 256 16 35 62 0 1311 8 70 67 13 662 49 406 1166 12 0 32 297 167 379 12 1575 91 1483 184 33 692 204 82 52 201 47 610 628 23 14 9 19 298 11 164 89 13 72 57 57 124 0 33 475 1436 55 54 153 376 151 217 252 105 2085 0 
40 120 8 88 105 81 26 96 315 52 41 94 530 3000 24 239 25 41 51 17 146 97 77 12 15 12 196 41 1412 1332 336 46 1378 12 0 91 74 99 60 364 94 1144 323 1383 2210 101 11 406 17 373 330 187 105 12 592 508 33 1616 206 13 139 192 95 51 39 7 33 0 22 393 97 1818 13 484 344 93 221 188 922 188 
65 23 298 349 244 398 52 1434 33 12 92 100 279 38 67 12 18 100 3000 27 1336 196 154 12 762 85 2651 43 11 107 359 111 101 779 11 414 48 478 12 36 608 48 61 48 43 338 367 197 71 493 22 825 3000 56 532 75 196 320 81 3000 3000 245 111 9 40 1129 475 22 0 14 140 87 3000 159 147 7 780 58 27 0 
93 175 19 30 465 0 140 22 0 128 48 69 21 138 177 1403 0 14 151 19 415 0 639 100 355 104 714 8 273 536 35 123 59 327 249 260 455 289 0 78 0 51 257 735 186 249 515 85 31 0 17 240 17 20 0 1264 0 0 129 224 26 188 662 91 76 198 1436 393 14 0 62 1675 67 403 13 36 219 33 12 3000 
0 64 55 143 11 584 141 0 1002 212 287 10 20 0 44 8 3000 114 175 0 699 104 177 0 0 96 49 319 190 491 0 68 19 0 0 0 62 0 78 0 10 343 9 14 40 0 0 0 0 51 382 0 27 38 9 0 1972 24 8 2003 39 113 74 0 85 79 55 97 140 62 0 0 26 943 235 0 10 0 0 0 
0 1043 547 248 2735 26 13 1045 0 0 593 190 112 45 90 0 0 0 9 251 11 0 16 0 13 98 142 908 19 1617 0 1511 31 225 205 35 205 31 0 0 0 11 0 0 0 13 9 0 59 0 0 0 0 0 0 229 944 137 0 0 0 2492 540 106 1180 54 54 1818 87 1675 0 0 11 0 1355 9 16 22 1814 0 
0 670 114 744 34 94 0 847 556 39 17 14 80 0 607 31 59 183 523 223 331 0 18 0 302 0 10 61 509 132 0 23 44 26 0 0 420 0 514 0 22 25 0 28 0 0 0 0 1425 104 345 0 0 11 299 0 57 127 83 3000 59 70 31 0 818 3000 153 13 3000 67 26 11 0 0 661 17 8 22 51 0 
25 13 0 9 70 0 195 0 24 787 15 8 70 85 2006 693 0 182 527 0 25 25 0 131 50 117 2963 0 446 0 3000 81 160 276 0 149 0 10 113 30 0 22 757 21 28 0 13 146 0 0 582 270 7 382 0 170 0 0 238 131 268 160 44 189 16 289 376 484 159 403 943 0 0 0 10 75 157 180 332 19 
687 70 31 46 46 76 868 225 7 666 92 498 65 163 1435 217 17 315 554 27 927 949 11 105 210 414 22 28 1180 16 13 15 17 85 293 12 38 847 418 317 234 36 27 60 952 22 257 599 13 28 9 162 66 64 141 944 24 2336 26 749 69 115 687 1360 52 830 151 344 147 13 235 1355 661 10 0 339 90 16 10 38 
10 3000 509 225 15 0 323 9 0 162 448 655 18 10 74 214 0 467 9 215 533 0 55 51 3000 54 29 34 1620 159 71 28 22 81 562 32 21 17 0 143 0 509 267 0 0 30 50 23 23 0 0 111 26 149 0 435 0 0 0 46 478 24 554 29 16 45 217 93 7 36 0 9 17 75 339 0 421 40 59 43 
0 943 13 123 27 425 493 88 19 79 754 3000 9 0 327 9 2881 183 97 166 77 0 517 0 77 11 53 51 1738 146 0 12 15 2631 194 0 25 1085 25 0 32 203 49 42 0 1094 76 0 83 1432 33 0 0 65 25 98 30 41 37 13 444 31 10 0 128 70 252 221 780 219 10 16 8 157 90 421 0 238 933 0 
37 7 41 2107 19 0 273 38 0 219 708 22 19 19 169 84 0 0 3000 142 189 0 539 499 41 867 48 52 441 11 490 939 8 12 957 540 379 467 0 1199 0 16 49 0 0 199 410 489 73 0 0 10 364 0 0 46 0 0 0 42 0 35 245 3000 87 440 105 188 58 33 0 22 22 180 16 40 238 0 981 475 
106 576 86 15 359 0 28 230 0 3000 43 299 801 196 8 3000 0 0 23 12 333 0 8 716 106 364 17 1370 40 869 7 60 16 24 3000 31 25 10 0 1293 0 53 121 0 0 731 48 34 170 0 0 50 120 0 0 387 0 0 0 123 27 8 259 57 51 132 2085 922 27 12 0 1814 51 332 10 59 933 981 0 81 
49 1917 0 0 146 0 703 0 0 72 65 0 351 30 291 0 0 0 0 0 199 0 0 17 461 152 1174 0 318 0 14 360 0 12 0 383 0 687 0 18 0 208 340 0 138 1266 28 138 0 0 0 142 38 0 0 8 0 0 0 11 0 433 8 1794 0 0 0 188 0 3000 0 0 0 19 38 43 0 475 81 0 
