80
0 51 58 49 51 69 46 49 32 24 63 71 48 52 51 41 38 47 56 37 53 32 28 47 41 60 64 34 41 63 38 26 58 11 37 44 22 20 28 10 46 42 42 44 40 62 44 37 37 69 51 62 47 59 51 62 33 26 19 38 40 35 54 27 23 25 43 36 41 17 47 34 34 20 47 60 34 47 19 37 
51 0 83 62 66 60 90 94 23 31 21 25 61 31 42 74 83 66 66 17 61 24 74 82 11 10 90 84 47 12 45 28 80 60 82 8 66 54 63 57 73 76 32 86 61 54 72 88 40 55 41 51 32 31 84 59 75 58 67 16 76 21 102 42 37 42 70 37 90 67 33 69 27 72 15 30 82 43 68 57 
58 83 0 106 108 124 93 93 62 57 78 87 105 101 47 96 85 17 113 66 111 79 78 17 73 85 7 52 36 91 94 59 4 50 35 75 39 77 30 48 103 17 93 93 97 117 100 63 43 123 104 116 54 64 13 118 31 83 70 79 94 80 90 43 50 81 15 89 79 50 53 89 56 57 88 107 77 44 66 95 
49 62 106 0 5 28 46 51 59 57 82 87 1 35 88 24 45 94 7 61 6 40 42 95 58 71 112 72 84 71 17 57 106 58 83 61 69 29 76 58 17 91 30 41 10 23 18 68 77 32 25 26 80 87 99 19 80 24 43 48 29 42 64 69 62 27 92 25 57 61 80 26 66 57 47 44 51 86 48 12 
51 66 108 5 0 30 44 49 63 60 87 91 6 40 92 22 44 97 7 65 9 44 41 97 63 76 115 73 87 75 21 61 109 60 84 65 71 31 79 60 15 93 34 39 11 26 16 68 80 34 29 29 84 92 101 21 82 26 44 52 27 46 62 73 66 30 94 30 56 62 84 26 70 58 52 48 50 90 48 14 
69 60 124 28 30 0 73 78 68 68 81 82 27 28 96 52 72 110 24 67 21 47 68 115 62 68 130 97 95 65 31 68 123 79 105 63 91 52 95 79 44 110 32 69 37 7 45 94 88 7 21 9 86 90 119 9 102 49 68 51 57 47 92 83 75 44 109 34 85 84 87 54 75 82 46 32 78 95 73 37 
46 90 93 46 44 73 0 5 75 68 105 113 46 74 97 22 8 88 50 80 52 65 18 77 81 99 97 43 87 101 52 71 94 47 59 85 54 36 66 50 29 76 65 5 38 69 28 33 82 78 67 71 92 104 82 65 62 32 27 74 17 69 18 73 69 48 81 57 17 44 93 22 79 35 79 84 16 93 29 40 
49 94 93 51 49 78 5 0 79 71 109 117 51 79 100 27 11 89 55 83 57 70 21 77 85 103 97 43 89 105 57 74 95 48 59 89 55 40 67 51 34 76 70 10 43 74 33 32 85 83 72 76 95 107 82 70 62 37 30 78 22 73 13 75 72 53 82 62 15 45 96 27 82 36 84 89 16 96 31 45 
32 23 62 59 63 68 75 79 0 8 31 39 58 41 29 64 68 45 65 6 61 21 58 59 12 29 68 62 28 34 43 5 59 38 59 15 44 41 40 35 66 53 36 72 55 61 64 68 21 65 47 59 20 30 62 64 52 47 50 17 65 21 85 19 14 34 48 36 72 45 21 58 7 51 27 45 65 28 50 51 
24 31 57 57 60 68 68 71 8 0 39 48 56 44 32 58 60 42 63 14 59 21 51 53 20 38 64 54 27 42 41 3 56 30 51 23 36 35 33 27 61 47 37 65 51 61 59 59 20 66 48 60 25 36 56 64 45 41 42 21 59 23 78 15 8 30 43 34 64 37 25 52 11 43 31 49 57 29 42 47 
63 21 78 82 87 81 105 109 31 39 0 9 81 53 32 92 98 61 87 26 82 43 89 82 25 14 84 92 42 19 65 36 74 69 86 22 72 70 66 66 92 76 53 102 80 76 91 98 38 76 62 72 24 15 82 80 79 76 81 34 94 41 116 44 42 60 68 57 103 75 25 87 30 82 36 50 96 34 81 76 
71 25 87 87 91 82 113 117 39 48 9 0 86 55 40 98 106 70 91 34 86 49 96 91 31 15 93 101 51 18 70 45 83 77 95 28 81 77 75 74 98 85 57 109 86 78 97 107 47 77 65 74 33 23 91 83 88 82 88 40 101 46 124 53 51 67 77 62 111 84 34 93 38 91 39 51 104 43 89 82 
48 61 105 1 6 27 46 51 58 56 81 86 0 34 87 24 45 93 8 60 7 39 41 94 57 70 112 72 83 70 16 57 105 57 82 60 69 29 76 58 18 90 29 41 10 23 18 68 76 31 24 25 79 86 99 19 80 24 43 47 29 41 64 69 61 26 91 24 57 60 79 26 65 57 46 43 51 85 47 11 
52 31 101 35 40 28 74 79 41 44 53 55 34 0 69 54 70 86 37 39 33 23 63 95 34 40 108 85 70 38 23 43 100 63 89 35 73 42 75 61 50 90 10 70 38 23 50 85 62 24 11 20 59 62 98 28 84 43 59 24 58 21 91 59 51 30 87 18 81 69 60 52 48 70 17 10 73 68 63 35 
51 42 47 88 92 96 97 100 29 32 32 40 87 69 0 90 89 30 94 30 91 50 79 53 36 41 53 71 14 48 72 31 43 52 61 36 51 66 41 49 93 47 65 95 83 90 91 80 15 93 76 87 11 18 53 93 54 73 70 45 90 50 103 24 29 62 38 65 90 58 9 83 22 66 53 71 84 4 69 79 
41 74 96 24 22 52 22 27 64 58 92 98 24 54 90 0 21 87 29 67 30 50 21 83 67 84 102 54 82 85 32 60 97 47 67 70 57 23 67 48 8 80 46 17 16 47 7 47 76 56 46 50 83 93 87 43 67 17 27 58 5 52 40 67 61 32 83 39 34 47 84 7 69 41 62 64 29 86 31 19 
38 83 85 45 44 72 8 11 68 60 98 106 45 70 89 21 0 79 50 73 51 59 10 69 75 93 89 37 78 95 48 63 86 38 52 78 46 30 58 41 30 68 61 9 36 68 28 27 74 76 63 69 84 97 74 64 54 27 19 68 17 63 20 65 61 43 73 53 13 36 85 19 72 27 74 80 9 85 20 37 
47 66 17 94 97 110 88 89 45 42 61 70 93 86 30 87 79 0 101 49 98 63 71 23 57 68 24 51 19 74 80 43 14 42 37 58 34 66 22 39 93 19 79 87 86 103 91 62 26 108 89 101 37 48 23 104 30 73 62 63 86 65 89 27 34 68 9 75 76 44 36 80 40 52 72 91 72 27 59 83 
56 66 113 7 7 24 50 55 65 63 87 91 8 37 94 29 50 101 0 66 5 45 48 102 63 75 119 79 90 74 23 64 113 65 90 66 76 37 84 65 21 98 33 46 17 21 22 74 83 29 27 24 85 93 106 15 88 31 50 53 34 47 69 76 69 33 99 30 63 68 86 32 72 64 51 45 57 92 54 19 
37 17 66 61 65 67 80 83 6 14 26 34 60 39 30 67 73 49 66 0 62 21 63 65 7 24 73 68 32 28 44 11 64 44 65 9 49 45 46 41 68 59 35 76 57 60 67 73 24 63 46 58 20 27 67 64 58 50 55 15 69 20 91 25 19 36 53 36 77 51 21 61 10 57 23 42 70 29 55 53 
53 61 111 6 9 21 52 57 61 59 82 86 7 33 91 30 51 98 5 62 0 41 48 100 59 70 117 78 87 69 19 60 110 63 88 61 75 35 81 63 23 96 29 47 16 17 24 74 80 26 22 20 81 88 104 13 86 30 49 48 35 43 70 73 65 30 96 26 64 66 82 33 68 63 47 41 57 88 54 17 
32 24 79 40 44 47 65 70 21 21 43 49 39 23 50 50 59 63 45 21 41 0 50 73 18 34 85 65 48 36 23 21 77 42 67 21 51 29 52 40 49 67 16 62 37 41 48 68 41 45 26 38 40 47 76 43 62 34 44 9 52 3 79 36 29 18 64 15 67 49 41 45 28 52 15 29 59 48 46 33 
28 74 78 42 41 68 18 21 58 51 89 96 41 63 79 21 10 71 48 63 48 50 0 63 65 83 83 33 69 86 41 53 79 30 47 69 39 21 50 32 29 61 53 16 32 63 27 26 65 71 57 64 75 87 68 60 47 20 9 59 18 54 29 55 51 34 65 45 17 28 75 16 62 21 65 73 10 76 12 32 
47 82 17 95 97 115 77 77 59 53 82 91 94 95 53 83 69 23 102 65 100 73 63 0 71 86 20 35 40 92 84 55 20 37 18 74 26 66 20 37 90 6 87 78 86 109 87 47 44 115 96 108 58 70 5 109 16 71 56 75 80 75 74 40 46 72 14 81 63 36 57 76 56 42 85 102 61 49 52 83 
41 11 73 58 63 62 81 85 12 20 25 31 57 34 36 67 75 57 63 7 59 18 65 71 0 19 80 73 38 23 41 17 71 49 71 3 55 46 52 46 68 66 31 78 56 55 66 78 31 58 41 53 25 29 74 59 64 51 57 11 70 17 93 31 26 36 60 33 80 56 26 62 17 61 17 36 73 35 59 52 
60 10 85 71 76 68 99 103 29 38 14 15 70 40 41 84 93 68 75 24 70 34 83 86 19 0 92 91 49 6 55 35 82 67 88 15 73 63 68 65 83 80 42 96 70 63 82 96 43 62 50 59 32 27 88 68 81 68 76 25 86 31 112 47 43 52 74 47 99 74 33 79 31 80 24 37 92 43 77 67 
64 90 7 112 115 130 97 97 68 64 84 93 112 108 53 102 89 24 119 73 117 85 83 20 80 92 0 55 43 98 100 66 10 56 38 81 45 83 36 54 108 22 100 98 103 124 106 67 49 129 110 122 61 70 16 124 36 89 75 85 100 87 94 49 57 88 21 96 83 55 59 95 63 62 95 113 81 50 71 101 
34 84 52 72 73 97 43 43 62 54 92 101 72 85 71 54 37 51 79 68 78 65 33 35 73 91 55 0 58 96 67 57 54 24 17 76 21 45 31 27 62 35 75 45 62 91 60 12 58 99 82 91 71 85 40 89 21 48 29 71 50 69 39 49 50 56 43 68 28 17 71 48 62 15 80 94 28 67 25 61 
41 47 36 84 87 95 87 89 28 27 42 51 83 70 14 82 78 19 90 32 87 48 69 40 38 49 43 58 0 55 68 27 33 41 48 39 38 59 27 37 86 34 64 85 77 89 84 68 8 93 75 87 18 30 40 91 40 66 60 46 82 49 92 15 21 57 26 62 78 45 17 75 22 54 55 73 73 9 58 73 
63 12 91 71 75 65 101 105 34 42 19 18 70 38 48 85 95 74 74 28 69 36 86 92 23 6 98 96 55 0 55 39 88 72 93 20 78 65 74 69 83 86 41 97 71 60 82 100 49 59 48 56 38 33 94 65 86 69 79 27 88 33 114 52 48 54 80 47 102 79 39 80 37 84 23 33 94 49 80 67 
38 45 94 17 21 31 52 57 43 41 65 70 16 23 72 32 48 80 23 44 19 23 41 84 41 55 100 67 68 55 0 41 93 48 74 44 59 22 65 48 29 80 14 47 16 24 28 65 61 32 16 24 63 70 88 24 71 21 39 31 36 25 68 54 47 13 79 8 59 53 64 30 50 52 31 33 51 70 43 13 
26 28 59 57 61 68 71 74 5 3 36 45 57 43 31 60 63 43 64 11 60 21 53 55 17 35 66 57 27 39 41 0 57 33 54 20 39 37 36 30 62 50 36 68 52 61 61 62 20 66 47 59 23 34 58 64 48 43 45 20 61 22 80 16 9 31 45 35 67 40 24 54 9 46 30 48 60 28 45 48 
58 80 4 106 109 123 94 95 59 56 74 83 105 100 43 97 86 14 113 64 110 77 79 20 71 82 10 54 33 88 93 57 0 51 38 72 41 77 30 49 103 19 92 95 97 116 101 66 40 121 103 115 51 61 17 117 33 84 71 77 95 78 93 41 48 81 14 88 81 51 50 90 54 59 86 105 79 40 67 95 
11 60 50 58 60 79 47 48 38 30 69 77 57 63 52 47 38 42 65 44 63 42 30 37 49 67 56 24 41 72 48 33 51 0 26 52 12 28 20 3 53 34 53 46 48 73 51 30 38 80 62 72 50 63 42 72 23 34 21 47 45 45 51 28 27 36 36 47 38 7 50 39 39 14 56 71 32 48 18 46 
37 82 35 83 84 105 59 59 59 51 86 95 82 89 61 67 52 37 90 65 88 67 47 18 71 88 38 17 48 93 74 54 38 26 0 74 16 54 21 27 75 19 79 61 73 99 73 28 49 106 88 99 63 76 23 98 7 58 41 71 64 70 56 42 45 62 28 73 44 22 63 61 57 26 81 97 44 57 36 71 
44 8 75 61 65 63 85 89 15 23 22 28 60 35 36 70 78 58 66 9 61 21 69 74 3 15 81 76 39 20 44 20 72 52 74 0 58 49 55 49 70 68 33 81 58 57 69 81 32 59 43 54 25 28 76 61 67 54 61 13 73 19 97 34 28 39 62 36 84 59 26 65 18 65 17 36 76 36 62 54 
22 66 39 69 71 91 54 55 44 36 72 81 69 73 51 57 46 34 76 49 75 51 39 26 55 73 45 21 38 78 59 39 41 12 16 58 0 40 12 12 64 23 64 54 60 84 62 30 37 91 72 83 51 64 30 84 11 45 31 55 55 54 55 28 30 47 27 58 42 11 50 50 43 19 65 81 39 46 27 58 
20 54 77 29 31 52 36 40 41 35 70 77 29 42 66 23 30 66 37 45 35 29 21 66 46 63 83 45 59 65 22 37 77 28 54 49 40 0 48 29 27 62 32 32 20 46 25 43 53 54 38 46 60 70 70 45 51 7 17 38 24 33 50 44 38 13 63 24 39 32 60 17 46 30 44 52 31 63 21 18 
28 63 30 76 79 95 66 67 40 33 66 75 76 75 41 67 58 22 84 46 81 52 50 20 52 68 36 31 27 74 65 36 30 20 21 55 12 48 0 19 73 15 66 65 67 89 71 41 28 95 76 88 43 56 24 89 13 54 41 55 65 55 67 22 26 52 16 61 54 22 42 60 37 31 65 82 50 37 38 65 
10 57 48 58 60 79 50 51 35 27 66 74 58 61 49 48 41 39 65 41 63 40 32 37 46 65 54 27 37 69 48 30 49 3 27 49 12 29 19 0 54 33 52 48 49 72 52 33 34 79 61 72 46 60 41 72 23 35 23 45 47 43 54 25 24 35 34 46 41 10 46 41 36 17 54 69 35 45 21 47 
46 73 103 17 15 44 29 34 66 61 92 98 18 50 93 8 30 93 21 68 23 49 29 90 68 83 108 62 86 83 29 62 103 53 75 70 64 27 73 54 0 86 43 25 12 41 2 55 80 49 41 43 85 95 94 36 74 20 34 58 13 52 48 71 65 32 89 36 43 54 86 14 72 49 60 60 37 90 39 16 
42 76 17 91 93 110 76 76 53 47 76 85 90 90 47 80 68 19 98 59 96 67 61 6 66 80 22 35 34 86 80 50 19 34 19 68 23 62 15 33 86 0 81 76 82 104 84 47 38 110 91 103 52 64 9 104 14 68 53 69 78 69 74 34 40 67 9 76 62 33 51 73 50 40 79 96 60 43 49 79 
42 32 93 30 34 32 65 70 36 37 53 57 29 10 65 46 61 79 33 35 29 16 53 87 31 42 100 75 64 41 14 36 92 53 79 33 64 32 66 52 43 81 0 61 31 25 42 75 56 29 11 23 55 60 90 28 75 34 49 20 50 15 81 52 44 19 79 8 71 59 56 43 43 60 18 20 63 64 53 27 
44 86 93 41 39 69 5 10 72 65 102 109 41 70 95 17 9 87 46 76 47 62 16 78 78 96 98 45 85 97 47 68 95 46 61 81 54 32 65 48 25 76 61 0 33 64 23 36 81 73 62 66 90 101 82 60 62 28 25 70 12 65 23 71 67 44 81 53 20 44 90 18 77 36 75 80 17 91 28 35 
40 61 97 10 11 37 38 43 55 51 80 86 10 38 83 16 36 86 17 57 16 37 32 86 56 70 103 62 77 71 16 52 97 48 73 58 60 20 67 49 12 82 31 33 0 32 12 58 70 40 29 34 75 84 90 29 71 14 33 46 21 40 55 62 56 21 83 24 48 51 75 17 61 47 47 48 41 80 37 4 
62 54 117 23 26 7 69 74 61 61 76 78 23 23 90 47 68 103 21 60 17 41 63 109 55 63 124 91 89 60 24 61 116 73 99 57 84 46 89 72 41 104 25 64 32 0 41 88 81 8 14 4 80 84 112 6 95 43 62 45 52 41 87 76 69 37 102 28 80 77 81 48 68 76 40 28 72 89 67 31 
44 72 100 18 16 45 28 33 64 59 91 97 18 50 91 7 28 91 22 67 24 48 27 87 66 82 106 60 84 82 28 61 101 51 73 69 62 25 71 52 2 84 42 23 12 41 0 54 78 50 41 44 83 93 92 37 72 18 32 57 12 50 46 69 63 30 87 35 41 52 84 12 70 46 59 60 35 88 36 15 
37 88 63 68 68 94 33 32 68 59 98 107 68 85 80 47 27 62 74 73 74 68 26 47 78 96 67 12 68 100 65 62 66 30 28 81 30 43 41 33 55 47 75 36 58 88 54 0 66 96 81 89 79 92 51 86 33 45 26 74 43 71 27 57 56 55 54 67 17 23 79 42 69 16 83 94 19 76 22 57 
37 40 43 77 80 88 82 85 21 20 38 47 76 62 15 76 74 26 83 24 80 41 65 44 31 43 49 58 8 49 61 20 40 38 49 32 37 53 28 34 80 38 56 81 70 81 78 66 0 85 67 79 14 27 45 84 42 60 56 38 76 41 89 10 15 50 31 55 75 43 14 69 14 52 47 66 69 11 54 67 
69 55 123 32 34 7 78 83 65 66 76 77 31 24 93 56 76 108 29 63 26 45 71 115 58 62 129 99 93 59 32 66 121 80 106 59 91 54 95 79 49 110 29 73 40 8 50 96 85 0 19 7 83 86 119 13 102 52 70 48 61 44 96 81 74 44 108 34 88 84 84 57 72 84 41 26 81 92 75 39 
51 41 104 25 29 21 67 72 47 48 62 65 24 11 76 46 63 89 27 46 22 26 57 96 41 50 110 82 75 48 16 47 103 62 88 43 72 38 76 61 41 91 11 62 29 14 41 81 67 19 0 12 66 70 100 18 84 37 55 31 50 26 84 62 55 26 89 15 74 67 67 45 54 67 26 19 67 74 58 27 
62 51 116 26 29 9 71 76 59 60 72 74 25 20 87 50 69 101 24 58 20 38 64 108 53 59 122 91 87 56 24 59 115 72 99 54 83 46 88 72 43 103 23 66 34 4 44 89 79 7 12 0 77 81 111 10 95 44 63 42 54 38 89 75 67 36 101 26 81 77 78 50 66 76 37 24 74 86 67 32 
47 32 54 80 84 86 92 95 20 25 24 33 79 59 11 83 84 37 85 20 81 40 75 58 25 32 61 71 18 38 63 23 51 50 63 25 51 60 43 46 85 52 55 90 75 80 83 79 14 83 66 77 0 13 58 83 56 66 66 35 84 40 100 22 24 54 44 55 87 56 1 77 14 64 42 60 80 11 65 71 
59 31 64 87 92 90 104 107 30 36 15 23 86 62 18 93 97 48 93 27 88 47 87 70 29 27 70 85 30 33 70 34 61 63 76 28 64 70 56 60 95 64 60 101 84 84 93 92 27 86 70 81 13 0 70 88 69 77 78 40 95 46 113 36 36 63 55 62 99 69 14 87 25 77 45 62 93 21 78 80 
51 84 13 99 101 119 82 82 62 56 82 91 99 98 53 87 74 23 106 67 104 76 68 5 74 88 16 40 40 94 88 58 17 42 23 76 30 70 24 41 94 9 90 82 90 112 92 51 45 119 100 111 58 70 0 113 20 76 60 77 85 78 78 42 48 76 15 85 67 40 57 80 57 47 87 105 66 49 56 88 
62 59 118 19 21 9 65 70 64 64 80 83 19 28 93 43 64 104 15 64 13 43 60 109 59 68 124 89 91 65 24 64 117 72 98 61 84 45 89 72 36 104 28 60 29 6 37 86 84 13 18 10 83 88 113 0 95 41 60 49 48 44 83 78 71 37 103 29 76 76 84 45 71 74 44 34 69 92 65 28 
33 75 31 80 82 102 62 62 52 45 79 88 80 84 54 67 54 30 88 58 86 62 47 16 64 81 36 21 40 86 71 48 33 23 7 67 11 51 13 23 74 14 75 62 71 95 72 33 42 102 84 95 56 69 20 95 0 56 40 66 65 65 60 35 39 58 22 69 48 20 55 60 50 27 75 92 46 50 36 69 
26 58 83 24 26 49 32 37 47 41 76 82 24 43 73 17 27 73 31 50 30 34 20 71 51 68 89 48 66 69 21 43 84 34 58 54 45 7 54 35 20 68 34 28 14 43 18 45 60 52 37 44 66 77 76 41 56 0 19 42 19 37 48 51 45 16 69 26 38 37 67 11 52 33 47 53 30 70 24 13 
19 67 70 43 44 68 27 30 50 42 81 88 43 59 70 27 19 62 50 55 49 44 9 56 57 76 75 29 60 79 39 45 71 21 41 61 31 17 41 23 34 53 49 25 33 62 32 26 56 70 55 63 66 78 60 60 40 19 0 52 24 47 36 46 42 30 57 41 23 20 66 20 53 15 59 69 16 66 5 32 
38 16 79 48 52 51 74 78 17 21 34 40 47 24 45 58 68 63 53 15 48 9 59 75 11 25 85 71 46 27 31 20 77 47 71 13 55 38 55 45 58 69 20 70 46 45 57 74 38 48 31 42 35 40 77 49 66 42 52 0 61 6 87 36 29 27 65 23 75 54 36 54 24 58 10 28 67 44 54 42 
40 76 94 29 27 57 17 22 65 59 94 101 29 58 90 5 17 86 34 69 35 52 18 80 70 86 100 50 82 88 36 61 95 45 64 73 55 24 65 47 13 78 50 12 21 52 12 43 76 61 50 54 84 95 85 48 65 19 24 61 0 55 35 67 62 34 81 42 30 45 85 7 70 38 65 68 24 87 28 23 
35 21 80 42 46 47 69 73 21 23 41 46 41 21 50 52 63 65 47 20 43 3 54 75 17 31 87 69 49 33 25 22 78 45 70 19 54 33 55 43 52 69 15 65 40 41 50 71 41 44 26 38 40 46 78 44 65 37 47 6 55 0 82 38 30 21 66 17 70 52 41 48 28 55 12 27 63 48 50 36 
54 102 90 64 62 92 18 13 85 78 116 124 64 91 103 40 20 89 69 91 70 79 29 74 93 112 94 39 92 114 68 80 93 51 56 97 55 50 67 54 48 74 81 23 55 87 46 27 89 96 84 89 100 113 78 83 60 48 36 87 35 82 0 79 77 63 81 73 14 46 100 39 88 37 94 101 20 99 35 57 
27 42 43 69 73 83 73 75 19 15 44 53 69 59 24 67 65 27 76 25 73 36 55 40 31 47 49 49 15 52 54 16 41 28 42 34 28 44 22 25 71 34 52 71 62 76 69 57 10 81 62 75 22 36 42 78 35 51 46 36 67 38 79 0 8 43 29 49 65 34 22 60 16 42 46 64 60 20 45 59 
23 37 50 62 66 75 69 72 14 8 42 51 61 51 29 61 61 34 69 19 65 29 51 46 26 43 57 50 21 48 47 9 48 27 45 28 30 38 26 24 65 40 44 67 56 69 63 56 15 74 55 67 24 36 48 71 39 45 42 29 62 30 77 8 0 36 36 41 63 33 24 55 13 41 39 57 57 25 41 52 
25 42 81 27 30 44 48 53 34 30 60 67 26 30 62 32 43 68 33 36 30 18 34 72 36 52 88 56 57 54 13 31 81 36 62 39 47 13 52 35 32 67 19 44 21 37 30 55 50 44 26 36 54 63 76 37 58 16 30 27 34 21 63 43 36 0 66 12 52 41 55 27 40 41 31 39 44 60 33 17 
43 70 15 92 94 109 81 82 48 43 68 77 91 87 38 83 73 9 99 53 96 64 65 14 60 74 21 43 26 80 79 45 14 36 28 62 27 63 16 34 89 9 79 81 83 102 87 54 31 108 89 101 44 55 15 103 22 69 57 65 81 66 81 29 36 66 0 75 68 37 43 76 44 46 74 93 65 35 53 80 
36 37 89 25 30 34 57 62 36 34 57 62 24 18 65 39 53 75 30 36 26 15 45 81 33 47 96 68 62 47 8 35 88 47 73 36 58 24 61 46 36 76 8 53 24 28 35 67 55 34 15 26 55 62 85 29 69 26 41 23 42 17 73 49 41 12 75 0 63 52 56 36 42 53 23 28 55 63 45 20 
41 90 79 57 56 85 17 15 72 64 103 111 57 81 90 34 13 76 63 77 64 67 17 63 80 99 83 28 78 102 59 67 81 38 44 84 42 39 54 41 43 62 71 20 48 80 41 17 75 88 74 81 87 99 67 76 48 38 23 75 30 70 14 65 63 52 68 63 0 33 87 31 75 24 82 90 8 86 22 49 
17 67 50 61 62 84 44 45 45 37 75 84 60 69 58 47 36 44 68 51 66 49 28 36 56 74 55 17 45 79 53 40 51 7 22 59 11 32 22 10 54 33 59 44 51 77 52 23 43 84 67 77 56 69 40 76 20 37 20 54 45 52 46 34 33 41 37 52 33 0 56 40 46 9 63 77 29 54 16 49 
47 33 53 80 84 87 93 96 21 25 25 34 79 60 9 84 85 36 86 21 82 41 75 57 26 33 59 71 17 39 64 24 50 50 63 26 50 60 42 46 86 51 56 90 75 81 84 79 14 84 67 78 1 14 57 84 55 67 66 36 85 41 100 22 24 55 43 56 87 56 0 77 15 64 43 62 81 10 65 72 
34 69 89 26 26 54 22 27 58 52 87 93 26 52 83 7 19 80 32 61 33 45 16 76 62 79 95 48 75 80 30 54 90 39 61 65 50 17 60 41 14 73 43 18 17 48 12 42 69 57 45 50 77 87 80 45 60 11 20 54 7 48 39 60 55 27 76 36 31 40 77 0 63 35 58 62 24 80 24 18 
34 27 56 66 70 75 79 82 7 11 30 38 65 48 22 69 72 40 72 10 68 28 62 56 17 31 63 62 22 37 50 9 54 39 57 18 43 46 37 36 72 50 43 77 61 68 70 69 14 72 54 66 14 25 57 71 50 52 53 24 70 28 88 16 13 40 44 42 75 46 15 63 0 53 33 52 68 21 53 57 
20 72 57 57 58 82 35 36 51 43 82 91 57 70 66 41 27 52 64 57 63 52 21 42 61 80 62 15 54 84 52 46 59 14 26 65 19 30 31 17 49 40 60 36 47 76 46 16 52 84 67 76 64 77 47 74 27 33 15 58 38 55 37 42 41 41 46 53 24 9 64 35 53 0 67 79 20 62 10 46 
47 15 88 47 52 46 79 84 27 31 36 39 46 17 53 62 74 72 51 23 47 15 65 85 17 24 95 80 55 23 31 30 86 56 81 17 65 44 65 54 60 79 18 75 47 40 59 83 47 41 26 37 42 45 87 44 75 47 59 10 65 12 94 46 39 31 74 23 82 63 43 58 33 67 0 19 74 52 61 44 
60 30 107 44 48 32 84 89 45 49 50 51 43 10 71 64 80 91 45 42 41 29 73 102 36 37 113 94 73 33 33 48 105 71 97 36 81 52 82 69 60 96 20 80 48 28 60 94 66 26 19 24 60 62 105 34 92 53 69 28 68 27 101 64 57 39 93 28 90 77 62 62 52 79 19 0 83 71 72 45 
34 82 77 51 50 78 16 16 65 57 96 104 51 73 84 29 9 72 57 70 57 59 10 61 73 92 81 28 73 94 51 60 79 32 44 76 39 31 50 35 37 60 63 17 41 72 35 19 69 81 67 74 80 93 66 69 46 30 16 67 24 63 20 60 57 44 65 55 8 29 81 24 68 20 74 83 0 80 15 41 
47 43 44 86 90 95 93 96 28 29 34 43 85 68 4 86 85 27 92 29 88 48 76 49 35 43 50 67 9 49 70 28 40 48 57 36 46 63 37 45 90 43 64 91 80 89 88 76 11 92 74 86 11 21 49 92 50 70 66 44 87 48 99 20 25 60 35 63 86 54 10 80 21 62 52 71 80 0 65 76 
19 68 66 48 48 73 29 31 50 42 81 89 47 63 69 31 20 59 54 55 54 46 12 52 59 77 71 25 58 80 43 45 67 18 36 62 27 21 38 21 39 49 53 28 37 67 36 22 54 75 58 67 65 78 56 65 36 24 5 54 28 50 35 45 41 33 53 45 22 16 65 24 53 10 61 72 15 65 0 37 
37 57 95 12 14 37 40 45 51 47 76 82 11 35 79 19 37 83 19 53 17 33 32 83 52 67 101 61 73 67 13 48 95 46 71 54 58 18 65 47 16 79 27 35 4 31 15 57 67 39 27 32 71 80 88 28 69 13 32 42 23 36 57 59 52 17 80 20 49 49 72 18 57 46 44 45 41 76 37 0 
0 107 56 68 650 506 30 16 44 953 199 0 18 0 217 27 204 958 13 0 115 0 9 238 17 80 9 12 179 10 607 301 292 26 799 10 15 0 3000 35 562 573 233 260 2667 217 0 141 53 198 3000 24 185 48 189 97 86 67 503 0 415 0 58 1616 137 1341 15 132 81 8 0 27 2490 140 33 46 537 3000 649 3000 
107 0 260 93 0 444 0 992 0 0 0 42 43 49 1570 234 18 0 102 0 50 0 0 262 0 37 27 0 329 13 0 0 80 165 0 35 21 0 0 0 95 145 205 0 251 35 0 0 0 340 359 0 3000 75 503 57 75 0 22 0 0 164 29 61 574 255 71 57 0 0 0 101 3000 0 0 0 0 142 0 0 
56 260 0 38 18 109 10 322 72 0 0 55 394 2040 251 1034 701 200 80 404 16 33 64 183 117 25 143 881 134 140 171 41 841 353 2232 1469 16 429 68 0 12 100 10 0 32 278 184 0 43 15 503 22 34 173 145 1571 10 0 27 33 51 127 23 357 71 35 3000 922 33 0 63 126 1335 403 514 140 191 54 101 0 
68 93 38 0 458 251 27 9 164 10 24 612 184 9 130 15 18 106 88 68 21 9 3000 140 122 1422 13 22 166 893 609 17 0 96 11 38 15 492 1027 52 409 17 157 259 601 101 115 0 118 1308 17 0 162 61 31 15 253 0 1191 28 199 7 1071 14 700 3000 39 108 0 0 226 21 96 144 2151 388 11 21 23 182 
650 0 18 458 0 169 24 0 14 46 28 427 119 24 398 142 12 442 3000 23 0 61 78 45 1207 8 11 119 0 15 36 258 0 206 13 0 0 8 36 17 63 70 625 132 15 0 3000 28 158 59 10 0 0 14 10 46 24 553 185 37 28 0 0 957 0 71 0 0 0 0 81 132 0 272 10 197 45 0 1075 15 
506 444 109 251 169 0 3000 36 194 18 51 144 61 38 718 176 1875 959 1378 25 88 939 479 18 9 31 56 68 344 361 3000 866 43 272 383 120 1161 388 329 80 3000 338 199 21 37 189 35 13 327 13 276 2526 1691 3000 48 117 218 126 56 10 102 1121 1696 22 652 30 2947 13 218 196 743 2284 51 423 19 517 799 242 27 626 
30 0 10 27 24 3000 0 13 12 345 7 194 246 29 519 997 392 11 7 51 0 0 31 711 73 727 250 23 0 89 8 3000 11 19 156 570 195 59 102 214 1031 11 120 80 144 9 35 97 232 19 2601 14 658 125 3000 24 41 53 126 59 45 0 13 161 0 245 158 839 499 1883 11 1473 13 39 42 401 113 128 379 308 
16 992 322 9 0 36 13 0 0 0 0 32 244 268 321 92 776 311 214 0 126 0 0 559 100 208 366 0 153 1227 334 41 11 57 1720 15 43 0 0 0 13 85 482 0 141 309 0 0 0 718 310 1083 213 1113 98 102 7 0 31 0 7 83 46 15 796 44 661 1277 123 1828 0 645 150 124 0 46 0 13 0 0 
44 0 72 164 14 194 12 0 0 169 2737 19 982 210 70 55 205 77 1004 16 0 292 644 30 1448 95 667 19 0 14 836 118 0 66 29 10 0 65 21 51 879 3000 8 56 38 0 43 401 263 7 30 34 135 160 156 13 53 3000 3000 764 3000 0 120 91 0 11 0 0 0 0 917 590 0 79 38 206 3000 63 109 32 
953 0 0 10 46 18 345 0 169 0 444 0 0 0 177 744 22 1588 76 35 0 0 13 1185 26 48 1097 656 0 661 3000 156 0 90 65 0 0 144 18 45 154 224 33 140 198 0 173 142 333 0 13 13 0 1082 224 95 1364 58 2333 3000 99 0 15 1982 0 43 0 0 0 0 183 267 0 1227 88 2247 495 0 153 50 
199 0 0 24 28 51 7 0 2737 444 0 0 0 0 240 15 3000 44 476 0 0 0 3000 767 271 16 55 100 0 0 191 386 0 708 308 723 0 86 162 14 11 585 2900 32 108 0 0 1238 3000 0 32 472 2643 17 0 342 22 19 0 0 503 0 378 15 0 2769 0 0 129 41 0 43 0 63 18 421 547 0 46 127 
0 42 55 612 427 144 194 32 19 0 0 0 13 13 0 0 9 64 48 881 1067 801 47 123 0 7 25 0 266 406 471 277 0 408 0 0 0 15 75 0 9 152 1529 0 324 223 245 0 132 78 19 0 0 28 938 271 165 0 3000 503 236 60 0 1086 2196 197 3000 150 0 0 169 1840 48 190 100 0 0 47 0 34 
18 43 394 184 119 61 246 244 982 0 0 13 0 18 27 178 140 74 13 9 1424 103 50 205 0 1810 45 0 55 3000 390 83 0 30 0 248 200 285 1799 0 15 467 457 0 91 356 32 0 61 40 405 0 427 27 89 2128 22 0 29 10 173 121 89 10 1171 111 94 99 0 0 46 2856 1325 1181 0 0 0 2833 0 0 
0 49 2040 9 24 38 29 268 210 0 0 13 18 0 0 0 2020 23 18 55 19 189 30 1241 0 57 18 0 46 1005 93 104 0 810 0 0 0 39 663 0 41 689 7 0 26 18 705 0 2685 184 8 0 0 634 63 33 480 0 107 73 2263 380 0 11 343 14 406 1021 0 0 13 249 109 368 208 0 0 26 0 8 
217 1570 251 130 398 718 519 321 70 177 240 0 27 0 0 489 405 25 13 0 25 0 29 177 155 22 302 45 208 24 152 45 16 65 36 58 21 0 24 2954 124 119 15 50 254 27 0 9 59 809 13 3000 38 794 497 3000 59 7 48 0 15 0 188 455 37 111 51 79 445 1530 0 33 206 185 64 2773 697 31 376 224 
27 234 1034 15 142 176 997 92 55 744 15 0 178 0 489 0 87 521 9 0 16 0 109 57 68 120 51 61 24 193 604 91 36 793 3000 265 31 0 241 31 235 271 745 133 380 406 0 7 390 0 19 47 23 71 2864 14 2359 1086 238 0 12 0 589 902 0 619 116 407 68 810 0 75 393 366 197 316 17 45 2498 151 
204 18 701 18 12 1875 392 776 205 22 3000 9 140 2020 405 87 0 379 45 0 1370 0 156 18 712 426 170 120 76 63 189 134 376 962 588 72 190 0 43 0 176 84 787 8 259 221 104 0 722 160 425 45 41 3000 10 190 22 0 118 0 27 22 373 287 655 99 1012 374 29 456 0 450 207 29 201 234 23 137 343 14 
958 0 200 106 442 959 11 311 77 1588 44 64 74 23 25 521 379 0 78 61 0 179 47 52 77 39 151 1450 56 9 15 40 0 12 369 244 49 56 11 156 10 77 19 175 253 3000 10 619 2245 169 757 570 218 346 358 19 2603 186 8 14 17 0 3000 297 65 477 14 10 72 0 106 70 28 2243 53 20 1065 536 32 447 
13 102 80 88 3000 1378 7 214 1004 76 476 48 13 18 13 9 45 78 0 57 21 12 223 641 100 14 343 29 139 137 66 133 177 622 12 753 20 1759 53 166 25 8 985 11 83 158 307 22 28 106 134 130 64 348 40 56 74 3000 78 230 128 0 9 43 363 619 14 3000 262 143 464 111 23 22 1962 58 24 115 314 493 
0 0 404 68 23 25 51 0 16 35 0 881 9 55 0 0 0 61 57 0 0 90 360 569 0 0 2519 0 0 824 13 358 0 0 0 0 0 202 410 0 69 429 269 0 0 0 52 0 187 26 327 0 0 0 16 53 598 0 13 548 8 0 0 3000 138 146 0 0 0 0 210 119 0 44 547 0 0 1127 0 348 
115 50 16 21 0 88 0 126 0 0 0 1067 1424 19 25 16 1370 0 21 0 0 0 0 48 0 24 363 0 143 69 0 0 0 94 0 9 791 0 0 0 0 0 162 0 94 702 0 0 0 171 0 0 1543 2291 202 16 863 0 33 0 0 66 214 246 63 231 96 779 0 0 0 520 452 0 0 0 0 63 0 0 
0 0 33 9 61 939 0 0 292 0 0 801 103 189 0 0 0 179 12 90 0 0 82 0 0 0 0 0 0 101 40 24 0 0 0 0 0 1894 544 0 0 0 30 0 0 0 156 0 235 69 393 0 0 0 61 1330 0 0 826 501 12 0 0 0 0 9 0 0 0 0 23 12 0 0 39 0 0 284 0 1271 
9 0 64 3000 78 479 31 0 644 13 3000 47 50 30 29 109 156 47 223 360 0 82 0 1487 39 658 467 55 0 71 69 375 0 143 1291 130 0 417 9 484 449 3000 244 28 1248 0 36 60 18 3000 281 339 202 204 29 55 340 45 8 143 239 0 36 45 0 58 0 0 3000 495 109 19 0 102 44 115 144 0 96 1118 
238 262 183 140 45 18 711 559 30 1185 767 123 205 1241 177 57 18 52 641 569 48 0 1487 0 50 64 106 1047 141 1937 15 8 31 336 230 282 417 27 9 30 70 28 608 18 147 15 121 8 14 64 59 332 10 61 790 23 75 76 764 252 19 91 1580 69 33 1737 90 366 65 136 67 220 36 213 315 245 169 837 382 171 
17 0 117 122 1207 9 73 100 1448 26 271 0 0 0 155 68 712 77 100 0 0 0 39 50 0 48 113 10 0 808 10 38 31 208 345 420 229 0 27 239 177 15 69 157 86 0 0 3000 43 0 1728 32 21 13 80 34 132 23 0 0 3000 0 30 61 0 26 58 237 269 1352 0 1522 1537 74 488 86 323 1074 79 615 
80 37 25 1422 8 31 727 208 95 48 16 7 1810 57 22 120 426 39 14 0 24 0 658 64 48 0 73 484 281 31 34 31 299 723 336 22 17 2202 57 12 40 547 11 28 524 126 3000 127 12 10 13 135 403 650 825 961 1450 30 39 0 271 0 144 47 100 564 276 65 3000 486 0 41 2810 27 11 9 199 52 759 26 
9 27 143 13 11 56 250 366 667 1097 55 25 45 18 302 51 170 151 343 2519 363 0 467 106 113 73 0 94 28 3000 47 208 218 41 63 39 136 294 11 507 71 85 797 12 49 222 631 543 8 164 14 348 29 459 151 62 23 0 21 22 1656 9 210 1100 417 722 108 100 124 111 114 2271 400 3000 14 3000 431 1345 2088 128 
12 0 881 22 119 68 23 0 19 656 100 0 0 0 45 61 120 1450 29 0 0 0 55 1047 10 484 94 0 0 67 26 22 85 28 87 429 0 1634 8 1236 37 236 90 60 223 0 243 52 26 0 26 319 279 34 91 339 67 49 32 0 422 0 438 137 0 1765 0 0 17 36 168 9 0 2676 46 7 8 0 24 231 
179 329 134 166 0 344 0 153 0 0 0 266 55 46 208 24 76 56 139 0 143 0 0 141 0 281 28 0 0 633 1158 46 0 522 0 678 1042 0 0 0 1276 243 116 0 36 501 0 0 0 962 31 0 118 78 11 1225 722 0 192 0 2604 23 107 85 213 311 452 79 0 0 0 1220 23 0 0 0 0 12 0 0 
10 13 140 893 15 361 89 1227 14 661 0 406 3000 1005 24 193 63 9 137 824 69 101 71 1937 808 31 3000 67 633 0 11 438 0 1156 509 1210 34 149 12 0 27 416 14 449 963 211 27 0 140 14 25 0 57 7 17 70 10 0 607 27 227 138 266 61 12 1880 970 54 0 0 1163 67 251 160 331 0 0 7 0 2665 
607 0 171 609 36 3000 8 334 836 3000 191 471 390 93 152 604 189 15 66 13 0 40 69 15 10 34 47 26 1158 11 0 295 19 1269 177 23 69 184 39 136 652 61 477 514 594 118 140 99 309 326 227 22 11 85 114 82 22 37 152 73 187 0 7 21 0 8 63 329 9 69 80 54 558 182 30 32 222 58 24 8 
301 0 41 17 258 866 3000 41 118 156 386 277 83 104 45 91 134 40 133 358 0 24 375 8 38 31 208 22 46 438 295 0 0 20 26 92 0 203 21 18 81 3000 15 19 31 42 632 370 41 247 219 0 0 912 38 1897 3000 37 62 1900 358 0 0 558 37 8 322 927 0 0 23 2131 120 1101 3000 0 43 3000 20 8 
292 80 841 0 0 43 11 11 0 0 0 0 0 0 16 36 376 0 177 0 0 0 0 31 31 299 218 85 0 0 19 0 0 156 296 14 48 0 0 0 7 553 1699 119 533 13 0 0 0 0 15 59 486 16 0 0 268 0 0 0 0 0 431 441 0 0 57 2591 269 838 0 0 38 77 0 50 222 105 1239 0 
26 165 353 96 206 272 19 57 66 90 708 408 30 810 65 793 962 12 622 0 94 0 143 336 208 723 41 28 522 1156 1269 20 156 0 542 159 10 0 11 0 94 131 117 211 159 1420 858 0 81 17 39 512 3000 57 621 105 102 0 396 0 135 27 67 1252 39 593 50 21 14 511 0 82 82 40 22 28 3000 99 223 111 
799 0 2232 11 13 383 156 1720 29 65 308 0 0 0 36 3000 588 369 12 0 0 0 1291 230 345 336 63 87 0 509 177 26 296 542 0 80 254 0 18 184 78 66 24 25 573 0 0 147 9 0 113 186 457 245 442 84 125 41 40 0 21 0 342 39 0 50 457 30 152 2754 0 1021 61 182 89 320 26 0 1386 227 
10 35 1469 38 0 120 570 15 10 0 723 0 248 0 58 265 72 244 753 0 9 0 130 282 420 22 39 429 678 1210 23 92 14 159 80 0 19 0 0 0 76 20 20 35 2444 24 0 0 0 216 1888 176 13 47 173 102 77 0 13 0 151 322 35 215 25 108 8 102 65 12 0 1027 77 563 234 460 19 827 301 0 
15 21 16 15 0 1161 195 43 0 0 0 0 200 0 21 31 190 49 20 0 791 0 0 417 229 17 136 0 1042 34 69 0 48 10 254 19 0 0 0 0 412 13 63 0 34 76 0 0 0 372 29 83 71 1151 217 1322 18 0 18 0 0 93 480 106 16 118 32 390 80 453 0 1004 511 53 0 195 836 41 77 0 
0 0 429 492 8 388 59 0 65 144 86 15 285 39 0 0 0 56 1759 202 0 1894 417 27 0 2202 294 1634 0 149 184 203 0 0 0 0 0 0 341 355 119 638 216 41 39 0 24 59 707 24 72 0 0 3000 12 14 97 156 10 301 181 0 0 25 0 3000 0 0 0 0 1342 19 0 21 66 0 59 185 0 1318 
3000 0 68 1027 36 329 102 0 21 18 162 75 1799 663 24 241 43 11 53 410 0 544 9 9 27 57 11 8 0 12 39 21 0 11 18 0 0 341 0 1285 40 37 13 777 8 0 2219 1949 1670 38 86 0 0 21 23 25 49 1572 12 2414 2129 0 0 1138 0 186 0 0 0 0 722 223 0 3000 113 306 203 91 86 146 
35 0 0 52 17 80 214 0 51 45 14 0 0 0 2954 31 0 156 166 0 0 0 484 30 239 12 507 1236 0 0 136 18 0 0 184 0 0 355 1285 0 12 167 25 321 12 0 3000 2345 14 0 155 7 0 10 0 20 9 17 0 0 805 0 0 0 0 1872 0 0 0 0 11 215 0 11 30 413 591 0 95 517 
562 95 12 409 63 3000 1031 13 879 154 11 9 15 41 124 235 176 10 25 69 0 0 449 70 177 40 71 37 1276 27 652 81 7 94 78 76 412 119 40 12 0 21 471 316 9 40 792 41 610 51 725 89 96 101 44 415 63 287 826 220 9 0 179 206 34 109 296 64 150 402 19 112 122 21 54 14 1706 251 550 1710 
573 145 100 17 70 338 11 85 3000 224 585 152 467 689 119 271 84 77 8 429 0 0 3000 28 15 547 85 236 243 416 61 3000 553 131 66 20 13 638 37 167 21 0 105 13 598 19 20 21 52 149 128 136 18 21 37 72 872 64 14 11 195 0 621 19 1459 2639 1235 54 2572 31 188 157 15 10 287 752 67 24 1571 147 
233 205 10 157 625 199 120 482 8 33 2900 1529 457 7 15 745 787 19 985 269 162 30 244 608 69 11 797 90 116 14 477 15 1699 117 24 20 63 216 13 25 471 105 0 23 80 37 323 14 3000 86 65 46 9 41 3000 53 419 98 32 179 33 144 44 1254 433 80 52 352 82 589 727 344 3000 20 176 235 81 63 21 67 
260 0 0 259 132 21 80 0 56 140 32 0 0 0 50 133 8 175 11 0 0 0 28 18 157 28 12 60 0 449 514 19 119 211 25 35 0 41 777 321 316 13 23 0 387 0 187 111 706 0 38 9 1574 18 12 535 694 211 356 0 52 0 417 42 0 29 0 0 377 3000 499 738 0 169 1121 53 245 0 10 88 
2667 251 32 601 15 37 144 141 38 198 108 324 91 26 254 380 259 253 83 0 94 0 1248 147 86 524 49 223 36 963 594 31 533 159 573 2444 34 39 8 12 9 598 80 387 0 25 437 89 8 615 1036 241 22 1841 559 128 17 3000 87 0 119 126 63 303 772 383 420 284 432 822 0 157 477 104 23 56 56 3000 81 651 
217 35 278 101 0 189 9 309 0 0 0 223 356 18 27 406 221 3000 158 0 702 0 0 15 0 126 222 0 501 211 118 42 13 1420 0 24 76 0 0 0 40 19 37 0 25 0 0 0 0 2201 14 0 415 25 49 15 293 0 26 0 1084 69 53 102 233 383 317 190 53 0 0 50 457 107 0 0 0 29 0 0 
0 0 184 115 3000 35 35 0 43 173 0 245 32 705 0 0 104 10 307 52 0 156 36 121 0 3000 631 243 0 27 140 632 0 858 0 0 0 24 2219 3000 792 20 323 187 437 0 0 0 631 27 8 0 0 19 422 11 8 0 1556 37 11 0 0 24 1372 11 0 0 0 0 1011 484 27 44 354 0 0 3000 0 19 
141 0 0 0 28 13 97 0 401 142 1238 0 0 0 9 7 0 619 22 0 0 0 60 8 3000 127 543 52 0 0 99 370 0 0 147 0 0 59 1949 2345 41 21 14 111 89 0 0 0 282 0 40 101 0 35 0 0 28 1202 0 0 36 0 42 0 0 43 0 0 624 158 0 38 0 274 75 3000 10 0 114 2512 
53 0 43 118 158 327 232 0 263 333 3000 132 61 2685 59 390 722 2245 28 187 0 235 18 14 43 12 8 26 0 140 309 41 0 81 9 0 0 707 1670 14 610 52 3000 706 8 0 631 282 0 127 13 0 0 757 59 174 2817 216 1270 2157 152 0 0 436 0 647 0 0 0 0 80 21 0 15 9 0 339 290 70 7 
198 340 15 1308 59 13 19 718 7 0 0 78 40 184 809 0 160 169 106 26 171 69 3000 64 0 10 164 0 962 14 326 247 0 17 0 216 372 24 38 0 51 149 86 0 615 2201 27 0 127 0 21 0 671 279 98 8 121 0 240 1005 107 102 0 143 155 87 145 118 0 0 283 26 25 346 147 0 0 41 0 14 
3000 359 503 17 10 276 2601 310 30 13 32 19 405 8 13 19 425 757 134 327 0 393 281 59 1728 13 14 26 31 25 227 219 15 39 113 1888 29 72 86 155 725 128 65 38 1036 14 8 40 13 21 0 256 31 207 67 116 20 143 72 162 41 0 148 54 57 88 111 237 105 17 2402 78 73 63 70 328 38 1521 992 375 
24 0 22 0 0 2526 14 1083 34 13 472 0 0 0 3000 47 45 570 130 0 0 0 339 332 32 135 348 319 0 0 22 0 59 512 186 176 83 0 0 7 89 136 46 9 241 0 0 101 0 0 256 0 2479 74 0 721 147 17 0 0 0 0 73 78 0 0 149 2562 3000 1131 0 0 78 20 77 13 412 0 20 0 
185 3000 34 162 0 1691 658 213 135 0 2643 0 427 0 38 23 41 218 64 0 1543 0 202 10 21 403 29 279 118 57 11 0 486 3000 457 13 71 0 0 0 96 18 9 1574 22 415 0 0 0 671 31 2479 0 960 65 303 121 0 1496 0 17 3000 14 14 165 229 88 3000 223 3000 0 137 9 97 333 140 710 18 3000 0 
48 75 173 61 14 3000 125 1113 160 1082 17 28 27 634 794 71 3000 346 348 0 2291 0 204 61 13 650 459 34 78 7 85 912 16 57 245 47 1151 3000 21 10 101 21 41 18 1841 25 19 35 757 279 207 74 960 0 314 164 612 8 650 215 374 746 150 146 74 167 277 179 34 52 479 30 11 532 1220 333 297 77 392 85 
189 503 145 31 10 48 3000 98 156 224 0 938 89 63 497 2864 10 358 40 16 202 61 29 790 80 825 151 91 11 17 114 38 0 621 442 173 217 12 23 0 44 37 3000 12 559 49 422 0 59 98 67 0 65 314 0 21 1149 0 48 17 755 129 18 95 913 167 89 202 0 0 30 157 61 481 78 345 59 1604 171 55 
97 57 1571 15 46 117 24 102 13 95 342 271 2128 33 3000 14 190 19 56 53 16 1330 55 23 34 961 62 339 1225 70 82 1897 0 105 84 102 1322 14 25 20 415 72 53 535 128 15 11 0 174 8 116 721 303 164 21 0 40 85 32 236 414 32 214 17 2199 550 1597 10 11 0 32 160 41 241 447 12 61 1016 33 3000 
86 75 10 253 24 218 41 7 53 1364 22 165 22 480 59 2359 22 2603 74 598 863 0 340 75 132 1450 23 67 722 10 22 3000 268 102 125 77 18 97 49 9 63 872 419 694 17 293 8 28 2817 121 20 147 121 612 1149 40 0 2623 120 7 42 0 38 76 131 1611 92 27 19 142 72 2034 36 12 9 67 36 341 18 35 
67 0 0 0 553 126 53 0 3000 58 19 0 0 0 7 1086 0 186 3000 0 0 0 45 76 23 30 0 49 0 0 37 37 0 0 41 0 0 156 1572 17 287 64 98 211 3000 0 0 1202 216 0 143 17 0 8 0 85 2623 0 0 0 20 0 0 0 0 395 0 0 0 0 108 1060 0 386 31 14 53 0 318 397 
503 22 27 1191 185 56 126 31 3000 2333 0 3000 29 107 48 238 118 8 78 13 33 826 8 764 0 39 21 32 192 607 152 62 0 396 40 13 18 10 12 0 826 14 32 356 87 26 1556 0 1270 240 72 0 1496 650 48 32 120 0 0 562 153 14 101 22 96 23 316 20 0 0 60 21 1037 324 9 0 0 115 0 50 
0 0 33 28 37 10 59 0 764 3000 0 503 10 73 0 0 0 14 230 548 0 501 143 252 0 0 22 0 0 27 73 1900 0 0 0 0 0 301 2414 0 220 11 179 0 0 0 37 0 2157 1005 162 0 0 215 17 236 7 0 562 0 12 0 0 96 12 2293 0 0 0 0 13 60 0 132 966 0 0 363 0 80 
415 0 51 199 28 102 45 7 3000 99 503 236 173 2263 15 12 27 17 128 8 0 12 239 19 3000 271 1656 422 2604 227 187 358 0 135 21 151 0 181 2129 805 9 195 33 52 119 1084 11 36 152 107 41 0 17 374 755 414 42 20 153 12 0 0 10 632 336 140 1169 3000 0 0 15 16 67 508 7 23 786 29 34 329 
0 164 127 7 0 1121 0 83 0 0 0 60 121 380 0 0 22 0 0 0 66 0 0 91 0 0 9 0 23 138 0 0 0 27 0 322 93 0 0 0 0 0 144 0 126 69 0 0 0 102 0 0 3000 746 129 32 0 0 14 0 0 0 0 159 20 0 285 117 0 0 0 1332 27 0 0 0 0 39 0 0 
58 29 23 1071 0 1696 13 46 120 15 378 0 89 0 188 589 373 3000 9 0 214 0 36 1580 30 144 210 438 107 266 7 0 431 67 342 35 480 0 0 0 179 621 44 417 63 53 0 42 0 0 148 73 14 150 18 214 38 0 101 0 10 0 0 3000 3000 43 356 524 259 34 0 295 22 28 487 3000 117 727 138 0 
1616 61 357 14 957 22 161 15 91 1982 15 1086 10 11 455 902 287 297 43 3000 246 0 45 69 61 47 1100 137 85 61 21 558 441 1252 39 215 106 25 1138 0 206 19 1254 42 303 102 24 0 436 143 54 78 14 146 95 17 76 0 22 96 632 159 3000 0 169 107 321 9 11 19 289 1403 190 196 1611 26 14 1217 54 8 
137 574 71 700 0 652 0 796 0 0 0 2196 1171 343 37 0 655 65 363 138 63 0 0 33 0 100 417 0 213 12 0 37 0 39 0 25 16 0 0 0 34 1459 433 0 772 233 1372 0 0 155 57 0 165 74 913 2199 131 0 96 12 336 20 3000 169 0 318 177 299 0 0 0 442 662 0 0 0 0 3000 0 0 
1341 255 35 3000 71 30 245 44 11 43 2769 197 111 14 111 619 99 477 619 146 231 9 58 1737 26 564 722 1765 311 1880 8 8 0 593 50 108 118 3000 186 1872 109 2639 80 29 383 383 11 43 647 87 88 0 229 167 167 550 1611 395 23 2293 140 0 43 107 318 0 41 98 0 0 93 385 365 54 25 136 28 59 99 19 
15 71 3000 39 0 2947 158 661 0 0 0 3000 94 406 51 116 1012 14 14 0 96 0 0 90 58 276 108 0 452 970 63 322 57 50 457 8 32 0 0 0 296 1235 52 0 420 317 0 0 0 145 111 149 88 277 89 1597 92 0 316 0 1169 285 356 321 177 41 0 186 223 29 0 384 120 10 0 150 0 1505 0 0 
132 57 922 108 0 13 839 1277 0 0 0 150 99 1021 79 407 374 10 3000 0 779 0 0 366 237 65 100 0 79 54 329 927 2591 21 30 102 390 0 0 0 64 54 352 0 284 190 0 0 0 118 237 2562 3000 179 202 10 27 0 20 0 3000 117 524 9 299 98 186 0 124 605 0 59 631 20 0 701 0 3000 18 0 
81 0 33 0 0 218 499 123 0 0 129 0 0 0 445 68 29 72 262 0 0 0 3000 65 269 3000 124 17 0 0 9 0 269 14 152 65 80 0 0 0 150 2572 82 377 432 53 0 624 0 0 105 3000 223 34 0 11 19 0 0 0 0 0 259 11 0 0 223 124 0 120 0 0 80 85 3000 3000 16 37 54 0 
8 0 0 0 0 196 1883 1828 0 0 41 0 0 0 1530 810 456 0 143 0 0 0 495 136 1352 486 111 36 0 0 69 0 838 511 2754 12 453 0 0 0 402 31 589 3000 822 0 0 158 0 0 17 1131 3000 52 0 0 142 0 0 0 0 0 34 19 0 0 29 605 120 0 0 0 60 988 0 299 226 0 294 0 
0 0 63 226 81 743 11 0 917 183 0 169 46 13 0 0 0 106 464 210 0 23 109 67 0 0 114 168 0 1163 80 23 0 0 0 0 0 1342 722 11 19 188 727 499 0 0 1011 0 80 283 2402 0 0 479 30 32 72 108 60 13 15 0 0 289 0 93 0 0 0 0 0 573 0 60 47 0 0 94 0 218 
27 101 126 21 132 2284 1473 645 590 267 43 1840 2856 249 33 75 450 70 111 119 520 12 19 220 1522 41 2271 9 1220 67 54 2131 0 82 1021 1027 1004 19 223 215 112 157 344 738 157 50 484 38 21 26 78 0 137 30 157 160 2034 1060 21 60 16 1332 295 1403 442 385 384 59 0 0 573 0 56 264 1774 87 75 74 7 2258 
2490 3000 1335 96 0 51 13 150 0 0 0 48 1325 109 206 393 207 28 23 0 452 0 0 36 1537 2810 400 0 23 251 558 120 38 82 61 77 511 0 0 0 122 15 3000 0 477 457 27 0 0 25 73 78 9 11 61 41 36 0 1037 0 67 27 22 190 662 365 120 631 80 60 0 56 0 1277 0 3000 0 39 0 0 
140 0 403 144 272 423 39 124 79 1227 63 190 1181 368 185 366 29 2243 22 44 0 0 102 213 74 27 3000 2676 0 160 182 1101 77 40 182 563 53 21 3000 11 21 10 20 169 104 107 44 274 15 346 63 20 97 532 481 241 12 386 324 132 508 0 28 196 0 54 10 20 85 988 60 264 1277 0 2005 64 14 2094 1204 12 
33 0 514 2151 10 19 42 0 38 88 18 100 0 208 64 197 201 53 1962 547 0 39 44 315 488 11 14 46 0 331 30 3000 0 22 89 234 0 66 113 30 54 287 176 1121 23 0 354 75 9 147 70 77 333 1220 78 447 9 31 9 966 7 0 487 1611 0 25 0 0 3000 0 47 1774 0 2005 0 18 120 0 10 21 
46 0 140 388 197 517 401 46 206 2247 421 0 0 0 2773 316 234 20 58 0 0 0 115 245 86 9 3000 7 0 0 32 0 50 28 320 460 195 0 306 413 14 752 235 53 56 0 0 3000 0 0 328 13 140 333 345 12 67 14 0 0 23 0 3000 26 0 136 150 701 3000 299 0 87 3000 64 18 0 47 98 55 2923 
537 0 191 11 45 799 113 0 3000 495 547 0 0 0 697 17 23 1065 24 0 0 0 144 169 323 199 431 8 0 0 222 43 222 3000 26 19 836 59 203 591 1706 67 81 245 56 0 0 10 339 0 38 412 710 297 59 61 36 53 0 0 786 0 117 14 0 28 0 0 16 226 0 75 0 14 120 47 0 0 15 9 
3000 142 54 21 0 242 128 13 63 0 0 47 2833 26 31 45 137 536 115 1127 63 284 0 837 1074 52 1345 0 12 7 58 3000 105 99 0 827 41 185 91 0 251 24 63 0 3000 29 3000 0 290 41 1521 0 18 77 1604 1016 341 0 115 363 29 39 727 1217 3000 59 1505 3000 37 0 94 74 39 2094 0 98 0 0 0 0 
649 0 101 23 1075 27 379 0 109 153 46 0 0 0 376 2498 343 32 314 0 0 0 96 382 79 759 2088 24 0 0 24 20 1239 223 1386 301 77 0 86 95 550 1571 21 10 81 0 0 114 70 0 992 20 3000 392 171 33 18 318 0 0 34 0 138 54 0 99 0 18 54 294 0 7 0 1204 10 55 15 0 0 414 
