80
0 50 60 60 29 54 61 59 19 25 45 56 37 67 24 67 12 55 37 25 6 73 65 15 65 51 45 48 74 34 21 46 13 17 21 23 50 62 61 19 42 47 66 26 36 54 33 21 67 23 21 46 58 19 53 26 57 71 26 54 49 56 62 17 41 28 10 34 52 51 32 52 4 25 46 28 63 45 47 56 
50 0 55 51 72 6 60 58 68 74 45 52 50 17 51 55 53 42 73 75 50 68 36 41 15 39 61 64 30 37 66 23 62 67 50 45 49 35 27 33 57 65 20 49 84 5 77 64 30 73 32 24 30 68 69 75 35 21 77 23 48 8 28 49 38 55 46 85 20 65 36 24 48 61 5 25 12 31 71 8 
60 55 0 5 56 61 107 104 77 68 15 99 87 67 38 10 71 13 48 81 64 14 27 65 59 16 23 101 48 76 80 32 60 68 41 37 10 26 34 48 95 26 74 35 74 59 61 54 38 78 60 31 28 66 25 81 87 66 77 34 93 62 83 44 81 37 50 84 36 104 74 76 61 84 56 44 61 25 33 51 
60 51 5 0 58 57 104 102 77 69 15 96 86 62 39 8 71 9 50 82 64 17 23 63 54 13 26 100 43 74 80 29 61 69 42 37 10 21 29 46 93 29 70 36 76 55 64 55 33 79 58 27 24 67 29 82 84 62 78 29 90 58 79 45 79 38 50 85 31 102 72 73 60 83 52 42 57 22 37 47 
29 72 56 58 0 76 91 88 33 15 45 86 66 89 23 65 39 57 11 32 34 65 72 44 85 55 33 75 87 63 39 58 17 20 22 28 48 69 72 40 70 32 90 25 18 76 6 9 78 29 48 58 67 17 37 33 85 92 26 66 79 79 89 23 70 21 28 30 66 79 61 79 33 50 69 47 84 53 28 75 
54 6 61 57 76 0 57 55 71 78 51 48 49 13 56 61 55 47 78 77 53 73 41 43 14 44 66 63 32 36 68 29 65 71 55 50 55 40 32 37 56 70 15 54 88 2 82 68 34 76 34 30 35 72 75 78 31 18 80 28 45 2 23 53 36 61 50 88 26 63 35 20 51 62 8 30 10 37 76 11 
61 60 107 104 91 57 0 3 64 82 92 9 24 65 82 111 51 96 98 69 56 121 95 48 71 92 101 21 90 31 57 78 73 73 79 78 98 93 87 62 22 104 56 82 92 59 93 82 91 71 49 79 88 76 110 69 28 70 76 82 14 57 40 75 26 87 67 81 79 17 34 38 58 44 57 63 66 83 106 68 
59 58 104 102 88 55 3 0 62 80 90 7 22 63 79 108 49 93 96 67 54 118 93 45 68 89 99 20 87 28 55 75 71 71 76 75 95 91 85 59 20 101 54 79 90 57 90 80 88 69 46 76 86 74 107 67 26 68 74 79 11 55 38 72 23 84 64 80 76 17 31 36 55 42 54 61 64 80 104 66 
19 68 77 77 33 71 64 62 0 20 62 61 40 84 39 85 16 73 43 7 18 89 84 28 83 70 59 45 93 43 7 65 18 12 36 40 67 81 80 38 42 60 82 42 28 71 32 27 86 7 37 66 77 16 65 7 67 88 12 73 54 72 75 33 49 42 28 19 71 49 42 65 21 20 64 47 80 64 58 74 
25 74 68 69 15 78 82 80 20 0 55 78 58 90 31 77 31 67 26 18 28 78 81 39 88 64 47 65 93 58 27 64 12 9 29 35 59 78 79 41 61 46 91 34 11 78 13 14 85 15 46 65 75 6 51 19 81 95 11 73 71 80 87 28 64 31 28 16 71 69 56 76 29 39 70 49 86 61 42 78 
45 45 15 15 45 51 92 90 62 55 0 85 72 59 24 23 56 13 39 67 49 29 28 49 52 11 18 86 47 61 65 22 47 54 27 22 6 26 31 32 79 22 65 21 62 49 51 41 36 64 45 21 25 52 25 67 74 60 64 27 78 52 72 30 67 24 35 71 28 89 59 64 45 69 45 29 53 14 29 43 
56 52 99 96 86 48 9 7 61 78 85 0 21 56 75 102 47 88 93 67 51 113 87 42 62 84 94 23 81 24 55 69 69 70 72 71 90 85 78 54 21 97 47 75 89 50 89 77 82 68 42 70 80 72 103 67 19 62 74 73 7 48 32 69 18 81 61 80 70 21 27 29 53 42 48 55 57 75 100 59 
37 50 87 86 66 49 24 22 40 58 72 21 0 60 58 92 27 78 74 46 32 101 81 25 63 74 79 15 80 13 34 61 49 49 55 55 78 78 73 40 7 81 54 59 68 50 69 58 78 48 28 62 73 52 87 46 31 66 53 67 14 50 42 51 14 64 43 59 64 16 15 34 34 21 45 44 59 65 83 58 
67 17 67 62 89 13 65 63 84 90 59 56 60 0 67 65 68 53 89 90 66 78 43 56 9 51 76 73 28 48 81 36 78 84 67 62 62 42 34 50 67 80 10 65 101 13 94 81 34 89 47 37 39 85 84 91 37 6 93 33 54 11 26 66 47 72 62 101 31 73 47 28 64 74 20 42 6 45 86 16 
24 51 38 39 23 56 82 79 39 31 24 75 58 67 0 47 36 36 22 43 29 50 50 34 63 33 21 70 65 51 43 36 23 30 3 5 28 47 49 22 64 23 70 3 39 55 29 17 56 40 34 35 44 28 29 44 70 70 40 43 68 58 72 7 58 6 15 47 43 74 49 62 26 49 48 26 62 30 25 53 
67 55 10 8 65 61 111 108 85 77 23 102 92 65 47 0 78 15 57 89 71 13 23 70 56 19 33 107 43 80 88 33 69 76 49 45 18 22 31 53 100 35 73 44 83 59 71 63 33 86 65 32 26 74 35 90 89 64 86 32 97 62 84 52 85 46 58 93 35 109 78 78 68 91 57 48 59 28 43 50 
12 53 71 71 39 55 51 49 16 31 56 47 27 68 36 78 0 65 48 23 7 84 73 12 68 61 57 36 79 27 14 53 22 22 33 35 61 70 68 26 31 59 66 38 42 55 42 32 74 23 21 54 65 25 65 24 51 73 28 61 40 57 59 29 33 40 21 35 59 40 26 48 10 13 48 34 65 54 59 59 
55 42 13 9 57 47 96 93 73 67 13 88 78 53 36 15 65 0 51 78 58 26 17 56 45 4 29 92 36 66 75 19 58 66 38 33 12 14 21 39 85 33 61 33 75 46 63 53 26 75 50 18 15 64 34 78 75 53 75 20 82 49 70 41 70 37 45 83 22 94 64 64 55 77 43 34 48 13 40 38 
37 73 48 50 11 78 98 96 43 26 39 93 74 89 22 57 48 51 0 44 42 56 67 51 84 50 25 84 84 70 50 56 27 31 23 27 41 65 68 43 79 23 92 24 28 77 15 17 75 40 53 56 63 28 26 44 90 92 37 63 86 80 93 26 76 17 33 41 63 88 67 83 41 60 70 48 84 50 17 74 
25 75 81 82 32 77 69 67 7 18 67 67 46 90 43 89 23 78 44 0 25 93 89 35 89 74 62 50 99 50 12 71 20 13 40 45 71 86 86 44 47 62 89 45 24 78 31 29 92 4 43 71 82 16 67 1 74 95 8 79 60 79 82 37 56 45 34 13 77 54 48 71 27 25 70 53 87 69 59 80 
6 50 64 64 34 53 56 54 18 28 49 51 32 66 29 71 7 58 42 25 0 78 67 11 65 55 50 42 75 29 18 48 18 20 26 28 54 64 63 20 37 52 64 31 39 53 37 26 69 24 19 48 60 22 58 25 53 70 28 56 44 55 59 22 36 34 14 35 54 46 27 48 4 20 45 29 62 47 52 56 
73 68 14 17 65 73 121 118 89 78 29 113 101 78 50 13 84 26 56 93 78 0 36 78 69 30 32 115 56 90 93 45 72 79 53 50 24 36 44 61 108 33 86 48 83 72 70 65 46 89 74 44 39 77 30 93 101 77 88 45 107 75 96 57 95 48 63 94 48 118 88 90 74 97 69 58 72 38 40 63 
65 36 27 23 72 41 95 93 84 81 28 87 81 43 50 23 73 17 67 89 67 36 0 63 34 17 45 95 21 68 85 20 70 78 51 46 28 3 9 47 88 49 52 47 89 39 78 67 10 87 55 19 7 77 51 90 71 41 88 14 82 42 64 53 71 52 55 95 17 97 66 60 64 84 39 39 38 20 57 30 
15 41 65 63 44 43 48 45 28 39 49 42 25 56 34 70 12 56 51 35 11 78 63 0 55 52 54 37 67 19 26 43 28 31 31 31 55 60 57 17 31 57 54 35 50 43 48 36 63 35 9 44 55 33 63 36 42 61 39 50 35 44 48 27 26 39 19 46 48 40 17 37 11 22 36 23 52 44 59 47 
65 15 59 54 85 14 71 68 83 88 52 62 63 9 63 56 68 45 84 89 65 69 34 55 0 43 69 77 20 50 81 30 76 82 63 57 55 34 26 47 70 73 18 61 98 13 90 77 25 88 46 30 31 82 77 90 43 8 91 25 59 13 33 62 50 67 59 99 24 77 50 33 62 75 20 39 5 38 80 10 
51 39 16 13 55 44 92 89 70 64 11 84 74 51 33 19 61 4 50 74 55 30 17 52 43 0 29 88 36 62 72 16 55 62 35 30 12 15 20 35 81 32 58 31 72 43 61 51 26 72 46 15 14 61 35 75 71 51 72 18 78 46 67 38 66 35 41 80 20 90 60 60 51 73 40 30 45 9 40 35 
45 61 23 26 33 66 101 99 59 47 18 94 79 76 21 33 57 29 25 62 50 32 45 54 69 29 0 91 65 70 64 40 42 48 24 23 17 43 49 40 85 4 81 20 51 65 39 33 54 58 53 39 43 46 9 62 87 77 57 45 88 68 86 29 76 17 36 63 46 95 68 77 47 70 60 41 70 32 11 60 
48 64 101 100 75 63 21 20 45 65 86 23 15 73 70 107 36 92 84 50 42 115 95 37 77 88 91 0 94 28 38 76 58 56 67 68 92 93 88 54 7 94 66 72 74 64 76 67 93 52 42 77 88 59 100 50 40 79 57 82 20 64 52 63 27 75 55 62 79 4 29 46 45 26 59 58 72 80 95 72 
74 30 48 43 87 32 90 87 93 93 47 81 80 28 65 43 79 36 84 99 75 56 21 67 20 36 65 94 0 67 92 29 82 89 65 60 48 22 16 55 87 68 38 62 103 31 93 81 11 97 59 29 22 89 71 99 63 24 99 21 78 32 53 66 68 67 66 107 22 95 65 52 72 89 35 46 25 35 76 22 
34 37 76 74 63 36 31 28 43 58 61 24 13 48 51 80 27 66 70 50 29 90 68 19 50 62 70 28 67 0 39 49 47 49 48 47 67 65 60 30 21 73 42 51 68 37 66 55 65 50 18 50 60 51 79 50 24 53 55 54 17 37 32 45 7 56 37 62 51 29 2 23 30 28 32 32 46 53 76 44 
21 66 80 80 39 68 57 55 7 27 65 55 34 81 43 88 14 75 50 12 18 93 85 26 81 72 64 38 92 39 0 66 23 19 40 43 71 82 80 38 36 65 79 45 35 69 39 33 87 14 35 66 78 22 70 12 62 86 19 74 49 70 71 36 44 46 31 24 72 42 37 61 21 13 62 47 78 65 63 73 
46 23 32 29 58 29 78 75 65 64 22 69 61 36 36 33 53 19 56 71 48 45 20 43 30 16 40 76 29 49 66 0 53 60 36 31 26 17 15 27 69 44 43 33 74 27 64 52 21 69 35 1 12 60 47 71 56 38 70 8 64 30 51 37 52 39 37 78 7 78 47 44 45 64 24 19 31 8 50 20 
13 62 60 61 17 65 73 71 18 12 47 69 49 78 23 69 22 58 27 20 18 72 70 28 76 55 42 58 82 47 23 53 0 7 20 25 51 67 68 29 53 42 79 25 23 65 20 10 74 17 34 54 64 6 48 21 70 82 17 62 62 68 75 17 54 24 16 25 60 61 45 65 17 33 58 37 74 50 40 66 
17 67 68 69 20 71 73 71 12 9 54 70 49 84 30 76 22 66 31 13 20 79 78 31 82 62 48 56 89 49 19 60 7 0 27 32 58 75 75 35 52 48 83 33 19 71 21 15 82 10 38 61 71 4 54 14 73 88 10 69 63 73 79 25 55 32 23 18 67 60 47 68 21 30 63 44 80 58 46 72 
21 50 41 42 22 55 79 76 36 29 27 72 55 67 3 49 33 38 23 40 26 53 51 31 63 35 24 67 65 48 40 36 20 27 0 6 31 48 50 20 61 26 69 5 38 54 28 16 57 37 31 36 46 26 32 41 68 70 37 44 65 57 70 4 55 8 12 44 43 71 46 60 23 46 47 25 62 32 28 53 
23 45 37 37 28 50 78 75 40 35 22 71 55 62 5 45 35 33 27 45 28 50 46 31 57 30 23 68 60 47 43 31 25 32 6 0 27 43 45 17 62 26 65 4 43 50 34 22 51 42 30 31 40 31 32 45 65 65 42 39 64 53 67 8 54 10 14 50 38 71 45 57 25 48 43 21 57 26 29 47 
50 49 10 10 48 55 98 95 67 59 6 90 78 62 28 18 61 12 41 71 54 24 28 55 55 12 17 92 48 67 71 26 51 58 31 27 0 26 32 38 85 21 69 26 65 54 53 45 37 68 50 25 26 56 23 72 79 63 68 30 84 57 76 34 73 28 40 75 31 94 65 69 51 74 49 35 56 18 29 47 
62 35 26 21 69 40 93 91 81 78 26 85 78 42 47 22 70 14 65 86 64 36 3 60 34 15 43 93 22 65 82 17 67 75 48 43 26 0 8 44 86 47 51 44 86 38 75 64 12 84 52 16 5 74 49 87 69 41 85 12 80 41 63 50 69 49 52 92 15 94 63 58 61 81 37 36 37 17 55 29 
61 27 34 29 72 32 87 85 80 79 31 78 73 34 49 31 68 21 68 86 63 44 9 57 26 20 49 88 16 60 80 15 68 75 50 45 32 8 0 42 81 52 43 46 88 30 78 66 6 83 49 14 6 74 55 86 62 33 85 7 74 33 55 51 63 52 52 93 9 89 59 51 59 79 31 34 29 19 60 21 
19 33 48 46 40 37 62 59 38 41 32 54 40 50 22 53 26 39 43 44 20 61 47 17 47 35 40 54 55 30 38 27 29 35 20 17 38 44 42 0 47 43 51 21 52 37 45 32 48 42 13 28 39 35 49 45 48 54 45 35 48 39 50 17 37 27 13 53 33 56 28 40 17 38 29 9 45 28 46 37 
42 57 95 93 70 56 22 20 42 61 79 21 7 67 64 100 31 85 79 47 37 108 88 31 70 81 85 7 87 21 36 69 53 52 61 62 85 86 81 47 0 87 60 65 70 57 72 62 86 49 35 70 81 55 93 47 35 73 54 75 16 57 47 57 20 69 49 60 72 9 22 40 39 22 53 51 66 72 89 65 
47 65 26 29 32 70 104 101 60 46 22 97 81 80 23 35 59 33 23 62 52 33 49 57 73 32 4 94 68 73 65 44 42 48 26 26 21 47 52 43 87 0 85 22 50 69 37 33 58 58 55 43 47 46 6 62 90 81 57 49 90 72 90 30 79 18 38 62 50 97 71 81 49 72 64 44 74 36 8 64 
66 20 74 70 90 15 56 54 82 91 65 47 54 10 70 73 66 61 92 89 64 86 52 54 18 58 81 66 38 42 79 43 79 83 69 65 69 51 43 51 60 85 0 69 102 16 96 82 43 88 45 44 47 85 89 89 28 15 92 41 46 13 16 68 40 75 63 100 39 65 43 21 63 70 22 44 14 51 91 23 
26 49 35 36 25 54 82 79 42 34 21 75 59 65 3 44 38 33 24 45 31 48 47 35 61 31 20 72 62 51 45 33 25 33 5 4 26 44 46 21 65 22 69 0 42 53 31 20 53 42 34 33 42 31 28 46 69 68 42 41 68 56 71 9 58 7 16 49 40 75 49 61 27 51 47 25 60 28 25 51 
36 84 74 76 18 88 92 90 28 11 62 89 68 101 39 83 42 75 28 24 39 83 89 50 98 72 51 74 103 68 35 74 23 19 38 43 65 86 88 52 70 50 102 42 0 88 12 22 94 22 57 74 83 17 54 25 92 105 16 82 82 91 98 37 75 38 39 16 81 78 66 87 40 48 81 60 97 69 44 88 
54 5 59 55 76 2 59 57 71 78 49 50 50 13 55 59 55 46 77 78 53 72 39 43 13 43 65 64 31 37 69 27 65 71 54 50 54 38 30 37 57 69 16 53 88 0 81 68 32 77 34 29 34 72 74 78 32 18 80 27 47 3 25 53 37 60 49 88 24 64 36 21 51 62 7 29 9 35 75 10 
33 77 61 64 6 82 93 90 32 13 51 89 69 94 29 71 42 63 15 31 37 70 78 48 90 61 39 76 93 66 39 64 20 21 28 34 53 75 78 45 72 37 96 31 12 81 0 13 84 28 53 64 73 17 41 31 89 98 24 72 81 84 94 29 73 27 33 26 71 80 64 83 37 51 74 52 89 59 32 80 
21 64 54 55 9 68 82 80 27 14 41 77 58 81 17 63 32 53 17 29 26 65 67 36 77 51 33 67 81 55 33 52 10 15 16 22 45 64 66 32 62 33 82 20 22 68 13 0 73 25 40 52 62 12 39 29 77 85 24 60 70 71 81 16 61 17 19 30 59 71 52 70 25 43 61 39 76 48 30 67 
67 30 38 33 78 34 91 88 86 85 36 82 78 34 56 33 74 26 75 92 69 46 10 63 25 26 54 93 11 65 87 21 74 82 57 51 37 12 6 48 86 58 43 53 94 32 84 73 0 90 54 21 12 81 60 93 65 31 92 13 78 35 57 58 67 58 59 99 15 94 63 54 65 84 34 40 29 25 66 23 
23 73 78 79 29 76 71 69 7 15 64 68 48 89 40 86 23 75 40 4 24 89 87 35 88 72 58 52 97 50 14 69 17 10 37 42 68 84 83 42 49 58 88 42 22 77 28 25 90 0 43 69 80 13 64 4 74 94 5 77 62 78 82 34 56 41 31 12 75 56 49 71 26 27 69 51 86 66 55 79 
21 32 60 58 48 34 49 46 37 46 45 42 28 47 34 65 21 50 53 43 19 74 55 9 46 46 53 42 59 18 35 35 34 38 31 30 50 52 49 13 35 55 45 34 57 34 53 40 54 43 0 36 48 40 61 44 37 52 46 42 35 36 41 28 24 39 21 54 39 44 15 31 17 30 27 16 43 38 58 38 
46 24 31 27 58 30 79 76 66 65 21 70 62 37 35 32 54 18 56 71 48 44 19 44 30 15 39 77 29 50 66 1 54 61 36 31 25 16 14 28 70 43 44 33 74 29 64 52 21 69 36 0 12 60 46 72 57 38 71 8 65 32 52 37 54 39 38 79 7 79 48 46 45 65 25 20 32 7 50 21 
58 30 28 24 67 35 88 86 77 75 25 80 73 39 44 26 65 15 63 82 60 39 7 55 31 14 43 88 22 60 78 12 64 71 46 40 26 5 6 39 81 47 47 42 83 34 73 62 12 80 48 12 0 70 49 83 65 38 81 7 75 36 58 47 64 47 49 89 10 89 59 53 57 77 33 32 33 14 54 24 
19 68 66 67 17 72 76 74 16 6 52 72 52 85 28 74 25 64 28 16 22 77 77 33 82 61 46 59 89 51 22 60 6 4 26 31 56 74 74 35 55 46 85 31 17 72 17 12 81 13 40 60 70 0 51 17 75 89 12 68 65 74 81 23 58 29 23 19 67 63 49 70 22 34 64 44 80 56 43 73 
53 69 25 29 37 75 110 107 65 51 25 103 87 84 29 35 65 34 26 67 58 30 51 63 77 35 9 100 71 79 70 47 48 54 32 32 23 49 55 49 93 6 89 28 54 74 41 39 60 64 61 46 49 51 0 68 95 85 62 52 96 77 95 36 85 25 44 67 53 103 77 86 55 78 68 49 78 39 10 68 
26 75 81 82 33 78 69 67 7 19 67 67 46 91 44 90 24 78 44 1 25 93 90 36 90 75 62 50 99 50 12 71 21 14 41 45 72 87 86 45 47 62 89 46 25 78 31 29 93 4 44 72 83 17 68 0 74 96 8 80 61 80 82 38 56 45 34 12 78 54 49 72 28 25 71 53 87 70 60 81 
57 35 87 84 85 31 28 26 67 81 74 19 31 37 70 89 51 75 90 74 53 101 71 42 43 71 87 40 63 24 62 56 70 73 68 65 79 69 62 48 35 90 28 69 92 32 89 77 65 74 37 57 65 75 95 74 0 43 79 58 19 31 13 65 18 76 58 86 55 38 26 11 53 51 32 46 38 62 94 42 
71 21 66 62 92 18 70 68 88 95 60 62 66 6 70 64 73 53 92 95 70 77 41 61 8 51 77 79 24 53 86 38 82 88 70 65 63 41 33 54 73 81 15 68 105 18 98 85 31 94 52 38 38 89 85 96 43 0 97 33 60 16 31 69 52 75 66 105 32 79 53 33 68 80 25 46 9 46 88 18 
26 77 77 78 26 80 76 74 12 11 64 74 53 93 40 86 28 75 37 8 28 88 88 39 91 72 57 57 99 55 19 70 17 10 37 42 68 85 85 45 54 57 92 42 16 80 24 24 92 5 46 71 81 12 62 8 79 97 0 79 67 82 86 35 61 41 33 8 77 61 53 76 29 32 72 53 89 68 53 82 
54 23 34 29 66 28 82 79 73 73 27 73 67 33 43 32 61 20 63 79 56 45 14 50 25 18 45 82 21 54 74 8 62 69 44 39 30 12 7 35 75 49 41 41 82 27 72 60 13 77 42 8 7 68 52 80 58 33 79 0 68 30 51 45 57 46 46 87 3 83 52 46 52 72 26 27 27 14 56 18 
49 48 93 90 79 45 14 11 54 71 78 7 14 54 68 97 40 82 86 60 44 107 82 35 59 78 88 20 78 17 49 64 62 63 65 64 84 80 74 48 16 90 46 68 82 47 81 70 78 62 35 65 75 65 96 61 19 60 67 68 0 46 32 62 12 74 54 73 65 19 20 27 45 36 44 49 54 69 93 56 
56 8 62 58 79 2 57 55 72 80 52 48 50 11 58 62 57 49 80 79 55 75 42 44 13 46 68 64 32 37 70 30 68 73 57 53 57 41 33 39 57 72 13 56 91 3 84 71 35 78 36 32 36 74 77 80 31 16 82 30 46 0 22 56 37 63 52 90 27 64 37 20 53 63 10 32 9 39 78 12 
62 28 83 79 89 23 40 38 75 87 72 32 42 26 72 84 59 70 93 82 59 96 64 48 33 67 86 52 53 32 71 51 75 79 70 67 76 63 55 50 47 90 16 71 98 25 94 81 57 82 41 52 58 81 95 82 13 31 86 51 32 22 0 67 28 77 62 94 49 51 33 11 58 60 27 46 28 59 95 34 
17 49 44 45 23 53 75 72 33 28 30 69 51 66 7 52 29 41 26 37 22 57 53 27 62 38 29 63 66 45 36 37 17 25 4 8 34 50 51 17 57 30 68 9 37 53 29 16 58 34 28 37 47 23 36 38 65 69 35 45 62 56 67 0 51 12 8 42 44 67 42 57 19 42 46 24 61 33 32 52 
41 38 81 79 70 36 26 23 49 64 67 18 14 47 58 85 33 70 76 56 36 95 71 26 50 66 76 27 68 7 44 52 54 55 55 54 73 69 63 37 20 79 40 58 75 37 73 61 67 56 24 54 64 58 85 56 18 52 61 57 12 37 28 51 0 63 44 68 54 27 9 20 37 33 33 38 46 58 82 46 
28 55 37 38 21 61 87 84 42 31 24 81 64 72 6 46 40 37 17 45 34 48 52 39 67 35 17 75 67 56 46 39 24 32 8 10 28 49 52 27 69 18 75 7 38 60 27 17 58 41 39 39 47 29 25 45 76 75 41 46 74 63 77 12 63 0 20 47 46 79 54 67 31 53 53 31 66 33 19 57 
10 46 50 50 28 50 67 64 28 28 35 61 43 62 15 58 21 45 33 34 14 63 55 19 59 41 36 55 66 37 31 37 16 23 12 14 40 52 52 13 49 38 63 16 39 49 33 19 59 31 21 38 49 23 44 34 58 66 33 46 54 52 62 8 44 20 0 41 44 59 35 51 11 34 42 21 58 35 40 50 
34 85 84 85 30 88 81 80 19 16 71 80 59 101 47 93 35 83 41 13 35 94 95 46 99 80 63 62 107 62 24 78 25 18 44 50 75 92 93 53 60 62 100 49 16 88 26 30 99 12 54 79 89 19 67 12 86 105 8 87 73 90 94 42 68 47 41 0 85 66 61 83 37 38 81 61 97 75 58 90 
52 20 36 31 66 26 79 76 71 71 28 70 64 31 43 35 59 22 63 77 54 48 17 48 24 20 46 79 22 51 72 7 60 67 43 38 31 15 9 33 72 50 39 40 81 24 71 59 15 75 39 7 10 67 53 78 55 32 77 3 65 27 49 44 54 46 44 85 0 80 49 44 50 69 23 25 25 14 57 16 
51 65 104 102 79 63 17 17 49 69 89 21 16 73 74 109 40 94 88 54 46 118 97 40 77 90 95 4 95 29 42 78 61 60 71 71 94 94 89 56 9 97 65 75 78 64 80 71 94 56 44 79 89 63 103 54 38 79 61 83 19 64 51 67 27 79 59 66 80 0 31 45 48 30 60 60 72 81 98 73 
32 36 74 72 61 35 34 31 42 56 59 27 15 47 49 78 26 64 67 48 27 88 66 17 50 60 68 29 65 2 37 47 45 47 46 45 65 63 59 28 22 71 43 49 66 36 64 52 63 49 15 48 59 49 77 49 26 53 53 52 20 37 33 42 9 54 35 61 49 31 0 24 28 28 31 30 45 51 73 43 
52 24 76 73 79 20 38 36 65 76 64 29 34 28 62 78 48 64 83 71 48 90 60 37 33 60 77 46 52 23 61 44 65 68 60 57 69 58 51 40 40 81 21 61 87 21 83 70 54 71 31 46 53 70 86 72 11 33 76 46 27 20 11 57 20 67 51 83 44 45 24 0 48 51 21 37 28 51 85 31 
4 48 61 60 33 51 58 55 21 29 45 53 34 64 26 68 10 55 41 27 4 74 64 11 62 51 47 45 72 30 21 45 17 21 23 25 51 61 59 17 39 49 63 27 40 51 37 25 65 26 17 45 57 22 55 28 53 68 29 52 45 53 58 19 37 31 11 37 50 48 28 48 0 23 43 26 60 44 50 53 
25 61 84 83 50 62 44 42 20 39 69 42 21 74 49 91 13 77 60 25 20 97 84 22 75 73 70 26 89 28 13 64 33 30 46 48 74 81 79 38 22 72 70 51 48 62 51 43 84 27 30 65 77 34 78 25 51 80 32 72 36 63 60 42 33 53 34 38 69 30 28 51 23 0 56 45 72 66 72 68 
46 5 56 52 69 8 57 54 64 70 45 48 45 20 48 57 48 43 70 70 45 69 39 36 20 40 60 59 35 32 62 24 58 63 47 43 49 37 31 29 53 64 22 47 81 7 74 61 34 69 27 25 33 64 68 71 32 25 72 26 44 10 27 46 33 53 42 81 23 60 31 21 43 56 0 22 16 31 69 13 
28 25 44 42 47 30 63 61 47 49 29 55 44 42 26 48 34 34 48 53 29 58 39 23 39 30 41 58 46 32 47 19 37 44 25 21 35 36 34 9 51 44 44 25 60 29 52 39 40 51 16 20 32 44 49 53 46 46 53 27 49 32 46 24 38 31 21 61 25 60 30 37 26 45 22 0 37 21 49 29 
63 12 61 57 84 10 66 64 80 86 53 57 59 6 62 59 65 48 84 87 62 72 38 52 5 45 70 72 25 46 78 31 74 80 62 57 56 37 29 45 66 74 14 60 97 9 89 76 29 86 43 32 33 80 78 87 38 9 89 27 54 9 28 61 46 66 58 97 25 72 45 28 60 72 16 37 0 39 80 10 
45 31 25 22 53 37 83 80 64 61 14 75 65 45 30 28 54 13 50 69 47 38 20 44 38 9 32 80 35 53 65 8 50 58 32 26 18 17 19 28 72 36 51 28 69 35 59 48 25 66 38 7 14 56 39 70 62 46 68 14 69 39 59 33 58 33 35 75 14 81 51 51 44 66 31 21 39 0 43 29 
47 71 33 37 28 76 106 104 58 42 29 100 83 86 25 43 59 40 17 59 52 40 57 59 80 40 11 95 76 76 63 50 40 46 28 29 29 55 60 46 89 8 91 25 44 75 32 30 66 55 58 50 54 43 10 60 94 88 53 56 93 78 95 32 82 19 40 58 57 98 73 85 50 72 69 49 80 43 0 70 
56 8 51 47 75 11 68 66 74 78 43 59 58 16 53 50 59 38 74 80 56 63 30 47 10 35 60 72 22 44 73 20 66 72 53 47 47 29 21 37 65 64 23 51 88 10 80 67 23 79 38 21 24 73 68 81 42 18 82 18 56 12 34 52 46 57 50 90 16 73 43 31 53 68 13 29 10 29 70 0 
0 13 39 0 113 63 40 0 0 105 437 38 114 171 18 34 56 0 0 1581 584 253 788 11 0 0 10 0 716 28 0 0 120 18 0 8 42 2094 91 44 69 3000 284 56 63 51 0 76 0 395 3000 509 1847 0 557 161 630 35 0 35 95 3000 25 656 0 0 34 104 0 0 21 115 745 11 30 12 33 89 0 36 
13 0 16 466 20 29 710 16 0 13 115 14 88 1801 261 399 23 0 1991 218 2355 459 13 39 155 3000 61 10 778 543 0 10 36 912 91 479 61 51 19 1722 139 18 77 401 7 389 191 56 18 1022 324 71 473 53 13 2317 173 48 93 211 43 1576 162 9 1705 56 1041 35 775 265 64 278 8 347 85 67 3000 30 21 67 
39 16 0 178 11 40 44 49 49 11 135 29 2274 16 311 60 54 1251 25 32 62 167 24 930 46 257 331 1224 74 67 0 380 20 195 1372 62 19 308 14 800 67 133 205 121 258 18 308 26 65 547 101 9 113 476 1569 20 60 1897 67 278 21 16 339 156 2085 32 423 8 712 8 77 21 373 147 22 292 927 20 128 305 
0 466 178 0 25 54 184 0 0 0 0 0 71 0 52 243 222 65 281 17 0 12 814 0 169 0 0 0 0 1250 0 42 9 41 0 0 734 0 350 3000 0 830 0 0 46 1905 0 1015 35 98 0 0 2580 0 55 0 2856 0 0 17 14 123 18 304 0 0 11 21 0 37 0 31 0 0 3000 0 0 2147 1909 551 
113 20 11 25 0 13 2235 67 11 30 1140 378 30 72 162 75 52 117 78 1151 19 532 785 595 1758 19 131 106 158 581 1269 348 27 58 288 102 320 53 55 584 394 23 956 0 91 173 1587 3000 323 24 134 66 94 8 1984 716 210 190 113 27 424 228 34 1300 645 7 28 3000 50 55 127 509 538 50 168 0 879 1084 21 52 
63 29 40 54 13 0 64 139 0 298 13 9 41 13 618 103 51 0 411 64 29 21 290 733 36 387 236 732 38 102 0 9 113 8 24 11 3000 76 214 7 41 102 281 38 580 179 569 29 24 795 1572 1069 311 18 39 76 631 15 343 594 638 314 72 3000 74 248 1574 11 97 866 38 94 143 10 3000 51 72 9 2009 14 
40 710 44 184 2235 64 0 64 25 0 93 17 131 990 702 2647 2591 358 51 43 30 7 190 346 58 88 181 158 101 89 34 80 95 31 9 21 188 19 114 427 12 60 141 434 499 8 25 85 12 697 943 83 183 16 549 8 284 28 371 771 795 48 97 37 30 8 389 149 176 388 14 19 59 837 3000 457 23 487 189 161 
0 16 49 0 67 139 64 0 942 405 24 7 183 9 0 0 50 42 23 21 49 0 0 8 0 33 9 200 278 1809 324 7 154 0 216 0 3000 63 60 0 28 8 637 0 747 54 13 0 539 28 22 117 0 914 0 615 734 0 1658 300 0 541 663 12 33 272 55 83 2566 0 170 160 139 86 0 0 0 80 162 115 
0 0 49 0 11 0 25 942 0 0 39 0 110 0 0 0 486 9 2228 478 0 0 0 41 0 184 0 323 122 0 2852 32 0 0 3000 0 67 46 34 0 9 81 44 0 27 89 122 150 452 13 0 0 0 23 0 0 561 0 282 0 0 473 2959 0 185 544 666 0 105 0 0 41 0 63 0 0 0 0 1166 1384 
105 13 11 0 30 298 0 405 0 0 28 278 1773 13 0 0 146 0 0 0 574 0 85 252 0 0 282 239 36 1085 0 0 8 0 78 2822 0 9 0 0 57 56 116 156 0 391 246 0 0 43 22 93 0 462 0 34 43 3000 16 836 0 483 0 0 0 0 463 1745 0 0 8 0 1045 41 0 391 182 0 0 89 
437 115 135 0 1140 13 93 24 39 28 0 337 3000 55 27 20 9 51 16 868 38 191 107 72 0 576 33 39 26 20 192 36 406 14 248 28 1305 165 56 26 22 114 22 51 15 171 106 223 25 793 116 705 59 12 454 1438 11 1463 58 2143 60 562 464 430 61 517 780 33 9 0 59 122 157 39 132 256 116 8 22 144 
38 14 29 0 378 9 17 7 0 278 337 0 30 21 89 240 136 0 17 365 412 27 355 8 0 14 174 48 89 16 0 61 177 935 786 83 85 692 49 319 377 1044 132 191 588 90 15 0 24 338 38 15 25 414 0 30 24 10 28 2388 27 256 291 51 788 44 181 3000 56 0 69 58 47 332 345 41 23 175 22 36 
114 88 2274 71 30 41 131 183 110 1773 3000 30 0 176 31 37 26 15 140 240 8 89 9 270 141 704 189 640 39 129 200 189 11 60 31 24 440 1148 30 63 42 14 40 0 12 214 33 84 37 17 22 1871 414 65 284 22 167 366 20 8 197 17 36 273 225 109 7 913 79 698 97 66 34 1138 159 0 121 213 2431 23 
171 1801 16 0 72 13 990 9 0 13 55 21 176 0 3000 0 1259 0 0 18 10 0 292 101 0 70 480 3000 1817 126 131 363 9 0 10 58 3000 444 0 8 45 155 852 1037 214 1471 216 0 169 71 38 190 0 153 0 9 53 86 977 49 863 853 82 168 116 91 259 36 153 0 371 42 26 9 196 1522 459 409 0 3000 
18 261 311 52 162 618 702 0 0 0 27 89 31 3000 0 91 67 0 0 939 117 29 12 51 19 0 0 0 0 895 0 0 128 484 0 60 94 2812 495 76 15 643 0 110 44 3000 0 570 0 111 0 0 1400 0 7 58 0 1050 0 81 72 77 106 185 0 0 284 137 0 81 0 49 162 0 391 22 217 59 0 16 
34 399 60 243 75 103 2647 0 0 0 20 240 37 0 91 0 86 0 672 11 18 16 247 553 883 0 0 0 0 300 0 30 21 350 0 100 80 11 444 2482 382 3000 0 22 2226 9 0 143 38 313 0 0 508 0 54 11 997 38 0 3000 329 275 11 38 0 0 192 120 0 182 0 50 94 78 63 67 60 344 88 180 
56 23 54 222 52 51 2591 50 486 146 9 136 26 1259 67 86 0 40 3000 933 108 56 34 196 45 15 25 1568 184 100 337 344 3000 32 45 525 17 119 962 8 45 288 36 63 14 19 86 132 79 48 67 64 102 13 17 105 218 1032 9 379 245 23 22 44 2161 660 187 372 197 147 567 464 19 338 303 66 602 972 3000 153 
0 0 1251 65 117 0 358 42 9 0 51 0 15 0 0 0 40 0 2691 50 0 0 0 35 103 284 0 88 20 0 30 91 0 0 208 0 22 19 95 0 17 421 0 0 366 98 37 84 10 55 0 0 0 7 24 0 96 0 171 0 0 564 101 21 8 27 8 0 408 20 0 1378 0 79 0 0 0 0 16 8 
0 1991 25 281 78 411 51 23 2228 0 16 17 140 0 0 672 3000 2691 0 10 0 9 0 276 30 135 0 12 165 38 467 77 8 3000 81 0 249 249 208 0 1517 62 0 0 520 1359 12 129 69 799 0 0 43 193 30 169 3000 0 1171 637 0 71 71 3000 64 55 917 502 84 95 0 20 0 3000 0 0 0 200 37 868 
1581 218 32 17 1151 64 43 21 478 0 868 365 240 18 939 11 933 50 10 0 22 15 94 73 337 9 0 12 12 39 256 98 510 211 67 216 133 52 17 13 267 56 30 0 111 22 1360 21 15 110 67 0 615 37 97 10 159 22 11 257 12 19 301 50 89 9 3000 424 213 43 1076 46 115 3000 495 750 15 621 292 206 
584 2355 62 0 19 29 30 49 0 574 38 412 8 10 117 18 108 0 0 22 0 409 100 406 0 0 462 28 128 638 0 0 68 70 0 10 422 121 241 286 278 661 297 1774 46 186 18 0 0 36 111 70 12 41 0 540 312 21 764 183 82 126 244 1791 0 0 8 18 0 0 38 252 26 31 23 1755 30 32 0 666 
253 459 167 12 532 21 7 0 0 0 191 27 89 0 29 16 56 0 9 15 409 0 1873 2935 107 0 0 0 0 97 0 15 672 65 0 889 21 292 64 368 311 440 0 528 166 35 0 201 18 400 0 0 38 0 484 80 104 42 0 192 8 59 9 1564 0 0 14 243 0 122 0 72 0 0 8 2576 64 72 73 210 
788 13 24 814 785 290 190 0 0 85 107 355 9 292 12 247 34 0 0 94 100 1873 0 63 180 0 0 0 0 80 0 0 13 249 0 447 9 76 253 43 367 13 0 106 49 122 0 304 0 160 259 9 131 0 216 362 358 23 0 299 3000 2733 24 159 0 0 283 125 0 23 31 826 470 18 13 12 142 55 0 8 
11 39 930 0 595 733 346 8 41 252 72 8 270 101 51 553 196 35 276 73 406 2935 63 0 35 13 22 200 1524 36 70 21 21 1293 135 268 649 3000 451 85 96 813 74 536 269 18 318 16 2363 32 111 54 1430 50 34 39 162 150 209 1025 384 127 380 462 440 30 2521 446 3000 0 394 8 280 23 15 1571 731 24 1391 3000 
0 155 46 169 1758 36 58 0 0 0 0 0 141 0 19 883 45 103 30 337 0 107 180 35 0 1766 0 0 0 3000 0 550 243 11 0 0 46 59 14 24 0 597 0 0 91 19 0 32 235 101 0 0 984 0 8 0 133 0 0 21 228 3000 2371 27 0 91 29 67 16 1439 0 96 0 0 1873 0 0 20 147 34 
0 3000 257 0 19 387 88 33 184 0 576 14 704 70 0 0 15 284 135 9 0 0 0 13 1766 0 913 137 176 1545 293 37 95 0 36 0 409 153 173 0 14 72 405 0 2837 38 242 10 55 44 43 0 0 965 230 114 349 0 18 275 0 14 8 486 50 214 143 17 651 44 0 27 280 128 0 0 0 21 299 278 
10 61 331 0 131 236 181 9 0 282 33 174 189 480 0 0 25 0 0 0 462 0 0 22 0 913 0 129 552 28 0 0 727 0 69 458 0 15 0 0 40 43 271 32 0 59 172 0 0 15 289 279 0 3000 0 112 402 0 125 568 0 126 0 0 94 0 32 0 7 0 1063 129 428 31 0 0 29 0 0 19 
0 10 1224 0 106 732 158 200 323 239 39 48 640 3000 0 0 1568 88 12 12 28 0 0 200 0 137 129 0 109 28 1695 178 19 0 930 0 410 910 0 0 93 58 244 0 84 23 27 0 385 14 1749 864 0 129 0 71 633 0 8 33 0 8 26 0 1482 86 143 37 30 0 107 44 67 1032 0 0 0 0 8 386 
716 778 74 0 158 38 101 278 122 36 26 89 39 1817 0 0 184 20 165 12 128 0 0 1524 0 176 552 109 0 429 22 984 1224 0 69 0 408 785 527 0 34 1243 708 0 129 15 281 0 211 160 87 14 0 3000 0 202 1736 0 905 376 0 114 207 163 156 21 96 36 63 0 103 154 104 188 0 0 13 45 21 24 
28 543 67 1250 581 102 89 1809 0 1085 20 16 129 126 895 300 100 0 38 39 638 97 80 36 3000 1545 28 28 429 0 0 58 155 23 259 27 50 93 179 11 195 679 153 98 8 22 640 238 168 94 180 618 85 16 43 91 80 379 107 430 75 133 126 38 79 41 382 265 102 1276 115 208 20 46 119 21 100 58 20 259 
0 0 0 0 1269 0 34 324 2852 0 192 0 200 131 0 0 337 30 467 256 0 0 0 70 0 293 0 1695 22 0 0 288 0 0 8 0 104 156 219 0 207 20 32 0 8 10 95 0 2740 361 869 0 0 93 0 0 133 0 37 0 0 9 20 0 27 1160 336 0 8 0 0 738 0 14 0 0 0 0 47 218 
0 10 380 42 348 9 80 7 32 0 36 61 189 363 0 30 344 91 77 98 0 15 0 21 550 37 0 178 984 58 288 0 290 28 355 0 26 16 703 0 1359 670 0 0 1546 163 439 49 596 48 0 0 19 380 55 12 1041 0 3000 53 0 12 537 49 14 1065 58 289 16 41 0 166 58 128 35 0 0 46 321 11 
120 36 20 9 27 113 95 154 0 8 406 177 11 9 128 21 3000 0 8 510 68 672 13 21 243 95 727 19 1224 155 0 290 0 26 8 353 33 681 54 1861 55 77 13 69 430 85 15 730 204 893 1337 127 9 126 155 345 1208 9 65 11 828 12 110 10 2564 29 223 320 40 260 46 15 43 272 255 127 261 155 223 81 
18 912 195 41 58 8 31 0 0 0 14 935 60 0 484 350 32 0 3000 211 70 65 249 1293 11 0 0 0 0 23 0 28 26 0 0 104 1064 2604 74 113 118 103 0 216 1901 22 0 13 123 131 0 0 87 0 176 170 10 80 0 3000 58 302 8 17 0 0 493 353 0 24 0 28 0 0 291 11 27 652 13 421 
0 91 1372 0 288 24 9 216 3000 78 248 786 31 10 0 0 45 208 81 67 0 0 0 135 0 36 69 930 69 259 8 355 8 0 0 0 16 424 40 0 79 373 3000 0 214 9 20 0 273 34 47 8 0 24 0 53 392 0 1884 0 0 22 110 0 309 865 91 0 187 0 705 113 112 90 0 0 0 0 2141 3000 
8 479 62 0 102 11 21 0 0 2822 28 83 24 58 60 100 525 0 0 216 10 889 447 268 0 0 458 0 0 27 0 0 353 104 0 0 0 45 0 869 1103 8 19 1527 844 0 3000 0 0 12 67 524 0 0 0 883 0 573 0 3000 20 1857 0 284 0 0 252 8 0 0 72 2105 255 23 145 512 3000 162 0 346 
42 61 19 734 320 3000 188 3000 67 0 1305 85 440 3000 94 80 17 22 249 133 422 21 9 649 46 409 0 410 408 50 104 26 33 1064 16 0 0 56 14 114 9 28 1087 0 62 9 48 414 236 14 15 0 22 665 701 42 25 0 22 1065 21 3000 36 20 318 12 38 3000 26 48 298 24 49 150 8 0 0 62 1651 756 
2094 51 308 0 53 76 19 63 46 9 165 692 1148 444 2812 11 119 19 249 52 121 292 76 3000 59 153 15 910 785 93 156 16 681 2604 424 45 56 0 15 663 270 1147 2312 68 109 363 171 42 574 1343 12 629 834 861 453 55 592 29 310 158 41 1335 267 492 39 8 22 248 12 39 28 310 161 49 353 322 62 35 1359 2199 
91 19 14 350 55 214 114 60 34 0 56 49 30 0 495 444 962 95 208 17 241 64 253 451 14 173 0 0 527 179 219 703 54 74 40 0 14 15 0 274 41 733 0 0 675 145 0 146 2242 12 0 0 748 83 308 24 234 117 2818 37 12 1352 12 41 384 257 480 58 87 19 0 15 0 52 131 0 0 41 137 147 
44 1722 800 3000 584 7 427 0 0 0 26 319 63 8 76 2482 8 0 0 13 286 368 43 85 24 0 0 0 0 11 0 0 1861 113 0 869 114 663 274 0 9 46 0 34 680 14 0 982 0 149 62 199 2715 0 212 8 0 65 0 20 629 89 667 1333 0 0 388 48 0 0 410 219 599 157 38 26 82 705 0 26 
69 139 67 0 394 41 12 28 9 57 22 377 42 45 15 382 45 17 1517 267 278 311 367 96 0 14 40 93 34 195 207 1359 55 118 79 1103 9 270 41 9 0 223 31 54 275 346 55 129 254 65 89 11 10 38 0 57 7 60 657 201 1353 300 210 276 338 369 7 160 22 0 237 70 20 16 84 41 3000 225 138 12 
3000 18 133 830 23 102 60 8 81 56 114 1044 14 155 643 3000 288 421 62 56 661 440 13 813 597 72 43 58 1243 679 20 670 77 103 373 8 28 1147 733 46 223 0 16 538 320 37 53 2239 3000 43 12 47 419 243 70 360 296 245 637 951 8 12 28 57 633 859 287 1525 182 9 14 1127 85 1650 44 32 94 1167 152 3000 
284 77 205 0 956 281 141 637 44 116 22 132 40 852 0 0 36 0 0 30 297 0 0 74 0 405 271 244 708 153 32 0 13 0 3000 19 1087 2312 0 0 31 16 0 0 1445 2825 30 0 45 317 18 1156 0 187 0 11 556 0 10 662 0 62 0 0 244 155 24 31 191 0 75 11 31 15 0 0 134 0 0 106 
56 401 121 0 0 38 434 0 0 156 51 191 0 1037 110 22 63 0 0 0 1774 528 106 536 0 0 32 0 0 98 0 0 69 216 0 1527 0 68 0 34 54 538 0 0 0 0 0 0 0 160 153 459 0 0 0 101 0 48 0 47 25 1357 0 50 0 0 0 12 0 0 48 221 277 177 423 29 232 237 0 340 
63 7 258 46 91 580 499 747 27 0 15 588 12 214 44 2226 14 366 520 111 46 166 49 269 91 2837 0 84 129 8 8 1546 430 1901 214 844 62 109 675 680 275 320 1445 0 0 691 48 98 777 141 60 0 225 380 243 3000 289 43 593 283 19 348 76 503 33 22 41 11 15 46 14 64 395 7 9 13 8 24 262 52 
51 389 18 1905 173 179 8 54 89 391 171 90 214 1471 3000 9 19 98 1359 22 186 35 122 18 19 38 59 23 15 22 10 163 85 22 9 0 9 363 145 14 346 37 2825 0 691 0 629 1324 7 22 137 42 13 29 25 1144 42 68 9 3000 9 21 152 11 27 151 191 780 1860 8 45 152 666 103 1859 0 207 21 2299 628 
0 191 308 0 1587 569 25 13 122 246 106 15 33 216 0 0 86 37 12 1360 18 0 0 318 0 242 172 27 281 640 95 439 15 0 20 3000 48 171 0 0 55 53 30 0 48 629 0 0 58 191 46 1098 0 43 0 25 61 0 104 8 0 11 0 0 1371 1003 231 0 631 0 52 33 28 1545 0 0 0 0 25 1411 
76 56 26 1015 3000 29 85 0 150 0 223 0 84 0 570 143 132 84 129 21 0 201 304 16 32 10 0 0 0 238 0 49 730 13 0 0 414 42 146 982 129 2239 0 0 98 1324 0 0 109 18 0 0 114 15 3000 0 17 209 154 176 1224 154 47 46 704 18 388 11 461 389 0 252 0 0 21 0 0 1906 151 47 
0 18 65 35 323 24 12 539 452 0 25 24 37 169 0 38 79 10 69 15 0 18 0 2363 235 55 0 385 211 168 2740 596 204 123 273 0 236 574 2242 0 254 3000 45 0 777 7 58 109 0 111 30 0 82 85 288 26 413 0 20 23 0 9 30 15 2154 3000 82 377 516 646 0 43 37 10 0 0 0 58 233 14 
395 1022 547 98 24 795 697 28 13 43 793 338 17 71 111 313 48 55 799 110 36 400 160 32 101 44 15 14 160 94 361 48 893 131 34 12 14 1343 12 149 65 43 317 160 141 22 191 18 111 0 3000 76 271 33 275 66 19 252 1289 18 1563 27 681 819 44 136 560 1663 123 719 196 11 34 177 46 3000 19 111 82 51 
3000 324 101 0 134 1572 943 22 0 22 116 38 22 38 0 0 67 0 0 67 111 0 259 111 0 43 289 1749 87 180 869 0 1337 0 47 67 15 12 0 62 89 12 18 153 60 137 46 0 30 3000 0 20 0 9 0 9 9 16 21 2289 22 31 0 112 19 14 8 40 44 0 218 99 36 16 0 188 117 43 0 106 
509 71 9 0 66 1069 83 117 0 93 705 15 1871 190 0 0 64 0 0 0 70 0 9 54 0 0 279 864 14 618 0 0 127 0 8 524 0 629 0 199 11 47 1156 459 0 42 1098 0 0 76 20 0 0 40 0 182 36 133 13 921 67 936 0 36 0 0 426 28 0 0 61 26 53 10 26 3000 37 19 0 41 
1847 473 113 2580 94 311 183 0 0 0 59 25 414 0 1400 508 102 0 43 615 12 38 131 1430 984 0 0 0 0 85 0 19 9 87 0 0 22 834 748 2715 10 419 0 0 225 13 0 114 82 271 0 0 0 0 37 0 24 3000 0 8 9 53 39 16 0 835 58 18 0 10 0 11 0 0 351 3000 3000 167 7 21 
0 53 476 0 8 18 16 914 23 462 12 414 65 153 0 0 13 7 193 37 41 0 0 50 0 965 3000 129 3000 16 93 380 126 0 24 0 665 861 83 0 38 243 187 0 380 29 43 15 85 33 9 40 0 0 0 10 311 0 25 3000 0 10 78 284 269 3000 2107 12 559 0 15 332 221 243 0 0 0 20 3000 19 
557 13 1569 55 1984 39 549 0 0 0 454 0 284 0 7 54 17 24 30 97 0 484 216 34 8 230 0 0 0 43 0 55 155 176 0 0 701 453 308 212 0 70 0 0 243 25 0 3000 288 275 0 0 37 0 0 0 154 98 0 21 76 198 168 3000 0 183 107 346 3000 242 0 20 0 0 150 0 0 251 32 14 
161 2317 20 0 716 76 8 615 0 34 1438 30 22 9 58 11 105 0 169 10 540 80 362 39 0 114 112 71 202 91 0 12 345 170 53 883 42 55 24 8 57 360 11 101 3000 1144 25 0 26 66 9 182 0 10 0 0 22 40 15 1043 865 912 11 35 458 1297 16 24 64 0 27 36 55 12 101 2857 145 834 9 13 
630 173 60 2856 210 631 284 734 561 43 11 24 167 53 0 997 218 96 3000 159 312 104 358 162 133 349 402 633 1736 80 133 1041 1208 10 392 0 25 592 234 0 7 296 556 0 289 42 61 17 413 19 9 36 24 311 154 22 0 0 860 795 148 124 316 199 90 77 534 16 818 500 19 66 55 42 1411 0 592 393 397 7 
35 48 1897 0 190 15 28 0 0 3000 1463 10 366 86 1050 38 1032 0 0 22 21 42 23 150 0 0 0 0 0 379 0 0 9 80 0 573 0 29 117 65 60 245 0 48 43 68 0 209 0 252 16 133 3000 0 98 40 0 0 0 24 36 1913 762 71 0 0 909 434 0 0 8 10 59 916 171 13 16 20 0 50 
0 93 67 0 113 343 371 1658 282 16 58 28 20 977 0 0 9 171 1171 11 764 0 0 209 0 18 125 8 905 107 37 3000 65 0 1884 0 22 310 2818 0 657 637 10 0 593 9 104 154 20 1289 21 13 0 25 0 15 860 0 0 1629 0 24 284 14 27 181 56 687 110 0 13 386 102 197 0 0 0 91 45 1275 
35 211 278 17 27 594 771 300 0 836 2143 2388 8 49 81 3000 379 0 637 257 183 192 299 1025 21 275 568 33 376 430 0 53 11 3000 0 3000 1065 158 37 20 201 951 662 47 283 3000 8 176 23 18 2289 921 8 3000 21 1043 795 24 1629 0 1542 141 1222 3000 0 0 110 207 484 112 20 251 12 146 350 461 590 61 2858 36 
95 43 21 14 424 638 795 0 0 0 60 27 197 863 72 329 245 0 0 12 82 8 3000 384 228 0 0 0 0 75 0 0 828 58 0 20 21 41 12 629 1353 8 0 25 19 9 0 1224 0 1563 22 67 9 0 76 865 148 36 0 1542 0 149 403 39 0 0 12 53 0 21 726 50 1507 65 769 13 100 339 0 169 
3000 1576 16 123 228 314 48 541 473 483 562 256 17 853 77 275 23 564 71 19 126 59 2733 127 3000 14 126 8 114 133 9 12 12 302 22 1857 3000 1335 1352 89 300 12 62 1357 348 21 11 154 9 27 31 936 53 10 198 912 124 1913 24 141 149 0 46 2102 249 1064 42 30 911 2762 9 11 3000 2590 353 10 28 242 72 1415 
25 162 339 18 34 72 97 663 2959 0 464 291 36 82 106 11 22 101 71 301 244 9 24 380 2371 8 0 26 207 126 20 537 110 8 110 0 36 267 12 667 210 28 0 0 76 152 0 47 30 681 0 0 39 78 168 11 316 762 284 1222 403 46 0 185 2293 27 115 981 22 69 0 1635 319 358 2461 3000 100 628 766 37 
656 9 156 304 1300 3000 37 12 0 0 430 51 273 168 185 38 44 21 3000 50 1791 1564 159 462 27 486 0 0 163 38 0 49 10 17 0 284 20 492 41 1333 276 57 0 50 503 11 0 46 15 819 112 36 16 284 3000 35 199 71 14 3000 39 2102 185 0 391 100 42 12 69 17 246 7 59 428 7 22 38 1045 58 806 
0 1705 2085 0 645 74 30 33 185 0 61 788 225 116 0 0 2161 8 64 89 0 0 0 440 0 50 94 1482 156 79 27 14 2564 0 309 0 318 39 384 0 338 633 244 0 33 27 1371 704 2154 44 19 0 0 269 0 458 90 0 27 0 0 249 2293 391 0 156 14 183 19 0 0 149 17 11 0 0 0 0 29 12 
0 56 32 0 7 248 8 272 544 0 517 44 109 91 0 0 660 27 55 9 0 0 0 30 91 214 0 86 21 41 1160 1065 29 0 865 0 12 8 257 0 369 859 155 0 22 151 1003 18 3000 136 14 0 835 3000 183 1297 77 0 181 0 0 1064 27 100 156 0 88 46 20 81 0 65 241 11 0 0 0 382 207 188 
34 1041 423 11 28 1574 389 55 666 463 780 181 7 259 284 192 187 8 917 3000 8 14 283 2521 29 143 32 143 96 382 336 58 223 493 91 252 38 22 480 388 7 287 24 0 41 191 231 388 82 560 8 426 58 2107 107 16 534 909 56 110 12 42 115 42 14 88 0 71 395 31 97 3000 1286 10 28 28 930 682 63 764 
104 35 8 21 3000 11 149 83 0 1745 33 3000 913 36 137 120 372 0 502 424 18 243 125 446 67 17 0 37 36 265 0 289 320 353 0 8 3000 248 58 48 160 1525 31 12 11 780 0 11 377 1663 40 28 18 12 346 24 16 434 687 207 53 30 981 12 183 46 71 0 12 261 172 104 347 40 1250 24 49 86 9 9 
0 775 712 0 50 97 176 2566 105 0 9 56 79 153 0 0 197 408 84 213 0 0 0 3000 16 651 7 30 63 102 8 16 40 0 187 0 26 12 87 0 22 182 191 0 15 1860 631 461 516 123 44 0 0 559 3000 64 818 0 110 484 0 911 22 69 19 20 395 12 0 89 0 240 52 439 0 0 0 479 655 693 
0 265 8 37 55 866 388 0 0 0 0 0 698 0 81 182 147 20 95 43 0 122 23 0 1439 44 0 0 0 1276 0 41 260 24 0 0 48 39 19 0 0 9 0 0 46 8 0 389 646 719 0 0 10 0 242 0 500 0 0 112 21 2762 69 17 0 81 31 261 89 0 0 79 0 0 169 0 0 198 35 14 
21 64 77 0 127 38 14 170 0 8 59 69 97 371 0 0 567 0 0 1076 38 0 31 394 0 0 1063 107 103 115 0 0 46 0 705 72 298 28 0 410 237 14 75 48 14 45 52 0 0 196 218 61 0 15 0 27 19 8 13 20 726 9 0 246 0 0 97 172 0 0 0 160 53 9 72 253 194 8 0 16 
115 278 21 31 509 94 19 160 41 0 122 58 66 42 49 50 464 1378 20 46 252 72 826 8 96 27 129 44 154 208 738 166 15 28 113 2105 24 310 15 219 70 1127 11 221 64 152 33 252 43 11 99 26 11 332 20 36 66 10 386 251 50 11 1635 7 149 65 3000 104 240 79 160 0 13 1298 11 25 24 31 62 297 
745 8 373 0 538 143 59 139 0 1045 157 47 34 26 162 94 19 0 0 115 26 0 470 280 0 280 428 67 104 20 0 58 43 0 112 255 49 161 0 599 20 85 31 277 395 666 28 0 37 34 36 53 0 221 0 55 55 59 102 12 1507 3000 319 59 17 241 1286 347 52 0 53 13 0 129 26 26 681 50 0 2406 
11 347 147 0 50 10 837 86 63 41 39 332 1138 9 0 78 338 79 3000 3000 31 0 18 23 0 128 31 1032 188 46 14 128 272 0 90 23 150 49 52 157 16 1650 15 177 7 103 1545 0 10 177 16 10 0 243 0 12 42 916 197 146 65 2590 358 428 11 11 10 40 439 0 9 1298 129 0 118 21 39 149 9 52 
30 85 22 3000 168 3000 3000 0 0 0 132 345 159 196 391 63 303 0 0 495 23 8 13 15 1873 0 0 0 0 119 0 35 255 291 0 145 8 353 131 38 84 44 0 423 9 1859 0 21 0 46 0 26 351 0 150 101 1411 171 0 350 769 353 2461 7 0 0 28 1250 0 169 72 11 26 118 0 11 21 322 0 155 
12 67 292 0 0 51 457 0 0 391 256 41 0 1522 22 67 66 0 0 750 1755 2576 12 1571 0 0 0 0 0 21 0 0 127 11 0 512 0 322 0 26 41 32 0 29 13 0 0 0 0 3000 188 3000 3000 0 0 2857 0 13 0 461 13 10 3000 22 0 0 28 24 0 0 253 25 26 21 11 0 1642 10 0 279 
33 3000 927 0 879 72 23 0 0 182 116 23 121 459 217 60 602 0 0 15 30 64 142 731 0 0 29 0 13 100 0 0 261 27 0 3000 0 62 0 82 3000 94 134 232 8 207 0 0 0 19 117 37 3000 0 0 145 592 16 0 590 100 28 100 38 0 0 930 49 0 0 194 24 681 39 21 1642 0 16 0 29 
89 30 20 2147 1084 9 487 80 0 0 8 175 213 409 59 344 972 0 200 621 32 72 55 24 20 21 0 0 45 58 0 46 155 652 0 162 62 35 41 705 225 1167 0 237 24 21 0 1906 58 111 43 19 167 20 251 834 393 20 91 61 339 242 628 1045 0 382 682 86 479 198 8 31 50 149 322 10 16 0 25 3000 
0 21 128 1909 21 2009 189 162 1166 0 22 22 2431 0 0 88 3000 16 37 292 0 73 0 1391 147 299 0 8 21 20 47 321 223 13 2141 0 1651 1359 137 0 138 152 0 0 262 2299 25 151 233 82 0 0 7 3000 32 9 397 0 45 2858 0 72 766 58 29 207 63 9 655 35 0 62 0 9 0 0 0 25 0 12 
36 67 305 551 52 14 161 115 1384 89 144 36 23 3000 16 180 153 8 868 206 666 210 8 3000 34 278 19 386 24 259 218 11 81 421 3000 346 756 2199 147 26 12 3000 106 340 52 628 1411 47 14 51 106 41 21 19 14 13 7 50 1275 36 169 1415 37 806 12 188 764 9 693 14 16 297 2406 52 155 279 29 3000 12 0 
