60
0 79 30 102 62 81 69 98 14 33 45 96 66 40 61 53 27 65 58 3 5 61 88 15 54 29 116 75 67 78 107 93 116 104 41 74 59 56 80 69 51 90 95 35 41 31 80 65 101 7 43 53 118 88 23 112 71 33 75 48 
79 0 73 47 62 93 97 64 91 53 86 99 19 88 63 31 65 72 98 75 83 87 22 66 58 50 74 19 106 101 74 53 66 73 65 57 69 72 12 66 95 101 78 89 92 91 112 22 78 74 87 76 72 85 68 76 25 45 35 75 
30 73 0 82 34 50 40 73 33 21 18 65 55 16 33 42 9 35 32 29 34 31 74 22 28 30 91 63 42 49 81 70 93 77 13 48 30 26 79 41 26 60 67 16 19 18 53 68 73 33 17 23 94 58 9 86 56 37 56 18 
102 47 82 0 53 73 85 26 112 69 87 72 42 92 55 51 79 60 93 99 107 79 24 88 55 75 29 33 98 86 33 17 19 33 70 39 61 66 58 51 94 78 46 96 96 100 98 67 41 100 89 71 26 58 83 32 33 75 27 74 
62 62 34 53 0 31 36 39 67 33 34 41 43 40 2 35 35 10 41 60 66 27 53 49 8 45 57 45 47 40 47 38 60 43 22 15 8 13 71 8 41 41 34 44 44 49 51 68 40 62 36 18 60 30 39 52 37 50 32 21 
81 93 50 73 31 0 18 50 81 60 38 16 74 44 30 67 56 22 32 80 84 21 81 71 38 72 64 75 31 14 52 56 72 48 43 37 26 27 103 26 38 10 32 51 47 57 27 99 40 83 40 28 69 17 59 57 67 78 60 33 
69 97 40 85 36 18 0 65 67 55 24 33 78 29 34 68 48 27 14 69 71 10 89 62 39 67 81 81 13 9 68 69 87 65 37 47 28 25 106 35 21 24 49 36 31 42 15 100 57 72 26 22 85 34 49 74 73 74 67 25 
98 64 73 26 39 50 65 0 105 66 72 47 52 78 41 55 72 42 75 96 103 61 44 84 45 75 18 46 78 64 11 11 22 9 60 24 46 51 75 34 78 54 21 83 82 89 77 80 16 97 74 56 21 34 76 15 42 78 31 60 
14 91 33 112 67 81 67 105 0 43 43 97 77 37 66 64 33 68 55 17 11 60 99 26 61 42 123 87 63 76 114 101 124 110 45 81 63 59 93 74 47 90 100 31 36 25 75 79 106 20 41 55 126 91 29 119 82 46 85 50 
33 53 21 69 33 60 55 66 43 0 37 73 36 37 32 22 12 39 51 31 38 45 57 19 25 13 84 44 60 62 75 60 82 72 18 43 34 33 58 41 46 70 66 37 40 38 69 47 71 31 36 33 85 62 16 80 39 19 42 30 
45 86 18 87 34 38 24 72 43 37 0 53 67 7 32 55 27 30 15 45 48 16 83 40 32 47 89 73 24 33 78 72 93 74 21 49 27 21 93 38 9 46 61 13 10 19 35 84 68 49 3 16 93 49 27 84 66 54 63 13 
96 99 65 72 41 16 33 47 97 73 53 0 81 60 41 76 71 33 47 95 99 37 84 86 49 85 57 80 45 26 45 55 67 42 57 41 39 41 110 34 53 10 26 67 63 73 37 108 33 98 56 43 62 14 74 49 73 91 64 48 
66 19 55 42 43 74 78 52 77 36 67 81 0 70 44 14 48 53 79 62 70 68 22 51 38 36 66 10 87 83 63 42 60 61 46 40 50 53 28 48 76 83 63 71 74 73 93 28 64 61 68 57 65 68 52 66 10 34 21 56 
40 88 16 92 40 44 29 78 37 37 7 60 70 0 38 57 26 36 18 41 43 23 87 37 37 46 96 76 27 39 85 78 99 81 24 55 33 27 95 44 11 52 68 7 4 13 39 85 75 45 4 22 100 56 25 90 69 54 68 18 
61 63 33 55 2 30 34 41 66 32 32 41 44 38 0 36 34 9 39 59 65 25 55 48 8 45 59 47 45 38 48 40 62 45 20 17 6 11 73 9 39 40 35 43 42 48 49 69 41 61 34 16 62 30 38 54 39 50 34 19 
53 31 42 51 35 67 68 55 64 22 55 76 14 57 36 0 34 45 68 50 57 58 35 38 29 24 71 23 76 73 66 47 67 63 34 37 41 43 38 42 64 76 62 58 61 60 83 33 64 49 55 46 72 63 38 69 18 24 25 45 
27 65 9 79 35 56 48 72 33 12 27 71 48 26 34 34 0 38 42 25 31 38 68 15 28 21 90 56 51 56 81 68 90 77 14 48 33 30 70 43 36 66 68 25 29 26 61 59 74 27 26 28 93 62 4 86 50 28 52 24 
65 72 35 60 10 22 27 42 68 39 30 33 53 36 9 45 38 0 34 63 69 20 62 53 16 52 60 55 39 30 48 43 64 44 24 21 5 10 81 9 35 32 32 42 40 48 41 77 39 66 33 14 64 23 42 54 47 57 41 19 
58 98 32 93 41 32 14 75 55 51 15 47 79 18 39 68 42 34 0 59 61 15 93 54 42 62 92 84 9 22 80 77 97 76 34 54 33 28 106 42 8 38 61 24 18 29 21 98 69 63 16 23 96 47 42 85 76 69 72 23 
3 75 29 99 60 80 69 96 17 31 45 95 62 41 59 50 25 63 59 0 8 60 85 12 52 26 114 72 68 78 105 91 113 102 39 72 58 54 77 68 51 89 93 36 41 32 80 62 99 4 43 52 116 87 21 110 68 30 72 47 
5 83 34 107 66 84 71 103 11 38 48 99 70 43 65 57 31 69 61 8 0 64 92 19 59 34 121 80 69 81 112 98 120 108 45 79 63 60 84 74 53 93 99 37 42 32 82 69 105 10 45 56 123 92 27 117 76 37 80 52 
61 87 31 79 27 21 10 61 60 45 16 37 68 23 25 58 38 20 15 60 64 0 80 53 30 57 77 72 19 18 65 63 83 62 27 40 19 15 96 28 18 30 47 30 26 36 25 89 55 63 19 12 82 34 40 71 64 64 59 15 
88 22 74 24 53 81 89 44 99 57 83 84 22 87 55 35 68 62 93 85 92 80 0 73 52 59 52 12 100 92 53 33 43 53 63 44 61 66 33 55 92 88 61 90 91 92 103 43 59 84 85 70 50 70 72 55 18 57 21 71 
15 66 22 88 49 71 62 84 26 19 40 86 51 37 48 38 15 53 54 12 19 53 73 0 41 16 102 61 63 71 94 79 101 90 29 61 48 45 68 57 47 81 83 33 38 31 75 55 88 13 38 43 104 77 13 99 56 21 60 39 
54 58 28 55 8 38 39 45 61 25 32 49 38 37 8 29 28 16 42 52 59 30 52 41 0 37 63 42 49 45 53 42 64 50 15 20 12 15 66 16 40 48 41 41 41 45 54 62 47 54 34 19 66 38 32 58 35 42 31 20 
29 50 30 75 45 72 67 75 42 13 47 85 36 46 45 24 21 52 62 26 34 57 59 16 37 0 92 46 71 75 85 68 90 82 30 53 46 45 52 53 56 82 77 45 49 44 81 40 81 25 47 45 94 74 22 90 42 7 48 42 
116 74 91 29 57 64 81 18 123 84 89 57 66 96 59 71 90 60 92 114 121 77 52 102 63 92 0 58 94 78 13 24 12 16 78 43 63 69 86 51 95 66 32 101 100 106 91 93 24 115 92 74 6 47 94 8 56 94 46 78 
75 19 63 33 45 75 81 46 87 44 73 80 10 76 47 23 56 55 84 72 80 72 12 61 42 46 58 0 91 85 56 35 51 55 53 39 53 57 30 49 82 84 60 79 80 81 96 35 59 71 74 61 57 66 60 59 8 45 16 61 
67 106 42 98 47 31 13 78 63 60 24 45 87 27 45 76 51 39 9 68 69 19 100 63 49 71 94 91 0 19 81 81 100 78 43 59 39 34 114 47 16 35 62 32 27 37 13 107 70 72 25 30 99 47 51 87 83 78 78 31 
78 101 49 86 40 14 9 64 76 62 33 26 83 39 38 73 56 30 22 78 81 18 92 71 45 75 78 85 19 0 65 69 86 62 45 48 33 31 111 37 29 16 46 45 40 51 13 106 54 81 35 29 83 31 58 71 77 82 70 33 
107 74 81 33 47 52 68 11 114 75 78 45 63 85 48 66 81 48 80 105 112 65 53 94 53 85 13 56 81 65 0 21 22 4 68 33 52 57 86 40 83 54 20 90 88 95 78 91 12 107 81 62 18 35 85 6 52 88 42 67 
93 53 70 17 38 56 69 11 101 60 72 55 42 78 40 47 68 43 77 91 98 63 33 79 42 68 24 35 81 69 21 0 23 20 57 23 45 51 65 35 78 61 29 82 82 87 81 70 26 92 74 56 25 41 72 24 32 70 22 59 
116 66 93 19 60 72 87 22 124 82 93 67 60 99 62 67 90 64 97 113 120 83 43 101 64 90 12 51 100 86 22 23 0 25 80 45 67 72 77 56 99 75 41 104 103 109 98 86 34 114 96 78 8 56 95 19 50 91 42 81 
104 73 77 33 43 48 65 9 110 72 74 42 61 81 45 63 77 44 76 102 108 62 53 90 50 82 16 55 78 62 4 20 25 0 65 30 48 54 85 37 79 51 17 87 85 92 75 89 9 103 77 59 21 31 82 9 51 85 40 63 
41 65 13 70 22 43 37 60 45 18 21 57 46 24 20 34 14 24 34 39 45 27 63 29 15 30 78 53 43 45 68 57 80 65 0 36 19 16 72 29 30 53 55 26 28 30 52 64 61 41 22 15 81 48 18 74 45 37 44 12 
74 57 48 39 15 37 47 24 81 43 49 41 40 55 17 37 48 21 54 72 79 40 44 61 20 53 43 39 59 48 33 23 45 30 36 0 22 28 68 12 55 45 24 59 59 64 61 68 28 74 51 33 46 27 52 38 32 57 23 36 
59 69 30 61 8 26 28 46 63 34 27 39 50 33 6 41 33 5 33 58 63 19 61 48 12 46 63 53 39 33 52 45 67 48 19 22 0 6 78 12 33 36 37 38 37 43 43 74 44 60 29 11 67 29 36 58 45 52 40 14 
56 72 26 66 13 27 25 51 59 33 21 41 53 27 11 43 30 10 28 54 60 15 66 45 15 45 69 57 34 31 57 51 72 54 16 28 6 0 81 17 28 37 41 33 31 38 40 75 49 57 23 5 72 32 33 63 49 52 45 9 
80 12 79 58 71 103 106 75 93 58 93 110 28 95 73 38 70 81 106 77 84 96 33 68 66 52 86 30 114 111 86 65 77 85 72 68 78 81 0 77 102 112 90 95 98 96 121 16 89 74 93 84 84 96 73 88 36 47 46 83 
69 66 41 51 8 26 35 34 74 41 38 34 48 44 9 42 43 9 42 68 74 28 55 57 16 53 51 49 47 37 40 35 56 37 29 12 12 17 77 0 44 35 26 50 48 55 49 74 32 70 41 22 55 22 46 46 41 58 34 26 
51 95 26 94 41 38 21 78 47 46 9 53 76 11 39 64 36 35 8 51 53 18 92 47 40 56 95 82 16 29 83 78 99 79 30 55 33 28 102 44 0 44 64 16 11 22 29 93 72 55 10 23 99 52 35 88 74 63 71 21 
90 101 60 78 41 10 24 54 90 70 46 10 83 52 40 76 66 32 38 89 93 30 88 81 48 82 66 84 35 16 54 61 75 51 53 45 36 37 112 35 44 0 34 59 54 65 26 109 42 93 49 38 72 20 69 59 76 89 68 42 
95 78 67 46 34 32 49 21 100 66 61 26 63 68 35 62 68 32 61 93 99 47 61 83 41 77 32 60 62 46 20 29 41 17 55 24 37 41 90 26 64 34 0 74 71 79 58 91 8 95 64 46 38 15 72 25 54 81 43 50 
35 89 16 96 44 51 36 83 31 37 13 67 71 7 43 58 25 42 24 36 37 30 90 33 41 45 101 79 32 45 90 82 104 87 26 59 38 33 95 50 16 59 74 0 6 6 45 84 81 40 10 28 105 63 23 96 72 52 71 24 
41 92 19 96 44 47 31 82 36 40 10 63 74 4 42 61 29 40 18 41 42 26 91 38 41 49 100 80 27 40 88 82 103 85 28 59 37 31 98 48 11 54 71 6 0 11 39 88 79 45 8 26 104 59 27 94 73 56 72 22 
31 91 18 100 49 57 42 89 25 38 19 73 73 13 48 60 26 48 29 32 32 36 92 31 45 44 106 81 37 51 95 87 109 92 30 64 43 38 96 55 22 65 79 6 11 0 50 84 87 36 16 33 110 69 23 101 74 51 74 29 
80 112 53 98 51 27 15 77 75 69 35 37 93 39 49 83 61 41 21 80 82 25 103 75 54 81 91 96 13 13 78 81 98 75 52 61 43 40 121 49 29 26 58 45 39 50 0 115 66 84 37 37 96 43 62 83 88 88 82 39 
65 22 68 67 68 99 100 80 79 47 84 108 28 85 69 33 59 77 98 62 69 89 43 55 62 40 93 35 107 106 91 70 86 89 64 68 74 75 16 74 93 109 91 84 88 84 115 0 92 60 84 77 92 95 61 94 39 33 49 75 
101 78 73 41 40 40 57 16 106 71 68 33 64 75 41 64 74 39 69 99 105 55 59 88 47 81 24 59 70 54 12 26 34 9 61 28 44 49 89 32 72 42 8 81 79 87 66 92 0 101 71 53 30 23 78 17 54 85 43 58 
7 74 33 100 62 83 72 97 20 31 49 98 61 45 61 49 27 66 63 4 10 63 84 13 54 25 115 71 72 81 107 92 114 103 41 74 60 57 74 70 55 93 95 40 45 36 84 60 101 0 47 55 117 89 24 112 67 28 72 50 
43 87 17 89 36 40 26 74 41 36 3 56 68 4 34 55 26 33 16 43 45 19 85 38 34 47 92 74 25 35 81 74 96 77 22 51 29 23 93 41 10 49 64 10 8 16 37 84 71 47 0 18 96 52 26 86 67 54 65 15 
53 76 23 71 18 28 22 56 55 33 16 43 57 22 16 46 28 14 23 52 56 12 70 43 19 45 74 61 30 29 62 56 78 59 15 33 11 5 84 22 23 38 46 28 26 33 37 77 53 55 18 0 78 36 31 68 53 52 49 5 
118 72 94 26 60 69 85 21 126 85 93 62 65 100 62 72 93 64 96 116 123 82 50 104 66 94 6 57 99 83 18 25 8 21 81 46 67 72 84 55 99 72 38 105 104 110 96 92 30 117 96 78 0 52 97 13 55 95 46 81 
88 85 58 58 30 17 34 34 91 62 49 14 68 56 30 63 62 23 47 87 92 34 70 77 38 74 47 66 47 31 35 41 56 31 48 27 29 32 96 22 52 20 15 63 59 69 43 95 23 89 52 36 52 0 65 40 59 79 50 41 
23 68 9 83 39 59 49 76 29 16 27 74 52 25 38 38 4 42 42 21 27 40 72 13 32 22 94 60 51 58 85 72 95 82 18 52 36 33 73 46 35 69 72 23 27 23 62 61 78 24 26 31 97 65 0 90 54 29 56 26 
112 76 86 32 52 57 74 15 119 80 84 49 66 90 54 69 86 54 85 110 117 71 55 99 58 90 8 59 87 71 6 24 19 9 74 38 58 63 88 46 88 59 25 96 94 101 83 94 17 112 86 68 13 40 90 0 55 92 45 72 
71 25 56 33 37 67 73 42 82 39 66 73 10 69 39 18 50 47 76 68 76 64 18 56 35 42 56 8 83 77 52 32 50 51 45 32 45 49 36 41 74 76 54 72 73 74 88 39 54 67 67 53 55 59 54 55 0 42 11 54 
33 45 37 75 50 78 74 78 46 19 54 91 34 54 50 24 28 57 69 30 37 64 57 21 42 7 94 45 78 82 88 70 91 85 37 57 52 52 47 58 63 89 81 52 56 51 88 33 85 28 54 52 95 79 29 92 42 0 49 49 
75 35 56 27 32 60 67 31 85 42 63 64 21 68 34 25 52 41 72 72 80 59 21 60 31 48 46 16 78 70 42 22 42 40 44 23 40 45 46 34 71 68 43 71 72 74 82 49 43 72 65 49 46 50 56 45 11 49 0 51 
48 75 18 74 21 33 25 60 50 30 13 48 56 18 19 45 24 19 23 47 52 15 71 39 20 42 78 61 31 33 67 59 81 63 12 36 14 9 83 26 21 42 50 24 22 29 39 75 58 50 15 5 81 41 26 72 54 49 51 0 
0 16 0 101 0 645 8 78 37 26 166 233 0 0 0 59 464 21 21 0 29 0 14 2773 36 0 113 0 171 18 0 3000 1251 16 18 389 642 3000 0 214 191 1036 14 45 0 12 13 30 13 63 0 108 940 157 229 992 110 52 0 1753 
16 0 417 28 0 25 248 275 805 88 286 1236 1924 8 91 46 319 98 8 3000 54 0 318 284 26 12 47 3000 1573 15 0 178 358 183 9 14 0 2555 31 143 52 17 82 11 0 428 249 56 373 54 0 358 430 659 629 367 403 511 0 46 
0 417 0 73 131 225 342 0 12 0 975 0 186 726 2122 0 136 0 0 505 168 2554 0 12 0 2013 343 8 0 526 0 14 979 93 496 19 0 381 182 14 236 38 15 85 0 3000 369 0 0 135 15 421 284 15 26 0 348 0 0 0 
101 28 73 0 0 270 27 159 423 28 1223 39 0 0 13 64 118 1019 65 86 1792 0 0 1830 889 0 2252 769 276 73 0 177 23 9 1901 18 0 845 0 1192 90 119 692 597 0 274 28 0 0 744 0 2021 325 272 634 0 87 0 0 2328 
0 0 131 0 0 0 11 0 16 0 0 0 75 61 99 0 0 0 0 77 212 69 0 0 0 3000 57 0 0 26 0 10 855 0 17 45 0 151 15 16 380 91 33 0 1258 0 0 0 66 3000 253 29 19 8 2998 0 0 0 0 0 
645 25 225 270 0 0 1189 16 61 72 94 124 0 0 0 38 2183 0 1417 301 0 0 0 29 29 0 30 3000 59 12 0 60 347 1441 263 78 0 459 0 594 129 7 0 560 0 8 319 0 0 0 0 62 674 958 207 0 34 0 0 536 
8 248 342 27 11 1189 0 85 12 0 180 124 94 519 52 204 347 10 101 1304 230 255 1415 72 490 83 165 115 481 57 0 16 65 130 35 118 15 195 116 11 19 13 205 254 69 185 330 25 358 110 46 12 323 87 16 1169 72 113 50 0 
78 275 0 159 0 16 85 0 407 9 137 8 0 0 0 31 595 279 159 26 1167 0 9 63 824 0 82 20 235 428 0 378 287 1837 75 28 0 14 0 303 511 17 1673 282 0 619 384 1463 303 600 0 452 2529 955 94 3000 713 109 0 33 
37 805 12 423 16 61 12 407 0 0 50 825 46 3000 189 1383 30 51 3000 900 367 97 105 18 51 21 8 933 9 3000 0 99 20 1038 692 129 0 153 300 1267 1296 660 133 122 1547 3000 36 50 47 327 47 8 23 286 60 355 37 166 0 0 
26 88 0 28 0 72 0 9 0 0 0 366 0 0 0 276 0 19 1125 0 0 0 0 78 967 0 35 0 59 268 0 0 0 23 0 241 0 99 0 11 0 0 1660 38 0 22 392 1342 0 0 0 34 195 50 48 12 51 70 0 1905 
166 286 975 1223 0 94 180 137 50 0 0 30 366 25 85 0 621 0 109 31 10 0 0 41 126 24 45 8 81 709 0 7 879 856 189 288 0 12 160 56 8 140 3000 239 0 489 65 0 0 122 0 1079 13 38 63 0 432 0 0 0 
233 1236 0 39 0 124 124 8 825 366 30 0 0 0 0 30 262 7 3000 1141 0 0 0 200 3000 0 149 497 404 115 0 123 1391 17 954 11 0 13 0 288 275 31 7 209 0 40 26 132 0 48 0 89 27 523 30 1516 69 125 0 779 
0 1924 186 0 75 0 94 0 46 0 366 0 0 167 181 0 9 0 0 3000 521 100 0 0 0 86 585 134 0 12 0 37 186 0 129 59 0 19 24 100 808 17 238 0 120 41 1539 0 41 15 36 218 3000 50 522 0 0 0 0 0 
0 8 726 0 61 0 519 0 3000 0 25 0 167 0 73 0 22 0 0 83 237 2068 0 0 0 298 840 0 0 343 0 47 1327 0 1590 3000 0 27 33 87 409 73 12 0 20 297 0 0 129 1416 42 871 65 10 10 0 0 0 0 0 
0 91 2122 13 99 0 52 0 189 0 85 0 181 73 0 0 475 0 0 11 164 202 0 280 0 22 12 47 0 198 0 167 1610 43 223 21 0 13 20 21 356 92 8 264 82 56 38 0 166 3000 278 36 1233 8 25 0 32 0 0 0 
59 46 0 64 0 38 204 31 1383 276 0 30 0 0 0 0 0 1760 227 0 3000 0 3000 14 64 0 696 0 16 11 431 166 226 105 3000 160 11 8 0 36 11 45 48 24 7 17 37 60 28 253 0 190 335 2105 16 117 141 63 18 374 
464 319 136 118 0 2183 347 595 30 0 621 262 9 22 475 0 0 0 0 256 3000 0 0 1097 62 10 36 58 58 49 0 16 30 17 178 129 0 24 66 120 31 255 33 169 0 34 91 0 0 24 0 56 7 30 35 0 2491 0 0 0 
21 98 0 1019 0 0 10 279 51 19 0 7 0 0 0 1760 0 0 25 0 11 0 48 9 174 0 9 0 32 40 8 103 3000 0 0 60 3000 49 0 161 0 32 52 15 307 0 0 56 22 334 0 15 208 146 227 152 20 361 136 10 
21 8 0 65 0 1417 101 159 3000 1125 109 3000 0 0 0 227 0 25 0 0 0 0 736 24 290 0 250 0 12 2602 0 0 0 209 0 26 0 67 0 11 0 253 3000 18 0 229 397 373 0 45 0 86 3000 18 334 30 1569 156 0 172 
0 3000 505 86 77 301 1304 26 900 0 31 1141 3000 83 11 0 256 0 0 0 753 55 0 41 0 239 37 183 35 9 0 55 310 21 461 55 0 3000 100 438 182 131 1619 491 0 10 140 0 0 36 244 50 735 190 161 0 244 0 0 0 
29 54 168 1792 212 0 230 1167 367 0 10 0 521 237 164 3000 3000 11 0 753 0 296 297 254 0 3000 150 24 1855 1841 2331 24 192 155 272 14 19 269 11 129 73 139 51 137 3000 34 11 45 328 133 696 98 39 40 205 41 77 38 225 0 
0 0 2554 0 69 0 255 0 97 0 0 0 100 2068 202 0 0 0 0 55 296 0 0 0 0 111 9 0 0 10 0 206 387 0 0 0 0 756 83 112 44 40 0 0 7 0 0 0 29 101 30 647 0 0 0 0 0 0 0 0 
14 318 0 0 0 0 1415 9 105 0 0 0 0 0 0 3000 0 48 736 0 297 0 0 0 0 0 0 0 200 386 24 28 28 0 0 132 3000 129 0 227 0 0 28 244 67 0 0 8 421 10 0 589 314 3000 1069 271 133 1863 11 140 
2773 284 12 1830 0 29 72 63 18 78 41 200 0 0 280 14 1097 9 24 41 254 0 0 0 344 927 11 528 3000 2175 0 36 65 11 1108 170 0 155 0 23 19 106 645 31 0 60 88 78 141 188 0 31 10 11 271 35 86 337 0 28 
36 26 0 889 0 29 490 824 51 967 126 3000 0 0 0 64 62 174 290 0 0 0 0 344 0 0 14 22 3000 297 0 118 0 558 29 29 0 44 0 9 41 171 215 29 0 17 83 15 0 34 0 61 16 853 27 1299 158 73 0 1009 
0 12 2013 0 3000 0 83 0 21 0 24 0 86 298 22 0 10 0 0 239 3000 111 0 927 0 0 64 502 0 23 0 8 717 3000 53 657 0 33 18 466 220 33 235 1377 697 11 326 0 10 93 47 230 8 352 556 0 0 0 0 0 
113 47 343 2252 57 30 165 82 8 35 45 149 585 840 12 696 36 9 250 37 150 9 0 11 14 64 0 364 12 314 0 69 518 14 3000 152 0 252 8 21 55 246 1038 1452 1769 17 10 40 10 1429 2251 12 141 1211 1250 688 1687 25 0 66 
0 3000 8 769 0 3000 115 20 933 0 8 497 134 0 47 0 58 0 0 183 24 0 0 528 22 502 364 0 190 322 0 3000 807 2445 319 10 0 472 3000 0 7 420 0 264 0 56 96 0 0 0 0 36 13 32 1633 0 757 0 0 0 
171 1573 0 276 0 59 481 235 9 59 81 404 0 0 0 16 58 32 12 35 1855 0 200 3000 3000 0 12 190 0 180 0 3000 125 500 174 453 0 63 0 67 107 24 36 1515 0 97 12 9 7 127 0 1969 16 3000 828 27 22 318 0 13 
18 15 526 73 26 12 57 428 3000 268 709 115 12 343 198 11 49 40 2602 9 1841 10 386 2175 297 23 314 322 180 0 0 1454 228 383 60 120 511 41 56 46 82 148 74 1450 23 1184 45 60 208 1380 267 45 154 52 634 35 497 49 1265 65 
0 0 0 0 0 0 0 0 0 0 0 0 0 0 0 431 0 8 0 0 2331 0 24 0 0 0 0 0 0 0 0 11 0 0 0 0 937 178 0 253 0 0 23 0 14 0 0 2783 11 76 0 0 13 0 0 62 0 289 1626 0 
3000 178 14 177 10 60 16 378 99 0 7 123 37 47 167 166 16 103 0 55 24 206 28 36 118 8 69 3000 3000 1454 11 0 929 30 13 20 966 40 251 104 196 197 25 452 716 88 19 188 480 110 270 11 13 596 188 89 90 206 27 0 
1251 358 979 23 855 347 65 287 20 0 879 1391 186 1327 1610 226 30 3000 0 310 192 387 28 65 0 717 518 807 125 228 0 929 0 30 107 210 633 225 169 18 187 516 51 120 269 22 31 92 67 68 649 212 10 2945 18 10 130 128 0 0 
16 183 93 9 0 1441 130 1837 1038 23 856 17 0 0 43 105 17 0 209 21 155 0 0 11 558 3000 14 2445 500 383 0 30 30 0 227 18 0 223 3000 44 13 22 385 106 0 77 161 0 0 1937 0 43 2485 9 97 0 704 0 0 0 
18 9 496 1901 17 263 35 75 692 0 189 954 129 1590 223 3000 178 0 0 461 272 0 0 1108 29 53 3000 319 174 60 0 13 107 227 0 91 0 1360 81 42 489 802 37 3000 0 92 62 0 0 758 0 83 1142 70 10 0 225 0 0 0 
389 14 19 18 45 78 118 28 129 241 288 11 59 3000 21 160 129 60 26 55 14 0 132 170 29 657 152 10 453 120 0 20 210 18 91 0 0 253 40 153 1034 23 93 20 0 33 21 16 3000 2951 3000 116 3000 121 245 64 40 152 0 285 
642 0 0 0 0 0 15 0 0 0 0 0 0 0 0 11 0 3000 0 0 19 0 3000 0 0 0 0 0 0 511 937 966 633 0 0 0 0 144 0 25 0 0 183 0 3000 0 0 24 3000 89 0 190 16 361 0 91 32 128 87 0 
3000 2555 381 845 151 459 195 14 153 99 12 13 19 27 13 8 24 49 67 3000 269 756 129 155 44 33 252 472 63 41 178 40 225 223 1360 253 144 0 264 46 27 146 816 152 2644 31 187 10 81 551 17 502 148 95 28 524 35 83 28 0 
0 31 182 0 15 0 116 0 300 0 160 0 24 33 20 0 66 0 0 100 11 83 0 0 0 18 8 3000 0 56 0 251 169 3000 81 40 0 264 0 342 342 197 78 13 26 16 10 0 3000 213 236 2031 20 32 894 0 0 0 0 0 
214 143 14 1192 16 594 11 303 1267 11 56 288 100 87 21 36 120 161 11 438 129 112 227 23 9 466 21 0 67 46 253 104 18 44 42 153 25 46 342 0 27 33 30 26 34 1377 48 116 52 1277 299 1938 7 15 88 400 339 24 361 12 
191 52 236 90 380 129 19 511 1296 0 8 275 808 409 356 11 31 0 0 182 73 44 0 19 41 220 55 7 107 82 0 196 187 13 489 1034 0 27 342 27 0 205 414 224 0 13 24 0 0 43 292 89 11 200 178 0 65 0 0 0 
1036 17 38 119 91 7 13 17 660 0 140 31 17 73 92 45 255 32 253 131 139 40 0 106 171 33 246 420 24 148 0 197 516 22 802 23 0 146 197 33 205 0 213 121 67 443 8 0 101 771 24 63 1277 15 486 0 38 94 0 0 
14 82 15 692 33 0 205 1673 133 1660 3000 7 238 12 8 48 33 52 3000 1619 51 0 28 645 215 235 1038 0 36 74 23 25 51 385 37 93 183 816 78 30 414 213 0 264 29 76 265 304 158 123 407 11 14 8 133 1080 18 12 291 697 
45 11 85 597 0 560 254 282 122 38 239 209 0 0 264 24 169 15 18 491 137 0 244 31 29 1377 1452 264 1515 1450 0 452 120 106 3000 20 0 152 13 26 224 121 264 0 0 603 429 230 24 18 0 841 29 38 554 1853 195 9 0 37 
0 0 0 0 1258 0 69 0 1547 0 0 0 120 20 82 7 0 307 0 0 3000 7 67 0 0 697 1769 0 0 23 14 716 269 0 0 0 3000 2644 26 34 0 67 29 0 0 0 0 107 7 1978 27 319 42 102 0 42 0 45 113 0 
12 428 3000 274 0 8 185 619 3000 22 489 40 41 297 56 17 34 0 229 10 34 0 0 60 17 11 17 56 97 1184 0 88 22 77 92 33 0 31 16 1377 13 443 76 603 0 0 40 0 0 170 0 445 124 399 596 0 1502 0 0 0 
13 249 369 28 0 319 330 384 36 392 65 26 1539 0 38 37 91 0 397 140 11 0 0 88 83 326 10 96 12 45 0 19 31 161 62 21 0 187 10 48 24 8 265 429 0 40 0 0 0 466 0 375 61 15 21 0 259 0 0 0 
30 56 0 0 0 0 25 1463 50 1342 0 132 0 0 0 60 0 56 373 0 45 0 8 78 15 0 40 0 9 60 2783 188 92 0 0 16 24 10 0 116 0 0 304 230 107 0 0 0 18 48 0 82 3000 30 168 512 10 21 2564 10 
13 373 0 0 66 0 358 303 47 0 0 0 41 129 166 28 0 22 0 0 328 29 421 141 0 10 10 0 7 208 11 480 67 0 0 3000 3000 81 3000 52 0 101 158 24 7 0 0 18 0 7 226 52 12 266 84 236 11 222 650 0 
63 54 135 744 3000 0 110 600 327 0 122 48 15 1416 3000 253 24 334 45 36 133 101 10 188 34 93 1429 0 127 1380 76 110 68 1937 758 2951 89 551 213 1277 43 771 123 18 1978 170 466 48 7 0 62 112 12 935 299 88 192 318 433 0 
0 0 15 0 253 0 46 0 47 0 0 0 36 42 278 0 0 0 0 244 696 30 0 0 0 47 2251 0 0 267 0 270 649 0 0 3000 0 17 236 299 292 24 407 0 27 0 0 0 226 62 0 189 68 42 0 0 0 0 0 0 
108 358 421 2021 29 62 12 452 8 34 1079 89 218 871 36 190 56 15 86 50 98 647 589 31 61 230 12 36 1969 45 0 11 212 43 83 116 190 502 2031 1938 89 63 11 841 319 445 375 82 52 112 189 0 10 100 27 189 137 970 0 0 
940 430 284 325 19 674 323 2529 23 195 13 27 3000 65 1233 335 7 208 3000 735 39 0 314 10 16 8 141 13 16 154 13 13 10 2485 1142 3000 16 148 20 7 11 1277 14 29 42 124 61 3000 12 12 68 10 0 369 16 1693 196 411 787 15 
157 659 15 272 8 958 87 955 286 50 38 523 50 10 8 2105 30 146 18 190 40 0 3000 11 853 352 1211 32 3000 52 0 596 2945 9 70 121 361 95 32 15 200 15 8 38 102 399 15 30 266 935 42 100 369 0 313 25 11 63 0 10 
229 629 26 634 2998 207 16 94 60 48 63 30 522 10 25 16 35 227 334 161 205 0 1069 271 27 556 1250 1633 828 634 0 188 18 97 10 245 0 28 894 88 178 486 133 554 0 596 21 168 84 299 0 27 16 313 0 46 543 40 0 23 
992 367 0 0 0 0 1169 3000 355 12 0 1516 0 0 0 117 0 152 30 0 41 0 271 35 1299 0 688 0 27 35 62 89 10 0 0 64 91 524 0 400 0 0 1080 1853 42 0 0 512 236 88 0 189 1693 25 46 0 1124 130 50 47 
110 403 348 87 0 34 72 713 37 51 432 69 0 0 32 141 2491 20 1569 244 77 0 133 86 158 0 1687 757 22 497 0 90 130 704 225 40 32 35 0 339 65 38 18 195 0 1502 259 10 11 192 0 137 196 11 543 1124 0 14 0 46 
52 511 0 0 0 0 113 109 166 70 0 125 0 0 0 63 0 361 156 0 38 0 1863 337 73 0 25 0 318 49 289 206 128 0 0 152 128 83 0 24 0 94 12 9 45 0 0 21 222 318 0 970 411 63 40 130 14 0 59 892 
0 0 0 0 0 0 50 0 0 0 0 0 0 0 0 18 0 136 0 0 225 0 11 0 0 0 0 0 0 1265 1626 27 0 0 0 0 87 28 0 361 0 0 291 0 113 0 0 2564 650 433 0 0 787 0 0 50 0 59 0 0 
1753 46 0 2328 0 536 0 33 0 1905 0 779 0 0 0 374 0 10 172 0 0 0 140 28 1009 0 66 0 13 65 0 0 0 0 0 285 0 0 0 12 0 0 697 37 0 0 0 10 0 0 0 0 15 10 23 47 46 892 0 0 
