80
0 72 71 85 95 90 81 67 61 53 73 58 68 31 72 36 77 75 27 95 19 93 42 25 42 52 17 29 32 28 7 94 52 34 31 85 84 8 53 67 44 38 77 20 80 16 51 20 81 33 41 72 49 48 80 94 44 49 40 41 74 101 82 78 93 18 53 92 46 66 59 11 34 59 59 91 90 54 51 36 
72 0 53 56 23 35 41 42 38 59 24 18 51 60 63 80 12 4 45 26 54 59 49 71 52 36 69 72 49 46 74 64 45 38 54 62 13 76 40 9 54 34 29 58 42 73 84 54 12 48 55 46 55 24 12 26 91 35 80 55 4 66 61 6 22 56 50 62 43 27 43 61 75 17 23 64 35 26 24 50 
71 53 0 14 68 37 20 88 16 94 31 39 3 41 10 53 45 56 49 55 54 22 29 87 82 74 80 90 39 48 77 23 19 56 39 14 59 69 21 45 85 53 81 51 19 61 46 67 64 39 30 8 23 52 65 53 59 70 50 84 51 30 12 56 69 67 18 22 76 74 84 63 49 59 66 20 88 66 60 77 
85 56 14 0 66 30 15 94 26 103 31 45 17 56 19 67 46 58 62 51 67 8 42 99 92 82 93 102 53 60 90 10 32 67 53 7 59 84 32 48 95 63 84 65 14 75 59 79 65 52 45 13 37 60 66 49 73 79 64 94 53 16 9 58 68 79 32 8 85 80 92 76 63 65 72 9 90 73 67 87 
95 23 68 66 0 37 50 54 56 75 37 40 67 83 78 102 24 19 69 17 78 67 70 93 71 54 91 93 72 69 97 72 65 61 77 72 11 99 60 30 73 57 35 81 52 97 104 77 15 71 77 60 75 47 17 18 113 54 102 74 22 71 73 17 5 79 69 70 62 40 57 85 98 38 41 73 32 46 46 71 
90 35 37 30 37 0 17 77 33 92 17 34 37 67 46 84 23 35 63 21 71 30 52 98 83 69 93 99 59 63 94 35 43 62 63 37 33 92 40 31 85 58 63 72 18 86 81 78 41 59 58 29 52 50 42 19 93 67 82 86 31 34 39 34 40 79 46 33 75 62 77 80 80 49 57 37 65 59 55 80 
81 41 20 15 50 17 0 81 20 92 16 32 21 55 29 69 30 43 55 36 62 19 40 92 82 70 86 94 49 54 85 23 30 57 51 22 43 81 28 34 84 54 70 61 2 74 65 71 50 48 44 13 38 48 51 34 78 67 68 84 38 26 23 42 53 72 32 21 74 66 79 71 65 52 59 24 75 60 55 77 
67 42 88 94 54 77 81 0 72 23 65 50 85 74 96 92 54 43 53 65 58 100 70 52 27 16 54 50 64 55 65 104 73 41 69 99 49 74 69 47 26 40 20 65 82 78 102 47 40 63 76 83 79 37 38 66 103 21 94 30 46 107 98 44 50 49 77 102 21 16 8 60 89 30 22 103 29 22 28 31 
61 38 16 26 56 33 20 72 0 78 20 23 14 35 25 51 33 42 36 46 43 33 20 74 67 58 67 76 29 35 66 36 11 41 31 29 46 61 8 30 69 38 65 41 20 54 50 53 50 28 25 12 20 36 50 44 60 54 50 68 37 41 27 43 57 54 14 34 60 58 68 51 47 43 50 34 73 49 43 62 
53 59 94 103 75 92 92 23 78 0 77 60 91 70 101 85 70 60 49 84 51 110 71 32 13 23 38 30 62 51 50 113 77 39 66 107 68 61 74 61 11 41 43 58 93 67 97 37 60 61 75 90 80 43 58 84 95 25 88 13 63 118 105 62 71 38 80 111 18 35 18 49 82 43 36 112 53 33 37 19 
73 24 31 31 37 17 16 65 20 77 0 18 30 52 40 70 15 27 46 27 55 35 38 81 68 55 76 83 43 46 77 40 30 46 47 37 29 75 26 18 70 41 53 55 18 70 69 61 34 43 44 23 40 34 35 25 80 52 69 70 22 42 37 26 39 62 34 38 59 50 63 63 66 36 43 40 59 45 40 64 
58 18 39 45 40 34 32 50 23 60 18 0 37 43 48 62 18 22 31 36 40 51 31 63 50 37 59 65 32 31 62 55 28 28 37 50 29 61 23 9 52 24 42 42 33 58 66 44 29 31 38 33 37 16 29 35 73 34 63 52 18 58 49 23 39 45 32 52 42 35 47 48 58 20 28 54 50 28 23 46 
68 51 3 17 67 37 21 85 14 91 30 37 0 38 11 50 44 55 46 55 51 25 25 84 79 71 77 86 36 45 73 26 16 53 36 17 58 66 17 43 82 50 79 48 20 58 44 63 62 36 27 8 20 49 63 53 57 68 48 81 50 33 15 55 68 64 15 25 73 72 81 59 46 56 64 23 86 63 57 74 
31 60 41 56 83 67 55 74 35 70 52 43 38 0 42 20 60 64 22 77 19 64 15 52 57 58 43 55 11 20 37 65 25 34 6 55 72 28 27 52 59 35 77 13 54 19 28 34 72 13 11 44 19 42 71 76 31 54 21 57 61 72 52 66 82 34 24 63 56 67 68 25 15 54 58 61 88 54 49 51 
72 63 10 19 78 46 29 96 25 101 40 48 11 42 0 50 55 66 54 65 57 26 32 91 88 82 83 94 43 52 79 25 24 62 41 15 69 70 27 54 91 59 90 53 28 61 40 71 74 43 31 18 24 60 74 63 55 78 47 90 61 33 12 66 79 71 21 24 83 83 92 65 46 67 74 21 97 74 68 83 
36 80 53 67 102 84 69 92 51 85 70 62 50 20 50 0 79 84 40 96 34 75 33 60 72 76 52 64 31 38 42 74 41 52 25 64 91 29 44 72 74 53 96 28 68 19 16 48 91 32 26 57 31 61 91 94 12 71 4 71 80 82 61 85 101 46 38 73 72 85 85 36 4 73 77 70 107 73 68 65 
77 12 45 46 24 23 30 54 33 70 15 18 44 60 55 79 0 13 49 18 58 49 47 79 62 47 76 81 50 49 79 54 41 45 55 52 14 80 37 10 64 40 40 61 32 76 81 61 19 49 54 38 51 31 21 17 90 45 79 65 8 55 52 12 24 62 46 51 53 39 54 66 75 27 34 54 44 37 34 60 
75 4 56 58 19 35 43 43 42 60 27 22 55 64 66 84 13 0 49 24 58 61 53 74 55 38 72 75 53 50 77 66 49 42 58 64 9 80 44 13 56 38 28 62 44 78 88 58 8 52 59 49 58 27 8 24 95 37 84 57 5 67 64 2 18 59 54 64 45 27 44 65 79 19 25 66 32 29 27 53 
27 45 49 62 69 63 55 53 36 49 46 31 46 22 54 40 49 49 0 67 9 69 22 38 36 37 31 40 13 2 31 72 30 12 17 63 58 31 29 39 39 14 57 13 55 29 50 17 55 12 26 48 31 23 54 66 51 32 42 37 47 78 61 51 67 18 32 70 34 46 46 17 36 35 37 69 69 33 29 30 
95 26 55 51 17 21 36 65 46 84 27 36 55 77 65 96 18 24 67 0 76 51 63 97 78 61 94 98 68 67 97 56 56 63 72 58 16 98 52 28 80 58 48 78 38 94 96 79 25 66 70 47 66 48 27 2 106 61 95 81 22 55 59 22 20 80 60 54 68 50 67 84 91 43 48 58 47 52 50 76 
19 54 54 67 78 71 62 58 43 51 55 40 51 19 57 34 58 58 9 76 0 75 26 33 38 42 26 36 15 9 23 77 35 19 17 68 67 22 35 48 40 22 64 7 62 21 46 15 64 15 27 54 34 32 63 75 45 38 37 38 56 84 66 60 76 14 37 75 38 53 51 9 31 43 45 74 76 41 36 32 
93 59 22 8 67 30 19 100 33 110 35 51 25 64 26 75 49 61 69 51 75 0 50 107 99 88 101 109 61 68 98 5 40 74 61 12 61 92 40 53 101 70 88 73 18 83 66 86 68 60 53 21 45 66 69 49 81 85 72 101 56 8 15 61 69 87 40 3 92 85 97 84 71 70 78 8 93 79 73 94 
42 49 29 42 70 52 40 70 20 71 38 31 25 15 32 33 47 53 22 63 26 50 0 59 58 55 52 62 11 21 48 52 10 32 11 43 59 42 12 40 61 31 69 23 39 34 35 39 60 11 7 30 9 35 60 62 43 50 32 59 49 58 40 54 70 39 11 50 54 60 65 34 28 45 51 49 79 49 43 52 
25 71 87 99 93 98 92 52 74 32 81 63 84 52 91 60 79 74 38 97 33 107 59 0 25 41 8 3 48 39 20 109 68 35 50 101 83 32 67 69 25 40 67 38 92 41 75 21 77 48 60 86 67 48 76 96 69 39 64 22 74 115 98 76 89 20 70 107 33 56 44 27 59 55 52 107 79 47 47 22 
42 52 82 92 71 83 82 27 67 13 68 50 79 57 88 72 62 55 36 78 38 99 58 25 0 18 28 24 49 38 39 102 64 27 53 96 63 49 62 53 2 29 43 45 82 55 84 24 56 48 62 79 67 33 54 78 83 18 75 3 56 107 94 57 68 26 67 100 10 32 19 37 69 35 30 101 54 26 29 6 
52 36 74 82 54 69 70 16 58 23 55 37 71 58 82 76 47 38 37 61 42 88 55 41 18 0 42 41 48 38 51 92 58 24 53 86 46 59 55 38 19 24 26 48 71 62 86 32 38 47 60 70 64 22 37 61 87 4 78 21 40 96 85 40 50 34 62 90 8 15 10 44 72 20 13 91 38 10 15 19 
17 69 80 93 91 93 86 54 67 38 76 59 77 43 83 52 76 72 31 94 26 101 52 8 28 42 0 12 41 32 12 103 61 31 42 94 81 24 60 66 29 36 68 30 86 33 67 15 76 41 53 79 60 45 74 93 61 39 56 26 72 109 91 74 88 14 62 101 34 57 46 19 51 53 51 100 80 46 45 24 
29 72 90 102 93 99 94 50 76 30 83 65 86 55 94 64 81 75 40 98 36 109 62 3 24 41 12 0 51 42 23 112 71 37 53 104 84 36 70 70 24 41 67 41 94 45 79 23 78 51 63 88 70 50 76 97 73 39 68 21 75 118 101 77 90 23 72 110 33 56 43 30 62 56 52 109 78 47 48 22 
32 49 39 53 72 59 49 64 29 62 43 32 36 11 43 31 50 53 13 68 15 61 11 48 49 48 41 51 0 11 37 62 20 24 6 53 61 32 21 42 51 24 66 13 48 26 38 29 60 1 13 40 19 31 60 66 42 43 32 50 50 69 51 55 71 28 21 61 46 55 58 23 27 42 47 59 77 43 38 43 
28 46 48 60 69 63 54 55 35 51 46 31 45 20 52 38 49 50 2 67 9 68 21 39 38 38 32 42 11 0 32 70 29 14 15 62 59 30 28 40 41 15 59 12 54 28 48 19 56 10 24 47 30 24 55 66 49 34 40 39 48 76 59 52 68 19 31 69 36 48 48 17 34 36 39 68 70 35 30 32 
7 74 77 90 97 94 85 65 66 50 77 62 73 37 79 42 79 77 31 97 23 98 48 20 39 51 12 23 37 32 0 100 58 35 37 91 86 13 58 69 40 40 77 25 85 23 58 20 82 38 47 77 55 50 81 97 50 48 46 37 76 106 88 80 94 18 58 98 45 65 57 14 41 60 59 96 89 54 52 34 
94 64 23 10 72 35 23 104 36 113 40 55 26 65 25 74 54 66 72 56 77 5 52 109 102 92 103 112 62 70 100 0 42 77 63 10 66 93 42 57 105 73 93 75 22 84 65 89 73 62 53 24 46 70 74 54 80 89 71 104 61 8 13 66 75 89 41 2 95 89 101 86 71 74 82 4 98 83 77 98 
52 45 19 32 65 43 30 73 11 77 30 28 16 25 24 41 41 49 30 56 35 40 10 68 64 58 61 71 20 29 58 42 0 38 21 33 55 52 5 36 67 35 69 33 29 44 40 48 57 20 15 20 10 37 57 54 50 54 39 66 45 48 31 50 65 48 5 40 59 61 68 44 36 46 52 39 78 51 45 59 
34 38 56 67 61 62 57 41 41 39 46 28 53 34 62 52 45 42 12 63 19 74 32 35 27 24 31 37 24 14 35 77 38 0 29 69 51 39 35 34 29 4 46 25 58 39 62 16 47 23 37 53 41 15 46 62 63 20 54 28 41 82 67 44 59 18 41 75 23 34 34 24 48 25 26 75 57 22 18 21 
31 54 39 53 77 63 51 69 31 66 47 37 36 6 41 25 55 58 17 72 17 61 11 50 53 53 42 53 6 15 37 63 21 29 0 53 66 30 23 47 55 29 71 12 50 23 33 31 66 7 10 41 18 36 65 71 37 49 27 53 55 69 50 60 76 31 21 61 51 61 63 24 21 48 52 59 82 49 43 47 
85 62 14 7 72 37 22 99 29 107 37 50 17 55 15 64 52 64 63 58 68 12 43 101 96 86 94 104 53 62 91 10 33 69 53 0 65 83 34 54 98 66 90 65 20 74 55 81 71 53 44 17 36 64 72 56 70 83 61 97 59 18 3 64 75 81 32 9 89 85 96 77 61 70 77 6 96 78 72 90 
84 13 59 59 11 33 43 49 46 68 29 29 58 72 69 91 14 9 58 16 67 61 59 83 63 46 81 84 61 59 86 66 55 51 66 65 0 89 50 20 65 47 32 70 45 86 94 67 9 60 66 51 64 36 11 17 102 46 92 66 11 66 66 7 10 69 59 64 53 34 51 74 87 28 33 67 33 37 36 62 
8 76 69 84 99 92 81 74 61 61 75 61 66 28 70 29 80 80 31 98 22 92 42 32 49 59 24 36 32 30 13 93 52 39 30 83 89 0 53 70 51 42 84 20 81 11 45 27 85 33 39 71 47 53 84 97 37 55 33 48 78 100 80 82 97 25 51 91 53 72 66 15 29 64 65 89 96 60 57 44 
53 40 21 32 60 40 28 69 8 74 26 23 17 27 27 44 37 44 29 52 35 40 12 67 62 55 60 70 21 28 58 42 5 35 23 34 50 53 0 32 64 33 65 34 27 46 44 46 52 21 18 19 15 33 52 50 54 51 43 63 40 48 32 45 60 47 9 41 56 57 65 44 40 41 48 40 74 47 41 56 
67 9 45 48 30 31 34 47 30 61 18 9 43 52 54 72 10 13 39 28 48 53 40 69 53 38 66 70 42 40 69 57 36 34 47 54 20 70 32 0 55 30 36 51 35 67 75 51 21 40 47 38 46 21 21 27 83 36 72 55 9 59 53 14 30 52 41 55 44 32 46 56 67 19 26 57 43 28 24 50 
44 54 85 95 73 85 84 26 69 11 70 52 82 59 91 74 64 56 39 80 40 101 61 25 2 19 29 24 51 41 40 105 67 29 55 98 65 51 64 55 0 32 43 47 85 57 87 26 57 51 65 81 70 36 55 80 85 19 77 3 58 109 96 58 69 28 70 103 11 33 19 39 71 37 32 103 55 27 31 9 
38 34 53 63 57 58 54 40 38 41 41 24 50 35 59 53 40 38 14 58 22 70 31 40 29 24 36 41 24 15 40 73 35 4 29 66 47 42 33 30 32 0 43 27 54 42 62 21 43 23 36 50 40 10 42 57 65 20 55 31 37 78 64 40 55 22 39 71 24 32 34 28 49 21 24 71 55 20 15 24 
77 29 81 84 35 63 70 20 65 43 53 42 79 77 90 96 40 28 57 48 64 88 69 67 43 26 68 67 66 59 77 93 69 46 71 90 32 84 65 36 43 43 0 70 71 85 104 58 23 65 76 74 77 35 21 49 108 29 98 46 32 95 90 29 30 59 74 91 34 12 25 69 92 24 20 93 12 24 28 45 
20 58 51 65 81 72 61 65 41 58 55 42 48 13 53 28 61 62 13 78 7 73 23 38 45 48 30 41 13 12 25 75 33 25 12 65 70 20 34 51 47 27 70 0 61 16 40 21 68 13 22 52 30 36 67 77 39 44 30 45 59 81 62 64 80 20 33 73 45 59 57 12 24 48 50 71 82 46 42 38 
80 42 19 14 52 18 2 82 20 93 18 33 20 54 28 68 32 44 55 38 62 18 39 92 82 71 86 94 48 54 85 22 29 58 50 20 45 81 27 35 85 54 71 61 0 73 64 72 51 48 44 11 37 49 52 36 77 68 67 84 39 25 21 44 54 72 31 20 75 67 80 71 64 53 60 22 76 61 56 78 
16 73 61 75 97 86 74 78 54 67 70 58 58 19 61 19 76 78 29 94 21 83 34 41 55 62 33 45 26 28 23 84 44 39 23 74 86 11 46 67 57 42 85 16 73 0 35 31 84 27 30 63 38 52 83 92 28 58 23 54 75 91 71 79 95 29 43 82 57 73 70 18 18 63 65 80 97 61 57 49 
51 84 46 59 104 81 65 102 50 97 69 66 44 28 40 16 81 88 50 96 46 66 35 75 84 86 67 79 38 48 58 65 40 62 33 55 94 45 44 75 87 62 104 40 64 35 0 61 95 39 28 52 30 69 95 94 15 82 12 84 84 73 52 89 105 60 36 64 84 94 96 50 17 80 85 61 114 82 76 78 
20 54 67 79 77 78 71 47 53 37 61 44 63 34 71 48 61 58 17 79 15 86 39 21 24 32 15 23 29 19 20 89 48 16 31 81 67 27 46 51 26 21 58 21 72 31 61 0 62 28 41 65 48 31 61 78 58 29 51 24 57 95 78 60 75 2 50 87 27 46 40 13 45 40 39 86 70 34 32 18 
81 12 64 65 15 41 50 40 50 60 34 29 62 72 74 91 19 8 55 25 64 68 60 77 56 38 76 78 60 56 82 73 57 47 66 71 9 85 52 21 57 43 23 68 51 84 95 62 0 59 67 56 66 33 2 26 102 39 92 59 13 74 71 8 12 64 61 71 46 26 43 71 87 23 26 73 25 30 30 55 
33 48 39 52 71 59 48 63 28 61 43 31 36 13 43 32 49 52 12 66 15 60 11 48 48 47 41 51 1 10 38 62 20 23 7 53 60 33 21 40 51 23 65 13 48 27 39 28 59 0 14 39 20 30 59 65 43 43 33 49 49 68 50 54 70 28 21 60 46 54 57 24 28 41 45 59 76 42 37 42 
41 55 30 45 77 58 44 76 25 75 44 38 27 11 31 26 54 59 26 70 27 53 7 60 62 60 53 63 13 24 47 53 15 37 10 44 66 39 18 47 65 36 76 22 44 30 28 41 67 14 0 33 8 41 67 68 36 56 26 63 56 61 41 61 77 41 13 52 59 66 70 34 22 52 57 50 86 55 49 56 
72 46 8 13 60 29 13 83 12 90 23 33 8 44 18 57 38 49 48 47 54 21 30 86 79 70 79 88 40 47 77 24 20 53 41 17 51 71 19 38 81 50 74 52 11 63 52 65 56 39 33 0 26 47 57 45 65 66 55 81 44 29 16 49 62 66 20 22 72 68 79 63 54 53 61 21 81 61 55 74 
49 55 23 37 75 52 38 79 20 80 40 37 20 19 24 31 51 58 31 66 34 45 9 67 67 64 60 70 19 30 55 46 10 41 18 36 64 47 15 46 70 40 77 30 37 38 30 48 66 20 8 26 0 43 66 64 40 59 30 68 54 53 33 60 75 48 6 44 64 68 74 42 27 53 59 42 87 57 51 61 
48 24 52 60 47 50 48 37 36 43 34 16 49 42 60 61 31 27 23 48 32 66 35 48 33 22 45 50 31 24 50 70 37 15 36 64 36 53 33 21 36 10 35 36 49 52 69 31 33 30 41 47 43 0 32 48 73 19 63 36 26 74 63 30 45 32 41 68 25 25 32 38 57 12 16 69 46 14 8 30 
80 12 65 66 17 42 51 38 50 58 35 29 63 71 74 91 21 8 54 27 63 69 60 76 54 37 74 76 60 55 81 74 57 46 65 72 11 84 52 21 55 42 21 67 52 83 95 61 2 59 67 57 66 32 0 28 102 37 91 57 13 75 72 8 14 63 62 72 44 24 41 69 86 21 24 75 24 29 29 54 
94 26 53 49 18 19 34 66 44 84 25 35 53 76 63 94 17 24 66 2 75 49 62 96 78 61 93 97 66 66 97 54 54 62 71 56 17 97 50 27 80 57 49 77 36 92 94 78 26 65 68 45 64 48 28 0 104 60 94 81 22 53 57 22 22 79 58 52 68 51 68 83 90 42 48 56 49 52 50 76 
44 91 59 73 113 93 78 103 60 95 80 73 57 31 55 12 90 95 51 106 45 81 43 69 83 87 61 73 42 49 50 80 50 63 37 70 102 37 54 83 85 65 108 39 77 28 15 58 102 43 36 65 40 73 102 104 0 83 11 82 91 87 66 96 112 57 47 79 84 97 96 46 16 85 88 75 119 85 79 76 
49 35 70 79 54 67 67 21 54 25 52 34 68 54 78 71 45 37 32 61 38 85 50 39 18 4 39 39 43 34 48 89 54 20 49 83 46 55 51 36 19 20 29 44 68 58 82 29 39 43 56 66 59 19 37 60 83 0 74 21 38 93 81 39 51 31 58 87 8 17 14 40 68 18 13 87 41 8 12 17 
40 80 50 64 102 82 68 94 50 88 69 63 48 21 47 4 79 84 42 95 37 72 32 64 75 78 56 68 32 40 46 71 39 54 27 61 92 33 43 72 77 55 98 30 67 23 12 51 92 33 26 55 30 63 91 94 11 74 0 74 81 79 58 86 102 50 36 70 75 87 87 39 6 74 78 67 109 75 70 69 
41 55 84 94 74 86 84 30 68 13 70 52 81 57 90 71 65 57 37 81 38 101 59 22 3 21 26 21 50 39 37 104 66 28 53 97 66 48 63 55 3 31 46 45 84 54 84 24 59 49 63 81 68 36 57 81 82 21 74 0 59 109 95 60 71 25 69 102 13 35 22 36 69 38 33 102 57 29 31 7 
74 4 51 53 22 31 38 46 37 63 22 18 50 61 61 80 8 5 47 22 56 56 49 74 56 40 72 75 50 48 76 61 45 41 55 59 11 78 40 9 58 37 32 59 39 75 84 57 13 49 56 44 54 26 13 22 91 38 81 59 0 63 59 5 21 59 49 59 46 31 46 63 76 20 27 61 37 30 28 54 
101 66 30 16 71 34 26 107 41 118 42 58 33 72 33 82 55 67 78 55 84 8 58 115 107 96 109 118 69 76 106 8 48 82 69 18 66 100 48 59 109 78 95 81 25 91 73 95 74 68 61 29 53 74 75 53 87 93 79 109 63 0 21 66 74 95 48 9 100 92 105 92 79 77 85 12 98 86 81 102 
82 61 12 9 73 39 23 98 27 105 37 49 15 52 12 61 52 64 61 59 66 15 40 98 94 85 91 101 51 59 88 13 31 67 50 3 66 80 32 53 96 64 90 62 21 71 52 78 71 50 41 16 33 63 72 57 66 81 58 95 59 21 0 64 75 78 29 13 87 84 95 74 58 69 76 9 96 76 70 88 
78 6 56 58 17 34 42 44 43 62 26 23 55 66 66 85 12 2 51 22 60 61 54 76 57 40 74 77 55 52 80 66 50 44 60 64 7 82 45 14 58 40 29 64 44 79 89 60 8 54 61 49 60 30 8 22 96 39 86 60 5 66 64 0 16 62 55 63 47 29 46 67 81 22 27 66 32 31 29 55 
93 22 69 68 5 40 53 50 57 71 39 39 68 82 79 101 24 18 67 20 76 69 70 89 68 50 88 90 71 68 94 75 65 59 76 75 10 97 60 30 69 55 30 80 54 95 105 75 12 70 77 62 75 45 14 22 112 51 102 71 21 74 75 16 0 76 70 73 58 36 53 83 97 35 38 76 27 43 43 68 
18 56 67 79 79 79 72 49 54 38 62 45 64 34 71 46 62 59 18 80 14 87 39 20 26 34 14 23 28 19 18 89 48 18 31 81 69 25 47 52 28 22 59 20 72 29 60 2 64 28 41 66 48 32 63 79 57 31 50 25 59 95 78 62 76 0 50 87 28 48 41 11 44 41 41 86 71 36 34 19 
53 50 18 32 69 46 32 77 14 80 34 32 15 24 21 38 46 54 32 60 37 40 11 70 67 62 62 72 21 31 58 41 5 41 21 32 59 51 9 41 70 39 74 33 31 43 36 50 61 21 13 20 6 41 62 58 47 58 36 69 49 48 29 55 70 50 0 40 63 65 72 45 34 50 57 38 83 55 49 62 
92 62 22 8 70 33 21 102 34 111 38 52 25 63 24 73 51 64 70 54 75 3 50 107 100 90 101 110 61 69 98 2 40 75 61 9 64 91 41 55 103 71 91 73 20 82 64 87 71 60 52 22 44 68 72 52 79 87 70 102 59 9 13 63 73 87 40 0 93 87 99 84 70 72 80 5 96 81 75 95 
46 43 76 85 62 75 74 21 60 18 59 42 73 56 83 72 53 45 34 68 38 92 54 33 10 8 34 33 46 36 45 95 59 23 51 89 53 53 56 44 11 24 34 45 75 57 84 27 46 46 59 72 64 25 44 68 84 8 75 13 46 100 87 47 58 28 63 93 0 23 13 39 69 26 21 94 46 16 20 11 
66 27 74 80 40 62 66 16 58 35 50 35 72 67 83 85 39 27 46 50 53 85 60 56 32 15 57 56 55 48 65 89 61 34 61 85 34 72 57 32 33 32 12 59 67 73 94 46 26 54 66 68 68 25 24 51 97 17 87 35 31 92 84 29 36 48 65 87 23 0 17 57 82 15 9 89 24 13 18 34 
59 43 84 92 57 77 79 8 68 18 63 47 81 68 92 85 54 44 46 67 51 97 65 44 19 10 46 43 58 48 57 101 68 34 63 96 51 66 65 46 19 34 25 57 80 70 96 40 43 57 70 79 74 32 41 68 96 14 87 22 46 105 95 46 53 41 72 99 13 17 0 52 81 28 20 100 36 19 24 23 
11 61 63 76 85 80 71 60 51 49 63 48 59 25 65 36 66 65 17 84 9 84 34 27 37 44 19 30 23 17 14 86 44 24 24 77 74 15 44 56 39 28 69 12 71 18 50 13 71 24 34 63 42 38 69 83 46 40 39 36 63 92 74 67 83 11 45 84 39 57 52 0 33 49 49 83 81 45 41 31 
34 75 49 63 98 80 65 89 47 82 66 58 46 15 46 4 75 79 36 91 31 71 28 59 69 72 51 62 27 34 41 71 36 48 21 61 87 29 40 67 71 49 92 24 64 18 17 45 87 28 22 54 27 57 86 90 16 68 6 69 76 79 58 81 97 44 34 70 69 82 81 33 0 69 73 67 103 69 64 63 
59 17 59 65 38 49 52 30 43 43 36 20 56 54 67 73 27 19 35 43 43 70 45 55 35 20 53 56 42 36 60 74 46 25 48 70 28 64 41 19 37 21 24 48 53 63 80 40 23 41 52 53 53 12 21 42 85 18 74 38 20 77 69 22 35 41 50 72 26 15 28 49 69 0 8 74 34 10 8 34 
59 23 66 72 41 57 59 22 50 36 43 28 64 58 74 77 34 25 37 48 45 78 51 52 30 13 51 52 47 39 59 82 52 26 52 77 33 65 48 26 32 24 20 50 60 65 85 39 26 45 57 61 59 16 24 48 88 13 78 33 27 85 76 27 38 41 57 80 21 9 20 49 73 8 0 81 31 5 9 30 
91 64 20 9 73 37 24 103 34 112 40 54 23 61 21 70 54 66 69 58 74 8 49 107 101 91 100 109 59 68 96 4 39 75 59 6 67 89 40 57 103 71 93 71 22 80 61 86 73 59 50 21 42 69 75 56 75 87 67 102 61 12 9 66 76 86 38 5 94 89 100 83 67 74 81 0 98 82 76 95 
90 35 88 90 32 65 75 29 73 53 59 50 86 88 97 107 44 32 69 47 76 93 79 79 54 38 80 78 77 70 89 98 78 57 82 96 33 96 74 43 55 55 12 82 76 97 114 70 25 76 86 81 87 46 24 49 119 41 109 57 37 98 96 32 27 71 83 96 46 24 36 81 103 34 31 98 0 36 40 57 
54 26 66 73 46 59 60 22 49 33 45 28 63 54 74 73 37 29 33 52 41 79 49 47 26 10 46 47 43 35 54 83 51 22 49 78 37 60 47 28 27 20 24 46 61 61 82 34 30 42 55 61 57 14 29 52 85 8 75 29 30 86 76 31 43 36 55 81 16 13 19 45 69 10 5 82 36 0 6 25 
51 24 60 67 46 55 55 28 43 37 40 23 57 49 68 68 34 27 29 50 36 73 43 47 29 15 45 48 38 30 52 77 45 18 43 72 36 57 41 24 31 15 28 42 56 57 76 32 30 37 49 55 51 8 29 50 79 12 70 31 28 81 70 29 43 34 49 75 20 18 24 41 64 8 9 76 40 6 0 26 
36 50 77 87 71 80 77 31 62 19 64 46 74 51 83 65 60 53 30 76 32 94 52 22 6 19 24 22 43 32 34 98 59 21 47 90 62 44 56 50 9 24 45 38 78 49 78 18 55 42 56 74 61 30 54 76 76 17 69 7 54 102 88 55 68 19 62 95 11 34 23 31 63 34 30 95 57 25 26 0 
0 40 0 188 436 611 0 51 2660 0 0 0 87 0 0 31 257 0 10 188 47 0 3000 1360 0 23 8 0 0 423 43 93 7 27 17 129 339 594 3000 0 1251 94 0 807 15 9 0 42 0 0 48 0 558 262 793 53 0 24 33 499 55 131 34 23 121 0 0 22 35 480 496 0 75 9 99 187 2626 541 9 0 
40 0 59 131 10 58 483 297 32 0 186 10 30 342 57 189 33 0 148 2944 40 11 155 39 713 3000 24 36 67 187 37 250 268 148 95 56 7 3000 3000 115 26 84 340 27 27 277 7 71 1070 59 32 32 55 7 79 191 163 229 3000 157 39 35 177 45 55 9 0 1248 1267 54 26 0 2471 1420 397 257 35 12 128 92 
0 59 0 53 165 49 15 0 0 2429 373 44 0 51 17 0 251 1451 0 329 128 384 14 85 17 17 38 15 65 0 8 187 23 82 245 200 54 12 196 1013 47 149 19 106 36 243 45 0 94 1407 0 885 411 18 29 199 10 0 11 0 117 3000 1705 78 131 1750 1368 205 562 0 0 3000 0 556 37 0 266 763 207 394 
188 131 53 0 27 144 391 405 2244 0 254 865 1226 3000 15 21 27 0 463 74 335 213 3000 10 559 745 9 275 125 288 22 87 43 258 465 3000 201 35 97 420 9 20 576 86 53 28 14 136 1157 14 14 178 14 133 74 64 542 25 120 244 97 2086 34 3000 98 9 0 170 74 3000 330 0 257 10 864 446 48 96 147 1392 
436 10 165 27 0 3000 13 45 132 275 8 36 1683 490 20 11 3000 17 399 2562 21 62 253 10 477 8 539 63 63 3000 268 22 328 19 19 178 186 100 36 59 49 377 10 429 126 17 58 1335 49 553 555 1119 23 198 70 1404 87 22 186 32 10 23 81 18 206 533 208 331 291 23 34 745 154 9 261 62 747 115 258 15 
611 58 49 144 3000 0 0 8 177 0 1470 193 0 0 0 50 42 0 19 8 13 0 1344 14 84 159 18 258 0 8 3000 0 35 534 15 3000 10 234 919 0 272 11 2000 177 0 1608 0 20 151 302 127 0 26 78 0 315 0 0 246 235 0 45 17 28 18 346 0 0 43 50 3000 0 35 101 60 44 14 752 0 1235 
0 483 15 391 13 0 0 0 0 1237 35 10 0 3000 557 0 42 3000 0 28 39 462 658 0 37 85 51 81 575 0 0 0 110 0 0 342 322 46 9 275 0 114 41 19 168 0 286 0 54 327 0 74 0 3000 0 651 10 0 1184 0 18 12 0 262 0 103 216 0 29 0 0 706 0 417 876 0 430 9 107 90 
51 297 0 405 45 8 0 0 236 0 64 0 0 0 0 116 818 0 0 30 0 0 36 509 0 0 157 8 0 13 11 0 8 10 76 485 0 14 181 0 1019 35 328 62 0 23 0 898 933 61 100 0 105 128 0 110 0 0 1359 0 0 948 422 1198 200 3000 0 0 0 803 222 0 323 57 199 85 268 162 0 808 
2660 32 0 2244 132 177 0 236 0 0 0 0 46 0 0 474 1107 0 3000 70 38 0 110 212 0 38 197 0 143 69 42 51 1655 16 191 387 747 43 109 0 13 15 0 615 16 179 26 9 0 0 632 0 128 119 228 24 0 274 55 112 10 1953 651 87 27 0 0 500 2123 521 134 0 1066 3000 326 485 64 15 278 0 
0 0 2429 0 275 0 1237 0 0 0 0 79 0 14 0 0 48 2939 0 0 124 1757 12 0 0 210 410 0 238 0 0 37 0 0 0 0 22 15 1895 3000 0 0 27 0 156 0 404 0 0 0 0 71 0 11 11 0 782 107 0 0 103 0 0 0 0 0 235 244 159 0 0 109 0 87 0 0 0 0 101 0 
0 186 373 254 8 1470 35 64 0 0 0 16 0 975 10 210 14 0 0 3000 219 159 66 44 3000 355 88 141 0 41 228 0 99 108 419 283 213 19 50 557 0 179 11 566 336 1041 0 39 1358 68 0 0 513 618 0 116 219 0 246 0 0 504 66 227 1673 1361 0 0 580 9 0 0 363 116 168 115 96 947 0 595 
0 10 44 865 36 193 10 0 0 79 16 0 0 322 2798 0 11 35 0 2355 1075 467 549 1263 137 8 57 8 60 0 0 27 463 12 156 12 848 109 268 272 0 184 45 661 624 0 24 0 26 189 0 22 457 89 38 714 121 0 17 0 646 263 10 156 74 259 62 106 8 0 0 386 0 166 36 0 98 7 283 43 
87 30 0 1226 1683 0 0 0 46 0 0 0 0 0 0 0 106 0 207 39 1445 0 327 28 0 0 64 0 171 87 0 355 562 0 0 328 51 1125 33 0 14 23 0 16 840 394 135 45 0 0 11 0 135 114 973 14 0 3000 10 137 218 47 20 36 335 0 0 60 25 12 173 0 133 234 0 0 0 27 3000 0 
0 342 51 3000 490 0 3000 0 0 14 975 322 0 0 12 0 3000 72 0 1031 10 146 223 14 117 1121 1605 30 8 0 0 2908 706 0 0 152 45 78 127 336 0 102 139 188 20 0 103 0 9 0 0 147 0 10 118 16 36 0 10 0 125 7 0 18 74 27 23 68 393 0 0 20 0 21 479 0 715 419 3000 805 
0 57 17 15 20 0 557 0 0 0 10 2798 0 12 0 0 3000 2659 0 209 0 417 110 0 49 88 99 22 72 0 3000 0 270 422 99 109 249 183 1167 10 0 0 67 0 48 0 0 0 87 19 0 27 0 1013 0 17 185 0 133 0 0 311 0 58 0 24 0 0 9 0 0 64 0 104 102 0 53 23 0 27 
31 189 0 21 11 50 0 116 474 0 210 0 0 0 0 0 1369 0 0 37 0 0 179 11 0 0 17 118 0 17 218 0 211 36 270 254 0 1657 322 0 1391 17 636 549 0 48 0 589 126 140 0 0 679 472 0 60 0 0 58 0 0 185 501 68 291 45 0 0 0 54 0 0 525 116 173 399 51 285 0 163 
257 33 251 27 3000 42 42 818 1107 48 14 11 106 3000 3000 1369 0 1153 117 23 38 202 84 570 76 206 197 11 11 314 56 12 1261 53 15 29 82 33 74 128 517 153 478 1850 743 656 463 69 683 52 363 184 310 432 1530 130 11 972 44 340 429 507 28 14 2262 107 106 157 137 3000 243 233 101 28 209 39 284 503 1143 1396 
0 0 1451 0 17 0 3000 0 0 2939 0 35 0 72 2659 0 1153 0 0 44 23 246 28 137 95 950 39 11 836 0 0 28 0 0 0 0 119 51 29 233 0 0 159 38 69 0 352 0 0 0 0 7 0 64 116 3000 16 99 0 0 3000 12 0 109 253 0 1699 370 95 0 0 59 0 72 0 0 0 0 87 0 
10 148 0 463 399 19 0 0 3000 0 0 0 207 0 0 0 117 0 0 549 3000 0 28 15 0 0 9 0 0 26 0 20 432 0 0 743 218 1315 62 0 163 3000 0 61 0 62 0 186 0 0 2248 0 34 146 307 329 0 18 418 113 84 3000 26 8 176 0 0 124 79 256 33 0 580 145 0 0 868 24 16 0 
188 2944 329 74 2562 8 28 30 70 0 3000 2355 39 1031 209 37 23 44 549 0 34 25 272 16 86 10 290 237 673 322 19 790 1440 102 963 138 22 8 43 93 75 783 115 290 100 28 13 8 23 23 46 9 11 835 138 835 295 37 68 273 47 416 234 13 327 12 0 1166 41 313 41 50 920 1979 7 136 383 222 260 611 
47 40 128 335 21 13 39 0 38 124 219 1075 1445 10 0 0 38 23 3000 34 0 638 108 167 146 11 825 390 230 207 0 3000 349 1189 0 245 10 31 828 12 13 45 3000 77 362 15 344 617 678 0 192 74 69 258 1518 730 853 348 48 180 50 3000 236 22 532 208 76 30 645 44 111 13 562 25 78 0 15 166 8 84 
0 11 384 213 62 0 462 0 0 1757 159 467 0 146 417 0 202 246 0 25 638 0 32 0 801 12 7 816 55 0 0 28 236 0 0 0 324 155 13 22 0 0 52 324 440 0 53 0 31 0 0 197 0 588 553 60 8 0 0 0 28 67 0 53 0 282 114 0 2576 0 0 8 0 66 342 0 93 14 10 2227 
3000 155 14 3000 253 1344 658 36 110 12 66 549 327 223 110 179 84 28 28 272 108 32 0 328 50 229 89 108 90 3000 220 1206 11 86 66 609 14 16 33 36 544 48 66 195 922 1530 49 31 55 72 12 14 1459 387 10 8 141 192 1775 149 69 3000 91 59 17 1242 143 86 19 95 15 2877 81 136 268 33 178 112 15 92 
1360 39 85 10 10 14 0 509 212 0 44 1263 28 14 0 11 570 137 15 16 167 0 328 0 0 1083 507 0 22 274 24 27 74 161 77 328 176 148 1012 739 19 27 79 2823 345 214 29 1666 88 541 674 516 107 42 42 202 0 12 146 117 113 9 703 326 70 533 0 107 959 44 71 183 3000 37 299 2341 10 56 16 37 
0 713 17 559 477 84 37 0 0 0 3000 137 0 117 49 0 76 95 0 86 146 801 50 0 0 292 1123 171 63 0 214 0 788 93 54 97 235 191 3000 45 0 517 24 70 8 0 12 0 397 25 0 19 3000 14 0 1025 13 0 16 0 0 1883 0 666 0 36 198 0 56 0 0 51 0 51 74 0 8 1039 0 275 
23 3000 17 745 8 159 85 0 38 210 355 8 0 1121 88 0 206 950 0 10 11 12 229 1083 292 0 158 103 7 0 0 332 100 0 0 22 121 21 1992 7 29 33 3000 1486 546 992 12 0 193 0 0 508 17 3000 763 3000 355 93 108 246 223 961 30 210 477 532 514 72 696 0 934 106 3000 30 72 0 39 1827 622 3000 
8 24 38 9 539 18 51 157 197 410 88 57 64 1605 99 17 197 39 9 290 825 7 89 507 1123 158 0 3000 124 449 87 712 9 170 28 86 38 235 597 82 8 1364 607 160 241 32 23 29 645 1135 314 1043 1447 1135 75 468 8 9 100 95 743 301 323 60 288 271 53 258 1523 9 1405 45 141 164 516 124 33 98 11 119 
0 36 15 275 63 258 81 8 0 0 141 8 0 30 22 118 11 11 0 237 390 816 108 0 171 103 3000 0 1241 0 104 0 934 168 101 91 8 11 126 575 0 201 663 26 10 0 0 0 185 862 0 62 299 88 0 38 20 0 433 0 0 202 44 136 0 478 0 0 17 0 0 374 0 3000 615 0 43 8 0 34 
0 67 65 125 63 0 575 0 143 238 0 60 171 8 72 0 11 836 0 673 230 55 90 22 63 7 124 1241 0 0 0 13 14 0 0 0 188 432 100 599 65 361 548 118 158 404 481 0 0 0 0 36 0 46 343 3000 11 19 0 25 270 10 87 196 79 0 52 959 23 0 82 14 0 1422 79 0 0 16 1185 204 
423 187 0 288 3000 8 0 13 69 0 41 0 87 0 0 17 314 0 26 322 207 0 3000 274 0 0 449 0 0 0 543 0 33 583 56 1529 121 308 619 0 113 401 0 47 0 313 0 750 85 1292 99 0 57 1295 71 104 0 198 153 144 3000 561 193 137 352 11 0 8 646 521 3000 0 134 27 29 593 91 399 0 0 
43 37 8 22 268 3000 0 11 42 0 228 0 0 0 3000 218 56 0 0 19 0 0 220 24 214 0 87 104 0 543 0 0 369 338 374 1606 0 848 157 0 0 3000 475 21 0 171 0 9 37 45 0 0 80 365 0 462 0 0 460 0 0 10 123 21 132 18 0 0 0 713 0 0 32 800 1595 1015 49 852 0 15 
93 250 187 87 22 0 0 0 51 37 0 27 355 2908 0 0 12 28 20 790 3000 28 1206 27 0 332 712 0 13 0 0 0 96 0 0 64 17 13 203 68 185 96 14 163 43 267 2822 1207 0 0 161 686 0 110 16 49 77 828 0 25 14 651 2907 203 40 0 8 617 9 0 72 1116 136 445 0 0 0 205 15 0 
7 268 23 43 328 35 110 8 1655 0 99 463 562 706 270 211 1261 0 432 1440 349 236 11 74 788 100 9 934 14 33 369 96 0 402 348 48 30 12 359 9 993 15 213 10 12 708 12 61 324 8 118 17 121 177 17 3000 9 11 13 18 35 32 669 3000 1280 149 0 463 259 139 662 0 34 8 188 81 9 304 930 1440 
27 148 82 258 19 534 0 10 16 0 108 12 0 0 422 36 53 0 0 102 1189 0 86 161 93 0 170 168 0 583 338 0 402 0 30 8 32 545 96 0 122 69 9 1033 0 17 0 8 11 65 13 0 949 17 0 2553 0 0 80 0 0 24 51 219 10 12 0 0 19 30 243 0 170 20 14 23 3000 10 0 17 
17 95 245 465 19 15 0 76 191 0 419 156 0 0 99 270 15 0 0 963 0 0 66 77 54 0 28 101 0 56 374 0 348 30 0 158 0 236 92 0 435 2004 3000 39 0 109 0 8 957 80 0 0 387 23 0 365 0 0 355 0 0 1254 18 3000 42 18 0 0 0 149 0 0 18 122 595 172 108 209 0 66 
129 56 200 3000 178 3000 342 485 387 0 283 12 328 152 109 254 29 0 743 138 245 0 609 328 97 22 86 91 0 1529 1606 64 48 8 158 0 301 75 3000 32 186 9 2322 266 9 82 0 473 527 12 19 0 95 123 106 331 0 287 121 87 575 9 10 22 16 10 0 32 274 479 43 0 8 22 82 13 50 8 0 16 
339 7 54 201 186 10 322 0 747 22 213 848 51 45 249 0 82 119 218 22 10 324 14 176 235 121 38 8 188 121 0 17 30 32 0 301 0 1518 156 33 35 172 26 77 91 1889 42 1708 216 0 35 59 100 73 49 181 382 469 15 151 709 80 27 21 40 1526 664 10 163 693 1718 98 2650 44 588 0 22 10 24 38 
594 3000 12 35 100 234 46 14 43 15 19 109 1125 78 183 1657 33 51 1315 8 31 155 16 148 191 21 235 11 432 308 848 13 12 545 236 75 1518 0 16 1643 56 53 289 1392 29 1540 100 308 62 255 16 208 28 26 345 38 10 59 929 22 1060 11 220 235 7 331 425 39 23 354 677 41 9 20 60 0 82 23 304 96 
3000 3000 196 97 36 919 9 181 109 1895 50 268 33 127 1167 322 74 29 62 43 828 13 33 1012 3000 1992 597 126 100 619 157 203 359 96 92 3000 156 16 0 36 758 11 97 235 207 154 477 33 14 541 236 1084 362 15 1251 21 161 139 29 10 233 10 16 3000 3000 628 21 182 227 67 1626 3000 28 345 760 119 3000 13 165 9 
0 115 1013 420 59 0 275 0 0 3000 557 272 0 336 10 0 128 233 0 93 12 22 36 739 45 7 82 575 599 0 0 68 9 0 0 32 33 1643 36 0 240 558 745 19 151 0 3000 0 267 0 0 1552 0 10 12 8 99 195 102 0 298 635 15 222 418 309 204 67 207 0 0 18 0 24 229 0 47 38 68 200 
1251 26 47 9 49 272 0 1019 13 0 0 0 14 0 0 1391 517 0 163 75 13 0 544 19 0 29 8 0 65 113 0 185 993 122 435 186 35 56 758 240 0 15 0 100 14 18 150 8 0 0 222 0 191 528 61 51 0 315 9 41 26 63 2775 440 37 0 0 8 9 286 24 0 111 431 10 554 33 7 15 0 
94 84 149 20 377 11 114 35 15 0 179 184 23 102 0 17 153 0 3000 783 45 0 48 27 517 33 1364 201 361 401 3000 96 15 69 2004 9 172 53 11 558 15 0 19 52 56 172 121 37 359 256 11 47 59 718 604 32 469 526 1216 22 293 15 22 560 75 55 0 8 97 24 1034 0 157 73 247 29 17 16 88 46 
0 340 19 576 10 2000 41 328 0 27 11 45 0 139 67 636 478 159 0 115 3000 52 66 79 24 3000 607 663 548 0 475 14 213 9 3000 2322 26 289 97 745 0 19 0 858 744 225 8 0 242 503 0 60 107 39 401 35 286 0 96 0 58 164 676 46 120 189 1857 0 929 43 0 27 0 14 55 0 88 27 17 1125 
807 27 106 86 429 177 19 62 615 0 566 661 16 188 0 549 1850 38 61 290 77 324 195 2823 70 1486 160 26 118 47 21 163 10 1033 39 266 77 1392 235 19 100 52 858 0 32 33 103 1156 15 705 94 17 401 50 19 305 14 14 28 16 36 3000 1202 38 1331 32 0 3000 42 14 8 30 1159 53 8 54 338 30 46 543 
15 27 36 53 126 0 168 0 16 156 336 624 840 20 48 0 743 69 0 100 362 440 922 345 8 546 241 10 158 0 0 43 12 0 0 9 91 29 207 151 14 56 744 32 0 11 82 0 13 0 0 13 0 12 136 51 2391 51 85 58 9 1309 876 1306 857 2851 754 58 1687 0 176 407 29 58 206 0 14 13 8 92 
9 277 243 28 17 1608 0 23 179 0 1041 0 394 0 0 48 656 0 62 28 15 0 1530 214 0 992 32 0 404 313 171 267 708 17 109 82 1889 1540 154 0 18 172 225 33 11 0 2483 1092 30 51 29 0 273 420 70 425 0 9 1801 786 180 28 7 1683 343 0 0 1712 3000 49 20 0 216 17 364 64 3000 35 1084 0 
0 7 45 14 58 0 286 0 26 404 0 24 135 103 0 0 463 352 0 13 344 53 49 29 12 12 23 0 481 0 0 2822 12 0 0 0 42 100 477 3000 150 121 8 103 82 2483 0 0 0 0 0 30 0 73 1001 18 35 48 0 37 3000 711 310 815 186 0 729 17 1048 0 368 62 0 2245 0 0 0 0 295 0 
42 71 0 136 1335 20 0 898 9 0 39 0 45 0 0 589 69 0 186 8 617 0 31 1666 0 0 29 0 0 750 9 1207 61 8 8 473 1708 308 33 0 8 37 0 1156 0 1092 0 0 273 11 499 0 534 11 378 289 0 52 13 32 1538 13 593 217 51 68 0 32 12 21 212 0 171 19 11 1463 13 2970 0 0 
0 1070 94 1157 49 151 54 933 0 0 1358 26 0 9 87 126 683 0 0 23 678 31 55 88 397 193 645 185 0 85 37 0 324 11 957 527 216 62 14 267 0 359 242 15 13 30 0 273 0 18 0 14 165 88 0 373 149 0 9 0 0 130 10 402 681 817 0 0 310 60 0 0 17 94 69 28 33 94 0 182 
0 59 1407 14 553 302 327 61 0 0 68 189 0 0 19 140 52 0 0 23 0 0 72 541 25 0 1135 862 0 1292 45 0 8 65 80 12 0 255 541 0 0 256 503 705 0 51 0 11 18 0 0 0 233 23 0 479 0 0 3000 0 0 2231 2831 51 162 3000 0 0 0 40 0 0 134 357 110 28 1618 285 0 36 
48 32 0 14 555 127 0 100 632 0 0 0 11 0 0 0 363 0 2248 46 192 0 12 674 0 0 314 0 0 99 0 161 118 13 0 19 35 16 236 0 222 11 0 94 0 29 0 499 0 0 0 0 14 9 20 145 0 168 449 10 286 52 262 267 1213 0 0 51 945 34 12 0 31 272 565 0 7 18 1401 0 
0 32 885 178 1119 0 74 0 0 71 0 22 0 147 27 0 184 7 0 9 74 197 14 516 19 508 1043 62 36 0 0 686 17 0 0 0 59 208 1084 1552 0 47 60 17 13 0 30 0 14 0 0 0 0 103 28 578 344 0 0 0 25 2086 0 188 1614 0 1168 285 1125 0 0 15 0 13 273 0 0 0 692 235 
558 55 411 14 23 26 0 105 128 0 513 457 135 0 0 679 310 0 34 11 69 0 1459 107 3000 17 1447 299 0 57 80 0 121 949 387 95 100 28 362 0 191 59 107 401 0 273 0 534 165 233 14 0 0 63 19 3000 0 45 26 97 214 52 461 11 30 607 0 2234 8 39 276 0 12 12 27 1067 15 130 0 44 
262 7 18 133 198 78 3000 128 119 11 618 89 114 10 1013 472 432 64 146 835 258 588 387 42 14 3000 1135 88 46 1295 365 110 177 17 23 123 73 26 15 10 528 718 39 50 12 420 73 11 88 23 9 103 63 0 30 163 1200 69 8 30 27 448 21 44 1362 471 50 16 1056 3000 27 8 27 174 17 58 13 361 7 97 
793 79 29 74 70 0 0 0 228 11 0 38 973 118 0 0 1530 116 307 138 1518 553 10 42 0 763 75 0 343 71 0 16 17 0 0 106 49 345 1251 12 61 604 401 19 136 70 1001 378 0 0 20 28 19 30 0 16 437 674 0 1191 906 108 289 51 77 0 19 168 118 26 397 67 61 81 8 0 0 112 368 0 
53 191 199 64 1404 315 651 110 24 0 116 714 14 16 17 60 130 3000 329 835 730 60 8 202 1025 3000 468 38 3000 104 462 49 3000 2553 365 331 181 38 21 8 51 32 35 305 51 425 18 289 373 479 145 578 3000 163 16 0 465 1221 320 613 278 7 28 14 133 215 0 118 186 16 529 948 936 910 257 64 1434 73 3000 20 
0 163 10 542 87 0 10 0 0 782 219 121 0 36 185 0 11 16 0 295 853 8 141 0 13 355 8 20 11 0 0 77 9 0 0 0 382 10 161 99 0 469 286 14 2391 0 35 0 149 0 0 344 0 1200 437 465 0 0 0 0 249 119 0 28 0 145 676 39 155 0 0 64 0 189 392 0 137 21 9 41 
24 229 0 25 22 0 0 0 274 107 0 0 3000 0 0 0 972 99 18 37 348 0 192 12 0 93 9 0 19 198 0 828 11 0 0 287 469 59 139 195 315 526 0 14 51 9 48 52 0 0 168 0 45 69 674 1221 0 0 71 1737 437 164 1803 39 30 0 29 348 249 16 134 923 79 411 0 0 0 57 3000 0 
33 3000 11 120 186 246 1184 1359 55 0 246 17 10 10 133 58 44 0 418 68 48 0 1775 146 16 108 100 433 0 153 460 0 13 80 355 121 15 929 29 102 9 1216 96 28 85 1801 0 13 9 3000 449 0 26 8 0 320 0 71 0 1130 92 28 337 226 12 383 0 22 356 12 32 0 237 25 199 988 10 42 0 89 
499 157 0 244 32 235 0 0 112 0 0 0 137 0 0 0 340 0 113 273 180 0 149 117 0 246 95 0 25 144 0 25 18 0 0 87 151 22 10 0 41 22 0 16 58 786 37 32 0 0 10 0 97 30 1191 613 0 1737 1130 0 29 811 912 358 57 0 0 8 9 881 1732 0 14 20 98 0 3000 129 120 0 
55 39 117 97 10 0 18 0 10 103 0 646 218 125 0 0 429 3000 84 47 50 28 69 113 0 223 743 0 270 3000 0 14 35 0 0 575 709 1060 233 298 26 293 58 36 9 180 3000 1538 0 0 286 25 214 27 906 278 249 437 92 29 0 7 164 64 521 0 88 2828 1619 21 271 553 27 740 185 0 22 3000 277 0 
131 35 3000 2086 23 45 12 948 1953 0 504 263 47 7 311 185 507 12 3000 416 3000 67 3000 9 1883 961 301 202 10 561 10 651 32 24 1254 9 80 11 10 635 63 15 164 3000 1309 28 711 13 130 2231 52 2086 52 448 108 7 119 164 28 811 7 0 80 751 70 17 0 775 585 64 20 87 221 214 521 12 673 13 63 174 
34 177 1705 34 81 17 0 422 651 0 66 10 20 0 0 501 28 0 26 234 236 0 91 703 0 30 323 44 87 193 123 2907 669 51 18 10 27 220 16 15 2775 22 676 1202 876 7 310 593 10 2831 262 0 461 21 289 28 0 1803 337 912 164 80 0 58 1380 168 0 18 36 325 49 0 37 141 146 196 946 57 1832 84 
23 45 78 3000 18 28 262 1198 87 0 227 156 36 18 58 68 14 109 8 13 22 53 59 326 666 210 60 136 196 137 21 203 3000 219 3000 22 21 235 3000 222 440 560 46 38 1306 1683 815 217 402 51 267 188 11 44 51 14 28 39 226 358 64 751 58 0 274 33 3000 22 388 9 132 79 60 118 212 8 40 13 216 9 
121 55 131 98 206 18 0 200 27 0 1673 74 335 74 0 291 2262 253 176 327 532 0 17 70 0 477 288 0 79 352 132 40 1280 10 42 16 40 7 3000 418 37 75 120 1331 857 343 186 51 681 162 1213 1614 30 1362 77 133 0 30 12 57 521 70 1380 274 0 233 0 754 61 321 254 0 41 3000 2818 851 1344 1132 61 2295 
0 9 1750 9 533 346 103 3000 0 0 1361 259 0 27 24 45 107 0 0 12 208 282 1242 533 36 532 271 478 0 11 18 0 149 12 18 10 1526 331 628 309 0 55 189 32 2851 0 0 68 817 3000 0 0 607 471 0 215 145 0 383 0 0 17 168 33 233 0 0 0 129 105 0 0 0 18 510 33 3000 15 0 584 
0 0 1368 0 208 0 216 0 0 235 0 62 0 23 0 0 106 1699 0 0 76 114 143 0 198 514 53 0 52 0 0 8 0 0 0 0 664 425 21 204 0 0 1857 0 754 0 729 0 0 0 0 1168 0 50 19 0 676 29 0 0 88 0 0 3000 0 0 0 681 706 0 0 738 0 177 0 0 0 0 1215 0 
22 1248 205 170 331 0 0 0 500 244 0 106 60 68 0 0 157 370 124 1166 30 0 86 107 0 72 258 0 959 8 0 617 463 0 0 32 10 39 182 67 8 8 0 3000 58 1712 17 32 0 0 51 285 2234 16 168 118 39 348 22 8 2828 775 18 22 754 0 681 0 220 63 26 7 486 573 730 0 0 129 9 0 
35 1267 562 74 291 43 29 0 2123 159 580 8 25 393 9 0 137 95 79 41 645 2576 19 959 56 696 1523 17 23 646 0 9 259 19 0 274 163 23 227 207 9 97 929 42 1687 3000 1048 12 310 0 945 1125 8 1056 118 186 155 249 356 9 1619 585 36 388 61 129 706 220 0 937 157 74 33 469 144 0 188 324 13 33 
480 54 0 3000 23 50 0 803 521 0 9 0 12 0 0 54 3000 0 256 313 44 0 95 44 0 0 9 0 0 521 713 0 139 30 149 479 693 354 67 0 286 24 43 14 0 49 0 21 60 40 34 0 39 3000 26 16 0 16 12 881 21 64 325 9 321 105 0 63 937 0 154 0 45 377 2205 2387 9 520 0 426 
496 26 0 330 34 3000 0 222 134 0 0 0 173 0 0 0 243 0 33 41 111 0 15 71 0 934 1405 0 82 3000 0 72 662 243 0 43 1718 677 1626 0 24 1034 0 8 176 20 368 212 0 0 12 0 276 27 397 529 0 134 32 1732 271 20 49 132 254 0 0 26 157 154 0 0 103 314 59 580 93 36 182 0 
0 0 3000 0 745 0 706 0 0 109 0 386 0 20 64 0 233 59 0 50 13 8 2877 183 51 106 45 374 14 0 0 1116 0 0 0 0 98 41 3000 18 0 0 27 30 407 0 62 0 0 0 0 15 0 8 67 948 64 923 0 0 553 87 0 79 0 0 738 7 74 0 0 0 0 9 0 0 0 0 712 0 
75 2471 0 257 154 35 0 323 1066 0 363 0 133 0 0 525 101 0 580 920 562 0 81 3000 0 3000 141 0 0 134 32 136 34 170 18 8 2650 9 28 0 111 157 0 1159 29 216 0 171 17 134 31 0 12 27 61 936 0 79 237 14 27 221 37 60 41 0 0 486 33 45 103 0 0 1211 788 46 2890 19 225 0 
9 1420 556 10 9 101 417 57 3000 87 116 166 234 21 104 116 28 72 145 1979 25 66 136 37 51 30 164 3000 1422 27 800 445 8 20 122 22 44 20 345 24 431 73 14 53 58 17 2245 19 94 357 272 13 12 174 81 910 189 411 25 20 740 214 141 118 3000 18 177 573 469 377 314 9 1211 0 381 176 21 15 279 1167 
99 397 37 864 261 60 876 199 326 0 168 36 0 479 102 173 209 0 0 7 78 342 268 299 74 72 516 615 79 29 1595 0 188 14 595 82 588 60 760 229 10 247 55 8 206 364 0 11 69 110 565 273 27 17 8 257 392 0 199 98 185 521 146 212 2818 510 0 730 144 2205 59 0 788 381 0 79 51 34 0 2316 
187 257 0 446 62 44 0 85 485 0 115 0 0 0 0 399 39 0 0 136 0 0 33 2341 0 0 124 0 0 593 1015 0 81 23 172 13 0 0 119 0 554 29 0 54 0 64 0 1463 28 28 0 0 1067 58 0 64 0 0 988 0 0 12 196 8 851 33 0 0 0 2387 580 0 46 176 79 0 130 10 0 382 
2626 35 266 48 747 14 430 268 64 0 96 98 0 715 53 51 284 0 868 383 15 93 178 10 8 39 33 43 0 91 49 0 9 3000 108 50 22 82 3000 47 33 17 88 338 14 3000 0 13 33 1618 7 0 15 13 0 1434 137 0 10 3000 22 673 946 40 1344 3000 0 0 188 9 93 0 2890 21 51 130 0 356 0 508 
541 12 763 96 115 752 9 162 15 0 947 7 27 419 23 285 503 0 24 222 166 14 112 56 1039 1827 98 8 16 399 852 205 304 10 209 8 10 23 13 38 7 16 27 30 13 35 0 2970 94 285 18 0 130 361 112 73 21 57 42 129 3000 13 57 13 1132 15 0 129 324 520 36 0 19 15 34 10 356 0 0 344 
9 128 207 147 258 0 107 0 278 101 0 283 3000 3000 0 0 1143 87 16 260 8 10 15 16 0 622 11 0 1185 0 0 15 930 0 0 0 24 304 165 68 15 88 17 46 8 1084 295 0 0 0 1401 692 0 7 368 3000 9 3000 0 120 277 63 1832 216 61 0 1215 9 13 0 182 712 225 279 0 0 0 0 0 0 
0 92 394 1392 15 1235 90 808 0 0 595 43 0 805 27 163 1396 0 0 611 84 2227 92 37 275 3000 119 34 204 0 15 0 1440 17 66 16 38 96 9 200 0 46 1125 543 92 0 0 0 182 36 0 235 44 97 0 20 41 0 89 0 0 174 84 9 2295 584 0 0 33 426 0 0 0 1167 2316 382 508 344 0 0 
