80
0 34 53 44 29 50 13 23 48 62 69 55 36 41 48 46 40 76 51 72 40 68 29 65 81 58 71 29 81 30 26 63 61 33 26 58 16 24 30 44 95 14 24 16 48 67 70 32 68 70 38 62 26 94 35 51 41 80 22 40 64 43 63 88 64 31 47 87 50 49 74 62 13 36 51 9 21 35 76 36 
34 0 37 27 13 23 31 56 61 45 78 23 65 18 18 62 32 48 38 78 26 72 61 71 58 81 83 12 79 4 60 68 32 29 53 43 50 58 19 14 87 25 51 45 66 66 58 11 62 92 66 55 38 90 66 61 67 69 56 37 39 10 35 84 41 13 70 79 50 55 96 87 22 6 77 30 53 59 66 5 
53 37 0 10 29 19 58 65 43 9 52 30 65 20 24 47 14 29 6 48 14 43 66 44 28 70 58 29 45 36 70 39 24 21 54 6 62 68 55 48 51 39 52 52 52 33 21 28 26 77 65 20 70 54 68 39 63 32 69 18 16 34 22 48 13 26 60 42 24 32 81 77 45 43 69 44 74 53 29 41 
44 27 10 0 19 14 48 58 44 19 56 24 61 10 17 47 10 33 12 54 5 49 60 49 36 69 62 18 53 26 64 45 23 14 49 17 55 61 45 38 61 31 47 45 52 41 31 17 35 78 61 29 60 63 63 41 60 42 62 17 20 24 22 58 19 16 59 52 27 34 82 76 35 32 67 36 65 50 39 31 
29 13 29 19 0 22 30 48 48 38 65 27 55 13 20 49 21 47 29 66 16 60 51 59 54 69 70 1 68 9 53 55 33 16 42 35 42 50 27 26 78 16 40 35 54 55 49 3 52 80 56 45 41 80 56 48 56 60 50 25 36 17 35 74 37 3 58 69 38 43 84 76 18 18 65 22 50 47 57 17 
50 23 19 14 22 0 51 68 57 25 70 11 73 9 5 60 23 26 24 67 18 62 71 62 35 83 75 21 64 24 73 58 11 26 60 24 63 71 42 30 69 38 58 55 65 53 40 19 46 92 73 40 61 73 74 55 72 49 71 30 16 16 13 67 19 19 72 60 41 48 96 90 39 27 80 43 71 63 48 26 
13 31 58 48 30 51 0 34 60 67 81 54 49 43 48 59 47 77 57 84 45 79 41 76 84 71 83 31 91 28 37 74 62 40 39 64 28 35 19 37 104 21 38 29 61 78 77 33 77 83 51 71 13 104 47 63 54 88 32 49 66 40 64 98 67 33 60 96 60 60 87 75 14 30 65 20 24 49 84 31 
23 56 65 58 48 68 34 0 41 72 61 75 16 59 67 37 51 92 61 68 53 64 7 60 93 40 61 48 80 52 6 60 79 45 14 69 7 3 53 67 96 31 15 13 38 68 77 51 72 53 18 67 44 94 13 47 23 86 7 48 79 64 80 88 77 50 32 91 53 49 56 42 35 59 33 26 22 23 81 59 
48 61 43 44 48 57 60 41 0 46 21 68 32 51 60 5 34 72 37 26 40 23 38 19 66 27 23 48 39 57 46 19 66 33 28 43 43 45 70 74 56 41 27 34 9 29 43 50 36 35 31 33 73 53 36 7 25 50 48 27 59 64 65 48 55 48 19 52 20 12 39 35 50 66 28 41 61 19 45 65 
62 45 9 19 38 25 67 72 46 0 51 35 71 28 31 51 22 27 11 46 23 41 72 44 21 73 58 37 40 45 78 39 27 29 61 3 70 75 64 55 43 48 59 59 55 31 14 36 22 80 71 17 79 47 74 41 68 24 77 24 16 41 24 42 11 35 64 34 26 34 83 81 54 51 73 53 82 59 22 49 
69 78 52 56 65 70 81 61 21 51 0 80 50 65 73 24 47 78 46 9 54 11 57 8 67 34 7 66 25 75 66 13 76 49 48 50 64 64 89 91 43 61 48 55 24 22 42 67 33 34 48 34 94 37 54 18 42 45 69 41 66 79 73 33 62 65 33 42 29 23 37 41 70 83 39 61 81 38 40 82 
55 23 30 24 27 11 54 75 68 35 80 0 81 18 8 70 34 26 34 78 28 72 78 73 40 93 86 27 74 26 80 68 11 36 69 34 70 77 41 25 78 44 66 62 76 63 49 24 56 102 82 50 61 82 82 66 81 58 77 41 22 14 15 77 26 25 82 69 51 59 106 99 43 25 90 49 75 72 57 24 
36 65 65 61 55 73 49 16 32 71 50 81 0 64 73 27 53 94 60 57 56 54 9 50 92 24 48 56 71 61 18 51 83 47 13 68 22 18 66 78 88 40 15 21 25 60 73 58 67 37 2 63 59 85 4 38 8 81 23 48 81 73 84 79 78 57 17 84 48 42 40 26 46 69 17 36 37 14 75 69 
41 18 20 10 13 9 43 59 51 28 65 18 64 0 10 53 17 35 22 64 11 58 61 58 42 75 70 12 63 17 64 54 20 18 51 26 54 61 36 28 70 28 49 46 58 50 41 10 45 85 64 39 53 73 65 49 63 51 61 24 23 15 22 67 25 10 64 61 36 42 89 82 30 23 72 34 62 54 49 22 
48 18 24 17 20 5 48 67 60 31 73 8 73 10 0 62 26 29 28 71 20 66 70 66 40 84 79 19 69 20 72 61 14 28 60 29 62 69 38 25 74 36 58 54 67 57 45 16 51 94 74 45 57 78 74 58 73 55 69 33 21 11 17 72 24 17 73 65 44 51 98 91 37 22 81 42 69 64 53 21 
46 62 47 47 49 60 59 37 5 51 24 70 27 53 62 0 37 76 41 30 43 27 33 23 71 23 25 50 44 58 42 24 69 35 24 48 40 40 70 75 61 41 24 31 5 34 48 52 41 32 26 38 71 58 31 12 20 55 44 30 63 66 68 52 59 50 14 57 25 17 36 30 49 67 23 39 57 14 50 66 
40 32 14 10 21 23 47 51 34 22 47 34 53 17 26 37 0 41 10 47 7 41 52 41 42 60 53 20 48 30 57 36 32 7 41 18 48 54 47 44 58 27 39 38 42 35 30 21 31 68 52 25 60 59 55 32 50 41 56 7 28 32 32 53 26 19 49 49 19 25 73 67 33 37 58 31 61 41 37 36 
76 48 29 33 47 26 77 92 72 27 78 26 94 35 29 76 41 0 35 73 38 68 93 70 17 99 84 47 64 50 97 65 16 47 82 29 87 94 67 51 61 62 80 78 81 56 37 44 47 106 94 43 86 68 96 68 92 42 95 47 13 39 13 64 17 44 89 53 52 60 110 106 65 51 98 68 97 82 44 50 
51 38 6 12 29 24 57 61 37 11 46 34 60 22 28 41 10 35 0 44 13 38 61 39 32 64 53 29 42 37 66 34 29 18 49 8 58 64 56 50 49 37 47 48 46 29 21 28 24 72 60 17 69 51 63 34 57 31 65 13 22 36 28 46 18 27 55 40 18 26 76 71 43 44 63 41 71 48 28 43 
72 78 48 54 66 67 84 68 26 46 9 78 57 64 71 30 47 73 44 0 53 6 63 8 61 43 14 66 17 75 72 10 72 49 54 45 69 71 91 91 35 64 53 60 31 16 36 67 26 42 55 29 97 29 61 21 49 37 74 40 62 78 70 25 57 65 41 34 28 24 45 49 72 84 47 64 87 45 32 82 
40 26 14 5 16 18 45 53 40 23 54 28 56 11 20 43 7 38 13 53 0 47 55 47 41 65 59 16 54 24 59 43 27 9 44 20 50 56 43 38 62 26 42 40 48 40 34 15 36 74 57 30 57 64 58 38 55 44 57 13 25 25 27 58 24 14 54 54 25 32 79 72 31 32 63 31 61 45 41 30 
68 72 43 49 60 62 79 64 23 41 11 72 54 58 66 27 41 68 38 6 47 0 60 5 57 43 17 60 17 70 69 5 67 44 50 40 66 67 86 85 35 59 50 56 29 12 32 61 22 44 53 24 92 30 59 17 47 34 71 35 57 73 64 25 52 59 39 33 22 19 47 50 67 78 46 60 83 42 29 77 
29 61 66 60 51 71 41 7 38 72 57 78 9 61 70 33 52 93 61 63 55 60 0 56 93 33 56 52 76 57 9 57 82 46 12 69 14 9 59 72 94 35 14 16 33 65 75 55 70 46 11 66 51 90 6 44 17 84 13 48 80 68 82 85 78 53 26 88 51 46 49 35 40 64 26 30 28 19 79 64 
65 71 44 49 59 62 76 60 19 44 8 73 50 58 66 23 41 70 39 8 47 5 56 0 60 38 14 59 22 68 65 5 68 43 46 42 62 63 84 85 40 56 46 52 24 16 35 60 26 39 48 27 90 35 54 13 42 38 67 34 59 72 66 30 54 58 34 37 22 17 43 45 65 77 41 57 79 37 33 76 
81 58 28 36 54 35 84 93 66 21 67 40 92 42 40 71 42 17 32 61 41 57 93 60 0 93 74 54 50 59 98 55 29 49 82 24 90 96 78 64 45 67 80 80 75 45 25 52 35 98 92 34 95 52 95 61 88 27 97 45 19 51 25 48 17 51 85 36 46 54 102 100 71 63 93 72 102 79 30 61 
58 81 70 69 69 83 71 40 27 73 34 93 24 75 84 23 60 99 64 43 65 43 33 38 93 0 30 70 59 77 42 41 92 57 32 71 46 42 86 95 77 57 33 42 18 52 70 72 61 13 22 60 82 72 28 32 17 75 47 53 86 87 91 67 82 70 11 75 47 39 16 7 65 86 7 54 62 23 70 85 
71 83 58 62 70 75 83 61 23 58 7 86 48 70 79 25 53 84 53 14 59 17 56 14 74 30 0 70 31 79 65 19 82 54 49 56 65 64 93 96 49 64 49 56 24 29 49 72 40 28 46 41 96 42 53 22 40 51 69 46 73 85 80 39 68 70 31 48 35 28 31 36 73 88 36 64 82 38 46 87 
29 12 29 18 1 21 31 48 48 37 66 27 56 12 19 50 20 47 29 66 16 60 52 59 54 70 70 0 68 9 53 56 32 17 43 35 43 51 27 26 78 17 41 36 54 55 49 3 52 81 56 45 42 79 56 49 56 60 50 25 35 17 34 74 36 2 58 69 38 43 85 76 18 18 66 23 50 48 57 17 
81 79 45 53 68 64 91 80 39 40 25 74 71 63 69 44 48 64 42 17 54 17 76 22 50 59 31 68 0 77 85 20 67 53 66 40 81 83 95 91 18 70 65 70 46 14 27 69 19 59 69 25 104 14 75 33 64 23 87 43 55 78 64 9 50 67 56 18 31 32 62 66 79 85 63 72 97 58 20 84 
30 4 36 26 9 24 28 52 57 45 75 26 61 17 20 58 30 50 37 75 24 70 57 68 59 77 79 9 77 0 56 65 34 26 49 42 46 54 19 17 86 21 47 41 63 64 57 9 60 89 62 54 37 88 61 58 63 68 53 35 40 13 37 83 42 11 66 77 48 52 93 83 18 9 73 26 50 55 65 8 
26 60 70 64 53 73 37 6 46 78 66 80 18 64 72 42 57 97 66 72 59 69 9 65 98 42 65 53 85 56 0 65 84 50 19 75 10 3 55 71 102 36 20 19 42 73 82 56 78 55 20 73 44 99 14 52 26 91 5 54 84 69 85 93 82 55 35 96 58 54 57 44 39 62 35 30 20 27 86 63 
63 68 39 45 55 58 74 60 19 39 13 68 51 54 61 24 36 65 34 10 43 5 57 5 55 41 19 56 20 65 65 0 63 39 46 37 61 63 81 81 38 54 45 51 26 11 31 57 21 44 49 22 88 34 55 13 44 34 67 30 54 68 61 28 49 54 36 34 18 14 47 48 63 73 44 55 78 38 29 72 
61 32 24 23 33 11 62 79 66 27 76 11 83 20 14 69 32 16 29 72 27 67 82 68 29 92 82 32 67 34 84 63 0 36 71 27 74 82 51 35 69 49 69 66 74 57 40 29 48 100 84 43 70 74 85 63 82 49 82 39 12 23 4 69 17 30 81 59 48 55 104 99 50 35 90 54 82 73 48 34 
33 29 21 14 16 26 40 45 33 29 49 36 47 18 28 35 7 47 18 49 9 44 46 43 49 57 54 17 53 26 50 39 36 0 35 26 41 47 42 42 64 20 33 31 40 39 37 18 37 66 47 31 53 65 49 32 46 48 49 9 34 31 37 59 32 16 46 56 22 26 71 63 27 34 54 24 53 36 44 33 
26 53 54 49 42 60 39 14 28 61 48 69 13 51 60 24 41 82 49 54 44 50 12 46 82 32 49 43 66 49 19 46 71 35 0 58 16 17 54 65 83 27 2 10 25 54 64 46 59 45 14 54 50 80 14 34 15 73 21 37 69 60 71 74 67 44 22 77 40 35 48 36 34 56 26 23 33 11 67 56 
58 43 6 17 35 24 64 69 43 3 50 34 68 26 29 48 18 29 8 45 20 40 69 42 24 71 56 35 40 42 75 37 27 26 58 0 66 72 62 53 45 45 56 56 53 30 15 34 22 77 68 16 76 48 71 39 65 26 74 21 17 39 24 43 12 33 61 36 23 32 81 78 51 49 70 50 79 56 23 47 
16 50 62 55 42 63 28 7 43 70 64 70 22 54 62 40 48 87 58 69 50 66 14 62 90 46 65 43 81 46 10 61 74 41 16 66 0 8 46 61 97 26 16 11 41 68 75 46 72 58 24 66 37 95 20 49 28 85 7 46 75 58 76 89 74 45 37 90 52 49 62 49 28 52 39 20 17 26 80 52 
24 58 68 61 50 71 35 3 45 75 64 77 18 61 69 40 54 94 64 71 56 67 9 63 96 42 64 51 83 54 3 63 82 47 17 72 8 0 53 68 100 33 18 16 41 71 80 53 76 55 20 71 43 97 14 50 25 89 5 51 81 66 83 91 80 52 34 94 56 52 58 44 36 60 35 28 20 26 84 60 
30 19 55 45 27 42 19 53 70 64 89 41 66 36 38 70 47 67 56 91 43 86 59 84 78 86 93 27 95 19 55 81 51 42 54 62 46 53 0 20 105 29 53 45 74 81 76 28 79 98 67 72 21 107 64 72 69 87 51 52 59 28 54 101 61 29 75 96 64 67 102 90 21 16 80 31 43 63 84 17 
44 14 48 38 26 30 37 67 74 55 91 25 78 28 25 75 44 51 50 91 38 85 72 85 64 95 96 26 91 17 71 81 35 42 65 53 61 68 20 0 98 38 63 57 80 79 69 24 73 106 79 67 41 101 78 74 80 79 67 51 46 14 39 96 49 27 83 89 63 68 110 100 32 9 90 42 61 72 77 9 
95 87 51 61 78 69 104 96 56 43 43 78 88 70 74 61 58 61 49 35 62 35 94 40 45 77 49 78 18 86 102 38 69 64 83 45 97 100 105 98 0 83 81 86 64 28 29 78 27 77 87 33 117 8 93 50 82 20 103 55 56 84 65 10 51 76 74 9 45 48 79 84 91 93 81 86 113 75 21 92 
14 25 39 31 16 38 21 31 41 48 61 44 40 28 36 41 27 62 37 64 26 59 35 56 67 57 64 17 70 21 36 54 49 20 27 45 26 33 29 38 83 0 26 19 45 57 57 20 56 69 41 50 34 83 40 44 42 68 33 28 50 33 50 77 50 19 46 75 39 40 73 63 9 29 52 6 35 34 63 29 
24 51 52 47 40 58 38 15 27 59 48 66 15 49 58 24 39 80 47 53 42 50 14 46 80 33 49 41 65 47 20 45 69 33 2 56 16 18 53 63 81 26 0 8 25 53 62 43 57 46 16 53 50 79 16 33 17 71 22 35 67 58 69 73 65 42 23 76 38 34 49 38 32 54 27 22 34 11 66 54 
16 45 52 45 35 55 29 13 34 59 55 62 21 46 54 31 38 78 48 60 40 56 16 52 80 42 56 36 70 41 19 51 66 31 10 56 11 16 45 57 86 19 8 0 33 58 64 39 61 54 22 56 41 84 21 39 25 74 18 35 65 52 67 78 64 37 31 80 41 38 58 46 25 48 35 14 27 19 69 48 
48 66 52 52 54 65 61 38 9 55 24 76 25 58 67 5 42 81 46 31 48 29 33 24 75 18 24 54 46 63 42 26 74 40 25 53 41 41 74 80 64 45 25 33 0 37 53 57 45 27 24 43 74 60 30 15 18 59 45 35 68 71 73 55 64 54 10 60 30 21 31 25 53 71 18 43 58 15 53 71 
67 66 33 41 55 53 78 68 29 31 22 63 60 50 57 34 35 56 29 16 40 12 65 16 45 52 29 55 14 64 73 11 57 39 54 30 68 71 81 79 28 57 53 58 37 0 20 55 10 55 59 13 91 27 64 22 54 23 74 30 46 65 54 21 41 53 47 24 18 19 58 60 65 72 55 59 85 47 18 71 
70 58 21 31 49 40 77 77 43 14 42 49 73 41 45 48 30 37 21 36 34 32 75 35 25 70 49 49 27 57 82 31 40 37 64 15 75 80 76 69 29 57 62 64 53 20 0 49 10 74 72 10 90 33 76 37 68 11 82 30 29 55 37 28 24 47 62 20 25 32 78 77 64 64 71 61 89 59 8 62 
32 11 28 17 3 19 33 51 50 36 67 24 58 10 16 52 21 44 28 67 15 61 55 60 52 72 72 3 69 9 56 57 29 18 46 34 46 53 28 24 78 20 43 39 57 55 49 0 52 83 59 45 43 80 59 50 59 59 53 27 33 14 32 74 35 2 61 69 39 44 87 78 21 17 68 26 53 50 56 16 
68 62 26 35 52 46 77 72 36 22 33 56 67 45 51 41 31 47 24 26 36 22 70 26 35 61 40 52 19 60 78 21 48 37 59 22 72 76 79 73 27 56 57 61 45 10 10 52 0 65 66 7 90 28 70 30 61 14 78 28 37 60 45 22 32 50 55 19 20 25 68 69 64 68 63 59 87 53 9 66 
70 92 77 78 80 92 83 53 35 80 34 102 37 85 94 32 68 106 72 42 74 44 46 39 98 13 28 81 59 89 55 44 100 66 45 77 58 55 98 106 77 69 46 54 27 55 74 83 65 0 35 65 95 70 41 38 30 78 59 62 93 97 99 67 89 81 23 76 54 46 4 12 77 97 20 67 74 35 73 97 
38 66 65 61 56 73 51 18 31 71 48 82 2 64 74 26 52 94 60 55 57 53 11 48 92 22 46 56 69 62 20 49 84 47 14 68 24 20 67 79 87 41 16 22 24 59 72 59 66 35 0 62 61 83 6 37 6 80 25 47 81 73 84 78 78 57 15 83 47 41 38 25 47 70 15 37 40 13 74 70 
62 55 20 29 45 40 71 67 33 17 34 50 63 39 45 38 25 43 17 29 30 24 66 27 34 60 41 45 25 54 73 22 43 31 54 16 66 71 72 67 33 50 53 56 43 13 10 45 7 65 62 0 84 35 66 28 58 19 73 22 33 53 41 29 28 43 52 25 15 22 68 67 58 61 61 53 81 49 14 60 
26 38 70 60 41 61 13 44 73 79 94 61 59 53 57 71 60 86 69 97 57 92 51 90 95 82 96 42 104 37 44 88 70 53 50 76 37 43 21 41 117 34 50 41 74 91 90 43 90 95 61 84 0 117 57 77 65 101 39 62 77 48 73 111 78 44 72 109 73 74 98 85 26 36 76 33 27 61 97 37 
94 90 54 63 80 73 104 94 53 47 37 82 85 73 78 58 59 68 51 29 64 30 90 35 52 72 42 79 14 88 99 34 74 65 80 48 95 97 107 101 8 83 79 84 60 27 33 80 28 70 83 35 117 0 89 47 78 25 100 56 61 87 70 6 56 78 69 15 44 46 72 78 91 96 76 85 111 72 25 94 
35 66 68 63 56 74 47 13 36 74 54 82 4 65 74 31 55 96 63 61 58 59 6 54 95 28 53 56 75 61 14 55 85 49 14 71 20 14 64 78 93 40 16 21 30 64 76 59 70 41 6 66 57 89 0 43 12 84 19 50 83 73 86 84 81 58 22 88 52 46 43 30 45 69 21 35 34 17 79 69 
51 61 39 41 48 55 63 47 7 41 18 66 38 49 58 12 32 68 34 21 38 17 44 13 61 32 22 49 33 58 52 13 63 32 34 39 49 50 72 74 50 44 33 39 15 22 37 50 30 38 37 28 77 47 43 0 32 44 54 25 55 63 61 41 51 48 25 46 16 7 42 40 52 66 34 44 66 25 38 65 
41 67 63 60 56 72 54 23 25 68 42 81 8 63 73 20 50 92 57 49 55 47 17 42 88 17 40 56 64 63 26 44 82 46 15 65 28 25 69 80 82 42 17 25 18 54 68 59 61 30 6 58 65 78 12 32 0 75 30 45 78 73 82 72 75 57 9 78 43 36 33 21 49 71 11 38 45 9 70 71 
80 69 32 42 60 49 88 86 50 24 45 58 81 51 55 55 41 42 31 37 44 34 84 38 27 75 51 60 23 68 91 34 49 48 73 26 85 89 87 79 20 68 71 74 59 23 11 59 14 78 80 19 101 25 84 44 75 0 92 40 37 65 45 21 32 58 69 11 33 39 81 82 75 74 77 71 100 67 5 73 
22 56 69 62 50 71 32 7 48 77 69 77 23 61 69 44 56 95 65 74 57 71 13 67 97 47 69 50 87 53 5 67 82 49 21 74 7 5 51 67 103 33 22 18 45 74 82 53 78 59 25 73 39 100 19 54 30 92 0 53 82 65 83 95 81 52 39 97 59 55 62 48 35 58 40 27 15 30 87 59 
40 37 18 17 25 30 49 48 27 24 41 41 48 24 33 30 7 47 13 40 13 35 48 34 45 53 46 25 43 35 54 30 39 9 37 21 46 51 52 51 55 28 35 35 35 30 30 27 28 62 47 22 62 56 50 25 45 40 53 0 34 38 38 50 31 24 43 47 13 18 66 60 36 43 51 31 60 35 36 42 
64 39 16 20 36 16 66 79 59 16 66 22 81 23 21 63 28 13 22 62 25 57 80 59 19 86 73 35 55 40 84 54 12 34 69 17 75 81 59 46 56 50 67 65 68 46 29 33 37 93 81 33 77 61 83 55 78 37 82 34 0 32 8 57 5 33 76 47 40 48 97 93 54 44 85 56 85 69 36 42 
43 10 34 24 17 16 40 64 64 41 79 14 73 15 11 66 32 39 36 78 25 73 68 72 51 87 85 17 78 13 69 68 23 31 60 39 58 66 28 14 84 33 58 52 71 65 55 14 60 97 73 53 48 87 73 63 73 65 65 38 32 0 27 82 35 16 75 75 51 57 101 93 31 12 83 39 63 65 63 11 
63 35 22 22 35 13 64 80 65 24 73 15 84 22 17 68 32 13 28 70 27 64 82 66 25 91 80 34 64 37 85 61 4 37 71 24 76 83 54 39 65 50 69 67 73 54 37 32 45 99 84 41 73 70 86 61 82 45 83 38 8 27 0 65 14 32 81 56 46 54 103 98 52 39 89 56 84 73 45 37 
88 84 48 58 74 67 98 88 48 42 33 77 79 67 72 52 53 64 46 25 58 25 85 30 48 67 39 74 9 83 93 28 69 59 74 43 89 91 101 96 10 77 73 78 55 21 28 74 22 67 78 29 111 6 84 41 72 21 95 50 57 82 65 0 52 72 64 13 38 40 69 74 85 90 71 79 105 67 20 89 
64 41 13 19 37 19 67 77 55 11 62 26 78 25 24 59 26 17 18 57 24 52 78 54 17 82 68 36 50 42 82 49 17 32 67 12 74 80 61 49 51 50 65 64 64 41 24 35 32 89 78 28 78 56 81 51 75 32 81 31 5 35 14 52 0 34 73 42 35 44 93 90 54 46 81 55 85 66 31 45 
31 13 26 16 3 19 33 50 48 35 65 25 57 10 17 50 19 44 27 65 14 59 53 58 51 70 70 2 67 11 55 54 30 16 44 33 45 52 29 27 76 19 42 37 54 53 47 2 50 81 57 43 44 78 58 48 57 58 52 24 33 16 32 72 34 0 59 67 37 42 85 76 20 19 66 25 52 48 55 18 
47 70 60 59 58 72 60 32 19 64 33 82 17 64 73 14 49 89 55 41 54 39 26 34 85 11 31 58 56 66 35 36 81 46 22 61 37 34 75 83 74 46 23 31 10 47 62 61 55 23 15 52 72 69 22 25 9 69 39 43 76 75 81 64 73 59 0 70 39 31 27 18 54 74 9 43 53 12 63 74 
87 79 42 52 69 60 96 91 52 34 42 69 84 61 65 57 49 53 40 34 54 33 88 37 36 75 48 69 18 77 96 34 59 56 77 36 90 94 96 89 9 75 76 80 60 24 20 69 19 76 83 25 109 15 88 46 78 11 97 47 47 75 56 13 42 67 70 0 38 42 79 82 83 84 78 78 106 71 12 83 
50 50 24 27 38 41 60 53 20 26 29 51 48 36 44 25 19 52 18 28 25 22 51 22 46 47 35 38 31 48 58 18 48 22 40 23 52 56 64 63 45 39 38 41 30 18 25 39 20 54 47 15 73 44 52 16 43 33 59 13 40 51 46 38 35 37 39 38 0 8 58 55 47 56 47 41 68 35 28 55 
49 55 32 34 43 48 60 49 12 34 23 59 42 42 51 17 25 60 26 24 32 19 46 17 54 39 28 43 32 52 54 14 55 26 35 32 49 52 67 68 48 40 34 38 21 19 32 44 25 46 41 22 74 46 46 7 36 39 55 18 48 57 54 40 44 42 31 42 8 0 50 47 49 60 40 41 65 28 33 59 
74 96 81 82 84 96 87 56 39 83 37 106 40 89 98 36 73 110 76 45 79 47 49 43 102 16 31 85 62 93 57 47 104 71 48 81 62 58 102 110 79 73 49 58 31 58 78 87 68 4 38 68 98 72 43 42 33 81 62 66 97 101 103 69 93 85 27 79 58 50 0 14 81 101 23 70 77 39 76 101 
62 87 77 76 76 90 75 42 35 81 41 99 26 82 91 30 67 106 71 49 72 50 35 45 100 7 36 76 66 83 44 48 99 63 36 78 49 44 90 100 84 63 38 46 25 60 77 78 69 12 25 67 85 78 30 40 21 82 48 60 93 93 98 74 90 76 18 82 55 47 14 0 70 91 10 59 63 29 77 91 
13 22 45 35 18 39 14 35 50 54 70 43 46 30 37 49 33 65 43 72 31 67 40 65 71 65 73 18 79 18 39 63 50 27 34 51 28 36 21 32 91 9 32 25 53 65 64 21 64 77 47 58 26 91 45 52 49 75 35 36 54 31 52 85 54 20 54 83 47 49 81 70 0 24 60 11 32 42 71 24 
36 6 43 32 18 27 30 59 66 51 83 25 69 23 22 67 37 51 44 84 32 78 64 77 63 86 88 18 85 9 62 73 35 34 56 49 52 60 16 9 93 29 54 48 71 72 64 17 68 97 70 61 36 96 69 66 71 74 58 43 44 12 39 90 46 19 74 84 56 60 101 91 24 0 81 34 54 63 72 2 
51 77 69 67 65 80 65 33 28 73 39 90 17 72 81 23 58 98 63 47 63 46 26 41 93 7 36 66 63 73 35 44 90 54 26 70 39 35 80 90 81 52 27 35 18 55 71 68 63 20 15 61 76 76 21 34 11 77 40 51 85 83 89 71 81 66 9 78 47 40 23 10 60 81 0 49 54 18 72 81 
9 30 44 36 22 43 20 26 41 53 61 49 36 34 42 39 31 68 41 64 31 60 30 57 72 54 64 23 72 26 30 55 54 24 23 50 20 28 31 42 86 6 22 14 43 59 61 26 59 67 37 53 33 85 35 44 38 71 27 31 56 39 56 79 55 25 43 78 41 41 70 59 11 34 49 0 30 31 67 34 
21 53 74 65 50 71 24 22 61 82 81 75 37 62 69 57 61 97 71 87 61 83 28 79 102 62 82 50 97 50 20 78 82 53 33 79 17 20 43 61 113 35 34 27 58 85 89 53 87 74 40 81 27 111 34 66 45 100 15 60 85 63 84 105 85 52 53 106 68 65 77 63 32 54 54 30 0 44 95 54 
35 59 53 50 47 63 49 23 19 59 38 72 14 54 64 14 41 82 48 45 45 42 19 37 79 23 38 48 58 55 27 38 73 36 11 56 26 26 63 72 75 34 11 19 15 47 59 50 53 35 13 49 61 72 17 25 9 67 30 35 69 65 73 67 66 48 12 71 35 28 39 29 42 63 18 31 44 0 62 63 
76 66 29 39 57 48 84 81 45 22 40 57 75 49 53 50 37 44 28 32 41 29 79 33 30 70 46 57 20 65 86 29 48 44 67 23 80 84 84 77 21 63 66 69 53 18 8 56 9 73 74 14 97 25 79 38 70 5 87 36 36 63 45 20 31 55 63 12 28 33 76 77 71 72 72 67 95 62 0 70 
36 5 41 31 17 26 31 59 65 49 82 24 69 22 21 66 36 50 43 82 30 77 64 76 61 85 87 17 84 8 63 72 34 33 56 47 52 60 17 9 92 29 54 48 71 71 62 16 66 97 70 60 37 94 69 65 71 73 59 42 42 11 37 89 45 18 74 83 55 59 101 91 24 2 81 34 54 63 70 0 
0 1052 167 1805 373 0 19 8 227 53 68 73 0 161 0 975 1098 152 10 233 37 2615 34 399 0 87 394 0 14 61 52 0 22 3000 0 597 125 0 38 0 0 825 31 2553 18 115 658 86 56 0 0 472 13 250 11 84 290 134 0 179 20 23 60 20 49 0 1076 96 99 231 274 201 0 3000 0 167 810 96 3000 0 
1052 0 57 0 676 201 1070 47 0 21 0 170 0 383 275 358 276 0 181 1226 34 122 118 0 163 177 194 22 0 37 44 309 285 105 0 856 29 40 0 8 62 0 11 10 14 474 0 0 1428 1474 0 0 647 0 0 78 1259 0 0 194 462 354 404 0 284 0 41 58 8 36 227 0 0 515 0 151 31 0 10 132 
167 57 0 58 7 52 70 23 12 43 256 0 32 187 11 30 884 16 66 89 87 0 208 552 65 0 95 341 34 1537 13 61 0 71 324 328 0 360 347 11 10 1421 763 257 18 15 519 136 23 39 32 9 171 2061 344 47 84 245 295 56 612 8 0 61 197 143 0 0 0 485 0 1717 31 661 454 0 0 1450 30 26 
1805 0 58 0 98 0 49 263 45 117 215 183 1243 3000 0 0 0 304 33 215 178 0 148 54 0 0 26 16 182 132 0 0 0 35 482 0 0 16 22 13 116 344 1013 0 0 358 54 247 0 0 43 1039 339 1790 203 0 90 22 3000 0 2005 22 0 861 44 81 0 1103 613 73 0 124 325 14 174 1093 0 907 0 0 
373 676 7 98 0 203 953 15 707 628 212 13 51 31 43 12 27 282 262 65 57 1103 7 3000 3000 3000 47 943 1216 9 173 107 292 9 176 3000 39 465 1808 22 150 115 631 429 14 3000 2184 8 880 172 293 249 258 52 84 11 366 308 9 944 63 93 0 2277 42 54 0 7 3000 12 0 40 45 76 1571 2420 0 186 53 209 
0 201 52 0 203 0 31 0 0 1662 0 0 0 257 114 21 393 0 29 0 0 28 326 0 1410 0 65 220 0 458 99 24 0 0 0 337 89 76 0 8 52 0 0 88 47 0 0 0 3000 35 0 0 0 0 0 1489 0 0 0 28 254 0 0 0 0 0 0 0 0 55 0 0 0 0 0 0 0 0 305 2386 
19 1070 70 49 953 31 0 1656 0 79 133 70 0 17 164 246 26 411 142 26 246 80 153 0 14 276 3000 129 1939 1116 14 14 90 25 41 865 214 97 24 24 253 8 862 927 98 289 1439 1765 36 18 432 0 874 36 534 3000 10 382 0 45 143 94 1896 262 162 0 296 2017 13 21 366 28 417 158 0 921 1919 628 42 14 
8 47 23 263 15 0 1656 0 198 500 31 39 55 3000 0 165 699 60 441 40 8 0 111 1168 148 0 81 1136 45 66 36 0 0 17 18 28 0 975 486 1556 212 83 294 30 2583 1217 653 265 0 40 549 2844 693 10 22 3000 344 8 34 15 39 13 0 90 931 12 0 0 0 22 0 78 9 156 27 61 0 148 663 45 
227 0 12 45 707 0 0 198 0 66 1508 82 99 29 0 0 0 154 39 172 31 0 198 413 0 0 58 2182 15 8 0 0 0 832 776 0 0 0 14 12 0 219 783 0 0 31 325 40 0 0 44 89 971 163 64 0 1107 172 67 0 49 173 0 883 87 100 0 56 127 10 0 542 1259 44 232 531 0 64 0 0 
53 21 43 117 628 1662 79 500 66 0 65 95 150 63 17 989 617 884 18 58 28 31 1596 0 756 24 1075 49 477 253 289 418 557 310 1317 100 3000 1573 139 79 35 105 315 99 59 641 19 13 3000 22 186 35 283 33 18 7 78 76 42 1441 17 72 22 10 13 1962 13 727 66 248 1833 7 573 220 181 56 125 395 74 968 
68 0 256 215 212 0 133 31 1508 65 0 84 0 25 0 21 1366 1035 1025 11 36 138 270 17 0 49 47 0 23 79 424 0 9 50 0 250 113 0 242 0 0 254 185 787 100 13 333 72 0 0 0 45 912 55 17 0 521 288 0 44 122 284 524 1245 115 0 117 15 97 137 203 49 0 21 0 9 55 14 0 0 
73 170 0 183 13 0 70 39 82 95 84 0 0 32 0 29 72 0 921 2907 10 26 244 96 0 125 558 0 43 64 808 0 27 30 0 50 37 0 78 0 0 46 14 102 844 1964 148 185 0 0 0 57 19 29 25 0 32 12 0 334 377 24 119 9 699 0 223 609 592 300 97 96 0 609 0 88 2468 1248 1567 0 
0 0 32 1243 51 0 0 55 99 150 0 0 0 792 0 0 0 17 11 0 35 0 78 0 0 0 325 782 8 0 0 0 0 0 2614 0 0 367 0 24 128 27 36 0 0 26 171 199 0 641 37 0 0 41 0 0 0 32 33 0 1820 15 0 110 0 804 0 0 0 180 0 14 28 0 55 0 0 589 0 90 
161 383 187 3000 31 257 17 3000 29 63 25 32 792 0 3000 30 158 335 53 1197 359 0 1162 254 25 0 1553 1211 268 205 461 68 0 1062 12 14 199 24 249 1989 1931 153 49 152 1093 104 48 158 1118 45 931 104 142 208 14 35 11 77 1233 42 27 538 0 123 23 29 0 1011 1437 10 0 77 52 235 509 114 0 3000 165 41 
0 275 11 0 43 114 164 0 0 17 0 0 0 3000 0 35 45 0 12 0 0 0 21 0 97 0 337 3000 0 2039 576 274 0 0 0 397 440 493 0 11 15 0 360 1435 756 0 0 0 551 1917 0 0 0 0 0 1081 0 0 0 17 60 0 0 0 0 0 0 0 0 76 0 0 0 0 0 0 0 0 28 236 
975 358 30 0 12 21 246 165 0 989 21 29 0 30 35 0 84 73 45 37 20 10 2258 0 122 13 16 220 126 619 289 7 469 8 62 25 24 42 670 966 132 1707 425 669 16 189 57 52 100 93 12 0 474 18 150 210 23 0 0 1062 487 17 89 386 15 0 9 50 96 3000 2556 27 2260 29 0 11 86 950 1083 818 
1098 276 884 0 27 393 26 699 0 617 1366 72 0 158 45 84 0 138 89 32 58 158 3000 0 30 19 10 689 329 7 22 516 198 15 0 23 720 24 10 1871 19 1007 23 140 107 74 13 18 2121 158 456 0 1779 38 13 103 10 103 0 465 218 165 959 365 23 0 88 8 7 1041 522 10 16 31 0 1689 15 269 51 8 
152 0 16 304 282 0 411 60 154 884 1035 0 17 335 0 73 138 0 52 0 67 0 88 50 9 0 431 240 27 40 171 0 0 480 205 0 0 1258 295 470 1234 14 128 9 411 160 467 19 0 29 255 97 0 18 245 738 0 1312 1091 2733 296 29 0 34 94 105 0 0 0 350 0 43 3000 208 93 0 0 253 71 22 
10 181 66 33 262 29 142 441 39 18 1025 921 11 53 12 45 89 52 0 62 35 69 1243 0 161 2201 30 1971 379 253 38 72 48 138 504 58 43 68 928 22 93 63 18 236 49 32 703 1809 247 39 11 65 79 1396 41 233 19 43 76 69 33 61 193 17 43 262 14 166 359 29 47 943 251 735 572 97 219 175 471 572 
233 1226 89 215 65 0 26 40 172 58 11 2907 0 1197 0 37 32 0 62 0 2319 21 11 39 0 64 9 0 963 398 72 0 1187 12 0 573 9 0 2246 0 0 18 98 60 39 29 826 1270 51 0 0 62 332 847 755 0 113 45 0 462 227 96 48 60 20 0 20 190 104 377 2632 8 0 10 0 86 112 11 582 0 
37 34 87 178 57 0 246 8 31 28 36 10 35 359 0 20 58 67 35 2319 0 440 1015 3000 0 44 176 19 30 709 222 0 357 289 1147 24 143 90 78 669 1461 56 429 77 13 32 12 203 0 12 395 158 16 107 7 109 37 3000 1941 15 24 589 106 27 70 280 77 489 7 290 21 320 129 172 157 49 57 658 88 0 
2615 122 0 0 1103 28 80 0 0 31 138 26 0 0 0 10 158 0 69 21 440 0 791 0 0 132 28 0 0 123 12 22 340 26 0 712 81 0 0 0 0 0 0 761 906 0 50 0 39 0 0 0 47 28 136 3000 1606 0 0 56 462 1981 891 16 1082 0 715 731 58 8 23 0 0 115 0 1631 36 97 68 0 
34 118 208 148 7 326 153 111 198 1596 270 244 78 1162 21 2258 3000 88 1243 11 1015 791 0 139 17 0 556 2151 20 61 45 92 315 130 462 55 23 398 12 2064 2680 1066 25 10 42 9 1787 377 173 61 35 318 79 13 53 418 59 704 108 16 193 28 0 3000 86 309 0 674 70 265 0 41 20 1959 17 711 0 30 67 350 
399 0 552 54 3000 0 0 1168 413 0 17 96 0 254 0 0 0 50 0 39 3000 0 139 0 0 0 0 0 58 1699 0 0 0 105 0 0 0 0 62 0 0 37 45 0 0 73 10 107 0 0 159 216 9 786 462 0 0 20 45 0 0 2613 0 213 201 0 0 27 8 39 0 385 1622 71 0 0 0 41 0 0 
0 163 65 0 3000 1410 14 148 0 756 0 0 0 25 97 122 30 9 161 0 0 0 17 0 0 0 15 1257 0 23 561 3000 0 0 114 1703 27 167 0 36 754 0 67 52 409 584 0 0 8 517 94 0 0 0 0 9 0 0 0 26 162 243 0 0 0 0 0 0 0 17 0 0 422 0 0 0 0 0 48 85 
87 177 0 0 3000 0 276 0 0 24 49 125 0 0 0 13 19 0 2201 64 44 132 0 0 0 0 0 0 0 328 23 0 102 30 0 500 9 0 26 0 0 0 0 10 10 0 61 0 62 0 0 0 55 842 236 0 15 0 0 8 3000 26 293 17 91 0 283 291 97 28 305 0 0 1181 0 47 17 24 1862 0 
394 194 95 26 47 65 3000 81 58 1075 47 558 325 1553 337 16 10 431 30 9 176 28 556 0 15 0 0 19 85 23 30 115 9 109 158 9 213 66 26 118 112 42 99 55 14 331 3000 67 126 146 138 242 506 1123 335 18 11 3000 1114 32 324 23 50 48 952 25 0 18 35 10 273 19 61 157 40 327 491 233 528 522 
0 22 341 16 943 220 129 1136 2182 49 0 0 782 1211 3000 220 689 240 1971 0 19 0 2151 0 1257 0 19 0 36 2497 34 16 0 403 3000 19 0 331 16 566 3000 440 296 50 561 218 27 72 16 937 14 654 0 188 2301 3000 0 26 498 44 16 28 0 18 0 884 0 0 0 58 0 158 3000 78 830 0 0 327 27 32 
14 0 34 182 1216 0 1939 45 15 477 23 43 8 268 0 126 329 27 379 963 30 0 20 58 0 0 85 36 0 202 0 0 0 59 64 0 0 26 135 1604 50 106 913 0 0 3000 14 41 0 0 885 21 85 795 21 0 583 63 70 0 11 1697 0 139 175 53 0 15 11 83 0 269 584 1007 522 11 0 459 0 0 
61 37 1537 132 9 458 1116 66 8 253 79 64 0 205 2039 619 7 40 253 398 709 123 61 1699 23 328 23 2497 202 0 78 232 27 524 434 111 127 52 26 2458 1314 1199 160 16 442 594 71 214 790 55 152 178 493 469 3000 31 1067 11 23 25 56 423 55 28 602 10 652 37 148 210 2295 12 1095 78 0 55 2214 10 322 126 
52 44 13 0 173 99 14 36 0 289 424 808 0 461 576 289 22 171 38 72 222 12 45 0 561 23 30 34 0 78 0 47 546 131 0 29 636 13 0 174 9 0 8 3000 45 112 0 0 42 75 21 0 95 560 0 121 13 0 0 2086 85 10 257 0 63 0 14 33 28 189 99 144 347 251 0 298 47 9 444 170 
0 309 61 0 107 24 14 0 0 418 0 0 0 68 274 7 516 0 72 0 0 22 92 0 3000 0 115 16 0 232 47 0 0 2647 0 19 3000 52 0 293 43 0 79 178 875 17 0 0 41 721 0 0 0 0 0 30 3000 0 0 65 269 25 18 0 0 0 0 0 0 1426 101 0 0 10 0 0 0 0 54 9 
22 285 0 0 292 0 90 0 0 557 9 27 0 0 0 469 198 0 48 1187 357 340 315 0 0 102 9 0 0 27 546 0 0 3000 0 511 33 0 113 0 0 0 349 11 295 0 683 54 326 0 0 0 219 11 1177 59 61 343 0 15 265 46 12 22 36 0 105 10 159 22 66 22 0 42 0 8 28 134 170 0 
3000 105 71 35 9 0 25 17 832 310 50 30 0 1062 0 8 15 480 138 12 289 26 130 105 0 30 109 403 59 524 131 2647 3000 0 0 3000 58 64 24 279 0 521 11 1497 288 44 49 9 278 0 0 16 17 151 152 3000 18 92 0 58 64 9 103 24 116 0 112 105 63 422 117 10 0 67 0 275 31 292 9 0 
0 0 324 482 176 0 41 18 776 1317 0 0 2614 12 0 62 0 205 504 0 1147 0 462 0 114 0 158 3000 64 434 0 0 0 0 0 0 0 36 27 12 31 296 1148 0 0 8 31 302 0 9 920 932 0 1807 0 0 0 17 25 0 105 36 0 20 0 276 0 0 0 321 0 2488 86 0 107 0 0 139 85 116 
597 856 328 0 3000 337 865 28 0 100 250 50 0 14 397 25 23 0 58 573 24 712 55 0 1703 500 9 19 0 111 29 19 511 3000 0 0 1733 21 0 100 71 0 897 931 21 181 0 0 18 29 0 0 504 33 0 9 11 0 0 131 15 163 823 0 131 0 93 13 16 506 12 20 0 160 0 963 14 0 159 12 
125 29 0 0 39 89 214 0 0 3000 113 37 0 199 440 24 720 0 43 9 143 81 23 0 27 9 213 0 0 127 636 3000 33 58 0 1733 0 77 947 0 0 0 40 848 11 0 768 0 255 0 0 0 57 12 9 20 45 0 0 245 244 83 1236 60 101 0 1293 11 113 3000 540 57 0 31 0 3000 25 148 261 0 
0 40 360 16 465 76 97 975 0 1573 0 0 367 24 493 42 24 1258 68 0 90 0 398 0 167 0 66 331 26 52 13 52 0 64 36 21 77 0 0 83 487 13 584 1291 497 180 0 0 3000 224 28 0 0 561 0 272 0 0 1081 146 17 316 0 16 0 3000 0 0 0 293 0 143 20 3000 914 0 0 78 14 9 
38 0 347 22 1808 0 24 486 14 139 242 78 0 249 0 670 10 295 928 2246 78 0 12 62 0 26 26 16 135 26 0 0 113 24 27 0 947 0 0 12 0 99 8 0 0 283 209 12 0 0 1985 104 1520 283 10 0 8 1878 39 0 1417 11 0 71 3000 75 0 10 285 54 0 691 183 25 0 326 0 2978 0 0 
0 8 11 13 22 8 24 1556 12 79 0 0 24 1989 11 966 1871 470 22 0 669 0 2064 0 36 0 118 566 1604 2458 174 293 0 279 12 100 0 83 12 0 37 109 239 1759 306 114 1121 168 49 44 250 70 0 587 3000 224 0 28 58 13 465 1793 0 19 3000 1231 0 0 0 11 0 244 15 19 992 0 0 161 162 144 
0 62 10 116 150 52 253 212 0 35 0 0 128 1931 15 132 19 1234 93 0 1461 0 2680 0 754 0 112 3000 50 1314 9 43 0 0 31 71 0 487 0 37 0 33 21 40 40 183 0 91 64 105 159 0 0 11 0 252 0 0 17 340 111 1161 0 189 0 24 0 0 0 1233 0 18 28 0 573 0 0 190 59 407 
825 0 1421 344 115 0 8 83 219 105 254 46 27 153 0 1707 1007 14 63 18 56 0 1066 37 0 0 42 440 106 1199 0 0 0 521 296 0 0 13 99 109 33 0 13 221 0 28 12 21 0 30 7 19 22 365 38 0 217 155 107 0 734 159 0 457 13 147 0 43 126 60 0 175 1912 340 1617 112 0 678 0 0 
31 11 763 1013 631 0 862 294 783 315 185 14 36 49 360 425 23 128 18 98 429 0 25 45 67 0 99 296 913 160 8 79 349 11 1148 897 40 584 8 239 21 13 0 10 36 413 18 43 319 9 107 64 189 447 234 37 25 559 164 70 63 868 0 113 3000 669 0 27 46 161 0 28 59 496 20 337 0 1000 35 322 
2553 10 257 0 429 88 927 30 0 99 787 102 0 152 1435 669 140 9 236 60 77 761 10 0 52 10 55 50 0 16 3000 178 11 1497 0 931 848 1291 0 1759 40 221 10 0 28 730 628 10 25 166 123 0 101 15 116 484 3000 0 0 12 29 57 288 153 424 0 58 56 66 595 300 651 162 173 0 28 7 170 367 499 
18 14 18 0 14 47 98 2583 0 59 100 844 0 1093 756 16 107 411 49 39 13 906 42 0 409 10 14 561 0 442 45 875 295 288 0 21 11 497 0 306 40 0 36 28 0 208 0 0 24 484 25 0 58 11 0 7 120 0 0 1680 477 115 626 0 1049 0 241 2104 1056 39 20 530 483 324 0 95 265 0 7 138 
115 474 15 358 3000 0 289 1217 31 641 13 1964 26 104 0 189 74 160 32 29 32 0 9 73 584 0 331 218 3000 594 112 17 0 44 8 181 0 180 283 114 183 28 413 730 208 0 39 120 21 56 228 136 372 982 10 50 43 19 860 70 37 464 0 153 27 23 0 0 1907 3000 0 156 71 13 70 959 0 347 1060 1715 
658 0 519 54 2184 0 1439 653 325 19 333 148 171 48 0 57 13 467 703 826 12 50 1787 10 0 61 3000 27 14 71 0 0 683 49 31 0 768 0 209 1121 0 12 18 628 0 39 0 90 0 0 227 59 888 59 1178 0 53 10 14 0 1977 421 0 63 679 423 0 748 42 66 0 3000 19 18 2796 1643 0 17 0 0 
86 0 136 247 8 0 1765 265 40 13 72 185 199 158 0 52 18 19 1809 1270 203 0 377 107 0 0 67 72 41 214 0 0 54 9 302 0 0 0 12 168 91 21 43 10 0 120 90 0 0 0 180 357 35 530 115 0 797 1136 43 0 2052 1544 0 52 23 321 0 36 28 141 0 1123 1860 245 73 3000 0 105 0 0 
56 1428 23 0 880 3000 36 0 0 3000 0 0 0 1118 551 100 2121 0 247 51 0 39 173 0 8 62 126 16 0 790 42 41 326 278 0 18 255 3000 0 49 64 0 319 25 24 21 0 0 0 15 0 0 13 0 0 3000 44 0 0 12 229 69 44 0 566 0 76 130 14 3000 311 0 0 132 0 17 18 0 783 116 
0 1474 39 0 172 35 18 40 0 22 0 0 641 45 1917 93 158 29 39 0 12 0 61 0 517 0 146 937 0 55 75 721 0 0 9 29 0 224 0 44 105 30 9 166 484 56 0 0 15 0 89 0 0 779 0 590 0 0 49 248 1986 2651 0 0 0 234 0 0 0 3000 0 372 953 33 867 0 0 0 156 662 
0 0 32 43 293 0 432 549 44 186 0 0 37 931 0 12 456 255 11 0 395 0 35 159 94 0 138 14 885 152 21 0 0 0 920 0 0 28 1985 250 159 7 107 123 25 228 227 180 0 89 0 59 0 61 386 2340 0 15 545 0 36 130 0 15 0 11 0 0 0 280 0 154 11 795 213 0 0 19 321 8 
472 0 9 1039 249 0 0 2844 89 35 45 57 0 104 0 0 0 97 65 62 158 0 318 216 0 0 242 654 21 178 0 0 0 16 932 0 0 0 104 70 0 19 64 0 0 136 59 357 0 0 59 0 828 1165 195 0 3000 89 429 0 0 129 0 13 28 0 0 77 21 20 0 51 437 11 0 56 0 1820 0 0 
13 647 171 339 258 0 874 693 971 283 912 19 0 142 0 474 1779 0 79 332 16 47 79 9 0 55 506 0 85 493 95 0 219 17 0 504 57 0 1520 0 0 22 189 101 58 372 888 35 13 0 0 828 0 28 76 1446 1824 217 0 221 861 161 374 24 77 0 436 31 40 247 10 2190 0 21 0 124 44 27 3000 0 
250 0 2061 1790 52 0 36 10 163 33 55 29 41 208 0 18 38 18 1396 847 107 28 13 786 0 842 1123 188 795 469 560 0 11 151 1807 33 12 561 283 587 11 365 447 15 11 982 59 530 0 779 61 1165 28 0 175 0 89 18 688 166 121 299 0 2007 216 8 0 110 499 215 0 9 50 34 69 132 0 95 442 0 
11 0 344 203 84 0 534 22 64 18 17 25 0 14 0 150 13 245 41 755 7 136 53 462 0 236 335 2301 21 3000 0 0 1177 152 0 0 9 0 10 3000 0 38 234 116 0 10 1178 115 0 0 386 195 76 175 0 0 1355 702 0 0 27 2922 11 171 202 0 34 366 187 2969 50 161 10 222 0 113 69 235 0 0 
84 78 47 0 11 1489 3000 3000 0 7 0 0 0 35 1081 210 103 738 233 0 109 3000 418 0 9 0 18 3000 0 31 121 30 59 3000 0 9 20 272 0 224 252 0 37 484 7 50 0 0 3000 590 2340 0 1446 0 0 0 361 0 0 33 501 411 10 0 0 0 0 54 23 24 690 0 330 363 0 104 251 0 3000 17 
290 1259 84 90 366 0 10 344 1107 78 521 32 0 11 0 23 10 0 19 113 37 1606 59 0 0 15 11 0 583 1067 13 3000 61 18 0 11 45 0 8 0 0 217 25 3000 120 43 53 797 44 0 0 3000 1824 89 1355 361 0 187 0 14 524 45 471 45 354 0 15 1910 136 891 156 13 0 21 0 125 16 320 180 0 
134 0 245 22 308 0 382 8 172 76 288 12 32 77 0 0 103 1312 43 45 3000 0 704 20 0 0 3000 26 63 11 0 0 343 92 17 0 0 0 1878 28 0 155 559 0 0 19 10 1136 0 0 15 89 217 18 702 0 187 0 89 0 717 247 0 101 102 1339 0 550 777 183 0 46 39 673 245 303 0 36 0 0 
0 0 295 3000 9 0 0 34 67 42 0 0 33 1233 0 0 0 1091 76 0 1941 0 108 45 0 0 1114 498 70 23 0 0 0 0 25 0 0 1081 39 58 17 107 164 0 0 860 14 43 0 49 545 429 0 688 0 0 0 89 0 0 1881 815 0 15 0 38 0 0 0 1122 0 46 1991 0 53 0 0 24 0 0 
179 194 56 0 944 28 45 15 0 1441 44 334 0 42 17 1062 465 2733 69 462 15 56 16 0 26 8 32 44 0 25 2086 65 15 58 0 131 245 146 0 13 340 0 70 12 1680 70 0 0 12 248 0 0 221 166 0 33 14 0 0 0 32 2603 361 0 24 0 109 303 923 47 126 221 0 132 0 9 66 0 71 14 
20 462 612 2005 63 254 143 39 49 17 122 377 1820 27 60 487 218 296 33 227 24 462 193 0 162 3000 324 16 11 56 85 269 265 64 105 15 244 17 1417 465 111 734 63 29 477 37 1977 2052 229 1986 36 0 861 121 27 501 524 717 1881 32 0 64 1194 67 68 889 0 171 44 17 2731 737 95 424 105 120 503 234 12 780 
23 354 8 22 93 0 94 13 173 72 284 24 15 538 0 17 165 29 61 96 589 1981 28 2613 243 26 23 28 1697 423 10 25 46 9 36 163 83 316 11 1793 1161 159 868 57 115 464 421 1544 69 2651 130 129 161 299 2922 411 45 247 815 2603 64 0 0 16 299 96 0 234 68 21 0 134 185 62 15 14 0 269 11 1077 
60 404 0 0 0 0 1896 0 0 22 524 119 0 0 0 89 959 0 193 48 106 891 0 0 0 293 50 0 0 55 257 18 12 103 0 823 1236 0 0 0 0 0 0 288 626 0 0 0 44 0 0 0 374 0 11 10 471 0 0 361 1194 0 0 0 99 0 914 833 144 959 829 0 0 105 0 109 18 0 1142 0 
20 0 61 861 2277 0 262 90 883 10 1245 9 110 123 0 386 365 34 17 60 27 16 3000 213 0 17 48 18 139 28 0 0 22 24 20 0 60 16 71 19 189 457 113 153 0 153 63 52 0 0 15 13 24 2007 171 0 45 101 15 0 67 16 0 0 179 39 0 148 706 22 0 19 71 1183 797 97 0 12 0 0 
49 284 197 44 42 0 162 931 87 13 115 699 0 23 0 15 23 94 43 20 70 1082 86 201 0 91 952 0 175 602 63 0 36 116 0 131 101 0 3000 3000 0 13 3000 424 1049 27 679 23 566 0 0 28 77 216 202 0 354 102 0 24 68 299 99 179 0 0 1286 11 1482 39 86 34 0 19 0 16 42 59 250 0 
0 0 143 81 54 0 0 12 100 1962 0 0 804 29 0 0 0 105 262 0 280 0 309 0 0 0 25 884 53 10 0 0 0 0 276 0 0 3000 75 1231 24 147 669 0 0 23 423 321 0 234 11 0 0 8 0 0 0 1339 38 0 889 96 0 39 0 0 0 0 0 29 0 389 185 0 92 0 0 171 383 1256 
1076 41 0 0 0 0 296 0 0 13 117 223 0 0 0 9 88 0 14 20 77 715 0 0 0 283 0 0 0 652 14 0 105 112 0 93 1293 0 0 0 0 0 0 58 241 0 0 0 76 0 0 0 436 0 34 0 15 0 0 109 0 0 914 0 1286 0 0 1486 25 1960 890 0 0 244 0 234 457 0 506 0 
96 58 0 1103 7 0 2017 0 56 727 15 609 0 1011 0 50 8 0 166 190 489 731 674 27 0 291 18 0 15 37 33 0 10 105 0 13 11 0 10 0 0 43 27 56 2104 0 748 36 130 0 0 77 31 110 366 54 1910 550 0 303 171 234 833 148 11 0 1486 0 245 1270 32 9 0 528 0 89 1480 28 18 0 
99 8 0 613 3000 0 13 0 127 66 97 592 0 1437 0 96 7 0 359 104 7 58 70 8 0 97 35 0 11 148 28 0 159 63 0 16 113 0 285 0 0 126 46 66 1056 1907 42 28 14 0 0 21 40 499 187 23 136 777 0 923 44 68 144 706 1482 0 25 245 0 26 13 281 0 21 0 14 926 144 1537 0 
231 36 485 73 12 55 21 22 10 248 137 300 180 10 76 3000 1041 350 29 377 290 8 265 39 17 28 10 58 83 210 189 1426 22 422 321 506 3000 293 54 11 1233 60 161 595 39 3000 66 141 3000 3000 280 20 247 215 2969 24 891 183 1122 47 17 21 959 22 39 29 1960 1270 26 0 168 9 679 526 11 8 1564 78 626 79 
274 227 0 0 0 0 366 0 0 1833 203 97 0 0 0 2556 522 0 47 2632 21 23 0 0 0 305 273 0 0 2295 99 101 66 117 0 12 540 0 0 0 0 0 0 300 20 0 0 0 311 0 0 0 10 0 50 690 156 0 0 126 2731 0 829 0 86 0 890 32 13 168 0 0 0 784 0 14 211 0 2630 0 
201 0 1717 124 40 0 28 78 542 7 49 96 14 77 0 27 10 43 943 8 320 0 41 385 0 0 19 158 269 12 144 0 22 10 2488 20 57 143 691 244 18 175 28 651 530 156 3000 1123 0 372 154 51 2190 9 161 0 13 46 46 221 737 134 0 19 34 389 0 9 281 9 0 0 790 28 32 1320 0 52 73 0 
0 0 31 325 45 0 417 9 1259 573 0 0 28 52 0 2260 16 3000 251 0 129 0 20 1622 422 0 61 3000 584 1095 347 0 0 0 86 0 0 20 183 15 28 1912 59 162 483 71 19 1860 0 953 11 437 0 50 10 330 0 39 1991 0 95 185 0 71 0 185 0 0 0 679 0 790 0 0 107 0 0 30 27 41 
3000 515 661 14 76 0 158 156 44 220 21 609 0 235 0 29 31 208 735 10 172 115 1959 71 0 1181 157 78 1007 78 251 10 42 67 0 160 31 3000 25 19 0 340 496 173 324 13 18 245 132 33 795 11 21 34 222 363 21 673 0 132 424 62 105 1183 19 0 244 528 21 526 784 28 0 0 0 21 375 25 41 0 
0 0 454 174 1571 0 0 27 232 181 0 0 55 509 0 0 0 93 572 0 157 0 17 0 0 0 40 830 522 0 0 0 0 0 107 0 0 914 0 992 573 1617 20 0 0 70 2796 73 0 867 213 0 0 69 0 0 0 245 53 0 105 15 0 797 0 92 0 0 0 11 0 32 107 0 0 0 0 71 0 0 
167 151 0 1093 2420 0 921 61 531 56 9 88 0 114 0 11 1689 0 97 86 49 1631 711 0 0 47 327 0 11 55 298 0 8 275 0 963 3000 0 326 0 0 112 337 28 95 959 1643 3000 17 0 0 56 124 132 113 104 125 303 0 9 120 14 109 97 16 0 234 89 14 8 14 1320 0 21 0 0 1284 343 166 0 
810 31 0 0 0 0 1919 0 0 125 55 2468 0 0 0 86 15 0 219 112 57 36 0 0 0 17 491 0 0 2214 47 0 28 31 0 14 25 0 0 0 0 0 0 7 265 0 0 0 18 0 0 0 44 0 69 251 16 0 0 66 503 0 18 0 42 0 457 1480 926 1564 211 0 0 375 0 1284 0 0 9 0 
96 0 1450 907 186 0 628 148 64 395 14 1248 589 3000 0 950 269 253 175 11 658 97 30 41 0 24 233 327 459 10 9 0 134 292 139 0 148 78 2978 161 190 678 1000 170 0 347 17 105 0 0 19 1820 27 95 235 0 320 36 24 0 234 269 0 12 59 171 0 28 144 78 0 52 30 25 71 343 0 0 0 0 
3000 10 30 0 53 305 42 663 0 74 0 1567 0 165 28 1083 51 71 471 582 88 68 67 0 48 1862 528 27 0 322 444 54 170 9 85 159 261 14 0 162 59 0 35 367 7 1060 0 0 783 156 321 0 3000 442 0 3000 180 0 0 71 12 11 1142 0 250 383 506 18 1537 626 2630 73 27 41 0 166 9 0 0 279 
0 132 26 0 209 2386 14 45 0 968 0 0 90 41 236 818 8 22 572 0 0 0 350 0 85 0 522 32 0 126 170 9 0 0 116 12 0 9 0 144 407 0 322 499 138 1715 0 0 116 662 8 0 0 0 0 17 0 0 0 14 780 1077 0 0 0 1256 0 0 0 79 0 0 41 0 0 0 0 0 279 0 
