80
0 75 85 91 15 95 70 57 4 98 38 85 12 84 48 118 93 76 54 26 28 79 89 67 22 115 86 36 93 80 97 44 75 97 107 46 52 80 74 77 38 80 47 70 55 79 50 60 86 86 70 26 102 114 21 16 62 73 66 2 37 57 61 78 30 89 87 34 45 35 38 56 95 95 76 58 80 87 45 38 
75 0 35 23 83 68 18 41 77 60 45 71 73 93 37 56 27 73 69 60 71 39 82 86 66 57 68 47 94 42 74 49 42 42 42 52 57 58 9 57 41 81 29 54 63 60 35 15 93 49 49 49 48 50 65 59 20 3 42 75 68 59 27 77 62 17 68 41 70 42 44 29 54 44 76 54 84 33 30 38 
85 35 0 21 87 34 21 30 86 26 47 41 78 68 38 33 18 47 54 62 69 74 53 67 68 30 38 49 66 12 41 44 16 11 24 45 44 29 43 30 63 56 51 30 48 32 63 40 67 15 26 63 17 29 68 69 51 34 23 85 62 43 58 52 61 28 37 56 60 61 47 30 19 11 51 38 58 3 46 58 
91 23 21 0 96 55 21 43 93 44 56 62 86 88 46 33 5 68 71 71 81 60 74 86 78 35 58 58 86 33 61 56 35 22 20 58 60 50 30 50 61 76 48 49 64 53 57 35 87 36 45 66 28 27 77 75 42 24 40 91 76 60 49 72 72 8 58 58 75 61 55 37 38 26 71 55 78 18 47 57 
15 83 87 96 0 91 75 58 12 96 41 80 10 74 50 120 98 69 47 25 20 92 81 56 19 117 81 38 84 80 92 43 75 98 110 44 48 77 83 73 50 71 57 67 49 75 62 68 77 85 68 35 103 116 19 25 72 80 66 17 30 53 73 70 27 96 83 43 37 46 41 60 94 96 68 54 72 89 53 49 
95 68 34 55 91 0 51 40 94 13 60 14 85 41 53 49 50 26 46 68 71 106 24 49 73 42 11 61 36 25 7 51 27 35 49 49 43 15 76 18 85 31 75 25 42 16 89 68 39 19 26 79 33 50 74 81 81 67 33 95 61 38 88 29 65 62 9 75 55 81 60 50 17 30 29 37 33 37 68 79 
70 18 21 21 75 51 0 25 72 45 34 53 65 76 25 50 23 55 54 50 60 55 65 70 56 49 50 37 76 26 57 36 25 31 37 38 41 41 25 40 42 64 30 36 47 43 42 19 75 33 32 46 37 45 56 54 30 16 25 70 55 43 38 60 51 22 51 38 56 41 34 16 39 32 58 38 66 21 27 38 
57 41 30 43 58 40 25 0 58 41 20 36 49 53 12 62 43 34 29 32 39 73 46 45 38 59 35 22 56 22 45 14 18 41 53 15 16 26 47 24 45 42 37 17 22 26 51 34 53 29 14 39 45 59 39 42 46 39 9 58 33 18 52 38 31 46 36 34 32 41 20 13 38 38 36 13 44 32 29 39 
4 77 86 93 12 94 72 58 0 98 39 84 10 82 49 119 95 75 53 26 26 83 87 65 21 116 85 37 91 80 97 44 76 98 108 46 51 80 76 77 41 78 50 70 54 78 53 62 84 86 70 28 102 115 20 18 65 75 66 5 35 56 64 76 29 91 87 36 43 38 39 57 95 96 74 57 79 88 48 41 
98 60 26 44 96 13 45 41 98 0 61 26 89 54 53 36 40 37 54 72 77 99 37 60 78 29 23 63 49 21 19 55 24 23 36 53 49 21 69 24 83 43 73 30 49 23 86 64 52 14 29 80 20 37 78 84 76 60 33 99 68 45 83 40 70 52 21 75 63 80 62 48 6 19 41 42 46 27 66 78 
38 45 47 56 41 60 34 20 39 61 0 53 31 63 10 80 57 47 32 16 26 66 60 50 22 77 52 2 68 42 64 10 38 59 69 14 22 45 47 42 29 54 26 35 28 45 39 32 64 49 34 20 64 76 22 22 40 42 29 38 24 27 44 51 17 56 54 17 29 24 1 19 57 57 49 25 56 49 19 24 
85 71 41 62 80 14 53 36 84 26 53 0 74 28 48 62 59 12 33 59 60 107 12 35 63 55 4 54 24 30 13 44 28 45 60 41 34 13 78 14 80 17 73 19 31 11 87 68 26 26 23 73 45 62 64 73 81 69 31 86 50 28 87 14 55 68 6 70 43 76 54 48 29 40 15 29 19 44 65 75 
12 73 78 86 10 85 65 49 10 89 31 74 0 73 41 111 88 65 43 17 16 82 77 55 12 108 75 29 81 72 87 35 67 89 101 36 41 70 73 67 40 68 47 60 44 69 52 58 75 77 60 25 94 107 11 15 62 70 58 13 25 47 63 67 20 86 77 33 34 36 31 50 86 87 64 48 69 80 43 39 
84 93 68 88 74 41 76 53 82 54 63 28 73 0 62 90 85 20 32 61 57 125 18 18 63 83 32 62 11 56 37 53 53 73 88 49 41 39 99 38 92 12 87 40 35 36 101 87 3 54 44 80 73 90 64 77 99 91 51 86 48 36 104 16 56 94 34 80 40 87 63 66 57 68 17 40 10 71 79 87 
48 37 38 46 50 53 25 12 49 53 10 48 41 62 0 70 47 44 33 25 35 64 57 51 32 68 47 12 66 33 57 12 29 49 60 15 21 38 41 36 32 52 25 29 28 39 39 27 63 40 27 27 54 66 31 32 37 35 20 48 31 26 42 48 26 47 48 22 33 29 10 10 49 47 46 22 54 39 18 27 
118 56 33 33 120 49 50 62 119 36 80 62 111 90 70 0 28 72 84 94 102 92 73 94 101 7 58 82 84 41 54 77 46 22 13 77 76 53 63 55 92 79 79 59 78 56 90 67 88 39 56 95 18 6 101 102 75 57 55 118 94 73 82 75 93 40 56 87 91 91 80 62 33 25 75 69 81 31 76 87 
93 27 18 5 98 50 23 43 95 40 57 59 88 85 47 28 0 65 70 72 81 65 71 84 79 30 55 59 83 30 57 56 33 17 15 58 59 46 35 47 64 73 52 47 63 50 61 39 84 32 43 69 22 23 78 77 47 28 38 93 76 59 54 69 72 13 54 61 75 64 57 38 34 21 68 54 76 14 49 60 
76 73 47 68 69 26 55 34 75 37 47 12 65 20 44 72 65 0 22 50 49 107 13 23 53 66 15 48 22 35 25 37 33 53 69 34 26 19 79 18 76 8 70 19 21 16 84 68 20 34 23 66 54 71 55 65 80 71 31 77 40 20 86 4 46 73 17 65 32 72 48 47 39 49 4 23 11 51 62 71 
54 69 54 71 47 46 54 29 53 54 32 33 43 32 33 84 70 22 0 30 27 97 35 18 32 79 35 31 39 43 46 23 39 64 78 19 13 33 74 30 61 25 58 26 7 31 70 60 33 46 29 49 66 83 33 45 71 67 32 55 18 12 75 24 25 75 37 49 10 56 33 40 53 60 22 17 26 58 50 56 
26 60 62 71 25 68 50 32 26 72 16 59 17 61 25 94 72 50 30 0 11 77 63 45 6 91 59 13 69 55 71 18 50 73 85 20 25 54 61 51 36 55 38 44 29 52 47 46 63 61 44 21 77 91 6 16 53 57 41 27 14 31 55 53 5 71 61 25 22 31 16 35 69 71 50 31 56 64 32 32 
28 71 69 81 20 71 60 39 26 77 26 60 16 57 35 102 81 49 27 11 0 88 62 39 8 98 61 24 65 61 72 25 56 80 93 25 28 57 73 53 46 52 49 47 29 55 58 57 59 66 48 31 84 99 10 24 65 68 47 29 10 33 67 51 9 82 63 36 18 42 27 44 74 77 49 35 53 72 43 43 
79 39 74 60 92 106 55 73 83 99 66 107 82 125 64 92 65 107 97 77 88 0 118 115 81 95 104 67 128 80 112 74 80 81 79 78 85 95 31 93 43 115 40 88 91 96 30 39 126 87 85 58 86 86 80 68 27 40 77 78 90 89 22 111 81 52 105 52 95 47 65 60 93 83 109 85 117 73 47 45 
89 82 53 74 81 24 65 46 87 37 60 12 77 18 57 73 71 13 35 63 62 118 0 30 66 66 16 61 12 42 20 50 40 57 72 47 39 25 90 25 89 11 82 29 34 22 96 79 15 39 33 80 56 73 68 78 91 81 41 90 52 33 97 11 59 81 17 77 44 84 61 58 40 52 13 36 11 57 74 83 
67 86 67 86 56 49 70 45 65 60 50 35 55 18 51 94 84 23 18 45 39 115 30 0 46 88 38 49 28 55 47 41 51 75 90 37 30 41 91 39 78 19 76 37 24 38 88 78 21 56 41 66 76 93 48 61 89 84 46 68 31 27 93 21 40 90 40 67 23 73 50 57 61 70 20 32 18 70 68 74 
22 66 68 78 19 73 56 38 21 78 22 63 12 63 32 101 79 53 32 6 8 81 66 46 0 97 63 20 71 61 75 24 56 79 91 25 30 59 67 55 39 57 43 49 32 57 51 52 65 66 49 24 83 97 2 16 58 63 47 23 15 35 60 55 8 78 65 29 23 34 22 41 75 77 53 36 58 70 37 36 
115 57 30 35 117 42 49 59 116 29 77 55 108 83 68 7 30 66 79 91 98 95 66 88 97 0 51 80 77 37 47 73 42 19 16 73 71 47 65 50 92 72 79 54 73 50 90 67 81 33 51 93 14 11 98 99 76 58 51 116 90 69 84 69 90 43 50 86 87 90 77 60 27 21 69 65 74 29 75 87 
86 68 38 58 81 11 50 35 85 23 52 4 75 32 47 58 55 15 35 59 61 104 16 38 63 51 0 53 28 26 12 43 25 41 56 40 34 10 75 11 79 21 71 18 32 8 85 66 30 23 20 72 41 58 65 73 78 66 28 86 51 28 85 18 56 65 2 69 44 75 53 46 25 36 18 28 23 41 63 74 
36 47 49 58 38 61 37 22 37 63 2 54 29 62 12 82 59 48 31 13 24 67 61 49 20 80 53 0 68 44 65 10 39 61 72 14 22 46 49 43 29 54 27 36 27 46 39 34 64 50 35 19 66 78 19 21 42 44 30 36 22 27 46 51 15 58 55 18 27 25 3 21 59 59 49 25 56 51 20 25 
93 94 66 86 84 36 76 56 91 49 68 24 81 11 66 84 83 22 39 69 65 128 12 28 71 77 28 68 0 54 30 58 52 69 84 54 47 37 101 37 97 15 92 40 41 34 105 90 8 51 45 87 68 85 73 85 102 92 52 94 56 41 108 18 64 93 29 86 48 93 69 69 52 64 20 44 13 69 84 92 
80 42 12 33 80 25 26 22 80 21 42 30 72 56 33 41 30 35 43 55 61 80 42 55 61 37 26 44 54 0 32 37 5 20 35 36 34 17 50 18 62 44 52 18 37 20 65 43 55 7 15 60 23 39 61 64 56 41 14 80 53 32 63 39 53 39 26 54 50 60 42 27 16 17 39 28 46 15 45 57 
97 74 41 61 92 7 57 45 97 19 64 13 87 37 57 54 57 25 46 71 72 112 20 47 75 47 12 65 30 32 0 55 32 41 55 52 46 19 82 21 89 29 80 29 43 19 94 74 35 26 30 83 39 55 76 85 86 73 38 98 63 40 93 26 67 69 10 79 56 86 64 55 24 36 28 40 30 43 73 84 
44 49 44 56 43 51 36 14 44 55 10 44 35 53 12 77 56 37 23 18 25 74 50 41 24 73 43 10 58 37 55 0 32 55 67 4 12 37 53 34 39 44 35 26 18 36 48 38 54 42 26 29 59 74 24 30 48 47 23 44 20 17 53 41 17 57 45 27 21 34 10 20 51 53 39 15 46 47 27 34 
75 42 16 35 75 27 25 18 76 24 38 28 67 53 29 46 33 33 39 50 56 80 40 51 56 42 25 39 52 5 32 32 0 25 39 31 29 16 50 15 59 41 49 14 32 18 63 42 52 11 10 56 28 44 56 60 54 41 9 76 48 28 61 37 48 41 25 50 45 56 38 24 20 21 36 23 43 19 42 54 
97 42 11 22 98 35 31 41 98 23 59 45 89 73 49 22 17 53 64 73 80 81 57 75 79 19 41 61 69 20 41 55 25 0 15 55 54 34 50 36 73 61 61 38 57 38 73 49 71 19 35 74 6 19 79 81 60 42 33 97 73 52 67 57 72 30 40 67 70 71 59 41 18 5 57 48 63 10 57 68 
107 42 24 20 110 49 37 53 108 36 69 60 101 88 60 13 15 69 78 85 93 79 72 90 91 16 56 72 84 35 55 67 39 15 0 68 68 49 50 51 79 76 67 53 71 53 77 54 86 34 49 83 16 8 91 90 62 43 47 107 86 67 69 72 84 27 55 75 84 78 69 51 32 20 72 62 79 21 64 75 
46 52 45 58 44 49 38 15 46 53 14 41 36 49 15 77 58 34 19 20 25 78 47 37 25 73 40 14 54 36 52 4 31 55 68 0 8 34 56 31 43 40 39 24 14 33 52 42 50 41 24 33 59 74 25 33 52 50 22 46 18 13 57 37 17 60 42 31 18 38 15 23 50 53 35 12 42 47 31 38 
52 57 44 60 48 43 41 16 51 49 22 34 41 41 21 76 59 26 13 25 28 85 39 30 30 71 34 22 47 34 46 12 29 54 68 8 0 29 61 26 50 32 46 19 6 27 59 47 42 38 21 40 58 73 31 40 58 54 21 52 19 6 63 29 22 62 36 39 16 46 22 27 47 51 27 7 34 47 38 45 
80 58 29 50 77 15 41 26 80 21 45 13 70 39 38 53 46 19 33 54 57 95 25 41 59 47 10 46 37 17 19 37 16 34 49 34 29 0 66 3 71 27 62 10 28 3 76 56 38 15 12 65 35 52 59 67 69 57 19 81 48 24 75 23 51 56 10 60 42 67 45 37 20 30 23 22 29 32 55 65 
74 9 43 30 83 76 25 47 76 69 47 78 73 99 41 63 35 79 74 61 73 31 90 91 67 65 75 49 101 50 82 53 50 50 50 56 61 66 0 65 37 88 27 60 68 68 30 15 99 57 56 48 56 57 66 58 14 9 49 73 71 64 20 84 64 24 75 40 74 39 46 34 63 53 82 60 90 42 30 36 
77 57 30 50 73 18 40 24 77 24 42 14 67 38 36 55 47 18 30 51 53 93 25 39 55 50 11 43 37 18 21 34 15 36 51 31 26 3 65 0 68 26 60 7 25 3 74 55 37 17 9 62 37 54 56 63 67 56 17 78 44 21 74 22 47 56 12 58 39 64 42 35 23 32 21 19 28 33 52 63 
38 41 63 61 50 85 42 45 41 83 29 80 40 92 32 92 64 76 61 36 46 43 89 78 39 92 79 29 97 62 89 39 59 73 79 43 50 71 37 68 0 83 13 61 57 71 12 26 93 70 59 15 79 87 37 25 24 39 52 37 49 56 23 79 40 57 80 12 56 5 28 35 78 73 77 53 85 63 17 6 
80 81 56 76 71 31 64 42 78 43 54 17 68 12 52 79 73 8 25 55 52 115 11 19 57 72 21 54 15 44 29 44 41 61 76 40 32 27 88 26 83 0 77 28 27 24 91 76 11 42 32 72 61 79 59 70 88 79 39 81 43 27 94 4 50 82 23 71 35 78 54 55 46 56 6 30 3 59 69 77 
47 29 51 48 57 75 30 37 50 73 26 73 47 87 25 79 52 70 58 38 49 40 82 76 43 79 71 27 92 52 80 35 49 61 67 39 46 62 27 60 13 77 0 53 52 63 14 14 88 59 50 22 67 74 41 32 16 26 43 46 50 51 18 74 41 45 72 14 55 13 25 25 67 61 72 47 79 51 8 9 
70 54 30 49 67 25 36 17 70 30 35 19 60 40 29 59 47 19 26 44 47 88 29 37 49 54 18 36 40 18 29 26 14 38 53 24 19 10 60 7 61 28 53 0 20 10 67 50 39 20 4 55 40 57 49 56 62 52 12 71 38 15 68 24 41 54 19 51 33 58 35 29 28 34 22 13 30 33 46 56 
55 63 48 64 49 42 47 22 54 49 28 31 44 35 28 78 63 21 7 29 29 91 34 24 32 73 32 27 41 37 43 18 32 57 71 14 6 28 68 25 57 27 52 20 0 26 66 54 36 40 22 46 60 76 34 44 65 60 25 56 20 5 70 24 25 68 34 45 14 52 28 33 47 53 22 9 28 51 45 52 
79 60 32 53 75 16 43 26 78 23 45 11 69 36 39 56 50 16 31 52 55 96 22 38 57 50 8 46 34 20 19 36 18 38 53 33 27 3 68 3 71 24 63 10 26 0 77 58 35 18 12 64 38 56 58 66 70 59 20 79 46 22 77 20 49 59 9 61 40 67 45 38 23 33 19 21 26 35 55 65 
50 35 63 57 62 89 42 51 53 86 39 87 52 101 39 90 61 84 70 47 58 30 96 88 51 90 85 39 105 65 94 48 63 73 77 52 59 76 30 74 12 91 14 67 66 77 0 23 102 72 65 27 79 84 50 37 16 34 57 49 61 65 12 87 51 52 86 23 67 17 38 39 80 74 86 61 93 63 22 15 
60 15 40 35 68 68 19 34 62 64 32 68 58 87 27 67 39 68 60 46 57 39 79 78 52 67 66 34 90 43 74 38 42 49 54 42 47 56 15 55 26 76 14 50 54 58 23 0 87 51 46 34 55 61 51 44 12 13 38 59 56 51 19 72 49 31 66 26 59 27 31 21 58 50 70 47 78 40 15 23 
86 93 67 87 77 39 75 53 84 52 64 26 75 3 63 88 84 20 33 63 59 126 15 21 65 81 30 64 8 55 35 54 52 71 86 50 42 38 99 37 93 11 88 39 36 35 102 87 0 52 43 82 71 88 66 79 99 91 51 88 50 37 105 16 58 93 32 81 41 88 64 66 55 67 17 41 9 70 80 88 
86 49 15 36 85 19 33 29 86 14 49 26 77 54 40 39 32 34 46 61 66 87 39 56 66 33 23 50 51 7 26 42 11 19 34 41 38 15 57 17 70 42 59 20 40 18 72 51 52 0 18 67 20 38 67 71 63 48 20 86 57 35 70 38 58 43 22 61 53 67 49 35 9 15 38 32 44 18 53 64 
70 49 26 45 68 26 32 14 70 29 34 23 60 44 27 56 43 23 29 44 48 85 33 41 49 51 20 35 45 15 30 26 10 35 49 24 21 12 56 9 59 32 50 4 22 12 65 46 43 18 0 53 37 54 50 56 58 48 8 70 40 18 65 28 41 50 21 49 36 55 34 26 26 31 27 14 34 29 43 53 
26 49 63 66 35 79 46 39 28 80 20 73 25 80 27 95 69 66 49 21 31 58 80 66 24 93 72 19 87 60 83 29 56 74 83 33 40 65 48 62 15 72 22 55 46 64 27 34 82 67 53 0 80 90 22 10 37 47 47 25 35 46 37 70 26 64 74 8 43 11 19 34 76 73 67 44 74 64 20 13 
102 48 17 28 103 33 37 45 102 20 64 45 94 73 54 18 22 54 66 77 84 86 56 76 83 14 41 66 68 23 39 59 28 6 16 59 58 35 56 37 79 61 67 40 60 38 79 55 71 20 37 80 0 17 84 86 66 48 37 102 76 55 73 58 76 36 39 73 73 77 64 46 16 7 58 51 64 16 63 74 
114 50 29 27 116 50 45 59 115 37 76 62 107 90 66 6 23 71 83 91 99 86 73 93 97 11 58 78 85 39 55 74 44 19 8 74 73 52 57 54 87 79 74 57 76 56 84 61 88 38 54 90 17 0 97 97 69 51 52 114 92 71 76 75 90 34 56 83 89 86 76 57 33 23 75 67 81 27 71 83 
21 65 68 77 19 74 56 39 20 78 22 64 11 64 31 101 78 55 33 6 10 80 68 48 2 98 65 19 73 61 76 24 56 79 91 25 31 59 66 56 37 59 41 49 34 58 50 51 66 67 50 22 84 97 0 14 57 62 47 22 16 36 58 57 9 77 66 28 25 33 22 41 75 77 55 37 60 70 36 35 
16 59 69 75 25 81 54 42 18 84 22 73 15 77 32 102 77 65 45 16 24 68 78 61 16 99 73 21 85 64 85 30 60 81 90 33 40 67 58 63 25 70 32 56 44 66 37 44 79 71 56 10 86 97 14 0 47 57 51 16 30 45 48 68 21 73 75 18 38 21 22 40 80 79 66 45 72 71 29 24 
62 20 51 42 72 81 30 46 65 76 40 81 62 99 37 75 47 80 71 53 65 27 91 89 58 76 78 42 102 56 86 48 54 60 62 52 58 69 14 67 24 88 16 62 65 70 16 12 99 63 58 37 66 69 57 47 0 19 50 61 64 63 7 84 56 36 79 29 69 27 40 33 70 61 82 58 90 50 22 24 
73 3 34 24 80 67 16 39 75 60 42 69 70 91 35 57 28 71 67 57 68 40 81 84 63 58 66 44 92 41 73 47 41 42 43 50 54 57 9 56 39 79 26 52 60 59 34 13 91 48 48 47 48 51 62 57 19 0 40 72 66 57 26 75 59 18 66 39 68 39 42 27 54 44 74 52 82 33 27 36 
66 42 23 40 66 33 25 9 66 33 29 31 58 51 20 55 38 31 32 41 47 77 41 46 47 51 28 30 52 14 38 23 9 33 47 22 21 19 49 17 52 39 43 12 25 20 57 38 51 20 8 47 37 52 47 51 50 40 0 66 39 20 57 35 39 44 29 42 37 49 29 18 29 30 34 15 42 26 36 46 
2 75 85 91 17 95 70 58 5 99 38 86 13 86 48 118 93 77 55 27 29 78 90 68 23 116 86 36 94 80 98 44 76 97 107 46 52 81 73 78 37 81 46 71 56 79 49 59 88 86 70 25 102 114 22 16 61 72 66 0 38 58 60 79 31 89 88 33 46 34 38 56 95 95 77 58 82 87 45 37 
37 68 62 76 30 61 55 33 35 68 24 50 25 48 31 94 76 40 18 14 10 90 52 31 15 90 51 22 56 53 63 20 48 73 86 18 19 48 71 44 49 43 50 38 20 46 61 56 50 57 40 35 76 92 16 30 64 66 39 38 0 23 68 41 10 77 53 38 8 44 25 40 66 70 39 26 44 65 43 45 
57 59 43 60 53 38 43 18 56 45 27 28 47 36 26 73 59 20 12 31 33 89 33 27 35 69 28 27 41 32 40 17 28 52 67 13 6 24 64 21 56 27 51 15 5 22 65 51 37 35 18 46 55 71 36 45 63 57 20 58 23 0 68 23 27 64 30 45 18 52 28 30 43 49 21 5 29 46 43 51 
61 27 58 49 73 88 38 52 64 83 44 87 63 104 42 82 54 86 75 55 67 22 97 93 60 84 85 46 108 63 93 53 61 67 69 57 63 75 20 74 23 94 18 68 70 77 12 19 105 70 65 37 73 76 58 48 7 26 57 60 68 68 0 90 59 43 86 31 73 27 44 39 77 69 88 64 96 58 25 24 
78 77 52 72 70 29 60 38 76 40 51 14 67 16 48 75 69 4 24 53 51 111 11 21 55 69 18 51 18 39 26 41 37 57 72 37 29 23 84 22 79 4 74 24 24 20 87 72 16 38 28 70 58 75 57 68 84 75 35 79 41 23 90 0 48 77 20 68 33 75 51 51 42 53 2 27 7 55 66 74 
30 62 61 72 27 65 51 31 29 70 17 55 20 56 26 93 72 46 25 5 9 81 59 40 8 90 56 15 64 53 67 17 48 72 84 17 22 51 64 47 40 50 41 41 25 49 51 49 58 58 41 26 76 90 9 21 56 59 39 31 10 27 59 48 0 72 57 29 17 35 18 35 67 69 46 28 51 63 35 36 
89 17 28 8 96 62 22 46 91 52 56 68 86 94 47 40 13 73 75 71 82 52 81 90 78 43 65 58 93 39 69 57 41 30 27 60 62 56 24 56 57 82 45 54 68 59 52 31 93 43 50 64 36 34 77 73 36 18 44 89 77 64 43 77 72 0 64 56 78 57 55 37 46 34 76 58 84 25 44 54 
87 68 37 58 83 9 51 36 87 21 54 6 77 34 48 56 54 17 37 61 63 105 17 40 65 50 2 55 29 26 10 45 25 40 55 42 36 10 75 12 80 23 72 19 34 9 86 66 32 22 21 74 39 56 66 75 79 66 29 88 53 30 86 20 57 64 0 70 46 76 54 47 23 35 20 30 25 40 64 75 
34 41 56 58 43 75 38 34 36 75 17 70 33 80 22 87 61 65 49 25 36 52 77 67 29 86 69 18 86 54 79 27 50 67 75 31 39 60 40 58 12 71 14 51 45 61 23 26 81 61 49 8 73 83 28 18 29 39 42 33 38 45 31 68 29 56 70 0 44 7 17 27 70 67 66 42 73 57 12 7 
45 70 60 75 37 55 56 32 43 63 29 43 34 40 33 91 75 32 10 22 18 95 44 23 23 87 44 27 48 50 56 21 45 70 84 18 16 42 74 39 56 35 55 33 14 40 67 59 41 53 36 43 73 89 25 38 69 68 37 46 8 18 73 33 17 78 46 44 0 51 29 41 61 66 31 22 35 63 47 51 
35 42 61 61 46 81 41 41 38 80 24 76 36 87 29 91 64 72 56 31 42 47 84 73 34 90 75 25 93 60 86 34 56 71 78 38 46 67 39 64 5 78 13 58 52 67 17 27 88 67 55 11 77 86 33 21 27 39 49 34 44 52 27 75 35 57 76 7 51 0 24 32 75 71 73 49 80 61 15 4 
38 44 47 55 41 60 34 20 39 62 1 54 31 63 10 80 57 48 33 16 27 65 61 50 22 77 53 3 69 42 64 10 38 59 69 15 22 45 46 42 28 54 25 35 28 45 38 31 64 49 34 19 64 76 22 22 40 42 29 38 25 28 44 51 18 55 54 17 29 24 0 19 58 57 49 25 56 49 18 23 
56 29 30 37 60 50 16 13 57 48 19 48 50 66 10 62 38 47 40 35 44 60 58 57 41 60 46 21 69 27 55 20 24 41 51 23 27 37 34 35 35 55 25 29 33 38 39 21 66 35 26 34 46 57 41 40 33 27 18 56 40 30 39 51 35 37 47 27 41 32 19 0 43 40 49 26 57 31 18 30 
95 54 19 38 94 17 39 38 95 6 57 29 86 57 49 33 34 39 53 69 74 93 40 61 75 27 25 59 52 16 24 51 20 18 32 50 47 20 63 23 78 46 67 28 47 23 80 58 55 9 26 76 16 33 75 80 70 54 29 95 66 43 77 42 67 46 23 70 61 75 58 43 0 13 42 40 48 21 61 73 
95 44 11 26 96 30 32 38 96 19 57 40 87 68 47 25 21 49 60 71 77 83 52 70 77 21 36 59 64 17 36 53 21 5 20 53 51 30 53 32 73 56 61 34 53 33 74 50 67 15 31 73 7 23 77 79 61 44 30 95 70 49 69 53 69 34 35 67 66 71 57 40 13 0 52 44 59 11 57 68 
76 76 51 71 68 29 58 36 74 41 49 15 64 17 46 75 68 4 22 50 49 109 13 20 53 69 18 49 20 39 28 39 36 57 72 35 27 23 82 21 77 6 72 22 22 19 86 70 17 38 27 67 58 75 55 66 82 74 34 77 39 21 88 2 46 76 20 66 31 73 49 49 42 52 0 25 8 54 64 72 
58 54 38 55 54 37 38 13 57 42 25 29 48 40 22 69 54 23 17 31 35 85 36 32 36 65 28 25 44 28 40 15 23 48 62 12 7 22 60 19 53 30 47 13 9 21 61 47 41 32 14 44 51 67 37 45 58 52 15 58 26 5 64 27 28 58 30 42 22 49 25 26 40 44 25 0 32 41 39 48 
80 84 58 78 72 33 66 44 79 46 56 19 69 10 54 81 76 11 26 56 53 117 11 18 58 74 23 56 13 46 30 46 43 63 79 42 34 29 90 28 85 3 79 30 28 26 93 78 9 44 34 74 64 81 60 72 90 82 42 82 44 29 96 7 51 84 25 73 35 80 56 57 48 59 8 32 0 61 71 79 
87 33 3 18 89 37 21 32 88 27 49 44 80 71 39 31 14 51 58 64 72 73 57 70 70 29 41 51 69 15 43 47 19 10 21 47 47 32 42 33 63 59 51 33 51 35 63 40 70 18 29 64 16 27 70 71 50 33 26 87 65 46 58 55 63 25 40 57 63 61 49 31 21 11 54 41 61 0 47 58 
45 30 46 47 53 68 27 29 48 66 19 65 43 79 18 76 49 62 50 32 43 47 74 68 37 75 63 20 84 45 73 27 42 57 64 31 38 55 30 52 17 69 8 46 45 55 22 15 80 53 43 20 63 71 36 29 22 27 36 45 43 43 25 66 35 44 64 12 47 15 18 18 61 57 64 39 71 47 0 12 
38 38 58 57 49 79 38 39 41 78 24 75 39 87 27 87 60 71 56 32 43 45 83 74 36 87 74 25 92 57 84 34 54 68 75 38 45 65 36 63 6 77 9 56 52 65 15 23 88 64 53 13 74 83 35 24 24 36 46 37 45 51 24 74 36 54 75 7 51 4 23 30 73 68 72 48 79 58 12 0 
0 23 62 37 855 93 228 553 25 1966 11 22 70 47 29 54 16 440 55 1705 64 62 17 3000 64 67 1063 29 27 12 20 131 156 306 11 100 82 8 193 49 74 39 573 798 9 9 19 432 1179 14 95 37 39 106 79 392 73 26 8 89 20 18 51 253 58 341 602 40 145 185 95 13 8 12 61 7 1561 3000 14 41 
23 0 218 27 26 0 0 42 0 0 0 0 1225 0 27 62 164 0 0 10 0 0 190 0 0 793 20 13 116 260 84 777 439 0 28 0 1597 72 143 11 17 530 1837 19 205 851 322 2155 53 9 12 37 30 35 497 282 447 1534 29 1005 0 75 122 155 3000 580 129 52 216 92 7 272 0 0 1813 294 1390 1646 19 118 
62 218 0 48 420 0 3000 337 32 0 169 70 15 113 427 8 1025 46 493 931 48 48 95 366 0 89 599 1335 14 830 99 1023 22 73 81 25 18 516 26 107 28 66 48 46 298 1010 9 213 67 176 212 2696 178 135 8 49 7 47 88 43 138 9 3000 132 93 27 11 1353 27 699 198 26 23 8 62 26 691 29 102 292 
37 27 48 0 72 0 0 26 295 0 0 0 797 0 2931 583 289 0 0 1168 0 0 121 0 0 108 888 202 22 171 94 171 422 0 18 0 10 0 50 3000 21 44 298 14 13 8 671 0 0 594 948 3000 1179 404 71 69 179 21 45 90 0 28 83 75 26 1572 94 1703 288 385 3000 155 0 0 1417 388 99 21 13 113 
855 26 420 72 0 12 312 32 561 37 0 58 22 107 0 2510 41 0 382 620 2355 0 253 0 0 0 65 1525 85 222 2892 759 178 136 3000 0 1339 0 122 32 1426 54 1063 85 89 8 3000 0 0 139 1582 8 522 147 32 42 8 0 0 16 0 514 26 179 31 345 16 0 40 11 423 0 0 392 48 128 57 68 124 46 
93 0 0 0 12 0 12 0 202 8 105 141 48 637 0 81 0 91 31 0 63 0 0 44 15 13 1463 143 62 0 0 0 0 1265 1844 0 144 0 1025 78 0 1639 207 97 0 48 0 0 0 0 0 36 1738 0 0 36 758 0 0 0 12 0 0 750 106 0 371 0 159 29 0 0 2195 3000 0 1379 0 1247 235 239 
228 0 3000 0 312 12 0 63 27 149 33 60 96 23 0 523 0 2981 17 0 9 37 0 394 173 758 21 337 99 213 0 682 186 254 425 3000 14 9 9 223 0 115 17 128 0 57 105 459 31 79 0 244 14 146 0 17 507 0 0 0 412 0 0 63 107 42 62 21 24 200 0 0 49 477 1881 14 0 523 2417 351 
553 42 337 26 32 0 63 0 174 0 0 0 10 42 45 1788 1605 0 870 19 3000 0 12 0 0 164 272 22 148 10 622 29 98 114 42 0 226 0 1708 42 71 70 1113 60 77 1055 1539 0 664 260 24 37 44 111 3000 2905 736 32 3000 19 729 375 71 31 226 69 77 110 69 406 165 870 0 517 141 1711 51 58 226 143 
25 0 32 295 561 202 27 174 0 417 11 89 281 12 0 21 100 34 951 27 192 0 116 300 8 154 108 184 106 31 221 2819 2107 178 10 0 730 0 16 1570 16 17 73 130 0 73 57 0 0 1015 8 74 13 269 0 24 3000 0 0 792 137 0 291 1798 1654 8 783 0 135 7 0 0 919 467 10 3000 14 1021 91 29 
1966 0 0 0 37 8 149 0 417 0 0 309 18 1692 0 785 0 0 367 569 113 0 0 44 54 0 0 42 238 141 0 0 0 2730 649 0 828 0 29 50 555 59 300 12 0 58 19 0 0 515 49 674 9 0 0 23 544 0 0 0 138 0 0 934 47 198 45 0 343 44 0 0 0 323 176 3000 0 34 3000 61 
11 0 169 0 0 105 33 0 11 0 0 77 2014 0 0 188 0 116 393 0 663 51 0 14 278 15 192 10 1550 0 0 34 118 122 16 30 516 192 602 717 0 153 0 1320 59 115 0 11 28 12 0 0 375 13 0 22 84 426 14 0 687 240 66 168 3000 0 0 80 1360 54 0 9 28 43 0 20 284 0 322 902 
22 0 70 0 58 141 60 0 89 309 77 0 125 582 0 287 0 125 352 0 24 175 0 197 47 36 490 197 678 370 0 1687 44 181 48 11 197 322 28 577 0 813 58 432 0 429 40 447 589 10 0 24 246 21 0 109 13 0 0 0 70 0 0 123 68 62 282 408 8 270 0 0 92 45 0 1050 0 381 33 198 
70 1225 15 797 22 48 96 10 281 18 2014 125 0 689 1079 26 15 101 564 193 245 0 21 98 625 11 17 60 149 584 11 115 1009 83 38 0 79 0 719 52 203 126 200 52 60 1073 624 0 0 1677 752 14 174 132 69 39 16 135 113 538 23 10 60 75 36 347 256 62 81 1179 164 77 0 110 20 1542 371 3000 589 52 
47 0 113 0 107 637 23 42 12 1692 0 582 689 0 0 24 21 0 50 71 13 0 0 15 67 0 0 115 8 39 0 0 0 120 203 0 8 0 173 146 24 22 191 283 0 3000 663 0 0 751 36 3000 322 9 0 145 14 0 0 39 1643 0 0 303 8 73 433 0 9 97 0 0 0 118 746 67 0 21 121 17 
29 27 427 2931 0 0 0 45 0 0 0 0 1079 0 0 0 79 0 0 51 0 0 654 0 0 308 12 338 0 222 469 290 1405 0 0 0 37 194 0 0 416 0 0 714 339 0 92 347 62 33 401 49 0 188 96 900 186 46 62 21 0 59 38 225 0 1347 0 53 0 0 164 183 0 0 0 1168 83 0 0 935 
54 62 8 583 2510 81 523 1788 21 785 188 287 26 24 0 0 3000 11 10 38 515 17 8 144 1252 10 274 34 64 151 795 63 173 135 941 9 83 0 51 38 7 3000 96 2672 0 2134 58 0 0 1025 403 74 236 32 0 161 173 0 0 20 3000 0 14 14 33 54 611 376 1671 97 1254 0 126 403 51 20 11 7 29 250 
16 164 1025 289 41 0 0 1605 100 0 0 0 15 21 79 3000 0 0 3000 17 0 0 24 0 0 286 23 1966 553 24 395 673 12 0 94 0 180 0 8 25 204 22 625 69 50 74 162 237 11 7 17 441 18 43 68 10 1320 34 1130 119 217 66 71 14 671 234 18 11 17 1146 67 8 0 13 333 81 17 43 22 31 
440 0 46 0 0 91 2981 0 34 0 116 125 101 0 0 11 0 0 110 0 268 49 0 582 381 303 131 50 101 0 0 11 179 72 1162 19 15 15 135 618 0 28 0 8 865 25 0 129 41 16 0 0 46 556 0 70 42 958 301 41 7 129 3000 274 77 0 0 104 546 0 0 3000 21 22 0 651 451 0 35 115 
55 0 493 0 382 31 17 870 951 367 393 352 564 50 0 10 3000 110 0 179 2059 0 0 2373 28 36 36 508 95 24 0 0 0 56 9 0 1790 0 65 321 324 927 41 129 0 94 27 0 0 533 579 830 2497 7 0 21 60 0 0 7 19 0 0 8 24 112 199 0 178 69 0 0 143 291 1405 128 0 84 22 112 
1705 10 931 1168 620 0 0 19 27 569 0 0 193 71 51 38 17 0 179 0 0 0 72 0 0 51 9 20 89 195 3000 32 33 0 3000 0 28 0 71 16 89 86 949 16 68 44 440 0 0 37 12 16 207 160 110 53 441 832 47 61 0 8 986 130 226 1066 18 88 273 59 137 1074 0 56 61 10 36 40 89 80 
64 0 48 0 2355 63 9 3000 192 113 663 24 245 13 0 515 0 268 2059 0 0 79 0 1402 93 103 27 813 974 19 0 270 185 12 71 39 670 28 324 46 0 803 25 7 0 15 1417 333 67 65 0 1420 155 112 0 221 17 0 0 0 63 0 0 42 26 123 30 497 265 39 0 0 48 126 16 2400 0 427 68 460 
62 0 48 0 0 0 37 0 0 0 51 175 0 0 0 17 0 49 0 0 79 0 0 527 49 1189 13 34 18 0 0 1929 81 97 140 19 824 37 15 0 0 0 0 36 20 0 0 112 27 8 0 0 1083 1111 0 17 0 12 56 0 9 29 71 872 0 0 0 40 82 0 0 64 121 73 0 2204 0 0 135 0 
17 190 95 121 253 0 0 12 116 0 0 0 21 0 654 8 24 0 0 72 0 0 0 0 0 453 108 15 24 27 181 1844 30 0 86 0 362 0 17 2518 18 53 191 11 49 19 171 0 0 211 194 1510 84 16 25 90 2244 621 50 11 0 141 470 128 528 17 957 506 66 1180 14 43 0 0 355 1413 235 161 138 1196 
3000 0 366 0 0 44 394 0 300 44 14 197 98 15 0 144 0 582 2373 0 1402 527 0 0 260 361 80 2701 9 667 0 29 53 346 16 9 355 507 118 50 0 60 0 14 0 213 1246 1144 43 22 0 289 122 3000 0 40 151 32 170 0 2760 0 255 492 416 16 0 600 796 23 0 0 121 48 0 92 0 454 151 329 
64 0 0 0 0 15 173 0 8 54 278 47 625 67 0 1252 0 381 28 0 93 49 0 260 0 109 11 101 212 0 0 0 0 12 21 0 137 0 37 207 0 109 100 12 0 225 0 0 0 0 0 0 211 0 0 1709 101 0 0 0 284 0 0 3000 16 0 249 0 30 46 0 0 127 14 0 183 0 502 47 0 
67 793 89 108 0 13 758 164 154 0 15 36 11 0 308 10 286 303 36 51 103 1189 453 361 109 0 14 99 61 200 28 29 8 1830 38 73 31 15 418 320 0 45 0 70 39 503 20 106 41 415 0 34 27 772 62 1998 25 160 581 778 1124 1524 1161 88 332 71 0 1896 90 380 164 824 75 390 0 9 10 23 2337 393 
1063 20 599 888 65 1463 21 272 108 0 192 490 17 0 12 274 23 131 36 9 27 13 108 80 11 14 0 564 1519 55 60 27 609 155 15 10 1814 146 9 71 0 10 0 207 41 33 1656 16 36 452 0 324 245 1761 34 13 12 3000 234 43 983 1067 106 22 2494 74 0 46 120 321 135 17 49 90 0 65 18 21 9 59 
29 13 1335 202 1525 143 337 22 184 42 10 197 60 115 338 34 1966 50 508 20 813 34 15 2701 101 99 564 0 451 143 3000 82 41 560 111 46 115 19 10 18 42 68 2136 231 624 30 1132 11 198 174 3000 173 164 309 791 331 100 17 174 17 96 159 274 7 86 178 74 292 21 1037 33 12 100 47 66 77 35 3000 232 23 
27 116 14 22 85 62 99 148 106 238 1550 678 149 8 0 64 553 101 95 89 974 18 24 9 212 61 1519 451 0 16 123 1261 136 79 186 13 197 2065 48 17 228 476 21 3000 14 14 210 0 91 9 12 27 726 1296 585 711 39 107 56 14 8 30 407 117 125 35 249 571 9 75 106 83 79 390 57 690 58 3000 260 46 
12 260 830 171 222 0 213 10 31 141 0 370 584 39 222 151 24 0 24 195 19 0 27 667 0 200 55 143 16 0 365 741 8 753 1134 0 39 0 26 184 1462 9 61 28 12 113 985 82 652 7 708 14 9 25 3000 1601 65 33 9 44 50 184 165 182 105 460 640 13 9 39 30 1629 0 172 47 834 56 67 221 763 
20 84 99 94 2892 0 0 622 221 0 0 0 11 0 469 795 395 0 0 3000 0 0 181 0 0 28 60 3000 123 365 0 18 107 0 15 0 10 0 158 9 110 84 15 467 561 40 23 0 313 34 21 17 22 228 15 556 690 71 79 7 0 739 110 54 3000 139 16 286 120 506 2536 26 0 0 33 65 64 47 9 211 
131 777 1023 171 759 0 682 29 2819 0 34 1687 115 0 290 63 673 11 0 32 270 1929 1844 29 0 29 27 82 1261 741 18 0 188 23 36 183 154 535 70 1920 118 21 0 3000 118 301 600 3000 8 13 1040 1538 46 115 1144 11 139 250 185 261 17 84 61 88 329 147 0 86 171 137 298 288 66 640 158 27 40 1935 42 544 
156 439 22 422 178 0 186 98 2107 0 118 44 1009 0 1405 173 12 179 0 33 185 81 30 53 0 8 609 41 136 8 107 188 0 28 138 469 131 1769 11 83 255 8 0 58 506 20 734 38 280 918 282 94 2238 50 298 76 169 355 1453 28 1899 99 39 7 13 2875 219 64 13 132 415 7 24 0 40 601 3000 54 667 47 
306 0 73 0 136 1265 254 114 178 2730 122 181 83 120 0 135 0 72 56 0 12 97 0 346 12 1830 155 560 79 753 0 23 28 0 105 12 696 3000 216 67 0 27 66 447 0 915 20 73 528 795 0 25 3000 109 0 124 48 0 390 22 20 0 119 1103 31 2630 84 20 11 740 0 0 65 136 0 154 0 185 273 32 
11 28 81 18 3000 1844 425 42 10 649 16 48 38 203 0 941 94 1162 9 3000 71 140 86 16 21 38 15 111 186 1134 15 36 138 105 0 132 595 76 151 21 143 13 1057 30 355 152 359 329 10 491 15 250 3000 331 587 27 1704 1763 187 29 21 427 74 279 3000 39 60 120 46 17 660 116 9 291 7 65 928 313 130 76 
100 0 25 0 0 0 3000 0 0 0 30 11 0 0 0 9 0 19 0 0 39 19 0 9 0 73 10 46 13 0 0 183 469 12 132 0 444 234 103 0 0 211 0 11 9 0 0 113 142 34 0 0 27 223 0 289 0 454 18 0 113 80 213 165 0 0 0 37 138 0 0 64 12 26 0 110 0 0 16 0 
82 1597 18 10 1339 144 14 226 730 828 516 197 79 8 37 83 180 15 1790 28 670 824 362 355 137 31 1814 115 197 39 10 154 131 696 595 444 0 9 15 76 596 84 15 335 18 13 81 42 566 3000 8 300 196 9 115 7 63 79 73 61 437 87 14 16 279 625 3000 438 22 1080 184 313 3000 111 64 78 3000 486 557 81 
8 72 516 0 0 0 9 0 0 0 192 322 0 0 194 0 0 15 0 0 28 37 0 507 0 15 146 19 2065 0 0 535 1769 3000 76 234 9 0 109 0 0 0 0 12 101 0 0 30 903 140 0 0 375 983 1330 362 0 11 63 12 1343 19 228 1031 0 0 0 130 28 0 178 26 49 0 0 74 46 0 0 0 
193 143 26 50 122 1025 9 1708 16 29 602 28 719 173 0 51 8 135 65 71 324 15 17 118 37 418 9 10 48 26 158 70 11 216 151 103 15 109 0 83 10 83 141 34 0 178 603 9 155 221 82 7 59 11 0 565 63 8 163 111 16 0 42 11 13 58 101 13 94 1169 10 0 164 54 56 16 32 8 966 233 
49 11 107 3000 32 78 223 42 1570 50 717 577 52 146 0 38 25 618 321 16 46 0 2518 50 207 320 71 18 17 184 9 1920 83 67 21 0 76 0 83 0 81 540 62 52 1267 701 218 0 0 759 147 108 47 148 8 738 764 216 46 220 32 60 22 35 311 3000 34 523 83 261 116 66 1552 44 46 1540 11 738 3000 500 
74 17 28 21 1426 0 0 71 16 555 0 0 203 24 416 7 204 0 324 89 0 0 18 0 0 0 0 42 228 1462 110 118 255 0 143 0 596 0 10 81 0 126 8 1328 60 882 19 0 0 7 416 62 47 100 422 108 113 186 655 115 0 164 352 2021 149 46 9 0 45 610 22 165 0 24 28 188 2328 1449 985 229 
39 530 66 44 54 1639 115 70 17 59 153 813 126 22 0 3000 22 28 927 86 803 0 53 60 109 45 10 68 476 9 84 21 8 27 13 211 84 0 83 540 126 0 150 218 0 204 76 0 0 654 1687 703 234 65 0 88 1730 0 0 2025 161 0 24 102 431 250 40 257 32 12 23 0 22 148 415 32 1153 2011 107 288 
573 1837 48 298 1063 207 17 1113 73 300 0 58 200 191 0 96 625 0 41 949 25 0 191 0 100 0 0 2136 21 61 15 0 0 66 1057 0 15 0 141 62 8 150 0 45 0 1620 886 0 0 635 20 12 178 186 0 1726 33 0 0 819 0 0 24 119 91 398 33 0 1968 20 0 0 0 223 60 15 101 563 91 550 
798 19 46 14 85 97 128 60 130 12 1320 432 52 283 714 2672 69 8 129 16 7 36 11 14 12 70 207 231 3000 28 467 3000 58 447 30 11 335 12 34 52 1328 218 45 0 20 66 30 19 115 136 1120 70 476 271 49 26 36 1841 56 186 377 73 208 63 102 111 87 216 68 47 89 119 17 228 37 131 1945 393 2138 12 
9 205 298 13 89 0 0 77 0 0 59 0 60 0 339 0 50 865 0 68 0 20 49 0 0 39 41 624 14 12 561 118 506 0 355 9 18 101 0 1267 60 0 0 20 0 0 20 25 225 437 407 94 0 1217 492 178 27 326 113 17 86 50 99 1241 0 3000 0 7 0 0 761 130 44 0 0 1404 263 0 0 13 
9 851 1010 8 8 48 57 1055 73 58 115 429 1073 3000 0 2134 74 25 94 44 15 0 19 213 225 503 33 30 14 113 40 301 20 915 152 0 13 0 178 701 882 204 1620 66 0 0 16 0 0 787 38 72 177 64 0 10 122 0 0 21 389 0 281 361 167 392 158 15 93 161 28 0 35 803 55 697 126 38 30 39 
19 322 9 671 3000 0 105 1539 57 19 0 40 624 663 92 58 162 0 27 440 1417 0 171 1246 0 20 1656 1132 210 985 23 600 734 20 359 0 81 0 603 218 19 76 886 30 20 16 0 988 33 9 471 57 11 300 1749 8 142 151 75 61 17 37 9 281 33 24 16 128 58 357 267 23 0 367 66 3000 1485 8 739 577 
432 2155 213 0 0 0 459 0 0 0 11 447 0 0 347 0 237 129 0 0 333 112 0 1144 0 106 16 11 0 82 0 3000 38 73 329 113 42 30 9 0 0 0 0 19 25 0 988 0 31 1009 0 0 10 7 38 3000 0 562 1952 203 95 80 97 3000 0 0 0 181 639 0 46 86 21 0 0 525 22 0 0 118 
1179 53 67 0 0 0 31 664 0 0 28 589 0 0 62 0 11 41 0 0 67 27 0 43 0 41 36 198 91 652 313 8 280 528 10 142 566 903 155 0 0 0 0 115 225 0 33 31 0 152 0 0 28 10 63 80 0 438 24 68 22 2518 10 751 0 518 0 127 3000 0 372 1640 36 0 0 32 130 0 0 44 
14 9 176 594 139 0 79 260 1015 515 12 10 1677 751 33 1025 7 16 533 37 65 8 211 22 0 415 452 174 9 7 34 13 918 795 491 34 3000 140 221 759 7 654 635 136 437 787 9 1009 152 0 159 46 28 424 115 99 3000 726 376 281 1153 22 399 12 110 906 9 107 98 161 21 326 792 528 1217 679 566 8 8 14 
95 12 212 948 1582 0 0 24 8 49 0 0 752 36 401 403 17 0 579 12 0 0 194 0 0 0 0 3000 12 708 21 1040 282 0 15 0 8 0 82 147 416 1687 20 1120 407 38 471 0 0 159 0 293 23 39 113 17 80 0 0 18 0 101 35 614 96 473 84 0 815 105 24 0 0 114 2362 1199 35 109 11 35 
37 37 2696 3000 8 36 244 37 74 674 0 24 14 3000 49 74 441 0 830 16 1420 0 1510 289 0 34 324 173 27 14 17 1538 94 25 250 0 300 0 7 108 62 703 12 70 94 72 57 0 0 46 293 0 14 165 514 188 172 679 432 241 0 205 49 40 22 146 222 0 71 1605 49 66 0 12 42 54 846 262 3000 133 
39 30 178 1179 522 1738 14 44 13 9 375 246 174 322 0 236 18 46 2497 207 155 1083 84 122 211 27 245 164 726 9 22 46 2238 3000 3000 27 196 375 59 47 47 234 178 476 0 177 11 10 28 28 23 14 0 96 0 50 7 0 13 451 135 0 1490 15 59 18 1410 29 11 146 22 0 37 11 83 33 176 189 29 400 
106 35 135 404 147 0 146 111 269 0 13 21 132 9 188 32 43 556 7 160 112 1111 16 3000 0 772 1761 309 1296 25 228 115 50 109 331 223 9 983 11 148 100 65 186 271 1217 64 300 7 10 424 39 165 96 0 24 58 232 95 79 16 822 179 232 263 666 1760 292 7 29 19 188 40 313 44 15 99 104 807 7 183 
79 497 8 71 32 0 0 3000 0 0 0 0 69 0 96 0 68 0 0 110 0 0 25 0 0 62 34 791 585 3000 15 1144 298 0 587 0 115 1330 0 8 422 0 0 49 492 0 1749 38 63 115 113 514 0 24 0 1104 318 373 325 229 0 2143 444 133 21 116 48 8 0 331 8 1183 0 0 36 124 69 0 0 1088 
392 282 49 69 42 36 17 2905 24 23 22 109 39 145 900 161 10 70 21 53 221 17 90 40 1709 1998 13 331 711 1601 556 11 76 124 27 289 7 362 565 738 108 88 1726 26 178 10 8 3000 80 99 17 188 50 58 1104 0 126 13 11 56 215 2948 19 29 1928 237 10 284 139 234 396 2649 57 98 203 10 2368 71 1574 65 
73 447 7 179 8 758 507 736 3000 544 84 13 16 14 186 173 1320 42 60 441 17 0 2244 151 101 25 12 100 39 65 690 139 169 48 1704 0 63 0 63 764 113 1730 33 36 27 122 142 0 0 3000 80 172 7 232 318 126 0 147 52 72 16 482 222 43 78 67 732 453 813 151 63 397 0 25 180 1237 603 255 224 3000 
26 1534 47 21 0 0 0 32 0 0 426 0 135 0 46 0 34 958 0 832 0 12 621 32 0 160 3000 17 107 33 71 250 355 0 1763 454 79 11 8 216 186 0 0 1841 326 0 151 562 438 726 0 679 0 95 373 13 147 0 34 158 98 1267 33 1664 0 166 0 686 0 0 13 295 114 0 0 13 16 0 0 99 
8 29 88 45 0 0 0 3000 0 0 14 0 113 0 62 0 1130 301 0 47 0 56 50 170 0 581 234 174 56 9 79 185 1453 390 187 18 73 63 163 46 655 0 0 56 113 0 75 1952 24 376 0 432 13 79 325 11 52 34 0 50 21 21 1181 26 0 828 0 50 79 0 44 78 381 0 0 67 2414 0 114 1454 
89 1005 43 90 16 0 0 19 792 0 0 0 538 39 21 20 119 41 7 61 0 0 11 0 0 778 43 17 14 44 7 261 28 22 29 0 61 12 111 220 115 2025 819 186 17 21 61 203 68 281 18 241 451 16 229 56 72 158 50 0 1224 34 120 8 1487 33 8 41 37 139 56 902 0 0 452 98 96 414 351 42 
20 0 138 0 0 12 412 729 137 138 687 70 23 1643 0 3000 217 7 19 0 63 9 0 2760 284 1124 983 96 8 50 0 17 1899 20 21 113 437 1343 16 32 0 161 0 377 86 389 17 95 22 1153 0 0 135 822 0 215 16 98 21 1224 0 208 771 28 13 48 0 93 30 484 129 99 688 14 0 61 172 210 481 988 
18 75 9 28 514 0 0 375 0 0 240 0 10 0 59 0 66 129 0 8 0 29 141 0 0 1524 1067 159 30 184 739 84 99 0 427 80 87 19 0 60 164 0 0 73 50 0 37 80 2518 22 101 205 0 179 2143 2948 482 1267 21 34 208 0 991 284 0 203 0 74 0 0 59 348 176 0 0 9 362 0 0 299 
51 122 3000 83 26 0 0 71 291 0 66 0 60 0 38 14 71 3000 0 986 0 71 470 255 0 1161 106 274 407 165 110 61 39 119 74 213 14 228 42 22 352 24 24 208 99 281 9 97 10 399 35 49 1490 232 444 19 222 33 1181 120 771 991 0 31 82 137 175 55 18 72 40 10 1418 0 102 85 1832 509 297 12 
253 155 132 75 179 750 63 31 1798 934 168 123 75 303 225 14 14 274 8 130 42 872 128 492 3000 88 22 7 117 182 54 88 7 1103 279 165 16 1031 11 35 2021 102 119 63 1241 361 281 3000 751 12 614 40 15 263 133 29 43 1664 26 8 28 284 31 0 930 144 12 97 3000 65 2221 55 190 85 3000 2624 227 180 14 263 
58 3000 93 26 31 106 107 226 1654 47 3000 68 36 8 0 33 671 77 24 226 26 0 528 416 16 332 2494 86 125 105 3000 329 13 31 3000 0 279 0 13 311 149 431 91 102 0 167 33 0 0 110 96 22 59 666 21 1928 78 0 0 1487 13 0 82 930 0 9 13 121 634 17 2452 0 16 27 65 119 7 24 2434 1827 
341 580 27 1572 345 0 42 69 8 198 0 62 347 73 1347 54 234 0 112 1066 123 0 17 16 0 71 74 178 35 460 139 147 2875 2630 39 0 625 0 58 3000 46 250 398 111 3000 392 24 0 518 906 473 146 18 1760 116 237 67 166 828 33 48 203 137 144 9 0 77 163 139 39 56 73 0 275 28 3000 175 43 129 38 
602 129 11 94 16 371 62 77 783 45 0 282 256 433 0 611 18 0 199 18 30 0 957 0 249 0 0 74 249 640 16 0 219 84 60 0 3000 0 101 34 9 40 33 87 0 158 16 0 0 9 84 222 1410 292 48 10 732 0 0 8 0 0 175 12 13 77 0 0 207 1468 17 0 0 28 526 367 8 9 620 114 
40 52 1353 1703 0 0 21 110 0 0 80 408 62 0 53 376 11 104 0 88 497 40 506 600 0 1896 46 292 571 13 286 86 64 20 120 37 438 130 13 523 0 257 0 216 7 15 128 181 127 107 0 0 29 7 8 284 453 686 50 41 93 74 55 97 121 163 0 0 1459 0 210 30 8 0 0 1256 14 0 1256 120 
145 216 27 288 40 159 24 69 135 343 1360 8 81 9 0 1671 17 546 178 273 265 82 66 796 30 90 120 21 9 9 120 171 13 11 46 138 22 28 94 83 45 32 1968 68 0 93 58 639 3000 98 815 71 11 29 0 139 813 0 79 37 30 0 18 3000 634 139 207 1459 0 20 24 0 35 107 860 72 44 11 89 2959 
185 92 699 385 11 29 200 406 7 44 54 270 1179 97 0 97 1146 0 69 59 39 0 1180 23 46 380 321 1037 75 39 506 137 132 740 17 0 1080 0 1169 261 610 12 20 47 0 161 357 0 0 161 105 1605 146 19 331 234 151 0 0 139 484 0 72 65 17 39 1468 0 20 0 10 0 0 140 14 130 19 250 2504 231 
95 7 198 3000 423 0 0 165 0 0 0 0 164 0 164 1254 67 0 0 137 0 0 14 0 0 164 135 33 106 30 2536 298 415 0 660 0 184 178 10 116 22 23 0 89 761 28 267 46 372 21 24 49 22 188 8 396 63 13 44 56 129 59 40 2221 2452 56 17 210 24 10 0 34 0 0 156 2230 1953 458 16 110 
13 272 26 155 0 0 0 870 0 0 9 0 77 0 183 0 8 3000 0 1074 0 64 43 0 0 824 17 12 83 1629 26 288 7 0 116 64 313 26 0 66 165 0 0 119 130 0 23 86 1640 326 0 66 0 40 1183 2649 397 295 78 902 99 348 10 55 0 73 0 30 0 0 34 0 267 0 0 1479 137 0 0 19 
8 0 23 0 0 2195 49 0 919 0 28 92 0 0 0 126 0 21 143 0 48 121 0 121 127 75 49 100 79 0 0 66 24 65 9 12 3000 49 164 1552 0 22 0 17 44 35 0 21 36 792 0 0 37 313 0 57 0 114 381 0 688 176 1418 190 16 0 0 8 35 0 0 267 0 516 0 226 0 0 63 0 
12 0 8 0 392 3000 477 517 467 323 43 45 110 118 0 403 13 22 291 56 126 73 0 48 14 390 90 47 390 172 0 640 0 136 291 26 111 0 54 44 24 148 223 228 0 803 367 0 0 528 114 12 11 44 0 98 25 0 0 0 14 0 0 85 27 275 28 0 107 140 0 0 516 0 22 11 0 324 787 3000 
61 1813 62 1417 48 0 1881 141 10 176 0 0 20 746 0 51 333 0 1405 61 16 0 355 0 0 0 0 66 57 47 33 158 40 0 7 0 64 0 56 46 28 415 60 37 0 55 66 0 0 1217 2362 42 83 15 36 203 180 0 0 452 0 0 102 3000 65 28 526 0 860 14 156 0 0 22 0 84 364 102 208 758 
7 294 26 388 128 1379 14 1711 3000 3000 20 1050 1542 67 1168 20 81 651 128 10 2400 2204 1413 92 183 9 65 77 690 834 65 27 601 154 65 110 78 74 16 1540 188 32 15 131 1404 697 3000 525 32 679 1199 54 33 99 124 10 1237 13 67 98 61 9 85 2624 119 3000 367 1256 72 130 2230 1479 226 11 84 0 69 34 1054 572 
1561 1390 691 99 57 0 0 51 14 0 284 0 371 0 83 11 17 451 0 36 0 0 235 0 0 10 18 35 58 56 64 40 3000 0 928 0 3000 46 32 11 2328 1153 101 1945 263 126 1485 22 130 566 35 846 176 104 69 2368 603 16 2414 96 172 362 1832 227 7 175 8 14 44 19 1953 137 0 0 364 69 0 129 740 42 
3000 1646 29 21 68 1247 523 58 1021 34 0 381 3000 21 0 7 43 0 84 40 427 0 161 454 502 23 21 3000 3000 67 47 1935 54 185 313 0 486 0 8 738 1449 2011 563 393 0 38 8 0 0 8 109 262 189 807 0 71 255 0 0 414 210 0 509 180 24 43 9 0 11 250 458 0 0 324 102 34 129 0 28 44 
14 19 102 13 124 235 2417 226 91 3000 322 33 589 121 0 29 22 35 22 89 68 135 138 151 47 2337 9 232 260 221 9 42 667 273 130 16 557 0 966 3000 985 107 91 2138 0 30 739 0 0 8 11 3000 29 7 0 1574 224 0 114 351 481 0 297 14 2434 129 620 1256 89 2504 16 0 63 787 208 1054 740 28 0 24 
