60
0 45 55 35 27 52 65 21 44 17 78 51 63 21 32 84 33 28 18 34 38 51 48 26 12 46 52 58 72 50 25 21 16 18 55 65 31 36 42 74 17 12 16 47 44 61 15 41 75 44 16 26 33 14 25 45 46 51 25 59 
45 0 39 29 66 36 25 66 71 59 34 14 33 41 65 45 53 26 61 43 7 12 36 20 57 40 51 32 29 53 22 66 30 39 39 21 56 10 43 37 43 51 61 57 14 27 39 78 34 35 60 37 14 43 64 18 65 19 61 23 
55 39 0 62 58 74 33 73 96 59 47 53 18 65 53 41 35 29 72 73 38 51 73 42 64 76 86 12 62 21 47 67 50 61 78 55 40 36 17 31 64 66 69 89 52 66 60 95 37 10 69 64 45 62 80 57 93 58 53 61 
35 29 62 0 62 17 54 51 44 52 61 25 61 18 65 74 60 37 43 14 26 26 14 21 45 14 23 59 45 69 17 55 21 18 20 40 60 27 59 66 22 33 47 28 18 30 21 53 63 55 44 12 18 24 42 15 35 21 58 28 
27 66 58 62 0 79 80 27 64 12 94 75 72 48 8 96 23 41 32 62 59 74 76 48 22 73 79 66 94 43 49 15 42 46 82 87 18 56 41 85 44 36 26 73 69 86 43 54 88 48 28 53 56 41 42 70 70 76 5 83 
52 36 74 17 79 0 58 66 51 68 61 25 69 33 82 77 76 51 59 23 36 27 4 36 61 10 17 68 39 84 33 72 37 34 4 37 77 38 73 71 37 48 62 29 22 21 37 64 66 68 60 27 30 40 55 18 39 19 76 23 
65 25 33 54 80 58 0 87 96 76 14 33 17 65 77 20 61 40 83 67 30 31 59 42 77 64 74 21 32 53 45 84 53 62 61 26 66 31 46 13 66 73 82 82 37 42 62 102 10 36 81 62 38 66 86 41 89 39 75 38 
21 66 73 51 27 66 87 0 38 17 99 71 84 33 35 105 45 48 8 45 59 71 62 46 10 58 61 78 92 65 45 11 36 32 69 85 41 57 59 95 29 18 5 52 63 79 30 28 96 63 6 39 53 26 17 63 46 70 28 77 
44 71 96 44 64 51 96 38 0 53 104 68 100 31 71 116 76 67 32 30 66 70 47 56 42 41 37 96 88 94 52 50 46 35 51 83 74 66 85 108 32 32 39 23 61 71 36 17 105 86 36 34 58 34 22 59 13 64 64 71 
17 59 59 52 12 68 76 17 53 0 90 67 71 37 19 93 28 37 21 50 52 67 65 40 11 62 67 65 87 48 41 8 33 34 72 80 24 49 43 83 32 24 15 61 60 78 32 44 85 49 17 42 48 29 31 61 58 67 11 75 
78 34 47 61 94 61 14 99 104 90 0 37 29 75 91 18 76 53 94 75 40 35 63 53 90 69 78 34 27 67 55 97 64 72 63 25 80 42 60 19 76 84 94 88 43 42 73 112 11 50 93 70 47 76 97 47 96 42 89 39 
51 14 53 25 75 25 33 71 68 67 37 0 45 41 76 51 64 37 64 38 17 2 26 26 63 32 42 45 21 67 26 72 35 40 28 15 67 21 56 46 44 54 66 51 8 14 41 78 41 49 64 36 18 45 65 10 60 6 70 9 
63 33 18 61 72 69 17 84 100 71 29 45 0 68 68 24 51 36 81 74 35 43 69 44 74 73 83 6 48 39 48 79 54 65 72 42 56 34 33 14 68 73 79 89 47 56 64 102 19 24 79 66 43 67 87 51 95 51 67 52 
21 41 65 18 48 33 65 33 31 37 75 41 68 0 53 85 52 36 25 13 35 42 30 24 28 26 31 65 62 66 20 39 15 4 36 57 51 35 57 77 4 15 29 27 34 48 6 37 75 56 27 6 28 8 24 32 28 39 46 46 
32 65 53 65 8 82 77 35 71 19 91 76 68 53 0 92 17 40 39 66 59 75 79 49 29 77 84 62 94 37 51 23 45 50 86 87 12 55 35 81 49 42 33 79 70 88 47 62 85 44 35 57 57 46 50 72 76 77 8 84 
84 45 41 74 96 77 20 105 116 93 18 51 24 85 92 0 75 57 102 87 50 50 78 61 95 83 93 30 44 62 65 101 72 82 79 41 80 51 57 10 86 93 100 101 57 59 82 121 11 48 100 82 58 85 106 60 109 57 91 55 
33 53 35 60 23 76 61 45 76 28 76 64 51 52 17 75 0 27 46 64 47 63 73 40 36 73 81 45 81 21 43 35 40 48 80 74 5 43 18 64 49 45 41 79 60 78 45 71 68 27 43 55 48 45 56 63 79 67 19 74 
28 26 29 37 41 51 40 48 67 37 53 37 36 36 40 57 27 0 45 45 20 36 49 15 38 50 60 31 55 33 20 44 21 32 55 47 30 16 22 47 35 38 43 61 33 51 31 68 48 19 43 36 21 33 52 36 64 40 36 46 
18 61 72 43 32 59 83 8 32 21 94 64 81 25 39 102 46 45 0 37 54 65 55 41 10 50 53 76 86 66 39 18 31 25 61 79 43 52 59 92 22 11 6 44 57 73 23 24 92 62 4 32 48 20 10 56 39 63 32 71 
34 43 73 14 62 23 67 45 30 50 75 38 74 13 66 87 64 45 37 0 39 40 19 31 41 13 17 71 58 77 26 52 25 16 25 53 64 39 67 80 18 27 41 16 32 41 19 41 77 64 39 10 31 21 32 29 22 34 59 41 
38 7 38 26 59 36 30 59 66 52 40 17 35 35 59 50 47 20 54 39 0 16 35 13 50 38 48 33 36 50 15 59 23 32 39 28 50 4 40 42 36 44 54 54 14 31 33 72 40 32 53 32 8 36 57 18 60 21 54 27 
51 12 51 26 74 27 31 71 70 67 35 2 43 42 75 50 63 36 65 40 16 0 28 26 63 34 44 43 21 65 26 72 35 41 30 14 66 20 55 44 45 54 66 53 8 15 42 79 39 47 65 37 18 46 66 11 61 8 70 11 
48 36 73 14 76 4 59 62 47 65 63 26 69 30 79 78 73 49 55 19 35 28 0 34 58 7 16 68 42 82 30 68 34 31 7 39 74 37 72 72 34 45 59 26 22 24 34 60 67 66 57 24 29 37 51 18 36 20 72 25 
26 20 42 21 48 36 42 46 56 40 53 26 44 24 49 61 40 15 41 31 13 26 34 0 38 35 44 40 47 48 5 46 11 21 40 40 42 11 38 52 25 32 42 47 20 38 21 60 51 34 40 22 8 24 45 22 51 28 44 35 
12 57 64 45 22 61 77 10 42 11 90 63 74 28 29 95 36 38 10 41 50 63 58 38 0 54 59 69 84 56 37 10 28 27 64 77 33 48 49 85 24 14 5 51 56 73 24 35 86 53 6 34 45 21 21 56 48 63 21 70 
46 40 76 14 73 10 64 58 41 62 69 32 73 26 77 83 73 50 50 13 38 34 7 35 54 0 10 71 48 83 30 64 33 27 11 45 73 40 73 77 30 40 54 20 27 30 30 54 73 68 52 20 31 33 45 23 29 26 70 31 
52 51 86 23 79 17 74 61 37 67 78 42 83 31 84 93 81 60 53 17 48 44 16 44 59 10 0 81 57 92 40 69 41 34 16 54 81 50 82 87 35 44 58 13 37 38 37 52 83 78 56 27 41 38 47 33 24 36 76 40 
58 32 12 59 66 68 21 78 96 65 34 45 6 65 62 30 45 31 76 71 33 43 68 40 69 71 81 0 51 33 45 73 50 61 71 44 50 32 27 20 64 68 74 86 46 57 60 98 25 18 74 63 40 63 82 50 92 50 61 53 
72 29 62 45 94 39 32 92 88 87 27 21 48 62 94 44 81 55 86 58 36 21 42 47 84 48 57 51 0 80 47 93 56 61 41 8 85 39 70 43 65 75 87 68 29 18 62 98 36 61 86 57 39 66 86 30 78 24 90 17 
50 53 21 69 43 84 53 65 94 48 67 67 39 66 37 62 21 33 66 77 50 65 82 48 56 83 92 33 80 0 53 56 52 63 88 72 25 47 11 52 64 63 61 93 64 80 60 90 58 19 62 68 54 61 75 68 94 71 40 76 
25 22 47 17 49 33 45 45 52 41 55 26 48 20 51 65 43 20 39 26 15 26 30 5 37 30 40 45 47 53 0 46 9 17 36 40 45 14 42 56 21 29 40 42 19 37 17 56 55 38 39 18 8 21 42 21 47 27 45 34 
21 66 67 55 15 72 84 11 50 8 97 72 79 39 23 101 35 44 18 52 59 72 68 46 10 64 69 73 93 56 46 0 38 37 75 86 31 56 51 91 34 24 11 61 65 82 35 39 93 57 14 45 54 31 28 66 56 72 17 80 
16 30 50 21 42 37 53 36 46 33 64 35 54 15 45 72 40 21 31 25 23 35 34 11 28 33 41 50 56 52 9 38 0 12 41 49 40 22 42 63 14 21 32 41 28 45 10 49 62 40 30 16 17 13 34 28 44 35 38 42 
18 39 61 18 46 34 62 32 35 34 72 40 65 4 50 82 48 32 25 16 32 41 31 21 27 27 34 61 61 63 17 37 12 0 37 55 48 32 53 73 4 15 28 30 32 47 3 39 72 52 26 7 25 6 25 31 32 38 43 45 
55 39 78 20 82 4 61 69 51 72 63 28 72 36 86 79 80 55 61 25 39 30 7 40 64 11 16 71 41 88 36 75 41 37 0 39 81 42 77 74 40 51 65 29 25 22 40 65 69 71 63 30 34 43 57 21 40 22 79 24 
65 21 55 40 87 37 26 85 83 80 25 15 42 57 87 41 74 47 79 53 28 14 39 40 77 45 54 44 8 72 40 86 49 55 39 0 77 31 63 39 59 69 81 65 23 18 56 93 32 53 79 51 32 60 80 25 74 19 82 15 
31 56 40 60 18 77 66 41 74 24 80 67 56 51 12 80 5 30 43 64 50 66 74 42 33 73 81 50 85 25 45 31 40 48 81 77 0 46 23 69 48 43 38 78 62 80 45 68 73 32 39 55 50 44 53 65 77 70 14 76 
36 10 36 27 56 38 31 57 66 49 42 21 34 35 55 51 43 16 52 39 4 20 37 11 48 40 50 32 39 47 14 56 22 32 42 31 46 0 36 42 35 42 52 55 18 35 31 71 41 29 51 32 9 35 56 21 60 25 51 30 
42 43 17 59 41 73 46 59 85 43 60 56 33 57 35 57 18 22 59 67 40 55 72 38 49 73 82 27 70 11 42 51 42 53 77 63 23 36 0 47 54 54 55 83 54 70 51 83 52 10 55 58 43 52 67 57 85 61 36 66 
74 37 31 66 85 71 13 95 108 83 19 46 14 77 81 10 64 47 92 80 42 44 72 52 85 77 87 20 43 52 56 91 63 73 74 39 69 42 47 0 77 83 90 94 50 55 73 112 8 37 90 73 50 76 97 54 101 52 80 52 
17 43 64 22 44 37 66 29 32 32 76 44 68 4 49 86 49 35 22 18 36 45 34 25 24 30 35 64 65 64 21 34 14 4 40 59 48 35 54 77 0 11 25 30 36 51 4 35 76 54 23 10 29 3 21 35 31 42 41 49 
12 51 66 33 36 48 73 18 32 24 84 54 73 15 42 93 45 38 11 27 44 54 45 32 14 40 44 68 75 63 29 24 21 15 51 69 43 42 54 83 11 0 14 37 46 62 13 30 83 56 12 21 37 9 14 46 35 52 34 60 
16 61 69 47 26 62 82 5 39 15 94 66 79 29 33 100 41 43 6 41 54 66 59 42 5 54 58 74 87 61 40 11 32 28 65 81 38 52 55 90 25 14 0 50 59 75 26 30 91 59 3 35 49 22 17 59 45 65 26 73 
47 57 89 28 73 29 82 52 23 61 88 51 89 27 79 101 79 61 44 16 54 53 26 47 51 20 13 86 68 93 42 61 41 30 29 65 78 55 83 94 30 37 50 0 45 50 33 39 91 80 47 25 46 34 36 41 11 46 71 51 
44 14 52 18 69 22 37 63 61 60 43 8 47 34 70 57 60 33 57 32 14 8 22 20 56 27 37 46 29 64 19 65 28 32 25 23 62 18 54 50 36 46 59 45 0 18 34 70 46 47 57 28 12 38 57 4 53 7 64 15 
61 27 66 30 86 21 42 79 71 78 42 14 56 48 88 59 78 51 73 41 31 15 24 38 73 30 38 57 18 80 37 82 45 47 22 18 80 35 70 55 51 62 75 50 18 0 49 82 49 62 73 42 30 53 71 17 60 11 82 5 
15 39 60 21 43 37 62 30 36 32 73 41 64 6 47 82 45 31 23 19 33 42 34 21 24 30 37 60 62 60 17 35 10 3 40 56 45 31 51 73 4 13 26 33 34 49 0 39 72 50 24 10 25 4 25 33 34 40 40 47 
41 78 95 53 54 64 102 28 17 44 112 78 102 37 62 121 71 68 24 41 72 79 60 60 35 54 52 98 98 90 56 39 49 39 65 93 68 71 83 112 35 30 30 39 70 82 39 0 111 85 28 42 64 36 16 68 30 75 55 82 
75 34 37 63 88 66 10 96 105 85 11 41 19 75 85 11 68 48 92 77 40 39 67 51 86 73 83 25 36 58 55 93 62 72 69 32 73 41 52 8 76 83 91 91 46 49 72 111 0 42 90 71 47 75 96 50 99 47 83 46 
44 35 10 55 48 68 36 63 86 49 50 49 24 56 44 48 27 19 62 64 32 47 66 34 53 68 78 18 61 19 38 57 40 52 71 53 32 29 10 37 54 56 59 80 47 62 50 85 42 0 59 55 37 52 69 51 84 53 44 58 
16 60 69 44 28 60 81 6 36 17 93 64 79 27 35 100 43 43 4 39 53 65 57 40 6 52 56 74 86 62 39 14 30 26 63 79 39 51 55 90 23 12 3 47 57 73 24 28 90 59 0 33 47 20 14 57 43 63 28 71 
26 37 64 12 53 27 62 39 34 42 70 36 66 6 57 82 55 36 32 10 32 37 24 22 34 20 27 63 57 68 18 45 16 7 30 51 55 32 58 73 10 21 35 25 28 42 10 42 71 55 33 0 24 13 30 27 29 33 50 40 
33 14 45 18 56 30 38 53 58 48 47 18 43 28 57 58 48 21 48 31 8 18 29 8 45 31 41 40 39 54 8 54 17 25 34 32 50 9 43 50 29 37 49 46 12 30 25 64 47 37 47 24 0 29 50 15 52 20 52 27 
14 43 62 24 41 40 66 26 34 29 76 45 67 8 46 85 45 33 20 21 36 46 37 24 21 33 38 63 66 61 21 31 13 6 43 60 44 35 52 76 3 9 22 34 38 53 4 36 75 52 20 13 29 0 21 37 33 43 38 51 
25 64 80 42 42 55 86 17 22 31 97 65 87 24 50 106 56 52 10 32 57 66 51 45 21 45 47 82 86 75 42 28 34 25 57 80 53 56 67 97 21 14 17 36 57 71 25 16 96 69 14 30 50 21 0 56 30 63 42 70 
45 18 57 15 70 18 41 63 59 61 47 10 51 32 72 60 63 36 56 29 18 11 18 22 56 23 33 50 30 68 21 66 28 31 21 25 65 21 57 54 35 46 59 41 4 17 33 68 50 51 57 27 15 37 56 0 50 7 66 14 
46 65 93 35 70 39 89 46 13 58 96 60 95 28 76 109 79 64 39 22 60 61 36 51 48 29 24 92 78 94 47 56 44 32 40 74 77 60 85 101 31 35 45 11 53 60 34 30 99 84 43 29 52 33 30 50 0 55 69 60 
51 19 58 21 76 19 39 70 64 67 42 6 51 39 77 57 67 40 63 34 21 8 20 28 63 26 36 50 24 71 27 72 35 38 22 19 70 25 61 52 42 52 65 46 7 11 40 75 47 53 63 33 20 43 63 7 55 0 72 7 
25 61 53 58 5 76 75 28 64 11 89 70 67 46 8 91 19 36 32 59 54 70 72 44 21 70 76 61 90 40 45 17 38 43 79 82 14 51 36 80 41 34 26 71 64 82 40 55 83 44 28 50 52 38 42 66 69 72 0 79 
59 23 61 28 83 23 38 77 71 75 39 9 52 46 84 55 74 46 71 41 27 11 25 35 70 31 40 53 17 76 34 80 42 45 24 15 76 30 66 52 49 60 73 51 15 5 47 82 46 58 71 40 27 51 70 14 60 7 79 0 
0 37 123 278 114 0 1109 677 24 295 39 175 2803 128 3000 133 48 22 9 7 716 74 339 27 409 1023 477 102 157 1389 22 2603 3000 65 0 369 926 8 263 439 102 899 179 504 20 158 9 39 16 21 101 436 76 420 12 85 25 40 947 1608 
37 0 0 1741 705 0 162 85 165 0 0 93 172 533 21 125 0 110 195 74 0 0 303 3000 96 1139 11 19 56 0 2761 21 9 88 0 59 106 0 147 1296 357 101 103 0 0 0 585 1873 0 52 0 14 125 3000 205 262 650 566 561 55 
123 0 0 0 56 0 0 0 145 342 61 98 0 30 0 82 320 3000 0 0 46 0 86 0 402 76 153 0 1455 17 0 0 0 8 27 33 909 180 0 0 516 0 0 135 614 0 38 0 0 122 0 3000 0 0 1075 0 0 3000 354 128 
278 1741 0 0 19 13 54 106 788 0 0 223 98 141 20 203 82 310 131 81 0 112 48 65 0 31 36 34 30 0 17 40 27 527 0 0 3000 0 57 8 0 9 0 53 0 719 0 12 206 0 22 0 34 60 0 21 185 0 173 0 
114 705 56 19 0 3000 11 291 7 579 37 21 18 11 8 780 744 76 153 58 400 42 38 8 1172 23 11 12 45 146 3000 84 515 329 11 8 7 104 865 59 35 110 955 123 27 199 890 162 159 14 13 77 288 466 74 72 635 42 35 231 
0 0 0 13 3000 0 0 101 17 1668 12 1041 421 372 69 0 435 0 0 913 12 12 0 0 0 1769 57 0 22 0 610 0 0 0 0 0 36 15 0 0 0 133 0 7 58 967 0 0 2731 0 17 0 0 100 0 3000 0 0 129 0 
1109 162 0 54 11 0 0 500 401 44 312 613 27 52 28 713 28 22 69 86 52 10 483 9 17 14 91 12 449 41 23 21 30 53 0 21 980 12 61 547 769 104 50 15 800 15 131 1456 1228 7 42 697 162 145 17 534 20 812 592 36 
677 85 0 106 291 101 500 0 263 829 21 61 95 774 908 1379 3000 9 146 55 1302 8 125 3000 0 1931 51 0 40 0 1840 2289 13 8 0 0 27 1023 1384 7 7 69 0 65 36 99 0 10 183 0 837 0 139 56 387 63 129 0 23 0 
24 165 145 788 7 17 401 263 0 610 426 1638 7 21 375 784 43 932 17 39 10 302 50 62 53 51 187 2080 300 749 1087 17 32 13 265 87 12 607 500 628 164 20 41 591 1280 63 201 18 29 8 37 134 236 49 50 12 11 28 8 40 
295 0 342 0 579 1668 44 829 610 0 34 728 412 476 26 0 202 51 0 8 1265 19 0 0 34 355 380 0 3000 283 218 0 0 0 115 0 238 522 0 0 18 61 0 511 57 16 0 0 27 0 376 68 0 421 17 1103 8 929 10 30 
39 0 61 0 37 12 312 21 426 34 0 81 154 22 12 0 532 29 0 12 31 8 0 0 32 112 1826 0 711 986 1515 0 0 0 471 0 296 140 0 0 57 180 0 2623 29 192 0 0 25 0 1449 168 0 958 52 60 15 312 262 507 
175 93 98 223 21 1041 613 61 1638 728 81 0 176 153 2582 482 12 1390 825 762 675 29 79 329 76 290 128 485 67 177 92 111 0 34 145 21 69 103 1073 58 73 441 8 8 291 212 137 30 36 133 67 54 16 235 11 164 159 12 874 17 
2803 172 0 98 18 421 27 95 7 412 154 176 0 797 17 2470 52 24 37 449 11 227 102 24 0 1341 503 27 1052 0 18 1000 12 528 0 0 20 400 206 32 77 223 0 8 228 50 0 73 69 0 236 0 413 296 922 37 9 0 207 0 
128 533 30 141 11 372 52 774 21 476 22 153 797 0 252 77 101 1546 17 34 57 39 8 187 2531 25 34 99 53 1302 2187 152 37 42 29 112 66 832 14 3000 35 324 58 960 502 64 10 52 23 161 105 100 101 158 44 179 7 19 12 44 
3000 21 0 20 8 69 28 908 375 26 12 2582 17 252 0 0 26 65 133 88 8 185 1767 893 0 169 1294 0 17 0 466 214 31 0 0 0 31 129 10 11 0 334 0 106 57 433 0 14 13 0 47 0 1352 546 748 485 1038 0 21 0 
133 125 82 203 780 0 713 1379 784 0 0 482 2470 77 0 0 0 13 27 21 286 0 177 8 13 325 1988 472 1584 187 10 324 24 248 0 11 286 58 14 36 20 16 294 265 0 0 13 200 0 50 0 95 39 1305 104 0 3000 251 39 1051 
48 0 320 82 744 435 28 3000 43 202 532 12 52 101 26 0 0 20 0 14 43 153 0 0 281 264 141 0 164 86 24 19 0 0 85 0 58 37 0 0 729 78 0 1281 145 121 0 328 362 0 48 79 0 70 19 588 166 1871 59 138 
22 110 3000 310 76 0 22 9 932 51 29 1390 24 1546 65 13 20 0 341 7 893 1436 1463 15 46 146 17 67 284 23 19 311 8 41 455 259 1677 122 893 935 241 48 426 10 45 73 166 37 89 61 11 46 87 13 478 139 237 1741 111 600 
9 195 0 131 153 0 69 146 17 0 0 825 37 17 133 27 0 341 0 23 0 0 65 11 0 10 308 157 32 0 424 19 79 3000 0 0 1218 0 39 171 0 27 0 0 0 11 0 90 64 0 125 0 1092 8 0 27 87 0 23 0 
7 74 0 81 58 913 86 55 39 8 12 762 449 34 88 21 14 7 23 0 106 93 148 3000 23 211 27 40 109 0 25 1758 450 616 0 15 52 22 33 32 112 465 455 91 396 1204 714 370 32 75 13 9 147 41 647 882 3000 50 76 21 
716 0 46 0 400 12 52 1302 10 1265 31 675 11 57 8 286 43 893 0 106 0 46 371 0 20 112 79 0 69 9 3000 23 0 85 17 0 100 51 0 0 76 57 0 123 10 82 9 0 68 0 143 12 0 227 230 527 61 154 33 8 
74 0 0 112 42 12 10 8 302 19 8 29 227 39 185 0 153 1436 0 93 46 0 0 0 0 30 232 0 158 151 50 1549 0 0 0 0 141 16 0 0 18 35 0 2720 137 1240 0 32 26 0 22 0 0 125 35 14 28 0 20 0 
339 303 86 48 38 0 483 125 50 0 0 79 102 8 1767 177 0 1463 65 148 371 0 0 3000 628 818 244 11 213 810 199 923 30 3000 0 92 39 242 112 17 3000 24 59 63 432 0 846 54 0 100 0 14 58 52 55 0 1684 962 143 12 
27 3000 0 65 8 0 9 3000 62 0 0 329 24 187 893 8 0 15 11 3000 0 0 3000 0 0 68 28 8 34 0 809 700 347 313 0 169 203 0 24 30 82 13 15 0 0 0 8 426 0 9 0 1089 13 407 1248 481 420 0 669 0 
409 96 402 0 1172 0 17 0 53 34 32 76 0 2531 0 13 281 46 0 23 20 0 628 0 0 203 20 1679 113 29 0 79 0 254 21 20 29 265 0 152 409 105 118 111 122 0 60 1588 0 10 0 15 0 0 401 0 3000 1133 21 193 
1023 1139 76 31 23 1769 14 1931 51 355 112 290 1341 25 169 325 264 146 10 211 112 30 818 68 203 0 72 40 18 104 130 189 201 21 0 424 8 48 71 343 18 136 0 14 305 49 89 449 288 0 190 43 231 134 319 630 165 905 9 332 
477 11 153 36 11 57 91 51 187 380 1826 128 503 34 1294 1988 141 17 308 27 79 232 244 28 20 72 0 19 1475 332 100 30 236 244 119 1205 657 275 77 285 23 372 27 24 28 25 28 3000 934 18 65 157 393 25 3000 142 129 2062 167 53 
102 19 0 34 12 0 12 0 2080 0 0 485 27 99 0 472 0 67 157 40 0 0 11 8 1679 40 19 0 24 8 512 402 8 38 0 48 3000 16 100 38 3000 28 23 35 0 0 9 566 0 1443 0 230 8 33 21 0 41 9 450 23 
157 56 1455 30 45 22 449 40 300 3000 711 67 1052 53 17 1584 164 284 32 109 69 158 213 34 113 18 1475 24 0 174 17 1982 21 365 67 32 115 8 75 18 82 78 0 282 384 56 22 1807 498 0 62 7 38 798 41 22 15 1709 17 133 
1389 0 17 0 146 0 41 0 749 283 986 177 0 1302 0 187 86 23 0 0 9 151 810 0 29 104 332 8 174 0 0 16 0 390 230 207 89 138 0 1233 504 0 0 365 115 0 443 0 0 172 0 9 0 0 45 0 339 7 9 2646 
22 2761 0 17 3000 610 23 1840 1087 218 1515 92 18 2187 466 10 24 19 424 25 3000 50 199 809 0 130 100 512 17 0 0 240 39 60 0 0 18 1060 540 98 124 146 0 237 48 613 318 312 245 0 3000 0 24 172 26 29 34 0 29 0 
2603 21 0 40 84 0 21 2289 17 0 0 111 1000 152 214 324 19 311 19 1758 23 1549 923 700 79 189 30 402 1982 16 240 0 120 650 0 244 150 493 156 55 438 688 1462 2069 14 99 717 153 40 180 79 151 48 403 1614 12 1038 356 438 893 
3000 9 0 27 515 0 30 13 32 0 0 0 12 37 31 24 0 8 79 450 0 0 30 347 0 201 236 8 21 0 39 120 0 16 0 15 46 0 33 963 0 86 16 0 0 0 72 65 0 0 0 0 61 84 0 93 3000 0 85 0 
65 88 8 527 329 0 53 8 13 0 0 34 528 42 0 248 0 41 3000 616 85 0 3000 313 254 21 244 38 365 390 60 650 16 0 0 259 137 222 188 685 766 1833 3000 15 25 0 40 7 0 308 0 11 262 10 14 0 126 737 782 51 
0 0 27 0 11 0 0 0 265 115 471 145 0 29 0 0 85 455 0 0 17 0 0 0 21 0 119 0 67 230 0 0 0 0 0 0 0 659 0 0 659 0 0 14 12 0 22 0 0 0 0 2323 0 0 19 0 0 10 228 8 
369 59 33 0 8 0 21 0 87 0 0 21 0 112 0 11 0 259 0 15 0 0 92 169 20 424 1205 48 32 207 0 244 15 259 0 0 3000 1208 64 210 1373 128 36 7 0 0 37 79 0 302 0 348 30 24 2142 0 621 26 31 995 
926 106 909 3000 7 36 980 27 12 238 296 69 20 66 31 286 58 1677 1218 52 100 141 39 203 29 8 657 3000 115 89 18 150 46 137 0 3000 0 11 96 11 89 314 47 1140 39 123 128 41 192 98 215 86 275 1003 49 468 332 113 261 9 
8 0 180 0 104 15 12 1023 607 522 140 103 400 832 129 58 37 122 0 22 51 16 242 0 265 48 275 16 8 138 1060 493 0 222 659 1208 11 0 0 41 9 7 47 48 42 74 1111 72 62 536 29 12 0 3000 1012 99 31 232 63 526 
263 147 0 57 865 0 61 1384 500 0 0 1073 206 14 10 14 0 893 39 33 0 0 112 24 0 71 77 100 75 0 540 156 33 188 0 64 96 0 0 13 0 16 29 0 0 191 0 343 41 0 312 0 214 1532 0 3000 67 0 202 0 
439 1296 0 8 59 0 547 7 628 0 0 58 32 3000 11 36 0 935 171 32 0 0 17 30 152 343 285 38 18 1233 98 55 963 685 0 210 11 41 13 0 22 10 20 412 0 0 634 2744 0 187 0 2380 605 265 44 0 10 440 10 789 
102 357 516 0 35 0 769 7 164 18 57 73 77 35 0 20 729 241 0 112 76 18 3000 82 409 18 23 3000 82 504 124 438 0 766 659 1373 89 9 0 22 0 43 30 61 31 398 36 2111 0 230 0 174 0 33 32 0 486 15 20 219 
899 101 0 9 110 133 104 69 20 61 180 441 223 324 334 16 78 48 27 465 57 35 24 13 105 136 372 28 78 0 146 688 86 1833 0 128 314 7 16 10 43 0 964 71 1225 2141 123 81 67 422 47 9 443 567 61 286 105 59 705 38 
179 103 0 0 955 0 50 0 41 0 0 8 0 58 0 294 0 426 0 455 0 0 59 15 118 0 27 23 0 0 0 1462 16 3000 0 36 47 47 29 20 30 964 0 0 0 0 280 819 0 22 0 20 14 0 35 0 2183 13 82 203 
504 0 135 53 123 7 15 65 591 511 2623 8 8 960 106 265 1281 10 0 91 123 2720 63 0 111 14 24 35 282 365 237 2069 0 15 14 7 1140 48 0 412 61 71 0 0 30 274 306 60 91 0 2885 8 0 164 139 420 461 1711 237 53 
20 0 614 0 27 58 800 36 1280 57 29 291 228 502 57 0 145 45 0 396 10 137 432 0 122 305 28 0 384 115 48 14 0 25 12 0 39 42 0 0 31 1225 0 30 0 42 244 0 8 0 537 46 0 95 10 242 166 36 10 98 
158 0 0 719 199 967 15 99 63 16 192 212 50 64 433 0 121 73 11 1204 82 1240 0 0 0 49 25 0 56 0 613 99 0 0 0 0 123 74 191 0 398 2141 0 274 42 0 0 12 3000 0 119 0 0 41 0 126 3000 0 615 0 
9 585 38 0 890 0 131 0 201 0 0 137 0 10 0 13 0 166 0 714 9 0 846 8 60 89 28 9 22 443 318 717 72 40 22 37 128 1111 0 634 36 123 280 306 244 0 0 25 0 202 0 1723 82 390 35 0 133 235 96 157 
39 1873 0 12 162 0 1456 10 18 0 0 30 73 52 14 200 328 37 90 370 0 32 54 426 1588 449 3000 566 1807 0 312 153 65 7 0 79 41 72 343 2744 2111 81 819 60 0 12 25 0 147 7 467 1135 11 1724 138 340 203 0 10 0 
16 0 0 206 159 2731 1228 183 29 27 25 36 69 23 13 0 362 89 64 32 68 26 0 0 0 288 934 0 498 0 245 40 0 0 0 0 192 62 41 0 0 67 0 91 8 3000 0 147 0 0 2089 0 0 869 0 1238 34 0 7 0 
21 52 122 0 14 0 7 0 8 0 0 133 0 161 0 50 0 61 0 75 0 0 100 9 10 0 18 1443 0 172 0 180 0 308 0 302 98 536 0 187 230 422 22 0 0 0 202 7 0 0 0 31 0 0 726 0 8 251 1028 682 
101 0 0 22 13 17 42 837 37 376 1449 67 236 105 47 0 48 11 125 13 143 22 0 0 0 190 65 0 62 0 3000 79 0 0 0 0 215 29 312 0 0 47 0 2885 537 119 0 467 2089 0 0 0 0 43 0 73 261 0 29 0 
436 14 3000 0 77 0 697 0 134 68 168 54 0 100 0 95 79 46 0 9 12 0 14 1089 15 43 157 230 7 9 0 151 0 11 2323 348 86 12 0 2380 174 9 20 8 46 0 1723 1135 0 31 0 0 0 0 1832 0 137 337 117 28 
76 125 0 34 288 0 162 139 236 0 0 16 413 101 1352 39 0 87 1092 147 0 0 58 13 0 231 393 8 38 0 24 48 61 262 0 30 275 0 214 605 0 443 14 0 0 0 82 11 0 0 0 0 0 49 449 121 3000 0 1371 0 
420 3000 0 60 466 100 145 56 49 421 958 235 296 158 546 1305 70 13 8 41 227 125 52 407 0 134 25 33 798 0 172 403 84 10 0 24 1003 3000 1532 265 33 567 0 164 95 41 390 1724 869 0 43 0 49 0 79 18 17 0 8 0 
12 205 1075 0 74 0 17 387 50 17 52 11 922 44 748 104 19 478 0 647 230 35 55 1248 401 319 3000 21 41 45 26 1614 0 14 19 2142 49 1012 0 44 32 61 35 139 10 0 35 138 0 726 0 1832 449 79 0 0 24 565 332 147 
85 262 0 21 72 3000 534 63 12 1103 60 164 37 179 485 0 588 139 27 882 527 14 0 481 0 630 142 0 22 0 29 12 93 0 0 0 468 99 3000 0 0 286 0 420 242 126 0 340 1238 0 73 0 121 18 0 0 18 0 359 0 
25 650 0 185 635 0 20 129 11 8 15 159 9 7 1038 3000 166 237 87 3000 61 28 1684 420 3000 165 129 41 15 339 34 1038 3000 126 0 621 332 31 67 10 486 105 2183 461 166 3000 133 203 34 8 261 137 3000 17 24 18 0 531 2709 438 
40 566 3000 0 42 0 812 0 28 929 312 12 0 19 0 251 1871 1741 0 50 154 0 962 0 1133 905 2062 9 1709 7 0 356 0 737 10 26 113 232 0 440 15 59 13 1711 36 0 235 0 0 251 0 337 0 0 565 0 531 0 1262 165 
947 561 354 173 35 129 592 23 8 10 262 874 207 12 21 39 59 111 23 76 33 20 143 669 21 9 167 450 17 9 29 438 85 782 228 31 261 63 202 10 20 705 82 237 10 615 96 10 7 1028 29 117 1371 8 332 359 2709 1262 0 15 
1608 55 128 0 231 0 36 0 40 30 507 17 0 44 0 1051 138 600 0 21 8 0 12 0 193 332 53 23 133 2646 0 893 0 51 8 995 9 526 0 789 219 38 203 53 98 0 157 0 0 682 0 28 0 0 147 0 438 165 15 0 
