80
0 64 69 43 16 43 63 37 49 68 43 68 89 61 60 42 49 85 108 73 37 52 56 102 29 35 47 88 67 90 43 22 5 38 92 67 83 38 93 42 105 55 41 70 55 13 18 17 33 90 40 75 84 14 32 72 32 45 59 33 49 15 48 30 68 26 52 53 66 32 34 3 93 34 88 43 35 51 74 66 
64 0 17 22 48 64 48 77 24 99 92 86 97 103 8 22 81 83 82 94 66 60 40 77 77 94 94 74 80 72 39 83 67 73 112 5 115 26 88 73 85 103 28 89 32 76 62 47 32 121 29 74 116 72 86 17 58 19 12 87 38 79 46 89 56 54 90 70 102 32 41 65 92 89 89 66 74 87 88 7 
69 17 0 34 54 58 35 73 21 91 89 76 84 97 13 30 75 69 65 84 61 51 29 60 76 95 91 59 69 56 34 86 73 69 101 21 107 31 74 68 69 100 28 79 22 81 63 54 37 112 29 60 108 74 85 3 55 28 11 86 30 83 38 90 42 52 85 62 95 39 39 71 77 89 75 60 71 81 77 23 
43 22 34 0 27 55 50 63 23 90 76 80 95 90 21 5 70 84 92 88 54 55 41 87 61 75 79 79 75 79 33 64 46 60 107 25 106 13 91 62 93 89 19 83 34 55 45 26 15 113 20 74 107 52 69 36 46 6 22 69 35 58 42 70 58 39 78 63 91 13 30 44 93 72 89 56 60 75 84 24 
16 48 54 27 0 41 53 41 34 72 52 67 86 68 44 27 51 79 98 73 36 46 44 92 36 48 55 80 64 81 31 36 19 40 93 52 87 23 87 43 96 64 26 69 42 28 20 3 17 95 26 69 88 25 43 57 29 29 43 44 37 31 39 43 59 21 57 50 71 16 23 17 88 45 83 41 38 55 73 51 
43 64 58 55 41 0 31 19 40 35 34 26 46 39 57 50 17 41 70 33 8 12 31 64 26 46 34 47 24 51 25 45 48 14 53 69 51 43 50 11 64 43 38 29 36 50 26 43 41 58 36 33 53 36 35 61 12 52 54 35 28 48 20 43 32 19 27 9 38 44 25 46 49 38 44 2 17 23 32 70 
63 48 35 50 53 31 0 50 27 59 66 42 49 68 40 45 47 35 46 51 38 20 10 40 56 76 66 29 35 29 21 72 68 45 66 52 74 39 41 42 44 74 32 46 17 73 49 54 41 79 31 26 75 61 66 37 35 45 36 66 16 73 15 73 8 38 57 31 65 45 30 66 44 69 41 34 48 53 43 54 
37 77 73 63 41 19 50 0 54 32 16 33 56 27 70 59 13 56 87 37 12 31 48 82 10 28 17 65 35 69 40 30 40 5 56 82 47 52 64 9 81 27 49 35 52 39 21 44 48 54 48 49 48 25 17 77 18 62 67 17 44 36 37 26 51 24 16 24 30 50 36 39 62 20 57 17 3 15 41 82 
49 24 21 23 34 40 27 54 0 75 70 62 75 79 16 18 58 62 70 71 42 36 18 64 56 74 71 56 56 56 15 65 53 50 89 29 91 14 69 50 70 81 9 66 11 61 42 35 18 97 9 52 92 53 65 24 35 18 13 65 14 63 23 70 36 32 67 46 78 21 19 51 71 68 68 42 51 63 65 30 
68 99 91 90 72 35 59 32 75 0 32 19 35 17 91 86 20 44 81 13 36 40 62 77 40 50 28 58 26 64 60 58 71 32 26 104 16 78 50 29 72 28 73 16 69 69 52 74 75 23 71 42 17 56 42 94 44 87 88 41 62 65 53 50 55 52 18 29 8 78 60 71 46 43 42 34 34 17 24 105 
43 92 89 76 52 34 66 16 70 32 0 41 63 19 85 73 22 67 100 42 28 46 64 96 16 18 4 78 45 82 56 27 45 20 57 97 43 66 75 23 94 13 64 41 68 40 32 54 62 50 63 61 44 29 11 93 34 76 83 10 60 36 53 19 66 38 15 37 26 64 51 45 72 11 67 32 19 18 49 97 
68 86 76 80 67 26 42 33 62 19 41 0 22 33 78 75 21 27 62 9 31 26 47 59 43 59 39 40 7 45 48 63 71 31 27 91 32 67 34 26 54 42 62 4 55 72 50 69 66 37 60 24 33 58 49 79 37 77 74 48 48 69 40 58 38 45 27 17 26 70 50 70 30 51 26 26 34 23 8 92 
89 97 84 95 86 46 49 56 75 35 63 22 0 52 89 90 43 17 50 22 52 41 57 48 66 81 60 32 22 37 62 85 93 53 21 102 39 83 18 48 40 62 77 22 65 94 71 89 83 40 75 23 40 80 71 86 57 91 85 70 60 91 53 80 42 65 48 37 43 86 67 92 13 73 11 46 56 45 15 103 
61 103 97 90 68 39 68 27 79 17 19 33 52 0 95 86 22 60 96 30 37 48 69 92 32 36 15 73 39 78 64 46 63 29 41 107 24 78 66 29 87 11 75 32 75 59 47 70 75 31 74 56 25 47 30 100 44 88 92 29 67 54 59 37 66 50 12 37 9 77 62 63 62 30 58 37 30 16 40 108 
60 8 13 21 44 57 40 70 16 91 85 78 89 95 0 19 74 75 76 86 58 52 32 70 71 88 87 67 72 65 31 78 63 66 104 13 107 21 81 66 79 96 21 81 24 72 56 43 27 113 22 66 108 66 80 14 51 16 3 80 30 75 38 84 48 47 83 62 94 28 34 61 84 83 81 58 67 80 80 15 
42 22 30 5 27 50 45 59 18 86 73 75 90 86 19 0 66 79 88 83 50 50 36 82 58 73 76 74 70 74 28 62 45 57 102 25 102 8 86 58 88 85 14 78 29 55 42 25 11 109 15 69 103 51 66 33 42 3 19 67 30 58 37 69 53 36 74 58 87 11 25 43 88 69 84 52 57 71 79 24 
49 81 75 70 51 17 47 13 58 20 22 21 43 22 74 66 0 46 79 24 16 27 48 74 22 38 20 56 24 61 43 42 52 11 43 86 36 58 54 9 72 27 54 22 53 51 32 54 55 43 53 40 37 38 28 79 24 68 71 27 45 48 37 37 46 31 10 16 21 58 41 51 51 30 46 15 14 6 29 87 
85 83 69 84 79 41 35 56 62 44 67 27 17 60 75 79 46 0 36 31 49 33 44 33 66 83 65 16 22 21 52 85 89 52 37 87 53 72 9 47 28 69 65 28 52 91 67 81 73 55 64 10 54 77 73 71 52 79 71 72 48 90 42 82 27 59 53 33 52 77 58 87 9 75 6 42 56 49 20 89 
108 82 65 92 98 70 46 87 70 81 100 62 50 96 76 88 79 36 0 68 77 58 54 6 96 115 99 23 57 19 67 114 113 83 71 86 89 83 32 78 10 104 77 64 59 118 93 100 86 90 76 40 90 104 104 66 78 87 73 104 61 117 60 113 40 82 88 64 89 90 75 111 37 107 40 71 86 84 57 88 
73 94 84 88 73 33 51 37 71 13 42 9 22 30 86 83 24 31 68 0 37 34 56 64 47 60 39 46 16 51 56 66 76 35 20 99 23 75 37 31 59 40 70 5 63 76 55 76 74 28 68 31 24 62 51 87 44 85 83 50 57 73 48 60 46 52 27 25 22 77 58 75 33 52 28 33 38 24 11 101 
37 66 61 54 36 8 38 12 42 36 28 31 52 37 58 50 16 49 77 37 0 20 36 72 19 39 29 55 30 59 28 37 41 8 57 71 52 42 58 8 72 38 39 34 40 42 19 39 39 60 37 40 53 28 28 65 8 52 56 28 32 41 25 36 40 15 25 16 37 42 25 39 56 31 51 7 10 22 38 71 
52 60 51 55 46 12 20 31 36 40 46 26 41 48 52 50 27 33 58 34 20 0 22 53 38 58 46 36 20 39 22 57 57 26 52 65 56 42 41 22 53 53 37 29 29 60 36 49 42 62 35 23 57 47 47 54 20 51 49 47 22 59 14 55 20 26 37 11 45 46 26 55 41 50 37 14 29 33 29 66 
56 40 29 41 44 31 10 48 18 62 64 47 57 69 32 36 48 44 54 56 36 22 0 48 53 73 65 39 41 39 13 67 61 44 72 45 78 29 51 41 54 73 23 51 8 67 44 46 32 83 22 34 79 56 62 32 31 36 28 63 7 67 11 69 18 32 58 33 67 36 22 58 53 66 50 33 46 54 49 46 
102 77 60 87 92 64 40 82 64 77 96 59 48 92 70 82 74 33 6 64 72 53 48 0 91 110 95 19 52 14 61 109 107 78 69 80 86 77 30 73 11 100 71 61 53 112 87 94 80 88 70 35 87 99 99 61 72 81 67 99 55 111 54 108 34 76 83 59 85 84 69 105 36 102 38 66 81 79 54 83 
29 77 76 61 36 26 56 10 56 40 16 43 66 32 71 58 22 66 96 47 19 38 53 91 0 20 19 73 45 77 43 20 31 13 65 82 54 51 74 18 90 28 50 45 56 29 16 39 47 62 48 58 55 16 10 79 22 60 69 10 48 26 42 17 58 24 23 33 37 48 37 31 72 13 67 24 10 23 51 82 
35 94 95 75 48 46 76 28 74 50 18 59 81 36 88 73 38 83 115 60 39 58 73 110 20 0 22 92 62 96 62 14 35 32 76 98 60 67 91 37 109 26 67 59 75 27 32 50 62 67 66 76 60 23 11 98 42 76 86 11 68 23 62 5 78 42 33 51 43 63 56 36 89 8 84 44 29 36 66 98 
47 94 91 79 55 34 66 17 71 28 4 39 60 15 87 76 20 65 99 39 29 46 65 95 19 22 0 76 43 81 57 31 48 21 54 99 39 69 73 24 92 10 66 39 69 44 35 58 64 46 65 60 40 33 15 94 36 78 84 14 61 40 54 23 65 40 12 36 22 66 53 48 70 15 65 32 20 16 46 99 
88 74 59 79 80 47 29 65 56 58 78 40 32 73 67 74 56 16 23 46 55 36 39 19 73 92 76 0 34 5 50 92 93 60 53 79 68 68 16 56 17 81 62 42 45 97 72 82 70 71 60 17 69 83 82 60 56 74 63 81 45 95 41 90 21 62 65 41 66 74 57 91 21 84 21 49 64 61 35 81 
67 80 69 75 64 24 35 35 56 26 45 7 22 39 72 70 24 22 57 16 30 20 41 52 45 62 43 34 0 39 43 65 71 31 32 85 39 63 30 27 49 48 57 11 48 72 49 67 62 44 55 17 40 58 51 72 35 71 68 51 42 70 34 60 30 43 32 14 33 65 46 69 27 54 22 24 35 27 9 86 
90 72 56 79 81 51 29 69 56 64 82 45 37 78 65 74 61 21 19 51 59 39 39 14 77 96 81 5 39 0 51 96 95 64 58 77 74 68 21 60 15 86 62 47 45 99 75 83 71 76 60 22 75 86 85 58 59 74 62 85 45 98 43 94 22 64 70 45 71 75 58 93 26 88 26 53 67 65 40 79 
43 39 34 33 31 25 21 40 15 60 56 48 62 64 31 28 43 52 67 56 28 22 13 61 43 62 57 50 43 51 0 55 47 36 75 44 76 20 59 35 65 66 14 51 13 54 31 33 21 83 12 42 77 43 52 37 21 29 28 53 6 55 9 58 28 20 52 31 63 25 8 45 61 56 57 27 37 48 52 45 
22 83 86 64 36 45 72 30 65 58 27 63 85 46 78 62 42 85 114 66 37 57 67 109 20 14 31 92 65 96 55 0 21 33 83 87 70 57 94 38 109 38 58 64 69 13 24 38 52 77 57 77 71 12 16 89 37 65 77 17 61 9 58 10 76 35 40 52 53 52 48 22 92 16 87 43 30 42 71 87 
5 67 73 46 19 48 68 40 53 71 45 71 93 63 63 45 52 89 113 76 41 57 61 107 31 35 48 93 71 95 47 21 0 41 95 70 85 42 97 45 109 57 45 73 59 10 22 20 36 93 45 80 86 16 34 76 37 48 63 35 54 13 53 30 73 31 54 57 68 35 39 2 97 35 92 47 38 54 78 69 
38 73 69 60 40 14 45 5 50 32 20 31 53 29 66 57 11 52 83 35 8 26 44 78 13 32 21 60 31 64 36 33 41 0 54 78 47 49 60 5 77 30 46 32 48 41 21 43 46 54 44 44 48 27 21 73 15 59 64 21 40 38 33 30 46 21 18 19 31 48 33 40 59 25 54 12 4 15 38 79 
92 112 101 107 93 53 66 56 89 26 57 27 21 41 104 102 43 37 71 20 57 52 72 69 65 76 54 53 32 58 75 83 95 54 0 117 22 94 39 51 61 52 89 24 80 94 75 96 93 20 87 42 22 80 68 103 64 103 100 67 74 91 66 76 60 72 43 44 33 97 77 94 34 69 32 52 57 42 24 118 
67 5 21 25 52 69 52 82 29 104 97 91 102 107 13 25 86 87 86 99 71 65 45 80 82 98 99 79 85 77 44 87 70 78 117 0 120 31 93 78 89 108 32 94 37 80 67 50 36 127 34 79 121 76 90 20 63 22 17 91 43 83 51 93 60 58 95 75 107 36 46 68 96 94 93 71 79 92 93 3 
83 115 107 106 87 51 74 47 91 16 43 32 39 24 107 102 36 53 89 23 52 56 78 86 54 60 39 68 39 74 76 70 85 47 22 120 0 94 57 45 79 34 89 28 85 82 67 90 91 8 88 54 1 70 54 110 60 104 104 53 78 78 69 61 69 68 31 45 17 94 76 85 52 54 49 50 49 32 34 121 
38 26 31 13 23 43 39 52 14 78 66 67 83 78 21 8 58 72 83 75 42 42 29 77 51 67 69 68 63 68 20 57 42 49 94 31 94 0 79 50 83 78 6 71 24 51 36 22 6 101 8 62 95 45 60 34 34 10 21 60 24 53 30 63 47 28 67 50 79 8 17 40 81 63 77 44 49 64 71 31 
93 88 74 91 87 50 41 64 69 50 75 34 18 66 81 86 54 9 32 37 58 41 51 30 74 91 73 16 30 21 59 94 97 60 39 93 57 79 0 56 22 76 73 35 58 100 76 89 80 58 71 18 58 86 81 76 61 86 77 80 55 98 50 90 33 67 61 42 59 84 66 96 6 83 9 51 64 57 27 95 
42 73 68 62 43 11 42 9 50 29 23 26 48 29 66 58 9 47 78 31 8 22 41 73 18 37 24 56 27 60 35 38 45 5 51 78 45 50 56 0 72 32 46 28 46 46 24 46 47 52 45 40 46 31 26 71 16 60 63 26 38 43 31 35 42 23 17 15 29 50 33 44 54 29 49 9 8 14 33 79 
105 85 69 93 96 64 44 81 70 72 94 54 40 87 79 88 72 28 10 59 72 53 54 11 90 109 92 17 49 15 65 109 109 77 61 89 79 83 22 72 0 96 77 56 59 114 89 98 86 81 75 33 80 100 98 70 73 88 75 98 60 112 58 107 37 79 80 58 80 90 73 108 28 101 31 66 80 76 48 92 
55 103 100 89 64 43 74 27 81 28 13 42 62 11 96 85 27 69 104 40 38 53 73 100 28 26 10 81 48 86 66 38 57 30 52 108 34 78 76 32 96 0 76 41 78 51 44 67 74 41 74 65 35 42 23 103 45 88 94 22 70 47 63 29 72 50 17 43 20 76 63 57 72 22 68 40 29 21 49 108 
41 28 28 19 26 38 32 49 9 73 64 62 77 75 21 14 54 65 77 70 39 37 23 71 50 67 66 62 57 62 14 58 45 46 89 32 89 6 73 46 77 76 0 65 18 53 35 26 10 96 2 55 91 46 59 31 31 15 19 59 17 55 23 63 40 26 63 45 75 13 13 43 74 62 71 40 46 60 66 33 
70 89 79 83 69 29 46 35 66 16 41 4 22 32 81 78 22 28 64 5 34 29 51 61 45 59 39 42 11 47 51 64 73 32 24 94 28 71 35 28 56 41 65 0 58 73 52 72 69 33 63 26 29 59 49 82 40 80 78 49 51 70 43 58 41 48 27 20 24 73 53 72 31 51 26 28 36 23 8 96 
55 32 22 34 42 36 17 52 11 69 68 55 65 75 24 29 53 52 59 63 40 29 8 53 56 75 69 45 48 45 13 69 59 48 80 37 85 24 58 46 59 78 18 58 0 67 45 43 27 91 17 42 86 57 66 25 34 29 20 66 8 68 16 71 25 33 63 40 73 31 21 57 61 69 57 38 50 59 56 38 
13 76 81 55 28 50 73 39 61 69 40 72 94 59 72 55 51 91 118 76 42 60 67 112 29 27 44 97 72 99 54 13 10 41 94 80 82 51 100 46 114 51 53 73 67 0 25 29 45 90 53 83 83 14 29 84 40 57 71 30 60 5 58 23 78 36 52 59 65 44 46 11 99 29 94 49 38 52 79 79 
18 62 63 45 20 26 49 21 42 52 32 50 71 47 56 42 32 67 93 55 19 36 44 87 16 32 35 72 49 75 31 24 22 21 75 67 67 36 76 24 89 44 35 52 45 25 0 23 31 75 34 58 68 12 24 66 15 45 55 25 38 24 34 27 53 12 36 35 50 32 24 20 75 27 70 25 18 35 57 66 
17 47 54 26 3 43 54 44 35 74 54 69 89 70 43 25 54 81 100 76 39 49 46 94 39 50 58 82 67 83 33 38 20 43 96 50 90 22 89 46 98 67 26 72 43 29 23 0 17 97 27 71 91 27 45 56 32 28 43 46 39 32 41 45 61 24 60 53 73 15 25 18 90 48 85 44 41 58 75 49 
33 32 37 15 17 41 41 48 18 75 62 66 83 75 27 11 55 73 86 74 39 42 32 80 47 62 64 70 62 71 21 52 36 46 93 36 91 6 80 47 86 74 10 69 27 45 31 17 0 98 11 63 92 40 55 39 31 14 26 56 26 48 30 58 49 25 63 49 76 4 16 34 82 58 77 42 45 61 71 35 
90 121 112 113 95 58 79 54 97 23 50 37 40 31 113 109 43 55 90 28 60 62 83 88 62 67 46 71 44 76 83 77 93 54 20 127 8 101 58 52 81 41 96 33 91 90 75 97 98 0 94 57 7 77 61 115 67 110 110 60 84 86 75 69 74 75 39 51 25 101 83 93 53 61 51 57 56 40 37 128 
40 29 29 20 26 36 31 48 9 71 63 60 75 74 22 15 53 64 76 68 37 35 22 70 48 66 65 60 55 60 12 57 45 44 87 34 88 8 71 45 75 74 2 63 17 53 34 27 11 94 0 54 89 45 58 32 29 16 20 58 16 54 22 62 39 25 62 43 74 14 12 42 73 61 69 38 45 58 64 34 
75 74 60 74 69 33 26 49 52 42 61 24 23 56 66 69 40 10 40 31 40 23 34 35 58 76 60 17 17 22 42 77 80 44 42 79 54 62 18 40 33 65 55 26 42 83 58 71 63 57 54 0 55 69 66 63 43 69 62 65 39 81 32 74 19 49 48 25 50 67 48 78 19 68 15 34 48 44 20 80 
84 116 108 107 88 53 75 48 92 17 44 33 40 25 108 103 37 54 90 24 53 57 79 87 55 60 40 69 40 75 77 71 86 48 22 121 1 95 58 46 80 35 91 29 86 83 68 91 92 7 89 55 0 71 55 111 61 105 105 54 79 79 70 62 70 69 32 46 18 95 78 86 53 55 50 51 50 33 35 122 
14 72 74 52 25 36 61 25 53 56 29 58 80 47 66 51 38 77 104 62 28 47 56 99 16 23 33 83 58 86 43 12 16 27 80 76 70 45 86 31 100 42 46 59 57 14 12 27 40 77 45 69 71 0 19 77 27 53 65 20 50 12 46 18 65 24 39 44 53 40 36 15 85 21 80 35 24 39 65 75 
32 86 85 69 43 35 66 17 65 42 11 49 71 30 80 66 28 73 104 51 28 47 62 99 10 11 15 82 51 85 52 16 34 21 68 90 54 60 81 26 98 23 59 49 66 29 24 45 55 61 58 66 55 19 0 89 31 69 78 1 58 24 52 9 67 33 24 41 37 56 47 34 78 3 73 33 18 26 56 90 
72 17 3 36 57 61 37 77 24 94 93 79 86 100 14 33 79 71 66 87 65 54 32 61 79 98 94 60 72 58 37 89 76 73 103 20 110 34 76 71 70 103 31 82 25 84 66 56 39 115 32 63 111 77 89 0 58 31 14 89 33 86 41 93 44 56 88 65 98 41 42 74 79 92 77 63 74 85 80 23 
32 58 55 46 29 12 35 18 35 44 34 37 57 44 51 42 24 52 78 44 8 20 31 72 22 42 36 56 35 59 21 37 37 15 64 63 60 34 61 16 73 45 31 40 34 40 15 32 31 67 29 43 61 27 31 58 0 44 49 32 26 39 21 38 38 8 32 21 45 34 18 35 60 35 55 12 16 29 44 64 
45 19 28 6 29 52 45 62 18 87 76 77 91 88 16 3 68 79 87 85 52 51 36 81 60 76 78 74 71 74 29 65 48 59 103 22 104 10 86 60 88 88 15 80 29 57 45 28 14 110 16 69 105 53 69 31 44 0 17 69 31 60 38 71 53 38 76 60 89 13 27 46 88 72 85 54 59 73 80 22 
59 12 11 22 43 54 36 67 13 88 83 74 85 92 3 19 71 71 73 83 56 49 28 67 69 86 84 63 68 62 28 77 63 64 100 17 104 21 77 63 75 94 19 78 20 71 55 43 26 110 20 62 105 65 78 14 49 17 0 78 27 74 35 82 44 45 80 59 91 28 32 60 80 81 77 56 64 77 77 18 
33 87 86 69 44 35 66 17 65 41 10 48 70 29 80 67 27 72 104 50 28 47 63 99 10 11 14 81 51 85 53 17 35 21 67 91 53 60 80 26 98 22 59 49 66 30 25 46 56 60 58 65 54 20 1 89 32 69 78 0 58 25 52 10 67 33 24 40 36 57 47 35 78 3 73 33 18 26 56 91 
49 38 30 35 37 28 16 44 14 62 60 48 60 67 30 30 45 48 61 57 32 22 7 55 48 68 61 45 42 45 6 61 54 40 74 43 78 24 55 38 60 70 17 51 8 60 38 39 26 84 16 39 79 50 58 33 26 31 27 58 0 61 8 64 23 26 55 32 65 30 15 52 57 61 54 30 42 51 51 44 
15 79 83 58 31 48 73 36 63 65 36 69 91 54 75 58 48 90 117 73 41 59 67 111 26 23 40 95 70 98 55 9 13 38 91 83 78 53 98 43 112 47 55 70 68 5 24 32 48 86 54 81 79 12 24 86 39 60 74 25 61 0 58 19 77 35 48 56 61 47 47 15 97 25 92 47 35 49 76 82 
48 46 38 42 39 20 15 37 23 53 53 40 53 59 38 37 37 42 60 48 25 14 11 54 42 62 54 41 34 43 9 58 53 33 66 51 69 30 50 31 58 63 23 43 16 58 34 41 30 75 22 32 70 46 52 41 21 38 35 52 8 58 0 59 20 23 47 24 57 34 16 51 51 55 47 22 35 43 43 53 
30 89 90 70 43 43 73 26 70 50 19 58 80 37 84 69 37 82 113 60 36 55 69 108 17 5 23 90 60 94 58 10 30 30 76 93 61 63 90 35 107 29 63 58 71 23 27 45 58 69 62 74 62 18 9 93 38 71 82 10 64 19 59 0 75 38 33 49 45 58 51 31 88 7 83 41 26 35 65 93 
68 56 42 58 59 32 8 51 36 55 66 38 42 66 48 53 46 27 40 46 40 20 18 34 58 78 65 21 30 22 28 76 73 46 60 60 69 47 33 42 37 72 40 41 25 78 53 61 49 74 39 19 70 65 67 44 38 53 44 67 23 77 20 75 0 42 56 29 62 53 36 71 36 70 33 34 49 51 37 62 
26 54 52 39 21 19 38 24 32 52 38 45 65 50 47 36 31 59 82 52 15 26 32 76 24 42 40 62 43 64 20 35 31 21 72 58 68 28 67 23 79 50 26 48 33 36 12 24 25 75 25 49 69 24 33 56 8 38 45 33 26 35 23 38 42 0 39 29 52 27 14 29 67 36 62 20 21 36 51 58 
52 90 85 78 57 27 57 16 67 18 15 27 48 12 83 74 10 53 88 27 25 37 58 83 23 33 12 65 32 70 52 40 54 18 43 95 31 67 61 17 80 17 63 27 63 52 36 60 63 39 62 48 32 39 24 88 32 76 80 24 55 48 47 33 56 39 0 26 14 66 50 54 57 26 53 25 18 4 34 96 
53 70 62 63 50 9 31 24 46 29 37 17 37 37 62 58 16 33 64 25 16 11 33 59 33 51 36 41 14 45 31 52 57 19 44 75 45 50 42 15 58 43 45 20 40 59 35 53 49 51 43 25 46 44 41 65 21 60 59 40 32 56 24 49 29 29 26 0 34 52 33 55 40 43 35 10 23 22 23 76 
66 102 95 91 71 38 65 30 78 8 26 26 43 9 94 87 21 52 89 22 37 45 67 85 37 43 22 66 33 71 63 53 68 31 33 107 17 79 59 29 80 20 75 24 73 65 50 73 76 25 74 50 18 53 37 98 45 89 91 36 65 61 57 45 62 52 14 34 0 79 62 68 54 37 50 36 32 16 32 108 
32 32 39 13 16 44 45 50 21 78 64 70 86 77 28 11 58 77 90 77 42 46 36 84 48 63 66 74 65 75 25 52 35 48 97 36 94 8 84 50 90 76 13 73 31 44 32 15 4 101 14 67 95 40 56 41 34 13 28 57 30 47 34 58 53 27 66 52 79 0 20 33 86 59 81 45 48 63 74 35 
34 41 39 30 23 25 30 36 19 60 51 50 67 62 34 25 41 58 75 58 25 26 22 69 37 56 53 57 46 58 8 48 39 33 77 46 76 17 66 33 73 63 13 53 21 46 24 25 16 83 12 48 78 36 47 42 18 27 32 47 15 47 16 51 36 14 50 33 62 20 0 37 67 50 62 27 33 47 55 46 
3 65 71 44 17 46 66 39 51 71 45 70 92 63 61 43 51 87 111 75 39 55 58 105 31 36 48 91 69 93 45 22 2 40 94 68 85 40 96 44 108 57 43 72 57 11 20 18 34 93 42 78 86 15 34 74 35 46 60 35 52 15 51 31 71 29 54 55 68 33 37 0 95 35 90 46 37 54 77 67 
93 92 77 93 88 49 44 62 71 46 72 30 13 62 84 88 51 9 37 33 56 41 53 36 72 89 70 21 27 26 61 92 97 59 34 96 52 81 6 54 28 72 74 31 61 99 75 90 82 53 73 19 53 85 78 79 60 88 80 78 57 97 51 88 36 67 57 40 54 86 67 95 0 81 5 50 62 54 23 98 
34 89 89 72 45 38 69 20 68 43 11 51 73 30 83 69 30 75 107 52 31 50 66 102 13 8 15 84 54 88 56 16 35 25 69 94 54 63 83 29 101 22 62 51 69 29 27 48 58 61 61 68 55 21 3 92 35 72 81 3 61 25 55 7 70 36 26 43 37 59 50 35 81 0 76 36 21 28 59 93 
88 89 75 89 83 44 41 57 68 42 67 26 11 58 81 84 46 6 40 28 51 37 50 38 67 84 65 21 22 26 57 87 92 54 32 93 49 77 9 49 31 68 71 26 57 94 70 85 77 51 69 15 50 80 73 77 55 85 77 73 54 92 47 83 33 62 53 35 50 81 62 90 5 76 0 45 57 49 19 95 
43 66 60 56 41 2 34 17 42 34 32 26 46 37 58 52 15 42 71 33 7 14 33 66 24 44 32 49 24 53 27 43 47 12 52 71 50 44 51 9 66 40 40 28 38 49 25 44 42 57 38 34 51 35 33 63 12 54 56 33 30 47 22 41 34 20 25 10 36 45 27 46 50 36 45 0 15 21 32 72 
35 74 71 60 38 17 48 3 51 34 19 34 56 30 67 57 14 56 86 38 10 29 46 81 10 29 20 64 35 67 37 30 38 4 57 79 49 49 64 8 80 29 46 36 50 38 18 41 45 56 45 48 50 24 18 74 16 59 64 18 42 35 35 26 49 21 18 23 32 48 33 37 62 21 57 15 0 17 42 79 
51 87 81 75 55 23 53 15 63 17 18 23 45 16 80 71 6 49 84 24 22 33 54 79 23 36 16 61 27 65 48 42 54 15 42 92 32 64 57 14 76 21 60 23 59 52 35 58 61 40 58 44 33 39 26 85 29 73 77 26 51 49 43 35 51 36 4 22 16 63 47 54 54 28 49 21 17 0 31 93 
74 88 77 84 73 32 43 41 65 24 49 8 15 40 80 79 29 20 57 11 38 29 49 54 51 66 46 35 9 40 52 71 78 38 24 93 34 71 27 33 48 49 66 8 56 79 57 75 71 37 64 20 35 65 56 80 44 80 77 56 51 76 43 65 37 51 34 23 32 74 55 77 23 59 19 32 42 31 0 95 
66 7 23 24 51 70 54 82 30 105 97 92 103 108 15 24 87 89 88 101 71 66 46 83 82 98 99 81 86 79 45 87 69 79 118 3 121 31 95 79 92 108 33 96 38 79 66 49 35 128 34 80 122 75 90 23 64 22 18 91 44 82 53 93 62 58 96 76 108 35 46 67 98 93 95 72 79 93 95 0 
0 15 19 52 343 38 0 58 26 10 0 0 0 0 0 24 0 443 539 2755 1027 0 497 0 14 705 0 0 71 9 0 107 0 459 0 71 0 13 0 407 645 0 0 0 8 2338 36 93 209 22 207 541 129 901 0 77 0 15 0 36 0 3000 213 0 1830 28 259 45 44 0 692 18 350 0 35 1078 55 0 685 0 
15 0 38 188 0 25 114 10 216 59 100 14 0 810 401 95 0 16 878 22 107 159 47 960 0 10 8 0 1132 364 99 421 0 855 196 313 31 30 260 116 74 245 185 412 9 33 25 109 12 863 690 75 151 11 15 79 0 882 0 2095 0 3000 88 72 18 776 78 14 190 70 107 102 9 386 66 60 13 41 94 12 
19 38 0 459 0 19 21 9 555 303 548 359 0 485 28 1050 0 102 189 22 86 0 36 45 0 59 11 0 65 150 231 703 0 598 58 21 31 160 16 44 425 2310 1647 2129 479 3000 30 0 224 45 1217 234 36 30 9 70 93 18 1399 402 110 0 21 122 893 722 348 20 203 12 383 2881 39 2158 76 23 178 1266 1031 83 
52 188 459 0 34 804 0 20 0 41 0 0 120 76 89 419 69 591 274 417 41 27 121 0 547 302 0 110 67 3000 0 1279 55 92 0 315 0 82 0 32 744 0 3000 230 20 79 140 33 567 27 413 90 544 8 113 772 0 685 0 84 0 214 1249 35 49 370 74 13 266 10 29 291 39 12 102 264 390 8 2876 1098 
343 0 0 34 0 33 0 33 0 201 0 0 3000 0 45 206 44 66 0 0 0 22 0 0 296 43 0 236 0 0 0 0 15 28 0 0 0 754 0 2854 0 0 62 37 277 7 2841 88 221 68 17 0 0 289 26 14 0 27 0 301 0 228 0 102 32 0 68 0 0 355 49 0 17 1976 1508 20 28 3000 54 447 
38 25 19 804 33 0 271 3000 164 88 49 99 144 46 12 248 546 180 401 486 224 799 149 130 66 8 42 109 301 156 24 19 393 231 62 104 163 153 533 50 165 16 58 765 160 91 134 231 1432 354 31 1727 51 57 19 114 1361 78 10 130 201 259 1258 535 816 38 550 611 766 257 71 232 51 26 792 1082 367 178 7 1314 
0 114 21 0 0 271 0 11 694 240 101 122 0 48 58 79 0 16 32 1656 115 0 32 11 0 0 76 0 354 505 93 325 0 0 22 3000 72 81 70 0 0 26 1229 415 0 3000 242 0 347 89 0 0 45 3000 108 0 24 140 133 0 471 0 103 3000 85 1899 352 830 0 371 2388 135 327 1011 16 13 0 171 0 10 
58 10 9 20 33 3000 11 0 0 3000 26 28 8 3000 275 35 1038 117 9 1390 17 87 528 62 179 614 112 283 15 56 9 87 521 114 81 189 193 656 542 11 8 521 829 11 553 613 421 17 3000 195 353 2969 103 59 322 75 12 64 60 58 3000 1628 550 12 93 19 174 195 853 3000 28 1126 91 166 129 154 74 248 13 27 
26 216 555 0 0 164 694 0 0 143 0 47 0 27 0 0 0 0 30 311 39 0 359 158 0 0 66 0 95 7 80 42 0 0 2270 310 147 0 0 72 13 9 0 131 490 25 44 0 0 17 0 36 87 46 0 0 0 48 0 166 0 0 61 0 593 2712 17 308 139 0 0 99 65 0 892 511 48 0 0 0 
10 59 303 41 201 88 240 3000 143 0 10 350 83 190 225 232 9 231 57 965 133 62 150 265 56 1077 22 1025 32 880 112 48 138 0 64 1159 274 18 8 16 34 234 25 95 60 167 40 3000 2218 433 10 11 20 331 7 78 129 434 19 11 30 152 17 321 60 1102 841 175 20 59 152 160 8 30 1440 326 278 465 99 257 
0 100 548 0 0 49 101 26 0 10 0 51 0 15 63 0 1846 552 36 0 242 0 501 153 0 0 16 0 0 0 274 399 0 0 25 0 223 0 7 0 0 21 59 449 0 0 411 0 89 0 0 0 0 50 8 0 1007 8 115 0 189 0 1002 2071 97 148 53 163 0 378 14 0 0 14 0 0 0 24 0 33 
0 14 359 0 0 99 122 28 47 350 51 0 0 561 10 0 0 28 276 1094 1322 0 90 616 0 0 37 0 47 91 39 42 0 0 2059 203 13 0 511 521 209 49 14 53 0 856 78 0 36 10 0 108 3000 14 2708 0 1078 388 382 3000 268 0 580 0 71 132 28 11 35 194 3000 49 35 0 3000 63 46 0 0 0 
0 0 0 120 3000 144 0 8 0 83 0 0 0 9 646 71 89 35 0 0 0 979 0 0 2498 3000 0 1062 0 0 0 0 1433 0 0 0 0 294 12 0 0 0 983 7 0 21 510 8 144 106 618 0 0 261 365 238 0 3000 0 0 76 173 0 45 540 0 886 0 0 357 16 0 22 301 0 31 0 166 0 1639 
0 810 485 76 0 46 48 3000 27 190 15 561 9 0 108 87 15 209 642 128 9 206 497 1592 0 0 107 0 139 855 67 485 0 0 425 665 148 3000 123 0 0 1956 16 150 0 239 111 0 3000 36 17 0 1011 34 62 0 105 553 151 0 384 0 195 56 179 117 16 805 0 139 16 164 1092 56 24 223 0 51 0 306 
0 401 28 89 45 12 58 275 0 225 63 10 646 108 0 644 78 58 1677 1517 72 9 173 216 1160 3000 41 503 0 0 95 46 14 0 845 0 0 200 40 0 0 57 13 296 0 1035 115 54 132 15 61 0 189 91 60 0 14 90 108 0 511 41 310 370 539 0 96 16 0 1093 11 0 10 34 222 12 0 88 0 3000 
24 95 1050 419 206 248 79 35 0 232 0 0 71 87 644 0 35 245 255 1659 0 599 29 0 1749 19 0 737 17 3000 0 370 12 93 0 3000 0 454 160 171 10 0 1802 14 63 335 42 951 76 61 8 338 232 197 2009 26 0 18 0 94 0 27 19 243 1113 0 12 11 9 12 41 0 73 15 1495 135 25 213 23 21 
0 0 0 69 44 546 0 1038 0 9 1846 0 89 15 78 35 0 940 0 0 0 397 0 0 1231 3000 0 350 0 0 0 0 44 0 0 0 0 17 85 210 0 0 16 50 0 546 909 474 2873 501 151 0 0 302 155 29 52 99 0 0 18 135 808 945 281 0 364 0 0 153 14 0 190 301 92 158 23 10 0 59 
443 16 102 591 66 180 16 117 0 231 552 28 35 209 58 245 940 0 269 632 2797 1697 9 7 82 1532 110 2817 506 36 33 13 44 8 210 60 0 3000 441 48 348 17 755 135 53 667 449 465 65 447 1281 118 131 51 15 155 0 46 0 105 2590 26 14 2334 32 27 26 267 21 59 209 175 14 1468 47 1605 160 119 34 8 
539 878 189 274 0 401 32 9 30 57 36 276 0 642 1677 255 0 269 0 246 707 0 2307 877 0 45 31 0 364 316 45 111 0 13 127 90 14 3000 19 71 455 242 120 14 32 87 1033 0 18 133 10 29 63 56 55 481 50 68 13 22 1408 0 66 173 46 1706 848 239 7 56 378 28 18 32 385 47 687 36 297 8 
2755 22 22 417 0 486 1656 1390 311 965 0 1094 0 128 1517 1659 0 632 246 0 80 0 803 87 0 90 1154 0 25 228 56 125 0 2204 17 3000 14 2508 13 467 10 32 46 836 44 425 19 78 244 29 36 13 11 16 21 57 0 58 0 18 0 235 1347 33 9 101 214 464 9 361 300 681 320 1038 359 3000 386 35 52 0 
1027 107 86 41 0 224 115 17 39 133 242 1322 0 9 72 0 0 2797 707 80 0 0 63 146 0 9 13 0 1522 100 282 117 0 0 1110 337 177 101 20 72 1709 45 94 429 164 308 204 0 35 16 804 230 10 182 0 0 18 21 684 73 17 0 15 0 874 945 72 584 50 240 543 85 8 0 965 403 25 0 33 0 
0 159 0 27 22 799 0 87 0 62 0 0 979 206 9 599 397 1697 0 0 0 0 0 0 32 67 0 220 0 0 0 0 110 0 0 0 0 1050 11 10 0 0 10 2571 14 720 195 124 870 153 536 0 0 12 78 3000 0 8 0 0 0 1324 8 209 125 0 109 0 0 44 46 0 176 229 63 377 23 65 457 10 
497 47 36 121 0 149 32 528 359 150 501 90 0 497 173 29 0 9 2307 803 63 0 0 1380 0 102 2040 0 190 98 155 76 0 0 33 29 26 10 544 1655 728 93 31 37 225 24 21 0 328 3000 20 8 1266 67 189 562 42 41 112 186 150 0 76 13 8 25 120 8 469 32 15 363 200 696 1112 542 9 9 33 861 
0 960 45 0 0 130 11 62 158 265 153 616 0 1592 216 0 0 7 877 87 146 0 1380 0 0 0 11 0 18 51 341 210 0 0 12 10 61 0 77 0 0 12 90 14 0 0 22 0 394 341 0 0 56 17 80 0 63 279 139 0 661 0 130 82 3000 10 14 40 0 21 77 18 477 14 57 13 0 33 0 117 
14 0 0 547 296 66 0 179 0 56 0 0 2498 0 1160 1749 1231 82 0 0 0 32 0 0 0 2737 0 307 0 0 0 0 29 2297 0 0 0 14 0 468 0 0 812 10 187 14 594 20 52 12 91 0 0 139 7 32 0 32 0 2064 0 89 0 181 459 0 190 0 0 153 126 0 46 17 778 496 43 361 1924 3000 
705 10 59 302 43 8 0 614 0 1077 0 0 3000 0 3000 19 3000 1532 45 90 9 67 102 0 2737 0 0 70 643 50 0 393 2005 53 0 93 0 1302 0 280 194 0 0 33 691 410 152 560 27 97 3000 10 8 56 0 246 0 137 0 125 0 77 19 79 293 1048 8 44 186 57 742 131 2294 3000 66 34 73 18 10 0 
0 8 11 0 0 42 76 112 66 22 16 37 0 107 41 0 0 110 31 1154 13 0 2040 11 0 0 0 0 193 165 20 27 0 0 11 30 214 0 1274 0 496 1440 266 9 0 20 14 0 97 3000 0 2148 161 18 908 0 284 586 22 3000 9 0 179 12 786 23 42 103 50 2301 400 26 26 664 14 31 0 31 0 944 
0 0 0 110 236 109 0 283 0 1025 0 0 1062 0 503 737 350 2817 0 0 0 220 0 0 307 70 0 0 0 0 0 0 84 0 0 0 0 67 0 0 0 0 112 31 0 30 60 140 550 3000 529 0 0 47 159 9 0 83 0 0 0 1858 0 332 83 0 142 0 0 15 81 0 114 27 0 573 0 475 0 8 
71 1132 65 67 0 301 354 15 95 32 0 47 0 139 0 17 0 506 364 25 1522 0 190 18 0 643 193 0 0 1488 89 9 0 346 31 56 379 28 544 159 32 67 108 145 129 140 47 0 1588 15 105 20 14 28 0 118 0 963 0 11 0 0 2159 0 135 177 213 342 40 2907 218 61 331 0 59 34 64 0 129 0 
9 364 150 3000 0 156 505 56 7 880 0 91 0 855 0 3000 0 36 316 228 100 0 98 51 0 50 165 0 1488 0 33 175 0 3000 7 153 500 1565 0 16 913 17 0 675 16 527 91 0 612 34 88 1142 822 91 0 3000 0 103 0 25 0 0 166 0 7 175 24 44 667 0 0 404 880 0 36 8 226 0 57 0 
0 99 231 0 0 24 93 9 80 112 274 39 0 67 95 0 0 33 45 56 282 0 155 341 0 0 20 0 89 33 0 177 0 0 524 365 22 0 150 0 0 16 183 294 0 1373 50 0 2599 192 0 0 86 65 885 0 3000 19 30 0 271 0 142 169 193 63 18 57 0 391 49 125 946 48 1647 1725 0 264 0 18 
107 421 703 1279 0 19 325 87 42 48 399 42 0 485 46 370 0 13 111 125 117 0 76 210 0 393 27 0 9 175 177 0 0 11 21 74 3000 43 64 945 192 214 2199 8 19 374 25 177 8 174 17 81 48 468 10 8 30 98 130 141 20 0 92 99 50 113 3000 72 1011 30 124 25 22 7 163 121 127 342 69 17 
0 0 0 55 15 393 0 521 0 138 0 0 1433 0 14 12 44 44 0 0 0 110 0 0 29 2005 0 84 0 0 0 0 0 0 0 0 0 2123 0 0 0 0 20 242 0 95 3000 152 1184 13 21 0 0 94 12 12 0 175 0 0 0 9 0 13 42 0 276 0 0 276 452 0 49 89 0 591 0 51 0 9 
459 855 598 92 28 231 0 114 0 0 0 0 0 0 0 93 0 8 13 2204 0 0 0 0 2297 53 0 0 346 3000 0 11 0 0 0 29 0 166 0 59 39 0 0 0 503 23 13 14 92 810 9 9 47 0 0 223 0 0 0 7 0 126 10 0 11 0 9 0 318 0 0 1889 162 0 9 2608 300 0 138 0 
0 196 58 0 0 62 22 81 2270 64 25 2059 0 425 845 0 0 210 127 17 1110 0 33 12 0 0 11 0 31 7 524 21 0 0 0 11 129 0 408 0 1201 2080 31 402 0 18 118 0 103 2101 0 111 98 233 41 0 17 147 950 581 232 0 347 0 44 313 148 54 293 438 72 125 28 40 14 1561 105 626 0 513 
71 313 21 315 0 104 3000 189 310 1159 0 203 0 665 0 3000 0 60 90 3000 337 0 29 10 0 93 30 0 56 153 365 74 0 29 11 0 195 1939 0 14 34 0 0 81 156 15 1577 0 1902 12 3000 667 455 3000 0 120 0 21 0 1200 0 0 1293 0 17 607 34 436 364 3000 7 93 180 0 3000 1122 841 0 40 0 
0 31 31 0 0 163 72 193 147 274 223 13 0 148 0 0 0 0 14 14 177 0 26 61 0 0 214 0 379 500 22 3000 0 0 129 195 0 0 12 0 43 14 375 31 0 0 33 0 0 59 0 326 918 34 0 0 3000 2781 302 29 0 0 21 0 369 103 528 391 12 0 0 23 650 0 11 60 695 0 0 0 
13 30 160 82 754 153 81 656 0 18 0 0 294 3000 200 454 17 3000 3000 2508 101 1050 10 0 14 1302 0 67 28 1565 0 43 2123 166 0 1939 0 0 17 36 41 0 18 1056 577 7 539 406 622 151 32 43 33 1169 746 516 0 12 0 228 0 123 1956 630 38 0 114 3000 11 15 145 1103 51 162 127 12 1790 10 463 73 
0 260 16 0 0 533 70 542 0 8 7 511 12 123 40 160 85 441 19 13 20 11 544 77 0 0 1274 0 544 0 150 64 0 0 408 0 12 17 0 0 0 13 21 1660 0 485 704 0 3000 13 0 0 513 48 85 0 19 623 325 0 7 0 33 15 769 674 42 156 0 26 353 0 87 567 1429 3000 0 976 0 235 
407 116 44 32 2854 50 0 11 72 16 0 521 0 0 0 171 210 48 71 467 72 10 1655 0 468 280 0 0 159 16 0 945 0 59 0 14 0 36 0 0 612 0 0 2187 22 11 114 40 29 9 57 179 1597 15 0 690 0 10 0 14 0 20 131 0 11 10 19 574 1998 109 539 279 139 0 502 41 32 0 16 0 
645 74 425 744 0 165 0 8 13 34 0 209 0 0 0 10 0 348 455 10 1709 0 728 0 0 194 496 0 32 913 0 192 0 39 1201 34 43 41 0 612 0 0 0 249 126 34 1412 0 11 22 59 111 43 69 0 624 0 183 0 140 0 0 36 0 65 1873 474 980 12 0 0 12 21 0 226 68 770 0 337 0 
0 245 2310 0 0 16 26 521 9 234 21 49 0 1956 57 0 0 17 242 32 45 0 93 12 0 0 1440 0 67 17 16 214 0 0 2080 0 14 0 13 0 0 0 455 12 0 0 10 0 9 857 0 0 217 978 892 0 72 11 70 0 10 0 422 182 1657 1444 144 1029 0 176 245 0 111 33 194 73 0 222 0 127 
0 185 1647 3000 62 58 1229 829 0 25 59 14 983 16 13 1802 16 755 120 46 94 10 31 90 812 0 266 112 108 0 183 2199 20 0 31 0 375 18 21 0 0 455 0 97 0 33 82 43 628 332 81 0 2121 168 158 0 8 368 170 0 154 827 427 233 225 10 265 437 0 18 97 0 13 10 85 27 0 251 0 18 
0 412 2129 230 37 765 415 11 131 95 449 53 7 150 296 14 50 135 14 836 429 2571 37 14 10 33 9 31 145 675 294 8 242 0 402 81 31 1056 1660 2187 249 12 97 0 0 18 3000 191 202 251 8 0 128 62 2178 0 2051 21 505 3000 29 10 104 11 114 120 18 134 30 815 139 79 29 18 17 358 376 130 0 1773 
8 9 479 20 277 160 0 553 490 60 0 0 0 0 0 63 0 53 32 44 164 14 225 0 187 691 0 0 129 16 0 19 0 503 0 156 0 577 0 22 126 0 0 0 0 651 37 754 163 515 643 145 43 937 0 13 0 64 0 28 0 13 1935 0 11 146 441 328 109 234 108 124 346 0 51 129 95 0 561 0 
2338 33 3000 79 7 91 3000 613 25 167 0 856 21 239 1035 335 546 667 87 425 308 720 24 0 14 410 20 30 140 527 1373 374 95 23 18 15 0 7 485 11 34 0 33 18 651 0 44 167 27 93 694 8 243 122 46 3000 0 9 0 84 0 121 55 253 3000 694 285 302 138 452 12 77 155 116 247 37 13 202 47 49 
36 25 30 140 2841 134 242 421 44 40 411 78 510 111 115 42 909 449 1033 19 204 195 21 22 594 152 14 60 47 91 50 25 3000 13 118 1577 33 539 704 114 1412 10 82 3000 37 44 0 50 66 88 95 196 8 46 240 7 81 323 1208 111 160 10 1838 61 217 10 156 30 16 70 183 3000 68 103 910 75 3000 78 66 172 
93 109 0 33 88 231 0 17 0 3000 0 0 8 0 54 951 474 465 0 78 0 124 0 0 20 560 0 140 0 0 0 177 152 14 0 0 0 406 0 40 0 0 43 191 754 167 50 0 442 223 20 0 0 51 77 12 0 11 0 53 0 37 18 832 32 0 63 0 0 18 484 0 37 852 211 458 280 3000 364 12 
209 12 224 567 221 1432 347 3000 0 2218 89 36 144 3000 132 76 2873 65 18 244 35 870 328 394 52 27 97 550 1588 612 2599 8 1184 92 103 1902 0 622 3000 29 11 9 628 202 163 27 66 442 0 61 110 15 7 64 873 22 128 27 24 22 9 558 412 1092 10 97 2984 484 289 53 216 1817 75 722 926 230 57 303 198 110 
22 863 45 27 68 354 89 195 17 433 0 10 106 36 15 61 501 447 133 29 16 153 3000 341 12 97 3000 3000 15 34 192 174 13 810 2101 12 59 151 13 9 22 857 332 251 515 93 88 223 61 0 60 388 1635 118 263 1730 0 304 0 53 0 126 9 43 53 462 9 11 11 60 605 65 10 39 10 18 61 40 100 9 
207 690 1217 413 17 31 0 353 0 10 0 0 618 17 61 8 151 1281 10 36 804 536 20 0 91 3000 0 529 105 88 0 17 21 9 0 3000 0 32 0 57 59 0 81 8 643 694 95 20 110 60 0 121 1836 147 1485 144 0 241 0 19 0 1634 146 142 14 0 88 137 346 28 922 31 1859 43 21 128 248 247 55 504 
541 75 234 90 0 1727 0 2969 36 11 0 108 0 0 0 338 0 118 29 13 230 0 8 0 0 10 2148 0 20 1142 0 81 0 9 111 667 326 43 0 179 111 0 0 0 145 8 196 0 15 388 121 0 291 7 0 21 0 15 0 35 0 0 1992 0 558 2910 430 41 335 0 0 190 1041 0 9 1874 1361 0 106 0 
129 151 36 544 0 51 45 103 87 20 0 3000 0 1011 189 232 0 131 63 11 10 0 1266 56 0 8 161 0 14 822 86 48 0 47 98 455 918 33 513 1597 43 217 2121 128 43 243 8 0 7 1635 1836 291 0 183 0 1130 0 294 0 485 0 0 119 0 55 346 2755 176 279 233 648 173 115 0 47 26 87 0 388 0 
901 11 30 8 289 57 3000 59 46 331 50 14 261 34 91 197 302 51 56 16 182 12 67 17 139 56 18 47 28 91 65 468 94 0 233 3000 34 1169 48 15 69 978 168 62 937 122 46 51 64 118 147 7 183 0 159 606 59 74 20 649 62 35 262 107 9 104 30 10 165 1243 53 129 376 31 1994 354 34 21 30 555 
0 15 9 113 26 19 108 322 0 7 8 2708 365 62 60 2009 155 15 55 21 0 78 189 80 7 0 908 159 0 0 885 10 12 0 41 0 0 746 85 0 0 892 158 2178 0 46 240 77 873 263 1485 0 0 159 0 0 129 27 74 0 14 77 1164 64 715 0 16 428 0 11 117 0 69 65 30 302 0 1122 0 35 
77 79 70 772 14 114 0 75 0 78 0 0 238 0 0 26 29 155 481 57 0 3000 562 0 32 246 0 9 118 3000 0 8 12 223 0 120 0 516 0 690 624 0 0 0 13 3000 7 12 22 1730 144 21 1130 606 0 0 0 397 0 76 0 297 110 61 60 0 60 17 337 8 9 760 31 95 328 9 2937 439 502 0 
0 0 93 0 0 1361 24 12 0 129 1007 1078 0 105 14 0 52 0 50 0 18 0 42 63 0 0 284 0 0 0 3000 30 0 0 17 0 3000 0 19 0 0 72 8 2051 0 0 81 0 128 0 0 0 0 59 129 0 0 855 75 0 246 0 235 111 114 350 186 475 0 22 54 0 0 661 0 0 0 1000 0 695 
15 882 18 685 27 78 140 64 48 434 8 388 3000 553 90 18 99 46 68 58 21 8 41 279 32 137 586 83 963 103 19 98 175 0 147 21 2781 12 623 10 183 11 368 21 64 9 323 11 27 304 241 15 294 74 27 397 855 0 27 85 27 39 56 124 32 166 191 37 19 438 3000 18 3000 28 52 355 1114 18 2817 116 
0 0 1399 0 0 10 133 60 0 19 115 382 0 151 108 0 0 0 13 0 684 0 112 139 0 0 22 0 0 0 30 130 0 0 950 0 302 0 325 0 0 70 170 505 0 0 1208 0 24 0 0 0 0 20 74 0 75 27 0 0 187 0 434 68 781 0 2536 245 0 36 107 0 0 104 0 0 0 10 0 16 
36 2095 402 84 301 130 0 58 166 11 0 3000 0 0 0 94 0 105 22 18 73 0 186 0 2064 125 3000 0 11 25 0 141 0 7 581 1200 29 228 0 14 140 0 0 3000 28 84 111 53 22 53 19 35 485 649 0 76 0 85 0 0 0 181 25 0 2071 17 851 354 368 1327 1132 233 214 0 53 59 734 0 130 0 
0 0 110 0 0 201 471 3000 0 30 189 268 76 384 511 0 18 2590 1408 0 17 0 150 661 0 0 9 0 0 0 271 20 0 0 232 0 0 0 7 0 0 10 154 29 0 0 160 0 9 0 0 0 0 62 14 0 246 27 187 0 0 0 91 80 8 0 88 36 0 17 374 0 0 205 0 0 0 20 0 21 
3000 3000 0 214 228 259 0 1628 0 152 0 0 173 0 41 27 135 26 0 235 0 1324 0 0 89 77 0 1858 0 0 0 0 9 126 0 0 0 123 0 20 0 0 827 10 13 121 10 37 558 126 1634 0 0 35 77 297 0 39 0 181 0 0 7 295 3000 0 91 0 0 82 1300 0 137 18 79 17 25 265 129 180 
213 88 21 1249 0 1258 103 550 61 17 1002 580 0 195 310 19 808 14 66 1347 15 8 76 130 0 19 179 0 2159 166 142 92 0 10 347 1293 21 1956 33 131 36 422 427 104 1935 55 1838 18 412 9 146 1992 119 262 1164 110 235 56 434 25 91 7 0 24 327 10 406 3000 346 365 43 85 98 27 62 10 8 25 30 21 
0 72 122 35 102 535 3000 12 0 321 2071 0 45 56 370 243 945 2334 173 33 0 209 13 82 181 79 12 332 0 0 169 99 13 0 0 0 0 630 15 0 0 182 233 11 0 253 61 832 1092 43 142 0 0 107 64 61 111 124 68 0 80 295 24 0 223 0 393 528 0 1379 26 0 107 8 376 32 0 302 0 22 
1830 18 893 49 32 816 85 93 593 60 97 71 540 179 539 1113 281 32 46 9 874 125 8 3000 459 293 786 83 135 7 193 50 42 11 44 17 369 38 769 11 65 1657 225 114 11 3000 217 32 10 53 14 558 55 9 715 60 114 32 781 2071 8 3000 327 223 0 845 10 14 388 13 95 826 332 1658 309 51 154 16 78 418 
28 776 722 370 0 38 1899 19 2712 1102 148 132 0 117 0 0 0 27 1706 101 945 0 25 10 0 1048 23 0 177 175 63 113 0 0 313 607 103 0 674 10 1873 1444 10 120 146 694 10 0 97 462 0 2910 346 104 0 0 350 166 0 17 0 0 10 0 845 0 1225 171 249 0 80 53 2463 0 373 3000 96 0 23 0 
259 78 348 74 68 550 352 174 17 841 53 28 886 16 96 12 364 26 848 214 72 109 120 14 190 8 42 142 213 24 18 3000 276 9 148 34 528 114 42 19 474 144 265 18 441 285 156 63 2984 9 88 430 2755 30 16 60 186 191 2536 851 88 91 406 393 10 1225 0 38 326 23 93 683 422 60 61 366 180 21 235 28 
45 14 20 13 0 611 830 195 308 175 163 11 0 805 16 11 0 267 239 464 584 0 8 40 0 44 103 0 342 44 57 72 0 0 54 436 391 3000 156 574 980 1029 437 134 328 302 30 0 484 11 137 41 176 10 428 17 475 37 245 354 36 0 3000 528 14 171 38 0 45 76 221 30 46 155 61 188 114 879 3000 8 
44 190 203 266 0 766 0 853 139 20 0 35 0 0 0 9 0 21 7 9 50 0 469 0 0 186 50 0 40 667 0 1011 0 318 293 364 12 11 0 1998 12 0 0 30 109 138 16 0 289 11 346 335 279 165 0 337 0 19 0 368 0 0 346 0 388 249 326 45 0 0 0 154 151 0 48 65 22 0 3000 0 
0 70 12 10 355 257 371 3000 0 59 378 194 357 139 1093 12 153 59 56 361 240 44 32 21 153 57 2301 15 2907 0 391 30 276 0 438 3000 0 15 26 109 0 176 18 815 234 452 70 18 53 60 28 0 233 1243 11 8 22 438 36 1327 17 82 365 1379 13 0 23 76 0 0 11 0 44 645 1734 19 420 293 35 70 
692 107 383 29 49 71 2388 28 0 152 14 3000 16 16 11 41 14 209 378 300 543 46 15 77 126 742 400 81 218 0 49 124 452 0 72 7 0 145 353 539 0 245 97 139 108 12 183 484 216 605 922 0 648 53 117 9 54 3000 107 1132 374 1300 43 26 95 80 93 221 0 11 0 0 19 3000 33 43 16 330 23 275 
18 102 2881 291 0 232 135 1126 99 160 0 49 0 164 0 0 0 175 28 681 85 0 363 18 0 131 26 0 61 404 125 25 0 1889 125 93 23 1103 0 279 12 0 0 79 124 77 3000 0 1817 65 31 190 173 129 0 760 0 18 0 233 0 0 85 0 826 53 683 30 154 0 0 0 870 0 481 108 48 0 127 0 
350 9 39 39 17 51 327 91 65 8 0 35 22 1092 10 73 190 14 18 320 8 176 200 477 46 2294 26 114 331 880 946 22 49 162 28 180 650 51 87 139 21 111 13 29 346 155 68 37 75 10 1859 1041 115 376 69 31 0 3000 0 214 0 137 98 107 332 2463 422 46 151 44 19 870 0 380 86 79 9 61 26 648 
0 386 2158 12 1976 26 1011 166 0 30 14 0 301 56 34 15 301 1468 32 1038 0 229 696 14 17 3000 664 27 0 0 48 7 89 0 40 0 0 162 567 0 0 33 10 18 0 116 103 852 722 39 43 0 0 31 65 95 661 28 104 0 205 18 27 8 1658 0 60 155 0 645 3000 0 380 0 1177 138 207 72 0 963 
35 66 76 102 1508 792 16 129 892 1440 0 3000 0 24 222 1495 92 47 385 359 965 63 1112 57 778 66 14 0 59 36 1647 163 0 9 14 3000 11 127 1429 502 226 194 85 17 51 247 910 211 926 10 21 9 47 1994 30 328 0 52 0 53 0 79 62 376 309 373 61 61 48 1734 33 481 86 1177 0 46 61 624 63 248 
1078 60 23 264 20 1082 13 154 511 326 0 63 31 223 12 135 158 1605 47 3000 403 377 542 13 496 34 31 573 34 8 1725 121 591 2608 1561 1122 60 12 3000 41 68 73 27 358 129 37 75 458 230 18 128 1874 26 354 302 9 0 355 0 59 0 17 10 32 51 3000 366 188 65 19 43 108 79 138 46 0 702 235 175 1349 
55 13 178 390 28 367 0 74 48 278 0 46 0 0 0 25 23 160 687 386 25 23 9 0 43 73 0 0 64 226 0 127 0 300 105 841 695 1790 0 32 770 0 0 376 95 13 3000 280 57 61 248 1361 87 34 0 2937 0 1114 0 734 0 25 8 0 154 96 180 114 22 420 16 48 9 207 61 702 0 0 45 0 
0 41 1266 8 3000 178 171 248 0 465 24 0 166 51 88 213 10 119 36 35 0 65 9 33 361 18 31 475 0 0 264 342 51 0 626 0 0 10 976 0 0 222 251 130 0 202 78 3000 303 40 247 0 0 21 1122 439 1000 18 10 0 20 265 25 302 16 0 21 879 0 293 330 0 61 72 624 235 0 0 0 23 
685 94 1031 2876 54 7 0 13 0 99 0 0 0 0 0 23 0 34 297 52 33 457 33 0 1924 10 0 0 129 57 0 69 0 138 0 40 0 463 0 16 337 0 0 0 561 47 66 364 198 100 55 106 388 30 0 502 0 2817 0 130 0 129 30 0 78 23 235 3000 3000 35 23 127 26 0 63 175 45 0 0 0 
0 12 83 1098 447 1314 10 27 0 257 33 0 1639 306 3000 21 59 8 8 0 0 10 861 117 3000 0 944 8 0 0 18 17 9 0 513 0 0 73 235 0 0 127 18 1773 0 49 172 12 110 9 504 0 0 555 35 0 695 116 16 0 21 180 21 22 418 0 28 8 0 70 275 0 648 963 248 1349 0 23 0 0 
