80
0 51 31 49 77 26 64 37 61 92 55 62 51 58 58 28 61 62 80 63 77 38 89 24 30 64 43 20 53 27 86 39 105 97 29 41 61 72 58 43 69 38 89 85 56 58 60 96 62 22 26 30 46 25 31 86 32 53 83 80 41 50 42 24 113 22 30 42 89 77 73 86 81 29 94 62 56 84 8 69 
51 0 36 50 59 58 47 55 82 71 7 13 25 7 62 73 57 72 98 33 41 78 82 50 27 48 67 50 76 66 82 60 71 111 58 61 68 77 17 83 45 14 51 81 45 86 10 90 11 61 70 25 31 29 51 85 22 31 85 66 15 68 28 73 81 29 26 63 102 34 74 102 74 61 67 22 34 78 59 40 
31 36 0 21 47 23 33 19 48 62 35 40 23 40 33 41 33 41 65 33 47 43 62 15 10 34 32 17 41 32 60 24 74 80 22 26 38 49 50 48 38 29 60 58 26 50 45 69 46 28 38 30 16 29 16 61 14 23 59 50 35 34 13 44 82 21 32 28 71 51 48 70 53 26 63 36 25 57 35 39 
49 50 21 0 30 30 19 17 35 44 47 49 27 52 12 48 12 23 48 30 42 45 41 26 30 19 25 30 30 38 39 20 62 61 27 19 18 28 66 48 28 48 53 37 12 41 59 48 59 37 46 51 19 50 20 39 33 23 38 31 53 22 22 55 68 42 52 21 52 51 27 52 32 30 48 40 22 36 51 31 
77 59 47 30 0 60 13 46 54 15 53 51 35 57 29 77 20 37 59 26 27 73 26 55 52 13 52 59 53 68 27 48 34 65 56 47 33 34 75 76 14 64 32 26 21 63 65 33 63 67 75 71 34 71 49 33 53 30 34 9 68 46 39 84 39 65 72 49 57 40 26 60 19 60 19 39 26 23 80 20 
26 58 23 30 60 0 49 14 35 74 58 63 45 63 36 18 41 38 55 54 68 20 67 8 31 48 18 9 27 9 64 14 92 71 4 16 37 48 70 25 56 48 80 62 41 33 67 73 68 7 16 45 37 41 11 62 35 44 59 60 53 25 35 24 98 34 45 17 63 73 50 60 59 4 79 59 46 62 23 58 
64 47 33 19 13 49 0 36 50 28 42 42 23 46 24 67 15 34 59 17 24 64 35 43 38 1 44 47 47 57 35 39 43 69 46 38 29 35 64 68 9 51 35 34 8 58 54 43 53 56 65 58 21 58 38 39 40 17 39 19 56 39 25 73 49 52 59 41 60 36 29 61 27 49 30 30 14 31 67 14 
37 55 19 17 46 14 36 0 29 60 54 58 37 59 22 31 27 26 47 44 57 29 53 13 30 35 12 17 21 22 50 5 79 62 10 6 24 35 70 33 44 49 69 48 28 31 65 59 65 21 29 48 29 45 6 49 34 35 46 46 54 15 28 38 85 38 49 9 54 64 37 52 45 14 65 51 35 48 37 46 
61 82 48 35 54 35 50 29 0 64 81 83 62 85 27 41 35 17 19 65 75 31 46 39 58 49 18 43 8 36 42 24 88 36 32 23 22 24 98 30 59 77 84 41 45 10 92 50 92 39 41 77 53 74 34 37 62 57 34 49 82 14 54 51 91 66 78 21 29 85 31 25 42 32 72 74 57 43 58 64 
92 71 62 44 15 74 28 60 64 0 65 62 49 68 41 91 34 47 64 38 34 86 24 70 67 28 65 74 64 82 28 62 26 67 70 61 44 41 87 89 27 77 34 27 36 73 76 29 74 81 89 85 49 86 64 34 67 44 36 15 82 58 53 99 27 80 87 62 60 47 33 64 23 74 10 50 40 24 94 31 
55 7 35 47 53 58 42 54 81 65 0 7 20 5 59 74 53 69 95 27 34 78 77 50 28 43 66 51 74 67 78 59 64 108 58 60 64 74 22 83 39 19 44 76 41 84 12 85 12 62 71 30 28 34 51 81 24 26 80 61 21 67 26 76 74 33 31 62 98 27 69 99 69 61 61 16 29 73 62 34 
62 13 40 49 51 63 42 58 83 62 7 0 22 7 60 80 54 71 97 25 30 84 76 56 34 43 70 56 77 72 77 63 59 109 63 63 66 75 26 88 37 26 39 75 42 88 14 84 12 68 77 37 30 41 55 80 30 27 80 59 28 70 30 82 69 40 38 66 100 21 70 100 68 66 57 12 29 73 68 32 
51 25 23 27 35 45 23 37 62 49 20 22 0 25 39 63 33 49 75 13 26 65 58 38 21 24 49 40 56 54 58 42 55 88 44 42 44 54 42 69 22 28 39 56 21 67 32 66 32 51 60 37 9 38 36 61 20 6 60 42 33 48 10 67 64 33 38 45 78 28 49 79 50 47 47 14 9 54 56 20 
58 7 40 52 57 63 46 59 85 68 5 7 25 0 63 79 58 74 100 30 36 83 81 55 32 48 71 55 79 71 82 64 66 112 62 64 69 78 19 88 43 21 45 80 46 89 8 89 7 67 76 32 32 36 56 85 28 31 85 65 22 71 31 80 76 36 33 67 103 27 74 104 73 66 63 18 33 78 65 38 
58 62 33 12 29 36 24 22 27 41 59 60 39 63 0 51 9 11 37 39 48 45 31 34 43 22 24 38 24 42 28 22 62 49 32 20 6 16 79 48 32 60 58 27 19 35 71 38 70 42 50 63 31 62 27 28 46 33 26 26 66 17 34 59 67 54 65 22 40 59 15 40 24 34 47 50 32 26 58 37 
28 73 41 48 77 18 67 31 41 91 74 80 63 79 51 0 58 50 60 73 86 12 81 25 47 66 28 24 35 9 77 29 110 77 21 31 51 60 83 16 74 62 99 76 59 35 82 86 84 12 3 55 55 51 29 75 51 62 72 77 65 37 53 10 116 46 56 30 70 91 64 66 74 18 96 76 64 76 21 76 
61 57 33 12 20 41 15 27 35 34 53 54 33 58 9 58 0 19 44 31 40 53 29 38 41 14 32 42 33 48 27 28 54 55 37 27 14 21 74 56 24 58 49 25 12 43 65 36 65 48 56 62 27 61 31 29 44 27 28 19 63 25 31 65 59 54 63 29 46 51 16 47 20 40 39 43 25 24 62 29 
62 72 41 23 37 38 34 26 17 47 69 71 49 74 11 50 19 0 26 50 59 42 31 38 51 33 22 42 18 42 28 24 71 39 34 21 5 10 89 43 43 70 68 26 30 26 81 36 81 44 49 72 42 69 31 25 55 44 22 32 75 13 44 59 74 62 73 21 30 70 15 30 26 35 55 61 43 27 61 48 
80 98 65 48 59 55 59 47 19 64 95 97 75 100 37 60 44 26 0 75 83 48 42 58 75 58 37 62 27 55 38 43 90 17 51 41 31 25 114 47 67 94 91 38 56 25 107 42 107 58 60 95 67 92 52 32 79 70 29 52 99 31 70 69 91 85 96 39 11 95 33 6 42 51 74 87 68 40 77 73 
63 33 33 30 26 54 17 44 65 38 27 25 13 30 39 73 31 50 75 0 14 73 51 47 33 18 55 50 60 63 52 48 43 86 52 48 45 52 49 77 12 40 27 50 20 71 38 59 37 61 70 49 18 50 44 56 33 10 56 34 44 52 21 77 52 46 50 51 77 20 46 78 44 56 35 13 9 48 68 8 
77 41 47 42 27 68 24 57 75 34 34 30 26 36 48 86 40 59 83 14 0 86 52 61 47 26 67 64 71 77 54 61 30 91 65 61 54 58 55 90 16 51 13 53 30 82 44 59 42 74 84 61 31 63 58 59 46 24 60 36 54 63 35 91 40 58 62 63 83 14 51 85 46 69 27 19 22 50 82 11 
38 78 43 45 73 20 64 29 31 86 78 84 65 83 45 12 53 42 48 73 86 0 73 28 51 63 21 28 25 13 69 25 106 65 21 26 44 51 90 5 72 68 98 68 56 23 88 78 89 18 13 63 56 59 29 66 55 63 63 71 72 29 55 21 112 53 64 24 59 92 57 54 67 17 92 78 64 69 33 75 
89 82 62 41 26 67 35 53 46 24 77 76 58 81 31 81 29 31 42 51 52 73 0 65 70 34 53 69 49 73 4 53 50 43 62 51 30 22 99 74 39 85 56 5 38 56 89 8 88 73 80 90 54 90 58 10 72 52 13 17 90 44 58 90 49 82 92 51 36 66 17 41 8 65 34 64 49 5 89 45 
24 50 15 26 55 8 43 13 39 70 50 56 38 55 34 25 38 38 58 47 61 28 65 0 23 43 22 4 31 17 62 15 86 74 8 18 36 48 63 33 50 41 74 61 35 39 60 72 61 13 23 38 30 35 7 61 27 37 59 57 46 27 28 30 93 28 39 19 66 66 49 63 57 11 73 51 39 60 25 51 
30 27 10 30 52 31 38 30 58 67 28 34 21 32 43 47 41 51 75 33 47 51 70 23 0 39 42 23 51 39 68 34 76 90 31 36 47 59 40 56 41 19 60 67 32 60 36 77 37 35 44 21 18 20 25 70 4 24 68 57 24 44 13 48 84 13 22 38 81 47 57 80 61 34 67 32 27 65 36 40 
64 48 34 19 13 48 1 35 49 28 43 43 24 48 22 66 14 33 58 18 26 63 34 43 39 0 43 47 46 57 34 38 43 67 45 37 28 33 65 67 10 52 36 32 8 57 55 42 54 55 64 58 21 58 38 38 40 18 38 18 57 38 26 73 50 52 60 40 58 37 27 60 26 49 30 31 15 30 67 15 
43 67 32 25 52 18 44 12 18 65 66 70 49 71 24 28 32 22 37 55 67 21 53 22 42 43 0 25 10 21 49 8 85 53 14 7 22 32 82 24 52 61 78 48 36 18 77 58 77 23 28 59 40 56 17 46 46 46 43 50 66 8 40 37 91 49 60 4 45 75 36 42 46 15 71 62 46 48 41 56 
20 50 17 30 59 9 47 17 43 74 51 56 40 55 38 24 42 42 62 50 64 28 69 4 23 47 25 0 34 16 67 19 89 78 11 21 41 52 62 33 53 40 77 65 39 41 59 76 61 11 21 36 33 32 11 66 27 40 63 61 44 31 30 27 97 26 37 23 69 68 53 67 62 12 77 53 42 65 20 55 
53 76 41 30 53 27 47 21 8 64 74 77 56 79 24 35 33 18 27 60 71 25 49 31 51 46 10 34 0 29 45 17 87 44 24 15 21 27 91 26 56 70 81 44 41 11 85 53 85 31 34 69 47 66 26 41 55 52 38 49 75 8 48 44 91 58 70 13 36 80 32 33 44 24 71 69 52 45 50 60 
27 66 32 38 68 9 57 22 36 82 67 72 54 71 42 9 48 42 55 63 77 13 73 17 39 57 21 16 29 0 69 20 100 72 12 22 42 52 77 18 65 55 89 68 49 31 75 78 76 5 7 50 46 46 20 67 43 53 64 68 60 29 44 17 106 40 51 21 64 82 56 61 66 8 87 68 55 68 22 67 
86 82 60 39 27 64 35 50 42 28 78 77 58 82 28 77 27 28 38 52 54 69 4 62 68 34 49 67 45 69 0 49 53 40 59 47 27 18 99 70 40 84 59 2 38 52 90 9 89 70 76 89 53 88 55 6 71 52 9 19 89 41 57 86 53 81 90 48 32 68 13 37 8 62 38 65 49 4 87 46 
39 60 24 20 48 14 39 5 24 62 59 63 42 64 22 29 28 24 43 48 61 25 53 15 34 38 8 19 17 20 49 0 81 59 10 2 23 33 74 29 47 53 73 48 31 26 69 59 70 20 28 52 33 49 9 48 39 39 45 48 58 12 33 37 87 42 53 4 50 68 36 48 46 12 67 55 39 48 38 50 
105 71 74 62 34 92 43 79 88 26 64 59 55 66 62 110 54 71 90 43 30 106 50 86 76 43 85 89 87 100 53 81 0 93 88 80 66 66 84 109 36 81 21 53 51 97 73 53 70 98 107 91 59 93 81 60 75 52 62 39 84 79 63 116 10 88 92 82 86 39 58 90 48 92 16 49 49 50 109 36 
97 111 80 61 65 71 69 62 36 67 108 109 88 112 49 77 55 39 17 86 91 65 43 74 90 67 53 78 44 72 40 59 93 0 68 57 44 34 128 63 76 109 97 40 67 42 120 40 119 75 77 110 80 108 68 33 94 82 32 57 114 47 83 86 92 100 111 55 9 104 40 11 46 68 77 98 80 43 94 82 
29 58 22 27 56 4 46 10 32 70 58 63 44 62 32 21 37 34 51 52 65 21 62 8 31 45 14 11 24 12 59 10 88 68 0 12 33 43 71 26 53 49 78 58 37 31 67 69 68 11 19 46 35 43 8 58 35 42 55 56 54 21 34 28 95 36 47 13 59 71 46 57 55 4 75 57 43 58 28 55 
41 61 26 19 47 16 38 6 23 61 60 63 42 64 20 31 27 21 41 48 61 26 51 18 36 37 7 21 15 22 47 2 80 57 12 0 21 31 76 29 46 55 72 46 30 25 70 57 71 23 29 54 34 51 11 46 40 39 43 46 60 10 34 39 86 44 55 3 48 68 34 46 44 14 66 56 39 46 40 50 
61 68 38 18 33 37 29 24 22 44 64 66 44 69 6 51 14 5 31 45 54 44 30 36 47 28 22 41 21 42 27 23 66 44 33 21 0 12 84 45 38 65 63 25 25 30 76 36 76 43 50 68 37 66 29 25 51 39 23 29 71 15 39 59 70 59 69 21 34 65 14 34 24 35 51 56 38 26 60 43 
72 77 49 28 34 48 35 35 24 41 74 75 54 78 16 60 21 10 25 52 58 51 22 48 59 33 32 52 27 52 18 33 66 34 43 31 12 0 94 52 43 76 66 17 33 34 86 27 85 54 59 79 47 77 41 15 62 48 12 27 82 23 50 69 68 70 81 31 25 70 8 27 19 45 50 64 46 19 71 48 
58 17 50 66 75 70 64 70 98 87 22 26 42 19 79 83 74 89 114 49 55 90 99 63 40 65 82 62 91 77 99 74 84 128 71 76 84 94 0 95 61 22 64 98 62 100 12 107 14 73 80 29 48 34 66 102 36 48 102 83 18 84 45 82 95 38 29 78 118 45 91 118 91 74 83 37 51 95 66 56 
43 83 48 48 76 25 68 33 30 89 83 88 69 88 48 16 56 43 47 77 90 5 74 33 56 67 24 33 26 18 70 29 109 63 26 29 45 52 95 0 76 73 101 69 60 22 93 79 94 23 18 68 61 64 33 67 60 67 63 74 77 31 59 24 114 58 69 27 57 96 58 53 69 22 95 83 68 70 37 79 
69 45 38 28 14 56 9 44 59 27 39 37 22 43 32 74 24 43 67 12 16 72 39 50 41 10 52 53 56 65 40 47 36 76 53 46 38 43 61 76 0 51 26 39 16 67 51 47 49 63 72 59 23 60 45 45 41 17 46 22 55 48 28 80 44 54 60 49 67 28 36 69 32 57 26 25 14 36 73 6 
38 14 29 48 64 48 51 49 77 77 19 26 28 21 60 62 58 70 94 40 51 68 85 41 19 52 61 40 70 55 84 53 81 109 49 55 65 76 22 73 51 0 62 82 46 79 22 93 24 51 59 11 31 15 44 86 15 34 85 70 5 63 27 61 91 16 12 57 99 46 74 99 76 52 75 32 37 80 46 47 
89 51 60 53 32 80 35 69 84 34 44 39 39 45 58 99 49 68 91 27 13 98 56 74 60 36 78 77 81 89 59 73 21 97 78 72 63 66 64 101 26 62 0 58 42 92 52 62 50 87 96 72 44 75 70 64 58 37 66 40 65 74 48 104 31 71 74 75 89 18 59 92 51 82 24 30 35 55 94 22 
85 81 58 37 26 62 34 48 41 27 76 75 56 80 27 76 25 26 38 50 53 68 5 61 67 32 48 65 44 68 2 48 53 40 58 46 25 17 98 69 39 82 58 0 36 51 88 11 87 68 75 87 51 86 54 7 69 50 9 18 88 39 55 85 53 79 89 47 33 66 12 37 7 60 37 63 47 3 85 45 
56 45 26 12 21 41 8 28 45 36 41 42 21 46 19 59 12 30 56 20 30 56 38 35 32 8 36 39 41 49 38 31 51 67 37 30 25 33 62 60 16 46 42 36 0 52 53 46 53 47 56 52 15 52 30 40 34 15 40 25 52 33 20 65 58 45 54 33 58 40 28 59 30 41 38 31 13 34 59 20 
58 86 50 41 63 33 58 31 10 73 84 88 67 89 35 35 43 26 25 71 82 23 56 39 60 57 18 41 11 31 52 26 97 42 31 25 30 34 100 22 67 79 92 51 52 0 95 59 96 35 36 77 58 74 35 47 64 63 44 59 84 19 58 44 100 67 78 22 35 91 41 31 52 29 81 80 62 52 53 71 
60 10 45 59 65 67 54 65 92 76 12 14 32 8 71 82 65 81 107 38 44 88 89 60 36 55 77 59 85 75 90 69 73 120 67 70 76 86 12 93 51 22 52 88 53 95 0 97 3 71 79 32 40 36 61 93 32 38 93 73 20 78 38 82 83 38 32 73 110 34 82 111 81 71 71 26 41 85 67 45 
96 90 69 48 33 73 43 59 50 29 85 84 66 89 38 86 36 36 42 59 59 78 8 72 77 42 58 76 53 78 9 59 53 40 69 57 36 27 107 79 47 93 62 11 46 59 97 0 96 79 85 98 62 97 65 12 80 60 16 24 98 50 66 95 52 90 99 57 35 73 23 40 16 71 39 71 56 12 96 53 
62 11 46 59 63 68 53 65 92 74 12 12 32 7 70 84 65 81 107 37 42 89 88 61 37 54 77 61 85 76 89 70 70 119 68 71 76 85 14 94 49 24 50 87 53 96 3 96 0 72 81 34 39 38 62 92 33 38 92 71 22 78 38 84 81 40 34 74 110 31 81 111 80 71 69 25 40 84 69 44 
22 61 28 37 67 7 56 21 39 81 62 68 51 67 42 12 48 44 58 61 74 18 73 13 35 55 23 11 31 5 70 20 98 75 11 23 43 54 73 23 63 51 87 68 47 35 71 79 72 0 10 46 43 41 17 68 39 50 65 67 55 30 41 18 105 35 46 22 67 79 57 64 66 8 85 64 52 68 18 64 
26 70 38 46 75 16 65 29 41 89 71 77 60 76 50 3 56 49 60 70 84 13 80 23 44 64 28 21 34 7 76 28 107 77 19 29 50 59 80 18 72 59 96 75 56 36 79 85 81 10 0 53 53 48 27 74 48 60 71 75 63 36 50 10 114 43 53 28 70 88 63 66 73 16 94 74 61 75 19 74 
30 25 30 51 71 45 58 48 77 85 30 37 37 32 63 55 62 72 95 49 61 63 90 38 21 58 59 36 69 50 89 52 91 110 46 54 68 79 29 68 59 11 72 87 52 77 32 98 34 46 53 0 37 5 43 90 18 42 89 77 12 64 33 53 100 11 1 56 101 57 78 100 82 48 84 42 45 86 37 56 
46 31 16 19 34 37 21 29 53 49 28 30 9 32 31 55 27 42 67 18 31 56 54 30 18 21 40 33 47 46 53 33 59 80 35 34 37 47 48 61 23 31 44 51 15 58 40 62 39 43 53 37 0 37 28 55 19 7 54 39 36 40 5 60 67 31 39 36 71 36 43 71 45 39 49 22 10 49 50 23 
25 29 29 50 71 41 58 45 74 86 34 41 38 36 62 51 61 69 92 50 63 59 90 35 20 58 56 32 66 46 88 49 93 108 43 51 66 77 34 64 60 15 75 86 52 74 36 97 38 41 48 5 37 0 40 89 18 42 87 76 16 61 33 49 102 8 5 53 99 59 76 97 81 45 85 45 46 85 33 57 
31 51 16 20 49 11 38 6 34 64 51 55 36 56 27 29 31 31 52 44 58 29 58 7 25 38 17 11 26 20 55 9 81 68 8 11 29 41 66 33 45 44 70 54 30 35 61 65 62 17 27 43 28 40 0 54 30 34 52 50 49 21 26 35 88 33 44 13 59 63 42 57 50 12 68 49 35 53 32 47 
86 85 61 39 33 62 39 49 37 34 81 80 61 85 28 75 29 25 32 56 59 66 10 61 70 38 46 66 41 67 6 48 60 33 58 46 25 15 102 67 45 86 64 7 40 47 93 12 92 68 74 90 55 89 54 0 72 55 3 24 91 38 59 84 60 82 92 46 26 73 13 30 13 60 44 69 52 10 85 51 
32 22 14 33 53 35 40 34 62 67 24 30 20 28 46 51 44 55 79 33 46 55 72 27 4 40 46 27 55 43 71 39 75 94 35 40 51 62 36 60 41 15 58 69 34 64 32 80 33 39 48 18 19 18 30 72 0 24 71 58 20 48 14 52 84 13 20 42 85 45 60 84 64 38 67 30 27 67 39 40 
53 31 23 23 30 44 17 35 57 44 26 27 6 31 33 62 27 44 70 10 24 63 52 37 24 18 46 40 52 53 52 39 52 82 42 39 39 48 48 67 17 34 37 50 15 63 38 60 38 50 60 42 7 42 34 55 24 0 54 36 39 44 11 67 61 37 43 42 73 29 43 74 44 46 43 17 4 48 57 16 
83 85 59 38 34 59 39 46 34 36 80 80 60 85 26 72 28 22 29 56 60 63 13 59 68 38 43 63 38 64 9 45 62 32 55 43 23 12 102 63 46 85 66 9 40 44 93 16 92 65 71 89 54 87 52 3 71 54 0 25 90 35 58 81 62 80 90 43 24 73 11 28 15 57 46 69 52 12 83 51 
80 66 50 31 9 60 19 46 49 15 61 59 42 65 26 77 19 32 52 34 36 71 17 57 57 18 50 61 49 68 19 48 39 57 56 46 29 27 83 74 22 70 40 18 25 59 73 24 71 67 75 77 39 76 50 24 58 36 25 0 75 43 44 85 41 70 78 48 49 49 19 52 11 60 23 47 33 14 81 28 
41 15 35 53 68 53 56 54 82 82 21 28 33 22 66 65 63 75 99 44 54 72 90 46 24 57 66 44 75 60 89 58 84 114 54 60 71 82 18 77 55 5 65 88 52 84 20 98 22 55 63 12 36 16 49 91 20 39 90 75 0 69 32 64 94 20 12 62 105 48 79 104 82 56 79 35 42 86 49 52 
50 68 34 22 46 25 39 15 14 58 67 70 48 71 17 37 25 13 31 52 63 29 44 27 44 38 8 31 8 29 41 12 79 47 21 10 15 23 84 31 48 63 74 39 33 19 78 50 78 30 36 64 40 61 21 38 48 44 35 43 69 0 41 46 84 53 65 9 39 72 28 37 39 22 64 61 43 40 49 52 
42 28 13 22 39 35 25 28 54 53 26 30 10 31 34 53 31 44 70 21 35 55 58 28 13 26 40 30 48 44 57 33 63 83 34 34 39 50 45 59 28 27 48 55 20 58 38 66 38 41 50 33 5 33 26 59 14 11 58 44 32 41 0 57 71 27 34 37 74 38 47 74 50 38 53 23 14 54 47 27 
24 73 44 55 84 24 73 38 51 99 76 82 67 80 59 10 65 59 69 77 91 21 90 30 48 73 37 27 44 17 86 37 116 86 28 39 59 69 82 24 80 61 104 85 65 44 82 95 84 18 10 53 60 49 35 84 52 67 81 85 64 46 57 0 123 45 54 38 79 95 73 75 83 25 103 80 69 85 17 82 
113 81 82 68 39 98 49 85 91 27 74 69 64 76 67 116 59 74 91 52 40 112 49 93 84 50 91 97 91 106 53 87 10 92 95 86 70 68 95 114 44 91 31 53 58 100 83 52 81 105 114 100 67 102 88 60 84 61 62 41 94 84 71 123 0 97 102 88 86 49 60 90 49 98 20 59 57 51 116 45 
22 29 21 42 65 34 52 38 66 80 33 40 33 36 54 46 54 62 85 46 58 53 82 28 13 52 49 26 58 40 81 42 88 100 36 44 59 70 38 58 54 16 71 79 45 67 38 90 40 35 43 11 31 8 33 82 13 37 80 70 20 53 27 45 97 0 11 46 91 57 69 90 74 38 80 42 40 78 30 52 
30 26 32 52 72 45 59 49 78 87 31 38 38 33 65 56 63 73 96 50 62 64 92 39 22 60 60 37 70 51 90 53 92 111 47 55 69 81 29 69 60 12 74 89 54 78 32 99 34 46 53 1 39 5 44 92 20 43 90 78 12 65 34 54 102 11 0 57 102 58 79 101 83 49 85 44 46 87 37 58 
42 63 28 21 49 17 41 9 21 62 62 66 45 67 22 30 29 21 39 51 63 24 51 19 38 40 4 23 13 21 48 4 82 55 13 3 21 31 78 27 49 57 75 47 33 22 73 57 74 22 28 56 36 53 13 46 42 42 43 48 62 9 37 38 88 46 57 0 47 71 35 45 45 14 68 59 42 47 40 52 
89 102 71 52 57 63 60 54 29 60 98 100 78 103 40 70 46 30 11 77 83 59 36 66 81 58 45 69 36 64 32 50 86 9 59 48 34 25 118 57 67 99 89 33 58 35 110 35 110 67 70 101 71 99 59 26 85 73 24 49 105 39 74 79 86 91 102 47 0 95 31 6 38 60 70 89 71 36 86 73 
77 34 51 51 40 73 36 64 85 47 27 21 28 27 59 91 51 70 95 20 14 92 66 66 47 37 75 68 80 82 68 68 39 104 71 68 65 70 45 96 28 46 18 66 40 91 34 73 31 79 88 57 36 59 63 73 45 29 73 49 48 72 38 95 49 57 58 71 95 0 64 97 60 75 40 15 29 63 83 22 
73 74 48 27 26 50 29 37 31 33 69 70 49 74 15 64 16 15 33 46 51 57 17 49 57 27 36 53 32 56 13 36 58 40 46 34 14 8 91 58 36 74 59 12 28 41 82 23 81 57 63 78 43 76 42 13 60 43 11 19 79 28 47 73 60 69 79 35 31 64 0 34 11 48 42 58 41 12 73 42 
86 102 70 52 60 60 61 52 25 64 99 100 79 104 40 66 47 30 6 78 85 54 41 63 80 60 42 67 33 61 37 48 90 11 57 46 34 27 118 53 69 99 92 37 59 31 111 40 111 64 66 100 71 97 57 30 84 74 28 52 104 37 74 75 90 90 101 45 6 97 34 0 42 57 74 90 72 40 83 75 
81 74 53 32 19 59 27 45 42 23 69 68 50 73 24 74 20 26 42 44 46 67 8 57 61 26 46 62 44 66 8 46 48 46 55 44 24 19 91 69 32 76 51 7 30 52 81 16 80 66 73 82 45 81 50 13 64 44 15 11 82 39 50 83 49 74 83 45 38 60 11 42 0 58 32 56 41 4 82 38 
29 61 26 30 60 4 49 14 32 74 61 66 47 66 34 18 40 35 51 56 69 17 65 11 34 49 15 12 24 8 62 12 92 68 4 14 35 45 74 22 57 52 82 60 41 29 71 71 71 8 16 48 39 45 12 60 38 46 57 60 56 22 38 25 98 38 49 14 60 75 48 57 58 0 79 61 47 60 26 59 
94 67 63 48 19 79 30 65 72 10 61 57 47 63 47 96 39 55 74 35 27 92 34 73 67 30 71 77 71 87 38 67 16 77 75 66 51 50 83 95 26 75 24 37 38 81 71 39 69 85 94 84 49 85 68 44 67 43 46 23 79 64 53 103 20 80 85 68 70 40 42 74 32 79 0 45 39 34 97 28 
62 22 36 40 39 59 30 51 74 50 16 12 14 18 50 76 43 61 87 13 19 78 64 51 32 31 62 53 69 68 65 55 49 98 57 56 56 64 37 83 25 32 30 63 31 80 26 71 25 64 74 42 22 45 49 69 30 17 69 47 35 61 23 80 59 42 44 59 89 15 58 90 56 61 45 0 18 60 68 19 
56 34 25 22 26 46 14 35 57 40 29 29 9 33 32 64 25 43 68 9 22 64 49 39 27 15 46 42 52 55 49 39 49 80 43 39 38 46 51 68 14 37 35 47 13 62 41 56 40 52 61 45 10 46 35 52 27 4 52 33 42 43 14 69 57 40 46 42 71 29 41 72 41 47 39 18 0 45 60 13 
84 78 57 36 23 62 31 48 43 24 73 73 54 78 26 76 24 27 40 48 50 69 5 60 65 30 48 65 45 68 4 48 50 43 58 46 26 19 95 70 36 80 55 3 34 52 85 12 84 68 75 86 49 85 53 10 67 48 12 14 86 40 54 85 51 78 87 47 36 63 12 40 4 60 34 60 45 0 85 42 
8 59 35 51 80 23 67 37 58 94 62 68 56 65 58 21 62 61 77 68 82 33 89 25 36 67 41 20 50 22 87 38 109 94 28 40 60 71 66 37 73 46 94 85 59 53 67 96 69 18 19 37 50 33 32 85 39 57 83 81 49 49 47 17 116 30 37 40 86 83 73 83 82 26 97 68 60 85 0 73 
69 40 39 31 20 58 14 46 64 31 34 32 20 38 37 76 29 48 73 8 11 75 45 51 40 15 56 55 60 67 46 50 36 82 55 50 43 48 56 79 6 47 22 45 20 71 45 53 44 64 74 56 23 57 47 51 40 16 51 28 52 52 27 82 45 52 58 52 73 22 42 75 38 59 28 19 13 42 73 0 
0 1392 103 431 1428 572 0 108 0 323 946 0 254 112 226 0 0 471 832 196 35 225 0 753 3000 44 0 0 836 26 45 0 0 0 0 0 0 9 10 327 10 10 0 9 58 0 151 53 0 2989 24 14 10 0 281 0 206 305 481 31 0 0 0 104 0 0 46 0 3000 0 531 30 119 11 3000 13 0 708 0 0 
1392 0 0 8 0 0 0 374 0 0 107 0 59 43 24 0 0 57 359 9 448 98 0 39 0 121 0 0 1333 483 46 0 0 0 0 0 0 122 274 54 8 721 0 194 458 0 0 112 0 39 0 2316 217 0 0 0 859 8 0 16 0 0 0 727 0 0 0 0 150 0 12 15 0 47 414 485 0 110 0 0 
103 0 0 0 41 774 491 27 203 1345 199 177 602 19 151 1028 60 613 9 2384 30 607 216 144 12 258 1089 0 11 0 199 20 54 12 36 105 3000 97 33 55 60 231 58 175 712 0 64 63 202 544 0 380 0 21 118 7 365 1847 13 625 2020 16 26 746 3000 34 14 15 115 961 21 134 2957 33 830 399 108 435 0 2855 
431 8 0 0 375 0 0 56 0 0 9 0 19 37 24 0 0 3000 224 92 183 36 9 76 0 62 0 40 7 58 368 0 0 0 0 0 0 83 38 9 2101 12 0 137 88 0 2008 804 0 88 1394 448 291 0 0 0 465 491 0 82 2102 0 0 1835 0 0 64 21 58 0 1433 45 0 23 3000 117 188 3000 371 137 
1428 0 41 375 0 37 1731 3000 8 0 73 259 246 202 123 0 164 178 32 9 316 18 164 201 0 7 0 539 447 0 34 303 742 31 86 160 2393 50 233 20 3000 442 0 96 95 19 629 1882 3000 19 74 26 39 53 0 54 87 14 56 332 737 23 24 276 0 1021 789 286 18 8 155 1292 0 405 0 91 116 1032 18 38 
572 0 774 0 37 0 14 232 54 75 86 35 87 3000 73 47 292 0 8 175 400 651 8 667 48 91 57 0 10 0 332 16 9 30 22 103 0 119 402 0 0 55 783 328 1473 0 16 503 406 507 0 12 0 265 210 124 54 10 220 412 0 167 0 435 41 0 58 181 44 0 175 363 15 404 355 354 417 150 0 1361 
0 0 491 0 1731 14 0 0 417 61 12 456 539 64 37 65 67 0 1222 0 0 0 477 64 0 309 0 167 155 0 127 16 20 221 1103 12 10 36 0 41 0 233 662 206 547 2569 28 10 27 0 82 0 356 17 91 228 0 0 21 64 55 131 236 54 0 346 13 186 0 1493 725 0 0 0 0 30 355 24 23 124 
108 374 27 56 3000 232 0 0 0 32 310 0 553 88 132 0 0 130 28 42 96 11 210 16 155 149 0 28 38 1114 19 0 0 0 0 0 0 36 996 171 15 121 0 39 126 0 46 54 0 314 307 15 10 0 139 0 157 221 315 594 206 0 0 31 0 0 141 854 140 0 251 106 895 100 18 28 115 188 3000 322 
0 0 203 0 8 54 417 0 0 0 0 217 0 993 0 70 21 0 157 0 0 0 43 57 0 1723 0 0 20 0 801 14 9 1940 211 12 3000 0 0 272 0 318 55 8 767 65 602 0 166 0 60 0 0 837 0 24 0 0 663 0 3000 516 2854 125 0 225 435 19 0 1854 148 0 0 0 0 1854 144 0 0 61 
323 0 1345 0 0 75 61 32 0 0 0 942 112 76 93 1028 0 0 77 186 276 353 0 58 9 795 15 0 11 0 748 193 3000 93 30 3000 0 264 330 0 0 106 985 194 523 0 256 409 45 310 0 318 0 447 147 3000 0 117 137 71 0 23 0 644 7 0 37 25 7 0 476 872 860 91 27 259 29 10 0 218 
946 107 199 9 73 86 12 310 0 0 0 0 180 90 9 0 0 29 74 391 69 72 633 32 0 305 0 19 45 7 271 0 359 0 0 0 0 67 32 176 10 1605 0 20 383 0 19 365 0 129 142 166 44 0 0 0 54 320 0 202 123 0 0 95 0 0 62 37 11 0 8 390 0 644 42 1258 344 59 20 14 
0 0 177 0 259 35 456 0 217 942 0 0 178 12 0 39 59 0 16 0 0 0 392 186 104 16 939 0 19 0 25 1065 32 12 24 165 181 0 0 0 0 11 482 179 271 180 1440 244 75 0 0 0 0 30 181 40 0 0 201 0 1618 8 11 120 501 2583 27 706 357 125 10 0 16 0 0 96 301 212 0 369 
254 59 602 19 246 87 539 553 0 112 180 178 0 8 190 41 3000 9 901 208 15 1274 275 1221 1676 1212 256 0 38 72 230 474 814 79 191 486 0 184 1878 559 15 35 1859 291 11 0 449 214 33 315 99 15 0 469 54 61 502 763 1276 226 153 38 0 108 53 0 130 239 297 0 67 62 104 562 181 675 165 159 0 9 
112 43 19 37 202 3000 64 88 993 76 90 12 8 0 937 19 99 22 3000 586 347 16 21 782 48 29 110 32 632 18 311 86 55 388 9 376 56 2198 195 332 14 18 20 8 92 29 23 130 66 39 13 552 62 400 10 183 9 119 15 2011 199 84 3000 12 408 178 443 1356 365 512 818 917 3000 9 994 43 9 29 330 289 
226 24 151 24 123 73 37 132 0 93 9 0 190 937 0 53 77 18 465 113 99 436 100 62 32 956 0 283 219 603 29 0 89 0 0 0 0 8 17 16 37 684 16 241 33 0 368 40 8 98 48 24 70 0 213 0 16 77 217 349 1960 1363 0 9 0 0 26 210 111 24 177 39 3000 583 1350 32 8 179 109 256 
0 0 1028 0 0 47 65 0 70 1028 0 39 41 19 53 0 57 0 1130 115 27 39 970 154 78 39 18 0 3000 0 168 449 111 136 17 23 0 121 59 0 0 89 47 389 87 0 11 55 313 0 0 341 0 55 18 10 0 111 9 64 0 232 0 145 248 9 269 300 275 0 823 639 116 43 57 224 981 260 0 29 
0 0 60 0 164 292 67 0 21 0 0 59 3000 99 77 57 0 0 22 0 0 0 43 34 0 27 0 1752 83 0 49 212 470 450 391 617 63 0 0 2553 0 334 0 3000 844 8 12 35 154 0 61 0 17 155 0 123 0 0 48 0 17 315 85 1940 0 22 1529 61 0 14 57 0 0 0 0 635 179 42 138 3000 
471 57 613 3000 178 0 0 130 0 0 29 0 9 22 18 0 0 0 1028 584 124 51 0 416 0 2416 0 82 33 969 107 0 0 0 0 0 0 177 492 8 461 1265 0 19 410 0 22 548 0 288 22 168 27 0 0 0 8 110 0 124 139 0 0 126 0 0 19 17 14 0 34 25 478 479 14 22 0 8 59 79 
832 359 9 224 32 8 1222 28 157 77 74 16 901 3000 465 1130 22 1028 0 265 115 144 321 321 77 117 268 739 2892 616 16 145 3000 31 985 87 67 22 11 23 10 1339 201 28 10 0 600 325 327 275 148 144 597 79 861 60 88 58 9 13 24 38 146 900 26 0 167 13 63 3000 67 104 70 878 59 653 138 11 308 73 
196 9 2384 92 9 175 0 42 0 186 391 0 208 586 113 115 0 584 265 0 928 39 0 22 28 282 1301 0 274 17 29 0 0 0 0 0 0 148 2056 36 1275 470 143 477 786 0 37 671 0 123 0 19 0 0 771 0 193 9 23 64 0 0 0 1192 1275 0 400 3000 206 0 3000 17 154 7 586 185 1047 353 0 76 
35 448 30 183 316 400 0 96 0 276 69 0 15 347 99 27 0 124 115 928 0 47 0 154 1039 20 94 0 48 1158 66 0 0 0 0 0 0 266 9 79 3000 12 1235 277 11 0 1318 1695 0 50 0 8 0 0 56 0 118 14 320 52 0 0 0 30 12 0 15 0 8 0 13 14 134 47 757 2366 650 1097 0 1114 
225 98 607 36 18 651 0 11 0 353 72 0 1274 16 436 39 0 51 144 39 47 0 0 76 19 209 1590 0 435 131 8 0 0 0 0 0 0 47 13 107 160 124 15 193 304 0 12 1592 3000 19 12 47 237 0 124 0 8 575 85 1482 48 41 0 37 67 0 15 26 65 0 265 154 161 43 8 708 11 3000 0 51 
0 0 216 9 164 8 477 210 43 0 633 392 275 21 100 970 43 0 321 0 0 0 0 33 0 11 0 2508 49 0 1606 167 22 3000 368 17 578 57 0 26 0 64 0 370 64 110 9 15 813 0 23 0 474 1604 0 16 0 160 28 169 150 108 130 127 0 105 15 46 0 105 16 0 0 32 0 1771 108 9 13 1649 
753 39 144 76 201 667 64 16 57 58 32 186 1221 782 62 154 34 416 321 22 154 76 33 0 823 106 63 0 217 0 119 542 431 108 614 9 637 8 1339 63 431 29 106 41 87 21 683 34 418 137 60 1804 746 34 3000 51 108 131 3000 66 579 954 63 27 145 166 540 41 46 1262 425 105 112 490 896 1203 41 2124 0 9 
3000 0 12 0 0 48 0 155 0 9 0 104 1676 48 32 78 0 0 77 28 1039 19 0 823 0 31 33 0 78 0 173 740 0 0 0 0 0 270 120 0 0 209 103 207 9 0 43 33 430 1052 0 8 0 202 10 115 146 28 75 49 0 689 0 172 39 0 31 0 21 0 322 107 2382 266 24 8 104 33 0 121 
44 121 258 62 7 91 309 149 1723 795 305 16 1212 29 956 39 27 2416 117 282 20 209 11 106 31 0 10 105 8 9 748 211 12 16 50 3000 53 321 70 184 130 9 523 19 69 148 1193 82 8 70 322 42 2199 882 8 18 145 122 75 11 8 368 271 233 1068 814 980 12 1289 231 58 1613 73 256 41 21 24 47 277 43 
0 0 1089 0 0 57 0 0 0 15 0 939 256 110 0 18 0 0 268 1301 94 1590 0 63 33 10 0 0 33 0 603 339 0 455 3000 0 0 0 23 0 0 1816 896 1564 82 0 17 30 851 0 0 228 0 14 8 37 0 16 81 287 0 10 0 0 8 0 0 0 22 0 41 0 39 1574 65 0 26 509 0 0 
0 0 0 40 539 0 167 28 0 0 19 0 0 32 283 0 1752 82 739 0 0 0 2508 0 0 105 0 0 15 0 169 0 618 0 0 0 19 591 0 84 23 0 0 966 2855 0 370 147 0 316 48 0 153 0 0 0 819 0 0 58 3000 0 251 131 0 0 222 20 0 792 830 40 0 0 0 23 74 42 7 128 
836 1333 11 7 447 10 155 38 20 11 45 19 38 632 219 3000 83 33 2892 274 48 435 49 217 78 8 33 15 0 93 24 121 11 16 105 368 291 17 372 67 83 2482 83 596 88 0 90 8 191 1619 905 15 253 19 988 66 104 237 995 149 322 34 3000 120 35 0 65 292 8 22 75 63 9 13 416 273 7 93 99 260 
26 483 0 58 0 0 0 1114 0 0 7 0 72 18 603 0 0 969 616 17 1158 131 0 0 0 9 0 0 93 0 23 0 0 0 0 0 0 499 33 135 660 12 0 31 150 0 0 78 0 18 0 37 0 0 0 0 346 584 0 356 0 0 0 406 0 0 0 0 216 0 2715 1420 0 435 28 0 0 429 0 0 
45 46 199 368 34 332 127 19 801 748 271 25 230 311 29 168 49 107 16 29 66 8 1606 119 173 748 603 169 24 23 0 296 10 105 286 895 17 154 181 586 443 93 547 56 18 345 392 17 76 107 315 823 279 182 15 10 1127 29 159 20 56 274 134 92 16 11 88 20 39 1390 3000 17 446 33 71 2928 273 362 53 478 
0 0 20 0 303 16 16 0 14 193 0 1065 474 86 0 449 212 0 145 0 0 0 167 542 740 211 339 0 121 0 296 0 112 225 632 127 21 0 0 0 0 177 187 360 547 104 8 42 345 0 0 0 0 17 317 372 0 38 3000 475 12 382 388 420 16 190 427 180 92 159 600 0 16 0 0 91 3000 18 0 83 
0 0 54 0 742 9 20 0 9 3000 359 32 814 55 89 111 470 0 3000 0 0 0 22 431 0 12 0 618 11 0 10 112 0 87 62 160 21 59 0 132 0 185 1922 335 84 31 75 392 262 0 213 0 37 47 619 40 0 9 192 309 162 1179 624 53 61 382 156 3000 22 126 1065 0 71 0 0 10 12 135 942 335 
0 0 12 0 31 30 221 0 1940 93 0 12 79 388 0 136 450 0 31 0 0 0 3000 108 0 16 455 0 16 0 105 225 87 0 8 88 3000 0 0 0 0 37 187 10 78 3000 81 0 13 0 977 0 0 157 49 115 0 0 809 0 823 1307 615 12 12 81 21 59 1387 153 212 0 16 0 0 24 16 165 0 380 
0 0 36 0 86 22 1103 0 211 30 0 24 191 9 0 17 391 0 985 0 0 0 368 614 0 50 3000 0 105 0 286 632 62 8 0 149 16 0 0 0 0 63 1147 67 7 461 395 0 71 0 17 0 0 21 67 100 0 0 2488 0 135 3000 836 24 27 140 46 13 0 13 72 0 0 0 0 1089 901 1248 0 207 
0 0 105 0 160 103 12 0 12 3000 0 165 486 376 0 23 617 0 87 0 0 0 17 9 0 3000 0 0 368 0 895 127 160 88 149 0 9 0 0 240 0 1160 99 85 59 1779 103 285 209 0 530 0 29 976 237 3000 0 0 24 0 2099 9 138 404 0 27 37 71 0 158 110 0 0 0 0 21 23 9 0 94 
0 0 3000 0 2393 0 10 0 3000 0 0 181 0 56 0 0 63 0 67 0 0 0 578 637 0 53 0 19 291 0 17 21 21 3000 16 9 0 0 0 1938 0 33 0 46 618 1221 262 11 9 0 296 0 132 600 0 16 0 0 0 0 1595 457 12 640 0 1252 12 383 0 167 35 0 0 0 0 104 28 48 9 67 
9 122 97 83 50 119 36 36 0 264 67 0 184 2198 8 121 0 177 22 148 266 47 57 8 270 321 0 591 17 499 154 0 59 0 0 0 0 0 50 309 34 58 63 219 725 0 24 3000 3000 174 122 1293 114 0 17 0 14 927 621 53 186 161 0 8 62 0 55 341 739 0 35 11 355 9 39 649 22 176 257 76 
10 274 33 38 233 402 0 996 0 330 32 0 1878 195 17 59 0 492 11 2056 9 13 0 1339 120 70 23 0 372 33 181 0 0 0 0 0 0 50 0 21 1018 36 10 40 1142 0 9 127 45 47 0 28 0 0 34 0 63 24 21 1419 0 0 0 69 797 0 102 315 39 0 2900 2789 162 169 44 1136 11 2432 0 1867 
327 54 55 9 20 0 41 171 272 0 176 0 559 332 16 0 2553 8 23 36 79 107 26 63 0 184 0 84 67 135 586 0 132 0 0 240 1938 309 21 0 82 1555 0 370 214 0 73 10 19 49 154 138 31 0 0 0 15 2176 0 3000 16 317 3000 1567 0 0 1095 327 16 1454 2097 77 0 546 90 1992 458 193 62 12 
10 8 60 2101 3000 0 0 15 0 0 10 0 15 14 37 0 0 461 10 1275 3000 160 0 431 0 130 0 23 83 660 443 0 0 0 0 0 0 34 1018 82 0 245 0 110 3000 0 11 12 0 181 178 53 492 0 0 0 20 10 0 26 15 0 0 326 0 0 16 23 12 0 16 14 0 161 125 232 0 200 126 250 
10 721 231 12 442 55 233 121 318 106 1605 11 35 18 684 89 334 1265 1339 470 12 124 64 29 209 9 1816 0 2482 12 93 177 185 37 63 1160 33 58 36 1555 245 0 1173 153 11 0 68 101 187 247 111 12 12 1970 881 280 3000 27 19 252 7 149 1454 109 18 0 625 374 13 208 374 62 7 3000 171 452 11 213 0 8 
0 0 58 0 0 783 662 0 55 985 0 482 1859 20 16 47 0 0 201 143 1235 15 0 106 103 523 896 0 83 0 547 187 1922 187 1147 99 0 63 10 0 0 1173 0 3000 474 0 183 224 42 0 0 156 0 567 62 2591 0 354 27 9 0 607 0 59 27 0 7 1125 336 0 7 0 60 852 173 60 10 464 0 238 
9 194 175 137 96 328 206 39 8 194 20 179 291 8 241 389 3000 19 28 477 277 193 370 41 207 19 1564 966 596 31 56 360 335 10 67 85 46 219 40 370 110 153 3000 0 1979 0 228 2046 194 23 39 93 822 13 63 37 17 3000 196 207 770 40 239 311 9 108 45 33 52 243 160 314 12 12 90 18 71 234 38 18 
58 458 712 88 95 1473 547 126 767 523 383 271 11 92 33 87 844 410 10 786 11 304 64 87 9 69 82 2855 88 150 18 547 84 78 7 59 618 725 1142 214 3000 11 474 1979 0 7 9 69 151 80 59 92 16 186 450 240 712 16 12 670 559 22 1203 98 60 44 43 44 97 110 1673 8 554 53 37 64 145 607 27 14 
0 0 0 0 19 0 2569 0 65 0 0 180 0 29 0 0 8 0 0 0 0 0 110 21 0 148 0 0 0 0 345 104 31 3000 461 1779 1221 0 0 0 0 0 0 0 7 0 89 0 17 0 0 0 0 303 0 508 0 0 0 0 142 100 491 0 0 186 679 232 0 231 445 0 0 0 0 98 11 0 0 65 
151 0 64 2008 629 16 28 46 602 256 19 1440 449 23 368 11 12 22 600 37 1318 12 9 683 43 1193 17 370 90 0 392 8 75 81 395 103 262 24 9 73 11 68 183 228 9 89 0 141 132 43 77 625 742 124 71 129 43 115 8 12 37 52 47 1873 3000 27 1093 477 17 25 325 22 89 69 258 1078 44 10 203 88 
53 112 63 804 1882 503 10 54 0 409 365 244 214 130 40 55 35 548 325 671 1695 1592 15 34 33 82 30 147 8 78 17 42 392 0 0 285 11 3000 127 10 12 101 224 2046 69 0 141 0 21 23 249 73 77 411 831 0 17 3000 297 15 136 14 729 24 1191 0 40 900 36 148 679 80 374 12 374 767 44 351 14 46 
0 0 202 0 3000 406 27 0 166 45 0 75 33 66 8 313 154 0 327 0 0 3000 813 418 430 8 851 0 191 0 76 345 262 13 71 209 9 3000 45 19 0 187 42 194 151 17 132 21 0 0 622 69 0 762 37 256 0 35 478 291 120 536 51 77 590 329 7 86 26 3000 625 0 57 159 0 213 1099 1136 0 39 
2989 39 544 88 19 507 0 314 0 310 129 0 315 39 98 0 0 288 275 123 50 19 0 137 1052 70 0 316 1619 18 107 0 0 0 0 0 0 174 47 49 181 247 0 23 80 0 43 23 0 0 546 35 9 0 30 0 120 97 294 74 438 0 0 379 0 0 435 313 13 0 16 3000 79 3000 42 116 14 837 84 90 
24 0 0 1394 74 0 82 307 60 0 142 0 99 13 48 0 61 22 148 0 0 12 23 60 0 322 0 48 905 0 315 0 213 977 17 530 296 122 0 154 178 111 0 39 59 0 77 249 622 546 0 410 286 0 0 0 102 239 0 18 16 269 23 18 0 0 211 55 0 51 53 2031 0 617 0 70 233 234 87 313 
14 2316 380 448 26 12 0 15 0 318 166 0 15 552 24 341 0 168 144 19 8 47 0 1804 8 42 228 0 15 37 823 0 0 0 0 0 0 1293 28 138 53 12 156 93 92 0 625 73 69 35 410 0 0 1631 149 0 222 291 140 672 0 169 0 66 420 0 24 12 317 0 26 1186 134 1033 182 577 19 648 0 2096 
10 217 0 291 39 0 356 10 0 0 44 0 0 62 70 0 17 27 597 0 0 237 474 746 0 2199 0 153 253 0 279 0 37 0 0 29 132 114 0 31 492 12 0 822 16 0 742 77 0 9 286 0 0 0 0 0 415 49 0 51 8 19 38 8 0 0 682 3000 0 88 262 109 0 49 0 1131 456 39 17 313 
0 0 21 0 53 265 17 0 837 447 0 30 469 400 0 55 155 0 79 0 0 0 1604 34 202 882 14 0 19 0 182 17 47 157 21 976 600 0 0 0 0 1970 567 13 186 303 124 411 762 0 0 1631 0 0 94 80 0 527 328 1013 28 13 1670 24 21 34 131 9 716 88 72 0 70 0 0 69 380 1475 0 360 
281 0 118 0 0 210 91 139 0 147 0 181 54 10 213 18 0 0 861 771 56 124 0 3000 10 8 8 0 988 0 15 317 619 49 67 237 0 17 34 0 0 881 62 63 450 0 71 831 37 30 0 149 0 94 0 307 3000 97 85 10 0 9 0 181 74 0 17 58 166 0 19 1235 8 24 558 1167 3000 7 0 312 
0 0 7 0 54 124 228 0 24 3000 0 40 61 183 0 10 123 0 60 0 0 0 16 51 115 18 37 0 66 0 10 372 40 115 100 3000 16 0 0 0 0 280 2591 37 240 508 129 0 256 0 0 0 0 80 307 0 0 0 566 0 570 78 3000 267 26 62 1353 27 38 9 154 0 137 0 0 48 953 1002 0 285 
206 859 365 465 87 54 0 157 0 0 54 0 502 9 16 0 0 8 88 193 118 8 0 108 146 145 0 819 104 346 1127 0 0 0 0 0 0 14 63 15 20 3000 0 17 712 0 43 17 0 120 102 222 415 0 3000 0 0 22 24 50 60 0 0 92 0 0 858 7 294 0 21 25 18 19 257 115 0 351 122 999 
305 8 1847 491 14 10 0 221 0 117 320 0 763 119 77 111 0 110 58 9 14 575 160 131 28 122 16 0 237 584 29 38 9 0 0 0 0 927 24 2176 10 27 354 3000 16 0 115 3000 35 97 239 291 49 527 97 0 22 0 459 38 95 2424 0 156 628 0 467 1209 189 0 348 439 619 946 20 120 342 3000 0 362 
481 0 13 0 56 220 21 315 663 137 0 201 1276 15 217 9 48 0 9 23 320 85 28 3000 75 75 81 0 995 0 159 3000 192 809 2488 24 0 621 21 0 0 19 27 196 12 0 8 297 478 294 0 140 0 328 85 566 24 459 0 243 0 221 0 10 123 0 229 163 719 0 33 177 8 69 81 8 18 172 0 606 
31 16 625 82 332 412 64 594 0 71 202 0 226 2011 349 64 0 124 13 64 52 1482 169 66 49 11 287 58 149 356 20 475 309 0 0 0 0 53 1419 3000 26 252 9 207 670 0 12 15 291 74 18 672 51 1013 10 0 50 38 243 0 96 406 0 199 45 0 24 161 129 0 93 1356 345 27 20 967 142 592 53 110 
0 0 2020 2102 737 0 55 206 3000 0 123 1618 153 199 1960 0 17 139 24 0 0 48 150 579 0 8 0 3000 322 0 56 12 162 823 135 2099 1595 186 0 16 15 7 0 770 559 142 37 136 120 438 16 0 8 28 0 570 60 95 0 96 0 605 11 1226 0 475 94 106 0 23 12 973 0 30 0 394 321 1609 255 229 
0 0 16 0 23 167 131 0 516 23 0 8 38 84 1363 232 315 0 38 0 0 41 108 954 689 368 10 0 34 0 274 382 1179 1307 3000 9 457 161 0 317 0 149 607 40 22 100 52 14 536 0 269 169 19 13 9 78 0 2424 221 406 605 0 14 3000 42 178 662 108 3000 8 8 0 411 17 0 45 328 20 0 24 
0 0 26 0 24 0 236 0 2854 0 0 11 0 3000 0 0 85 0 146 0 0 0 130 63 0 271 0 251 3000 0 134 388 624 615 836 138 12 0 0 3000 0 1454 0 239 1203 491 47 729 51 0 23 0 38 1670 0 3000 0 0 0 0 11 14 0 286 0 13 262 9 0 290 56 0 0 0 0 163 33 99 15 21 
104 727 746 1835 276 435 54 31 125 644 95 120 108 12 9 145 1940 126 900 1192 30 37 127 27 172 233 0 131 120 406 92 420 53 12 24 404 640 8 69 1567 326 109 59 311 98 0 1873 24 77 379 18 66 8 24 181 267 92 156 10 199 1226 3000 286 0 0 0 209 354 3000 241 38 27 26 3000 408 636 95 420 65 103 
0 0 3000 0 0 41 0 0 0 7 0 501 53 408 0 248 0 0 26 1275 12 67 0 145 39 1068 8 0 35 0 16 16 61 12 27 0 0 62 797 0 0 18 27 9 60 0 3000 1191 590 0 0 420 0 21 74 26 0 628 123 45 0 42 0 0 0 0 10 0 64 0 20 0 176 2213 171 0 26 21 0 89 
0 0 34 0 1021 0 346 0 225 0 0 2583 0 178 0 9 22 0 0 0 0 0 105 166 0 814 0 0 0 0 11 190 382 81 140 27 1252 0 0 0 0 0 0 108 44 186 27 0 329 0 0 0 0 34 0 62 0 0 0 0 475 178 13 0 0 0 8 334 0 351 50 0 0 0 0 141 788 0 0 60 
46 0 14 64 789 58 13 141 435 37 62 27 130 443 26 269 1529 19 167 400 15 15 15 540 31 980 0 222 65 0 88 427 156 21 46 37 12 55 102 1095 16 625 7 45 43 679 1093 40 7 435 211 24 682 131 17 1353 858 467 229 24 94 662 262 209 10 8 0 199 2672 187 31 40 50 16 2580 340 186 65 46 441 
0 0 15 21 286 181 186 854 19 25 37 706 239 1356 210 300 61 17 13 3000 0 26 46 41 0 12 0 20 292 0 20 180 3000 59 13 71 383 341 315 327 23 374 1125 33 44 232 477 900 86 313 55 12 3000 9 58 27 7 1209 163 161 106 108 9 354 0 334 199 0 35 15 3000 126 0 17 0 763 61 94 761 470 
3000 150 115 58 18 44 0 140 0 7 11 357 297 365 111 275 0 14 63 206 8 65 0 46 21 1289 22 0 8 216 39 92 22 1387 0 0 0 739 39 16 12 13 336 52 97 0 17 36 26 13 0 317 0 716 166 38 294 189 719 129 0 3000 0 3000 64 0 2672 35 0 0 31 282 13 105 45 22 332 437 0 8 
0 0 961 0 8 0 1493 0 1854 0 0 125 0 512 24 0 14 0 3000 0 0 0 105 1262 0 231 0 792 22 0 1390 159 126 153 13 158 167 0 0 1454 0 208 0 243 110 231 25 148 3000 0 51 0 88 88 0 9 0 0 0 0 23 8 290 241 0 351 187 15 0 0 588 0 0 0 0 216 1042 42 129 90 
531 12 21 1433 155 175 725 251 148 476 8 10 67 818 177 823 57 34 67 3000 13 265 16 425 322 58 41 830 75 2715 3000 600 1065 212 72 110 35 35 2900 2097 16 374 7 160 1673 445 325 679 625 16 53 26 262 72 19 154 21 348 33 93 12 8 56 38 20 50 31 3000 31 588 0 16 53 689 31 16 28 23 661 231 
30 15 134 45 1292 363 0 106 0 872 390 0 62 917 39 639 0 25 104 17 14 154 0 105 107 1613 0 40 63 1420 17 0 0 0 0 0 0 11 2789 77 14 62 0 314 8 0 22 80 0 3000 2031 1186 109 0 1235 0 25 439 177 1356 973 0 0 27 0 0 40 126 282 0 16 0 3000 240 92 14 14 33 1708 22 
119 0 2957 0 0 15 0 895 0 860 0 16 104 3000 3000 116 0 478 70 154 134 161 0 112 2382 73 39 0 9 0 446 16 71 16 0 0 0 355 162 0 0 7 60 12 554 0 89 374 57 79 0 134 0 70 8 137 18 619 8 345 0 411 0 26 176 0 50 0 13 0 53 3000 0 70 581 25 653 91 0 3000 
11 47 33 23 405 404 0 100 0 91 644 0 562 9 583 43 0 479 878 7 47 43 32 490 266 256 1574 0 13 435 33 0 0 0 0 0 0 9 169 546 161 3000 852 12 53 0 69 12 159 3000 617 1033 49 0 24 0 19 946 69 27 30 17 0 3000 2213 0 16 17 105 0 689 240 70 0 15 50 127 7 0 45 
3000 414 830 3000 0 355 0 18 0 27 42 0 181 994 1350 57 0 14 59 586 757 8 0 896 24 41 65 0 416 28 71 0 0 0 0 0 0 39 44 90 125 171 173 90 37 0 258 374 0 42 0 182 0 0 558 0 257 20 81 20 0 0 0 408 171 0 2580 0 45 0 31 92 581 15 0 124 831 28 0 140 
13 485 399 117 91 354 30 28 1854 259 1258 96 675 43 32 224 635 22 653 185 2366 708 1771 1203 8 21 0 23 273 0 2928 91 10 24 1089 21 104 649 1136 1992 232 452 60 18 64 98 1078 767 213 116 70 577 1131 69 1167 48 115 120 8 967 394 45 163 636 0 141 340 763 22 216 16 14 25 50 124 0 31 11 105 132 
0 0 108 188 116 417 355 115 144 29 344 301 165 9 8 981 179 0 138 1047 650 11 108 41 104 24 26 74 7 0 273 3000 12 16 901 23 28 22 11 458 0 11 10 71 145 11 44 44 1099 14 233 19 456 380 3000 953 0 342 18 142 321 328 33 95 26 788 186 61 332 1042 28 14 653 127 831 31 0 379 142 300 
708 110 435 3000 1032 150 24 188 0 10 59 212 159 29 179 260 42 8 11 353 1097 3000 9 2124 33 47 509 42 93 429 362 18 135 165 1248 9 48 176 2432 193 200 213 464 234 607 0 10 351 1136 837 234 648 39 1475 7 1002 351 3000 172 592 1609 20 99 420 21 0 65 94 437 42 23 33 91 7 28 11 379 0 62 21 
0 0 0 371 18 0 23 3000 0 0 20 0 0 330 109 0 138 59 308 0 0 0 13 0 0 277 0 7 99 0 53 0 942 0 0 0 9 257 0 62 126 0 0 38 27 0 203 14 0 84 87 0 17 0 0 0 122 0 0 53 255 0 15 65 0 0 46 761 0 129 661 1708 0 0 0 105 142 62 0 697 
0 0 2855 137 38 1361 124 322 61 218 14 369 9 289 256 29 3000 79 73 76 1114 51 1649 9 121 43 0 128 260 0 478 83 335 380 207 94 67 76 1867 12 250 8 238 18 14 65 88 46 39 90 313 2096 313 360 312 285 999 362 606 110 229 24 21 103 89 60 441 470 8 90 231 22 3000 45 140 132 300 21 697 0 
