80
0 66 92 26 38 97 70 24 57 29 44 50 75 21 62 30 91 105 52 74 100 97 51 40 68 38 27 104 66 14 57 75 83 38 42 94 82 99 86 96 70 67 50 8 36 22 38 57 65 36 85 46 76 41 49 76 96 22 3 32 76 15 75 21 54 60 36 59 68 14 45 78 30 9 73 93 67 86 81 81 
66 0 82 64 90 62 32 48 9 52 30 16 53 66 56 78 54 76 64 83 65 119 16 79 58 90 40 80 2 52 84 81 117 33 49 97 37 125 80 123 58 82 78 58 83 59 92 16 108 31 70 77 44 84 98 102 57 61 65 34 83 60 27 56 25 97 72 90 91 54 22 110 38 74 86 116 31 62 83 44 
92 82 0 67 77 35 51 72 79 64 63 83 30 73 32 73 39 28 40 25 34 52 73 63 27 79 81 21 84 84 48 23 64 69 52 19 52 60 6 59 26 32 51 88 70 71 81 92 71 85 12 53 39 66 75 48 39 70 94 78 23 77 59 71 60 60 61 52 42 92 76 58 74 91 30 50 51 23 15 42 
26 64 67 0 25 77 55 18 55 13 35 52 54 6 39 14 73 83 26 48 79 73 48 17 44 26 31 81 65 25 32 49 61 32 22 68 68 75 61 72 48 41 24 25 18 7 28 61 46 42 61 21 57 21 34 52 77 6 29 33 49 12 64 11 44 38 11 35 43 32 44 55 28 24 46 68 53 64 55 63 
38 90 77 25 0 96 79 43 81 38 60 77 73 24 57 12 93 99 42 54 98 65 73 15 61 2 54 96 91 45 31 56 47 57 45 72 91 64 71 61 65 46 27 42 8 31 4 86 27 66 76 24 79 12 11 44 97 29 41 58 56 32 88 35 69 26 20 29 41 50 69 43 53 30 50 61 76 82 63 85 
97 62 35 77 96 0 32 73 62 69 56 69 23 83 39 88 8 15 54 53 3 86 60 81 35 97 77 21 64 86 72 51 95 63 56 54 25 94 37 93 31 58 71 90 88 78 100 76 98 77 26 72 22 85 98 79 5 78 98 72 52 83 35 77 48 86 76 77 70 92 65 89 71 99 59 84 34 15 46 18 
70 32 51 55 79 32 0 46 30 44 26 37 21 60 29 68 24 45 42 55 35 92 28 65 29 80 47 48 34 57 63 53 94 33 34 66 13 98 48 97 28 56 59 62 70 53 82 44 89 45 38 59 12 69 84 78 29 54 70 41 54 58 10 51 17 77 58 69 67 62 33 87 41 74 60 89 3 30 53 14 
24 48 72 18 43 73 46 0 38 9 21 34 52 19 40 31 67 82 34 58 76 88 31 35 45 43 13 82 48 13 47 58 78 15 20 77 58 91 66 88 48 52 39 17 37 12 45 43 64 24 63 37 51 39 52 67 71 14 25 15 58 13 52 8 31 55 28 51 57 21 26 72 10 28 58 83 43 63 63 57 
57 9 79 55 81 62 30 38 0 43 22 9 50 57 51 69 54 75 56 76 65 113 8 70 53 81 31 79 10 43 76 75 109 24 41 92 38 118 75 115 54 75 70 49 74 50 83 14 99 22 67 69 42 75 89 95 58 52 56 25 77 51 28 46 19 88 63 82 84 45 12 102 29 64 80 109 29 60 77 44 
29 52 64 13 38 69 44 9 43 0 22 39 46 16 34 27 63 76 25 49 71 79 35 28 39 39 21 76 52 20 38 49 70 19 13 69 56 82 58 80 42 44 31 24 31 9 41 49 57 31 57 29 48 32 46 59 68 11 30 22 50 15 52 8 31 48 21 43 49 29 31 64 17 31 49 75 41 57 55 53 
44 30 63 35 60 56 26 21 22 22 0 22 37 38 32 49 49 67 35 57 59 92 14 49 36 61 21 68 31 31 55 56 87 7 19 74 38 96 59 94 38 54 48 37 53 31 63 32 77 22 53 47 34 54 68 74 53 33 44 16 57 34 31 28 10 67 42 60 62 37 13 80 15 49 59 88 23 49 59 38 
50 16 83 52 77 69 37 34 9 39 22 0 55 53 54 65 61 82 57 79 72 114 10 68 57 77 24 85 16 37 76 78 108 21 41 95 46 118 79 116 58 76 69 42 70 46 78 10 97 14 72 67 49 72 86 95 65 47 49 19 79 46 36 42 23 87 61 81 84 38 9 101 24 58 81 110 35 66 81 51 
75 53 30 54 73 23 21 52 50 46 37 55 0 60 16 65 20 30 32 37 25 74 45 58 13 75 57 31 55 64 51 35 78 44 33 46 25 80 27 79 10 40 49 69 65 55 77 64 78 59 17 50 10 62 76 62 23 55 76 53 36 61 30 54 32 65 53 56 52 72 49 71 51 77 42 70 22 12 33 15 
21 66 73 6 24 83 60 19 57 16 38 53 60 0 45 13 78 89 32 53 85 77 50 20 50 24 30 87 67 22 36 54 64 34 27 73 72 78 67 75 53 46 28 21 19 7 26 62 47 42 67 25 63 22 34 56 82 6 24 34 55 9 68 11 47 41 15 38 47 29 45 58 29 18 52 72 57 70 61 69 
62 56 32 39 57 39 29 40 51 34 32 54 16 45 0 49 36 44 16 26 41 64 44 42 5 59 49 42 58 53 35 25 65 37 20 42 37 70 27 68 8 27 33 57 49 41 61 63 62 54 23 34 23 46 59 49 39 41 64 46 26 47 39 41 32 50 37 41 38 61 46 58 43 63 31 60 28 25 27 29 
30 78 73 14 12 88 68 31 69 27 49 65 65 13 49 0 84 92 34 51 90 68 62 11 54 12 43 89 79 34 30 52 53 45 35 70 80 69 66 66 57 43 23 32 7 19 14 74 35 54 69 20 69 11 21 47 88 18 33 46 52 21 77 23 57 30 12 30 41 40 57 48 41 23 48 64 66 74 59 75 
91 54 39 73 93 8 24 67 54 63 49 61 20 78 36 84 0 23 52 54 11 89 52 78 33 94 70 28 55 79 70 52 96 56 51 58 17 96 40 95 29 58 69 84 85 72 97 67 97 69 28 70 16 82 95 80 4 73 92 65 53 78 27 71 41 85 73 76 70 85 57 90 64 94 60 87 27 16 48 11 
105 76 28 83 99 15 45 82 75 76 67 82 30 89 44 92 23 0 58 50 12 79 73 84 39 100 87 7 78 95 72 48 91 74 63 46 39 87 32 87 35 57 73 99 91 85 103 89 97 89 23 75 34 87 99 75 20 85 106 83 49 91 49 84 60 85 80 76 68 102 77 85 81 106 56 77 47 19 42 32 
52 64 40 26 42 54 42 34 56 25 35 57 32 32 16 34 52 58 0 24 56 57 49 26 20 43 45 55 65 46 21 24 53 37 16 43 52 62 34 59 23 19 18 48 33 30 45 67 48 53 35 18 39 30 44 39 55 30 54 44 25 37 52 31 38 35 22 27 28 54 48 46 39 50 25 53 40 40 30 45 
74 83 25 48 54 53 55 58 76 49 57 79 37 53 26 51 54 50 24 0 53 38 70 40 25 55 69 45 84 69 24 2 42 60 40 20 61 44 19 42 27 8 28 71 47 53 58 89 47 76 28 31 46 42 51 26 56 52 77 68 2 59 65 55 58 35 40 27 18 78 70 36 63 71 6 34 54 38 9 51 
100 65 34 79 98 3 35 76 65 71 59 72 25 85 41 90 11 12 56 53 0 86 63 82 36 99 80 18 67 88 73 51 96 66 58 53 28 94 37 93 33 59 72 93 89 80 101 79 99 80 26 74 25 86 99 79 8 80 101 75 52 86 38 79 52 86 78 78 71 95 68 89 74 102 60 84 37 16 46 22 
97 119 52 73 65 86 92 88 113 79 92 114 74 77 64 68 89 79 57 38 86 0 106 58 63 66 100 72 121 97 41 39 22 94 73 33 98 8 49 9 64 38 49 97 62 80 68 124 42 109 61 52 84 57 55 21 90 78 100 100 38 85 102 82 94 39 62 38 31 105 105 23 95 91 33 4 92 73 41 88 
51 16 73 48 73 60 28 31 8 35 14 10 45 50 44 62 52 73 49 70 63 106 0 63 47 74 25 75 17 38 69 69 101 16 34 86 37 110 70 108 48 68 62 43 66 43 75 19 91 19 62 61 39 67 81 88 56 44 51 19 70 44 28 39 13 81 56 74 76 40 7 95 22 58 73 102 26 56 71 41 
40 79 63 17 15 81 65 35 70 28 49 68 58 20 42 11 78 84 26 40 82 58 63 0 46 17 48 80 80 41 18 41 44 47 32 59 76 59 56 56 49 32 12 40 7 24 19 78 29 59 60 9 64 5 19 37 81 22 43 50 42 28 74 28 56 21 7 19 30 48 59 38 45 34 37 53 63 66 49 70 
68 58 27 44 61 35 29 45 53 39 36 57 13 50 5 54 33 39 20 25 36 63 47 46 0 63 54 37 60 58 38 24 66 42 26 38 36 69 22 68 3 27 36 62 53 47 65 67 65 58 18 38 22 50 63 50 36 47 69 51 25 53 39 46 35 52 42 43 39 66 49 59 47 68 31 59 29 21 24 27 
38 90 79 26 2 97 80 43 81 39 61 77 75 24 59 12 94 100 43 55 99 66 74 17 63 0 54 97 91 44 32 57 48 57 46 74 92 65 73 62 66 47 28 42 10 31 2 86 28 66 77 26 80 13 12 46 98 30 41 58 57 32 89 35 69 27 22 31 42 50 69 44 53 29 51 62 77 83 65 86 
27 40 81 31 54 77 47 13 31 21 21 24 57 30 49 43 70 87 45 69 80 100 25 48 54 54 0 88 40 13 60 69 91 14 30 88 59 103 75 101 56 64 52 18 49 24 56 32 77 11 71 50 55 51 64 80 74 26 26 6 70 23 50 20 30 68 41 64 70 16 18 85 6 34 70 96 44 69 74 59 
104 80 21 81 96 21 48 82 79 76 68 85 31 87 42 89 28 7 55 45 18 72 75 80 37 97 88 0 82 95 67 43 85 75 62 39 44 80 26 80 34 52 69 99 88 83 99 93 92 90 20 71 36 84 95 69 26 84 106 84 43 90 54 83 63 80 77 72 63 102 79 80 82 105 51 71 50 20 36 36 
66 2 84 65 91 64 34 48 10 52 31 16 55 67 58 79 55 78 65 84 67 121 17 80 60 91 40 82 0 53 86 83 118 34 50 99 39 126 81 124 60 83 79 58 84 60 93 14 109 30 72 78 46 85 99 104 59 62 65 35 84 61 29 56 27 98 73 91 93 54 22 111 38 74 88 117 33 64 85 46 
14 52 84 25 45 86 57 13 43 20 31 37 64 22 53 34 79 95 46 69 88 97 38 41 58 44 13 95 53 0 56 70 85 24 33 89 69 99 79 96 61 63 48 6 40 18 45 44 69 23 76 45 64 44 55 76 84 19 13 18 70 13 62 15 41 62 36 59 67 8 31 79 16 21 69 93 54 76 75 69 
57 84 48 32 31 72 63 47 76 38 55 76 51 36 35 30 70 72 21 24 73 41 69 18 38 32 60 67 86 56 0 25 32 55 35 41 73 44 42 41 41 15 8 56 25 38 35 86 27 69 48 11 59 20 28 20 73 37 60 60 25 44 73 41 59 14 21 6 11 64 67 26 55 52 19 37 61 57 33 65 
75 81 23 49 56 51 53 58 75 49 56 78 35 54 25 52 52 48 24 2 51 39 69 41 24 57 69 43 83 70 25 0 45 59 39 20 59 46 17 44 25 10 29 72 49 54 60 88 49 76 25 32 44 44 53 28 54 53 77 67 1 60 63 55 57 37 41 29 20 78 69 38 63 72 9 36 52 36 8 49 
83 117 64 61 47 95 94 78 109 70 87 108 78 64 65 53 96 91 53 42 96 22 101 44 66 48 91 85 118 85 32 45 0 87 68 48 102 18 59 16 68 38 39 84 46 68 49 118 21 101 70 41 87 42 36 16 98 66 86 92 44 72 104 71 92 23 50 27 27 92 99 7 87 75 36 20 92 81 50 93 
38 33 69 32 57 63 33 15 24 19 7 21 44 34 37 45 56 74 37 60 66 94 16 47 42 57 14 75 34 24 55 59 87 0 21 78 45 98 64 95 43 56 48 30 50 26 59 31 76 17 59 46 41 51 65 75 61 28 37 9 60 28 38 23 17 66 40 60 64 29 12 81 8 43 62 90 30 56 63 46 
42 49 52 22 45 56 34 20 41 13 19 41 33 27 20 35 51 63 16 40 58 73 34 32 26 46 30 62 50 33 35 39 68 21 0 58 46 77 46 75 28 36 29 37 37 22 48 51 59 37 44 28 35 37 51 54 55 22 43 28 40 28 43 21 25 48 25 41 43 41 32 61 24 43 41 69 31 44 44 41 
94 97 19 68 72 54 66 77 92 69 74 95 46 73 42 70 58 46 43 20 53 33 86 59 38 74 88 39 99 89 41 20 48 78 58 0 69 41 18 41 38 27 47 91 66 73 76 105 60 95 30 50 56 61 67 34 58 72 97 86 19 79 75 75 73 50 60 43 32 97 87 44 82 91 23 32 66 42 15 59 
82 37 52 68 91 25 13 58 38 56 38 46 25 72 37 80 17 39 52 61 28 98 37 76 36 92 59 44 39 69 73 59 102 45 46 69 0 105 51 103 34 64 69 75 82 66 94 51 99 56 40 70 15 81 95 86 20 67 82 53 60 70 10 64 29 87 70 78 75 75 43 95 53 86 67 95 15 29 57 10 
99 125 60 75 64 94 98 91 118 82 96 118 80 78 70 69 96 87 62 44 94 8 110 59 69 65 103 80 126 99 44 46 18 98 77 41 105 0 57 3 71 43 51 99 63 82 67 129 39 113 68 54 90 57 54 23 98 80 101 104 45 86 109 85 99 39 64 40 34 107 109 21 99 92 39 10 98 80 48 95 
86 80 6 61 71 37 48 66 75 58 59 79 27 67 27 66 40 32 34 19 37 49 70 56 22 73 75 26 81 79 42 17 59 64 46 18 51 57 0 56 21 26 44 82 64 65 75 89 66 80 12 47 37 60 69 44 41 64 88 73 17 71 57 65 57 54 55 46 36 87 72 54 69 85 25 47 48 24 10 41 
96 123 59 72 61 93 97 88 115 80 94 116 79 75 68 66 95 87 59 42 93 9 108 56 68 62 101 80 124 96 41 44 16 95 75 41 103 3 56 0 69 41 49 96 60 79 64 126 36 110 67 51 89 55 51 21 97 77 99 101 43 84 107 82 97 36 61 37 32 104 107 18 96 89 37 9 96 79 47 94 
70 58 26 48 65 31 28 48 54 42 38 58 10 53 8 57 29 35 23 27 33 64 48 49 3 66 56 34 60 61 41 25 68 43 28 38 34 71 21 69 0 30 40 65 56 49 69 67 68 60 15 41 19 54 66 52 33 50 72 53 26 56 38 49 35 55 45 46 41 69 50 61 49 71 32 61 28 17 25 25 
67 82 32 41 46 58 56 52 75 44 54 76 40 46 27 43 58 57 19 8 59 38 68 32 27 47 64 52 83 63 15 10 38 56 36 27 64 43 26 41 30 0 20 65 39 47 50 86 40 72 34 23 49 34 43 22 61 46 70 63 10 53 66 49 56 28 32 19 12 72 67 32 59 64 6 34 55 43 17 54 
50 78 51 24 27 71 59 39 70 31 48 69 49 28 33 23 69 73 18 28 72 49 62 12 36 28 52 69 79 48 8 29 39 48 29 47 69 51 44 49 40 20 0 49 20 31 31 79 30 62 49 3 56 15 27 28 72 29 52 53 29 36 69 33 54 19 13 12 19 56 60 33 48 45 24 45 57 56 37 62 
8 58 88 25 42 90 62 17 49 24 37 42 69 21 57 32 84 99 48 71 93 97 43 40 62 42 18 99 58 6 56 72 84 30 37 91 75 99 82 96 65 65 49 0 39 18 42 49 67 28 80 46 69 43 53 76 89 20 8 24 73 13 67 17 46 61 36 59 68 8 37 79 22 16 71 93 60 80 78 74 
36 83 70 18 8 88 70 37 74 31 53 70 65 19 49 7 85 91 33 47 89 62 66 7 53 10 49 88 84 40 25 49 46 50 37 66 82 63 64 60 56 39 20 39 0 25 12 80 29 60 68 17 70 5 15 41 88 23 39 52 49 27 80 28 61 24 12 25 36 47 62 41 47 29 43 58 68 74 56 77 
22 59 71 7 31 78 53 12 50 9 31 46 55 7 41 19 72 85 30 53 80 80 43 24 47 31 24 83 60 18 38 54 68 26 22 73 66 82 65 79 49 47 31 18 25 0 33 55 53 35 64 28 57 28 40 59 77 2 24 27 54 6 61 4 40 45 18 42 49 26 38 62 22 22 52 75 51 66 60 63 
38 92 81 28 4 100 82 45 83 41 63 78 77 26 61 14 97 103 45 58 101 68 75 19 65 2 56 99 93 45 35 60 49 59 48 76 94 67 75 64 69 50 31 42 12 33 0 88 29 67 80 28 82 16 13 48 100 31 41 59 60 33 91 36 71 29 24 33 44 50 71 45 55 29 54 64 80 86 67 88 
57 16 92 61 86 76 44 43 14 49 32 10 64 62 63 74 67 89 67 89 79 124 19 78 67 86 32 93 14 44 86 88 118 31 51 105 51 129 89 126 67 86 79 49 80 55 88 0 107 21 81 78 56 82 95 106 71 57 55 28 89 55 41 51 32 97 71 91 94 43 19 112 33 66 91 120 43 74 90 58 
65 108 71 46 27 98 89 64 99 57 77 97 78 47 62 35 97 97 48 47 99 42 91 29 65 28 77 92 109 69 27 49 21 76 59 60 99 39 66 36 68 40 30 67 29 53 29 107 0 88 74 31 86 25 16 26 100 51 68 79 49 56 99 57 84 13 36 21 29 76 88 19 74 57 41 38 88 83 56 92 
36 31 85 42 66 77 45 24 22 31 22 14 59 42 54 54 69 89 53 76 80 109 19 59 58 66 11 90 30 23 69 76 101 17 37 95 56 113 80 110 60 72 62 28 60 35 67 21 88 0 75 60 55 62 75 90 74 37 35 9 77 34 47 31 28 79 52 74 79 23 12 95 14 44 78 105 43 71 80 58 
85 70 12 61 76 26 38 63 67 57 53 72 17 67 23 69 28 23 35 28 26 61 62 60 18 77 71 20 72 76 48 25 70 59 44 30 40 68 12 67 15 34 49 80 68 64 80 81 74 75 0 51 27 64 75 54 29 64 87 68 26 70 47 64 49 62 57 53 45 84 65 64 65 85 34 59 39 12 21 29 
46 77 53 21 24 72 59 37 69 29 47 67 50 25 34 20 70 75 18 31 74 52 61 9 38 26 50 71 78 45 11 32 41 46 28 50 70 54 47 51 41 23 3 46 17 28 28 78 31 60 51 0 57 13 25 31 74 26 49 51 32 33 69 31 53 20 10 14 22 53 59 35 46 42 28 47 57 58 39 63 
76 44 39 57 79 22 12 51 42 48 34 49 10 63 23 69 16 34 39 46 25 84 39 64 22 80 55 36 46 64 59 44 87 41 35 56 15 90 37 89 19 49 56 69 70 57 82 56 86 55 27 57 0 68 82 71 20 58 76 50 46 62 20 56 27 73 58 64 61 70 44 81 49 78 52 80 14 18 43 6 
41 84 66 21 12 85 69 39 75 32 54 72 62 22 46 11 82 87 30 42 86 57 67 5 50 13 51 84 85 44 20 44 42 51 37 61 81 57 60 55 54 34 15 43 5 28 16 82 25 62 64 13 68 0 14 36 86 26 44 54 44 31 79 31 61 19 12 19 30 51 64 37 49 34 38 53 67 71 52 75 
49 98 75 34 11 98 84 52 89 46 68 86 76 34 59 21 95 99 44 51 99 55 81 19 63 12 64 95 99 55 28 53 36 65 51 67 95 54 69 51 66 43 27 53 15 40 13 95 16 75 75 25 82 14 0 36 99 38 52 67 53 42 93 44 75 18 26 24 35 61 77 33 62 41 46 52 82 83 60 88 
76 102 48 52 44 79 78 67 95 59 74 95 62 56 49 47 80 75 39 26 79 21 88 37 50 46 80 69 104 76 20 28 16 75 54 34 86 23 44 21 52 22 28 76 41 59 48 106 26 90 54 31 71 36 36 0 82 57 79 80 27 64 88 61 77 19 41 17 11 84 86 10 75 70 20 17 77 64 34 77 
96 57 39 77 97 5 29 71 58 68 53 65 23 82 39 88 4 20 55 56 8 90 56 81 36 98 74 26 59 84 73 54 98 61 55 58 20 98 41 97 33 61 72 89 88 77 100 71 100 74 29 74 20 86 99 82 0 77 96 70 55 82 31 75 45 87 76 79 73 90 62 92 69 98 62 88 31 18 50 15 
22 61 70 6 29 78 54 14 52 11 33 47 55 6 41 18 73 85 30 52 80 78 44 22 47 30 26 84 62 19 37 53 66 28 22 72 67 80 64 77 50 46 29 20 23 2 31 57 51 37 64 26 58 26 38 57 77 0 24 29 54 7 62 5 41 43 17 40 48 27 40 60 24 21 51 74 52 66 59 64 
3 65 94 29 41 98 70 25 56 30 44 49 76 24 64 33 92 106 54 77 101 100 51 43 69 41 26 106 65 13 60 77 86 37 43 97 82 101 88 99 72 70 52 8 39 24 41 55 68 35 87 49 76 44 52 79 96 24 0 31 78 17 75 23 54 63 39 62 71 12 44 81 30 12 75 96 67 87 84 81 
32 34 78 33 58 72 41 15 25 22 16 19 53 34 46 46 65 83 44 68 75 100 19 50 51 58 6 84 35 18 60 67 92 9 28 86 53 104 73 101 53 63 53 24 52 27 59 28 79 9 68 51 50 54 67 80 70 29 31 0 68 27 45 23 25 70 43 65 70 21 13 86 5 39 69 96 39 65 72 54 
76 83 23 49 56 52 54 58 77 50 57 79 36 55 26 52 53 49 25 2 52 38 70 42 25 57 70 43 84 70 25 1 44 60 40 19 60 45 17 43 26 10 29 73 49 54 60 89 49 77 26 32 46 44 53 27 55 54 78 68 0 61 64 56 58 37 41 29 19 79 71 37 64 73 8 35 54 37 8 51 
15 60 77 12 32 83 58 13 51 15 34 46 61 9 47 21 78 91 37 59 86 85 44 28 53 32 23 90 61 13 44 60 72 28 28 79 70 86 71 84 56 53 36 13 27 6 33 55 56 34 70 33 62 31 42 64 82 7 17 27 61 0 65 7 44 49 23 46 55 21 39 66 23 16 58 80 55 72 66 68 
75 27 59 64 88 35 10 52 28 52 31 36 30 68 39 77 27 49 52 65 38 102 28 74 39 89 50 54 29 62 73 63 104 38 43 75 10 109 57 107 38 66 69 67 80 61 91 41 99 47 47 69 20 79 93 88 31 62 75 45 64 65 0 58 21 87 68 79 77 67 34 97 46 80 70 99 12 37 63 18 
21 56 71 11 35 77 51 8 46 8 28 42 54 11 41 23 71 84 31 55 79 82 39 28 46 35 20 83 56 15 41 55 71 23 21 75 64 85 65 82 49 49 33 17 28 4 36 51 57 31 64 31 56 31 44 61 75 5 23 23 56 7 58 0 37 48 21 45 52 23 34 65 18 23 54 78 49 65 61 61 
54 25 60 44 69 48 17 31 19 31 10 23 32 47 32 57 41 60 38 58 52 94 13 56 35 69 30 63 27 41 59 57 92 17 25 73 29 99 57 97 35 56 54 46 61 40 71 32 84 28 49 53 27 61 75 77 45 41 54 25 58 44 21 37 0 72 49 65 66 46 17 85 25 59 61 90 14 43 59 30 
60 97 60 38 26 86 77 55 88 48 67 87 65 41 50 30 85 85 35 35 86 39 81 21 52 27 68 80 98 62 14 37 23 66 48 50 87 39 54 36 55 28 19 61 24 45 29 97 13 79 62 20 73 19 18 19 87 43 63 70 37 49 87 48 72 0 27 9 18 69 78 18 65 53 29 35 75 70 44 79 
36 72 61 11 20 76 58 28 63 21 42 61 53 15 37 12 73 80 22 40 78 62 56 7 42 22 41 77 73 36 21 41 50 40 25 60 70 64 55 61 45 32 13 36 12 18 24 71 36 52 57 10 58 12 26 41 76 17 39 43 41 23 68 21 49 27 0 24 32 43 52 44 38 32 37 57 56 62 48 65 
59 90 52 35 29 77 69 51 82 43 60 81 56 38 41 30 76 76 27 27 78 38 74 19 43 31 64 72 91 59 6 29 27 60 41 43 78 40 46 37 46 19 12 59 25 42 33 91 21 74 53 14 64 19 24 17 79 40 62 65 29 46 79 45 65 9 24 0 11 67 72 21 60 53 22 34 67 62 36 70 
68 91 42 43 41 70 67 57 84 49 62 84 52 47 38 41 70 68 28 18 71 31 76 30 39 42 70 63 93 67 11 20 27 64 43 32 75 34 36 32 41 12 19 68 36 49 44 94 29 79 45 22 61 30 35 11 73 48 71 70 19 55 77 52 66 18 32 11 0 75 75 20 65 63 11 26 66 55 27 66 
14 54 92 32 50 92 62 21 45 29 37 38 72 29 61 40 85 102 54 78 95 105 40 48 66 50 16 102 54 8 64 78 92 29 41 97 75 107 87 104 69 72 56 8 47 26 50 43 76 23 84 53 70 51 61 84 90 27 12 21 79 21 67 23 46 69 43 67 75 0 34 87 21 24 77 101 60 83 84 75 
45 22 76 44 69 65 33 26 12 31 13 9 49 45 46 57 57 77 48 70 68 105 7 59 49 69 18 79 22 31 67 69 99 12 32 87 43 109 72 107 50 67 60 37 62 38 71 19 88 12 65 59 44 64 77 86 62 40 44 13 71 39 34 34 17 78 52 72 75 34 0 93 16 52 73 101 31 60 73 46 
78 110 58 55 43 89 87 72 102 64 80 101 71 58 58 48 90 85 46 36 89 23 95 38 59 44 85 80 111 79 26 38 7 81 61 44 95 21 54 18 61 32 33 79 41 62 45 112 19 95 64 35 81 37 33 10 92 60 81 86 37 66 97 65 85 18 44 21 20 87 93 0 81 71 30 19 85 74 44 86 
30 38 74 28 53 71 41 10 29 17 15 24 51 29 43 41 64 81 39 63 74 95 22 45 47 53 6 82 38 16 55 63 87 8 24 82 53 99 69 96 49 59 48 22 47 22 55 33 74 14 65 46 49 49 62 75 69 24 30 5 64 23 46 18 25 65 38 60 65 21 16 81 0 36 64 91 38 63 68 53 
9 74 91 24 30 99 74 28 64 31 49 58 77 18 63 23 94 106 50 71 102 91 58 34 68 29 34 105 74 21 52 72 75 43 43 91 86 92 85 89 71 64 45 16 29 22 29 66 57 44 85 42 78 34 41 70 98 21 12 39 73 16 80 23 59 53 32 53 63 24 52 71 36 0 69 87 71 87 79 84 
73 86 30 46 50 59 60 58 80 49 59 81 42 52 31 48 60 56 25 6 60 33 73 37 31 51 70 51 88 69 19 9 36 62 41 23 67 39 25 37 32 6 24 71 43 52 54 91 41 78 34 28 52 38 46 20 62 51 75 69 8 58 70 54 61 29 37 22 11 77 73 30 64 69 0 29 59 44 15 57 
93 116 50 68 61 84 89 83 109 75 88 110 70 72 60 64 87 77 53 34 84 4 102 53 59 62 96 71 117 93 37 36 20 90 69 32 95 10 47 9 61 34 45 93 58 75 64 120 38 105 59 47 80 53 52 17 88 74 96 96 35 80 99 78 90 35 57 34 26 101 101 19 91 87 29 0 88 70 38 85 
67 31 51 53 76 34 3 43 29 41 23 35 22 57 28 66 27 47 40 54 37 92 26 63 29 77 44 50 33 54 61 52 92 30 31 66 15 98 48 96 28 55 57 60 68 51 80 43 88 43 39 57 14 67 82 77 31 52 67 39 54 55 12 49 14 75 56 67 66 60 31 85 38 71 59 88 0 31 53 16 
86 62 23 64 82 15 30 63 60 57 49 66 12 70 25 74 16 19 40 38 16 73 56 66 21 83 69 20 64 76 57 36 81 56 44 42 29 80 24 79 17 43 56 80 74 66 86 74 83 71 12 58 18 71 83 64 18 66 87 65 37 72 37 65 43 70 62 62 55 83 60 74 63 87 44 70 31 0 32 19 
81 83 15 55 63 46 53 63 77 55 59 81 33 61 27 59 48 42 30 9 46 41 71 49 24 65 74 36 85 75 33 8 50 63 44 15 57 48 10 47 25 17 37 78 56 60 67 90 56 80 21 39 43 52 60 34 50 59 84 72 8 66 63 61 59 44 48 36 27 84 73 44 68 79 15 38 53 32 0 47 
81 44 42 63 85 18 14 57 44 53 38 51 15 69 29 75 11 32 45 51 22 88 41 70 27 86 59 36 46 69 65 49 93 46 41 59 10 95 41 94 25 54 62 74 77 63 88 58 92 58 29 63 6 75 88 77 15 64 81 54 51 68 18 61 30 79 65 70 66 75 46 86 53 84 57 85 16 19 47 0 
0 286 0 112 94 158 584 1159 441 39 1087 194 0 48 0 271 12 0 2029 408 69 63 326 26 3000 913 26 33 842 34 65 76 10 794 103 325 138 34 175 67 68 146 1487 170 194 0 30 168 648 30 63 30 7 18 815 671 42 68 29 404 1936 1307 8 0 237 1911 79 229 146 71 769 1060 0 1709 16 56 50 789 16 177 
286 0 311 81 48 0 0 54 97 45 19 127 9 129 294 8 36 0 548 0 0 494 0 0 413 0 0 0 120 11 20 184 67 0 81 1439 15 94 42 959 47 12 1176 148 84 81 371 425 26 36 9 12 0 15 0 0 0 227 0 624 36 627 0 0 0 0 554 111 336 48 16 3000 12 46 24 40 7 745 492 33 
0 311 0 329 0 0 3000 0 0 59 72 96 9 857 261 15 0 82 491 0 0 127 174 0 36 123 865 82 12 0 14 112 0 0 821 0 136 59 1266 158 0 0 9 0 36 15 136 621 22 0 16 200 73 33 0 0 127 0 308 895 0 56 0 13 17 1040 9 0 2023 0 45 0 18 76 0 0 0 121 3000 0 
112 81 329 0 14 851 228 21 18 61 43 415 546 12 318 9 318 9 8 7 254 2056 785 367 52 13 50 130 8 1421 207 10 133 3000 8 1963 20 181 10 663 18 828 108 3000 230 80 244 13 107 3000 361 3000 229 121 58 89 218 15 116 60 21 38 75 757 59 2437 209 98 590 158 334 46 94 1471 22 129 172 1008 231 205 
94 48 0 14 0 205 0 488 0 0 21 0 0 194 0 0 359 0 77 34 233 8 42 177 0 0 0 0 8 970 19 0 22 98 0 104 567 0 0 0 73 59 761 45 47 0 1538 0 74 239 97 190 101 58 15 46 0 1549 72 16 345 0 35 0 0 0 0 59 0 0 674 124 0 0 232 3000 277 0 191 9 
158 0 0 851 205 0 74 51 0 17 27 16 0 58 0 0 17 0 12 3000 16 17 111 262 0 24 1344 18 292 158 246 278 35 17 0 24 968 9 0 0 55 37 297 95 9 0 27 0 25 151 50 53 12 14 9 216 2797 13 54 94 3000 573 7 62 47 561 0 520 17 0 15 11 0 110 2457 78 75 11 12 2051 
584 0 3000 228 0 74 0 0 0 1290 11 370 0 7 0 7 0 149 17 0 686 0 25 49 0 90 354 67 913 130 8 443 0 420 0 334 12 319 0 0 0 0 1211 1839 57 3000 18 26 70 0 111 800 139 141 33 22 293 14 170 39 247 298 0 24 175 20 0 0 91 0 3000 66 3000 112 0 0 13 59 78 0 
1159 54 0 21 488 51 0 0 21 13 199 77 0 298 0 19 52 0 3000 97 15 252 1137 987 437 0 0 0 38 379 35 3000 39 390 3000 354 110 277 440 3000 8 438 118 142 26 0 778 37 245 127 260 9 875 2406 121 730 0 50 0 260 10 199 453 0 0 0 1857 15 15 3000 84 531 0 2331 28 19 381 186 120 2813 
441 97 0 18 0 0 0 21 0 0 300 0 0 15 0 509 0 0 8 0 0 1770 0 0 963 0 0 0 811 40 10 28 317 0 214 484 33 0 171 22 15 96 139 0 339 0 421 517 51 62 309 0 0 64 0 0 0 28 0 0 96 417 0 0 0 0 53 106 1518 102 386 1157 0 47 213 56 0 181 263 93 
39 45 59 61 0 17 1290 13 0 0 1681 2260 44 89 446 844 0 163 185 0 9 480 811 16 477 227 16 237 21 18 131 136 0 0 11 2820 462 159 15 23 0 44 14 0 57 43 358 101 22 37 35 1911 26 424 3000 0 265 601 36 239 283 481 0 16 393 20 121 0 3000 0 566 81 9 40 0 23 28 27 134 0 
1087 19 72 43 21 27 11 199 300 1681 0 8 220 179 58 315 21 26 264 0 74 129 19 12 9 1067 26 14 25 22 31 323 98 163 58 139 1314 619 48 168 463 155 23 31 805 72 294 284 2543 1991 9 601 64 329 214 17 366 10 47 10 25 17 1880 1565 653 16 969 46 162 2322 194 318 35 304 37 297 198 2393 13 40 
194 127 96 415 0 16 370 77 0 2260 8 0 94 784 505 52 0 29 303 0 119 97 494 47 12 517 10 26 27 169 1387 100 0 0 8 553 13 30 553 644 0 0 182 0 762 500 239 8 36 42 39 323 7 46 164 0 747 2240 41 38 19 85 0 68 47 80 118 0 19 0 118 650 56 472 0 303 21 8 16 0 
0 9 9 546 0 0 0 0 0 44 220 94 0 124 3000 24 0 19 69 0 0 369 48 0 1308 50 909 641 26 0 31 17 0 0 80 0 100 23 59 264 0 0 3000 0 28 276 10 526 92 0 0 340 73 66 0 0 0 0 0 12 0 35 0 2173 0 0 185 0 1071 93 679 0 287 1561 0 0 0 29 184 0 
48 129 857 12 194 58 7 298 15 89 179 784 124 0 92 1328 1391 225 91 2826 9 223 20 14 48 916 69 323 114 23 15 1622 252 14 69 929 196 338 26 1109 35 209 1135 554 1996 35 125 38 39 1135 115 64 174 30 14 45 0 269 27 440 14 26 3000 1008 0 0 259 13 19 275 46 37 65 95 1194 837 19 13 111 22 
0 294 261 318 0 0 0 0 0 446 58 505 3000 92 0 93 0 105 110 0 0 51 135 0 316 41 516 206 171 0 10 20 0 0 64 0 335 11 283 1262 0 0 12 0 708 1870 300 84 3000 0 36 282 192 89 0 0 0 0 0 659 0 1844 0 165 0 0 129 0 1508 1734 865 0 20 49 0 0 0 33 281 0 
271 8 15 9 0 0 7 19 509 844 315 52 24 1328 93 0 0 33 156 0 0 195 15 0 67 240 1190 0 490 720 51 104 26 0 95 12 18 232 11 3000 181 91 557 0 193 164 391 182 3000 445 330 145 14 437 0 0 0 16 2131 60 3000 29 0 607 0 0 468 0 267 141 83 1664 90 40 356 460 0 11 68 139 
12 36 0 318 359 17 0 52 0 0 21 0 0 1391 0 0 0 0 14 31 26 275 88 41 0 0 0 0 17 14 19 0 17 55 0 12 72 0 0 0 61 625 967 447 528 0 9 0 196 90 941 41 16 0 70 157 0 132 548 139 44 0 209 0 0 0 0 1717 0 0 17 3000 0 0 70 109 83 0 31 20 
0 0 82 9 0 0 149 0 0 163 26 29 19 225 105 33 0 0 815 0 0 661 487 0 188 7 19 12 91 0 107 44 0 0 193 0 1287 1237 0 0 0 0 10 0 2247 1663 154 887 30 0 50 29 17 273 38 0 18 0 153 24 0 34 0 123 21 31 165 0 73 0 339 0 1052 7 0 0 0 242 318 0 
2029 548 491 8 77 12 17 3000 8 185 264 303 69 91 110 156 14 815 0 528 18 47 14 310 387 15 265 17 40 57 111 64 23 94 126 13 624 185 34 9 830 512 2839 87 436 242 95 3000 1862 69 18 125 175 24 1015 54 39 377 406 674 80 21 72 695 34 139 1412 138 14 16 1736 29 0 444 16 372 44 190 8 33 
408 0 0 7 34 3000 0 97 0 0 0 0 0 2826 0 0 31 0 528 0 212 0 392 16 0 0 0 0 0 9 0 0 18 399 0 43 0 0 0 0 138 352 0 23 0 0 36 0 1161 14 31 0 10 0 129 23 0 181 0 0 30 0 3000 0 0 0 0 227 0 0 0 155 0 0 2840 78 18 0 868 47 
69 0 0 254 233 16 686 15 0 9 74 119 0 9 0 0 26 0 18 212 0 55 91 589 0 773 38 17 103 77 232 297 131 3000 0 239 33 144 0 0 436 137 10 1229 16 0 163 0 88 376 418 31 8 134 16 15 192 16 14 15 51 16 502 0 48 71 0 65 222 0 314 104 0 52 28 12 99 2174 90 3000 
63 494 127 2056 8 17 0 252 1770 480 129 97 369 223 51 195 275 661 47 0 55 0 39 224 18 0 0 0 16 9 9 90 22 0 167 638 443 900 54 14 2722 14 89 58 10 15 9 196 28 331 1897 13 87 58 10 17 0 9 0 233 29 263 8 890 0 0 916 21 23 1797 20 726 18 15 1130 11 356 13 3000 24 
326 0 174 785 42 111 25 1137 0 811 19 494 48 20 135 15 88 487 14 392 91 39 0 415 48 11 12 17 69 21 165 33 323 10 0 754 78 1415 0 0 0 0 214 116 1459 23 93 242 78 0 2329 205 23 2413 46 15 318 21 668 25 433 31 295 37 74 172 0 0 50 0 3000 257 591 63 1202 13 303 10 28 0 
26 0 0 367 177 262 49 987 0 16 12 47 0 14 0 0 41 0 310 16 589 224 415 0 0 18 43 35 122 187 636 97 85 17 0 80 46 14 0 0 23 253 166 130 191 0 243 0 714 27 116 31 1205 9 135 333 3000 3000 14 18 53 232 1082 12 12 9 0 43 24 0 2472 35 0 34 14 92 9 16 385 17 
3000 413 36 52 0 0 0 437 963 477 9 12 1308 48 316 67 0 188 387 0 0 18 48 0 0 0 0 0 294 104 242 1478 19 0 112 18 3000 108 32 34 256 521 296 0 78 3000 34 161 299 46 75 829 966 486 0 0 0 194 0 174 108 21 0 40 0 0 13 104 1837 73 12 118 50 14 13 1014 36 358 184 637 
913 0 123 13 0 24 90 0 0 227 1067 517 50 916 41 240 0 7 15 0 773 0 11 18 0 0 350 200 733 0 1809 15 0 0 0 28 9 122 0 0 0 0 313 0 1100 89 10 102 165 0 237 1095 643 129 3000 0 278 269 339 10 56 3000 0 123 109 157 0 0 46 0 1280 372 123 1594 0 0 150 88 530 0 
26 0 865 50 0 1344 354 0 0 16 26 10 909 69 516 1190 0 19 265 0 38 0 12 43 0 350 0 2977 8 346 274 3000 0 1589 0 328 11 26 0 0 0 0 9 83 1253 244 121 235 8 0 141 21 67 72 48 106 55 131 3000 30 117 636 0 949 178 14 0 0 327 0 220 8 13 3000 0 36 16 10 669 0 
33 0 82 130 0 18 67 0 0 237 14 26 641 323 206 0 0 12 17 0 17 0 17 35 0 200 2977 0 27 0 106 3000 0 0 0 229 33 1050 0 0 0 0 660 0 8 336 0 15 1356 0 250 3000 34 0 65 0 1941 7 39 12 0 1249 0 16 183 246 0 0 35 0 53 0 1452 386 0 0 49 19 0 0 
842 120 12 8 8 292 913 38 811 21 25 27 26 114 171 490 17 91 40 0 103 16 69 122 294 733 8 27 0 84 12 40 3000 0 237 473 674 111 283 562 24 3000 3000 1408 40 3000 1166 483 360 10 113 64 1442 383 516 21 0 12 8 61 31 15 899 604 0 0 10 7 113 1511 75 121 272 31 388 177 42 258 332 154 
34 11 0 1421 970 158 130 379 40 18 22 169 0 23 0 720 14 0 57 9 77 9 21 187 104 0 346 0 84 0 632 72 35 49 374 2143 1062 1417 116 549 114 211 332 23 49 0 21 1068 17 16 305 2139 57 85 302 84 0 2242 43 21 16 2051 243 0 0 0 435 45 34 166 3000 63 0 8 258 144 79 2283 495 19 
65 20 14 207 19 246 8 35 10 131 31 1387 31 15 10 51 19 107 111 0 232 9 165 636 242 1809 274 106 12 632 0 510 85 552 36 607 13 3000 146 8 8 13 634 29 294 40 18 382 71 109 68 625 8 1517 696 27 0 722 391 130 88 46 175 219 0 0 9 23 26 19 70 431 12 23 929 15 81 17 1558 20 
76 184 112 10 0 278 443 3000 28 136 323 100 17 1622 20 104 0 44 64 0 297 90 33 97 1478 15 3000 3000 40 72 510 0 36 0 188 102 26 46 619 1004 933 26 15 74 275 675 690 27 53 43 21 7 20 455 25 64 64 44 1053 206 134 753 0 31 531 18 106 12 11 117 187 1199 36 186 19 44 791 31 30 586 
10 67 0 133 22 35 0 39 317 0 98 0 0 252 0 26 17 0 23 18 131 22 323 85 19 0 0 0 3000 35 85 36 0 2992 0 10 286 0 26 7 84 37 57 15 188 0 159 0 1220 18 210 98 0 358 189 640 0 53 0 304 849 71 382 0 0 0 703 30 157 218 194 492 0 96 371 505 232 0 514 198 
794 0 0 3000 98 17 420 390 0 0 163 0 0 14 0 0 55 0 94 399 3000 0 10 17 0 0 1589 0 0 49 552 0 2992 0 0 1173 0 0 0 0 7 789 48 42 0 0 9 0 20 48 99 74 731 0 51 3000 958 77 124 1201 13 0 269 0 0 0 0 9 0 0 0 32 0 0 335 10 1632 0 17 901 
103 81 821 8 0 0 0 3000 214 11 58 8 80 69 64 95 0 193 126 0 0 167 0 0 112 0 0 0 237 374 36 188 0 0 0 0 1201 120 8 1541 194 14 28 0 43 12 179 178 90 2382 390 3000 115 71 0 0 0 0 0 35 0 872 0 1212 0 0 543 0 485 185 123 51 10 15 0 25 0 29 371 510 
325 1439 0 1963 104 24 334 354 484 2820 139 553 0 929 0 12 12 0 13 43 239 638 754 80 18 28 328 229 473 2143 607 102 10 1173 0 0 16 34 12 907 1459 99 178 452 1416 0 1427 70 27 287 1174 30 376 173 39 19 507 286 8 108 10 2178 256 0 307 46 85 568 16 20 43 1121 0 239 544 32 202 70 52 1063 
138 15 136 20 567 968 12 110 33 462 1314 13 100 196 335 18 72 1287 624 0 33 443 78 46 3000 9 11 33 674 1062 13 26 286 0 1201 16 0 9 928 219 17 408 7 36 64 9 39 21 895 125 13 153 532 9 435 161 0 19 19 128 48 21 57 16 0 0 218 168 46 10 1199 8 2707 147 352 180 617 143 35 2507 
34 94 59 181 0 9 319 277 0 159 619 30 23 338 11 232 0 1237 185 0 144 900 1415 14 108 122 26 1050 111 1417 3000 46 0 0 120 34 9 0 98 16 0 2114 854 0 31 9 8 8 83 115 77 39 3000 125 20 0 178 101 28 101 1135 218 0 12 116 1308 167 0 181 0 3000 102 141 67 0 2272 59 389 111 0 
175 42 1266 10 0 0 0 440 171 15 48 553 59 26 283 11 0 0 34 0 0 54 0 0 32 0 0 0 283 116 146 619 26 0 8 12 928 98 0 209 75 17 8 0 3000 1405 507 594 24 158 2526 47 0 3000 0 0 0 774 0 24 1272 173 0 0 0 0 140 25 18 894 819 593 63 53 531 22 0 679 8 65 
67 959 158 663 0 0 0 3000 22 23 168 644 264 1109 1262 3000 0 0 9 0 0 14 0 0 34 0 0 0 562 549 8 1004 7 0 1541 907 219 16 209 0 8 198 28 0 198 10 58 19 452 3000 42 114 0 22 0 0 0 1966 0 135 183 56 0 0 0 0 12 59 9 127 285 56 73 104 35 355 0 514 77 68 
68 47 0 18 73 55 0 8 15 0 463 0 0 35 0 181 61 0 830 138 436 2722 0 23 256 0 0 0 24 114 8 933 84 7 194 1459 17 0 75 8 0 76 288 26 38 0 30 288 20 15 46 0 0 39 56 72 0 41 0 7 16 84 17 0 0 0 89 1014 530 42 94 118 0 63 36 10 186 158 2027 33 
146 12 0 828 59 37 0 438 96 44 155 0 0 209 0 91 625 0 512 352 137 14 0 253 521 0 0 0 3000 211 13 26 37 789 14 99 408 2114 17 198 76 0 1732 23 957 0 30 270 259 377 60 27 0 37 149 1045 0 73 0 385 272 96 493 0 0 0 1006 1907 140 11 56 17 0 156 34 117 10 740 10 96 
1487 1176 9 108 761 297 1211 118 139 14 23 182 3000 1135 12 557 967 10 2839 0 10 89 214 166 296 313 9 660 3000 332 634 15 57 48 28 178 7 854 8 28 288 1732 0 883 24 33 32 264 302 24 53 16 98 13 23 82 240 33 13 260 69 37 349 305 18 235 85 1468 161 2940 54 48 17 71 42 165 1128 179 23 19 
170 148 0 3000 45 95 1839 142 0 0 31 0 0 554 0 0 447 0 87 23 1229 58 116 130 0 0 83 0 1408 23 29 74 15 42 0 452 36 0 0 0 26 23 883 0 108 0 209 0 580 113 67 1033 91 34 127 7 0 51 1987 593 65 0 141 0 0 0 0 53 69 154 111 587 0 0 13 268 481 0 159 61 
194 84 36 230 47 9 57 26 339 57 805 762 28 1996 708 193 528 2247 436 0 16 10 1459 191 78 1100 1253 8 40 49 294 275 188 0 43 1416 64 31 3000 198 38 957 24 108 0 1158 108 2117 81 77 86 427 10 11 55 9 22 3000 810 263 3000 75 1040 638 0 1409 247 315 399 32 1666 363 55 1083 175 28 185 116 17 36 
0 81 15 80 0 0 3000 0 0 43 72 500 276 35 1870 164 0 1663 242 0 0 15 23 0 3000 89 244 336 3000 0 40 675 0 0 12 0 9 9 1405 10 0 0 33 0 1158 0 8 51 369 0 95 7 439 484 0 0 11 0 26 8 0 89 0 47 239 38 156 0 10 0 91 0 139 34 0 0 0 43 82 0 
30 371 136 244 1538 27 18 778 421 358 294 239 10 125 300 391 9 154 95 36 163 9 93 243 34 10 121 0 1166 21 18 690 159 9 179 1427 39 8 507 58 30 30 32 209 108 8 0 44 225 24 13 1056 205 11 1311 379 0 14 152 46 56 171 75 692 0 0 314 344 80 91 1265 214 0 304 227 145 735 14 436 311 
168 425 621 13 0 0 26 37 517 101 284 8 526 38 84 182 0 887 3000 0 0 196 242 0 161 102 235 15 483 1068 382 27 0 0 178 70 21 8 594 19 288 270 264 0 2117 51 44 0 154 791 186 99 8 373 19 0 0 19 13 19 1380 94 0 109 0 0 621 0 286 32 58 178 51 61 0 26 0 90 3000 12 
648 26 22 107 74 25 70 245 51 22 2543 36 92 39 3000 3000 196 30 1862 1161 88 28 78 714 299 165 8 1356 360 17 71 53 1220 20 90 27 895 83 24 452 20 259 302 580 81 369 225 154 0 718 15 48 56 701 60 7 0 1536 453 1142 1461 61 203 9 0 0 84 20 145 18 148 227 2074 46 718 1624 37 153 592 714 
30 36 0 3000 239 151 0 127 62 37 1991 42 0 1135 0 445 90 0 69 14 376 331 0 27 46 0 0 0 10 16 109 43 18 48 2382 287 125 115 158 3000 15 377 24 113 77 0 24 791 718 0 42 95 0 61 704 29 0 769 0 13 40 206 97 0 0 0 236 148 839 50 310 166 0 3000 46 10 47 31 2376 9 
63 9 16 361 97 50 111 260 309 35 9 39 0 115 36 330 941 50 18 31 418 1897 2329 116 75 237 141 250 113 305 68 21 210 99 390 1174 13 77 2526 42 46 60 53 67 86 95 13 186 15 42 0 1248 54 287 1666 188 80 38 1694 119 263 43 32 3000 39 2543 9 66 102 9 587 384 0 295 82 103 3000 76 17 16 
30 12 200 3000 190 53 800 9 0 1911 601 323 340 64 282 145 41 29 125 0 31 13 205 31 829 1095 21 3000 64 2139 625 7 98 74 3000 30 153 39 47 114 0 27 16 1033 427 7 1056 99 48 95 1248 0 54 34 178 44 1000 219 118 442 114 179 0 71 8 23 24 206 540 0 60 7 1932 43 139 259 86 126 395 0 
7 0 73 229 101 12 139 875 0 26 64 7 73 174 192 14 16 17 175 10 8 87 23 1205 966 643 67 34 1442 57 8 20 0 731 115 376 532 3000 0 0 0 0 98 91 10 439 205 8 56 0 54 54 0 991 3000 193 350 21 452 2895 374 151 32 19 8 183 0 0 1191 0 51 591 213 14 1087 313 60 12 219 0 
18 15 33 121 58 14 141 2406 64 424 329 46 66 30 89 437 0 273 24 0 134 58 2413 9 486 129 72 0 383 85 1517 455 358 0 71 173 9 125 3000 22 39 37 13 34 11 484 11 373 701 61 287 34 991 0 262 0 0 1290 262 116 23 295 0 1017 0 0 628 64 11 3000 1065 133 113 32 97 854 12 11 47 149 
815 0 0 58 15 9 33 121 0 3000 214 164 0 14 0 0 70 38 1015 129 16 10 46 135 0 3000 48 65 516 302 696 25 189 51 0 39 435 20 0 0 56 149 23 127 55 0 1311 19 60 704 1666 178 3000 262 0 9 263 47 274 9 286 796 3000 9 365 608 0 35 22 0 182 227 0 57 84 12 414 243 10 0 
671 0 0 89 46 216 22 730 0 0 17 0 0 45 0 0 157 0 54 23 15 17 15 333 0 0 106 0 21 84 27 64 640 3000 0 19 161 0 0 0 72 1045 82 7 9 0 379 0 7 29 188 44 193 0 9 0 69 329 70 129 136 0 29 0 0 0 0 41 0 0 0 991 0 0 25 71 155 0 88 73 
42 0 127 218 0 2797 293 0 0 265 366 747 0 0 0 0 0 18 39 0 192 0 318 3000 0 278 55 1941 0 0 0 64 0 958 0 507 0 178 0 0 0 0 240 0 22 11 0 0 0 0 80 1000 350 0 263 69 0 203 26 1832 27 13 0 336 41 496 0 0 2310 0 0 0 0 0 0 0 145 2770 0 0 
68 227 0 15 1549 13 14 50 28 601 10 2240 0 269 0 16 132 0 377 181 16 9 21 3000 194 269 131 7 12 2242 722 44 53 77 0 286 19 101 774 1966 41 73 33 51 3000 0 14 19 1536 769 38 219 21 1290 47 329 203 0 104 1741 536 25 265 40 399 621 28 12 64 169 2668 588 0 62 9 822 16 444 1584 337 
29 0 308 116 72 54 170 0 0 36 47 41 0 27 0 2131 548 153 406 0 14 0 668 14 0 339 3000 39 8 43 391 1053 0 124 0 8 19 28 0 0 0 0 13 1987 810 26 152 13 453 0 1694 118 452 262 274 70 26 104 0 64 9 16 87 135 955 132 0 0 525 0 1113 102 0 440 56 0 17 105 89 0 
404 624 895 60 16 94 39 260 0 239 10 38 12 440 659 60 139 24 674 0 15 233 25 18 174 10 30 12 61 21 130 206 304 1201 35 108 128 101 24 135 7 385 260 593 263 8 46 19 1142 13 119 442 2895 116 9 129 1832 1741 64 0 233 15 0 536 13 2884 25 8 461 11 207 32 12 114 21 245 211 293 663 0 
1936 36 0 21 345 3000 247 10 96 283 25 19 0 14 0 3000 44 0 80 30 51 29 433 53 108 56 117 0 31 16 88 134 849 13 0 10 48 1135 1272 183 16 272 69 65 3000 0 56 1380 1461 40 263 114 374 23 286 136 27 536 9 233 0 51 109 0 0 0 100 48 432 584 16 9 0 252 78 351 2200 392 11 433 
1307 627 56 38 0 573 298 199 417 481 17 85 35 26 1844 29 0 34 21 0 16 263 31 232 21 3000 636 1249 15 2051 46 753 71 0 872 2178 21 218 173 56 84 96 37 0 75 89 171 94 61 206 43 179 151 295 796 0 13 25 16 15 51 0 0 667 25 266 15 0 1372 538 3000 3000 3000 1423 17 38 461 134 22 294 
8 0 0 75 35 7 0 453 0 0 1880 0 0 3000 0 0 209 0 72 3000 502 8 295 1082 0 0 0 0 899 243 175 0 382 269 0 256 57 0 0 0 17 493 349 141 1040 0 75 0 203 97 32 0 32 0 3000 29 0 265 87 0 109 0 0 0 0 0 0 116 0 0 0 211 0 0 10 16 62 0 52 1777 
0 0 13 757 0 62 24 0 0 16 1565 68 2173 1008 165 607 0 123 695 0 0 890 37 12 40 123 949 16 604 0 219 31 0 0 1212 0 16 12 0 0 0 0 305 0 638 47 692 109 9 0 3000 71 19 1017 9 0 336 40 135 536 0 667 0 0 1190 624 878 0 129 0 65 0 2691 66 0 0 0 800 138 0 
237 0 17 59 0 47 175 0 0 393 653 47 0 0 0 0 0 21 34 0 48 0 74 12 0 109 178 183 0 0 0 531 0 0 0 307 0 116 0 0 0 0 18 0 0 239 0 0 0 0 39 8 8 0 365 0 41 399 955 13 0 25 0 1190 0 30 0 0 9 0 0 0 0 0 0 0 3000 58 0 0 
1911 0 1040 2437 0 561 20 0 0 20 16 80 0 0 0 0 0 31 139 0 71 0 172 9 0 157 14 246 0 0 0 18 0 0 0 46 0 1308 0 0 0 0 235 0 1409 38 0 0 0 0 2543 23 183 0 608 0 496 621 132 2884 0 266 0 624 30 0 0 0 165 0 0 0 0 0 0 0 31 1013 0 0 
79 554 9 209 0 0 0 1857 53 121 969 118 185 259 129 468 0 165 1412 0 0 916 0 0 13 0 0 0 10 435 9 106 703 0 543 85 218 167 140 12 89 1006 85 0 247 156 314 621 84 236 9 24 0 628 0 0 0 28 0 25 100 15 0 878 0 0 0 15 38 2252 105 8 56 36 21 1475 0 8 45 27 
229 111 0 98 59 520 0 15 106 0 46 0 0 13 0 0 1717 0 138 227 65 21 0 43 104 0 0 0 7 45 23 12 30 9 0 568 168 0 25 59 1014 1907 1468 53 315 0 344 0 20 148 66 206 0 64 35 41 0 12 0 8 48 0 116 0 0 0 15 0 16 14 64 52 0 309 672 671 421 0 106 12 
146 336 2023 590 0 17 91 15 1518 3000 162 19 1071 19 1508 267 0 73 14 0 222 23 50 24 1837 46 327 35 113 34 26 11 157 0 485 16 46 181 18 9 530 140 161 69 399 10 80 286 145 839 102 540 1191 11 22 0 2310 64 525 461 432 1372 0 129 9 165 38 16 0 401 64 8 342 365 11 7 16 223 314 16 
71 48 0 158 0 0 0 3000 102 0 2322 0 93 275 1734 141 0 0 16 0 0 1797 0 0 73 0 0 0 1511 166 19 117 218 0 185 20 10 0 894 127 42 11 2940 154 32 0 91 32 18 50 9 0 0 3000 0 0 0 169 0 11 584 538 0 0 0 0 2252 14 401 0 143 205 0 198 1170 236 0 408 146 120 
769 16 45 334 674 15 3000 84 386 566 194 118 679 46 865 83 17 339 1736 0 314 20 3000 2472 12 1280 220 53 75 3000 70 187 194 0 123 43 1199 3000 819 285 94 56 54 111 1666 91 1265 58 148 310 587 60 51 1065 182 0 0 2668 1113 207 16 3000 0 65 0 0 105 64 64 143 0 103 26 20 21 158 3000 32 15 81 
1060 3000 0 46 124 11 66 531 1157 81 318 650 0 37 0 1664 3000 0 29 155 104 726 257 35 118 372 8 0 121 63 431 1199 492 32 51 1121 8 102 593 56 118 17 48 587 363 0 214 178 227 166 384 7 591 133 227 991 0 588 102 32 9 3000 211 0 0 0 8 52 8 205 103 0 0 14 64 25 116 23 49 25 
0 12 18 94 0 0 3000 0 0 9 35 56 287 65 20 90 0 1052 0 0 0 18 591 0 50 123 13 1452 272 0 12 36 0 0 10 0 2707 141 63 73 0 0 17 0 55 139 0 51 2074 0 0 1932 213 113 0 0 0 0 0 12 0 3000 0 2691 0 0 56 0 342 0 26 0 0 211 0 0 0 10 0 0 
1709 46 76 1471 0 110 112 2331 47 40 304 472 1561 95 49 40 0 7 444 0 52 15 63 34 14 1594 3000 386 31 8 23 186 96 0 15 239 147 67 53 104 63 156 71 0 1083 34 304 61 46 3000 295 43 14 32 57 0 0 62 440 114 252 1423 0 66 0 0 36 309 365 198 20 14 211 0 74 222 232 38 483 10 
16 24 0 22 232 2457 0 28 213 0 37 0 0 1194 0 356 70 0 16 2840 28 1130 1202 14 13 0 0 0 388 258 929 19 371 335 0 544 352 0 531 35 36 34 42 13 175 0 227 0 718 46 82 139 1087 97 84 25 0 9 56 21 78 17 10 0 0 0 21 672 11 1170 21 64 0 74 0 496 16 873 21 168 
56 40 0 129 3000 78 0 19 56 23 297 303 0 837 0 460 109 0 372 78 12 11 13 92 1014 0 36 0 177 144 15 44 505 10 25 32 180 2272 22 355 10 117 165 268 28 0 145 26 1624 10 103 259 313 854 12 71 0 822 0 245 351 38 16 0 0 0 1475 671 7 236 158 25 0 222 496 0 162 753 94 49 
50 7 0 172 277 75 13 381 0 28 198 21 0 19 0 0 83 0 44 18 99 356 303 9 36 150 16 49 42 79 81 791 232 1632 0 202 617 59 0 0 186 10 1128 481 185 0 735 0 37 47 3000 86 60 12 414 155 145 16 17 211 2200 461 62 0 3000 31 0 421 16 0 3000 116 0 232 16 162 0 128 981 134 
789 745 121 1008 0 11 59 186 181 27 2393 8 29 13 33 11 0 242 190 0 2174 13 10 16 358 88 10 19 258 2283 17 31 0 0 29 70 143 389 679 514 158 740 179 0 116 43 14 90 153 31 76 126 12 11 243 0 2770 444 105 293 392 134 0 800 58 1013 8 0 223 408 32 23 10 38 873 753 128 0 19 211 
16 492 3000 231 191 12 78 120 263 134 13 16 184 111 281 68 31 318 8 868 90 3000 28 385 184 530 669 0 332 495 1558 30 514 17 371 52 35 111 8 77 2027 10 23 159 17 82 436 3000 592 2376 17 395 219 47 10 88 0 1584 89 663 11 22 52 138 0 0 45 106 314 146 15 49 0 483 21 94 981 19 0 771 
177 33 0 205 9 2051 0 2813 93 0 40 0 0 22 0 139 20 0 33 47 3000 24 0 17 637 0 0 0 154 19 20 586 198 901 510 1063 2507 0 65 68 33 96 19 61 36 0 311 12 714 9 16 0 0 149 0 73 0 337 0 0 433 294 1777 0 0 0 27 12 16 120 81 25 0 10 168 49 134 211 771 0 
