80
0 57 68 46 81 55 46 23 35 48 74 42 103 62 79 19 33 51 73 50 62 36 66 23 13 32 8 37 44 95 47 83 66 94 40 102 89 65 91 11 49 88 62 63 68 84 38 81 80 62 85 46 81 19 11 71 89 89 22 27 67 101 83 90 87 49 83 41 85 46 103 31 23 55 65 84 81 20 19 87 
57 0 16 54 24 57 11 58 41 66 33 17 49 20 38 44 70 48 16 46 12 48 10 42 44 37 49 35 49 46 56 26 56 44 70 45 51 9 63 51 41 33 19 40 36 40 61 32 23 38 47 20 60 41 51 14 46 34 38 31 28 59 27 49 33 43 45 27 30 78 63 51 56 52 49 43 50 44 38 30 
68 16 0 54 21 73 24 73 45 66 44 31 35 12 47 53 84 64 13 61 24 51 10 56 55 52 60 39 64 50 72 23 70 28 86 34 59 7 74 61 57 33 11 33 25 48 76 16 18 52 56 35 73 55 61 10 53 21 47 43 40 66 20 58 19 59 54 43 30 93 70 66 62 68 63 51 62 52 50 22 
46 54 54 0 75 89 46 66 16 12 86 51 83 43 90 30 78 82 66 80 66 10 60 55 41 60 42 20 77 100 83 76 95 68 84 85 103 56 112 35 77 86 44 28 37 93 79 58 72 83 99 60 106 50 36 63 99 71 31 43 79 113 74 102 67 78 97 61 83 91 116 69 24 87 91 96 100 28 40 76 
81 24 21 75 0 70 35 80 64 87 32 40 32 33 33 69 90 61 9 60 21 71 16 64 68 57 73 58 65 30 71 2 64 35 89 25 43 19 60 76 56 12 32 54 46 31 80 29 4 45 41 38 62 64 75 12 35 20 62 55 30 47 5 41 22 57 39 46 10 96 52 71 80 65 56 36 48 68 63 8 
55 57 73 89 70 0 54 34 74 96 43 45 102 75 46 61 35 9 68 12 51 79 64 35 51 29 53 71 12 65 8 72 14 101 28 95 50 66 43 61 16 70 75 90 90 52 21 89 72 27 47 38 30 40 60 68 54 88 58 46 41 61 75 52 88 14 46 32 67 32 61 24 73 5 19 49 38 63 50 79 
46 11 24 46 35 54 0 49 32 57 39 9 59 22 44 33 61 44 27 42 20 39 20 33 33 29 38 27 43 55 51 37 55 52 63 56 57 19 67 40 38 44 22 38 36 47 54 39 34 39 53 16 62 31 40 25 53 44 27 20 33 66 37 56 42 39 51 22 41 70 70 43 45 49 49 49 54 33 27 41 
23 58 73 66 80 34 49 0 52 70 64 42 107 70 68 36 12 33 74 33 59 56 68 17 25 22 24 52 26 87 27 82 47 101 18 103 77 67 75 32 34 84 69 77 80 74 15 88 80 49 73 42 63 19 31 72 78 92 36 31 59 89 83 78 91 33 71 34 81 25 90 12 45 36 48 73 66 38 28 87 
35 41 45 16 64 74 32 52 0 25 71 36 78 35 76 16 64 66 55 64 52 7 48 40 27 44 29 6 62 87 68 66 80 65 70 78 89 45 97 24 61 74 35 29 36 80 64 53 62 68 85 45 91 35 24 52 85 64 16 28 65 99 64 88 61 62 83 45 71 77 102 54 19 71 75 81 85 15 25 67 
48 66 66 12 87 96 57 70 25 0 96 61 94 55 101 35 80 90 78 87 77 18 71 61 46 67 46 31 84 112 90 88 104 80 87 97 114 68 122 38 85 98 56 39 49 105 83 70 84 93 110 70 115 56 39 75 110 83 38 51 90 124 86 113 79 86 108 70 94 94 127 75 25 94 100 106 110 33 46 88 
74 33 44 86 32 43 39 64 71 96 0 36 63 52 5 68 71 36 33 35 21 78 34 52 62 43 67 66 41 23 46 32 34 67 67 55 18 37 30 73 32 28 51 73 68 10 58 58 35 17 14 28 31 54 72 35 15 52 62 50 7 28 37 17 53 33 12 33 26 73 31 52 81 38 26 11 18 69 58 40 
42 17 31 51 40 45 9 42 36 61 36 0 65 31 41 33 53 36 32 33 21 43 26 25 29 21 34 31 35 55 42 41 47 60 54 62 53 26 61 38 30 46 30 46 45 45 45 47 39 32 49 9 56 25 37 31 51 51 26 15 29 64 42 53 50 31 47 13 43 62 67 35 45 41 41 46 49 33 24 46 
103 49 35 83 32 102 59 107 78 94 63 65 0 43 64 88 118 93 34 91 51 83 40 91 90 86 96 72 95 55 102 31 96 16 119 9 72 40 89 96 87 37 43 55 46 61 109 25 29 77 70 67 93 90 95 35 64 15 82 78 62 72 27 69 17 88 69 75 38 126 77 100 96 96 88 65 79 87 85 23 
62 20 12 43 33 75 22 70 35 55 52 31 43 0 56 45 82 66 24 64 31 41 19 53 49 51 54 30 65 61 73 34 75 32 84 43 69 15 82 53 60 44 1 22 16 57 76 19 29 57 65 37 80 51 53 21 63 29 40 39 47 76 31 67 26 61 63 44 41 92 80 65 53 71 68 61 69 44 44 33 
79 38 47 90 33 46 44 68 76 101 5 41 64 56 0 73 75 39 36 38 25 83 37 57 67 48 72 71 45 19 50 33 35 68 71 55 13 41 27 78 36 27 55 77 72 6 62 60 36 20 9 33 30 59 77 38 10 53 67 55 12 23 38 12 55 37 7 38 26 77 26 57 86 41 28 5 15 74 63 41 
19 44 53 30 69 61 33 36 16 35 68 33 88 45 73 0 48 55 60 53 53 19 53 27 11 33 13 18 50 87 55 71 70 77 54 87 85 51 91 8 51 77 45 44 50 78 49 64 67 61 81 40 82 22 8 58 83 73 6 19 61 96 70 85 71 51 79 37 74 61 99 40 13 60 67 79 79 2 12 73 
33 70 84 78 90 35 61 12 64 80 71 53 118 82 75 48 0 37 85 37 69 67 79 29 38 33 36 64 30 94 28 92 49 113 8 114 82 79 77 43 39 94 81 89 93 81 14 100 91 55 79 52 65 31 42 83 84 104 49 43 66 94 94 83 103 38 77 44 91 13 94 19 55 38 52 79 71 50 41 98 
51 48 64 82 61 9 44 33 66 90 36 36 93 66 39 55 37 0 59 2 42 72 55 30 45 23 48 63 8 58 11 63 15 91 32 87 45 57 41 56 7 62 65 82 81 45 24 79 63 19 42 29 30 34 55 58 48 79 51 39 33 57 66 46 79 5 40 23 59 38 57 22 68 5 15 43 34 57 44 70 
73 16 13 66 9 68 27 74 55 78 33 32 34 24 36 60 85 59 0 57 17 62 7 58 60 52 66 49 61 37 68 11 63 34 84 30 47 10 63 68 52 20 23 46 38 36 75 24 7 44 44 33 64 57 67 3 40 20 54 47 30 53 10 45 21 54 43 41 17 92 58 66 71 63 55 39 51 60 55 14 
50 46 61 80 60 12 42 33 64 87 35 33 91 64 38 53 37 2 57 0 40 70 53 28 43 20 46 60 7 57 12 61 17 89 33 85 45 54 42 54 4 60 63 79 78 44 24 77 61 18 42 26 31 33 53 56 47 77 49 36 32 57 64 46 77 3 40 21 58 39 57 21 66 7 16 42 34 55 41 68 
62 12 24 66 21 51 20 59 52 77 21 21 51 31 25 53 69 42 17 40 0 60 14 44 50 37 55 47 44 35 51 23 47 50 68 46 38 17 51 59 36 26 30 52 47 28 59 39 22 28 35 18 49 45 58 17 33 37 46 36 16 47 25 37 38 37 32 26 23 76 51 50 65 46 39 30 38 53 45 29 
36 48 51 10 71 79 39 56 7 18 78 43 83 41 83 19 67 72 62 70 60 0 55 45 30 50 32 13 67 94 73 73 86 69 73 84 96 52 104 25 67 81 41 31 39 87 68 58 68 74 92 52 97 40 26 59 92 70 21 34 72 106 71 95 67 68 90 52 78 80 109 59 16 77 82 89 92 17 30 73 
66 10 10 60 16 64 20 68 48 71 34 26 40 19 37 53 79 55 7 53 14 55 0 51 53 46 59 42 56 42 63 18 61 37 79 36 49 4 64 60 48 26 19 41 35 38 70 25 14 42 46 28 63 51 60 5 43 25 47 40 29 56 17 48 25 50 44 36 23 86 61 60 64 59 53 41 51 53 48 21 
23 42 56 55 64 35 33 17 40 61 52 25 91 53 57 27 29 30 58 28 44 45 51 0 16 9 18 38 23 74 28 66 44 84 31 87 67 51 68 26 27 70 53 62 65 62 24 71 64 40 63 26 59 5 25 56 67 76 24 15 46 79 68 67 75 27 61 19 66 39 80 14 38 34 43 62 58 28 15 71 
13 44 55 41 68 51 33 25 27 46 62 29 90 49 67 11 38 45 60 43 50 30 53 16 0 23 6 27 39 83 44 70 60 81 43 88 79 51 82 11 41 75 49 53 57 72 38 68 67 53 75 34 73 11 10 58 77 76 11 14 56 90 70 79 74 42 72 30 72 50 93 29 23 49 57 73 72 13 5 74 
32 37 52 60 57 29 29 22 44 67 43 21 86 51 48 33 33 23 52 20 37 50 46 9 23 0 27 41 18 65 24 59 37 80 34 81 58 46 60 34 18 62 50 63 64 53 25 68 58 31 54 19 50 13 33 50 58 71 29 17 37 70 61 58 70 19 52 11 59 41 71 14 45 27 34 53 49 34 21 65 
8 49 60 42 73 53 38 24 29 46 67 34 96 54 72 13 36 48 66 46 55 32 59 18 6 27 0 30 41 88 46 75 63 86 42 94 83 57 86 8 45 81 54 56 61 77 38 73 72 57 79 40 77 14 7 63 82 81 15 19 61 95 76 84 79 45 77 35 77 49 97 29 21 52 61 77 76 15 11 79 
37 35 39 20 58 71 27 52 6 31 66 31 72 30 71 18 64 63 49 60 47 13 42 38 27 41 30 0 59 81 65 60 76 60 69 73 83 39 92 26 57 68 30 26 32 74 63 48 56 63 79 40 86 34 26 46 80 59 16 25 59 93 58 83 56 58 77 41 65 76 97 52 23 68 71 76 80 16 24 61 
44 49 64 77 65 12 43 26 62 84 41 35 95 65 45 50 30 8 61 7 44 67 56 23 39 18 41 59 0 64 7 66 22 92 26 90 52 58 49 49 10 66 65 79 79 51 17 80 66 25 49 29 38 28 48 60 55 81 46 34 38 64 69 53 81 8 47 22 63 32 65 14 62 11 23 49 41 51 38 73 
95 46 50 100 30 65 55 87 87 112 23 55 55 61 19 87 94 58 37 57 35 94 42 74 83 65 88 81 64 0 69 29 53 63 90 45 19 46 37 93 55 19 60 82 75 13 81 59 34 39 19 49 45 76 92 40 12 48 81 70 28 18 34 16 51 56 20 55 20 96 23 75 100 60 47 16 30 88 78 35 
47 56 72 83 71 8 51 27 68 90 46 42 102 73 50 55 28 11 68 12 51 73 63 28 44 24 46 65 7 69 0 73 21 100 22 96 55 65 50 54 16 72 72 87 87 56 14 88 73 30 52 36 38 33 53 67 59 88 52 41 44 67 76 57 88 14 51 29 70 27 67 16 66 10 24 53 44 57 44 80 
83 26 23 76 2 72 37 82 66 88 32 41 31 34 33 71 92 63 11 61 23 73 18 66 70 59 75 60 66 29 73 0 65 36 91 24 43 21 60 78 57 10 33 55 47 31 81 30 5 46 41 40 63 66 77 14 35 20 64 56 31 46 5 40 23 59 39 48 9 98 51 73 82 66 57 35 49 70 65 8 
66 56 70 95 64 14 55 47 80 104 34 47 96 75 35 70 49 15 63 17 47 86 61 44 60 37 63 76 22 53 21 65 0 97 43 89 37 63 29 71 19 61 74 93 90 41 35 86 67 19 35 39 16 49 69 64 42 83 65 52 34 48 69 39 84 18 34 35 59 46 47 36 82 12 8 37 25 71 58 72 
94 44 28 68 35 101 52 101 65 80 67 60 16 32 68 77 113 91 34 89 50 69 37 84 81 80 86 60 92 63 100 36 97 0 114 23 78 35 95 85 85 45 32 40 31 67 105 13 32 78 76 64 97 82 85 33 71 15 72 70 64 81 30 76 13 86 75 71 44 122 86 95 83 96 89 71 84 76 76 29 
40 70 86 84 89 28 63 18 70 87 67 54 119 84 71 54 8 32 84 33 68 73 79 31 43 34 42 69 26 90 22 91 43 114 0 114 77 79 71 50 36 92 84 94 96 77 10 101 90 51 74 52 59 35 48 83 80 104 54 46 64 89 94 79 103 34 73 43 89 8 89 19 62 32 46 75 66 56 45 97 
102 45 34 85 25 95 56 103 78 97 55 62 9 43 55 87 114 87 30 85 46 84 36 87 88 81 94 73 90 45 96 24 89 23 114 0 63 37 81 95 81 28 43 59 49 52 104 28 24 70 62 62 85 87 94 31 55 14 81 76 55 63 20 60 18 82 61 71 30 121 68 95 96 90 81 57 71 86 83 17 
89 51 59 103 43 50 57 77 89 114 18 53 72 69 13 85 82 45 47 45 38 96 49 67 79 58 83 83 52 19 55 43 37 78 77 63 0 53 18 89 43 35 68 90 84 12 68 71 47 27 4 45 26 70 88 49 8 63 79 67 24 12 48 3 65 44 6 49 35 82 14 65 98 45 31 8 12 86 75 50 
65 9 7 56 19 66 19 67 45 68 37 26 40 15 41 51 79 57 10 54 17 52 4 51 51 46 57 39 58 46 65 21 63 35 79 37 53 0 67 58 50 30 14 37 31 42 70 23 17 45 50 29 66 50 58 7 47 25 44 39 33 60 20 52 24 52 48 36 27 87 65 60 61 61 56 45 55 50 46 23 
91 63 74 112 60 43 67 75 97 122 30 61 89 82 27 91 77 41 63 42 51 104 64 68 82 60 86 92 49 37 50 60 29 95 71 81 18 67 0 93 42 52 81 103 98 29 64 87 63 30 19 53 13 72 92 65 26 80 85 72 35 24 65 21 82 42 20 53 52 75 21 63 104 39 26 24 13 92 79 67 
11 51 61 35 76 61 40 32 24 38 73 38 96 53 78 8 43 56 68 54 59 25 60 26 11 34 8 26 49 93 54 78 71 85 50 95 89 58 93 0 52 84 53 52 58 83 46 72 75 64 85 45 84 21 1 65 88 81 14 23 66 101 78 89 79 53 83 41 81 56 103 38 13 60 68 83 82 10 15 81 
49 41 57 77 56 16 38 34 61 85 32 30 87 60 36 51 39 7 52 4 36 67 48 27 41 18 45 57 10 55 16 57 19 85 36 81 43 50 42 52 0 57 59 75 74 41 26 73 57 16 40 22 32 31 51 52 45 73 47 34 28 55 60 44 73 2 38 17 54 42 56 22 64 11 16 40 33 53 39 64 
88 33 33 86 12 70 44 84 74 98 28 46 37 44 27 77 94 62 20 60 26 81 26 70 75 62 81 68 66 19 72 10 61 45 92 28 35 30 52 84 57 0 43 65 57 24 82 40 15 44 33 43 57 70 83 23 27 29 71 62 29 36 15 32 32 58 32 51 3 98 42 74 89 64 54 28 42 77 70 16 
62 19 11 44 32 75 22 69 35 56 51 30 43 1 55 45 81 65 23 63 30 41 19 53 49 50 54 30 65 60 72 33 74 32 84 43 68 14 81 53 59 43 0 23 17 56 75 19 29 56 64 36 79 51 53 20 62 29 40 39 46 75 30 66 26 60 62 43 40 91 79 65 53 70 67 60 68 44 44 33 
63 40 33 28 54 90 38 77 29 39 73 46 55 22 77 44 89 82 46 79 52 31 41 62 53 63 56 26 79 82 87 55 93 40 94 59 90 37 103 52 75 65 23 0 10 79 86 31 50 76 86 54 99 58 53 43 84 45 42 47 68 97 51 88 41 77 84 59 63 101 102 76 47 87 86 82 90 43 49 53 
68 36 25 37 46 90 36 80 36 49 68 45 46 16 72 50 93 81 38 78 47 39 35 65 57 64 61 32 79 75 87 47 90 31 96 49 84 31 98 58 74 57 17 10 0 73 88 22 42 73 81 52 96 61 59 36 78 36 46 50 63 91 43 82 32 76 79 58 55 104 96 77 54 86 84 76 85 49 53 44 
84 40 48 93 31 52 47 74 80 105 10 45 61 57 6 78 81 45 36 44 28 87 38 62 72 53 77 74 51 13 56 31 41 67 77 52 12 42 29 83 41 24 56 79 73 0 68 60 35 26 9 38 33 65 82 38 6 51 71 59 16 19 36 10 54 43 9 43 23 83 23 62 91 46 33 4 19 78 68 38 
38 61 76 79 80 21 54 15 64 83 58 45 109 76 62 49 14 24 75 24 59 68 70 24 38 25 38 63 17 81 14 81 35 105 10 104 68 70 64 46 26 82 75 86 88 68 0 92 81 42 65 42 52 29 45 74 71 95 48 39 54 80 84 70 94 25 64 34 79 17 81 11 59 24 38 66 57 51 39 88 
81 32 16 58 29 89 39 88 53 70 58 47 25 19 60 64 100 79 24 77 39 58 25 71 68 68 73 48 80 59 88 30 86 13 101 28 71 23 87 72 73 40 19 31 22 60 92 0 25 67 69 51 88 69 72 23 64 14 59 57 54 76 25 69 10 75 67 59 38 109 81 82 71 84 79 64 75 63 63 25 
80 23 18 72 4 72 34 80 62 84 35 39 29 29 36 67 91 63 7 61 22 68 14 64 67 58 72 56 66 34 73 5 67 32 90 24 47 17 63 75 57 15 29 50 42 35 81 25 0 48 44 39 65 64 74 9 39 17 61 54 33 51 3 44 19 59 43 47 13 97 56 72 78 67 59 39 52 67 62 7 
62 38 52 83 45 27 39 49 68 93 17 32 77 57 20 61 55 19 44 18 28 74 42 40 53 31 57 63 25 39 30 46 19 78 51 70 27 45 30 64 16 44 56 76 73 26 42 67 48 0 24 23 23 43 63 45 29 64 55 42 15 39 50 29 65 17 22 23 41 57 41 37 74 21 11 24 19 62 50 53 
85 47 56 99 41 47 53 73 85 110 14 49 70 65 9 81 79 42 44 42 35 92 46 63 75 54 79 79 49 19 52 41 35 76 74 62 4 50 19 85 40 33 64 86 81 9 65 69 44 24 0 41 25 66 84 46 8 61 75 63 20 16 46 5 63 41 2 45 33 79 18 61 94 42 28 5 11 82 71 48 
46 20 35 60 38 38 16 42 45 70 28 9 67 37 33 40 52 29 33 26 18 52 28 26 34 19 40 40 29 49 36 40 39 64 52 62 45 29 53 45 22 43 36 54 52 38 42 51 39 23 41 0 47 28 44 32 43 53 34 22 22 56 42 45 52 24 39 8 40 59 59 33 53 34 33 39 40 41 30 46 
81 60 73 106 62 30 62 63 91 115 31 56 93 80 30 82 65 30 64 31 49 97 63 59 73 50 77 86 38 45 38 63 16 97 59 85 26 66 13 84 32 57 79 99 96 33 52 88 65 23 25 47 0 63 83 65 33 82 77 64 34 35 68 28 84 32 25 46 56 62 33 51 95 27 16 29 15 84 71 70 
19 41 55 50 64 40 31 19 35 56 54 25 90 51 59 22 31 34 57 33 45 40 51 5 11 13 14 34 28 76 33 66 49 82 35 87 70 50 72 21 31 70 51 58 61 65 29 69 64 43 66 28 63 0 20 56 69 75 19 12 48 82 67 70 73 31 64 22 67 43 84 19 33 39 47 64 62 23 11 71 
11 51 61 36 75 60 40 31 24 39 72 37 95 53 77 8 42 55 67 53 58 26 60 25 10 33 7 26 48 92 53 77 69 85 48 94 88 58 92 1 51 83 53 53 59 82 45 72 74 63 84 44 83 20 0 65 87 81 14 22 65 100 77 88 79 51 82 40 80 55 102 37 14 59 67 82 81 10 14 80 
71 14 10 63 12 68 25 72 52 75 35 31 35 21 38 58 83 58 3 56 17 59 5 56 58 50 63 46 60 40 67 14 64 33 83 31 49 7 65 65 52 23 20 43 36 38 74 23 9 45 46 32 65 56 65 0 43 21 51 45 31 55 12 47 21 54 45 40 20 91 60 65 68 62 56 41 52 57 53 16 
89 46 53 99 35 54 53 78 85 110 15 51 64 63 10 83 84 48 40 47 33 92 43 67 77 58 82 80 55 12 59 35 42 71 80 55 8 47 26 88 45 27 62 84 78 6 71 64 39 29 8 43 33 69 87 43 0 55 77 65 22 14 40 5 58 46 8 48 27 86 18 66 96 49 35 5 18 84 73 42 
89 34 21 71 20 88 44 92 64 83 52 51 15 29 53 73 104 79 20 77 37 70 25 76 76 71 81 59 81 48 88 20 83 15 104 14 63 25 80 81 73 29 29 45 36 51 95 14 17 64 61 53 82 75 81 21 55 0 68 64 50 66 15 60 4 74 60 61 28 112 71 85 82 83 76 56 69 73 70 13 
22 38 47 31 62 58 27 36 16 38 62 26 82 40 67 6 49 51 54 49 46 21 47 24 11 29 15 16 46 81 52 64 65 72 54 81 79 44 85 14 47 71 40 42 46 71 48 59 61 55 75 34 77 19 14 51 77 68 0 13 55 90 64 79 65 47 73 32 67 61 93 38 19 56 62 72 73 7 9 67 
27 31 43 43 55 46 20 31 28 51 50 15 78 39 55 19 43 39 47 36 36 34 40 15 14 17 19 25 34 70 41 56 52 70 46 76 67 39 72 23 34 62 39 47 50 59 39 57 54 42 63 22 64 12 22 45 65 64 13 0 43 78 57 67 62 34 60 19 58 54 80 28 32 43 49 60 60 20 9 61 
67 28 40 79 30 41 33 59 65 90 7 29 62 47 12 61 66 33 30 32 16 72 29 46 56 37 61 59 38 28 44 31 34 64 64 55 24 33 35 66 28 29 46 68 63 16 54 54 33 15 20 22 34 48 65 31 22 50 55 43 0 35 35 24 51 30 18 27 26 70 38 48 75 36 26 17 22 62 52 39 
101 59 66 113 47 61 66 89 99 124 28 64 72 76 23 96 94 57 53 57 47 106 56 79 90 70 95 93 64 18 67 46 48 81 89 63 12 60 24 101 55 36 75 97 91 19 80 76 51 39 16 56 35 82 100 55 14 66 90 78 35 0 51 11 68 56 18 60 37 94 5 77 109 57 43 18 23 97 86 52 
83 27 20 74 5 75 37 83 64 86 37 42 27 31 38 70 94 66 10 64 25 71 17 68 70 61 76 58 69 34 76 5 69 30 94 20 48 20 65 78 60 15 30 51 43 36 84 25 3 50 46 42 68 67 77 12 40 15 64 57 35 51 0 46 17 62 45 50 14 101 57 75 81 70 61 41 54 70 65 4 
90 49 58 102 41 52 56 78 88 113 17 53 69 67 12 85 83 46 45 46 37 95 48 67 79 58 84 83 53 16 57 40 39 76 79 60 3 52 21 89 44 32 66 88 82 10 70 69 44 29 5 45 28 70 88 47 5 60 79 67 24 11 46 0 63 45 7 49 32 84 14 66 98 47 33 7 15 86 75 47 
87 33 19 67 22 88 42 91 61 79 53 50 17 26 55 71 103 79 21 77 38 67 25 75 74 70 79 56 81 51 88 23 84 13 103 18 65 24 82 79 73 32 26 41 32 54 94 10 19 65 63 52 84 73 79 21 58 4 65 62 51 68 17 63 0 74 62 60 31 111 74 84 79 83 76 58 71 70 68 16 
49 43 59 78 57 14 39 33 62 86 33 31 88 61 37 51 38 5 54 3 37 68 50 27 42 19 45 58 8 56 14 59 18 86 34 82 44 52 42 53 2 58 60 77 76 43 25 75 59 17 41 24 32 31 51 54 46 74 47 34 30 56 62 45 74 0 39 18 55 41 57 21 64 10 16 41 34 53 40 66 
83 45 54 97 39 46 51 71 83 108 12 47 69 63 7 79 77 40 43 40 32 90 44 61 72 52 77 77 47 20 51 39 34 75 73 61 6 48 20 83 38 32 62 84 79 9 64 67 43 22 2 39 25 64 82 45 8 60 73 60 18 18 45 7 62 39 0 43 32 78 20 59 92 41 27 4 10 80 68 47 
41 27 43 61 46 32 22 34 45 70 33 13 75 44 38 37 44 23 41 21 26 52 36 19 30 11 35 41 22 55 29 48 35 71 43 71 49 36 53 41 17 51 43 59 58 43 34 59 47 23 45 8 46 22 40 40 48 61 32 19 27 60 50 49 60 18 43 0 47 51 63 25 51 28 30 43 42 39 26 54 
85 30 30 83 10 67 41 81 71 94 26 43 38 41 26 74 91 59 17 58 23 78 23 66 72 59 77 65 63 20 70 9 59 44 89 30 35 27 52 81 54 3 40 63 55 23 79 38 13 41 33 40 56 67 80 20 27 28 67 58 26 37 14 32 31 55 32 47 0 96 43 71 86 62 52 28 41 74 67 15 
46 78 93 91 96 32 70 25 77 94 73 62 126 92 77 61 13 38 92 39 76 80 86 39 50 41 49 76 32 96 27 98 46 122 8 121 82 87 75 56 42 98 91 101 104 83 17 109 97 57 79 59 62 43 55 91 86 112 61 54 70 94 101 84 111 41 78 51 96 0 93 27 69 37 51 80 70 63 53 104 
103 63 70 116 52 61 70 90 102 127 31 67 77 80 26 99 94 57 58 57 51 109 61 80 93 71 97 97 65 23 67 51 47 86 89 68 14 65 21 103 56 42 79 102 96 23 81 81 56 41 18 59 33 84 102 60 18 71 93 80 38 5 57 14 74 57 20 63 43 93 0 78 112 57 42 21 23 100 89 58 
31 51 66 69 71 24 43 12 54 75 52 35 100 65 57 40 19 22 66 21 50 59 60 14 29 14 29 52 14 75 16 73 36 95 19 95 65 60 63 38 22 74 65 76 77 62 11 82 72 37 61 33 51 19 37 65 66 85 38 28 48 77 75 66 84 21 59 25 71 27 78 0 51 24 36 61 55 42 29 79 
23 56 62 24 80 73 45 45 19 25 81 45 96 53 86 13 55 68 71 66 65 16 64 38 23 45 21 23 62 100 66 82 82 83 62 96 98 61 104 13 64 89 53 47 54 91 59 71 78 74 94 53 95 33 14 68 96 82 19 32 75 109 81 98 79 64 92 51 86 69 112 51 0 72 80 92 92 12 25 84 
55 52 68 87 65 5 49 36 71 94 38 41 96 71 41 60 38 5 63 7 46 77 59 34 49 27 52 68 11 60 10 66 12 96 32 90 45 61 39 60 11 64 70 87 86 46 24 84 67 21 42 34 27 39 59 62 49 83 56 43 36 57 70 47 83 10 41 28 62 37 57 24 72 0 14 44 34 61 48 73 
65 49 63 91 56 19 49 48 75 100 26 41 88 68 28 67 52 15 55 16 39 82 53 43 57 34 61 71 23 47 24 57 8 89 46 81 31 56 26 68 16 54 67 86 84 33 38 79 59 11 28 33 16 47 67 56 35 76 62 49 26 43 61 33 76 16 27 30 52 51 42 36 80 14 0 30 19 68 55 65 
84 43 51 96 36 49 49 73 81 106 11 46 65 61 5 79 79 43 39 42 30 89 41 62 73 53 77 76 49 16 53 35 37 71 75 57 8 45 24 83 40 28 60 82 76 4 66 64 39 24 5 39 29 64 82 41 5 56 72 60 17 18 41 7 58 41 4 43 28 80 21 61 92 44 30 0 14 79 68 43 
81 50 62 100 48 38 54 66 85 110 18 49 79 69 15 79 71 34 51 34 38 92 51 58 72 49 76 80 41 30 44 49 25 84 66 71 12 55 13 82 33 42 68 90 85 19 57 75 52 19 11 40 15 62 81 52 18 69 73 60 22 23 54 15 71 34 10 42 41 70 23 55 92 34 19 14 0 80 68 56 
20 44 52 28 68 63 33 38 15 33 69 33 87 44 74 2 50 57 60 55 53 17 53 28 13 34 15 16 51 88 57 70 71 76 56 86 86 50 92 10 53 77 44 43 49 78 51 63 67 62 82 41 84 23 10 57 84 73 7 20 62 97 70 86 70 53 80 39 74 63 100 42 12 61 68 79 80 0 13 73 
19 38 50 40 63 50 27 28 25 46 58 24 85 44 63 12 41 44 55 41 45 30 48 15 5 21 11 24 38 78 44 65 58 76 45 83 75 46 79 15 39 70 44 49 53 68 39 63 62 50 71 30 71 11 14 53 73 70 9 9 52 86 65 75 68 40 68 26 67 53 89 29 25 48 55 68 68 13 0 68 
87 30 22 76 8 79 41 87 67 88 40 46 23 33 41 73 98 70 14 68 29 73 21 71 74 65 79 61 73 35 80 8 72 29 97 17 50 23 67 81 64 16 33 53 44 38 88 25 7 53 48 46 70 71 80 16 42 13 67 61 39 52 4 47 16 66 47 54 15 104 58 79 84 73 65 43 56 73 68 0 
0 127 192 415 0 118 3000 193 23 56 434 0 125 108 38 0 20 1131 15 182 0 180 219 114 0 1616 438 725 0 79 0 58 0 2269 33 278 14 14 11 124 15 90 626 19 58 36 27 52 131 7 12 178 50 320 95 326 0 0 119 446 204 21 37 193 21 102 22 978 169 143 50 441 14 38 19 2256 0 34 416 9 
127 0 0 2704 3000 867 913 11 30 22 0 116 90 435 46 80 214 77 57 130 1075 1335 46 24 29 1212 831 127 766 13 161 37 15 3000 94 21 436 445 154 1497 34 1627 23 55 99 38 24 181 130 78 88 49 38 18 281 257 210 8 20 0 155 263 569 474 49 36 17 191 406 1301 650 53 42 67 119 15 2184 28 454 27 
192 0 0 90 0 242 0 955 2343 307 8 0 135 0 0 0 0 15 132 0 0 0 169 269 0 13 262 34 0 0 0 94 0 1578 1583 14 180 18 60 41 189 25 0 380 383 508 0 396 0 0 0 0 288 994 271 17 0 0 75 15 18 3000 0 1213 68 80 0 0 0 462 15 751 63 949 40 2038 0 25 30 52 
415 2704 90 0 0 31 3000 2268 23 512 571 0 29 3000 759 0 57 114 180 8 161 25 215 25 88 990 678 38 0 170 0 59 0 55 54 102 92 35 290 105 92 767 49 30 3000 773 80 379 34 70 112 2647 210 41 3000 682 0 0 100 21 21 1565 221 25 14 87 422 883 14 67 141 894 64 32 37 14 0 103 20 322 
0 3000 0 0 0 0 333 133 0 0 0 1386 202 481 1610 8 87 0 1109 1331 104 930 33 199 35 10 25 0 3000 7 40 2695 318 0 0 552 1727 0 2261 90 0 281 35 0 26 0 94 0 409 0 581 0 117 0 495 0 675 30 0 0 187 0 49 7 0 0 51 363 0 689 124 16 706 0 795 0 0 0 17 33 
118 867 242 31 0 0 0 52 1933 2477 204 0 3000 736 7 0 308 129 458 16 28 199 186 459 8 120 765 0 42 224 0 0 0 28 142 0 353 0 133 39 1542 540 0 0 477 20 3000 82 533 36 132 9 0 0 378 554 0 0 101 52 486 817 13 230 257 0 3000 75 763 20 0 212 108 0 14 708 0 66 102 305 
3000 913 0 3000 333 0 0 101 25 0 0 935 0 2361 42 607 41 32 357 922 13 16 20 40 109 229 47 3000 19 112 63 101 48 74 8 3000 0 17 49 87 0 30 410 279 99 41 139 0 498 0 154 0 128 147 2816 808 397 1181 213 0 41 1560 141 917 2289 124 0 140 0 31 249 9 1751 53 83 19 36 0 502 8 
193 11 955 2268 133 52 101 0 26 14 40 49 50 2511 103 115 333 2263 78 11 9 99 328 51 188 1060 659 41 598 448 18 238 155 2375 280 720 96 19 22 34 13 51 119 182 118 455 285 13 241 495 142 592 61 22 105 54 79 1462 454 153 242 2165 452 265 438 13 71 1363 10 98 75 141 2830 249 551 84 0 3000 20 22 
23 30 2343 23 0 1933 25 26 0 18 55 0 252 501 0 0 0 38 86 416 0 536 912 37 0 353 626 3000 0 0 0 28 0 532 41 2484 15 465 16 439 167 1263 0 9 10 576 54 30 0 0 83 389 169 92 849 3000 0 0 1717 103 494 158 86 14 645 53 25 225 298 412 34 93 118 1652 82 107 0 43 8 425 
56 22 307 512 0 2477 0 14 18 0 3000 0 1565 53 0 0 0 15 380 817 0 13 34 365 0 85 41 12 0 0 0 715 0 67 1405 0 8 78 34 12 421 54 0 15 206 2844 23 49 0 24 986 34 0 2711 528 53 0 0 69 82 38 744 74 33 21 23 9 27 1257 7 309 118 354 270 10 492 0 3000 93 1812 
434 0 8 571 0 204 0 40 55 3000 0 0 95 0 0 0 0 750 82 0 0 0 177 32 0 845 403 9 0 0 0 917 0 205 52 0 1301 740 15 0 29 644 0 170 10 34 0 113 0 0 0 0 0 136 46 34 0 0 10 13 22 12 0 80 212 1688 0 0 0 78 8 22 14 82 32 1006 0 160 3000 16 
0 116 0 0 1386 0 935 49 0 0 0 0 69 10 22 3000 8 350 139 102 46 332 385 320 50 89 10 0 38 46 72 3000 159 38 12 721 0 105 1639 427 0 111 2226 53 120 34 56 0 77 0 93 0 62 117 78 0 21 154 17 0 1151 0 397 141 3000 504 20 319 0 139 13 646 31 9 14 0 13 0 407 19 
125 90 135 29 202 3000 0 50 252 1565 95 69 0 34 87 0 134 54 11 47 231 41 18 65 318 206 100 296 323 129 0 267 0 36 279 21 1355 0 1082 146 11 259 3000 0 552 447 160 395 45 76 90 427 8 0 354 35 332 228 38 9 40 29 175 1050 3000 0 21 45 126 168 0 224 206 0 8 188 0 732 1749 1226 
108 435 0 3000 481 736 2361 2511 501 53 0 10 34 0 241 0 137 16 72 152 278 213 80 2581 116 542 10 0 11 249 0 33 146 0 301 153 29 0 95 2819 787 11 33 0 54 343 70 48 531 295 3000 391 1101 0 19 1131 10 19 661 0 1441 0 59 3000 1249 0 9 307 2047 8 0 972 84 0 143 93 0 12 70 216 
38 46 0 759 1610 7 42 103 0 0 0 22 87 241 0 0 611 3000 12 349 13 167 59 1261 18 50 15 0 42 98 0 0 269 0 158 436 7 0 295 46 15 1366 12 0 34 217 28 33 469 805 42 130 24 0 1426 0 62 19 728 0 97 0 21 399 0 0 8 1327 384 140 0 252 408 0 986 490 0 0 12 21 
0 80 0 0 8 0 607 115 0 0 0 3000 0 0 0 0 1019 98 17 0 0 27 3000 29 587 95 88 931 0 1951 1271 416 135 124 254 11 0 1159 21 0 0 69 21 250 0 0 17 0 0 0 545 0 121 481 442 0 50 11 3000 0 104 8 1195 0 9 30 0 0 0 30 36 332 9 38 134 0 228 0 204 31 
20 214 0 57 87 308 41 333 0 0 0 8 134 137 611 1019 0 2084 77 21 439 58 3000 54 98 21 122 0 33 258 30 54 125 756 9 196 19 21 8 54 29 266 1511 92 113 620 379 0 195 1250 480 0 1083 18 79 0 2555 865 80 0 1288 0 45 31 23 0 390 276 47 56 67 251 733 112 635 57 126 0 16 159 
1131 77 15 114 0 129 32 2263 38 15 750 350 54 16 3000 98 2084 0 100 18 0 10 1063 2733 15 275 51 14 0 171 432 132 48 51 22 233 157 40 142 13 76 655 24 49 948 121 72 1350 393 0 227 0 37 9 739 1350 89 0 37 3000 3000 11 100 85 156 20 29 958 9 277 20 183 1570 104 173 12 14 71 869 23 
15 57 132 180 1109 458 357 78 86 380 82 139 11 72 12 17 77 100 0 1375 242 896 10 70 156 194 26 681 35 32 188 93 9 14 20 229 2153 26 28 271 189 2414 596 254 20 8 11 3000 139 82 165 0 1131 643 47 45 22 814 498 29 1812 127 12 548 84 363 33 1006 23 56 236 1184 78 20 10 93 316 208 13 638 
182 130 0 8 1331 16 922 11 416 817 0 102 47 152 349 0 21 18 1375 0 204 308 144 27 76 320 19 0 102 102 0 31 2288 608 254 318 10 0 1833 221 1789 171 16 0 83 119 38 15 299 13 70 138 198 0 48 3000 11 138 14 0 25 3000 16 61 544 0 88 257 689 42 0 525 3000 0 133 50 0 51 67 289 
0 1075 0 161 104 28 13 9 0 0 0 46 231 278 13 0 439 0 242 204 0 659 80 75 48 32 32 0 495 2029 0 0 118 0 0 497 33 0 20 32 83 36 89 0 28 472 159 31 41 101 44 3000 231 0 322 0 634 131 1096 0 608 0 496 1793 0 0 11 34 108 85 0 19 2483 0 150 1125 0 0 309 9 
180 1335 0 25 930 199 16 99 536 13 0 332 41 213 167 27 58 10 896 308 659 0 35 70 9 147 10 877 345 19 34 68 176 53 1720 38 113 14 142 138 291 10 989 16 13 376 26 33 670 121 21 518 127 38 111 103 124 58 774 68 38 31 37 1392 8 3000 295 229 11 1166 9 22 73 841 9 12 0 49 110 9 
219 46 169 215 33 186 20 328 912 34 177 385 18 80 59 3000 3000 1063 10 144 80 35 0 295 57 89 24 9 110 25 9 230 1380 68 35 8 7 721 29 271 927 19 22 2850 1227 65 35 348 745 0 1814 0 410 39 121 60 1703 97 137 400 92 703 15 31 736 18 761 203 333 65 28 523 108 1438 219 11 54 3000 9 83 
114 24 269 25 199 459 40 51 37 365 32 320 65 2581 1261 29 54 2733 70 27 75 70 295 0 10 28 216 712 1240 118 2644 25 85 22 22 117 139 11 10 27 397 35 158 26 935 42 54 478 122 291 258 55 21 2897 212 110 26 656 596 82 236 69 709 121 156 3000 1119 591 215 11 324 153 413 1013 497 423 0 1130 1399 7 
0 29 0 88 35 8 109 188 0 0 0 50 318 116 18 587 98 15 156 76 48 9 57 10 0 31 10 0 9 245 10 337 395 0 21 637 23 44 45 11 82 3000 143 0 79 16 8 2309 13 26 224 18 41 0 345 0 3000 419 1824 0 1962 0 964 323 15 0 11 23 2456 604 44 30 583 0 13 806 0 0 13 910 
1616 1212 13 990 10 120 229 1060 353 85 845 89 206 542 50 95 21 275 194 320 32 147 89 28 31 0 34 67 17 382 79 10 423 22 365 30 178 88 714 31 69 12 757 282 3000 669 302 795 82 36 203 3000 68 12 160 357 240 40 116 17 451 116 110 70 25 156 210 97 3000 10 9 111 739 63 32 29 47 39 92 643 
438 831 262 678 25 765 47 659 626 41 403 10 100 10 15 88 122 51 26 19 32 10 24 216 10 34 0 16 979 22 8 2056 1503 216 1348 20 44 47 58 78 475 132 91 166 9 27 3000 22 73 285 12 0 501 29 11 21 935 114 421 55 68 78 756 182 1308 53 1888 123 21 46 264 375 329 415 776 126 80 69 2229 100 
725 127 34 38 0 0 3000 41 3000 12 9 0 296 0 0 931 0 14 681 0 0 877 9 712 0 67 16 0 0 0 0 1162 0 26 1272 2327 10 134 271 8 11 35 0 392 67 140 0 27 0 0 54 0 26 62 507 34 0 0 67 136 69 1711 0 8 35 256 0 0 0 80 9 3000 871 280 11 90 58 25 205 509 
0 766 0 0 3000 42 19 598 0 0 0 38 323 11 42 0 33 0 35 102 495 345 110 1240 9 17 979 0 0 84 40 0 166 0 0 51 65 0 130 2485 0 162 11 0 240 0 22 0 19 1063 25 0 140 0 517 0 75 168 0 0 8 0 14 3000 0 0 14 3000 24 840 0 24 212 0 1428 0 0 0 226 60 
79 13 0 170 7 224 112 448 0 0 0 46 129 249 98 1951 258 171 32 102 2029 19 25 118 245 382 22 0 84 0 922 256 206 27 66 569 249 1083 23 13 64 13 346 194 22 877 21 0 3000 0 10 0 346 106 284 0 21 1179 12 0 478 0 614 92 51 12 65 54 35 828 10 26 1280 53 1235 1465 167 0 165 34 
0 161 0 0 40 0 63 18 0 0 0 72 0 0 0 1271 30 432 188 0 0 34 9 2644 10 79 8 0 40 922 0 46 172 12 40 16 0 108 421 14 0 2357 119 237 0 0 8 0 3000 0 7 0 349 551 58 0 135 211 96 0 244 0 615 0 151 21 0 0 0 62 1730 8 281 191 43 0 40 0 61 204 
58 37 94 59 2695 0 101 238 28 715 917 3000 267 33 0 416 54 132 93 31 0 68 230 25 337 10 2056 1162 0 256 46 0 3000 29 11 2476 1514 194 21 440 80 72 290 38 165 230 320 0 11 0 12 0 13 32 211 1037 37 348 402 238 8 50 71 293 10 8 0 9 0 80 14 8 63 1821 12 582 351 14 19 258 
0 15 0 0 318 0 48 155 0 0 0 159 0 146 269 135 125 48 9 2288 118 176 1380 85 395 423 1503 0 166 206 172 3000 0 574 661 508 0 41 172 130 0 18 14 830 15 0 8 0 61 0 49 0 13 765 280 0 773 65 24 0 27 0 211 2856 850 33 0 344 0 1152 94 11 51 18 21 0 320 0 1720 351 
2269 3000 1578 55 0 28 74 2375 532 67 205 38 36 0 0 124 756 51 14 608 0 53 68 22 0 22 216 26 0 27 12 29 574 0 14 1686 678 11 12 617 954 314 107 235 15 11 45 7 0 0 334 0 34 15 30 516 113 0 84 9 1042 278 167 313 12 34 0 292 0 19 78 117 2700 905 31 14 223 166 316 30 
33 94 1583 54 0 142 8 280 41 1405 52 12 279 301 158 254 9 22 20 254 0 1720 35 22 21 365 1348 1272 0 66 40 11 661 14 0 17 40 1216 27 1294 15 24 117 49 10 8 14 1471 28 47 35 0 837 186 3000 18 736 0 279 218 49 744 73 207 158 25 282 166 75 1729 68 187 22 620 25 44 550 223 14 249 
278 21 14 102 552 0 3000 720 2484 0 0 721 21 153 436 11 196 233 229 318 497 38 8 117 637 30 20 2327 51 569 16 2476 508 1686 17 0 391 38 70 22 442 15 44 176 907 57 22 0 271 0 732 0 59 407 85 71 297 8 398 0 412 334 9 32 1361 490 64 3000 0 506 210 165 1444 21 172 361 17 105 24 762 
14 436 180 92 1727 353 0 96 15 8 1301 0 1355 29 7 0 19 157 2153 10 33 113 7 139 23 178 44 10 65 249 0 1514 0 678 40 391 0 0 2857 153 86 480 41 0 199 328 85 411 20 310 52 53 190 0 371 102 18 3000 695 76 143 819 116 3000 105 0 29 8 20 308 0 43 1387 0 24 43 0 122 316 766 
14 445 18 35 0 0 17 19 465 78 740 105 0 0 0 1159 21 40 26 0 0 14 721 11 44 88 47 134 0 1083 108 194 41 11 1216 38 0 0 9 50 170 175 97 52 22 24 46 0 0 0 23 0 368 3000 1772 13 59 10 60 10 33 46 733 177 845 19 0 0 0 12 168 338 3000 333 59 436 131 57 3000 30 
11 154 60 290 2261 133 49 22 16 34 15 1639 1082 95 295 21 8 142 28 1833 20 142 29 10 45 714 58 271 130 23 421 21 172 12 27 70 2857 9 0 103 392 43 24 2347 837 80 101 1991 8 44 12 245 1343 58 225 586 454 280 310 27 81 61 30 208 324 10 746 144 325 8 36 121 29 505 12 130 2646 2680 474 3000 
124 1497 41 105 90 39 87 34 439 12 0 427 146 2819 46 0 54 13 271 221 32 138 271 27 11 31 78 8 2485 13 14 440 130 617 1294 22 153 50 103 0 366 119 11 0 379 78 29 47 24 250 138 496 92 176 9 276 10 2100 1490 8 233 356 59 61 27 0 912 9 10 723 215 137 263 29 72 462 0 300 119 558 
15 34 189 92 0 1542 0 13 167 421 29 0 11 787 15 0 29 76 189 1789 83 291 927 397 82 69 475 11 0 64 0 80 0 954 15 442 86 170 392 366 0 98 0 20 18 130 1474 986 210 19 19 87 69 189 49 627 0 0 11 21 425 18 41 14 1161 105 25 1607 28 11 235 13 232 230 284 673 0 146 57 1233 
90 1627 25 767 281 540 30 51 1263 54 644 111 259 11 1366 69 266 655 2414 171 36 10 19 35 3000 12 132 35 162 13 2357 72 18 314 24 15 480 175 43 119 98 0 1000 65 159 84 10 422 3000 0 2365 0 17 308 9 90 69 533 84 95 3000 145 12 445 21 67 806 157 220 3000 11 3000 634 33 8 24 462 7 208 1630 
626 23 0 49 35 0 410 119 0 0 0 2226 3000 33 12 21 1511 24 596 16 89 989 22 158 143 757 91 0 11 346 119 290 14 107 117 44 41 97 24 11 0 1000 0 2167 7 103 190 0 490 0 70 0 129 726 18 0 29 14 965 0 157 0 1001 8 19 23 262 13 0 952 86 7 15 85 599 364 145 0 155 286 
19 55 380 30 0 0 279 182 9 15 170 53 0 0 0 250 92 49 254 0 0 16 2850 26 0 282 166 392 0 194 237 38 830 235 49 176 0 52 2347 0 20 65 2167 0 355 3000 0 0 0 0 33 0 317 3000 22 96 0 0 36 304 521 36 0 20 30 3000 0 0 0 406 46 41 9 410 400 3000 660 1123 99 195 
58 99 383 3000 26 477 99 118 10 206 10 120 552 54 34 0 113 948 20 83 28 13 1227 935 79 3000 9 67 240 22 0 165 15 15 10 907 199 22 837 379 18 159 7 355 0 46 13 548 35 1139 61 90 387 12 23 32 341 764 154 276 57 671 3000 13 50 34 917 24 22 190 310 3000 126 2105 101 19 0 281 23 66 
36 38 508 773 0 20 41 455 576 2844 34 34 447 343 217 0 620 121 8 119 472 376 65 42 16 669 27 140 0 877 0 230 0 11 8 57 328 24 80 78 130 84 103 3000 46 0 288 542 236 3000 2351 56 3000 47 69 647 42 0 36 299 503 213 957 3000 224 94 228 266 43 78 64 16 98 19 35 27 0 3000 137 10 
27 24 0 80 94 3000 139 285 54 23 0 56 160 70 28 17 379 72 11 38 159 26 35 54 8 302 3000 0 22 21 8 320 8 45 14 22 85 46 101 29 1474 10 190 0 13 288 0 37 25 24 171 80 12 73 27 70 16 9 8 0 96 41 390 245 728 0 997 983 253 368 82 2624 19 98 9 9 0 9 97 272 
52 181 396 379 0 82 0 13 30 49 113 0 395 48 33 0 0 1350 3000 15 31 33 348 478 2309 795 22 27 0 0 0 0 0 7 1471 0 411 0 1991 47 986 422 0 0 548 542 37 0 43 107 32 86 0 0 69 17 0 0 30 99 3000 127 69 104 59 14 106 113 32 163 0 147 718 0 80 165 0 174 120 3000 
131 130 0 34 409 533 498 241 0 0 0 77 45 531 469 0 195 393 139 299 41 670 745 122 13 82 73 0 19 3000 3000 11 61 0 28 271 20 0 8 24 210 3000 490 0 35 236 25 43 0 20 271 1074 41 0 36 0 11 233 409 0 130 0 125 13 0 0 173 32 684 77 90 660 236 0 97 340 0 0 494 38 
7 78 0 70 0 36 0 495 0 24 0 0 76 295 805 0 1250 0 82 13 101 121 0 291 26 36 285 0 1063 0 0 0 0 0 47 0 310 0 44 250 19 0 0 0 1139 3000 24 107 20 0 75 24 0 0 3000 14 0 0 12 0 0 0 1587 1364 0 0 22 90 107 0 0 0 37 0 80 1570 0 84 9 24 
12 88 0 112 581 132 154 142 83 986 0 93 90 3000 42 545 480 227 165 70 44 21 1814 258 224 203 12 54 25 10 7 12 49 334 35 732 52 23 12 138 19 2365 70 33 61 2351 171 32 271 75 0 0 16 118 314 127 376 67 14 0 11 32 16 9 146 233 854 125 3000 45 685 15 27 16 18 18 1932 817 13 736 
178 49 0 2647 0 9 0 592 389 34 0 0 427 391 130 0 0 0 0 138 3000 518 0 55 18 3000 0 0 0 0 0 0 0 0 0 0 53 0 245 496 87 0 0 0 90 56 80 86 1074 24 0 0 0 0 0 1440 0 0 164 0 0 0 75 3000 0 0 341 7 107 0 0 0 0 0 68 54 0 106 0 0 
50 38 288 210 117 0 128 61 169 0 0 62 8 1101 24 121 1083 37 1131 198 231 127 410 21 41 68 501 26 140 346 349 13 13 34 837 59 190 368 1343 92 69 17 129 317 387 3000 12 0 41 0 16 0 0 387 77 82 47 127 205 0 1101 966 225 12 800 12 0 321 0 98 62 81 70 815 1535 26 127 55 34 817 
320 18 994 41 0 0 147 22 92 2711 136 117 0 0 0 481 18 9 643 0 0 38 39 2897 0 12 29 62 0 106 551 32 765 15 186 407 0 3000 58 176 189 308 726 3000 12 47 73 0 0 0 118 0 387 0 46 32 109 0 41 78 350 490 141 742 12 23 0 0 0 102 176 298 21 2235 265 150 602 251 83 16 
95 281 271 3000 495 378 2816 105 849 528 46 78 354 19 1426 442 79 739 47 48 322 111 121 212 345 160 11 507 517 284 58 211 280 30 3000 85 371 1772 225 9 49 9 18 22 23 69 27 69 36 3000 314 0 77 46 0 116 255 9 44 11 10 117 366 10 108 628 30 132 189 245 1718 65 318 172 111 203 33 62 18 7 
326 257 17 682 0 554 808 54 3000 53 34 0 35 1131 0 0 0 1350 45 3000 0 103 60 110 0 357 21 34 0 0 0 1037 0 516 18 71 102 13 586 276 627 90 0 96 32 647 70 17 0 14 127 1440 82 32 116 0 0 0 427 36 144 214 926 425 12 29 16 494 141 8 81 156 47 219 31 1244 0 515 1947 464 
0 210 0 0 675 0 397 79 0 0 0 21 332 10 62 50 2555 89 22 11 634 124 1703 26 3000 240 935 0 75 21 135 37 773 113 736 297 18 59 454 10 0 69 29 0 341 42 16 0 11 0 376 0 47 109 255 0 0 146 138 0 140 0 138 78 115 0 51 1038 47 81 270 111 623 7 100 0 38 0 18 62 
0 8 0 0 30 0 1181 1462 0 0 0 154 228 19 19 11 865 0 814 138 131 58 97 656 419 40 114 0 168 1179 211 348 65 0 0 8 3000 10 280 2100 0 533 14 0 764 0 9 0 233 0 67 0 127 0 9 0 146 0 35 0 2460 0 244 218 0 0 45 457 0 585 13 289 14 0 179 0 0 0 628 22 
119 20 75 100 0 101 213 454 1717 69 10 17 38 661 728 3000 80 37 498 14 1096 774 137 596 1824 116 421 67 0 12 96 402 24 84 279 398 695 60 310 1490 11 84 965 36 154 36 8 30 409 12 14 164 205 41 44 427 138 35 0 1015 113 17 27 90 379 57 91 92 37 911 2486 514 300 108 303 17 196 28 133 245 
446 0 15 21 0 52 0 153 103 82 13 0 9 0 0 0 0 3000 29 0 0 68 400 82 0 17 55 136 0 0 0 238 0 9 218 0 76 10 27 8 21 95 0 304 276 299 0 99 0 0 0 0 0 78 11 36 0 0 1015 0 391 36 0 86 26 493 0 0 817 11 31 40 477 36 45 22 0 28 131 14 
204 155 18 21 187 486 41 242 494 38 22 1151 40 1441 97 104 1288 3000 1812 25 608 38 92 236 1962 451 68 69 8 478 244 8 27 1042 49 412 143 33 81 233 425 3000 157 521 57 503 96 3000 130 0 11 0 1101 350 10 144 140 2460 113 391 0 48 60 143 62 34 10 83 3000 134 99 276 255 123 98 31 676 57 761 709 
21 263 3000 1565 0 817 1560 2165 158 744 12 0 29 0 0 8 0 11 127 3000 0 31 703 69 0 116 78 1711 0 0 0 50 0 278 744 334 819 46 61 356 18 145 0 36 671 213 41 127 0 0 32 0 966 490 117 214 0 0 17 36 48 0 186 84 465 16 0 242 0 75 650 20 23 884 958 39 238 290 831 35 
37 569 0 221 49 13 141 452 86 74 0 397 175 59 21 1195 45 100 12 16 496 37 15 709 964 110 756 0 14 614 615 71 211 167 73 9 116 733 30 59 41 12 1001 0 3000 957 390 69 125 1587 16 75 225 141 366 926 138 244 27 0 60 186 0 1983 498 0 846 3000 32 144 395 24 119 19 24 144 0 555 151 119 
193 474 1213 25 7 230 917 265 14 33 80 141 1050 3000 399 0 31 85 548 61 1793 1392 31 121 323 70 182 8 3000 92 0 293 2856 313 207 32 3000 177 208 61 14 445 8 20 13 3000 245 104 13 1364 9 3000 12 742 10 425 78 218 90 86 143 84 1983 0 65 206 28 17 978 207 265 258 702 309 534 1442 0 797 2517 262 
21 49 68 14 0 257 2289 438 645 21 212 3000 3000 1249 0 9 23 156 84 544 0 8 736 156 15 25 1308 35 0 51 151 10 850 12 158 1361 105 845 324 27 1161 21 19 30 50 224 728 59 0 0 146 0 800 12 108 12 115 0 379 26 62 465 498 65 0 441 0 374 222 251 9 223 163 153 112 68 21 630 375 8 
102 36 80 87 0 0 124 13 53 23 1688 504 0 0 0 30 0 20 363 0 0 3000 18 3000 0 156 53 256 0 12 21 8 33 34 25 490 0 19 10 0 105 67 23 3000 34 94 0 14 0 0 233 0 12 23 628 29 0 0 57 493 34 16 0 206 441 0 0 0 0 13 352 38 3000 421 735 76 128 150 131 13 
22 17 0 422 51 3000 0 71 25 9 0 20 21 9 8 0 390 29 33 88 11 295 761 1119 11 210 1888 0 14 65 0 0 0 0 282 64 29 0 746 912 25 806 262 0 917 228 997 106 173 22 854 341 0 0 30 16 51 45 91 0 10 0 846 28 0 0 0 146 113 234 0 2215 422 0 404 270 0 519 29 995 
978 191 0 883 363 75 140 1363 225 27 0 319 45 307 1327 0 276 958 1006 257 34 229 203 591 23 97 123 0 3000 54 0 9 344 292 166 3000 8 0 144 9 1607 157 13 0 24 266 983 113 32 90 125 7 321 0 132 494 1038 457 92 0 83 242 3000 17 374 0 146 0 38 20 0 657 1465 0 2434 71 0 122 393 3000 
169 406 0 14 0 763 0 10 298 1257 0 0 126 2047 384 0 47 9 23 689 108 11 333 215 2456 3000 21 0 24 35 0 0 0 0 75 0 20 0 325 10 28 220 0 0 22 43 253 32 684 107 3000 107 0 0 189 141 47 0 37 817 3000 0 32 978 222 0 113 38 0 319 0 81 92 0 128 9 0 49 386 76 
143 1301 462 67 689 20 31 98 412 7 78 139 168 8 140 30 56 277 56 42 85 1166 65 11 604 10 46 80 840 828 62 80 1152 19 1729 506 308 12 8 723 11 3000 952 406 190 78 368 163 77 0 45 0 98 102 245 8 81 585 911 11 134 75 144 207 251 13 234 20 319 0 963 2051 9 261 230 9 214 1102 509 34 
50 650 15 141 124 0 249 75 34 309 8 13 0 0 0 36 67 20 236 0 0 9 28 324 44 9 264 9 0 10 1730 14 94 78 68 210 0 168 36 215 235 11 86 46 310 64 82 0 90 0 685 0 62 176 1718 81 270 13 2486 31 99 650 395 265 9 352 0 0 0 963 0 3000 69 147 662 7 293 24 8 1303 
441 53 751 894 16 212 9 141 93 118 22 646 224 972 252 332 251 183 1184 525 19 22 523 153 30 111 375 3000 24 26 8 8 11 117 187 165 43 338 121 137 13 3000 7 41 3000 16 2624 147 660 0 15 0 81 298 65 156 111 289 514 40 276 20 24 258 223 38 2215 657 81 2051 3000 0 12 975 401 59 458 39 2950 12 
14 42 63 64 706 108 1751 2830 118 354 14 31 206 84 408 9 733 1570 78 3000 2483 73 108 413 583 739 329 871 212 1280 281 63 51 2700 22 1444 1387 3000 29 263 232 634 15 9 126 98 19 718 236 37 27 0 70 21 318 47 623 14 300 477 255 23 119 702 163 3000 422 1465 92 9 69 12 0 146 298 352 42 263 23 386 
38 67 949 32 0 0 53 249 1652 270 82 9 0 0 0 38 112 104 20 0 0 841 1438 1013 0 63 415 280 0 53 191 1821 18 905 620 21 0 333 505 29 230 33 85 410 2105 19 98 0 0 0 16 0 815 2235 172 219 7 0 108 36 123 884 19 309 153 421 0 0 0 261 147 975 146 0 29 80 1148 302 8 522 
19 119 40 37 795 14 83 551 82 10 32 14 8 143 986 134 635 173 10 133 150 9 219 497 13 32 776 11 1428 1235 43 12 21 31 25 172 24 59 12 72 284 8 599 400 101 35 9 80 97 80 18 68 1535 265 111 31 100 179 303 45 98 958 24 534 112 735 404 2434 128 230 662 401 298 29 0 113 0 16 140 62 
2256 15 2038 14 0 708 19 84 107 492 1006 0 188 93 490 0 57 12 93 50 1125 12 11 423 806 29 126 90 0 1465 0 582 0 14 44 361 43 436 130 462 673 24 364 3000 19 27 9 165 340 1570 18 54 26 150 203 1244 0 0 17 22 31 39 144 1442 68 76 270 71 9 9 7 59 352 80 113 0 0 276 565 976 
0 2184 0 0 0 0 36 0 0 0 0 13 0 0 0 228 126 14 316 0 0 0 54 0 0 47 80 58 0 167 40 351 320 223 550 17 0 131 2646 0 0 462 145 660 0 0 0 0 0 0 1932 0 127 602 33 0 38 0 196 0 676 238 0 0 21 128 0 0 0 214 293 458 42 1148 0 0 0 0 12 1304 
34 28 25 103 0 66 0 3000 43 3000 160 0 732 12 0 0 0 71 208 51 0 49 3000 1130 0 39 69 25 0 0 0 14 0 166 223 105 122 57 2680 300 146 7 0 1123 281 3000 9 174 0 84 817 106 55 251 62 515 0 0 28 28 57 290 555 797 630 150 519 122 49 1102 24 39 263 302 16 276 0 0 58 124 
