80
0 28 34 40 53 31 31 53 22 20 16 77 31 24 20 49 43 41 66 51 51 24 50 48 45 42 49 56 52 49 58 72 53 46 12 28 50 63 35 13 64 46 20 26 36 16 49 67 51 50 17 50 32 27 32 28 56 26 51 70 39 26 3 77 41 66 36 14 17 11 71 60 40 14 26 33 29 53 50 62 
28 0 54 52 81 21 49 69 26 41 44 103 52 49 14 67 64 64 92 34 70 41 61 75 73 67 32 66 79 67 83 88 47 40 17 38 63 88 46 41 92 51 40 30 57 43 71 84 78 55 20 77 58 51 24 17 70 5 61 85 20 2 30 94 46 92 63 40 11 23 89 83 18 33 12 48 42 77 50 89 
34 54 0 15 40 65 59 19 57 14 30 78 54 44 53 15 64 58 43 57 17 54 22 39 38 56 55 27 53 14 32 37 44 41 44 19 19 69 66 29 62 78 49 60 58 26 17 33 51 30 34 53 18 14 40 42 23 50 24 36 52 52 35 43 74 45 44 22 47 45 37 30 56 22 58 9 14 24 37 45 
40 52 15 0 55 67 68 18 62 21 40 92 65 55 55 17 76 71 55 46 22 63 10 53 53 69 45 16 68 18 44 36 31 29 46 14 11 84 74 39 76 86 58 65 70 37 28 33 65 15 32 67 33 28 32 37 18 47 11 33 45 50 42 42 81 58 58 31 48 50 38 39 50 26 59 8 11 35 23 58 
53 81 40 55 0 81 56 49 70 44 38 40 48 42 73 45 50 43 19 94 40 57 59 7 10 38 93 63 21 43 21 57 84 80 65 57 55 38 67 40 24 79 53 71 49 38 31 52 19 69 64 24 25 32 75 75 55 78 62 59 87 79 52 59 77 15 28 41 71 62 51 30 90 51 79 49 52 26 77 10 
31 21 65 67 81 0 37 82 13 50 44 96 42 42 12 79 52 54 96 55 81 30 77 75 72 58 53 82 75 78 89 101 68 60 21 53 77 80 29 42 87 32 31 14 46 45 80 97 74 73 35 72 62 57 44 37 84 25 77 99 41 22 31 107 26 95 58 45 19 20 101 91 38 43 9 61 56 84 69 91 
31 49 59 68 56 37 0 77 25 47 29 60 8 15 36 73 15 18 74 80 73 8 78 49 46 23 78 84 42 72 70 95 84 77 35 58 77 44 12 30 53 23 11 23 9 33 67 89 42 81 48 39 47 46 63 57 82 51 80 94 67 49 29 99 22 71 28 37 40 28 92 76 66 44 40 61 58 69 82 65 
53 69 19 18 49 82 77 0 75 33 48 89 72 63 70 4 82 76 43 63 8 73 14 50 50 73 63 16 66 6 32 19 45 45 62 31 10 83 85 48 73 97 68 79 77 45 18 15 64 27 49 67 33 32 50 55 7 64 17 17 63 67 54 25 93 48 60 41 64 64 20 25 68 40 75 21 27 24 37 49 
22 26 57 62 70 13 25 75 0 43 33 84 29 30 13 72 40 42 85 59 73 17 72 63 60 46 57 78 62 71 79 94 68 61 16 48 72 67 20 32 74 27 18 4 34 35 71 90 62 70 32 59 52 48 45 38 78 29 72 92 46 27 22 99 21 84 45 36 19 12 93 81 44 36 16 55 50 74 68 79 
20 41 14 21 44 50 47 33 43 0 19 77 43 34 39 29 55 50 52 50 31 42 31 40 39 49 48 37 51 28 43 51 43 38 30 14 30 66 53 17 62 65 37 46 48 16 30 47 50 35 21 50 19 13 31 31 36 37 33 50 43 39 21 57 60 53 38 10 33 31 51 42 46 8 44 14 12 36 38 51 
16 44 30 40 38 44 29 48 33 19 0 62 24 15 35 44 35 31 52 64 44 26 50 32 29 30 62 56 37 43 46 66 61 55 27 33 48 49 37 3 49 50 20 35 29 4 39 61 36 54 30 35 19 17 44 42 53 41 52 65 53 42 14 70 46 51 21 9 33 24 63 49 55 20 41 32 31 42 57 47 
77 103 78 92 40 96 60 89 84 77 62 0 54 55 92 85 46 42 54 126 80 67 98 39 40 38 124 103 26 83 60 97 120 115 87 91 95 17 71 65 16 80 65 83 51 64 71 92 27 107 92 27 60 66 106 104 95 103 101 99 115 102 74 98 81 47 41 70 93 81 90 70 117 81 97 85 87 66 114 43 
31 52 54 65 48 42 8 72 29 43 24 54 0 9 39 68 13 12 66 81 67 12 74 41 38 16 79 80 35 67 63 89 83 76 36 56 73 38 19 26 46 31 12 28 6 28 61 84 35 78 47 31 40 40 62 58 77 53 76 88 68 52 28 93 30 63 20 33 42 30 86 69 68 42 44 57 55 62 80 57 
24 49 44 55 42 42 15 63 30 34 15 55 9 0 37 59 21 17 59 75 58 15 65 35 32 18 73 71 32 57 55 80 75 68 32 47 63 39 26 17 45 38 12 30 14 19 52 74 32 69 41 29 31 31 56 52 68 48 67 79 63 48 21 84 36 56 15 24 38 26 76 60 63 33 43 47 46 53 71 51 
20 14 53 55 73 12 36 70 13 39 35 92 39 37 0 67 51 51 86 47 70 28 65 67 64 55 45 70 69 67 79 89 57 50 9 41 65 76 32 33 81 38 27 16 44 36 68 85 68 61 23 66 52 47 33 26 72 16 65 87 33 14 21 95 33 86 52 35 7 11 89 80 32 31 6 49 43 73 58 82 
49 67 15 17 45 79 73 4 72 29 44 85 68 59 67 0 77 72 41 63 6 69 15 46 46 69 62 18 62 2 30 22 46 45 58 29 11 79 81 44 69 93 64 75 72 41 15 18 60 27 46 63 29 28 49 53 10 62 18 21 61 64 50 28 89 46 56 37 61 60 23 23 66 36 72 19 25 22 38 47 
43 64 64 76 50 52 15 82 40 55 35 46 13 21 51 77 0 7 69 93 76 23 85 44 41 13 91 91 32 76 68 97 95 88 49 68 83 29 25 38 42 33 25 38 7 39 69 92 33 89 60 29 49 50 75 70 87 65 87 97 81 64 40 101 34 65 23 45 54 42 93 75 81 54 56 68 66 68 92 59 
41 64 58 71 43 54 18 76 42 50 31 42 12 17 51 72 7 0 62 92 70 24 80 37 34 6 89 86 26 70 61 91 92 85 48 64 78 26 29 34 36 39 24 40 9 35 62 85 27 85 58 22 42 44 73 68 81 64 82 91 79 64 38 94 39 58 16 40 54 41 87 68 80 50 56 63 62 62 88 52 
66 92 43 55 19 96 74 43 85 52 52 54 66 59 86 41 69 62 0 99 35 74 56 26 29 57 98 58 40 39 11 45 85 83 78 62 52 56 85 54 40 97 70 87 68 51 27 40 38 68 73 43 34 41 82 83 49 88 59 47 94 90 65 45 95 7 47 52 83 76 37 19 98 60 92 52 57 20 78 12 
51 34 57 46 94 55 80 63 59 50 64 126 81 75 47 63 93 92 99 0 68 72 51 91 89 93 2 53 100 64 89 78 22 19 45 38 54 113 79 61 112 85 69 63 86 61 73 77 99 39 34 99 70 63 20 23 61 31 49 75 14 33 54 85 80 102 85 56 41 52 83 85 17 45 46 48 43 81 29 100 
51 70 17 22 40 81 73 8 73 31 44 80 67 58 70 6 76 70 35 68 0 70 21 42 42 66 67 24 58 4 24 22 52 51 61 34 17 75 81 44 65 94 64 77 71 41 9 17 56 34 50 59 27 28 54 57 15 66 24 21 66 68 52 26 90 40 54 38 64 62 20 17 71 39 75 23 29 16 44 41 
24 41 54 63 57 30 8 73 17 42 26 67 12 15 28 69 23 24 74 72 70 0 73 50 47 29 70 79 46 68 70 91 77 70 27 52 72 50 12 26 58 24 5 16 16 29 65 86 46 74 40 43 44 42 55 49 77 43 74 90 59 41 22 96 21 72 30 32 32 20 89 74 58 38 32 55 52 67 75 66 
50 61 22 10 59 77 78 14 72 31 50 98 74 65 65 15 85 80 56 51 21 73 0 59 58 78 50 6 74 17 45 28 32 32 57 24 4 91 84 48 82 96 68 76 79 46 29 26 72 13 42 74 39 36 40 45 10 56 3 25 52 59 52 34 91 60 66 41 58 60 32 38 57 36 69 18 22 36 24 61 
48 75 39 53 7 75 49 50 63 40 32 39 41 35 67 46 44 37 26 91 42 50 59 0 3 31 89 63 17 44 26 60 82 78 59 54 55 34 60 35 23 72 46 64 42 32 32 55 15 68 59 19 22 28 71 71 56 73 62 61 82 74 46 62 70 22 21 36 65 56 54 34 85 46 73 47 50 29 76 16 
45 73 38 53 10 72 46 50 60 39 29 40 38 32 64 46 41 34 29 89 42 47 58 3 0 29 87 63 16 44 28 61 81 76 57 52 55 33 57 32 24 69 43 61 40 30 33 56 14 68 57 17 20 27 70 69 56 70 61 62 80 71 43 64 67 25 18 34 63 53 56 36 83 44 70 46 48 30 75 19 
42 67 56 69 38 58 23 73 46 49 30 38 16 18 55 69 13 6 57 93 66 29 78 31 29 0 91 83 20 67 56 87 92 85 51 63 75 21 34 33 31 45 28 45 14 34 58 82 21 84 59 17 39 42 74 70 78 67 80 87 81 66 39 90 44 53 12 40 56 44 83 64 82 50 60 61 61 57 87 47 
49 32 55 45 93 53 78 63 57 48 62 124 79 73 45 62 91 89 98 2 67 70 50 89 87 91 0 53 98 63 87 78 22 18 43 36 53 111 77 59 110 83 67 61 84 59 72 77 97 39 32 97 68 61 18 21 60 29 48 75 12 31 52 84 77 100 83 54 39 50 82 84 15 43 44 46 41 79 29 99 
56 66 27 16 63 82 84 16 78 37 56 103 80 71 70 18 91 86 58 53 24 79 6 63 63 83 53 0 79 20 48 25 33 35 62 30 8 96 90 54 87 102 74 82 85 52 33 25 77 14 48 79 45 42 44 50 10 61 6 22 56 64 58 32 97 63 71 47 64 66 31 40 61 42 74 24 28 39 25 65 
52 79 53 68 21 75 42 66 62 51 37 26 35 32 69 62 32 26 40 100 58 46 74 17 16 20 98 79 0 60 42 77 94 89 63 65 71 17 54 40 12 65 44 62 34 39 49 72 2 83 67 3 35 40 81 78 72 78 77 78 90 78 50 79 64 35 17 44 69 57 71 51 92 55 75 60 62 46 89 29 
49 67 14 18 43 78 72 6 71 28 43 83 67 57 67 2 76 70 39 64 4 68 17 44 44 67 63 20 60 0 28 23 47 46 58 30 13 77 80 42 67 92 63 74 71 39 12 19 58 29 47 61 27 27 49 53 12 62 20 22 62 65 49 28 88 43 54 36 61 59 23 21 67 36 72 19 25 19 40 44 
58 83 32 44 21 89 70 32 79 43 46 60 63 55 79 30 68 61 11 89 24 70 45 26 28 56 87 48 42 28 0 37 74 72 70 51 41 59 81 47 45 93 65 81 66 44 16 32 40 57 64 44 27 32 72 73 39 79 48 39 84 81 58 38 90 16 45 44 75 69 30 10 88 50 85 41 46 9 67 18 
72 88 37 36 57 101 95 19 94 51 66 97 89 80 89 22 97 91 45 78 22 91 28 60 61 87 78 25 77 23 37 0 58 60 80 50 26 94 103 65 82 115 86 97 93 62 29 6 75 39 68 79 49 49 68 73 18 83 30 4 80 85 72 7 111 52 75 59 83 82 8 27 85 58 94 40 46 31 50 55 
53 47 44 31 84 68 84 45 68 43 61 120 83 75 57 46 95 92 85 22 52 77 32 82 81 92 22 33 94 47 74 58 0 7 52 29 36 109 86 58 105 95 73 72 88 58 59 58 93 19 37 94 61 54 24 31 41 42 29 55 30 45 55 65 89 89 82 52 50 58 64 69 35 42 59 35 32 66 8 89 
46 40 41 29 80 60 77 45 61 38 55 115 76 68 50 45 88 85 83 19 51 70 32 78 76 85 18 35 89 46 72 60 7 0 45 24 36 104 78 52 100 87 66 65 81 52 57 59 88 21 29 88 56 50 16 24 42 35 30 57 23 38 48 66 82 86 76 46 43 51 65 68 29 36 51 32 28 64 11 86 
12 17 44 46 65 21 35 62 16 30 27 87 36 32 9 58 49 48 78 45 61 27 57 59 57 51 43 62 63 58 70 80 52 45 0 33 57 72 34 25 75 43 24 21 42 28 59 76 62 54 16 60 44 38 29 23 63 16 57 78 32 16 14 86 37 78 46 26 6 7 80 71 32 22 15 40 35 64 51 74 
28 38 19 14 57 53 58 31 48 14 33 91 56 47 41 29 68 64 62 38 34 52 24 54 52 63 36 30 65 30 51 50 29 24 33 0 25 80 62 30 76 73 47 52 61 29 36 47 64 23 18 64 32 26 21 24 32 33 24 47 33 36 30 56 68 64 53 23 34 37 52 48 38 14 45 11 5 43 24 63 
50 63 19 11 55 77 77 10 72 30 48 95 73 63 65 11 83 78 52 54 17 72 4 55 55 75 53 8 71 13 41 26 36 36 57 25 0 88 83 47 79 95 67 75 77 44 25 23 69 17 43 71 37 33 42 47 7 57 7 23 54 60 51 32 90 56 63 40 59 60 29 34 59 36 70 17 22 32 27 57 
63 88 69 84 38 80 44 83 67 66 49 17 38 39 76 79 29 26 56 113 75 50 91 34 33 21 111 96 17 77 59 94 109 104 72 80 88 0 54 52 17 63 49 66 34 52 66 89 19 99 79 16 51 56 93 90 89 88 93 95 101 87 60 96 63 50 28 57 78 65 88 68 103 68 81 76 77 63 104 44 
35 46 66 74 67 29 12 85 20 53 37 71 19 26 32 81 25 29 85 79 81 12 84 60 57 34 77 90 54 80 81 103 86 78 34 62 83 54 0 37 65 13 17 16 20 40 76 98 54 85 49 50 56 54 63 57 89 48 85 102 65 46 33 107 10 82 39 44 38 27 100 85 64 48 35 66 63 78 84 76 
13 41 29 39 40 42 30 48 32 17 3 65 26 17 33 44 38 34 54 61 44 26 48 35 32 33 59 54 40 42 47 65 58 52 25 30 47 52 37 0 52 50 21 34 31 3 40 60 39 52 27 38 21 17 41 38 52 38 50 64 50 39 11 70 46 53 24 7 30 22 63 50 52 17 39 31 29 43 54 49 
64 92 62 76 24 87 53 73 74 62 49 16 46 45 81 69 42 36 40 112 65 58 82 23 24 31 110 87 12 67 45 82 105 100 75 76 79 17 65 52 0 75 56 74 45 51 55 76 13 92 79 15 44 50 92 90 79 90 85 83 102 90 62 82 75 33 29 55 81 70 75 54 104 66 87 70 72 50 99 28 
46 51 78 86 79 32 23 97 27 65 50 80 31 38 38 93 33 39 97 85 94 24 96 72 69 45 83 102 65 92 93 115 95 87 43 73 95 63 13 50 75 0 29 22 31 53 89 110 65 96 58 61 69 66 71 64 101 55 97 114 71 52 44 120 6 94 51 56 45 37 113 98 69 60 39 78 74 91 94 88 
20 40 49 58 53 31 11 68 18 37 20 65 12 12 27 64 25 24 70 69 64 5 68 46 43 28 67 74 44 63 65 86 73 66 24 47 67 49 17 21 56 29 0 18 17 24 60 81 44 70 36 41 39 37 51 46 72 41 69 85 56 40 18 91 26 68 27 27 30 17 84 69 56 33 32 50 47 62 70 62 
26 30 60 65 71 14 23 79 4 46 35 83 28 30 16 75 38 40 87 63 77 16 76 64 61 45 61 82 62 74 81 97 72 65 21 52 75 66 16 34 74 22 18 0 32 37 73 93 62 74 36 59 54 50 49 42 82 33 76 96 49 31 25 103 17 85 45 39 23 16 96 84 48 40 19 59 54 77 72 80 
36 57 58 70 49 46 9 77 34 48 29 51 6 14 44 72 7 9 68 86 71 16 79 42 40 14 84 85 34 71 66 93 88 81 42 61 77 34 20 31 45 31 17 32 0 33 65 88 34 83 53 30 44 45 68 63 82 58 81 93 73 57 33 97 30 64 21 38 47 35 89 72 74 47 49 62 60 65 85 59 
16 43 26 37 38 45 33 45 35 16 4 64 28 19 36 41 39 35 51 61 41 29 46 32 30 34 59 52 39 39 44 62 58 52 28 29 44 52 40 3 51 53 24 37 33 0 36 57 37 50 28 37 17 13 42 40 49 41 48 61 51 41 14 67 49 50 24 6 33 25 60 47 54 17 42 29 27 40 53 46 
49 71 17 28 31 80 67 18 71 30 39 71 61 52 68 15 69 62 27 73 9 65 29 32 33 58 72 33 49 12 16 29 59 57 59 36 25 66 76 40 55 89 60 73 65 36 0 23 47 41 51 50 21 23 57 60 24 67 33 29 69 69 49 32 85 31 46 35 64 59 25 12 74 38 74 26 31 7 51 32 
67 84 33 33 52 97 89 15 90 47 61 92 84 74 85 18 92 85 40 77 17 86 26 55 56 82 77 25 72 19 32 6 58 59 76 47 23 89 98 60 76 110 81 93 88 57 23 0 69 39 64 73 43 44 65 70 17 79 29 7 78 82 68 10 106 46 69 54 79 78 6 22 83 54 90 36 42 26 50 50 
51 78 51 65 19 74 42 64 62 50 36 27 35 32 68 60 33 27 38 99 56 46 72 15 14 21 97 77 2 58 40 75 93 88 62 64 69 19 54 39 13 65 44 62 34 37 47 69 0 81 65 5 33 38 79 77 70 77 75 76 89 77 49 77 64 33 17 42 68 57 69 49 91 54 74 58 60 44 87 27 
50 55 30 15 69 73 81 27 70 35 54 107 78 69 61 27 89 85 68 39 34 74 13 68 68 84 39 14 83 29 57 39 19 21 54 23 17 99 85 52 92 96 70 74 83 50 41 39 81 0 38 82 48 43 32 39 22 50 10 36 43 53 52 46 90 72 72 45 54 59 45 51 48 37 65 23 23 49 11 73 
17 20 34 32 64 35 48 49 32 21 30 92 47 41 23 46 60 58 73 34 50 40 42 59 57 59 32 48 67 47 64 68 37 29 16 18 43 79 49 27 79 58 36 36 53 28 51 64 65 38 0 65 40 33 15 12 50 16 42 65 23 18 20 74 53 74 51 24 16 22 69 63 26 14 27 28 22 57 36 71 
50 77 53 67 24 72 39 67 59 50 35 27 31 29 66 63 29 22 43 99 59 43 74 19 17 17 97 79 3 61 44 79 94 88 60 64 71 16 50 38 15 61 41 59 30 37 50 73 5 82 65 0 35 40 79 77 73 76 77 79 88 76 47 81 61 38 14 42 66 55 73 53 90 54 72 60 61 47 88 31 
32 58 18 33 25 62 47 33 52 19 19 60 40 31 52 29 49 42 34 70 27 44 39 22 20 39 68 45 35 27 27 49 61 56 44 32 37 51 56 21 44 69 39 54 44 17 21 43 33 48 40 35 0 7 51 51 39 55 42 49 62 56 31 53 65 35 27 18 49 42 45 30 65 26 58 26 28 23 54 32 
27 51 14 28 32 57 46 32 48 13 17 66 40 31 47 28 50 44 41 63 28 42 36 28 27 42 61 42 40 27 32 49 54 50 38 26 33 56 54 17 50 66 37 50 45 13 23 44 38 43 33 40 7 0 44 44 37 48 38 48 55 50 26 54 62 41 30 12 43 37 47 34 58 19 53 20 22 27 48 39 
32 24 40 32 75 44 63 50 45 31 44 106 62 56 33 49 75 73 82 20 54 55 40 71 70 74 18 44 81 49 72 68 24 16 29 21 42 93 63 41 92 71 51 49 68 42 57 65 79 32 15 79 51 44 0 7 49 19 39 65 13 22 35 74 66 84 66 37 27 36 71 69 17 26 35 31 26 64 25 82 
28 17 42 37 75 37 57 55 38 31 42 104 58 52 26 53 70 68 83 23 57 49 45 71 69 70 21 50 78 53 73 73 31 24 23 24 47 90 57 38 90 64 46 42 63 40 60 70 77 39 12 77 51 44 7 0 54 12 44 70 12 15 31 79 59 85 63 35 20 30 75 72 15 25 28 35 28 66 33 82 
56 70 23 18 55 84 82 7 78 36 53 95 77 68 72 10 87 81 49 61 15 77 10 56 56 78 60 10 72 12 39 18 41 42 63 32 7 89 89 52 79 101 72 82 82 49 24 17 70 22 50 73 39 37 49 54 0 65 12 16 61 67 57 25 96 54 66 45 66 66 23 31 66 42 76 23 28 30 33 56 
26 5 50 47 78 25 51 64 29 37 41 103 53 48 16 62 65 64 88 31 66 43 56 73 70 67 29 61 78 62 79 83 42 35 16 33 57 88 48 38 90 55 41 33 58 41 67 79 77 50 16 76 55 48 19 12 65 0 55 80 17 3 28 89 49 89 61 37 11 23 84 79 16 29 16 43 37 73 44 86 
51 61 24 11 62 77 80 17 72 33 52 101 76 67 65 18 87 82 59 49 24 74 3 62 61 80 48 6 77 20 48 30 29 30 57 24 7 93 85 50 85 97 69 76 81 48 33 29 75 10 42 77 42 38 39 44 12 55 0 27 50 58 53 36 92 64 68 43 58 61 35 41 55 37 69 19 23 40 21 64 
70 85 36 33 59 99 94 17 92 50 65 99 88 79 87 21 97 91 47 75 21 90 25 61 62 87 75 22 78 22 39 4 55 57 78 47 23 95 102 64 83 114 85 96 93 61 29 7 76 36 65 79 49 48 65 70 16 80 27 0 77 83 71 10 110 54 75 58 81 81 12 29 82 57 92 38 44 33 47 57 
39 20 52 45 87 41 67 63 46 43 53 115 68 63 33 61 81 79 94 14 66 59 52 82 80 81 12 56 90 62 84 80 30 23 32 33 54 101 65 50 102 71 56 49 73 51 69 78 89 43 23 88 62 55 13 12 61 17 50 77 0 19 42 86 66 96 74 47 27 39 83 81 5 36 32 44 38 76 34 93 
26 2 52 50 79 22 49 67 27 39 42 102 52 48 14 64 64 64 90 33 68 41 59 74 71 66 31 64 78 65 81 85 45 38 16 36 60 87 46 39 90 52 40 31 57 41 69 82 77 53 18 76 56 50 22 15 67 3 58 83 19 0 29 92 46 90 61 38 10 22 87 81 17 31 13 46 40 75 47 87 
3 30 35 42 52 31 29 54 22 21 14 74 28 21 21 50 40 38 65 54 52 22 52 46 43 39 52 58 50 49 58 72 55 48 14 30 51 60 33 11 62 44 18 25 33 14 49 68 49 52 20 47 31 26 35 31 57 28 53 71 42 29 0 78 39 64 33 14 19 11 71 60 43 16 28 34 30 53 53 60 
77 94 43 42 59 107 99 25 99 57 70 98 93 84 95 28 101 94 45 85 26 96 34 62 64 90 84 32 79 28 38 7 65 66 86 56 32 96 107 70 82 120 91 103 97 67 32 10 77 46 74 81 53 54 74 79 25 89 36 10 86 92 78 0 116 51 78 64 89 88 8 28 91 64 100 46 52 33 57 55 
41 46 74 81 77 26 22 93 21 60 46 81 30 36 33 89 34 39 95 80 90 21 91 70 67 44 77 97 64 88 90 111 89 82 37 68 90 63 10 46 75 6 26 17 30 49 85 106 64 90 53 61 65 62 66 59 96 49 92 110 66 46 39 116 0 92 49 52 39 32 109 95 64 55 34 73 69 88 89 87 
66 92 45 58 15 95 71 48 84 53 51 47 63 56 86 46 65 58 7 102 40 72 60 22 25 53 100 63 35 43 16 52 89 86 78 64 56 50 82 53 33 94 68 85 64 50 31 46 33 72 74 38 35 41 84 85 54 89 64 54 96 90 64 51 92 0 43 52 83 75 44 25 99 61 92 54 59 24 82 6 
36 63 44 58 28 58 28 60 45 38 21 41 20 15 52 56 23 16 47 85 54 30 66 21 18 12 83 71 17 54 45 75 82 76 46 53 63 28 39 24 29 51 27 45 21 24 46 69 17 72 51 14 27 30 66 63 66 61 68 75 74 61 33 78 49 43 0 30 52 40 70 52 76 41 58 50 50 45 77 38 
14 40 22 31 41 45 37 41 36 10 9 70 33 24 35 37 45 40 52 56 38 32 41 36 34 40 54 47 44 36 44 59 52 46 26 23 40 57 44 7 55 56 27 39 38 6 35 54 42 45 24 42 18 12 37 35 45 37 43 58 47 38 14 64 52 52 30 0 31 25 58 46 49 11 41 23 22 39 48 49 
17 11 47 48 71 19 40 64 19 33 33 93 42 38 7 61 54 54 83 41 64 32 58 65 63 56 39 64 69 61 75 83 50 43 6 34 59 78 38 30 81 45 30 23 47 33 64 79 68 54 16 66 49 43 27 20 66 11 58 81 27 10 19 89 39 83 52 31 0 12 84 75 27 25 11 43 37 69 51 79 
11 23 45 50 62 20 28 64 12 31 24 81 30 26 11 60 42 41 76 52 62 20 60 56 53 44 50 66 57 59 69 82 58 51 7 37 60 65 27 22 70 37 17 16 35 25 59 78 57 59 22 55 42 37 36 30 66 23 61 81 39 22 11 88 32 75 40 25 12 0 82 71 39 24 17 43 38 64 57 71 
71 89 37 38 51 101 92 20 93 51 63 90 86 76 89 23 93 87 37 83 20 89 32 54 56 83 82 31 71 23 30 8 64 65 80 52 29 88 100 63 75 113 84 96 89 60 25 6 69 45 69 73 45 47 71 75 23 84 35 12 83 87 71 8 109 44 70 58 84 82 0 20 88 59 95 41 47 25 56 48 
60 83 30 39 30 91 76 25 81 42 49 70 69 60 80 23 75 68 19 85 17 74 38 34 36 64 84 40 51 21 10 27 69 68 71 48 34 68 85 50 54 98 69 84 72 47 12 22 49 51 63 53 30 34 69 72 31 79 41 29 81 81 60 28 95 25 52 46 75 71 20 0 86 50 86 38 43 7 61 28 
40 18 56 50 90 38 66 68 44 46 55 117 68 63 32 66 81 80 98 17 71 58 57 85 83 82 15 61 92 67 88 85 35 29 32 38 59 103 64 52 104 69 56 48 74 54 74 83 91 48 26 90 65 58 17 15 66 16 55 82 5 17 43 91 64 99 76 49 27 39 88 86 0 39 30 48 42 81 39 97 
14 33 22 26 51 43 44 40 36 8 20 81 42 33 31 36 54 50 60 45 39 38 36 46 44 50 43 42 55 36 50 58 42 36 22 14 36 68 48 17 66 60 33 40 47 17 38 54 54 37 14 54 26 19 26 25 42 29 37 57 36 31 16 64 55 61 41 11 25 24 59 50 39 0 36 19 14 44 38 58 
26 12 58 59 79 9 40 75 16 44 41 97 44 43 6 72 56 56 92 46 75 32 69 73 70 60 44 74 75 72 85 94 59 51 15 45 70 81 35 39 87 39 32 19 49 42 74 90 74 65 27 72 58 53 35 28 76 16 69 92 32 13 28 100 34 92 58 41 11 17 95 86 30 36 0 54 48 79 60 88 
33 48 9 8 49 61 61 21 55 14 32 85 57 47 49 19 68 63 52 48 23 55 18 47 46 61 46 24 60 19 41 40 35 32 40 11 17 76 66 31 70 78 50 59 62 29 26 36 58 23 28 60 26 20 31 35 23 43 19 38 44 46 34 46 73 54 50 23 43 43 41 38 48 19 54 0 6 33 29 54 
29 42 14 11 52 56 58 27 50 12 31 87 55 46 43 25 66 62 57 43 29 52 22 50 48 61 41 28 62 25 46 46 32 28 35 5 22 77 63 29 72 74 47 54 60 27 31 42 60 23 22 61 28 22 26 28 28 37 23 44 38 40 30 52 69 59 50 22 37 38 47 43 42 14 48 6 0 38 27 58 
53 77 24 35 26 84 69 24 74 36 42 66 62 53 73 22 68 62 20 81 16 67 36 29 30 57 79 39 46 19 9 31 66 64 64 43 32 63 78 43 50 91 62 77 65 40 7 26 44 49 57 47 23 27 64 66 30 73 40 33 76 75 53 33 88 24 45 39 69 64 25 7 81 44 79 33 38 0 58 26 
50 50 37 23 77 69 82 37 68 38 57 114 80 71 58 38 92 88 78 29 44 75 24 76 75 87 29 25 89 40 67 50 8 11 51 24 27 104 84 54 99 94 70 72 85 53 51 50 87 11 36 88 54 48 25 33 33 44 21 47 34 47 53 57 89 82 77 48 51 57 56 61 39 38 60 29 27 58 0 81 
62 89 45 58 10 91 65 49 79 51 47 43 57 51 82 47 59 52 12 100 41 66 61 16 19 47 99 65 29 44 18 55 89 86 74 63 57 44 76 49 28 88 62 80 59 46 32 50 27 73 71 31 32 39 82 82 56 86 64 57 93 87 60 55 87 6 38 49 79 71 48 28 97 58 88 54 58 26 81 0 
0 0 0 0 170 0 0 0 32 234 69 232 169 10 0 614 234 0 11 109 0 0 551 200 0 31 70 356 0 126 0 0 128 397 0 104 0 0 455 196 33 79 241 12 14 0 0 0 180 0 41 0 149 28 0 0 46 0 15 0 1164 0 13 725 45 269 12 9 883 43 0 0 0 335 0 0 78 158 44 0 
0 0 37 1526 382 0 1341 88 240 1254 29 0 261 0 11 201 3000 936 308 62 108 111 3000 534 157 18 10 0 121 148 13 13 14 712 0 0 33 0 0 0 15 377 361 462 0 19 241 81 0 14 0 88 0 226 85 0 89 124 13 11 0 605 247 135 0 3000 86 453 13 0 2422 23 18 48 283 23 0 67 62 43 
0 37 0 987 245 0 47 80 41 449 182 0 93 0 130 1097 1314 494 20 156 110 104 28 7 35 588 141 0 10 339 310 1290 295 11 0 0 136 0 0 0 92 66 258 21 0 293 2458 370 23 1397 0 123 0 53 766 0 113 16 250 45 0 1312 349 224 0 20 586 10 59 12 197 459 60 202 11 69 0 922 1586 0 
0 1526 987 0 236 0 21 141 0 195 264 0 11 0 177 713 151 98 266 167 133 132 38 1032 27 57 0 0 277 104 692 1116 11 55 0 0 42 0 0 0 15 21 281 2704 0 266 185 170 175 12 0 409 0 927 155 0 73 17 100 447 0 3000 91 69 0 3000 160 95 198 329 147 33 545 24 62 13 0 24 121 0 
170 382 245 236 0 0 255 61 12 558 500 2433 20 47 11 248 87 23 482 801 67 69 31 1555 176 193 471 1666 69 99 18 90 39 87 0 0 413 0 1624 67 170 117 72 146 48 13 17 19 9 154 26 416 186 189 263 0 135 8 57 340 10 42 476 392 16 25 91 135 204 1514 44 705 16 286 1113 302 51 156 88 0 
0 0 0 0 0 0 0 1331 27 3000 0 16 0 264 8 0 0 2983 243 13 0 0 772 83 270 309 375 1486 94 119 116 344 0 68 171 0 0 29 0 284 128 215 8 0 63 77 0 78 3000 122 823 0 992 304 0 26 0 0 163 0 1054 726 20 0 154 0 0 0 0 0 100 0 1093 0 46 19 36 0 3000 7 
0 1341 47 21 255 0 0 510 0 21 0 0 40 0 151 354 190 1914 612 358 91 345 3000 31 1363 60 0 0 562 102 56 39 72 117 0 0 84 0 0 0 49 0 97 88 0 91 37 255 0 36 0 918 0 21 64 0 18 18 12 129 0 3000 3000 332 0 876 0 621 0 0 30 149 100 2941 15 77 0 234 3000 0 
0 88 80 141 61 1331 510 0 163 288 0 2498 52 876 8 25 71 528 343 12 12 8 3000 25 556 117 1766 3000 876 204 12 704 0 275 183 0 1836 29 0 11 99 63 1689 749 3000 318 57 1687 174 42 0 728 0 689 131 20 19 428 1657 1360 252 709 109 1079 46 1724 113 328 97 0 100 87 1409 1439 875 64 1080 165 667 349 
32 240 41 0 12 27 0 163 0 13 0 573 0 44 379 0 13 196 287 28 0 0 239 69 1013 60 18 21 467 58 12 630 0 125 30 79 0 1339 138 365 12 50 192 0 76 1997 0 82 1735 199 550 90 229 30 0 237 0 0 829 0 107 15 30 0 3000 338 0 345 25 0 15 0 2549 13 77 1352 133 0 1195 17 
234 1254 449 195 558 3000 21 288 13 0 36 145 14 182 126 33 13 363 40 1814 673 17 12 38 187 49 54 8 118 10 23 24 30 15 190 0 262 594 232 10 303 31 29 32 28 1553 234 123 663 544 42 97 285 283 49 621 315 56 257 170 765 14 43 45 18 12 15 63 45 61 12 1296 165 384 194 395 234 326 121 22 
69 29 182 264 500 0 0 0 0 36 0 53 601 0 0 29 55 0 391 22 0 1071 46 127 0 1862 0 300 0 98 101 72 18 11 0 379 31 0 57 0 59 301 9 398 19 65 369 0 23 15 121 0 271 9 153 0 32 46 264 0 0 0 71 165 23 275 166 27 222 17 674 16 0 60 0 45 274 12 456 0 
232 0 0 0 2433 16 0 2498 573 145 53 0 314 3000 0 38 334 814 1974 642 0 0 17 31 58 332 44 12 2475 290 31 56 0 8 355 57 0 192 101 8 469 701 70 3000 260 380 0 0 140 1527 42 0 491 273 0 420 366 0 261 0 8 105 17 1007 116 115 24 1690 96 31 186 139 0 121 0 32 11 0 765 8 
169 261 93 11 20 0 40 52 0 14 601 314 0 40 0 625 16 0 80 195 0 236 85 2946 0 20 0 688 0 434 9 21 129 72 0 17 62 0 3000 0 9 36 77 43 69 358 35 0 474 1878 3000 0 202 20 236 0 11 3000 19 0 0 1613 573 61 8 17 1424 59 151 23 908 50 0 413 0 3000 62 10 140 0 
10 0 0 0 47 264 0 876 44 182 0 3000 40 0 85 0 0 8 983 433 0 0 1703 49 25 233 10 45 80 32 46 46 0 8 3000 71 0 17 912 447 24 24 72 0 1532 19 0 334 24 419 551 0 73 51 0 88 0 0 2524 0 598 39 65 0 167 46 118 33 141 134 54 0 58 119 256 173 129 0 47 20 
0 11 130 177 11 8 151 8 379 126 0 0 0 85 0 1292 154 3000 497 106 812 498 140 1791 15 319 269 0 13 33 500 64 0 47 81 0 587 0 0 0 8 573 11 19 0 16 744 37 0 1216 0 95 0 1277 326 0 132 124 97 311 122 30 103 255 238 877 0 102 0 0 27 42 114 235 431 56 0 20 98 43 
614 201 1097 713 248 0 354 25 0 33 29 38 625 0 1292 0 641 88 31 16 1393 867 148 47 62 477 0 0 1272 256 31 2536 30 178 0 0 46 0 38 0 42 90 39 53 0 1321 14 14 25 449 0 18 0 264 1011 0 418 291 628 664 0 13 59 48 0 706 535 21 148 44 84 797 3000 1067 239 2409 0 525 27 0 
234 3000 1314 151 87 0 190 71 13 13 55 334 16 0 154 641 0 316 2228 3000 1589 54 74 26 13 166 9 398 277 57 159 1674 18 29 0 0 74 0 15 0 95 46 60 3000 0 48 16 95 1013 279 0 21 0 42 219 0 46 38 230 82 0 295 42 112 154 32 550 186 49 65 141 716 15 239 701 209 0 224 299 0 
0 936 494 98 23 2983 1914 528 196 363 0 814 0 8 3000 88 316 0 18 2029 183 528 369 66 8 15 294 0 18 13 8 17 0 43 12 0 30 10 0 0 16 11 224 27 0 11 362 3000 10 191 0 25 0 99 234 617 47 8 16 14 175 44 3000 236 338 544 0 3000 788 0 110 1001 3000 457 64 67 624 13 23 8 
11 308 20 266 482 243 612 343 287 40 391 1974 80 983 497 31 2228 18 0 2610 0 0 99 123 63 181 389 32 11 48 509 450 0 19 68 766 0 572 2089 364 36 842 414 39 240 36 63 3000 663 185 104 13 158 35 34 876 17 0 70 55 27 19 162 245 1056 21 364 63 232 64 125 1620 782 347 89 39 224 0 79 868 
109 62 156 167 801 13 358 12 28 1814 22 642 195 433 106 16 3000 2029 2610 0 0 69 314 53 141 50 15 11 51 25 11 179 298 474 336 98 97 32 364 656 265 1248 29 1355 32 235 9 3000 48 261 15 35 39 434 653 412 99 49 130 422 338 3000 11 30 170 21 101 1131 1165 9 40 177 486 10 73 40 12 46 106 24 
0 108 110 133 67 0 91 12 0 673 0 0 0 0 812 1393 1589 183 0 0 0 1417 11 18 14 111 0 0 253 0 22 856 0 698 0 0 10 0 0 0 0 0 17 0 0 26 3000 9 0 281 0 40 0 25 16 0 0 398 8 26 0 80 0 19 0 0 0 0 0 0 1805 17 18 0 424 18 0 0 256 16 
0 111 104 132 69 0 345 8 0 17 1071 0 236 0 498 867 54 528 0 69 1417 0 14 10 248 10 0 0 120 12 13 79 10 77 0 0 32 0 0 0 467 19 18 32 0 92 11 195 0 84 0 96 0 180 9 0 26 311 45 221 0 154 27 170 0 319 53 281 133 0 30 17 38 13 19 156 0 12 7 0 
551 3000 28 38 31 772 3000 3000 239 12 46 17 85 1703 140 148 74 369 99 314 11 14 0 601 208 1365 95 96 106 33 86 22 0 447 1559 0 3000 69 95 74 65 53 1263 338 61 30 148 1155 29 188 88 294 29 89 8 1715 100 165 28 13 1214 17 991 21 144 335 3000 31 644 132 8 93 619 25 113 130 50 15 20 19 
200 534 7 1032 1555 83 31 25 69 38 127 31 2946 49 1791 47 26 66 123 53 18 10 601 0 149 18 13 108 125 2038 200 697 25 232 0 0 156 0 3000 441 26 9 315 93 61 506 189 849 2478 360 78 41 262 146 134 0 53 13 11 298 701 30 131 130 22 108 91 125 23 99 306 138 115 894 29 1380 504 336 28 2063 
0 157 35 27 176 270 1363 556 1013 187 0 58 0 25 15 62 13 8 63 141 14 248 208 149 0 46 44 0 10 8 41 8 0 75 140 0 0 24 0 631 324 7 234 0 7 93 48 372 94 208 0 63 0 7 683 1093 0 62 442 144 276 576 25 46 664 145 0 445 0 0 173 1875 8 139 26 146 1188 0 13 422 
31 18 588 57 193 309 60 117 60 49 1862 332 20 233 319 477 166 15 181 50 111 10 1365 18 46 0 986 612 15 330 84 732 72 1496 18 0 75 35 96 550 725 97 25 605 2469 1047 52 374 442 181 518 94 24 67 48 0 18 7 9 239 2112 906 1497 1062 13 31 10 11 449 114 594 201 102 14 659 1026 16 16 1103 223 
70 10 141 0 471 375 0 1766 18 54 0 44 0 10 269 0 9 294 389 15 0 0 95 13 44 986 0 21 106 14 12 17 0 1408 33 0 0 7 0 94 64 31 234 0 515 75 0 172 663 1497 196 657 23 35 9 164 0 0 224 71 8 233 1493 0 8 476 0 263 2969 0 25 0 2593 30 10 197 246 0 46 188 
356 0 0 0 1666 1486 0 3000 21 8 300 12 688 45 0 0 398 0 32 11 0 0 96 108 0 612 21 0 0 8 67 0 0 39 0 465 0 49 151 512 1744 3000 233 14 38 0 0 0 11 10 48 0 713 28 0 0 31 0 144 0 13 74 242 0 3000 285 704 13 45 10 0 0 0 41 0 460 3000 0 58 0 
0 121 10 277 69 94 562 876 467 118 0 2475 0 80 13 1272 277 18 11 51 253 120 106 125 10 15 106 0 0 22 181 52 0 173 600 0 0 487 0 150 14 415 29 0 17 9 38 212 181 155 0 16 0 140 60 8 0 39 37 75 410 20 46 44 8 7 0 0 0 0 12 10 8 8 168 21 131 0 841 47 
126 148 339 104 99 119 102 204 58 10 98 290 434 32 33 256 57 13 48 25 0 12 33 2038 8 330 14 8 22 0 491 523 213 91 0 64 201 9 31 624 1447 2046 2877 244 241 190 22 287 753 10 565 164 143 344 102 0 31 13 12 139 552 56 458 195 210 316 199 208 15 111 39 24 698 9 109 181 21 112 40 17 
0 13 310 692 18 116 56 12 12 23 101 31 9 46 500 31 159 8 509 11 22 13 86 200 41 84 12 67 181 491 0 208 12 2372 353 0 52 76 0 161 229 70 119 330 1885 36 98 144 23 1500 562 43 0 57 27 54 17 181 53 279 44 64 32 28 26 812 16 3000 201 576 69 2266 173 85 2762 68 11 534 40 15 
0 13 1290 1116 90 344 39 704 630 24 72 56 21 46 64 2536 1674 17 450 179 856 79 22 697 8 732 17 0 52 523 208 0 49 61 10 0 379 0 0 0 26 664 91 3000 0 221 38 26 79 18 0 397 0 343 350 0 3000 1508 158 726 1250 84 170 291 86 396 3000 598 11 17 85 77 28 482 33 9 58 360 235 127 
128 14 295 11 39 0 72 0 0 30 18 0 129 0 0 30 18 0 0 298 0 10 0 25 0 72 0 0 0 213 12 49 0 137 0 0 35 0 85 0 105 0 28 384 0 9 63 0 28 975 0 0 0 48 1368 0 94 42 0 134 0 0 23 504 0 2410 749 11 57 116 2902 12 0 885 0 0 0 93 12 0 
397 712 11 55 87 68 117 275 125 15 11 8 72 8 47 178 29 43 19 474 698 77 447 232 75 1496 1408 39 173 91 2372 61 137 0 156 0 9 27 146 1196 115 23 314 910 907 71 1085 44 155 74 93 10 112 242 385 0 152 72 430 18 269 716 1146 198 183 13 36 52 89 57 53 66 201 10 26 54 64 9 13 380 
0 0 0 0 0 171 0 183 30 190 0 355 0 3000 81 0 0 12 68 336 0 0 1559 0 140 18 33 0 600 0 353 10 0 156 0 0 0 1368 0 230 64 319 689 0 2057 32 0 505 596 0 0 0 0 21 0 29 0 0 12 0 67 244 0 0 170 0 0 0 0 0 1135 0 17 0 34 29 274 0 429 3000 
104 0 0 0 0 0 0 0 79 0 379 57 17 71 0 0 0 0 766 98 0 0 0 0 0 0 0 465 0 64 0 0 0 0 0 0 0 0 168 7 10 172 0 0 45 0 0 0 50 0 83 0 261 666 0 0 0 0 0 0 479 0 43 0 714 314 21 304 208 190 0 0 0 9 0 0 652 0 0 0 
0 33 136 42 413 0 84 1836 0 262 31 0 62 0 587 46 74 30 0 97 10 32 3000 156 0 75 0 0 0 201 52 379 35 9 0 0 0 0 0 0 895 0 51 21 0 18 16 216 0 1814 0 18 0 182 8 0 48 227 484 88 0 240 36 1426 0 3000 3000 96 55 54 441 71 125 108 26 432 0 2305 28 0 
0 0 0 0 0 29 0 29 1339 594 0 192 0 17 0 0 0 10 572 32 0 0 69 0 24 35 7 49 487 9 76 0 0 27 1368 0 0 0 0 206 2472 113 0 0 246 0 0 0 12 0 97 0 298 122 0 55 0 0 678 0 304 298 173 0 29 0 0 0 0 0 1027 0 0 0 0 191 104 0 13 43 
455 0 0 0 1624 0 0 0 138 232 57 101 3000 912 0 38 15 0 2089 364 0 0 95 3000 0 96 0 151 0 31 0 0 85 146 0 168 0 0 0 1105 10 9 3000 286 32 0 0 0 9 0 8 0 808 10 0 0 253 0 8 0 204 0 92 36 89 727 29 43 22 78 0 26 0 256 0 0 122 19 59 0 
196 0 0 0 67 284 0 11 365 10 0 8 0 447 0 0 0 0 364 656 0 0 74 441 631 550 94 512 150 624 161 0 0 1196 230 7 0 206 1105 0 40 56 3000 0 19 0 0 0 91 0 18 0 116 62 0 16 0 0 8 0 2456 9 16 0 56 3000 0 1142 229 0 0 0 0 89 0 483 258 0 240 33 
33 15 92 15 170 128 49 99 12 303 59 469 9 24 8 42 95 16 36 265 0 467 65 26 324 725 64 1744 14 1447 229 26 105 115 64 10 895 2472 10 40 0 69 2585 119 412 76 7 1264 51 12 62 38 427 31 825 993 238 35 2257 2008 21 394 163 32 20 257 26 146 1563 86 67 811 173 16 23 436 9 298 14 277 
79 377 66 21 117 215 0 63 50 31 301 701 36 24 573 90 46 11 842 1248 0 19 53 9 7 97 31 3000 415 2046 70 664 0 23 319 172 0 113 9 56 69 0 31 1599 31 2680 216 16 707 8 43 572 24 3000 797 585 22 1039 357 25 253 290 157 40 35 35 12 1385 12 34 263 20 19 3000 14 23 3000 0 90 658 
241 361 258 281 72 8 97 1689 192 29 9 70 77 72 11 39 60 224 414 29 17 18 1263 315 234 25 234 233 29 2877 119 91 28 314 689 0 51 0 3000 3000 2585 31 0 25 2347 3000 417 144 88 1220 1199 69 56 14 132 0 11 141 196 128 41 125 148 20 35 34 26 38 181 361 69 62 182 20 23 313 40 3000 1022 796 
12 462 21 2704 146 0 88 749 0 32 398 3000 43 0 19 53 3000 27 39 1355 0 32 338 93 0 605 0 14 0 244 330 3000 384 910 0 0 21 0 286 0 119 1599 25 0 0 13 12 266 208 3000 0 199 0 112 78 0 2120 26 57 777 0 222 188 548 0 163 307 41 10 3000 37 2102 3000 25 157 24 0 206 19 0 
14 0 0 0 48 63 0 3000 76 28 19 260 69 1532 0 0 0 0 240 32 0 0 61 61 7 2469 515 38 17 241 1885 0 0 907 2057 45 0 246 32 19 412 31 2347 0 0 0 0 0 131 0 171 0 140 65 0 47 0 0 471 0 131 21 586 0 46 307 14 750 12 66 0 0 0 112 0 715 695 0 59 158 
0 19 293 266 13 77 91 318 1997 1553 65 380 358 19 16 1321 48 11 36 235 26 92 30 506 93 1047 75 0 9 190 36 221 9 71 32 0 18 0 0 0 76 2680 3000 13 0 0 197 139 160 3000 0 439 0 280 113 0 536 53 922 847 13 58 57 19 382 134 97 25 1178 0 9 165 394 20 467 2644 0 683 57 13 
0 241 2458 185 17 0 37 57 0 234 369 0 35 0 744 14 16 362 63 9 3000 11 148 189 48 52 0 0 38 22 98 38 63 1085 0 0 16 0 0 0 7 216 417 12 0 197 0 190 0 18 0 176 0 145 169 0 617 2299 251 383 0 270 59 147 0 61 111 46 244 0 169 71 18 373 21 24 0 131 94 0 
0 81 370 170 19 78 255 1687 82 123 0 0 0 334 37 14 95 3000 3000 3000 9 195 1155 849 372 374 172 0 212 287 144 26 0 44 505 0 216 0 0 0 1264 16 144 266 0 139 190 0 0 1933 0 119 0 36 15 0 132 51 49 163 0 28 587 1258 0 16 0 123 0 0 63 71 693 500 591 218 0 57 163 50 
180 0 23 175 9 3000 0 174 1735 663 23 140 474 24 0 25 1013 10 663 48 0 0 29 2478 94 442 663 11 181 753 23 79 28 155 596 50 0 12 9 91 51 707 88 208 131 160 0 0 0 171 308 0 223 253 0 778 268 0 83 0 12 3000 101 159 135 49 122 51 108 220 554 918 0 231 0 114 639 34 8 297 
0 14 1397 12 154 122 36 42 199 544 15 1527 1878 419 1216 449 279 191 185 261 281 84 188 360 208 181 1497 10 155 10 1500 18 975 74 0 0 1814 0 0 0 12 8 1220 3000 0 3000 18 1933 171 0 0 68 0 62 34 0 558 10 71 618 58 568 7 39 110 965 468 42 494 17 104 115 344 270 143 2816 15 491 170 1388 
41 0 0 0 26 823 0 0 550 42 121 42 3000 551 0 0 0 0 104 15 0 0 88 78 0 518 196 48 0 565 562 0 0 93 0 83 0 97 8 18 62 43 1199 0 171 0 0 0 308 0 0 0 7 69 0 175 0 0 7 0 26 2655 383 0 181 79 72 34 353 95 0 0 0 384 0 48 18 0 83 0 
0 88 123 409 416 0 918 728 90 97 0 0 0 0 95 18 21 25 13 35 40 96 294 41 63 94 657 0 16 164 43 397 0 10 0 0 18 0 0 0 38 572 69 199 0 439 176 119 0 68 0 0 0 349 691 0 48 62 361 20 0 495 79 3000 0 298 0 21 0 0 3000 23 1297 3000 1614 27 0 73 119 691 
149 0 0 0 186 992 0 0 229 285 271 491 202 73 0 0 0 0 158 39 0 0 29 262 0 24 23 713 0 143 0 0 0 112 0 261 0 298 808 116 427 24 56 0 140 0 0 0 223 0 7 0 0 383 0 51 0 0 12 0 52 0 30 0 190 25 382 248 380 30 0 0 0 9 0 0 22 0 109 0 
28 226 53 927 189 304 21 689 30 283 9 273 20 51 1277 264 42 99 35 434 25 180 89 146 7 67 35 28 140 344 57 343 48 242 21 666 182 122 10 62 31 3000 14 112 65 280 145 36 253 62 69 349 383 0 414 38 661 92 1318 1210 140 7 434 165 266 139 99 1322 30 241 424 22 133 14 746 312 1169 296 207 65 
0 85 766 155 263 0 64 131 0 49 153 0 236 0 326 1011 219 234 34 653 16 9 8 134 683 48 9 0 60 102 27 350 1368 385 0 0 8 0 0 0 825 797 132 78 0 113 169 15 0 34 0 691 0 414 0 0 545 10 68 52 0 873 445 23 0 16 60 130 123 0 26 27 1036 78 1627 260 0 1054 50 0 
0 0 0 0 0 26 0 20 237 621 0 420 0 88 0 0 0 617 876 412 0 0 1715 0 1093 0 164 0 8 0 54 0 0 0 29 0 0 55 0 16 993 585 0 0 47 0 0 0 778 0 175 0 51 38 0 0 0 0 376 0 33 10 0 0 294 0 0 0 0 0 0 0 0 0 0 262 676 0 0 279 
46 89 113 73 135 0 18 19 0 315 32 366 11 0 132 418 46 47 17 99 0 26 100 53 0 18 0 31 0 31 17 3000 94 152 0 0 48 0 253 0 238 22 11 2120 0 536 617 132 268 558 0 48 0 661 545 0 0 3000 81 3000 0 9 17 1855 257 84 161 14 7 94 45 1299 2912 14 160 26 9 170 60 0 
0 124 16 17 8 0 18 428 0 56 46 0 3000 0 124 291 38 8 0 49 398 311 165 13 62 7 0 0 39 13 181 1508 42 72 0 0 227 0 0 0 35 1039 141 26 0 53 2299 51 0 10 0 62 0 92 10 0 3000 0 33 190 0 694 161 30 0 150 335 14 35 279 17 93 38 622 128 15 0 71 9 0 
15 13 250 100 57 163 12 1657 829 257 264 261 19 2524 97 628 230 16 70 130 8 45 28 11 442 9 224 144 37 12 53 158 0 430 12 0 484 678 8 8 2257 357 196 57 471 922 251 49 83 71 7 361 12 1318 68 376 81 33 0 36 912 735 742 16 180 3000 236 43 66 274 237 38 595 25 10 1437 90 142 201 263 
0 11 45 447 340 0 129 1360 0 170 0 0 0 0 311 664 82 14 55 422 26 221 13 298 144 239 71 0 75 139 279 726 134 18 0 0 88 0 0 0 2008 25 128 777 0 847 383 163 0 618 0 20 0 1210 52 0 3000 190 36 0 0 89 33 280 0 43 0 23 0 0 91 233 49 258 785 1004 0 306 196 9 
1164 0 0 0 10 1054 0 252 107 765 0 8 0 598 122 0 0 175 27 338 0 0 1214 701 276 2112 8 13 410 552 44 1250 0 269 67 479 0 304 204 2456 21 253 41 0 131 13 0 0 12 58 26 0 52 140 0 33 0 0 912 0 0 1041 20 0 11 115 0 164 123 0 135 0 0 208 50 33 529 0 11 48 
0 605 1312 3000 42 726 3000 709 15 14 0 105 1613 39 30 13 295 44 19 3000 80 154 17 30 576 906 233 74 20 56 64 84 0 716 244 0 240 298 0 9 394 290 125 222 21 58 270 28 3000 568 2655 495 0 7 873 10 9 694 735 89 1041 0 8 1565 3000 58 33 260 20 0 15 12 1291 20 38 126 21 351 95 207 
13 247 349 91 476 20 3000 109 30 43 71 17 573 65 103 59 42 3000 162 11 0 27 991 131 25 1497 1493 242 46 458 32 170 23 1146 0 43 36 173 92 16 163 157 148 188 586 57 59 587 101 7 383 79 30 434 445 0 17 161 742 33 20 8 0 18 3000 10 19 296 479 14 2219 937 291 44 97 40 28 83 743 178 
725 135 224 69 392 0 332 1079 0 45 165 1007 61 0 255 48 112 236 245 30 19 170 21 130 46 1062 0 0 44 195 28 291 504 198 0 0 1426 0 36 0 32 40 20 548 0 19 147 1258 159 39 0 3000 0 165 23 0 1855 30 16 280 0 1565 18 0 0 103 493 474 162 192 337 1840 21 1152 3000 145 0 2357 3000 0 
45 0 0 0 16 154 0 46 3000 18 23 116 8 167 238 0 154 338 1056 170 0 0 144 22 664 13 8 3000 8 210 26 86 0 183 170 714 0 29 89 56 20 35 35 0 46 382 0 0 135 110 181 0 190 266 0 294 257 0 180 0 11 3000 3000 0 0 785 9 1323 389 34 304 0 0 175 0 47 20 0 746 1224 
269 3000 20 3000 25 0 876 1724 338 12 275 115 17 46 877 706 32 544 21 21 0 319 335 108 145 31 476 285 7 316 812 396 2410 13 0 314 3000 0 727 3000 257 35 34 163 307 134 61 16 49 965 79 298 25 139 16 0 84 150 3000 43 115 58 10 103 785 0 40 18 121 33 34 1926 25 577 3000 76 117 19 154 0 
12 86 586 160 91 0 0 113 0 15 166 24 1424 118 0 535 550 0 364 101 0 53 3000 91 0 10 0 704 0 199 16 3000 749 36 0 21 3000 0 29 0 26 12 26 307 14 97 111 0 122 468 72 0 382 99 60 0 161 335 236 0 0 33 19 493 9 40 0 13 69 239 13 12 0 80 0 918 28 42 897 0 
9 453 10 95 135 0 621 328 345 63 27 1690 59 33 102 21 186 3000 63 1131 0 281 31 125 445 11 263 13 0 208 3000 598 11 52 0 304 96 0 43 1142 146 1385 38 41 750 25 46 123 51 42 34 21 248 1322 130 0 14 14 43 23 164 260 296 474 1323 18 13 0 452 20 16 584 43 56 14 66 1172 505 39 0 
883 13 59 198 204 0 0 97 25 45 222 96 151 141 0 148 49 788 232 1165 0 133 644 23 0 449 2969 45 0 15 201 11 57 89 0 208 55 0 22 229 1563 12 181 10 12 1178 244 0 108 494 353 0 380 30 123 0 7 35 66 0 123 20 479 162 389 121 69 452 0 183 129 8 0 59 0 46 45 282 39 0 
43 0 12 329 1514 0 0 0 0 61 17 31 23 134 0 44 65 0 64 9 0 0 132 99 0 114 0 10 0 111 576 17 116 57 0 190 54 0 78 0 86 34 361 3000 66 0 0 0 220 17 95 0 30 241 0 0 94 279 274 0 0 0 14 192 34 33 239 20 183 0 17 342 0 9 0 9 445 40 1448 0 
0 2422 197 147 44 100 30 100 15 12 674 186 908 54 27 84 141 110 125 40 1805 30 8 306 173 594 25 0 12 39 69 85 2902 53 1135 0 441 1027 0 0 67 263 69 37 0 9 169 63 554 104 0 3000 0 424 26 0 45 17 237 91 135 15 2219 337 304 34 13 16 129 17 0 149 817 100 286 233 42 53 709 21 
0 23 459 33 705 0 149 87 0 1296 16 139 50 0 42 797 716 1001 1620 177 17 17 93 138 1875 201 0 0 10 24 2266 77 12 66 0 0 71 0 26 0 811 20 62 2102 0 165 71 71 918 115 0 23 0 22 27 0 1299 93 38 233 0 12 937 1840 0 1926 12 584 8 342 149 0 25 112 362 23 0 27 15 0 
0 18 60 545 16 1093 100 1409 2549 165 0 0 0 58 114 3000 15 3000 782 486 18 38 619 115 8 102 2593 0 8 698 173 28 0 201 17 0 125 0 0 0 173 19 182 3000 0 394 18 693 0 344 0 1297 0 133 1036 0 2912 38 595 49 0 1291 291 21 0 25 0 43 0 0 817 25 0 400 66 12 0 337 59 2650 
335 48 202 24 286 0 2941 1439 13 384 60 121 413 119 235 1067 239 457 347 10 0 13 25 894 139 14 30 41 8 9 85 482 885 10 0 9 108 0 256 89 16 3000 20 25 112 20 373 500 231 270 384 3000 9 14 78 0 14 622 25 258 208 20 44 1152 175 577 80 56 59 9 100 112 400 0 35 46 741 191 246 2941 
0 283 11 62 1113 46 15 875 77 194 0 0 0 256 431 239 701 64 89 73 424 19 113 29 26 659 10 0 168 109 2762 33 0 26 34 0 26 0 0 0 23 14 23 157 0 467 21 591 0 143 0 1614 0 746 1627 0 160 128 10 785 50 38 97 3000 0 3000 0 14 0 0 286 362 66 35 0 449 0 163 25 2028 
0 23 69 13 302 19 77 64 1352 395 45 32 3000 173 56 2409 209 67 39 40 18 156 130 1380 146 1026 197 460 21 181 68 9 0 54 29 0 432 191 0 483 436 23 313 24 715 2644 24 218 114 2816 48 27 0 312 260 262 26 15 1437 1004 33 126 40 145 47 76 918 66 46 9 233 23 12 46 449 0 34 222 650 34 
78 0 0 0 51 36 0 1080 133 234 274 11 62 129 0 0 0 624 224 12 0 0 50 504 1188 16 246 3000 131 21 11 58 0 64 274 652 0 104 122 258 9 3000 40 0 695 0 0 0 639 15 18 0 22 1169 0 676 9 0 90 0 529 21 28 0 20 117 28 1172 45 445 42 0 0 741 0 34 0 0 154 23 
158 67 922 24 156 0 234 165 0 326 12 0 10 0 20 525 224 13 0 46 0 12 15 336 0 16 0 0 0 112 534 360 93 9 0 0 2305 0 19 0 298 0 3000 206 0 683 131 57 34 491 0 73 0 296 1054 0 170 71 142 306 0 351 83 2357 0 19 42 505 282 40 53 27 337 191 163 222 0 0 11 0 
44 62 1586 121 88 3000 3000 667 1195 121 456 765 140 47 98 27 299 23 79 106 256 7 20 28 13 1103 46 58 841 40 40 235 12 13 429 0 28 13 59 240 14 90 1022 19 59 57 94 163 8 170 83 119 109 207 50 0 60 9 201 196 11 95 743 3000 746 154 897 39 39 1448 709 15 59 246 25 650 154 11 0 2738 
0 43 0 0 0 7 0 349 17 22 0 8 0 20 43 0 0 8 868 24 16 0 19 2063 422 223 188 0 47 17 15 127 0 380 3000 0 0 43 0 33 277 658 796 0 158 13 0 50 297 1388 0 691 0 65 0 279 0 0 263 9 48 207 178 0 1224 0 0 0 0 0 21 0 2650 2941 2028 34 23 0 2738 0 
