80
0 77 39 53 53 44 76 93 59 72 39 68 42 28 64 68 59 39 27 91 49 85 52 58 90 58 79 19 53 76 35 39 14 91 83 64 51 88 70 39 84 17 3 45 56 43 42 35 38 84 69 78 32 48 39 36 65 60 98 91 63 45 63 105 48 56 27 20 45 74 75 50 65 67 42 91 75 72 34 27 
77 0 94 25 94 103 87 47 58 21 66 72 104 61 86 45 54 56 81 20 55 32 69 50 57 33 47 58 46 98 42 40 68 43 69 94 29 13 40 38 73 60 79 60 103 37 52 72 48 65 77 36 60 63 44 42 39 18 87 61 15 88 16 100 46 106 91 81 33 4 22 31 27 21 111 39 86 47 103 79 
39 94 0 74 17 10 48 90 49 80 29 48 11 65 34 64 50 39 15 101 43 87 35 52 81 64 73 46 52 42 57 66 52 89 67 30 66 102 68 63 65 44 42 82 17 71 43 22 46 70 45 79 69 37 50 57 65 80 75 79 81 13 78 78 81 16 13 20 64 91 82 63 71 76 23 91 48 67 20 17 
53 25 74 0 77 83 79 57 49 28 49 64 83 37 73 42 46 39 60 41 42 43 56 41 62 26 50 34 35 87 18 16 43 54 68 81 13 37 40 14 71 36 54 40 86 13 36 53 29 65 68 42 37 49 25 18 36 7 87 65 10 70 14 98 27 88 69 59 10 21 31 15 26 23 88 51 78 46 81 58 
53 94 17 77 0 23 32 81 41 77 29 35 25 76 19 57 44 39 27 98 39 81 27 47 71 61 65 55 49 25 62 72 64 81 54 13 67 100 62 68 52 54 56 93 10 76 42 24 48 58 32 72 80 31 52 62 59 82 59 68 83 8 78 61 89 14 29 33 67 91 79 64 68 74 38 83 32 59 37 27 
44 103 10 83 23 0 54 99 58 89 39 56 3 71 41 73 60 48 23 111 52 96 44 62 90 73 82 53 62 47 65 74 57 98 75 36 75 111 78 71 74 51 45 88 18 78 52 32 55 79 53 88 75 46 59 65 74 89 82 88 90 21 87 84 88 15 16 26 72 100 92 72 81 85 16 100 55 76 16 25 
76 87 48 79 32 54 0 59 30 67 38 16 57 91 14 43 34 44 51 85 37 65 25 38 47 55 45 70 43 13 70 80 82 61 27 20 66 90 48 74 24 69 78 106 39 83 44 41 53 32 10 56 94 32 57 69 48 81 28 43 80 35 74 30 98 44 58 58 70 86 67 63 60 66 70 64 1 43 68 50 
93 47 90 57 81 99 59 0 41 30 62 47 100 90 65 26 39 56 83 33 48 15 55 38 14 37 17 76 40 72 64 70 90 4 33 74 48 41 23 64 37 78 96 97 91 69 52 69 56 27 52 15 92 53 55 63 28 54 47 18 51 79 44 60 84 95 93 86 56 48 27 48 32 34 112 9 58 23 106 80 
59 58 49 49 41 58 30 41 0 38 22 15 59 67 28 16 3 21 43 58 11 40 14 8 34 25 24 47 13 40 42 52 61 41 25 37 36 61 22 46 26 47 62 80 51 55 18 29 27 25 20 31 69 12 29 41 20 51 41 33 50 38 44 51 70 55 53 48 41 56 39 33 30 36 71 43 29 19 66 40 
72 21 80 28 77 89 67 30 38 0 50 51 90 63 66 24 35 41 69 21 38 16 51 31 37 16 27 53 28 78 38 41 66 26 48 75 21 23 19 37 52 55 73 68 86 40 37 57 36 44 57 16 64 45 34 37 19 24 67 41 21 72 14 79 54 90 79 70 29 21 4 22 8 5 99 23 66 26 92 66 
39 66 29 49 29 39 38 62 22 50 0 29 40 53 28 36 23 10 21 72 14 58 14 24 56 34 46 31 23 42 34 45 44 61 45 33 38 73 40 40 46 31 42 69 37 49 14 7 20 47 30 50 56 10 24 34 36 54 59 55 54 22 50 67 63 40 31 26 38 63 53 35 42 47 50 62 38 39 44 18 
68 72 48 64 35 56 16 47 15 51 29 0 58 79 18 28 18 32 47 70 23 50 16 23 36 40 32 59 28 27 56 66 72 48 19 28 51 74 33 60 18 58 71 93 45 69 31 34 40 23 6 41 82 20 43 55 33 66 30 33 65 35 58 38 85 50 56 53 55 70 52 48 44 50 71 51 14 28 67 45 
42 104 11 83 25 3 57 100 59 90 40 58 0 70 44 75 61 49 23 112 54 98 46 63 92 74 84 53 63 50 65 73 56 100 77 38 75 112 79 71 76 51 44 87 20 78 53 33 56 81 55 89 74 48 60 65 75 89 84 90 90 23 88 86 87 17 15 25 73 101 93 72 82 86 13 101 57 78 14 25 
28 61 65 37 76 71 91 90 67 63 53 79 70 0 81 69 65 47 50 78 56 78 66 62 91 54 79 22 56 95 27 21 14 87 91 85 42 73 69 26 93 22 28 17 81 24 49 53 40 90 82 75 4 60 38 27 64 43 108 93 47 68 50 118 21 81 55 45 34 57 67 42 58 58 70 85 90 73 62 50 
64 86 34 73 19 41 14 65 28 66 28 18 44 81 0 44 32 36 38 86 31 67 18 36 54 53 49 59 40 14 62 73 71 66 36 9 61 90 50 67 33 59 66 97 28 76 38 29 46 40 13 59 85 24 50 61 48 77 41 51 77 22 71 44 91 32 45 45 64 84 68 58 59 65 57 69 14 45 55 37 
68 45 64 42 57 73 43 26 16 24 36 28 75 69 44 0 14 30 56 42 22 24 31 12 23 17 11 52 15 54 42 51 67 25 25 53 30 47 6 45 29 53 70 79 67 52 26 43 31 23 33 15 71 27 31 42 6 43 44 24 41 54 33 57 68 71 67 60 37 44 24 29 18 24 85 27 42 5 80 53 
59 54 50 46 44 60 34 39 3 35 23 18 61 65 32 14 0 20 44 55 10 37 17 4 33 22 23 46 10 44 40 50 60 38 26 41 33 58 19 44 28 46 61 78 53 52 17 30 25 26 23 29 68 14 27 39 16 48 43 32 47 40 40 54 68 58 54 48 38 52 36 30 27 33 72 40 32 17 67 41 
39 56 39 39 39 48 44 56 21 41 10 32 49 47 36 30 20 0 28 63 10 50 19 19 52 25 41 26 16 50 26 36 40 55 45 42 28 63 33 31 47 27 41 62 48 40 5 16 10 46 35 43 50 13 14 25 28 43 61 52 44 32 40 70 54 50 38 30 28 53 44 25 33 37 58 55 44 34 51 25 
27 81 15 60 27 23 51 83 43 69 21 47 23 50 38 56 44 28 0 90 35 78 31 45 76 53 66 31 43 50 43 51 37 81 65 38 53 90 60 48 64 29 29 68 30 56 32 14 34 67 46 70 54 30 37 42 56 66 76 75 68 19 65 81 66 31 11 7 50 78 72 50 61 65 30 82 51 60 24 3 
91 20 101 41 98 111 85 33 58 21 72 70 112 78 86 42 55 63 90 0 59 21 71 51 45 38 40 72 49 97 56 57 84 30 62 95 40 9 37 54 66 74 93 80 107 54 58 79 57 57 75 29 78 66 54 56 38 35 79 50 32 93 29 92 65 111 101 92 47 23 19 42 30 26 120 24 83 42 113 87 
49 55 43 42 39 52 37 48 11 38 14 23 54 56 31 22 10 10 35 59 0 44 14 10 42 22 32 36 10 45 33 43 50 47 35 39 30 61 26 37 37 37 51 70 48 46 8 21 17 36 27 36 59 8 20 32 22 46 52 42 45 34 40 61 62 52 45 39 33 53 40 27 30 35 64 48 36 25 58 32 
85 32 87 43 81 96 65 15 40 16 58 50 98 78 67 24 37 50 78 21 44 0 54 35 25 27 19 67 35 77 52 57 80 11 41 77 36 28 19 52 45 68 87 84 91 56 46 65 47 36 56 9 79 51 46 52 22 40 58 30 37 77 30 71 70 95 89 81 44 33 12 36 20 21 108 7 63 22 102 75 
52 69 35 56 27 44 25 55 14 51 14 16 46 66 18 31 17 19 31 71 14 54 0 20 47 36 39 44 23 31 45 55 57 55 33 25 44 74 36 50 33 44 55 81 37 59 20 18 29 36 17 46 69 7 32 44 33 60 46 45 59 23 54 53 74 41 41 37 46 67 52 41 43 48 57 57 25 33 53 29 
58 50 52 41 47 62 38 38 8 31 24 23 63 62 36 12 4 19 45 51 10 35 20 0 33 17 22 43 6 48 36 46 58 37 29 45 29 54 16 40 31 44 60 74 57 48 15 31 22 28 28 26 64 16 24 36 13 43 47 33 42 43 36 58 64 60 55 49 34 48 32 26 23 29 74 38 37 16 68 42 
90 57 81 62 71 90 47 14 34 37 56 36 92 91 54 23 33 52 76 45 42 25 47 33 0 38 13 75 37 60 65 72 90 16 20 63 51 53 23 67 24 76 93 101 81 73 48 62 54 14 41 21 93 46 54 64 28 60 34 5 58 70 50 47 88 85 87 81 59 57 35 50 36 40 104 21 46 18 99 74 
58 33 64 26 61 73 55 37 25 16 34 40 74 54 53 17 22 25 53 38 22 27 36 17 38 0 25 40 13 65 27 34 54 34 42 61 14 39 15 29 45 41 60 63 71 35 21 41 21 39 45 21 56 30 19 27 11 27 61 40 25 56 19 73 51 74 63 55 21 31 19 12 8 13 83 33 54 21 76 50 
79 47 73 50 65 82 45 17 24 27 46 32 84 79 49 11 23 41 66 40 32 19 39 22 13 25 0 63 25 58 52 60 77 16 22 59 39 46 10 54 26 64 81 88 74 60 36 53 42 17 37 12 81 37 42 51 15 49 40 15 46 62 39 53 76 79 77 70 46 47 25 37 24 29 95 19 44 6 90 64 
19 58 46 34 55 53 70 76 47 53 31 59 53 22 59 52 46 26 31 72 36 67 44 43 75 40 63 0 38 73 16 21 14 74 71 63 32 69 53 20 73 2 21 38 61 26 29 31 21 71 61 61 25 39 21 17 48 41 88 76 44 47 44 97 35 62 38 27 26 55 57 31 46 48 56 73 69 57 48 30 
53 46 52 35 49 62 43 40 13 28 23 28 63 56 40 15 10 16 43 49 10 35 23 6 37 13 25 38 0 52 30 40 53 39 35 48 23 51 17 34 37 39 56 68 58 42 11 30 17 34 33 27 59 17 18 29 13 38 53 38 37 44 31 64 58 62 54 46 28 44 30 20 20 25 73 39 42 19 67 40 
76 98 42 87 25 47 13 72 40 78 42 27 50 95 14 54 44 50 50 97 45 77 31 48 60 65 58 73 52 0 76 86 84 74 40 12 75 101 60 81 37 72 78 111 30 90 51 42 60 46 21 68 98 38 64 75 59 90 38 56 90 31 84 37 104 35 54 57 77 96 79 72 71 77 63 77 14 55 62 49 
35 42 57 18 62 65 70 64 42 38 34 56 65 27 62 42 40 26 43 56 33 52 45 36 65 27 52 16 30 76 0 11 28 61 65 68 17 53 42 6 67 18 37 38 70 14 25 38 16 64 60 48 29 38 13 1 37 25 83 67 27 55 28 93 29 72 51 41 10 38 42 16 32 33 70 59 69 47 63 40 
39 40 66 16 72 74 80 70 52 41 45 66 73 21 73 51 50 36 51 57 43 57 55 46 72 34 60 21 40 86 11 0 28 67 74 78 22 52 49 6 77 24 40 29 80 5 36 48 27 73 70 54 22 49 23 11 45 23 93 75 26 65 29 104 18 81 59 49 14 36 45 22 38 37 77 64 79 55 69 49 
14 68 52 43 64 57 82 90 61 66 44 72 56 14 71 67 60 40 37 84 50 80 57 58 90 54 77 14 53 84 28 28 0 88 86 74 45 80 68 30 87 14 13 31 68 32 43 42 36 86 74 75 18 52 35 28 63 50 102 90 53 56 55 110 34 68 41 32 37 64 69 44 60 60 55 86 82 71 48 37 
91 43 89 54 81 98 61 4 41 26 61 48 100 87 66 25 38 55 81 30 47 11 55 37 16 34 16 74 39 74 61 67 88 0 35 75 45 38 22 61 39 75 93 94 91 66 50 68 54 29 53 13 89 52 53 60 26 50 50 21 47 78 41 63 81 95 92 85 53 44 23 45 29 31 111 5 59 22 105 79 
83 69 67 68 54 75 27 33 25 48 45 19 77 91 36 25 26 45 65 62 35 41 33 29 20 42 22 71 35 40 65 74 86 35 0 45 55 68 29 68 4 72 86 103 63 76 42 51 51 6 22 34 93 35 52 64 32 68 19 16 66 54 59 32 92 68 74 70 61 68 47 53 43 49 90 39 26 22 86 62 
64 94 30 81 13 36 20 74 37 75 33 28 38 85 9 53 41 42 38 95 39 77 25 45 63 61 59 63 48 12 68 78 74 75 45 0 69 99 59 73 42 62 67 101 20 82 44 32 52 49 23 68 88 32 56 67 57 85 47 60 85 20 79 48 96 25 43 45 71 92 77 66 67 73 51 78 20 54 50 37 
51 29 66 13 67 75 66 48 36 21 38 51 75 42 61 30 33 28 53 40 30 36 44 29 51 14 39 32 23 75 17 22 45 45 55 69 0 38 28 16 58 34 53 50 76 22 25 44 19 53 56 33 43 37 16 16 24 16 74 54 16 60 12 86 37 78 63 53 8 25 25 3 16 16 82 43 65 34 75 50 
88 13 102 37 100 111 90 41 61 23 73 74 112 73 90 47 58 63 90 9 61 28 74 54 53 39 46 69 51 101 53 52 80 38 68 99 38 0 41 50 72 71 90 73 110 49 59 80 57 63 80 35 73 69 53 53 42 30 86 58 27 95 26 99 59 113 100 91 44 16 22 40 32 26 120 33 88 47 113 87 
70 40 68 40 62 78 48 23 22 19 40 33 79 69 50 6 19 33 60 37 26 19 36 16 23 15 10 53 17 60 42 49 68 22 29 59 28 41 0 44 33 54 72 78 72 50 29 47 32 26 39 10 71 32 32 41 5 39 48 25 37 59 29 61 66 76 71 64 36 39 19 27 14 19 90 22 47 7 84 57 
39 38 63 14 68 71 74 64 46 37 40 60 71 26 67 45 44 31 48 54 37 52 50 40 67 29 54 20 34 81 6 6 30 61 68 73 16 50 44 0 71 22 40 35 75 9 30 43 21 67 64 49 27 43 17 6 39 21 87 69 24 60 25 97 24 77 56 46 8 35 41 17 33 32 75 59 73 49 68 46 
84 73 65 71 52 74 24 37 26 52 46 18 76 93 33 29 28 47 64 66 37 45 33 31 24 45 26 73 37 37 67 77 87 39 4 42 58 72 33 71 0 73 87 105 61 79 44 51 53 10 21 38 95 36 55 67 35 71 16 19 70 53 62 28 95 66 74 70 64 72 51 56 47 53 88 44 23 26 85 62 
17 60 44 36 54 51 69 78 47 55 31 58 51 22 59 53 46 27 29 74 37 68 44 44 76 41 64 2 39 72 18 24 14 75 72 62 34 71 54 22 73 0 19 39 59 28 29 30 22 72 60 62 26 39 22 18 49 43 88 77 46 46 46 97 37 60 36 26 28 57 58 32 48 49 54 74 69 58 46 28 
3 79 42 54 56 45 78 96 62 73 42 71 44 28 66 70 61 41 29 93 51 87 55 60 93 60 81 21 56 78 37 40 13 93 86 67 53 90 72 40 87 19 0 44 58 44 45 38 40 87 71 81 31 51 41 37 67 61 101 93 64 48 64 108 48 58 29 22 46 75 77 51 67 68 42 93 78 75 35 30 
45 60 82 40 93 88 106 97 80 68 69 93 87 17 97 79 78 62 68 80 70 84 81 74 101 63 88 38 68 111 38 29 31 94 103 101 50 73 78 35 105 39 44 0 98 28 62 69 53 101 96 82 13 74 51 39 73 45 121 103 49 85 54 131 14 98 72 62 42 57 72 51 66 63 86 91 105 84 79 67 
56 103 17 86 10 18 39 91 51 86 37 45 20 81 28 67 53 48 30 107 48 91 37 57 81 71 74 61 58 30 70 80 68 91 63 20 76 110 72 75 61 59 58 98 0 84 51 32 57 68 41 82 85 41 61 69 69 91 67 78 92 15 87 67 96 5 30 36 75 100 89 73 78 83 33 93 40 69 34 31 
43 37 71 13 76 78 83 69 55 40 49 69 78 24 76 52 52 40 56 54 46 56 59 48 73 35 60 26 42 90 14 5 32 66 76 82 22 49 50 9 79 28 44 28 84 0 39 52 30 74 73 54 24 52 26 15 46 20 95 75 23 69 27 106 16 86 64 53 15 33 44 23 38 36 82 63 82 56 74 54 
42 52 43 36 42 52 44 52 18 37 14 31 53 49 38 26 17 5 32 58 8 46 20 15 48 21 36 29 11 51 25 36 43 50 42 44 25 59 29 30 44 29 45 62 51 39 0 20 9 43 34 38 52 13 12 24 24 41 59 48 41 36 36 69 54 54 43 35 26 49 40 22 29 33 62 51 44 30 56 29 
35 72 22 53 24 32 41 69 29 57 7 34 33 53 29 43 30 16 14 79 21 65 18 31 62 41 53 31 30 42 38 48 42 68 51 32 44 80 47 43 51 30 38 69 32 52 20 0 25 53 34 57 57 16 29 37 43 59 64 61 60 17 56 70 65 35 24 19 43 69 60 41 49 53 43 69 40 46 37 11 
38 48 46 29 48 55 53 56 27 36 20 40 56 40 46 31 25 10 34 57 17 47 29 22 54 21 42 21 17 60 16 27 36 54 51 52 19 57 32 21 53 22 40 53 57 30 9 25 0 50 43 41 43 22 4 15 27 34 68 55 35 41 32 78 45 59 44 35 19 45 39 17 28 31 64 53 53 35 56 31 
84 65 70 65 58 79 32 27 25 44 47 23 81 90 40 23 26 46 67 57 36 36 36 28 14 39 17 71 34 46 64 73 86 29 6 49 53 63 26 67 10 72 87 101 68 74 43 53 50 0 27 29 92 37 52 63 29 65 23 10 63 58 55 36 90 72 77 72 60 64 43 51 40 45 93 34 31 19 89 65 
69 77 45 68 32 53 10 52 20 57 30 6 55 82 13 33 23 35 46 75 27 56 17 28 41 45 37 61 33 21 60 70 74 53 22 23 56 80 39 64 21 60 71 96 41 73 34 34 43 27 0 47 85 22 47 59 38 71 30 37 70 33 63 37 88 45 54 52 59 75 58 53 50 56 68 56 9 33 65 44 
78 36 79 42 72 88 56 15 31 16 50 41 89 75 59 15 29 43 70 29 36 9 46 26 21 21 12 61 27 68 48 54 75 13 34 68 33 35 10 49 38 62 81 82 82 54 38 57 41 29 47 0 76 42 40 48 14 40 51 25 37 69 30 65 69 86 81 73 41 36 14 32 16 19 100 12 55 14 94 67 
32 60 69 37 80 75 94 92 69 64 56 82 74 4 85 71 68 50 54 78 59 79 69 64 93 56 81 25 59 98 29 22 18 89 93 88 43 73 71 27 95 26 31 13 85 24 52 57 43 92 85 76 0 63 41 29 66 43 111 95 47 72 51 121 18 85 58 49 35 57 67 44 60 59 73 86 94 76 66 53 
48 63 37 49 31 46 32 53 12 45 10 20 48 60 24 27 14 13 30 66 8 51 7 16 46 30 37 39 17 38 38 49 52 52 35 32 37 69 32 43 36 39 51 74 41 52 13 16 22 37 22 42 63 0 26 37 29 53 50 45 53 27 47 58 67 45 41 35 39 61 47 34 37 43 59 54 31 30 53 28 
39 44 50 25 52 59 57 55 29 34 24 43 60 38 50 31 27 14 37 54 20 46 32 24 54 19 42 21 18 64 13 23 35 53 52 56 16 53 32 17 55 22 41 51 61 26 12 29 4 52 47 40 41 26 0 12 27 30 70 55 31 45 28 81 42 63 47 38 14 41 37 13 26 29 67 52 56 36 60 34 
36 42 57 18 62 65 69 63 41 37 34 55 65 27 61 42 39 25 42 56 32 52 44 36 64 27 51 17 29 75 1 11 28 60 64 67 16 53 41 6 67 18 37 39 69 15 24 37 15 63 59 48 29 37 12 0 36 25 82 66 27 54 27 93 30 71 51 41 9 38 41 15 32 32 70 58 68 46 63 40 
65 39 65 36 59 74 48 28 20 19 36 33 75 64 48 6 16 28 56 38 22 22 33 13 28 11 15 48 13 59 37 45 63 26 32 57 24 42 5 39 35 49 67 73 69 46 24 43 27 29 38 14 66 29 27 36 0 36 51 30 34 55 27 63 62 73 66 59 31 38 20 23 12 18 86 27 47 10 79 53 
60 18 80 7 82 89 81 54 51 24 54 66 89 43 77 43 48 43 66 35 46 40 60 43 60 27 49 41 38 90 25 23 50 50 68 85 16 30 39 21 71 43 61 45 91 20 41 59 34 65 71 40 43 53 30 25 36 0 87 64 3 75 10 99 31 93 76 66 17 14 27 19 25 20 95 47 80 46 88 64 
98 87 75 87 59 82 28 47 41 67 59 30 84 108 41 44 43 61 76 79 52 58 46 47 34 61 40 88 53 38 83 93 102 50 19 47 74 86 48 87 16 88 101 121 67 95 59 64 68 23 30 51 111 50 70 82 51 87 0 29 85 62 78 13 111 72 84 83 80 87 65 72 62 68 97 55 27 41 95 74 
91 61 79 65 68 88 43 18 33 41 55 33 90 93 51 24 32 52 75 50 42 30 45 33 5 40 15 76 38 56 67 75 90 21 16 60 54 58 25 69 19 77 93 103 78 75 48 61 55 10 37 25 95 45 55 66 30 64 29 0 61 67 54 42 91 82 85 80 61 61 39 52 39 43 102 26 42 20 98 73 
63 15 81 10 83 90 80 51 50 21 54 65 90 47 77 41 47 44 68 32 45 37 59 42 58 25 46 44 37 90 27 26 53 47 66 85 16 27 37 24 70 46 64 49 92 23 41 60 35 63 70 37 47 53 31 27 34 3 85 61 0 76 8 97 34 94 77 67 18 11 24 19 23 18 97 44 79 44 89 65 
45 88 13 70 8 21 35 79 38 72 22 35 23 68 22 54 40 32 19 93 34 77 23 43 70 56 62 47 44 31 55 65 56 78 54 20 60 95 59 60 53 46 48 85 15 69 36 17 41 58 33 69 72 27 45 54 55 75 62 67 76 0 72 65 81 18 23 26 60 85 74 57 63 68 35 80 36 56 33 19 
63 16 78 14 78 87 74 44 44 14 50 58 88 50 71 33 40 40 65 29 40 30 54 36 50 19 39 44 31 84 28 29 55 41 59 79 12 26 29 25 62 46 64 54 87 27 36 56 32 55 63 30 51 47 28 27 27 10 78 54 8 72 0 90 40 90 75 65 18 13 18 15 15 10 95 37 73 36 87 62 
105 100 78 98 61 84 30 60 51 79 67 38 86 118 44 57 54 70 81 92 61 71 53 58 47 73 53 97 64 37 93 104 110 63 32 48 86 99 61 97 28 97 108 131 67 106 69 70 78 36 37 65 121 58 81 93 63 99 13 42 97 65 90 0 122 72 89 88 91 100 78 83 75 80 99 68 30 54 98 80 
48 46 81 27 89 88 98 84 70 54 63 85 87 21 91 68 68 54 66 65 62 70 74 64 88 51 76 35 58 104 29 18 34 81 92 96 37 59 66 24 95 37 48 14 96 16 54 65 45 90 88 69 18 67 42 30 62 31 111 91 34 81 40 122 0 97 72 62 31 43 58 39 53 50 89 77 98 72 81 65 
56 106 16 88 14 15 44 95 55 90 40 50 17 81 32 71 58 50 31 111 52 95 41 60 85 74 79 62 62 35 72 81 68 95 68 25 78 113 76 77 66 60 58 98 5 86 54 35 59 72 45 86 85 45 63 71 73 93 72 82 94 18 90 72 97 0 28 36 77 103 92 75 82 87 29 98 45 73 31 32 
27 91 13 69 29 16 58 93 53 79 31 56 15 55 45 67 54 38 11 101 45 89 41 55 87 63 77 38 54 54 51 59 41 92 74 43 63 100 71 56 74 36 29 72 30 64 43 24 44 77 54 81 58 41 47 51 66 76 84 85 77 23 75 89 72 28 0 10 59 88 82 60 71 75 20 93 58 71 13 14 
20 81 20 59 33 26 58 86 48 70 26 53 25 45 45 60 48 30 7 92 39 81 37 49 81 55 70 27 46 57 41 49 32 85 70 45 53 91 64 46 70 26 22 62 36 53 35 19 35 72 52 73 49 35 38 41 59 66 83 80 67 26 65 88 62 36 10 0 49 78 74 50 62 66 30 86 58 64 22 8 
45 33 64 10 67 72 70 56 41 29 38 55 73 34 64 37 38 28 50 47 33 44 46 34 59 21 46 26 28 77 10 14 37 53 61 71 8 44 36 8 64 28 46 42 75 15 26 43 19 60 59 41 35 39 14 9 31 17 80 61 18 60 18 91 31 77 59 49 0 29 33 9 24 24 79 51 69 41 71 47 
74 4 91 21 91 100 86 48 56 21 63 70 101 57 84 44 52 53 78 23 53 33 67 48 57 31 47 55 44 96 38 36 64 44 68 92 25 16 39 35 72 57 75 57 100 33 49 69 45 64 75 36 57 61 41 38 38 14 87 61 11 85 13 100 43 103 88 78 29 0 22 28 26 20 107 40 85 46 100 75 
75 22 82 31 79 92 67 27 39 4 53 52 93 67 68 24 36 44 72 19 40 12 52 32 35 19 25 57 30 79 42 45 69 23 47 77 25 22 19 41 51 58 77 72 89 44 40 60 39 43 58 14 67 47 37 41 20 27 65 39 24 74 18 78 58 92 82 74 33 22 0 26 11 9 102 19 66 25 95 69 
50 31 63 15 64 72 63 48 33 22 35 48 72 42 58 29 30 25 50 42 27 36 41 26 50 12 37 31 20 72 16 22 44 45 53 66 3 40 27 17 56 32 51 51 73 23 22 41 17 51 53 32 44 34 13 15 23 19 72 52 19 57 15 83 39 75 60 50 9 28 26 0 16 17 80 43 62 33 73 47 
65 27 71 26 68 81 60 32 30 8 42 44 82 58 59 18 27 33 61 30 30 20 43 23 36 8 24 46 20 71 32 38 60 29 43 67 16 32 14 33 47 48 67 66 78 38 29 49 28 40 50 16 60 37 26 32 12 25 62 39 23 63 15 75 53 82 71 62 24 26 11 16 0 6 91 27 59 21 84 58 
67 21 76 23 74 85 66 34 36 5 47 50 86 58 65 24 33 37 65 26 35 21 48 29 40 13 29 48 25 77 33 37 60 31 49 73 16 26 19 32 53 49 68 63 83 36 33 53 31 45 56 19 59 43 29 32 18 20 68 43 18 68 10 80 50 87 75 66 24 20 9 17 6 0 95 28 65 26 88 62 
42 111 23 88 38 16 70 112 71 99 50 71 13 70 57 85 72 58 30 120 64 108 57 74 104 83 95 56 73 63 70 77 55 111 90 51 82 120 90 75 88 54 42 86 33 82 62 43 64 93 68 100 73 59 67 70 86 95 97 102 97 35 95 99 89 29 20 30 79 107 102 80 91 95 0 112 70 89 8 33 
91 39 91 51 83 100 64 9 43 23 62 51 101 85 69 27 40 55 82 24 48 7 57 38 21 33 19 73 39 77 59 64 86 5 39 78 43 33 22 59 44 74 93 91 93 63 51 69 53 34 56 12 86 54 52 58 27 47 55 26 44 80 37 68 77 98 93 86 51 40 19 43 27 28 112 0 63 24 106 80 
75 86 48 78 32 55 1 58 29 66 38 14 57 90 14 42 32 44 51 83 36 63 25 37 46 54 44 69 42 14 69 79 82 59 26 20 65 88 47 73 23 69 78 105 40 82 44 40 53 31 9 55 94 31 56 68 47 80 27 42 79 36 73 30 98 45 58 58 69 85 66 62 59 65 70 63 0 41 68 50 
72 47 67 46 59 76 43 23 19 26 39 28 78 73 45 5 17 34 60 42 25 22 33 16 18 21 6 57 19 55 47 55 71 22 22 54 34 47 7 49 26 58 75 84 69 56 30 46 35 19 33 14 76 30 36 46 10 46 41 20 44 56 36 54 72 73 71 64 41 46 25 33 21 26 89 24 41 0 84 57 
34 103 20 81 37 16 68 106 66 92 44 67 14 62 55 80 67 51 24 113 58 102 53 68 99 76 90 48 67 62 63 69 48 105 86 50 75 113 84 68 85 46 35 79 34 74 56 37 56 89 65 94 66 53 60 63 79 88 95 98 89 33 87 98 81 31 13 22 71 100 95 73 84 88 8 106 68 84 0 27 
27 79 17 58 27 25 50 80 40 66 18 45 25 50 37 53 41 25 3 87 32 75 29 42 74 50 64 30 40 49 40 49 37 79 62 37 50 87 57 46 62 28 30 67 31 54 29 11 31 65 44 67 53 28 34 40 53 64 74 73 65 19 62 80 65 32 14 8 47 75 69 47 58 62 33 80 50 57 27 0 
0 315 18 19 68 0 506 14 20 24 73 22 331 129 15 10 176 146 709 213 0 37 27 0 26 17 75 225 261 1230 9 10 75 13 81 0 10 165 565 192 31 276 0 293 71 1416 1749 252 460 0 43 20 330 0 3000 12 27 813 52 171 0 53 0 0 1772 102 649 123 30 79 0 8 64 52 837 25 578 3000 0 0 
315 0 407 41 3000 9 22 23 99 87 9 1888 0 2717 529 196 50 0 100 48 0 31 0 60 78 0 170 0 41 34 12 424 13 89 14 612 17 0 42 0 3000 133 302 204 359 9 50 3000 79 0 16 261 13 8 367 2349 723 0 78 30 22 25 346 12 0 683 441 116 31 0 33 39 23 0 34 103 192 49 206 424 
18 407 0 18 55 2421 14 223 26 572 126 26 784 82 366 24 100 2189 3000 131 214 986 0 169 22 0 111 598 27 268 1272 22 17 20 3000 173 205 1148 33 75 373 28 185 60 86 113 83 3000 38 0 651 169 420 213 16 311 41 0 280 24 193 19 35 3000 0 21 37 194 283 275 63 10 1166 100 17 27 2923 755 189 268 
19 41 18 0 40 46 246 75 449 172 39 15 214 107 100 903 18 61 80 1016 0 113 77 46 31 434 200 116 376 69 11 1883 763 24 15 8 119 523 470 539 53 34 215 584 91 1409 109 24 78 0 44 42 227 66 22 204 221 79 133 764 1251 21 16 49 101 744 23 2207 607 304 295 3000 104 650 21 10 19 154 3000 850 
68 3000 55 40 0 1842 0 42 0 28 550 2929 7 3000 116 18 72 71 251 9 28 13 45 115 146 175 9 8 488 46 18 0 157 1354 33 35 604 15 247 495 824 20 462 244 478 518 0 296 0 203 124 169 1156 8 3000 3000 207 81 198 304 98 0 120 71 0 93 181 56 2445 33 1407 69 46 3000 25 41 376 43 16 34 
0 9 2421 46 1842 0 0 105 0 81 3000 0 81 0 102 997 0 15 100 0 88 0 0 1071 247 0 619 325 1472 734 362 0 107 576 15 81 2081 0 914 0 0 37 2837 318 1109 7 0 3000 0 31 1800 13 113 7 0 14 30 0 340 236 8 0 20 78 0 36 22 0 0 856 83 246 3000 0 32 48 389 22 283 841 
506 22 14 246 0 0 0 0 34 791 743 193 0 22 40 591 12 0 718 83 0 137 0 0 0 2857 0 0 0 53 3000 192 39 112 44 0 387 0 116 667 328 66 0 82 58 1026 30 0 2626 0 78 141 1330 0 236 2167 0 0 0 0 0 14 0 0 0 327 0 42 237 0 0 18 20 161 0 22 0 737 0 0 
14 23 223 75 42 105 0 0 0 126 325 10 24 1171 49 244 121 76 903 13 3000 8 143 33 122 17 33 282 2197 15 209 0 215 110 1052 129 1401 114 17 3000 326 930 33 12 65 454 392 341 0 638 47 198 11 44 75 1243 3000 76 36 667 1060 0 242 242 0 61 32 2251 53 178 623 1324 72 15 426 1885 189 296 3000 84 
20 99 26 449 0 0 34 0 0 40 102 7 0 3000 3000 105 11 0 1488 3000 0 183 0 0 0 13 0 0 0 40 14 42 466 2914 29 0 436 0 139 47 10 14 0 20 183 69 77 0 3000 0 62 531 508 0 33 214 0 0 0 0 0 106 0 0 0 96 0 206 19 0 0 853 467 36 0 17 0 192 0 16 
24 87 572 172 28 81 791 126 40 0 0 72 15 14 134 22 74 17 72 32 158 79 58 27 13 7 69 1105 70 0 365 868 22 477 16 0 3000 51 25 40 2181 0 0 9 10 0 819 583 396 382 28 122 234 207 337 28 271 30 320 17 572 1466 26 1151 99 153 170 704 293 128 153 0 0 8 123 328 1366 62 303 0 
73 9 126 39 550 3000 743 325 102 0 0 682 0 85 16 153 30 0 41 66 0 80 0 0 14 0 805 0 84 94 12 208 68 787 97 1512 1434 0 18 0 81 57 291 8 151 549 9 0 3000 0 0 23 68 559 0 17 25 0 339 0 0 77 9 9 0 62 32 128 707 0 0 766 509 0 0 0 0 12 232 20 
22 1888 26 15 2929 0 193 10 7 72 682 0 43 234 14 139 7 14 117 65 0 92 244 0 195 922 8 739 1272 101 254 3000 0 93 220 0 0 34 194 34 3000 0 0 38 16 0 7 133 14 0 3000 23 1000 0 302 24 28 127 0 241 0 75 0 0 14 70 0 421 667 81 0 94 12 353 94 87 18 558 0 0 
331 0 784 214 7 81 0 24 0 15 0 43 0 0 0 0 12 367 13 0 319 0 111 11 66 59 1142 15 1180 0 0 0 29 36 2076 19 0 24 792 134 0 0 0 650 15 0 0 64 0 2607 421 66 503 33 26 0 14 117 54 602 231 0 438 56 96 0 66 0 109 612 55 0 0 69 145 69 103 14 831 0 
129 2717 82 107 3000 0 22 1171 3000 14 85 234 0 0 46 109 14 0 95 62 0 121 3000 0 889 416 22 97 13 14 46 49 17 1428 2776 0 815 12 224 1217 37 162 0 231 13 327 36 0 1973 0 11 2952 27 0 29 119 0 0 0 0 0 300 0 0 0 19 0 1612 30 0 0 3000 8 12 0 883 176 549 0 0 
15 529 366 100 116 102 40 49 3000 134 16 14 0 46 0 63 496 0 3000 50 0 1009 0 144 51 0 169 0 55 3000 716 22 56 802 207 160 15 0 616 0 26 15 2933 88 7 2447 67 16 944 0 13 862 48 830 0 519 80 0 42 41 1301 711 8 91 0 603 72 261 88 0 1240 1699 15 0 2707 37 137 172 124 69 
10 196 24 903 18 997 591 244 105 22 153 139 0 109 63 0 1441 0 33 33 0 100 0 0 237 0 54 0 11 1664 98 3000 165 346 36 258 448 0 10 0 696 195 1626 17 168 269 21 11 123 0 3000 96 44 268 831 407 1622 0 804 0 0 32 196 256 0 793 784 9 1544 0 0 188 12 0 0 152 0 1099 30 474 
176 50 100 18 72 0 12 121 11 74 30 7 12 14 496 1441 0 118 56 179 0 148 37 0 91 167 134 9 15 82 422 15 508 7 1625 0 401 563 651 34 8 0 0 11 395 72 13 467 60 0 68 319 100 0 106 388 373 162 0 19 0 977 0 0 2516 192 43 59 39 20 0 303 134 28 42 8 22 696 0 0 
146 0 2189 61 71 15 0 76 0 17 0 14 367 0 0 0 118 0 2002 0 98 0 21 255 3000 9 1254 760 117 0 0 0 28 41 271 1392 0 47 375 24 0 0 0 209 1216 0 0 396 0 535 20 13 49 1271 25 0 645 1279 14 166 30 0 143 86 182 0 3000 0 0 197 41 0 0 1613 23 521 219 80 66 0 
709 100 3000 80 251 100 718 903 1488 72 41 117 13 95 3000 33 56 2002 0 1458 583 361 278 60 78 11 7 1069 150 595 83 402 25 54 234 111 564 1802 924 581 144 161 683 954 224 10 783 426 113 448 90 8 27 178 289 47 949 71 58 111 2507 39 2497 301 20 44 25 11 7 31 928 34 293 44 298 9 2678 2466 9 47 
213 48 131 1016 9 0 83 13 3000 32 66 65 0 62 50 33 179 0 1458 0 0 522 0 0 7 461 680 0 95 60 589 80 536 3000 1663 11 131 0 30 1718 247 24 232 49 14 25 37 0 61 0 505 3000 255 0 7 1681 0 0 319 0 0 751 0 0 0 409 2528 276 196 0 0 34 10 13 0 39 0 249 0 160 
0 0 214 0 28 88 0 3000 0 158 0 0 319 0 0 0 0 98 583 0 0 0 0 36 165 0 15 38 14 0 0 0 49 575 19 12 307 0 896 0 0 0 534 26 12 8 0 642 0 89 1816 233 679 1019 0 0 236 12 462 8 52 0 106 44 0 0 1062 0 0 379 1245 0 0 0 86 153 18 154 247 0 
37 31 986 113 13 0 137 8 183 79 80 92 0 121 1009 100 148 0 361 522 0 0 9 0 15 65 18 65 177 12 448 15 0 8 3000 0 0 294 283 51 87 0 0 145 105 0 269 226 174 0 401 951 958 0 268 53 165 135 0 1122 0 145 0 0 974 56 0 236 14 14 0 38 30 9 0 509 23 2049 0 0 
27 0 0 77 45 0 0 143 0 58 0 244 111 3000 0 0 37 21 278 0 0 9 0 1877 466 147 0 558 0 0 0 27 0 75 214 0 0 20 0 252 0 0 0 40 302 0 29 129 0 0 28 0 0 0 106 0 148 19 0 134 0 0 0 0 214 0 0 1177 124 90 0 0 0 8 127 1374 58 39 0 0 
0 60 169 46 115 1071 0 33 0 27 0 0 11 0 144 0 0 255 60 0 36 0 1877 0 145 0 29 249 147 0 0 0 150 68 71 48 537 449 418 0 0 23 395 88 590 864 0 59 0 156 1107 124 325 30 557 0 110 10 3000 91 128 0 13 76 0 1056 291 0 0 15 182 0 0 77 572 603 1112 290 38 0 
26 78 22 31 146 247 0 122 0 13 14 195 66 889 51 237 91 3000 78 7 165 15 466 145 0 984 50 1810 1824 393 13 376 9 23 312 63 35 53 2061 25 128 352 78 30 11 684 27 457 0 1318 50 23 848 185 101 17 66 329 97 355 498 0 972 51 3000 382 176 10 240 40 1220 123 216 80 330 61 19 12 76 0 
17 0 0 434 175 0 2857 17 13 7 0 922 59 416 0 0 167 9 11 461 0 65 147 0 984 0 20 32 0 0 32 513 0 345 22 0 0 1118 0 119 24 0 0 3000 7 0 66 3000 97 0 144 0 0 0 406 0 233 500 0 26 0 9 0 0 2312 0 0 68 2080 3000 0 0 0 17 266 177 1030 98 0 0 
75 170 111 200 9 619 0 33 0 69 805 8 1142 22 169 54 134 1254 7 680 15 18 0 29 50 20 0 452 56 252 14 0 189 1351 373 8 793 30 449 301 176 25 7 20 10 13 0 26 0 36 96 894 189 62 2838 1030 16 44 31 3000 2672 0 726 112 0 51 23 168 27 76 28 541 50 444 2602 17 567 780 34 764 
225 0 598 116 8 325 0 282 0 1105 0 739 15 97 0 0 9 760 1069 0 38 65 558 249 1810 32 452 0 1641 0 0 1019 0 45 30 0 0 863 0 108 0 0 0 46 703 0 0 37 0 30 73 227 94 0 389 0 10 599 171 886 58 0 331 395 24 0 13 41 148 14 3000 0 0 24 11 84 100 836 27 0 
261 41 27 376 488 1472 0 2197 0 70 84 1272 1180 13 55 11 15 117 150 95 14 177 0 147 1824 0 56 1641 0 264 8 0 135 260 526 65 3000 168 215 37 275 48 216 409 35 540 0 84 0 1159 1987 63 402 1380 79 214 29 265 56 123 20 0 1665 430 0 162 137 0 110 138 33 2013 136 163 295 162 338 1401 1384 315 
1230 34 268 69 46 734 53 15 40 0 94 101 0 14 3000 1664 82 0 595 60 0 12 0 0 393 0 252 0 264 0 529 661 167 49 318 268 41 0 3000 0 48 29 18 77 19 51 15 652 244 0 0 13 79 38 0 7 290 0 106 0 494 236 27 188 0 22 65 17 969 0 393 15 18 0 0 0 564 129 21 394 
9 12 1272 11 18 362 3000 209 14 365 12 254 0 46 716 98 422 0 83 589 0 448 0 0 13 32 14 0 8 529 0 25 7 386 1806 15 1031 162 448 249 326 63 67 17 34 23 40 1071 55 0 228 75 111 30 102 673 590 0 494 0 0 48 0 0 0 338 45 938 10 0 0 31 175 286 0 130 15 82 54 28 
10 424 22 1883 0 0 192 0 42 868 208 3000 0 49 22 3000 15 0 402 80 0 15 27 0 376 513 0 1019 0 661 25 0 0 109 97 0 0 100 306 26 69 0 0 989 2510 0 76 0 201 0 49 0 35 0 337 162 0 0 0 0 0 34 0 0 0 314 0 422 2478 0 0 31 1406 19 0 199 0 288 0 0 
75 13 17 763 157 107 39 215 466 22 68 0 29 17 56 165 508 28 25 536 49 0 0 150 9 0 189 0 135 167 7 0 0 442 73 1029 1731 0 40 0 49 86 94 116 46 472 0 619 0 109 208 146 569 159 0 218 32 0 24 51 338 0 24 1106 0 111 180 12 59 38 24 845 43 0 16 43 49 160 193 1803 
13 89 20 24 1354 576 112 110 2914 477 787 93 36 1428 802 346 7 41 54 3000 575 8 75 68 23 345 1351 45 260 49 386 109 442 0 245 797 644 9 18 39 301 74 273 40 44 772 68 148 1259 0 39 37 340 9 13 9 111 9 600 18 169 686 105 294 456 132 3000 171 107 103 65 44 388 47 249 1667 62 393 499 598 
81 14 3000 15 33 15 44 1052 29 16 97 220 2076 2776 207 36 1625 271 234 1663 19 3000 214 71 312 22 373 30 526 318 1806 97 73 245 0 36 226 3000 250 28 828 2322 585 356 27 3000 204 1367 19 0 400 18 143 64 11 68 127 1373 9 921 14 1737 80 16 0 1368 8 691 18 2923 187 17 220 222 51 353 65 246 19 242 
0 612 173 8 35 81 0 129 0 0 1512 0 19 0 160 258 0 1392 111 11 12 0 0 48 63 0 8 0 65 268 15 0 1029 797 36 0 161 0 49 0 42 32 9 195 108 379 0 335 0 12 781 595 12 9 0 24 720 0 34 113 525 0 777 1554 0 137 412 0 0 16 228 29 83 0 7 71 211 194 766 445 
10 17 205 119 604 2081 387 1401 436 3000 1434 0 0 815 15 448 401 0 564 131 307 0 0 537 35 0 793 0 3000 41 1031 0 1731 644 226 161 0 0 80 0 698 8 124 27 109 72 9 94 9 0 1905 37 8 87 0 1862 1702 0 20 1406 245 0 26 833 0 24 953 825 16 0 67 617 49 0 37 263 16 202 16 59 
165 0 1148 523 15 0 0 114 0 51 0 34 24 12 0 0 563 47 1802 0 0 294 20 449 53 1118 30 863 168 0 162 100 0 9 3000 0 0 0 0 529 13 0 0 157 127 0 55 23 0 0 207 594 172 0 84 0 754 63 0 208 189 0 0 0 51 0 80 35 31 91 1109 0 0 268 986 34 13 55 0 0 
565 42 33 470 247 914 116 17 139 25 18 194 792 224 616 10 651 375 924 30 896 283 0 418 2061 0 449 0 215 3000 448 306 40 18 250 49 80 0 0 0 646 24 358 228 530 3000 34 475 134 0 398 32 204 103 121 9 83 0 59 75 21 99 18 1160 0 365 326 30 395 11 12 24 175 0 1661 9 178 162 352 3000 
192 0 75 539 495 0 667 3000 47 40 0 34 134 1217 0 0 34 24 581 1718 0 51 252 0 25 119 301 108 37 0 249 26 0 39 28 0 0 529 0 0 315 0 0 117 172 0 150 391 79 0 123 862 210 0 144 0 1041 29 0 13 0 87 0 0 121 0 0 862 48 65 0 0 0 18 1280 53 84 200 0 0 
31 3000 373 53 824 0 328 326 10 2181 81 3000 0 37 26 696 8 0 144 247 0 87 0 0 128 24 176 0 275 48 326 69 49 301 828 42 698 13 646 315 0 74 350 617 13 461 60 171 19 0 1568 11 259 0 1226 77 260 0 38 0 0 1825 0 0 0 1137 1241 49 477 0 0 569 23 321 0 441 8 513 0 43 
276 133 28 34 20 37 66 930 14 0 57 0 0 162 15 195 0 0 161 24 0 0 0 23 352 0 25 0 48 29 63 0 86 74 2322 32 8 0 24 0 74 0 34 17 13 19 0 289 0 0 0 8 12 169 0 523 66 0 1357 0 12 0 37 1715 0 210 147 0 26 0 10 637 701 0 430 0 23 17 236 72 
0 302 185 215 462 2837 0 33 0 0 291 0 0 0 2933 1626 0 0 683 232 534 0 0 395 78 0 7 0 216 18 67 0 94 273 585 9 124 0 358 0 350 34 0 2434 209 8 0 31 0 0 0 16 17 470 0 49 1776 0 176 0 378 0 236 182 0 576 32 0 0 0 3000 159 17 0 146 0 0 44 56 162 
293 204 60 584 244 318 82 12 20 9 8 38 650 231 88 17 11 209 954 49 26 145 40 88 30 3000 20 46 409 77 17 989 116 40 356 195 27 157 228 117 617 17 2434 0 9 299 29 30 13 641 89 17 69 64 194 43 218 16 14 49 68 47 57 46 0 1947 48 263 95 371 1645 280 25 46 12 193 12 3000 411 81 
71 359 86 91 478 1109 58 65 183 10 151 16 15 13 7 168 395 1216 224 14 12 105 302 590 11 7 10 703 35 19 34 2510 46 44 27 108 109 127 530 172 13 13 209 9 0 1351 108 10 50 44 79 19 197 51 30 214 66 572 256 1155 55 21 9 121 56 3000 964 206 16 155 129 196 3000 217 115 50 11 776 44 0 
1416 9 113 1409 518 7 1026 454 69 0 549 0 0 327 2447 269 72 0 10 25 8 0 0 864 684 0 13 0 540 51 23 0 472 772 3000 379 72 0 3000 0 461 19 8 299 1351 0 272 113 94 0 250 26 487 1161 0 42 27 0 258 98 97 1128 216 25 0 121 16 2300 2053 0 643 28 14 0 11 0 111 3000 612 1174 
1749 50 83 109 0 0 30 392 77 819 9 7 0 36 67 21 13 0 783 37 0 269 29 0 27 66 0 0 0 15 40 76 0 68 204 0 9 55 34 150 60 0 0 29 108 272 0 0 17 0 102 237 879 0 18 172 0 0 0 0 0 3000 0 0 0 31 0 9 119 0 0 13 8 2624 0 1258 0 14 0 0 
252 3000 3000 24 296 3000 0 341 0 583 0 133 64 0 16 11 467 396 426 0 642 226 129 59 457 3000 26 37 84 652 1071 0 619 148 1367 335 94 23 475 391 171 289 31 30 10 113 0 0 0 19 224 1304 15 61 190 3000 19 82 436 3000 1397 0 13 652 260 373 183 0 30 358 48 140 0 54 140 100 121 11 34 0 
460 79 38 78 0 0 2626 0 3000 396 3000 14 0 1973 944 123 60 0 113 61 0 174 0 0 0 97 0 0 0 244 55 201 0 1259 19 0 9 0 134 79 19 0 0 13 50 94 17 0 0 0 2830 0 123 0 9 385 0 0 0 0 0 221 0 0 0 1895 0 195 622 0 0 17 533 143 0 0 0 107 0 0 
0 0 0 0 203 31 0 638 0 382 0 0 2607 0 0 0 0 535 448 0 89 0 0 156 1318 0 36 30 1159 0 0 0 109 0 0 12 0 0 0 0 0 0 0 641 44 0 0 19 0 0 71 17 21 13 0 0 222 272 444 829 9 0 253 84 0 0 9 0 0 196 198 0 0 0 110 31 323 17 228 0 
43 16 651 44 124 1800 78 47 62 28 0 3000 421 11 13 3000 68 20 90 505 1816 401 28 1107 50 144 96 73 1987 0 228 49 208 39 400 781 1905 207 398 123 1568 0 0 89 79 250 102 224 2830 71 0 320 219 8 274 200 228 25 75 432 350 3000 756 19 10 185 18 321 14 16 290 0 0 34 129 164 10 11 427 0 
20 261 169 42 169 13 141 198 531 122 23 23 66 2952 862 96 319 13 8 3000 233 951 0 124 23 0 894 227 63 13 75 0 146 37 18 595 37 594 32 862 11 8 16 17 19 26 237 1304 0 17 320 0 80 139 587 244 259 462 566 58 12 0 21 117 0 328 21 362 15 474 44 476 7 536 8 41 186 389 74 35 
330 13 420 227 1156 113 1330 11 508 234 68 1000 503 27 48 44 100 49 27 255 679 958 0 325 848 0 189 94 402 79 111 35 569 340 143 12 8 172 204 210 259 12 17 69 197 487 879 15 123 21 219 80 0 137 78 7 31 0 21 109 15 12 2736 21 0 3000 67 163 390 571 56 354 15 101 17 59 8 627 25 882 
0 8 213 66 8 7 0 44 0 207 559 0 33 0 830 268 0 1271 178 0 1019 0 0 30 185 0 62 0 1380 38 30 0 159 9 64 9 87 0 103 0 0 169 470 64 51 1161 0 61 0 13 8 139 137 0 0 207 26 0 581 22 10 0 59 144 0 675 258 0 0 36 217 105 283 0 270 26 439 32 3000 8 
3000 367 16 22 3000 0 236 75 33 337 0 302 26 29 0 831 106 25 289 7 0 268 106 557 101 406 2838 389 79 0 102 337 0 13 11 0 0 84 121 144 1226 0 0 194 30 0 18 190 9 0 274 587 78 0 0 7 63 19 0 98 193 11 0 0 187 0 30 284 7 59 0 0 3000 74 19 404 114 9 0 0 
12 2349 311 204 3000 14 2167 1243 214 28 17 24 0 119 519 407 388 0 47 1681 0 53 0 0 17 0 1030 0 214 7 673 162 218 9 68 24 1862 0 9 0 77 523 49 43 214 42 172 3000 385 0 200 244 7 207 7 0 173 0 340 0 0 21 0 0 0 230 26 115 143 0 0 13 228 0 0 0 0 114 99 28 
27 723 41 221 207 30 0 3000 0 271 25 28 14 0 80 1622 373 645 949 0 236 165 148 110 66 233 16 10 29 290 590 0 32 111 127 720 1702 754 83 1041 260 66 1776 218 66 27 0 19 0 222 228 259 31 26 63 173 0 22 86 8 257 0 13 578 311 729 51 0 66 3000 117 89 337 105 84 190 13 215 24 0 
813 0 0 79 81 0 0 76 0 30 0 127 117 0 0 0 162 1279 71 0 12 135 19 10 329 500 44 599 265 0 0 0 0 9 1373 0 0 63 0 29 0 0 0 16 572 0 0 82 0 272 25 462 0 0 19 0 22 0 0 1926 9 0 1472 54 210 0 185 45 1488 29 779 0 0 252 317 743 12 255 43 0 
52 78 280 133 198 340 0 36 0 320 339 0 54 0 42 804 0 14 58 319 462 0 0 3000 97 0 31 171 56 106 494 0 24 600 9 34 20 0 59 0 38 1357 176 14 256 258 0 436 0 444 75 566 21 581 0 340 86 0 0 57 20 0 176 394 0 226 32 0 3000 1680 1101 150 1219 0 51 409 22 348 9 973 
171 30 24 764 304 236 0 667 0 17 0 241 602 0 41 0 19 166 111 0 8 1122 134 91 355 26 3000 886 123 0 0 0 51 18 921 113 1406 208 75 13 0 0 0 49 1155 98 0 3000 0 829 432 58 109 22 98 0 8 1926 57 0 147 0 29 57 435 248 18 0 8 983 2548 0 0 81 18 14 814 11 10 0 
0 22 193 1251 98 8 0 1060 0 572 0 0 231 0 1301 0 0 30 2507 0 52 0 0 128 498 0 2672 58 20 494 0 0 338 169 14 525 245 189 21 0 0 12 378 68 55 97 0 1397 0 9 350 12 15 10 193 0 257 9 20 147 0 0 7 212 0 182 8 0 0 31 34 0 0 26 245 45 174 461 11 0 
53 25 19 21 0 0 14 0 106 1466 77 75 0 300 711 32 977 0 39 751 0 145 0 0 0 9 0 0 0 236 48 34 0 686 1737 0 0 0 99 87 1825 0 0 47 21 1128 3000 0 221 0 3000 0 12 0 11 21 0 0 0 0 0 0 0 0 0 180 0 790 3000 0 0 32 3000 126 0 0 0 19 0 0 
0 346 35 16 120 20 0 242 0 26 9 0 438 0 8 196 0 143 2497 0 106 0 0 13 972 0 726 331 1665 27 0 0 24 105 80 777 26 0 18 0 0 37 236 57 9 216 0 13 0 253 756 21 2736 59 0 0 13 1472 176 29 7 0 0 196 0 78 41 0 0 36 74 24 11 0 303 24 822 9 24 160 
0 12 3000 49 71 78 0 242 0 1151 9 0 56 0 91 256 0 86 301 0 44 0 0 76 51 0 112 395 430 188 0 0 1106 294 16 1554 833 0 1160 0 0 1715 182 46 121 25 0 652 0 84 19 117 21 144 0 0 578 54 394 57 212 0 196 0 0 168 191 0 0 420 710 1002 82 0 659 22 118 25 24 262 
1772 0 0 101 0 0 0 0 0 99 0 14 96 0 0 0 2516 182 20 0 0 974 214 0 3000 2312 0 24 0 0 0 0 0 456 0 0 0 51 0 121 0 0 0 0 56 0 0 260 0 0 10 0 0 0 187 0 311 210 0 435 0 0 0 0 0 0 0 44 769 242 0 0 0 572 1663 226 154 0 0 0 
102 683 21 744 93 36 327 61 96 153 62 70 0 19 603 793 192 0 44 409 0 56 0 1056 382 0 51 0 162 22 338 314 111 132 1368 137 24 0 365 0 1137 210 576 1947 3000 121 31 373 1895 0 185 328 3000 675 0 230 729 0 226 248 182 180 78 168 0 0 43 142 14 0 2641 343 14 0 16 197 87 127 93 542 
649 441 37 23 181 22 0 32 0 170 32 0 66 0 72 784 43 3000 25 2528 1062 0 0 291 176 0 23 13 137 65 45 0 180 3000 8 412 953 80 326 0 1241 147 32 48 964 16 0 183 0 9 18 21 67 258 30 26 51 185 32 18 8 0 41 191 0 43 0 0 24 102 3000 111 16 666 826 21 243 1862 2481 30 
123 116 194 2207 56 0 42 2251 206 704 128 421 0 1612 261 9 59 0 11 276 0 236 1177 0 10 68 168 41 0 17 938 422 12 171 691 0 825 35 30 862 49 0 0 263 206 2300 9 0 195 0 321 362 163 0 284 115 0 45 0 0 0 790 0 0 44 142 0 0 98 0 0 172 3000 26 0 32 1011 3000 0 0 
30 31 283 607 2445 0 237 53 19 293 707 667 109 30 88 1544 39 0 7 196 0 14 124 0 240 2080 27 148 110 969 10 2478 59 107 18 0 16 31 395 48 477 26 0 95 16 2053 119 30 622 0 14 15 390 0 7 143 66 1488 3000 8 0 3000 0 0 769 14 24 98 0 221 0 400 17 408 0 209 19 30 0 0 
79 0 275 304 33 856 0 178 0 128 0 81 612 0 0 0 20 197 31 0 379 14 90 15 40 3000 76 14 138 0 0 0 38 103 2923 16 0 91 11 65 0 0 0 371 155 0 0 358 0 196 16 474 571 36 59 0 3000 29 1680 983 31 0 36 420 242 0 102 0 221 0 36 0 0 178 1831 1199 803 51 125 0 
0 33 63 295 1407 83 0 623 0 153 0 0 55 0 1240 0 0 41 928 0 1245 0 0 182 1220 0 28 3000 33 393 0 0 24 65 187 228 67 1109 12 0 0 10 3000 1645 129 643 0 48 0 198 290 44 56 217 0 0 117 779 1101 2548 34 0 74 710 0 2641 3000 0 0 36 0 1139 0 218 29 3000 10 64 116 0 
8 39 10 3000 69 246 18 1324 853 0 766 94 0 3000 1699 188 303 0 34 34 0 38 0 0 123 0 541 0 2013 15 31 31 845 44 17 29 617 0 24 0 569 637 159 280 196 28 13 140 17 0 0 476 354 105 0 13 89 0 150 0 0 32 24 1002 0 343 111 172 400 0 1139 0 67 0 0 0 0 75 31 38 
64 23 1166 104 46 3000 20 72 467 0 509 12 0 8 15 12 134 0 293 10 0 30 0 0 216 0 50 0 136 18 175 1406 43 388 220 83 49 0 175 0 23 701 17 25 3000 14 8 0 533 0 0 7 15 283 3000 228 337 0 1219 0 0 3000 11 82 0 14 16 3000 17 0 0 67 0 0 0 0 0 676 3000 2934 
52 0 100 650 3000 0 161 15 36 8 0 353 69 12 0 0 28 1613 44 13 0 9 8 77 80 17 444 24 163 0 286 19 0 47 222 0 0 268 0 18 321 0 0 46 217 0 2624 54 143 0 34 536 101 0 74 0 105 252 0 81 26 126 0 0 572 0 666 26 408 178 218 0 0 0 88 22 1476 39 0 0 
837 34 17 21 25 32 0 426 0 123 0 94 145 0 2707 0 42 23 298 0 86 0 127 572 330 266 2602 11 295 0 0 0 16 249 51 7 37 986 1661 1280 0 430 146 12 115 11 0 140 0 110 129 8 17 270 19 0 84 317 51 18 245 0 303 659 1663 16 826 0 0 1831 29 0 0 88 0 47 8 540 1197 0 
25 103 27 10 41 48 22 1885 17 328 0 87 69 883 37 152 8 521 9 39 153 509 1374 603 61 177 17 84 162 0 130 199 43 1667 353 71 263 34 9 53 441 0 0 193 50 0 1258 100 0 31 164 41 59 26 404 0 190 743 409 14 45 0 24 22 226 197 21 32 209 1199 3000 0 0 22 47 0 208 425 84 0 
578 192 2923 19 376 389 0 189 0 1366 0 18 103 176 137 0 22 219 2678 0 18 23 58 1112 19 1030 567 100 338 564 15 0 49 62 65 211 16 13 178 84 8 23 0 12 11 111 0 121 0 323 10 186 8 439 114 0 13 12 22 814 174 0 822 118 154 87 243 1011 19 803 10 0 0 1476 8 208 0 32 496 0 
3000 49 755 154 43 22 737 296 192 62 12 558 14 549 172 1099 696 80 2466 249 154 2049 39 290 12 98 780 836 1401 129 82 288 160 393 246 194 202 55 162 200 513 17 44 3000 776 3000 14 11 107 17 11 389 627 32 9 114 215 255 348 11 461 19 9 25 0 127 1862 3000 30 51 64 75 676 39 540 425 32 0 8 10 
0 206 189 3000 16 283 0 3000 0 303 232 0 831 0 124 30 0 66 9 0 247 0 0 38 76 0 34 27 1384 21 54 0 193 499 19 766 16 0 352 0 0 236 56 411 44 612 0 34 0 228 427 74 25 3000 0 99 24 43 9 10 11 0 24 24 0 93 2481 0 0 125 116 31 3000 0 1197 84 496 8 0 605 
0 424 268 850 34 841 0 84 16 0 20 0 0 0 69 474 0 0 47 160 0 0 0 0 0 0 764 0 315 394 28 0 1803 598 242 445 59 0 3000 0 43 72 162 81 0 1174 0 0 0 0 0 35 882 8 0 28 0 0 973 0 0 0 160 262 0 542 30 0 0 0 0 38 2934 0 0 0 0 10 605 0 
