80
0 17 31 93 32 46 89 63 70 76 78 66 83 51 67 98 89 32 80 87 68 44 47 85 27 93 100 110 34 13 77 30 57 69 59 90 83 65 84 36 109 63 54 34 71 31 75 63 74 32 20 8 72 69 90 116 77 85 92 53 25 59 95 54 49 64 48 69 60 78 65 73 23 8 80 73 57 86 31 54 
17 0 19 99 23 51 96 63 64 70 77 57 85 65 74 103 90 20 87 75 77 52 52 75 12 95 97 112 41 7 78 16 47 78 47 91 92 73 83 23 109 51 40 49 83 44 65 73 82 31 11 21 78 58 86 118 77 99 95 60 34 56 101 41 55 68 42 72 59 80 60 63 11 10 71 71 72 78 34 62 
31 19 0 88 6 42 86 47 45 51 60 37 70 65 65 91 75 2 77 57 69 46 43 55 9 80 80 97 36 26 64 5 28 70 28 76 85 65 66 6 93 32 23 52 79 45 45 68 73 20 11 37 68 39 68 102 61 98 82 52 34 39 90 23 46 56 24 59 44 66 41 44 9 25 52 53 74 58 26 55 
93 99 88 0 82 48 6 45 67 63 42 78 27 56 26 8 30 89 14 93 28 50 47 85 96 25 50 31 59 102 30 93 79 26 89 27 20 29 38 91 38 86 94 67 36 66 83 37 20 70 89 100 22 87 53 37 38 55 16 40 69 55 2 90 45 32 68 30 47 26 62 79 92 95 78 50 61 75 66 40 
32 23 6 82 0 36 80 41 41 47 55 34 64 61 59 85 69 7 71 55 64 41 38 53 15 74 74 91 31 30 58 11 25 65 28 70 79 59 61 10 87 31 24 48 73 41 43 63 67 14 13 39 62 37 63 96 55 94 76 47 31 34 84 23 41 50 19 53 38 60 37 41 13 27 48 48 70 55 21 50 
46 51 42 48 36 0 45 24 44 45 37 48 39 34 23 53 45 43 36 70 28 9 2 64 49 48 59 65 12 54 32 46 44 28 53 45 43 23 41 46 64 52 55 31 38 25 57 28 31 22 41 53 27 56 52 71 35 61 46 10 22 27 50 51 4 18 29 23 21 33 37 54 45 47 57 36 43 59 17 14 
89 96 86 6 80 45 0 45 67 64 43 77 29 50 22 14 33 87 9 94 22 45 43 86 93 28 53 37 55 98 31 90 78 21 88 30 14 24 40 89 43 85 93 62 30 61 83 32 15 66 86 95 18 87 56 43 39 50 19 36 64 55 6 89 41 30 66 29 46 27 62 80 89 91 79 50 55 76 62 35 
63 63 47 45 41 24 45 0 24 23 15 33 23 56 31 46 27 48 38 52 39 32 24 45 56 33 37 49 34 68 17 52 34 38 44 29 50 33 20 49 46 41 49 54 53 49 40 45 37 32 52 71 30 43 28 55 14 78 35 28 44 10 47 45 25 17 24 16 4 20 18 36 54 62 37 12 65 38 33 32 
70 64 45 67 41 44 67 24 0 7 26 12 40 77 55 65 41 44 62 28 63 52 45 21 53 48 37 61 50 70 36 49 19 62 27 44 74 57 31 43 54 22 35 72 77 65 16 68 61 39 53 78 54 21 25 65 29 101 54 51 57 17 69 31 46 41 23 39 24 41 7 13 53 67 14 17 86 16 44 55 
76 70 51 63 47 45 64 23 7 0 21 19 36 78 54 61 36 51 59 30 61 54 46 23 60 43 31 55 53 76 33 56 26 61 34 39 72 56 26 50 48 29 42 75 76 68 20 68 59 44 59 83 52 27 18 58 25 101 49 51 61 19 65 37 47 40 28 37 25 37 10 18 59 72 15 13 88 14 48 55 
78 77 60 42 55 37 43 15 26 21 0 38 14 67 37 39 15 61 39 51 44 45 37 44 69 22 22 37 48 82 12 65 42 44 52 18 52 40 6 61 32 47 58 68 60 62 41 53 40 47 66 86 34 47 16 42 4 84 28 39 58 21 44 54 37 24 36 20 18 16 23 38 67 77 36 9 75 34 47 42 
66 57 37 78 34 48 77 33 12 19 38 0 52 81 63 77 53 36 71 23 70 56 49 19 45 60 49 74 51 64 47 41 9 70 15 56 83 65 43 34 67 10 23 74 84 66 9 75 70 37 47 73 63 10 37 77 41 108 65 57 57 24 79 19 51 50 21 49 32 52 16 7 46 61 14 29 90 22 43 61 
83 85 70 27 64 39 29 23 40 36 14 52 0 62 29 25 7 71 28 66 36 44 38 58 79 10 26 27 51 90 7 75 55 35 65 7 40 32 11 72 26 61 71 67 51 63 56 46 30 54 74 91 25 61 26 33 11 74 13 36 61 32 29 67 37 21 47 16 26 6 37 53 76 83 51 23 70 48 53 39 
51 65 65 56 61 34 50 56 77 78 67 81 62 0 34 63 69 67 43 103 29 25 33 98 69 69 87 83 31 64 58 68 76 30 84 67 39 31 69 71 87 84 84 17 23 22 90 19 37 48 60 55 39 89 82 90 63 34 63 28 32 60 57 81 31 43 61 48 54 56 70 87 64 57 91 68 9 93 41 24 
67 74 65 26 59 23 22 31 55 54 37 63 29 34 0 32 36 66 13 83 8 23 22 76 72 35 55 50 33 77 25 69 62 8 72 34 20 3 37 68 53 70 75 42 23 40 70 17 8 46 65 73 5 73 52 56 33 48 29 14 43 39 27 71 19 14 48 17 31 23 49 67 68 69 68 41 42 68 41 13 
98 103 91 8 85 53 14 46 65 61 39 77 25 63 32 0 26 92 21 90 35 55 51 83 99 20 44 23 64 107 29 96 79 33 89 23 28 35 35 93 31 86 95 74 44 72 81 45 26 73 93 105 27 86 49 30 36 63 12 45 74 56 9 90 49 35 69 32 48 26 61 78 96 100 76 48 69 72 69 45 
89 90 75 30 69 45 33 27 41 36 15 53 7 69 36 26 0 75 33 64 43 51 45 57 83 7 20 22 57 95 13 80 57 42 67 4 46 39 10 76 19 63 74 74 57 70 56 52 36 59 79 97 31 62 23 27 14 80 15 43 67 36 32 69 44 28 51 22 31 13 38 53 81 89 50 24 77 46 58 46 
32 20 2 89 7 43 87 48 44 51 61 36 71 67 66 92 75 0 78 55 71 48 45 54 9 80 79 97 37 28 64 5 27 71 27 77 86 66 67 4 93 31 22 53 80 47 44 70 74 21 12 39 69 38 68 102 61 100 82 54 36 39 91 21 48 57 24 60 44 67 41 43 10 26 51 53 75 58 27 57 
80 87 77 14 71 36 9 38 62 59 39 71 28 43 13 21 33 78 0 89 14 36 34 82 84 30 54 42 46 89 27 81 71 12 82 30 13 15 38 80 47 79 86 53 25 52 78 24 5 58 77 86 9 81 54 49 35 47 22 27 55 48 15 81 32 22 59 23 39 23 56 74 80 82 74 46 48 73 53 26 
87 75 57 93 55 70 94 52 28 30 51 23 66 103 83 90 64 55 89 0 90 79 71 8 63 72 53 81 74 83 63 60 31 90 29 68 101 85 55 53 73 24 36 96 105 89 14 96 88 60 67 94 82 18 43 83 55 129 79 78 80 44 95 35 73 69 44 67 52 67 34 17 65 81 15 44 113 19 66 82 
68 77 69 28 64 28 22 39 63 61 44 70 36 29 8 35 43 71 14 90 0 25 26 84 76 41 62 54 36 79 33 73 68 1 78 40 16 6 45 73 58 77 81 40 15 39 78 10 8 50 68 74 11 80 60 61 40 40 34 17 44 47 28 77 23 21 55 25 38 30 56 75 71 71 76 49 35 76 44 14 
44 52 46 50 41 9 45 32 52 54 45 56 44 25 23 55 51 48 36 79 25 0 8 73 52 53 67 69 11 54 38 50 52 26 61 51 40 21 49 51 70 60 61 23 33 18 65 22 31 27 43 50 28 65 60 76 42 54 50 9 19 35 51 58 8 23 37 29 30 38 45 62 47 47 66 45 34 68 20 10 
47 52 43 47 38 2 43 24 45 46 37 49 38 33 22 51 45 45 34 71 26 8 0 65 50 47 59 64 13 55 32 48 45 27 54 45 41 21 41 47 64 54 56 30 37 25 58 27 30 24 43 54 26 58 52 71 35 60 45 9 23 28 49 52 3 18 30 23 22 32 38 55 46 48 58 37 42 60 19 13 
85 75 55 85 53 64 86 45 21 23 44 19 58 98 76 83 57 54 82 8 84 73 65 0 63 64 46 74 69 82 56 59 28 83 29 60 94 78 47 52 65 24 37 92 98 85 10 89 81 56 65 92 75 17 36 76 47 123 71 72 76 38 87 34 67 62 40 60 46 60 28 12 64 80 8 36 107 12 62 76 
27 12 9 96 15 49 93 56 53 60 69 45 79 69 72 99 83 9 84 63 76 52 50 63 0 89 88 105 41 20 72 4 36 77 35 85 91 71 75 11 101 39 28 54 84 47 53 74 80 27 9 33 75 46 77 111 70 102 90 59 37 48 98 29 53 64 33 67 53 75 50 52 5 20 60 62 76 67 32 62 
93 95 80 25 74 48 28 33 48 43 22 60 10 69 35 20 7 80 30 72 41 53 47 64 89 0 25 17 60 99 17 85 64 40 74 4 41 38 17 81 18 69 80 75 54 71 63 51 33 64 84 100 30 69 30 24 20 77 9 44 70 42 26 75 46 30 56 24 36 15 45 60 86 93 57 31 76 53 62 46 
100 97 80 50 74 59 53 37 37 31 22 49 26 87 55 44 20 79 54 53 62 67 59 46 88 25 0 29 70 103 30 84 56 61 64 24 66 58 18 79 19 59 72 90 77 85 49 72 56 68 86 108 51 57 12 30 25 100 34 60 81 41 51 68 59 45 55 39 40 32 38 47 87 98 41 27 96 35 69 63 
110 112 97 31 91 65 37 49 61 55 37 74 27 83 50 23 22 97 42 81 54 69 64 74 105 17 29 0 77 116 34 101 78 53 88 20 51 53 31 97 10 83 95 91 66 88 75 65 46 81 101 117 44 82 39 7 36 86 21 61 87 58 32 90 62 46 73 42 53 32 59 73 103 110 68 45 90 62 79 62 
34 41 36 59 31 12 55 34 50 53 48 51 51 31 33 64 57 37 46 74 36 11 13 69 41 60 70 77 0 43 44 39 45 37 53 57 51 32 53 40 76 53 53 23 43 16 61 33 41 17 32 41 38 59 62 83 46 63 58 19 11 34 61 50 15 30 30 35 30 45 43 58 36 36 62 46 40 66 10 21 
13 7 26 102 30 54 98 68 70 76 82 64 90 64 77 107 95 28 89 83 79 54 55 82 20 99 103 116 43 0 83 23 54 80 54 96 94 75 88 30 114 59 48 47 83 43 72 74 84 36 17 15 81 65 92 122 82 98 99 62 35 62 104 48 58 72 48 76 64 85 66 71 18 7 78 76 70 85 37 64 
77 78 64 30 58 32 31 17 36 33 12 47 7 58 25 29 13 64 27 63 33 38 32 56 72 17 30 34 44 83 0 69 50 32 60 13 40 29 12 65 32 56 66 61 48 57 52 42 28 47 67 84 22 57 27 40 8 72 19 31 55 27 32 61 31 15 41 10 20 4 32 49 70 77 48 19 66 46 46 33 
30 16 5 93 11 46 90 52 49 56 65 41 75 68 69 96 80 5 81 60 73 50 48 59 4 85 84 101 39 23 69 0 32 74 31 81 89 69 71 7 97 35 25 54 82 47 49 72 77 24 10 35 72 42 73 107 66 101 86 56 36 44 95 25 50 61 29 64 49 71 46 48 6 23 55 58 76 63 30 59 
57 47 28 79 25 44 78 34 19 26 42 9 55 76 62 79 57 27 71 31 68 52 45 28 36 64 56 78 45 54 50 32 0 69 11 60 82 63 48 25 72 9 16 67 81 60 18 71 69 30 37 64 62 14 44 83 44 105 68 53 50 23 81 12 47 49 15 49 32 53 19 16 37 52 24 33 85 31 36 57 
69 78 70 26 65 28 21 38 62 61 44 70 35 30 8 33 42 71 12 90 1 26 27 83 77 40 61 53 37 80 32 74 69 0 79 39 15 6 44 74 57 77 82 41 16 40 78 12 7 51 69 75 10 80 59 60 40 40 33 18 45 47 27 78 24 21 55 25 38 29 56 75 72 72 76 48 37 75 45 15 
59 47 28 89 28 53 88 44 27 34 52 15 65 84 72 89 67 27 82 29 78 61 54 29 35 74 64 88 53 54 60 31 11 79 0 70 92 73 57 24 81 6 8 74 91 67 19 81 79 36 39 66 73 11 52 92 54 114 78 63 56 34 91 6 57 60 24 59 42 64 29 20 37 53 27 43 93 35 44 67 
90 91 76 27 70 45 30 29 44 39 18 56 7 67 34 23 4 77 30 68 40 51 45 60 85 4 24 20 57 96 13 81 60 39 70 0 42 37 13 77 20 66 76 73 54 69 59 50 33 60 80 97 29 65 27 26 16 77 11 42 67 38 29 72 43 27 53 22 32 13 41 56 82 90 54 27 75 49 59 44 
83 92 85 20 79 43 14 50 74 72 52 83 40 39 20 28 46 86 13 101 16 40 41 94 91 41 66 51 51 94 40 89 82 15 92 42 0 20 51 88 57 90 96 53 17 53 90 21 13 65 83 88 20 92 66 58 48 35 33 33 59 59 20 91 38 33 69 35 51 36 68 86 87 87 87 58 43 85 60 30 
65 73 65 29 59 23 24 33 57 56 40 65 32 31 3 35 39 66 15 85 6 21 21 78 71 38 58 53 32 75 29 69 63 6 73 37 20 0 41 68 56 71 76 39 20 37 72 14 9 45 64 71 8 74 55 60 36 45 32 13 41 41 30 72 18 16 49 20 33 26 51 69 67 68 70 43 38 70 40 11 
84 83 66 38 61 41 40 20 31 26 6 43 11 69 37 35 10 67 38 55 45 49 41 47 75 17 18 31 53 88 12 71 48 44 57 13 51 41 0 67 26 53 64 71 60 67 46 54 40 52 72 91 34 52 15 36 7 84 24 42 63 27 40 60 41 27 42 21 24 15 29 43 73 82 40 14 78 37 53 45 
36 23 6 91 10 46 89 49 43 50 61 34 72 71 68 93 76 4 80 53 73 51 47 52 11 81 79 97 40 30 65 7 25 74 24 77 88 68 67 0 93 28 18 57 83 50 42 73 76 24 16 42 71 35 67 103 62 103 83 56 39 40 93 18 50 59 25 61 45 68 41 41 13 29 49 53 79 56 30 60 
109 109 93 38 87 64 43 46 54 48 32 67 26 87 53 31 19 93 47 73 58 70 64 65 101 18 19 10 76 114 32 97 72 57 81 20 57 56 26 93 0 77 89 92 71 89 67 69 51 78 98 116 48 75 30 11 32 93 25 62 87 53 40 84 63 47 68 41 50 32 54 65 99 108 60 40 94 54 78 64 
63 51 32 86 31 52 85 41 22 29 47 10 61 84 70 86 63 31 79 24 77 60 54 24 39 69 59 83 53 59 56 35 9 77 6 66 90 71 53 28 77 0 14 75 90 68 14 80 77 38 43 69 70 7 47 87 50 113 74 62 58 31 88 11 56 57 23 57 40 60 25 14 41 57 22 39 94 30 44 66 
54 40 23 94 24 55 93 49 35 42 58 23 71 84 75 95 74 22 86 36 81 61 56 37 28 80 72 95 53 48 66 25 16 82 8 76 96 76 64 18 89 14 0 72 93 65 28 83 83 36 34 60 77 19 60 99 60 115 84 65 55 39 96 5 59 63 27 64 47 69 35 28 31 48 36 50 93 43 43 69 
34 49 52 67 48 31 62 54 72 75 68 74 67 17 42 74 74 53 53 96 40 23 30 92 54 75 90 91 23 47 61 54 67 41 74 73 53 39 71 57 92 75 72 0 39 7 83 31 48 37 45 38 47 81 83 98 65 50 71 30 18 56 68 70 31 46 53 51 52 60 65 80 49 40 85 67 23 88 31 29 
71 83 79 36 73 38 30 53 77 76 60 84 51 23 23 44 57 80 25 105 15 33 37 98 84 54 77 66 43 83 48 82 81 16 91 54 17 20 60 83 71 90 93 39 0 41 92 10 21 59 75 76 26 93 75 73 56 25 47 28 48 61 36 89 34 36 67 40 53 45 70 89 79 76 90 64 26 91 53 24 
31 44 45 66 41 25 61 49 65 68 62 66 63 22 40 72 70 47 52 89 39 18 25 85 47 71 85 88 16 43 57 47 60 40 67 69 53 37 67 50 89 68 65 7 41 0 76 32 46 30 38 35 45 73 77 95 60 55 68 27 11 49 67 63 26 42 46 47 46 56 59 73 42 36 78 61 29 82 23 27 
75 65 45 83 43 57 83 40 16 20 41 9 56 90 70 81 56 44 78 14 78 65 58 10 53 63 49 75 61 72 52 49 18 78 19 59 90 72 46 42 67 14 28 83 92 76 0 83 76 47 55 82 70 9 37 78 45 116 69 65 67 31 85 25 60 57 30 55 39 57 22 3 54 70 8 33 99 16 53 69 
63 73 68 37 63 28 32 45 68 68 53 75 46 19 17 45 52 70 24 96 10 22 27 89 74 51 72 65 33 74 42 72 71 12 81 50 21 14 54 73 69 80 83 31 10 32 83 0 19 49 65 68 21 84 69 72 49 33 45 18 39 52 38 79 24 29 57 33 44 40 62 80 69 67 82 56 25 82 43 14 
74 82 73 20 67 31 15 37 61 59 40 70 30 37 8 26 36 74 5 88 8 31 30 81 80 33 56 46 41 84 28 77 69 7 79 33 13 9 40 76 51 77 83 48 21 46 76 19 0 53 72 80 6 79 55 53 36 45 26 22 50 46 21 78 27 20 56 22 37 24 55 73 76 77 74 45 44 73 48 20 
32 31 20 70 14 22 66 32 39 44 47 37 54 48 46 73 59 21 58 60 50 27 24 56 27 64 68 81 17 36 47 24 30 51 36 60 65 45 52 24 78 38 36 37 59 30 47 49 53 0 20 40 49 43 58 87 46 80 64 33 20 27 71 33 27 38 17 41 29 49 34 44 23 30 50 41 57 55 7 36 
20 11 11 89 13 41 86 52 53 59 66 47 74 60 65 93 79 12 77 67 68 43 43 65 9 84 86 101 32 17 67 10 37 69 39 80 83 64 72 16 98 43 34 45 75 38 55 65 72 20 0 27 68 49 75 107 66 93 84 51 28 45 91 33 45 58 31 61 48 70 49 54 4 14 61 60 67 68 24 53 
8 21 37 100 39 53 95 71 78 83 86 73 91 55 73 105 97 39 86 94 74 50 54 92 33 100 108 117 41 15 84 35 64 75 66 97 88 71 91 42 116 69 60 38 76 35 82 68 80 40 27 0 78 76 97 124 85 88 99 59 31 67 101 60 56 71 55 76 67 85 73 80 29 13 87 81 59 93 38 60 
72 78 68 22 62 27 18 30 54 52 34 63 25 39 5 27 31 69 9 82 11 28 26 75 75 30 51 44 38 81 22 72 62 10 73 29 20 8 34 71 48 70 77 47 26 45 70 21 6 49 68 78 0 73 49 51 30 50 24 19 47 40 23 72 23 13 50 15 31 19 48 67 71 74 67 39 46 66 44 18 
69 58 39 87 37 56 87 43 21 27 47 10 61 89 73 86 62 38 81 18 80 65 58 17 46 69 57 82 59 65 57 42 14 80 11 65 92 74 52 35 75 7 19 81 93 73 9 84 79 43 49 76 73 0 45 85 50 117 75 66 64 33 89 17 60 59 28 58 42 61 25 10 48 63 17 38 98 25 50 70 
90 86 68 53 63 52 56 28 25 18 16 37 26 82 52 49 23 68 54 43 60 60 52 36 77 30 12 39 62 92 27 73 44 59 52 27 66 55 15 67 30 47 60 83 75 77 37 69 55 58 75 97 49 45 0 41 20 99 38 55 72 31 55 56 52 40 44 35 32 31 26 35 76 87 30 16 91 24 60 58 
116 118 102 37 96 71 43 55 65 58 42 77 33 90 56 30 27 102 49 83 61 76 71 76 111 24 30 7 83 122 40 107 83 60 92 26 58 60 36 103 11 87 99 98 73 95 78 72 53 87 107 124 51 85 41 0 41 93 27 68 94 63 38 95 69 53 78 48 58 39 64 76 108 116 71 50 97 64 86 69 
77 77 61 38 55 35 39 14 29 25 4 41 11 63 33 36 14 61 35 55 40 42 35 47 70 20 25 36 46 82 8 66 44 40 54 16 48 36 7 62 32 50 60 65 56 60 45 49 36 46 66 85 30 50 20 41 0 80 25 36 56 22 40 56 34 21 37 16 18 12 25 42 67 76 40 12 72 38 46 39 
85 99 98 55 94 61 50 78 101 101 84 108 74 34 48 63 80 100 47 129 40 54 60 123 102 77 100 86 63 98 72 101 105 40 114 77 35 45 84 103 93 113 115 50 25 55 116 33 45 80 93 88 50 117 99 93 80 0 68 51 65 85 54 112 57 61 90 65 77 69 95 113 97 91 115 88 29 115 73 47 
92 95 82 16 76 46 19 35 54 49 28 65 13 63 29 12 15 82 22 79 34 50 45 71 90 9 34 21 58 99 19 86 68 33 78 11 33 32 24 83 25 74 84 71 47 68 69 45 26 64 84 99 24 75 38 27 25 68 0 41 68 45 17 80 43 27 59 23 38 15 50 66 87 92 64 36 70 60 62 42 
53 60 52 40 47 10 36 28 51 51 39 57 36 28 14 45 43 54 27 78 17 9 9 72 59 44 60 61 19 62 31 56 53 18 63 42 33 13 42 56 62 62 65 30 28 27 65 18 22 33 51 59 19 66 55 68 36 51 41 0 28 34 42 61 6 16 39 21 27 30 44 62 54 55 64 40 37 66 27 4 
25 34 34 69 31 22 64 44 57 61 58 57 61 32 43 74 67 36 55 80 44 19 23 76 37 70 81 87 11 35 55 36 50 45 56 67 59 41 63 39 87 58 55 18 48 11 67 39 50 20 28 31 47 64 72 94 56 65 68 28 0 42 70 52 25 41 36 46 40 55 51 64 32 28 69 55 39 74 14 30 
59 56 39 55 34 27 55 10 17 19 21 24 32 60 39 56 36 39 48 44 47 35 28 38 48 42 41 58 34 62 27 44 23 47 34 38 59 41 27 40 53 31 39 56 61 49 31 52 46 27 45 67 40 33 31 63 22 85 45 34 42 0 57 35 29 26 15 26 9 30 10 28 46 57 31 15 69 33 29 38 
95 101 90 2 84 50 6 47 69 65 44 79 29 57 27 9 32 91 15 95 28 51 49 87 98 26 51 32 61 104 32 95 81 27 91 29 20 30 40 93 40 88 96 68 36 67 85 38 21 71 91 101 23 89 55 38 40 54 17 42 70 57 0 92 46 34 70 32 49 28 64 81 94 97 80 51 62 77 67 41 
54 41 23 90 23 51 89 45 31 37 54 19 67 81 71 90 69 21 81 35 77 58 52 34 29 75 68 90 50 48 61 25 12 78 6 72 91 72 60 18 84 11 5 70 89 63 25 79 78 33 33 60 72 17 56 95 56 112 80 61 52 35 92 0 55 59 23 60 42 65 31 25 31 47 32 45 90 40 40 65 
49 55 46 45 41 4 41 25 46 47 37 51 37 31 19 49 44 48 32 73 23 8 3 67 53 46 59 62 15 58 31 50 47 24 57 43 38 18 41 50 63 56 59 31 34 26 60 24 27 27 45 56 23 60 52 69 34 57 43 6 25 29 46 55 0 16 33 21 23 31 39 57 49 51 60 37 41 61 21 10 
64 68 56 32 50 18 30 17 41 40 24 50 21 43 14 35 28 57 22 69 21 23 18 62 64 30 45 46 30 72 15 61 49 21 60 27 33 16 27 59 47 57 63 46 36 42 57 29 20 38 58 71 13 59 40 53 21 61 27 16 41 26 34 59 16 0 37 6 18 15 35 54 61 65 55 28 51 54 34 18 
48 42 24 68 19 29 66 24 23 28 36 21 47 61 48 69 51 24 59 44 55 37 30 40 33 56 55 73 30 48 41 29 15 55 24 53 69 49 42 25 68 23 27 53 67 46 30 57 56 17 31 55 50 28 44 78 37 90 59 39 36 15 70 23 33 37 0 38 21 44 18 28 32 44 33 29 70 39 22 43 
69 72 59 30 53 23 29 16 39 37 20 49 16 48 17 32 22 60 23 67 25 29 23 60 67 24 39 42 35 76 10 64 49 25 59 22 35 20 21 61 41 57 64 51 40 47 55 33 22 41 61 76 15 58 35 48 16 65 23 21 46 26 32 60 21 6 38 0 17 9 33 52 64 69 52 24 56 51 38 24 
60 59 44 47 38 21 46 4 24 25 18 32 26 54 31 48 31 44 39 52 38 30 22 46 53 36 40 53 30 64 20 49 32 38 42 32 51 33 24 45 50 40 47 52 53 46 39 44 37 29 48 67 31 42 32 58 18 77 38 27 40 9 49 42 23 18 21 17 0 23 18 36 50 59 38 15 63 39 29 31 
78 80 66 26 60 33 27 20 41 37 16 52 6 56 23 26 13 67 23 67 30 38 32 60 75 15 32 32 45 85 4 71 53 29 64 13 36 26 15 68 32 60 69 60 45 56 57 40 24 49 70 85 19 61 31 39 12 69 15 30 55 30 28 65 31 15 44 9 23 0 36 53 72 78 52 24 64 50 47 32 
65 60 41 62 37 37 62 18 7 10 23 16 37 70 49 61 38 41 56 34 56 45 38 28 50 45 38 59 43 66 32 46 19 56 29 41 68 51 29 41 54 25 35 65 70 59 22 62 55 34 49 73 48 25 26 64 25 95 50 44 51 10 64 31 39 35 18 33 18 36 0 19 50 62 20 14 80 23 38 48 
73 63 44 79 41 54 80 36 13 18 38 7 53 87 67 78 53 43 74 17 75 62 55 12 52 60 47 73 58 71 49 48 16 75 20 56 86 69 43 41 65 14 28 80 89 73 3 80 73 44 54 80 67 10 35 76 42 113 66 62 64 28 81 25 57 54 28 52 36 53 19 0 53 68 8 30 96 16 50 66 
23 11 9 92 13 45 89 54 53 59 67 46 76 64 68 96 81 10 80 65 71 47 46 64 5 86 87 103 36 18 70 6 37 72 37 82 87 67 73 13 99 41 31 49 79 42 54 69 76 23 4 29 71 48 76 108 67 97 87 54 32 46 94 31 49 61 32 64 50 72 50 53 0 16 60 61 71 67 27 57 
8 10 25 95 27 47 91 62 67 72 77 61 83 57 69 100 89 26 82 81 71 47 48 80 20 93 98 110 36 7 77 23 52 72 53 90 87 68 82 29 108 57 48 40 76 36 70 67 77 30 14 13 74 63 87 116 76 91 92 55 28 57 97 47 51 65 44 69 59 78 62 68 16 0 75 71 63 82 31 57 
80 71 52 78 48 57 79 37 14 15 36 14 51 91 68 76 50 51 74 15 76 66 58 8 60 57 41 68 62 78 48 55 24 76 27 54 87 70 40 49 60 22 36 85 90 78 8 82 74 50 61 87 67 17 30 71 40 115 64 64 69 31 80 32 60 55 33 52 38 52 20 8 60 75 0 29 100 8 56 68 
73 71 53 50 48 36 50 12 17 13 9 29 23 68 41 48 24 53 46 44 49 45 37 36 62 31 27 45 46 76 19 58 33 48 43 27 58 43 14 53 40 39 50 67 64 61 33 56 45 41 60 81 39 38 16 50 12 88 36 40 55 15 51 45 37 28 29 24 15 24 14 30 61 71 29 0 77 27 43 44 
57 72 74 61 70 43 55 65 86 88 75 90 70 9 42 69 77 75 48 113 35 34 42 107 76 76 96 90 40 70 66 76 85 37 93 75 43 38 78 79 94 94 93 23 26 29 99 25 44 57 67 59 46 98 91 97 72 29 70 37 39 69 62 90 41 51 70 56 63 64 80 96 71 63 100 77 0 102 50 33 
86 78 58 75 55 59 76 38 16 14 34 22 48 93 68 72 46 58 73 19 76 68 60 12 67 53 35 62 66 85 46 63 31 75 35 49 85 70 37 56 54 30 43 88 91 82 16 82 73 55 68 93 66 25 24 64 38 115 60 66 74 33 77 40 61 54 39 51 39 50 23 16 67 82 8 27 102 0 60 70 
31 34 26 66 21 17 62 33 44 48 47 43 53 41 41 69 58 27 53 66 44 20 19 62 32 62 69 79 10 37 46 30 36 45 44 59 60 40 53 30 78 44 43 31 53 23 53 43 48 7 24 38 44 50 60 86 46 73 62 27 14 29 67 40 21 34 22 38 29 47 38 50 27 31 56 43 50 60 0 30 
54 62 55 40 50 14 35 32 55 55 42 61 39 24 13 45 46 57 26 82 14 10 13 76 62 46 63 62 21 64 33 59 57 15 67 44 30 11 45 60 64 66 69 29 24 27 69 14 20 36 53 60 18 70 58 69 39 47 42 4 30 38 41 65 10 18 43 24 31 32 48 66 57 57 68 44 33 70 30 0 
0 29 57 19 25 303 201 566 8 42 16 17 94 125 258 38 0 179 45 54 112 26 8 0 151 43 15 572 54 0 89 1173 0 287 7 207 74 13 53 40 177 348 36 22 341 0 0 20 419 128 55 34 1207 453 765 1467 0 40 300 0 45 0 732 64 91 24 3000 68 539 48 20 8 14 303 476 0 3000 119 989 72 
29 0 1404 2372 577 156 1258 10 81 49 19 313 11 899 76 136 12 206 41 20 11 86 23 3000 27 10 1305 133 59 57 76 3000 38 100 198 1273 7 360 149 118 28 11 21 19 3000 1255 408 43 342 41 93 64 157 9 120 16 1768 205 97 3000 9 20 177 15 100 251 235 62 7 146 539 16 154 0 34 181 224 805 25 149 
57 1404 0 121 189 1001 0 0 130 2217 0 1296 988 0 33 0 0 0 207 0 0 73 155 0 0 171 71 0 0 0 1185 205 0 206 41 0 3000 0 138 0 66 2782 0 63 0 0 0 0 1697 3000 0 0 101 281 2661 23 0 0 28 0 78 0 125 188 924 8 22 15 42 0 0 39 0 831 127 0 0 0 17 168 
19 2372 121 0 13 16 0 97 133 2777 0 58 2098 0 9 0 0 0 79 0 0 9 541 0 0 1461 660 0 0 0 902 71 0 30 9 0 187 0 31 8 455 94 0 466 0 0 0 0 0 11 0 0 0 26 141 10 0 0 573 0 233 0 1804 47 117 50 27 61 119 0 0 220 0 40 201 2186 0 104 32 290 
25 577 189 13 0 970 201 202 78 1068 16 144 65 19 166 204 528 450 28 142 110 23 427 81 607 29 14 304 776 82 347 574 127 583 75 1369 838 43 1201 797 27 7 179 277 15 61 36 132 460 601 8 135 122 427 32 38 95 93 168 32 644 1060 17 146 530 8 46 153 98 87 13 135 378 2440 648 10 71 8 19 10 
303 156 1001 16 970 0 10 195 54 1426 63 65 67 41 12 375 33 864 321 15 107 371 1297 695 188 15 75 44 15 0 13 719 512 110 17 267 110 364 88 190 108 306 38 117 1420 428 13 20 143 2298 56 3000 166 93 205 101 595 73 899 298 318 93 230 261 1293 197 854 64 73 23 10 17 9 194 229 47 138 1304 154 431 
201 1258 0 0 201 10 0 26 53 285 321 95 99 8 1594 32 63 90 0 80 34 33 1259 109 56 13 33 107 16 37 114 15 117 21 11 71 0 22 16 62 39 371 37 0 25 24 1969 565 107 0 12 237 13 173 147 75 93 129 0 259 169 7 188 29 448 36 116 17 26 17 2007 56 3000 0 34 219 66 114 0 8 
566 10 0 97 202 195 26 0 15 23 0 481 0 0 0 0 42 733 0 0 779 10 61 1481 0 45 0 230 191 0 13 19 642 367 124 0 0 19 9 371 363 48 232 0 20 307 11 0 0 0 665 22 2469 1161 2959 57 655 380 0 3000 1307 8 244 1809 151 11 60 11 206 553 55 0 0 0 423 869 0 487 54 128 
8 81 130 133 78 54 53 15 0 685 23 182 115 25 10 695 0 70 9 16 82 13 14 0 376 22 802 0 368 0 3000 719 0 47 25 8 186 472 49 3000 12 280 86 69 222 0 0 469 68 546 228 814 2536 205 299 124 0 708 973 0 51 0 3000 251 75 23 2477 287 477 552 73 3000 145 58 637 0 286 390 169 3000 
42 49 2217 2777 1068 1426 285 23 685 0 38 111 59 71 50 64 252 7 340 3000 308 1581 54 0 3000 92 256 0 31 0 410 93 62 40 127 45 71 126 687 406 30 14 45 1581 199 0 0 1633 24 142 12 250 661 1006 98 3000 1265 401 373 0 301 10 3000 851 10 14 9 32 13 14 43 63 1441 741 57 315 567 665 15 9 
16 19 0 0 16 63 321 0 23 38 0 0 7 304 99 316 179 42 119 65 77 0 53 0 22 205 62 339 3000 2182 1263 143 21 2805 390 74 0 175 966 8 12 81 190 14 45 0 3000 91 38 38 26 547 3000 0 55 2086 0 345 65 1147 103 8 0 49 16 2224 169 259 33 538 293 15 161 0 114 0 86 391 0 112 
17 313 1296 58 144 65 95 481 182 111 0 0 0 0 0 0 31 74 0 0 0 685 1171 55 0 15 0 0 0 0 141 152 231 30 8 0 12 177 8 27 1543 0 168 0 439 1638 173 0 0 0 346 31 0 180 1822 56 1597 0 0 0 105 3000 48 783 685 15 954 27 82 0 0 0 0 32 78 407 0 1822 48 18 
94 11 988 2098 65 67 99 0 115 59 7 0 0 10 25 156 0 35 739 372 8 42 3000 0 33 89 25 471 10 10 83 24 0 175 121 115 817 21 147 59 8 65 1470 13 3000 0 0 297 2078 1369 157 16 54 0 184 96 0 313 86 1247 146 0 0 18 62 54 240 12 33 408 21 7 1110 0 55 0 33 13 78 232 
125 899 0 0 19 41 8 0 25 71 304 0 10 0 1232 1094 0 917 31 22 24 0 28 0 53 0 9 104 205 13 37 0 0 12 0 14 0 633 258 1055 25 74 13 192 2477 0 14 747 669 322 13 63 38 0 349 63 0 35 64 1155 221 0 0 48 0 53 0 15 0 27 9 110 113 0 0 0 33 29 0 0 
258 76 33 9 166 12 1594 0 10 50 99 0 25 1232 0 85 0 101 16 109 26 9 39 0 1770 52 19 28 16 697 441 1369 0 45 44 320 41 129 1079 182 276 24 243 1859 8 0 0 9 1105 9 154 23 1135 18 793 205 0 37 3000 0 363 0 78 309 67 14 1576 3000 32 128 397 519 49 68 10 0 623 44 119 202 
38 136 0 0 204 375 32 0 695 64 316 0 156 1094 85 0 27 12 151 55 28 0 3000 0 19 152 39 18 8 24 375 14 8 40 152 271 0 22 71 1955 114 129 548 1696 10 0 1537 440 20 54 46 43 605 0 16 1535 0 539 105 22 168 48 0 70 2269 23 176 364 0 50 60 10 301 0 38 0 18 752 0 0 
0 12 0 0 528 33 63 42 0 252 179 31 0 0 0 27 0 10 0 0 329 267 0 12 25 341 0 105 67 17 67 102 18 38 1686 0 0 65 235 10 11 641 16 0 748 506 67 24 0 0 2086 22 63 116 384 0 104 8 0 185 18 63 440 131 0 29 440 117 38 3000 48 0 26 0 232 22 0 37 0 1554 
179 206 0 0 450 864 90 733 70 7 42 74 35 917 101 12 10 0 0 62 96 0 368 70 425 175 1285 1349 11 1066 183 172 105 522 348 170 0 21 1831 1439 600 3000 19 0 99 222 237 57 10 455 14 8 17 260 25 101 67 18 0 312 198 55 0 61 16 43 97 227 0 10 743 379 123 0 217 12 77 13 0 96 
45 41 207 79 28 321 0 0 9 340 119 0 739 31 16 151 0 0 0 399 0 17 136 0 578 3000 11 0 0 0 21 557 0 9 331 9 210 0 948 0 199 424 227 10 0 0 0 19 142 140 0 0 131 0 717 23 0 195 74 0 344 0 15 16 75 47 0 222 9 60 0 320 367 8 40 0 92 0 172 145 
54 20 0 0 142 15 80 0 16 3000 65 0 372 22 109 55 0 62 399 0 7 0 12 0 572 96 418 25 141 77 42 551 0 158 401 591 58 524 48 26 48 162 86 1521 0 0 0 72 29 54 108 0 377 0 49 19 0 210 659 0 92 0 0 7 29 1209 0 36 0 8 2647 535 530 0 0 0 584 0 0 0 
112 11 0 0 110 107 34 779 82 308 77 0 8 24 26 28 329 96 0 7 0 0 845 0 82 2553 19 316 312 57 68 164 119 34 0 242 0 15 58 75 314 247 208 1023 659 0 25 11 52 208 109 49 31 0 104 33 3000 90 240 58 26 17 0 85 0 284 472 952 0 185 15 735 30 0 112 0 3000 77 0 152 
26 86 73 9 23 371 33 10 13 1581 0 685 42 0 9 0 267 0 17 0 0 0 124 0 0 470 16 0 0 0 1098 144 25 24 16 0 13 77 39 108 147 20 535 21 9 1377 0 0 120 211 11 1182 621 62 757 309 158 0 153 0 13 200 12 70 26 26 132 94 270 138 0 561 0 12 42 40 0 179 511 223 
8 23 155 541 427 1297 1259 61 14 54 53 1171 3000 28 39 3000 0 368 136 12 845 124 0 0 38 33 422 0 156 0 98 183 0 160 112 12 622 11 71 58 30 193 632 1542 25 0 0 161 9 130 394 0 15 29 207 200 0 21 45 0 11 0 3000 206 47 101 445 65 855 625 178 40 832 404 443 0 50 544 30 213 
0 3000 0 0 81 695 109 1481 0 0 0 55 0 0 0 0 12 70 0 0 0 0 0 0 0 153 0 0 449 0 0 11 956 0 0 0 0 154 249 169 0 0 79 0 288 222 122 0 0 0 3000 55 0 225 0 0 128 0 0 276 50 913 1422 164 0 0 7 37 344 0 0 0 0 0 418 818 0 9 0 29 
151 27 0 0 607 188 56 0 376 3000 22 0 33 53 1770 19 25 425 578 572 82 0 38 0 0 111 929 14 113 17 8 23 707 28 1423 220 0 17 233 51 45 1590 149 60 2265 0 261 198 7 51 88 2601 133 0 350 91 0 406 108 233 233 395 0 211 247 504 30 353 0 585 499 3000 307 0 789 0 515 2006 0 0 
43 10 171 1461 29 15 13 45 22 92 205 15 89 0 52 152 341 175 3000 96 2553 470 33 153 111 0 223 147 33 0 28 118 40 1250 14 0 721 78 196 65 361 486 39 122 23 53 204 305 1075 25 33 429 133 157 632 366 243 8 42 15 8 50 724 31 62 520 22 12 115 98 151 21 45 86 127 332 1013 421 344 39 
15 1305 71 660 14 75 33 0 802 256 62 0 25 9 19 39 0 1285 11 418 19 16 422 0 929 223 0 13 924 674 210 157 0 477 376 542 25 100 1603 185 70 9 24 10 3000 0 0 102 959 25 44 0 1564 0 655 51 0 290 201 0 11 0 456 178 502 43 1568 177 16 199 151 233 30 144 603 0 646 2307 1778 52 
572 133 0 0 304 44 107 230 0 0 339 0 471 104 28 18 105 1349 0 25 316 0 0 0 14 147 13 0 16 296 251 0 151 43 0 118 0 262 738 1100 22 188 45 0 17 0 14 238 16 29 254 7 3000 0 0 0 51 66 0 31 28 62 0 268 0 260 129 84 0 215 12 45 16 0 0 0 90 1895 0 0 
54 59 0 0 776 15 16 191 368 31 3000 0 10 205 16 8 67 11 0 141 312 0 156 449 113 33 924 16 0 433 68 469 421 59 0 75 0 3000 171 169 409 523 18 0 39 0 753 149 97 0 29 675 25 34 157 40 16 22 0 37 3000 46 0 439 0 22 210 986 0 57 67 56 442 0 106 288 3000 26 0 25 
0 57 0 0 82 0 37 0 0 0 2182 0 10 13 697 24 17 1066 0 77 57 0 0 0 17 0 674 296 433 0 37 0 973 28 0 86 0 3000 289 53 203 135 269 0 330 0 2528 343 86 0 280 213 13 0 0 0 0 2179 0 217 15 135 0 99 0 24 219 528 0 3000 86 581 10 0 0 0 203 318 0 0 
89 76 1185 902 347 13 114 13 3000 410 1263 141 83 37 441 375 67 183 21 42 68 1098 98 0 8 28 210 251 68 37 0 307 12 601 294 404 3000 12 112 1765 203 38 35 3000 911 0 1526 16 1049 510 490 28 195 26 53 11 10 1610 152 9 7 13 46 1057 22 102 39 27 19 134 14 16 813 143 104 14 10 631 19 11 
1173 3000 205 71 574 719 15 19 719 93 143 152 24 0 1369 14 102 172 557 551 164 144 183 11 23 118 157 0 469 0 307 0 664 186 258 0 76 31 37 225 15 1302 142 153 670 249 216 20 797 954 80 315 142 31 2357 906 415 1157 234 0 23 99 1965 10 421 1699 10 39 25 1225 75 7 2138 130 9 10 512 166 55 26 
0 38 0 0 127 512 117 642 0 62 21 231 0 0 0 8 18 105 0 0 119 25 0 956 707 40 0 151 421 973 12 664 0 234 19 0 0 705 8 62 97 16 1923 0 99 55 203 3000 0 0 412 39 21 15 33 0 277 9 0 34 19 3000 269 341 803 1016 255 321 40 3000 13 0 27 0 49 36 0 43 0 10 
287 100 206 30 583 110 21 367 47 40 2805 30 175 12 45 40 38 522 9 158 34 24 160 0 28 1250 477 43 59 28 601 186 234 0 562 16 7 2686 208 13 111 85 27 238 10 0 0 41 34 26 261 346 143 141 67 2681 0 968 113 454 12 16 145 168 34 304 305 96 2290 166 82 37 12 52 39 0 72 93 10 712 
7 198 41 9 75 17 11 124 25 127 390 8 121 0 44 152 1686 348 331 401 0 16 112 0 1423 14 376 0 0 0 294 258 19 562 0 0 38 273 129 393 304 11 30 825 331 78 0 81 73 1192 8 3000 97 554 93 21 18 137 713 0 12 17 34 2809 16 16 95 16 67 312 0 9 0 305 21 17 0 106 8 26 
207 1273 0 0 1369 267 71 0 8 45 74 0 115 14 320 271 0 170 9 591 242 0 12 0 220 0 542 118 75 86 404 0 0 16 0 0 0 40 28 14 62 512 363 13 289 0 0 3000 184 846 103 41 18 0 1207 85 0 91 40 1991 104 0 0 28 0 408 0 55 0 43 257 1730 1304 0 0 0 525 0 0 0 
74 7 3000 187 838 110 0 0 186 71 0 12 817 0 41 0 0 0 210 58 0 13 622 0 0 721 25 0 0 0 3000 76 0 7 38 0 0 0 10 0 3000 669 0 864 0 0 0 0 1236 29 0 0 227 162 9 78 0 0 11 0 100 0 165 541 51 12 387 19 98 0 0 19 0 102 50 0 0 0 1090 20 
13 360 0 0 43 364 22 19 472 126 175 177 21 633 129 22 65 21 0 524 15 77 11 154 17 78 100 262 3000 3000 12 31 705 2686 273 40 0 0 87 838 11 279 25 0 795 372 121 94 83 0 175 1337 1032 245 218 12 84 23 0 61 67 78 35 250 971 416 257 102 3000 13 40 850 627 0 68 82 10 473 0 158 
53 149 138 31 1201 88 16 9 49 687 966 8 147 258 1079 71 235 1831 948 48 58 39 71 249 233 196 1603 738 171 289 112 37 8 208 129 28 10 87 0 198 37 106 139 558 666 591 39 180 32 893 129 468 3000 16 51 13 35 313 224 10 59 209 9 37 525 1608 179 342 65 631 32 1427 857 236 9 35 19 2763 494 134 
40 118 0 8 797 190 62 371 3000 406 8 27 59 1055 182 1955 10 1439 0 26 75 108 58 169 51 65 185 1100 169 53 1765 225 62 13 393 14 0 838 198 0 768 814 594 0 268 40 133 215 45 0 35 55 56 100 200 22 61 2445 0 3000 43 157 56 624 8 13 19 17 102 25 187 71 62 0 133 97 105 681 102 643 
177 28 66 455 27 108 39 363 12 30 12 1543 8 25 276 114 11 600 199 48 314 147 30 0 45 361 70 22 409 203 203 15 97 111 304 62 3000 11 37 768 0 150 112 432 260 0 0 102 476 62 879 279 54 985 18 21 0 199 664 0 2150 896 3000 139 533 113 1248 39 8 580 1629 264 1069 117 689 160 104 26 470 256 
348 11 2782 94 7 306 371 48 280 14 81 0 65 74 24 129 641 3000 424 162 247 20 193 0 1590 486 9 188 523 135 38 1302 16 85 11 512 669 279 106 814 150 0 441 17 8 0 389 234 415 609 2866 94 416 0 11 210 0 166 209 20 119 709 0 1646 17 333 18 108 18 70 309 68 30 0 261 0 2217 866 103 3000 
36 21 0 0 179 38 37 232 86 45 190 168 1470 13 243 548 16 19 227 86 208 535 632 79 149 39 24 45 18 269 35 142 1923 27 30 363 0 25 139 594 112 441 0 157 174 0 74 23 7 828 212 375 570 878 931 113 204 464 1937 42 1977 190 0 89 297 59 108 271 151 8 32 61 307 0 143 39 562 16 0 458 
22 19 63 466 277 117 0 0 69 1581 14 0 13 192 1859 1696 0 0 10 1521 1023 21 1542 0 60 122 10 0 0 0 3000 153 0 238 825 13 864 0 558 0 432 17 157 0 0 0 0 592 116 50 0 0 2057 0 13 413 0 26 3000 0 20 0 681 66 15 7 195 75 58 108 0 12 11 224 81 0 286 21 3000 14 
341 3000 0 0 15 1420 25 20 222 199 45 439 3000 2477 8 10 748 99 0 0 659 9 25 288 2265 23 3000 17 39 330 911 670 99 10 331 289 0 795 666 268 260 8 174 0 0 820 276 155 36 0 173 91 297 334 353 41 547 76 0 344 117 220 410 712 2944 8 13 35 556 15 580 11 44 0 21 36 331 129 0 47 
0 1255 0 0 61 428 24 307 0 0 0 1638 0 0 0 0 506 222 0 0 0 1377 0 222 0 53 0 0 0 0 0 249 55 0 78 0 0 372 591 40 0 0 0 0 820 0 207 0 0 0 77 12 0 165 275 0 838 0 0 900 120 37 27 260 0 0 486 22 329 0 0 0 0 0 52 153 0 635 0 99 
0 408 0 0 36 13 1969 11 0 0 3000 173 0 14 0 1537 67 237 0 0 25 0 0 122 261 204 0 14 753 2528 1526 216 203 0 0 0 0 121 39 133 0 389 74 0 276 207 0 51 0 0 19 130 38 935 0 0 40 13 0 32 128 530 0 399 0 357 636 26 0 17 60 0 8 0 60 3000 30 675 0 73 
20 43 0 0 132 20 565 0 469 1633 91 0 297 747 9 440 24 57 19 72 11 0 161 0 198 305 102 238 149 343 16 20 3000 41 81 3000 0 94 180 215 102 234 23 592 155 0 51 0 140 77 136 9 314 0 611 1029 0 321 946 1759 1374 80 0 3000 547 103 34 44 1501 54 14 135 20 0 545 0 541 51 0 16 
419 342 1697 0 460 143 107 0 68 24 38 0 2078 669 1105 20 0 10 142 29 52 120 9 0 7 1075 959 16 97 86 1049 797 0 34 73 184 1236 83 32 45 476 415 7 116 36 0 0 140 0 24 117 1059 108 0 28 31 0 82 34 0 47 0 0 62 21 9 99 69 46 33 84 51 593 0 20 0 12 27 0 0 
128 41 3000 11 601 2298 0 0 546 142 38 0 1369 322 9 54 0 455 140 54 208 211 130 0 51 25 25 29 0 0 510 954 0 26 1192 846 29 0 893 0 62 609 828 50 0 0 0 77 24 0 0 0 21 0 214 174 0 359 39 0 23 0 70 132 208 414 0 836 23 251 61 258 76 55 742 0 405 0 13 0 
55 93 0 0 8 56 12 665 228 12 26 346 157 13 154 46 2086 14 0 108 109 11 394 3000 88 33 44 254 29 280 490 80 412 261 8 103 0 175 129 35 879 2866 212 0 173 77 19 136 117 0 0 64 57 281 100 479 33 427 0 354 380 91 0 55 84 2361 47 1171 417 8 855 461 30 0 471 25 601 125 0 47 
34 64 0 0 135 3000 237 22 814 250 547 31 16 63 23 43 22 8 0 0 49 1182 0 55 2601 429 0 7 675 213 28 315 39 346 3000 41 0 1337 468 55 279 94 375 0 91 12 130 9 1059 0 64 0 89 16 13 347 1792 43 0 134 70 37 735 157 192 1290 202 2836 107 31 20 633 38 0 180 678 3000 282 0 14 
1207 157 101 0 122 166 13 2469 2536 661 3000 0 54 38 1135 605 63 17 131 377 31 621 15 0 133 133 1564 3000 25 13 195 142 21 143 97 18 227 1032 3000 56 54 416 570 2057 297 0 38 314 108 21 57 89 0 0 66 17 0 683 19 39 936 49 0 38 107 375 956 27 179 35 68 190 540 0 940 0 63 186 59 509 
453 9 281 26 427 93 173 1161 205 1006 0 180 0 0 18 0 116 260 0 0 0 62 29 225 0 157 0 0 34 0 26 31 15 141 554 0 162 245 16 100 985 0 878 0 334 165 935 0 0 0 281 16 0 0 439 89 824 0 0 0 167 38 17 71 16 162 34 49 269 201 0 0 0 361 152 549 0 57 511 13 
765 120 2661 141 32 205 147 2959 299 98 55 1822 184 349 793 16 384 25 717 49 104 757 207 0 350 632 655 0 157 0 53 2357 33 67 93 1207 9 218 51 200 18 11 931 13 353 275 0 611 28 214 100 13 66 439 0 40 205 509 3000 0 1054 40 54 93 170 168 19 341 183 520 20 82 38 12 60 44 112 252 434 173 
1467 16 23 10 38 101 75 57 124 3000 2086 56 96 63 205 1535 0 101 23 19 33 309 200 0 91 366 51 0 40 0 11 906 0 2681 21 85 78 12 13 22 21 210 113 413 41 0 0 1029 31 174 479 347 17 89 40 0 0 251 46 0 65 0 9 100 56 33 3000 132 41 16 163 40 3000 43 3000 0 378 13 43 89 
0 1768 0 0 95 595 93 655 0 1265 0 1597 0 0 0 0 104 67 0 0 3000 158 0 128 0 243 0 51 16 0 10 415 277 0 18 0 0 84 35 61 0 0 204 0 547 838 40 0 0 0 33 1792 0 824 205 0 0 34 0 3000 396 226 13 21 9 107 8 38 3000 291 501 0 0 0 562 15 0 156 0 18 
40 205 0 0 93 73 129 380 708 401 345 0 313 35 37 539 8 18 195 210 90 0 21 0 406 8 290 66 22 2179 1610 1157 9 968 137 91 0 23 313 2445 199 166 464 26 76 0 13 321 82 359 427 43 683 0 509 251 34 0 14 31 221 19 0 11 1502 111 166 185 0 1523 8 33 14 0 112 0 78 3000 0 70 
300 97 28 573 168 899 0 0 973 373 65 0 86 64 3000 105 0 0 74 659 240 153 45 0 108 42 201 0 0 0 152 234 0 113 713 40 11 0 224 0 664 209 1937 3000 0 0 0 946 34 39 0 0 19 0 3000 46 0 14 0 0 358 0 11 55 2214 129 39 514 22 162 0 1072 2844 34 80 0 350 14 171 32 
0 3000 0 0 32 298 259 3000 0 0 1147 0 1247 1155 0 22 185 312 0 0 58 0 0 276 233 15 0 31 37 217 9 0 34 454 0 1991 0 61 10 3000 0 20 42 0 344 900 32 1759 0 0 354 134 39 0 0 0 3000 31 0 0 632 3000 0 472 0 237 66 175 0 418 31 8 45 0 491 735 16 17 0 52 
45 9 78 233 644 318 169 1307 51 301 103 105 146 221 363 168 18 198 344 92 26 13 11 50 233 8 11 28 3000 15 7 23 19 12 12 104 100 67 59 43 2150 119 1977 20 117 120 128 1374 47 23 380 70 936 167 1054 65 396 221 358 632 0 190 25 78 272 890 226 44 11 420 39 350 74 85 98 1121 47 108 43 20 
0 20 0 0 1060 93 7 8 0 10 8 3000 0 0 0 48 63 55 0 0 17 200 0 913 395 50 0 62 46 135 13 99 3000 16 17 0 0 78 209 157 896 709 190 0 220 37 530 80 0 0 91 37 49 38 40 0 226 19 0 3000 190 0 1605 97 170 35 45 13 384 166 42 0 302 0 914 829 0 60 0 253 
732 177 125 1804 17 230 188 244 3000 3000 0 48 0 0 78 0 440 0 15 0 0 12 3000 1422 0 724 456 0 0 0 46 1965 269 145 34 0 165 35 9 56 3000 0 0 681 410 27 0 0 0 70 0 735 0 17 54 9 13 0 11 0 25 1605 0 111 25 89 148 13 456 0 0 0 0 810 1781 1503 0 40 11 243 
64 15 188 47 146 261 29 1809 251 851 49 783 18 48 309 70 131 61 16 7 85 70 206 164 211 31 178 268 439 99 1057 10 341 168 2809 28 541 250 37 624 139 1646 89 66 712 260 399 3000 62 132 55 157 38 71 93 100 21 11 55 472 78 97 111 0 22 15 9 46 1123 870 101 82 116 0 26 89 1521 181 13 165 
91 100 924 117 530 1293 448 151 75 10 16 685 62 0 67 2269 0 16 75 29 0 26 47 0 247 62 502 0 0 0 22 421 803 34 16 0 51 971 525 8 533 17 297 15 2944 0 0 547 21 208 84 192 107 16 170 56 9 1502 2214 0 272 170 25 22 0 59 17 50 105 47 0 22 0 127 573 22 23 12 8 545 
24 251 8 50 8 197 36 11 23 14 2224 15 54 53 14 23 29 43 47 1209 284 26 101 0 504 520 43 260 22 24 102 1699 1016 304 16 408 12 416 1608 13 113 333 59 7 8 0 357 103 9 414 2361 1290 375 162 168 33 107 111 129 237 890 35 89 15 59 0 401 24 145 1350 22 25 14 8 1141 85 41 853 308 8 
3000 235 22 27 46 854 116 60 2477 9 169 954 240 0 1576 176 440 97 0 0 472 132 445 7 30 22 1568 129 210 219 39 10 255 305 95 0 387 257 179 19 1248 18 108 195 13 486 636 34 99 0 47 202 956 34 19 3000 8 166 39 66 226 45 148 9 17 401 0 104 653 8 260 328 674 0 89 146 140 13 10 28 
68 62 15 61 153 64 17 11 287 32 259 27 12 15 3000 364 117 227 222 36 952 94 65 37 353 12 177 84 986 528 27 39 321 96 16 55 19 102 342 17 39 108 271 75 35 22 26 44 69 836 1171 2836 27 49 341 132 38 185 514 175 44 13 13 46 50 24 104 0 57 37 77 77 139 3000 150 946 263 51 133 17 
539 7 42 119 98 73 26 206 477 13 33 82 33 0 32 0 38 0 9 0 0 270 855 344 0 115 16 0 0 0 19 25 40 2290 67 0 98 3000 65 102 8 18 151 58 556 329 0 1501 46 23 417 107 179 269 183 41 3000 0 22 0 11 384 456 1123 105 145 653 57 0 31 0 85 0 82 10 29 0 34 243 906 
48 146 0 0 87 23 17 553 552 14 538 0 408 27 128 50 3000 10 60 8 185 138 625 0 585 98 199 215 57 3000 134 1225 3000 166 312 43 0 13 631 25 580 70 8 108 15 0 17 54 33 251 8 31 35 201 520 16 291 1523 162 418 420 166 0 870 47 1350 8 37 31 0 1378 842 289 0 12 190 129 392 0 327 
20 539 0 0 13 10 2007 55 73 43 293 0 21 9 397 60 48 743 0 2647 15 0 178 0 499 151 151 12 67 86 14 75 13 82 0 257 0 40 32 187 1629 309 32 0 580 0 60 14 84 61 855 20 68 0 20 163 501 8 0 31 39 42 0 101 0 22 260 77 0 1378 0 419 33 0 37 0 83 684 0 39 
8 16 39 220 135 17 56 0 3000 63 15 0 7 110 519 10 0 379 320 535 735 561 40 0 3000 21 233 45 56 581 16 7 0 37 9 1730 19 850 1427 71 264 68 61 12 11 0 0 135 51 258 461 633 190 0 82 40 0 33 1072 8 350 0 0 82 22 25 328 77 85 842 419 0 97 0 10 0 11 638 22 54 
14 154 0 0 378 9 3000 0 145 1441 161 0 1110 113 49 301 26 123 367 530 30 0 832 0 307 45 30 16 442 10 813 2138 27 12 0 1304 0 627 857 62 1069 30 307 11 44 0 8 20 593 76 30 38 540 0 38 3000 0 14 2844 45 74 302 0 116 0 14 674 139 0 289 33 97 0 0 0 0 8 642 0 0 
303 0 831 40 2440 194 0 0 58 741 0 32 0 0 68 0 0 0 8 0 0 12 404 0 0 86 144 0 0 0 143 130 0 52 305 0 102 0 236 0 117 0 0 224 0 0 0 0 0 55 0 0 0 361 12 43 0 0 34 0 85 0 810 0 127 8 0 3000 82 0 0 0 0 0 25 0 0 0 58 215 
476 34 127 201 648 229 34 423 637 57 114 78 55 0 10 38 232 217 40 0 112 42 443 418 789 127 603 0 106 0 104 9 49 39 21 0 50 68 9 133 689 261 143 81 21 52 60 545 20 742 471 180 940 152 60 3000 562 112 80 491 98 914 1781 26 573 1141 89 150 10 12 37 10 0 25 0 38 0 31 1348 64 
0 181 0 2186 10 47 219 869 0 315 0 407 0 0 0 0 22 12 0 0 0 40 0 818 0 332 0 0 288 0 14 10 36 0 17 0 0 82 35 97 160 0 39 0 36 153 3000 0 0 0 25 678 0 549 44 0 15 0 0 735 1121 829 1503 89 22 85 146 946 29 190 0 0 0 0 38 0 0 58 587 251 
3000 224 0 0 71 138 66 0 286 567 86 0 33 33 623 18 0 77 92 584 3000 0 50 0 515 1013 646 90 3000 203 10 512 0 72 0 525 0 10 19 105 104 2217 562 286 331 0 30 541 12 405 601 3000 63 0 112 378 0 78 350 16 47 0 0 1521 23 41 140 263 0 129 83 11 8 0 0 0 0 1597 0 0 
119 805 0 104 8 1304 114 487 390 665 391 1822 13 29 44 752 37 13 0 0 77 179 544 9 2006 421 2307 1895 26 318 631 166 43 93 106 0 0 473 2763 681 26 866 16 21 129 635 675 51 27 0 125 282 186 57 252 13 156 3000 14 17 108 60 40 181 12 853 13 51 34 392 684 638 642 0 31 58 1597 0 91 107 
989 25 17 32 19 154 0 54 169 15 0 48 78 0 119 0 0 0 172 0 0 511 30 0 0 344 1778 0 0 0 19 55 0 10 8 0 1090 0 494 102 470 103 0 3000 0 0 0 0 0 13 0 0 59 511 434 43 0 0 171 0 43 0 11 13 8 308 10 133 243 0 0 22 0 58 1348 587 0 91 0 114 
