80
0 26 55 45 47 73 20 56 45 22 84 28 54 37 75 38 26 69 49 69 50 82 40 12 79 29 17 47 60 55 39 27 64 44 37 53 74 39 73 78 14 69 55 35 25 57 92 62 24 20 27 35 42 72 22 29 11 37 74 69 70 15 71 21 80 61 36 43 29 78 65 65 71 45 12 83 48 55 53 91 
26 0 81 60 61 95 7 77 67 42 110 37 80 47 102 56 20 92 74 90 75 108 59 20 103 49 28 58 71 77 55 45 73 71 63 66 99 56 99 102 23 94 80 52 42 76 117 80 51 6 51 46 62 80 48 54 21 45 97 86 96 27 83 11 107 84 59 57 55 101 76 86 93 56 38 108 74 76 68 117 
55 81 0 52 61 50 74 49 40 46 35 60 6 67 21 52 76 31 13 40 23 35 51 63 48 43 62 70 75 45 49 47 83 12 18 67 29 47 27 44 62 18 18 54 56 55 48 50 30 75 32 65 42 88 36 30 63 71 37 67 16 61 80 74 26 32 41 61 27 51 77 51 39 69 44 40 20 49 65 41 
45 60 52 0 84 95 53 85 73 23 87 23 47 80 70 74 69 42 39 34 65 87 75 41 96 17 61 88 99 82 6 17 106 51 44 92 51 7 78 93 38 54 38 73 66 89 99 21 37 54 28 77 10 112 50 29 55 81 44 102 60 59 109 61 73 32 67 82 34 98 104 91 39 86 44 91 62 84 91 92 
47 61 61 84 0 40 58 21 22 63 70 74 65 16 74 11 44 89 66 95 40 67 10 58 51 68 34 10 15 24 79 68 23 49 49 7 90 78 61 52 61 79 74 12 21 17 71 96 48 58 57 16 78 29 35 58 42 20 95 24 75 35 25 50 80 86 21 4 53 47 19 29 95 10 41 63 42 21 7 79 
73 95 50 95 40 0 90 20 28 79 37 94 56 56 50 40 80 80 61 90 30 33 37 84 11 80 67 50 45 18 90 83 54 45 50 41 76 88 32 14 86 63 68 45 54 24 33 98 59 90 67 55 85 54 52 66 74 60 86 26 56 68 43 84 54 81 37 44 61 7 44 11 88 51 62 27 33 20 38 44 
20 7 74 53 58 90 0 72 62 35 103 31 73 45 95 52 20 85 67 83 69 101 55 13 97 42 24 56 69 72 49 38 71 64 56 64 91 49 93 96 16 87 73 48 38 72 111 74 43 1 44 43 55 79 41 47 17 43 89 82 89 23 81 11 100 76 53 54 47 96 74 81 86 54 31 102 68 71 65 111 
56 77 49 85 21 20 72 0 12 66 50 80 54 36 57 21 61 79 57 88 26 46 18 68 29 69 49 31 29 4 80 71 38 40 43 23 78 78 42 31 70 66 65 26 35 7 50 93 48 72 56 36 77 41 37 56 55 40 85 18 60 49 31 66 62 78 20 24 51 26 30 9 87 32 47 42 29 1 20 58 
45 67 40 73 22 28 62 12 0 54 50 68 45 33 52 15 54 70 47 77 18 46 13 57 35 57 40 31 35 11 68 59 43 29 31 27 69 66 40 36 59 58 55 20 27 17 53 81 36 63 44 31 65 48 25 44 46 37 76 30 53 40 40 57 58 67 9 23 39 34 37 20 76 31 35 44 20 12 25 58 
22 42 46 23 63 79 35 66 54 0 80 15 43 57 67 52 47 51 36 48 51 79 54 22 83 8 39 66 77 64 17 6 83 40 31 70 58 17 70 80 19 56 40 51 44 69 90 41 20 36 14 54 21 90 29 16 33 58 55 82 59 37 87 40 71 42 47 60 20 84 82 74 51 64 22 82 48 66 69 86 
84 110 35 87 70 37 103 50 50 80 0 95 40 83 20 65 101 57 48 69 36 4 63 94 29 78 86 80 80 47 84 82 88 41 49 74 50 82 11 24 94 38 51 69 75 57 14 83 62 104 66 81 77 90 62 64 89 87 61 63 30 86 79 101 21 62 56 72 60 34 80 46 66 80 72 11 36 51 71 8 
28 37 60 23 74 94 31 80 68 15 95 0 57 65 81 64 49 61 49 56 66 94 66 21 98 18 45 76 88 78 19 13 93 55 47 81 69 20 85 96 17 68 52 62 53 82 105 44 35 32 29 63 27 100 43 31 37 66 64 95 73 43 98 40 85 51 60 70 35 98 92 88 59 73 34 97 63 79 81 101 
54 80 6 47 65 56 73 54 45 43 40 57 0 70 24 55 77 25 8 34 29 41 55 61 54 39 63 73 79 50 44 44 88 16 19 71 24 42 32 50 60 15 12 57 58 60 53 44 30 74 30 68 37 92 38 27 63 73 31 72 16 62 84 74 28 26 45 65 26 57 82 57 33 72 44 45 25 54 69 45 
37 47 67 80 16 56 45 36 33 57 83 65 70 0 83 18 28 92 69 96 49 79 20 47 65 63 21 11 24 38 74 63 27 55 52 20 94 73 73 67 50 85 77 13 14 33 85 94 47 45 55 3 75 35 34 56 30 4 98 40 82 23 36 36 89 87 27 12 52 63 29 45 97 9 36 77 50 36 21 91 
75 102 21 70 74 50 95 57 52 67 20 81 24 83 0 66 96 37 32 50 34 22 65 84 44 63 81 83 86 53 68 68 95 31 39 79 30 66 18 39 83 19 33 70 73 64 34 64 51 96 53 81 60 98 56 51 83 87 42 73 11 81 88 95 6 43 56 75 48 48 87 56 46 83 64 29 33 57 76 22 
38 56 52 74 11 40 52 21 15 52 65 64 55 18 66 0 40 79 55 84 32 61 3 49 49 57 28 18 26 22 68 58 34 39 38 18 80 67 55 50 52 69 64 5 14 20 68 85 37 52 46 16 67 39 24 47 35 22 85 31 66 29 35 45 72 75 10 9 42 47 30 30 85 17 31 59 33 20 17 73 
26 20 76 69 44 80 20 61 54 47 101 49 77 28 96 40 0 94 73 94 65 98 43 28 89 55 15 39 52 62 64 52 53 65 59 48 99 64 90 89 32 92 80 36 27 59 106 88 48 20 52 27 68 60 40 55 15 25 99 68 92 15 64 10 101 87 45 39 53 87 57 71 97 37 34 97 65 61 50 109 
69 92 31 42 89 80 85 79 70 51 57 61 25 92 37 79 94 0 24 13 54 59 79 72 77 44 82 97 104 76 43 49 112 40 40 96 10 41 52 73 70 19 15 81 79 86 71 28 47 86 42 90 34 117 58 39 79 95 6 97 27 80 109 89 37 10 69 88 41 81 106 82 9 96 61 65 50 79 94 59 
49 74 13 39 66 61 67 57 47 36 48 49 8 69 32 55 73 24 0 30 33 49 56 55 61 31 60 73 81 54 36 36 89 18 17 72 26 34 40 57 53 20 8 57 56 63 61 37 25 68 23 66 29 94 35 20 58 72 30 76 23 58 87 69 36 21 45 65 20 63 83 61 30 72 39 53 29 57 70 53 
69 90 40 34 95 90 83 88 77 48 69 56 34 96 50 84 94 13 30 0 63 71 85 70 88 41 83 102 110 84 37 45 118 48 46 102 22 35 64 84 67 31 22 85 83 93 83 17 49 84 43 94 29 123 62 41 80 99 11 106 39 81 117 88 50 9 75 94 44 91 113 91 5 101 63 77 59 87 100 71 
50 75 23 65 40 30 69 26 18 51 36 66 29 49 34 32 65 54 33 63 0 33 30 60 32 51 50 49 52 22 61 54 61 15 21 45 52 59 25 30 61 40 40 35 40 32 42 69 31 69 38 47 56 65 27 37 54 53 60 43 36 50 56 66 40 53 22 40 32 33 54 29 61 49 38 33 4 25 42 44 
82 108 35 87 67 33 101 46 46 79 4 94 41 79 22 61 98 59 49 71 33 0 59 92 24 77 83 76 75 43 84 81 84 40 48 70 52 82 9 19 92 41 52 66 72 53 12 84 61 102 65 78 77 86 60 63 87 83 64 59 32 83 75 99 25 64 53 69 59 29 75 42 68 77 70 7 34 47 66 12 
40 59 51 75 10 37 55 18 13 54 63 66 55 20 65 3 43 79 56 85 30 59 0 52 46 59 31 19 25 19 70 60 33 39 39 17 79 69 53 47 54 69 64 8 17 17 65 87 39 55 47 18 69 39 26 48 38 24 85 29 65 32 33 48 70 75 10 10 43 44 29 27 85 18 33 57 32 17 16 71 
12 20 63 41 58 84 13 68 57 22 94 21 61 47 84 49 28 72 55 70 60 92 52 0 91 29 25 58 70 67 36 26 74 53 46 64 79 37 83 89 4 75 60 46 36 69 102 61 32 14 32 45 42 82 33 35 17 46 77 81 77 24 82 20 89 64 48 54 36 90 75 77 73 55 23 93 59 67 64 101 
79 103 48 96 51 11 97 29 35 83 29 98 54 65 44 49 89 77 61 88 32 24 46 91 0 83 75 60 56 27 92 86 64 46 53 52 72 91 26 5 92 60 67 54 63 34 22 98 63 98 70 65 87 64 57 69 81 70 83 37 52 76 53 92 48 80 44 54 64 5 55 22 86 61 68 18 35 30 48 35 
29 49 43 17 68 80 42 69 57 8 78 18 39 63 63 57 55 44 31 41 51 77 59 29 83 0 46 72 83 67 11 5 89 38 31 75 52 10 68 81 26 50 34 56 50 73 89 33 21 43 13 61 13 96 33 15 40 64 48 86 55 44 92 48 67 35 51 65 19 84 87 76 44 70 28 80 48 69 74 84 
17 28 62 61 34 67 24 49 40 39 86 45 63 21 81 28 15 82 60 83 50 83 31 25 75 46 0 33 45 49 56 44 49 50 45 40 86 55 75 75 29 78 67 24 14 48 91 78 35 24 40 20 59 56 26 43 8 21 87 58 78 2 57 17 87 75 31 30 40 74 50 58 85 30 21 83 50 48 41 94 
47 58 70 88 10 50 56 31 31 66 80 76 73 11 83 18 39 97 73 102 49 76 19 58 60 72 33 0 13 34 83 72 17 58 56 9 98 82 71 62 61 87 82 17 22 26 81 102 54 56 62 13 83 24 40 63 41 14 103 30 84 34 25 47 89 93 28 9 59 56 18 38 102 3 44 73 51 30 12 88 
60 71 75 99 15 45 69 29 35 77 80 88 79 24 86 26 52 104 81 110 52 75 25 70 56 83 45 13 0 33 94 83 9 64 64 8 104 93 72 59 74 93 89 27 35 23 78 112 64 69 72 26 93 13 50 73 54 26 110 21 88 47 12 60 91 101 35 18 68 52 5 34 110 15 56 71 55 29 10 88 
55 77 45 82 24 18 72 4 11 64 47 78 50 38 53 22 62 76 54 84 22 43 19 67 27 67 49 34 33 0 77 69 42 36 40 27 74 76 38 29 69 62 62 27 36 11 47 89 46 72 54 38 74 45 36 54 56 43 82 22 56 50 35 66 58 75 19 27 48 25 34 10 83 34 46 39 25 4 24 55 
39 55 49 6 79 90 49 80 68 17 84 19 44 74 68 68 64 43 36 37 61 84 70 36 92 11 56 83 94 77 0 12 100 47 40 86 52 2 75 89 33 53 36 67 61 84 96 25 32 50 23 72 9 107 44 24 50 75 45 97 59 54 103 56 71 33 62 76 29 94 98 87 40 81 39 88 57 79 85 89 
27 45 47 17 68 83 38 71 59 6 82 13 44 63 68 58 52 49 36 45 54 81 60 26 86 5 44 72 83 69 12 0 89 42 34 75 56 12 72 84 22 55 39 56 49 74 93 36 24 39 16 60 16 96 34 18 38 64 52 87 59 42 93 45 72 39 52 65 23 87 87 78 48 70 27 84 52 70 75 88 
64 73 83 106 23 54 71 38 43 83 88 93 88 27 95 34 53 112 89 118 61 84 33 74 64 89 49 17 9 42 100 89 0 72 72 16 112 99 80 67 78 101 97 33 40 32 86 119 71 71 79 30 100 8 57 80 57 28 118 28 97 51 15 62 100 108 43 24 75 60 10 43 118 19 61 80 64 38 19 96 
44 71 12 51 49 45 64 40 29 40 41 55 16 55 31 39 65 40 18 48 15 40 39 53 46 38 50 58 64 36 47 42 72 0 8 56 40 45 30 42 53 30 26 42 43 45 51 54 21 64 26 53 41 77 24 24 51 58 46 58 28 49 69 63 37 39 29 49 20 47 66 44 47 57 33 42 12 39 53 48 
37 63 18 44 49 50 56 43 31 31 49 47 19 52 39 38 59 40 17 46 21 48 39 46 53 31 45 56 64 40 40 34 72 8 0 56 42 38 38 50 45 34 25 40 39 48 59 50 13 57 18 50 35 77 19 16 45 55 46 61 33 43 71 57 44 37 29 48 12 54 67 48 46 55 26 50 18 42 54 56 
53 66 67 92 7 41 64 23 27 70 74 81 71 20 79 18 48 96 72 102 45 70 17 64 52 75 40 9 8 27 86 75 16 56 56 0 96 85 65 54 67 85 81 19 28 17 73 103 55 64 64 21 85 22 42 65 48 23 102 21 80 41 18 55 84 93 27 11 60 48 12 30 102 12 48 66 48 23 3 82 
74 99 29 51 90 76 91 78 69 58 50 69 24 94 30 80 99 10 26 22 52 52 79 79 72 52 86 98 104 74 52 56 112 40 42 96 0 50 46 67 76 12 19 82 82 84 63 38 51 92 48 92 43 117 61 45 84 97 12 95 20 84 108 95 29 19 69 89 46 76 106 79 17 97 65 59 49 77 93 51 
39 56 47 7 78 88 49 78 66 17 82 20 42 73 66 67 64 41 34 35 59 82 69 37 91 10 55 82 93 76 2 12 99 45 38 85 50 0 73 87 33 51 34 66 60 82 94 24 30 50 22 71 7 106 43 22 50 75 44 95 56 53 102 56 69 31 60 75 28 92 97 85 39 80 38 86 56 78 84 87 
73 99 27 78 61 32 93 42 40 70 11 85 32 73 18 55 90 52 40 64 25 9 53 83 26 68 75 71 72 38 75 72 80 30 38 65 46 73 0 21 83 34 44 59 65 49 21 76 51 93 56 71 68 83 51 54 79 77 57 57 26 75 72 91 22 56 46 63 50 31 72 39 61 71 61 13 25 42 62 19 
78 102 44 93 52 14 96 31 36 80 24 96 50 67 39 50 89 73 57 84 30 19 47 89 5 81 75 62 59 29 89 84 67 42 50 54 67 87 21 0 90 55 62 55 63 37 19 94 61 97 68 66 84 68 56 66 81 71 78 40 47 76 57 92 43 75 44 55 61 10 58 24 81 63 67 13 32 32 51 30 
14 23 62 38 61 86 16 70 59 19 94 17 60 50 83 52 32 70 53 67 61 92 54 4 92 26 29 61 74 69 33 22 78 53 45 67 76 33 83 90 0 73 58 49 39 71 102 57 32 17 30 48 39 85 34 33 21 50 74 83 76 27 85 24 87 61 50 57 34 91 78 79 70 59 24 93 59 69 67 101 
69 94 18 54 79 63 87 66 58 56 38 68 15 85 19 69 92 19 20 31 40 41 69 75 60 50 78 87 93 62 53 55 101 30 34 85 12 51 34 55 73 0 17 72 73 72 52 45 44 88 43 83 45 105 53 40 78 88 23 83 8 77 97 89 20 25 59 79 40 63 95 67 27 87 59 47 37 66 82 41 
55 80 18 38 74 68 73 65 55 40 51 52 12 77 33 64 80 15 8 22 40 52 64 60 67 34 67 82 89 62 36 39 97 26 25 81 19 34 44 62 58 17 0 65 64 71 64 32 32 74 29 75 28 102 43 26 65 80 21 83 23 66 95 76 35 13 54 73 27 69 92 69 21 80 47 57 36 65 79 55 
35 52 54 73 12 45 48 26 20 51 69 62 57 13 70 5 36 81 57 85 35 66 8 46 54 56 24 17 27 27 67 56 33 42 40 19 82 66 59 55 49 72 65 0 10 24 72 86 37 48 46 12 67 40 24 47 31 18 86 35 69 25 37 41 75 76 14 9 42 52 31 35 86 15 29 64 37 25 19 78 
25 42 56 66 21 54 38 35 27 44 75 53 58 14 73 14 27 79 56 83 40 72 17 36 63 50 14 22 35 36 61 49 40 43 39 28 82 60 65 63 39 73 64 10 0 34 80 81 33 38 41 11 61 47 21 43 21 16 85 45 71 15 45 31 79 74 19 17 39 61 39 44 84 20 22 71 41 34 28 83 
57 76 55 89 17 24 72 7 17 69 57 82 60 33 64 20 59 86 63 93 32 53 17 69 34 73 48 26 23 11 84 74 32 45 48 17 84 82 49 37 71 72 71 24 34 0 56 98 52 72 60 32 81 34 40 60 55 37 92 13 67 49 24 65 69 84 22 21 55 31 23 13 93 27 49 49 35 7 14 65 
92 117 48 99 71 33 111 50 53 90 14 105 53 85 34 68 106 71 61 83 42 12 65 102 22 89 91 81 78 47 96 93 86 51 59 73 63 94 21 19 102 52 64 72 80 56 0 96 71 111 77 84 89 87 69 75 96 89 75 59 44 91 75 108 35 76 60 74 71 27 77 43 80 81 80 9 44 50 70 15 
62 80 50 21 96 98 74 93 81 41 83 44 44 94 64 85 88 28 37 17 69 84 87 61 98 33 78 102 112 89 25 36 119 54 50 103 38 24 76 94 57 45 32 86 81 98 96 0 48 75 40 92 20 125 62 39 73 96 28 110 53 77 120 81 65 20 77 94 43 101 115 98 22 100 59 89 66 92 102 86 
24 51 30 37 48 59 43 48 36 20 62 35 30 47 51 37 48 47 25 49 31 61 39 32 63 21 35 54 64 46 32 24 71 21 13 55 51 30 51 61 32 44 32 37 33 52 71 48 0 44 9 45 30 77 13 9 34 49 52 65 46 33 72 45 56 40 30 46 5 64 67 55 50 52 14 63 29 47 54 69 
20 6 75 54 58 90 1 72 63 36 104 32 74 45 96 52 20 86 68 84 69 102 55 14 98 43 24 56 69 72 50 39 71 64 57 64 92 50 93 97 17 88 74 48 38 72 111 75 44 0 45 43 56 79 42 48 17 43 90 82 90 23 81 10 101 77 54 54 48 97 74 82 87 54 32 102 68 72 65 112 
27 51 32 28 57 67 44 56 44 14 66 29 30 55 53 46 52 42 23 43 38 65 47 32 70 13 40 62 72 54 23 16 79 26 18 64 48 22 56 68 30 43 29 46 41 60 77 40 9 45 0 52 21 85 22 3 37 57 47 73 46 38 81 47 58 35 39 54 6 71 76 63 45 60 20 68 35 56 63 73 
35 46 65 77 16 55 43 36 31 54 81 63 68 3 81 16 27 90 66 94 47 78 18 45 65 61 20 13 26 38 72 60 30 53 50 21 92 71 71 66 48 83 75 12 11 32 84 92 45 43 52 0 73 37 32 54 28 6 96 40 80 21 38 34 87 85 25 12 50 62 31 45 95 11 33 75 48 35 22 89 
42 62 42 10 78 85 55 77 65 21 77 27 37 75 60 67 68 34 29 29 56 77 69 42 87 13 59 83 93 74 9 16 100 41 35 85 43 7 68 84 39 45 28 67 61 81 89 20 30 56 21 73 0 107 43 21 54 77 37 94 50 57 102 61 63 24 60 76 26 89 97 83 32 81 40 81 52 76 84 82 
72 80 88 112 29 54 79 41 48 90 90 100 92 35 98 39 60 117 94 123 65 86 39 82 64 96 56 24 13 45 107 96 8 77 77 22 117 106 83 68 85 105 102 40 47 34 87 125 77 79 85 37 107 0 63 86 65 36 123 28 101 58 12 69 103 114 49 31 82 60 11 44 123 27 68 81 68 41 23 98 
22 48 36 50 35 52 41 37 25 29 62 43 38 34 56 24 40 58 35 62 27 60 26 33 57 33 26 40 50 36 44 34 57 24 19 42 61 43 51 56 34 53 43 24 21 40 69 62 13 42 22 32 43 63 0 23 27 37 64 53 52 25 59 39 61 53 18 33 18 57 54 45 63 39 11 60 26 37 41 70 
29 54 30 29 58 66 47 56 44 16 64 31 27 56 51 47 55 39 20 41 37 63 48 35 69 15 43 63 73 54 24 18 80 24 16 65 45 22 54 66 33 40 26 47 43 60 75 39 9 48 3 54 21 86 23 0 40 58 45 73 43 41 81 50 55 32 39 55 5 70 77 63 42 62 22 66 34 56 64 70 
11 21 63 55 42 74 17 55 46 33 89 37 63 30 83 35 15 79 58 80 54 87 38 17 81 40 8 41 54 56 50 38 57 51 45 48 84 50 79 81 21 78 65 31 21 55 96 73 34 17 37 28 54 65 27 40 0 29 84 66 78 7 65 12 88 72 37 38 38 80 59 65 82 38 19 87 53 55 49 97 
37 45 71 81 20 60 43 40 37 58 87 66 73 4 87 22 25 95 72 99 53 83 24 46 70 64 21 14 26 43 75 64 28 58 55 23 97 75 77 71 50 88 80 18 16 37 89 96 49 43 57 6 77 36 37 58 29 0 101 43 86 23 38 34 93 90 31 16 55 67 31 49 100 11 37 81 54 40 25 95 
74 97 37 44 95 86 89 85 76 55 61 64 31 98 42 85 99 6 30 11 60 64 85 77 83 48 87 103 110 82 45 52 118 46 46 102 12 44 57 78 74 23 21 86 85 92 75 28 52 90 47 96 37 123 64 45 84 101 0 103 32 85 116 94 41 13 75 94 47 86 113 88 6 102 66 70 56 85 100 63 
69 86 67 102 24 26 82 18 30 82 63 95 72 40 73 31 68 97 76 106 43 59 29 81 37 86 58 30 21 22 97 87 28 58 61 21 95 95 57 40 83 83 83 35 45 13 59 110 65 82 73 40 94 28 53 73 66 43 103 0 77 59 16 74 78 96 35 29 68 32 19 17 105 32 61 53 47 19 18 70 
70 96 16 60 75 56 89 60 53 59 30 73 16 82 11 66 92 27 23 39 36 32 65 77 52 55 78 84 88 56 59 59 97 28 33 80 20 56 26 47 76 8 23 69 71 67 44 53 46 90 46 80 50 101 52 43 78 86 32 77 0 77 91 90 13 32 56 75 42 56 90 61 36 83 59 39 33 60 78 33 
15 27 61 59 35 68 23 49 40 37 86 43 62 23 81 29 15 80 58 81 50 83 32 24 76 44 2 34 47 50 54 42 51 49 43 41 84 53 75 76 27 77 66 25 15 49 91 77 33 23 38 21 57 58 25 41 7 23 85 59 77 0 59 17 86 73 32 31 39 74 52 59 83 32 19 82 50 49 42 94 
71 83 80 109 25 43 81 31 40 87 79 98 84 36 88 35 64 109 87 117 56 75 33 82 53 92 57 25 12 35 103 93 15 69 71 18 108 102 72 57 85 97 95 37 45 24 75 120 72 81 81 38 102 12 59 81 65 38 116 16 91 59 0 72 93 107 43 28 76 48 7 33 116 27 65 69 60 31 18 86 
21 11 74 61 50 84 11 66 57 40 101 40 74 36 95 45 10 89 69 88 66 99 48 20 92 48 17 47 60 66 56 45 62 63 57 55 95 56 91 92 24 89 76 41 31 65 108 81 45 10 47 34 61 69 39 50 12 34 94 74 90 17 72 0 100 81 48 46 49 91 65 75 91 44 31 99 65 65 57 109 
80 107 26 73 80 54 100 62 58 71 21 85 28 89 6 72 101 37 36 50 40 25 70 89 48 67 87 89 91 58 71 72 100 37 44 84 29 69 22 43 87 20 35 75 79 69 35 65 56 101 58 87 63 103 61 55 88 93 41 78 13 86 93 100 0 44 62 80 53 52 92 61 46 89 69 32 38 62 81 22 
61 84 32 32 86 81 76 78 67 42 62 51 26 87 43 75 87 10 21 9 53 64 75 64 80 35 75 93 101 75 33 39 108 39 37 93 19 31 56 75 61 25 13 76 74 84 76 20 40 77 35 85 24 114 53 32 72 90 13 96 32 73 107 81 44 0 65 84 35 83 104 82 10 91 54 69 50 78 91 65 
36 59 41 67 21 37 53 20 9 47 56 60 45 27 56 10 45 69 45 75 22 53 10 48 44 51 31 28 35 19 62 52 43 29 29 27 69 60 46 44 50 59 54 14 19 22 60 77 30 54 39 25 60 49 18 39 37 31 75 35 56 32 43 48 62 65 0 20 34 43 38 29 75 28 27 52 23 19 25 65 
43 57 61 82 4 44 54 24 23 60 72 70 65 12 75 9 39 88 65 94 40 69 10 54 54 65 30 9 18 27 76 65 24 49 48 11 89 75 63 55 57 79 73 9 17 21 74 94 46 54 54 12 76 31 33 55 38 16 94 29 75 31 28 46 80 84 20 0 51 51 22 33 94 8 38 66 42 24 11 81 
29 55 27 34 53 61 47 51 39 20 60 35 26 52 48 42 53 41 20 44 32 59 43 36 64 19 40 59 68 48 29 23 75 20 12 60 46 28 50 61 34 40 27 42 39 55 71 43 5 48 6 50 26 82 18 5 38 55 47 68 42 39 76 49 53 35 34 51 0 65 72 57 45 57 20 62 29 50 59 67 
78 101 51 98 47 7 96 26 34 84 34 98 57 63 48 47 87 81 63 91 33 29 44 90 5 84 74 56 52 25 94 87 60 47 54 48 76 92 31 10 91 63 69 52 61 31 27 101 64 97 71 62 89 60 57 70 80 67 86 32 56 74 48 91 52 83 43 51 65 0 50 18 89 58 68 23 36 27 45 40 
65 76 77 104 19 44 74 30 37 82 80 92 82 29 87 30 57 106 83 113 54 75 29 75 55 87 50 18 5 34 98 87 10 66 67 12 106 97 72 58 78 95 92 31 39 23 77 115 67 74 76 31 97 11 54 77 59 31 113 19 90 52 7 65 92 104 38 22 72 50 0 34 113 21 60 71 57 30 13 87 
65 86 51 91 29 11 81 9 20 74 46 88 57 45 56 30 71 82 61 91 29 42 27 77 22 76 58 38 34 10 87 78 43 44 48 30 79 85 39 24 79 67 69 35 44 13 43 98 55 82 63 45 83 44 45 63 65 49 88 17 61 59 33 75 61 82 29 33 57 18 34 0 90 40 55 37 32 10 27 54 
71 93 39 39 95 88 86 87 76 51 66 59 33 97 46 85 97 9 30 5 61 68 85 73 86 44 85 102 110 83 40 48 118 47 46 102 17 39 61 81 70 27 21 86 84 93 80 22 50 87 45 95 32 123 63 42 82 100 6 105 36 83 116 91 46 10 75 94 45 89 113 90 0 101 64 74 58 86 100 68 
45 56 69 86 10 51 54 32 31 64 80 73 72 9 83 17 37 96 72 101 49 77 18 55 61 70 30 3 15 34 81 70 19 57 55 12 97 80 71 63 59 87 80 15 20 27 81 100 52 54 60 11 81 27 39 62 38 11 102 32 83 32 27 44 89 91 28 8 57 58 21 40 101 0 42 74 51 31 14 89 
12 38 44 44 41 62 31 47 35 22 72 34 44 36 64 31 34 61 39 63 38 70 33 23 68 28 21 44 56 46 39 27 61 33 26 48 65 38 61 67 24 59 47 29 22 49 80 59 14 32 20 33 40 68 11 22 19 37 66 61 59 19 65 31 69 54 27 38 20 68 60 55 64 42 0 71 36 46 47 80 
83 108 40 91 63 27 102 42 44 82 11 97 45 77 29 59 97 65 53 77 33 7 57 93 18 80 83 73 71 39 88 84 80 42 50 66 59 86 13 13 93 47 57 64 71 49 9 89 63 102 68 75 81 81 60 66 87 81 70 53 39 82 69 99 32 69 52 66 62 23 71 37 74 74 71 0 34 43 63 17 
48 74 20 62 42 33 68 29 20 48 36 63 25 50 33 33 65 50 29 59 4 34 32 59 35 48 50 51 55 25 57 52 64 12 18 48 49 56 25 32 59 37 36 37 41 35 44 66 29 68 35 48 52 68 26 34 53 54 56 47 33 50 60 65 38 50 23 42 29 36 57 32 58 51 36 34 0 29 45 44 
55 76 49 84 21 20 71 1 12 66 51 79 54 36 57 20 61 79 57 87 25 47 17 67 30 69 48 30 29 4 79 70 38 39 42 23 77 78 42 32 69 66 65 25 34 7 50 92 47 72 56 35 76 41 37 56 55 40 85 19 60 49 31 65 62 78 19 24 50 27 30 10 86 31 46 43 29 0 20 59 
53 68 65 91 7 38 65 20 25 69 71 81 69 21 76 17 50 94 70 100 42 66 16 64 48 74 41 12 10 24 85 75 19 53 54 3 93 84 62 51 67 82 79 19 28 14 70 102 54 65 63 22 84 23 41 64 49 25 100 18 78 42 18 57 81 91 25 11 59 45 13 27 100 14 47 63 45 20 0 79 
91 117 41 92 79 44 111 58 58 86 8 101 45 91 22 73 109 59 53 71 44 12 71 101 35 84 94 88 88 55 89 88 96 48 56 82 51 87 19 30 101 41 55 78 83 65 15 86 69 112 73 89 82 98 70 70 97 95 63 70 33 94 86 109 22 65 65 81 67 40 87 54 68 89 80 17 44 59 79 0 
0 16 718 3000 118 1795 0 247 11 0 523 12 0 0 804 7 0 262 0 782 0 0 93 1099 180 684 0 0 0 64 793 0 40 12 0 0 0 114 0 0 0 16 435 0 595 912 0 0 0 0 0 0 694 0 34 1738 1078 20 31 32 419 8 1597 8 293 1821 207 1858 39 0 0 73 3000 392 7 590 0 0 0 457 
16 0 0 54 406 340 47 12 7 0 98 83 0 3000 11 75 26 1212 263 29 1657 0 561 13 0 28 0 0 63 0 214 0 199 2725 0 2565 0 22 0 0 0 188 12 0 43 101 0 159 0 0 0 0 54 0 15 25 362 143 0 178 152 65 712 69 0 63 8 31 11 0 23 1212 145 19 589 1375 0 0 0 419 
718 0 0 0 256 209 0 75 0 0 0 0 0 0 0 225 0 311 8 265 0 243 22 2100 18 0 0 0 0 99 1325 87 0 3000 157 15 0 24 8 0 0 0 56 0 37 771 0 0 47 62 38 0 0 59 140 66 0 362 1793 0 0 0 0 51 1582 0 13 243 139 0 19 0 11 0 0 77 295 0 3000 69 
3000 54 0 0 1517 27 12 142 9 58 79 2828 9 792 31 542 12 7 35 47 399 278 528 692 0 46 2517 556 23 0 928 14 55 10 0 26 45 171 19 71 449 154 652 0 426 203 42 1224 90 0 0 285 759 272 113 2448 76 304 261 183 713 167 94 75 0 150 300 9 100 0 130 375 152 3000 530 34 18 975 82 3000 
118 406 256 1517 0 145 0 67 9 0 9 735 0 0 13 513 0 25 10 3000 0 0 329 3000 333 1551 0 0 0 444 11 0 3000 380 509 56 0 181 23 0 0 610 58 0 52 161 0 0 0 0 53 0 17 0 496 761 11 1350 64 18 354 94 35 118 659 91 133 24 407 0 178 93 228 116 13 244 10 0 82 10 
1795 340 209 27 145 0 0 21 300 0 60 0 0 0 1222 3000 0 45 19 387 0 1285 1578 270 14 300 0 0 0 642 36 1753 0 11 21 128 0 28 200 0 0 0 3000 0 31 72 0 0 543 0 11 0 2614 114 2461 8 19 51 930 622 90 249 0 51 29 9 23 406 1760 0 43 0 43 0 23 41 10 0 2373 92 
0 47 0 12 0 0 0 19 71 661 10 74 573 1955 624 2112 12 844 11 1166 12 0 697 71 0 200 497 49 10 0 147 345 477 172 0 34 195 13 0 121 9 220 473 0 239 240 90 3000 72 0 0 411 1873 30 0 9 582 10 0 8 0 47 469 43 0 10 0 280 0 0 3000 177 616 383 13 226 0 272 0 45 
247 12 75 142 67 21 19 0 9 0 185 0 0 0 52 771 251 189 50 266 490 173 16 38 104 357 177 663 0 121 14 2685 75 405 980 1708 2372 1266 697 69 367 1962 172 64 820 12 634 440 866 460 17 189 72 34 645 136 427 313 89 1230 39 213 298 52 350 47 123 27 227 171 106 57 1443 223 23 209 563 7 3000 116 
11 7 0 9 9 300 71 9 0 1042 23 25 381 197 451 14 9 1783 107 25 55 0 53 20 0 637 0 426 746 0 60 0 68 848 0 175 0 281 0 0 108 14 1894 0 202 16 8 2225 0 0 0 3000 206 0 531 640 466 158 0 395 76 44 437 12 0 358 9 722 13 0 124 96 53 36 22 34 0 13 0 24 
0 0 0 58 0 0 661 0 1042 0 0 1542 219 131 0 0 95 0 140 0 22 0 0 0 0 207 0 161 100 0 0 0 232 0 0 51 278 0 0 0 286 10 0 0 442 0 1832 701 0 0 0 20 0 0 0 32 756 0 0 43 0 70 3000 514 0 0 0 0 0 0 0 122 11 45 0 0 0 334 0 0 
523 98 0 79 9 60 10 185 23 0 0 431 0 0 8 43 21 323 0 341 114 0 235 22 0 10 0 0 88 0 101 0 264 40 0 0 0 1292 0 0 0 14 410 0 118 649 0 0 0 0 0 0 9 0 59 94 895 1258 0 3000 1075 601 333 237 0 104 26 1946 230 0 0 270 187 126 131 12 0 0 0 14 
12 83 0 2828 735 0 74 0 25 1542 431 0 2859 57 124 21 15 83 1105 33 913 0 402 93 0 59 0 11 50 0 302 0 18 25 0 328 0 673 0 0 207 35 206 0 86 59 1513 758 0 0 0 15 1946 0 617 160 14 44 0 37 75 102 51 82 0 44 0 172 0 0 16 17 537 25 22 26 0 60 0 541 
0 0 0 9 0 0 573 0 381 219 0 2859 0 1264 0 0 11 0 8 0 13 0 0 0 0 13 41 139 347 0 0 0 8 0 0 234 49 0 0 11 243 113 0 0 55 0 30 1327 0 0 0 8 0 0 0 690 1902 433 0 214 0 822 518 13 0 0 0 0 0 0 0 364 33 3000 0 0 0 43 0 417 
0 3000 0 792 0 0 1955 0 197 131 0 57 1264 0 0 0 48 0 800 31 391 0 0 0 0 23 0 54 21 0 0 0 24 0 0 51 80 0 0 0 10 8 0 0 885 2627 52 42 0 0 0 567 0 0 0 390 2016 18 0 250 0 32 983 12 0 375 0 0 0 0 0 862 400 8 273 0 0 115 0 20 
804 11 0 31 13 1222 624 52 451 0 8 124 0 0 0 104 3000 13 328 132 617 0 457 19 18 191 0 0 32 11 86 0 119 17 0 26 0 154 0 0 0 112 63 0 22 121 0 0 0 0 0 0 25 0 3000 33 202 617 1073 72 627 1689 15 22 0 172 453 53 12 0 27 13 567 37 321 16 0 0 0 294 
7 75 225 542 513 3000 2112 771 14 0 43 21 0 0 104 0 448 13 254 25 98 10 246 44 392 73 488 11 24 68 43 181 24 897 28 264 18 987 26 278 21 437 56 0 168 1817 67 87 53 11 1179 2340 26 462 1024 36 1899 141 10 695 93 44 66 58 731 103 119 123 19 153 9 228 16 24 2508 186 59 27 87 19 
0 26 0 12 0 0 12 251 9 95 21 15 11 48 3000 448 0 18 196 25 82 175 28 110 0 166 497 9 473 0 62 42 188 331 0 72 24 724 32 33 357 233 681 34 109 66 80 3000 53 15 0 12 69 297 0 560 17 2765 43 1249 13 24 505 324 0 45 0 202 933 157 325 9 3000 23 185 1680 151 84 542 511 
262 1212 311 7 25 45 844 189 1783 0 323 83 0 0 13 13 18 0 3000 129 306 62 3000 290 127 3000 1075 174 15 394 3000 161 168 18 66 672 0 68 350 270 12 101 289 0 2092 85 1734 2458 65 0 20 479 47 2429 63 360 39 53 120 14 127 1820 654 339 97 11 119 9 20 0 78 11 191 20 692 92 176 47 2141 144 
0 263 8 35 10 19 11 50 107 140 0 1105 8 800 328 254 196 3000 0 1829 9 2151 333 127 186 3000 13 537 14 440 718 71 10 19 0 10 170 26 425 66 10 8 12 245 19 55 112 234 262 16 999 37 51 92 0 45 21 169 50 52 0 125 720 177 0 0 15 155 826 584 97 2117 48 288 2403 40 83 72 1552 172 
782 29 265 47 3000 387 1166 266 25 0 341 33 0 31 132 25 25 129 1829 0 967 512 50 302 590 80 763 219 47 72 52 20 551 18 17 1138 0 177 76 29 297 13 1077 0 32 73 24 32 95 0 205 2232 17 495 491 61 29 81 129 1645 18 94 54 2002 147 16 38 60 65 0 10 86 100 246 27 219 3000 33 2938 94 
0 1657 0 399 0 0 12 490 55 22 114 913 13 391 617 98 82 306 9 967 0 69 22 56 0 1326 355 512 46 0 215 30 658 15 0 2701 587 49 0 12 8 834 8 0 84 550 54 31 9 0 0 3000 773 16 0 617 77 86 0 80 0 762 17 89 0 38 0 488 0 330 117 241 90 72 126 13 0 1480 0 550 
0 0 243 278 0 1285 0 173 0 0 0 0 0 0 0 10 175 62 2151 512 69 0 0 12 21 141 49 652 0 24 58 46 0 36 3000 259 143 30 14 3000 28 0 154 304 49 92 35 479 64 494 349 305 0 90 0 11 13 70 134 337 0 960 0 3000 133 0 1939 2599 2974 56 99 0 242 0 0 43 412 87 13 921 
93 561 22 528 329 1578 697 16 53 0 235 402 0 0 457 246 28 3000 333 50 22 0 0 31 1293 212 0 0 204 326 10 0 122 312 0 1803 0 57 0 0 0 495 12 0 123 167 0 0 0 0 0 0 169 0 144 43 168 1544 15 56 31 15 138 32 0 143 9 10 158 0 496 1373 641 374 228 8 0 0 0 103 
1099 13 2100 692 3000 270 71 38 20 0 22 93 0 0 19 44 110 290 127 302 56 12 31 0 17 90 0 0 54 1104 57 20 1530 42 219 2311 0 15 545 45 0 621 144 0 836 56 0 28 2246 0 748 273 40 2176 7 149 964 61 92 647 92 85 35 288 17 44 679 40 833 0 47 92 281 168 302 112 44 48 62 568 
180 0 18 0 333 14 0 104 0 0 0 0 0 0 18 392 0 127 186 590 0 21 1293 17 0 0 0 0 0 166 642 676 0 3000 100 301 0 23 261 21 0 0 36 0 3000 32 0 0 86 105 236 0 0 35 13 106 39 14 303 0 34 363 0 134 1543 0 216 19 12 3000 63 0 87 0 0 39 92 0 71 31 
684 28 0 46 1551 300 200 357 637 207 10 59 13 23 191 73 166 3000 3000 80 1326 141 212 90 0 0 0 18 183 0 81 0 313 25 0 16 0 75 42 0 388 14 1290 0 124 58 248 210 0 0 0 382 17 0 653 49 115 221 107 1255 30 3000 639 46 0 634 36 371 91 0 11 557 451 1251 60 801 0 82 1785 20 
0 0 0 2517 0 0 497 177 0 0 0 0 41 0 0 488 497 1075 13 763 355 49 0 0 0 0 0 155 0 0 2022 16 0 968 0 9 806 15 200 756 53 12 0 16 453 0 8 55 851 21 448 631 0 289 0 19 0 122 8 165 0 123 0 126 0 0 0 0 0 18 296 26 632 0 0 13 277 60 825 679 
0 0 0 556 0 0 49 663 426 161 0 11 139 54 0 11 9 174 537 219 512 652 0 0 0 18 155 0 119 0 472 297 1052 3000 0 56 192 2404 801 422 507 43 0 112 324 0 1292 442 53 66 0 746 0 2500 0 1793 57 3000 2597 135 0 330 0 8 0 0 0 0 0 27 78 306 29 0 0 79 139 332 97 90 
0 63 0 23 0 0 10 0 746 100 88 50 347 21 32 24 473 15 14 47 46 0 204 54 0 183 0 119 0 0 23 0 51 669 0 517 0 278 0 0 20 75 140 0 44 104 14 223 0 0 0 69 266 0 0 151 9 476 0 15 62 16 42 791 0 323 0 0 0 0 0 17 388 475 235 46 0 827 0 148 
64 0 99 0 444 642 0 121 0 0 0 0 0 0 11 68 0 394 440 72 0 24 326 1104 166 0 0 0 0 0 29 3000 0 8 1259 26 0 8 187 0 0 0 81 0 291 18 0 0 20 101 47 0 0 149 61 656 15 553 14 0 13 218 0 461 26 0 19 151 1664 16 139 0 100 0 59 9 377 0 141 52 
793 214 1325 928 11 36 147 14 60 0 101 302 0 0 86 43 62 3000 718 52 215 58 10 57 642 81 2022 472 23 29 0 7 87 1031 492 142 1240 1785 9 759 16 2583 1151 0 114 315 171 57 817 0 74 2208 254 451 168 8 49 609 69 102 143 558 209 3000 929 1310 721 8 22 0 282 149 315 237 298 12 131 72 607 684 
0 0 87 14 0 1753 345 2685 0 0 0 0 0 0 0 181 42 161 71 20 30 46 0 20 676 0 16 297 0 3000 7 0 0 103 0 32 936 512 128 196 141 181 0 1041 74 0 377 411 447 734 555 1089 0 131 0 539 14 3000 77 123 0 3000 0 76 0 0 37 129 162 261 752 0 192 0 0 1261 46 51 1774 595 
40 199 0 55 3000 0 477 75 68 232 264 18 8 24 119 24 188 168 10 551 658 0 122 1530 0 313 0 1052 51 0 87 0 0 73 0 37 0 1312 0 0 123 182 63 0 101 31 0 10 0 0 0 0 63 0 321 1124 136 16 0 32 28 61 2286 1164 0 33 0 604 0 0 90 43 63 494 8 128 0 400 0 2413 
12 2725 3000 10 380 11 172 405 848 0 40 25 0 0 17 897 331 18 19 18 15 36 312 42 3000 25 968 3000 669 8 1031 103 73 0 148 109 14 17 97 3000 227 545 14 29 93 32 84 269 457 96 167 46 153 52 33 171 180 339 209 71 1192 28 76 329 1756 3000 610 76 98 225 1052 50 606 41 25 192 124 154 264 3000 
0 0 157 0 509 21 0 980 0 0 0 0 0 0 0 28 0 66 0 17 0 3000 0 219 100 0 0 0 0 1259 492 0 0 148 0 0 0 336 76 0 0 0 248 0 31 733 0 0 1671 0 72 0 0 0 3000 180 0 3000 438 0 0 0 0 0 89 0 263 356 434 0 432 0 0 0 0 1317 499 0 324 19 
0 2565 15 26 56 128 34 1708 175 51 0 328 234 51 26 264 72 672 10 1138 2701 259 1803 2311 301 16 9 56 517 26 142 32 37 109 0 0 255 13 769 116 1890 17 89 214 758 24 174 110 44 444 29 1566 33 56 27 518 37 1845 33 87 0 2755 828 27 0 683 87 111 12 55 3000 15 814 1755 183 43 526 18 68 202 
0 0 0 45 0 0 195 2372 0 278 0 0 49 80 0 18 24 0 170 0 587 143 0 0 0 0 806 192 0 0 1240 936 0 14 0 255 0 100 12 112 138 1346 0 215 3000 0 140 9 88 55 0 331 0 77 0 150 0 135 52 200 0 34 0 125 0 0 0 0 0 26 178 13 13 0 0 0 280 34 298 559 
114 22 24 171 181 28 13 1266 281 0 1292 673 0 0 154 987 724 68 26 177 49 30 57 15 23 75 15 2404 278 8 1785 512 1312 17 336 13 100 0 1597 74 25 50 166 583 184 13 307 136 1140 29 120 41 75 185 22 49 13 26 13 26 34 642 117 68 1626 492 271 175 33 3000 41 11 127 241 35 35 28 2131 198 14 
0 0 8 19 23 200 0 697 0 0 0 0 0 0 0 26 32 350 425 76 0 14 0 545 261 42 200 801 0 187 9 128 0 97 76 769 12 1597 0 56 923 0 62 1025 19 379 371 457 35 34 51 227 0 945 0 283 20 34 103 40 0 198 0 12 99 0 10 336 60 62 61 0 52 0 0 65 1745 187 274 31 
0 0 0 71 0 0 121 69 0 0 0 0 11 0 0 278 33 270 66 29 12 3000 0 45 21 0 756 422 0 0 759 196 0 3000 0 116 112 74 56 0 291 12 0 326 33 154 174 3000 1668 364 14 487 0 27 0 50 49 47 613 672 0 454 0 119 0 0 0 333 0 340 117 414 93 0 0 1831 1115 418 967 3000 
0 0 0 449 0 0 9 367 108 286 0 207 243 10 0 21 357 12 10 297 8 28 0 0 0 388 53 507 20 0 16 141 123 227 0 1890 138 25 923 291 0 46 0 11 10 332 698 703 357 49 0 57 0 32 0 669 3000 88 450 16 0 322 112 492 0 0 0 0 0 1187 365 367 956 0 0 31 147 21 2975 87 
16 188 0 154 610 0 220 1962 14 10 14 35 113 8 112 437 233 101 8 13 834 0 495 621 0 14 12 43 75 0 2583 181 182 545 0 17 1346 50 0 12 46 0 125 0 42 395 69 52 216 0 0 398 95 25 96 1098 28 201 0 293 49 65 1332 129 0 35 0 26 30 0 186 36 465 21 107 471 0 951 0 115 
435 12 56 652 58 3000 473 172 1894 0 410 206 0 0 63 56 681 289 12 1077 8 154 12 144 36 1290 0 0 140 81 1151 0 63 14 248 89 0 166 62 0 0 125 0 0 17 9 0 0 0 0 31 0 79 0 18 535 415 1042 204 468 46 1860 36 174 45 129 300 660 10 0 1082 45 51 250 76 186 74 0 257 290 
0 0 0 0 0 0 0 64 0 0 0 0 0 0 0 0 34 0 245 0 0 304 0 0 0 0 16 112 0 0 0 1041 0 29 0 214 215 583 1025 326 11 0 0 0 73 0 11 18 17 30 2132 387 0 632 0 8 0 0 2751 0 0 118 0 0 0 0 0 0 0 135 83 0 0 0 0 0 84 12 70 0 
595 43 37 426 52 31 239 820 202 442 118 86 55 885 22 168 109 2092 19 32 84 49 123 836 3000 124 453 324 44 291 114 74 101 93 31 758 3000 184 19 33 10 42 17 73 0 280 1321 45 38 24 73 40 75 1724 15 83 24 26 16 127 149 322 104 39 1830 417 1012 47 169 1275 525 31 250 10 73 41 30 1097 36 153 
912 101 771 203 161 72 240 12 16 0 649 59 0 2627 121 1817 66 85 55 73 550 92 167 56 32 58 0 0 104 18 315 0 31 32 733 24 0 13 379 154 332 395 9 0 280 0 0 100 12 0 29 167 9 451 3000 18 39 61 847 412 29 22 9 49 229 159 3000 992 2434 0 32 34 291 1203 104 17 75 189 45 16 
0 0 0 42 0 0 90 634 8 1832 0 1513 30 52 0 67 80 1734 112 24 54 35 0 0 0 248 8 1292 14 0 171 377 0 84 0 174 140 307 371 174 698 69 0 11 1321 0 0 633 14 345 29 64 0 314 0 423 661 74 7 28 0 17 0 28 0 0 0 0 0 10 50 595 190 0 0 3000 34 2672 58 15 
0 159 0 1224 0 0 3000 440 2225 701 0 758 1327 42 0 87 3000 2458 234 32 31 479 0 28 0 210 55 442 223 0 57 411 10 269 0 110 9 136 457 3000 703 52 0 18 45 100 633 0 72 68 0 11 0 121 0 13 11 12 0 959 0 30 773 19 0 0 0 10 0 2042 35 253 65 692 1339 374 365 68 0 1145 
0 0 47 90 0 543 72 866 0 0 0 0 0 0 0 53 53 65 262 95 9 64 0 2246 86 0 851 53 0 20 817 447 0 457 1671 44 88 1140 35 1668 357 216 0 17 38 12 14 72 0 11 213 231 0 99 0 28 174 22 498 11 0 127 0 13 34 0 34 164 44 24 11 0 119 0 0 205 78 540 323 3000 
0 0 62 0 0 0 0 460 0 0 0 0 0 0 0 11 15 0 16 0 0 494 0 0 105 0 21 66 0 101 0 734 0 96 0 444 55 29 34 364 49 0 0 30 24 0 345 68 11 0 62 793 0 130 0 19 0 172 436 266 0 1786 0 0 0 0 0 0 0 17 61 0 42 0 0 0 153 146 129 17 
0 0 38 0 53 11 0 17 0 0 0 0 0 0 0 1179 0 20 999 205 0 349 0 748 236 0 448 0 0 47 74 555 0 167 72 29 0 120 51 14 0 0 31 2132 73 29 29 0 213 62 0 1658 0 191 201 9 49 19 472 0 0 95 0 20 198 0 262 137 26 371 215 0 655 0 0 451 7 0 100 1002 
0 0 0 285 0 0 411 189 3000 20 0 15 8 567 0 2340 12 479 37 2232 3000 305 0 273 0 382 631 746 69 0 2208 1089 0 46 0 1566 331 41 227 487 57 398 0 387 40 167 64 11 231 793 1658 0 0 584 0 661 18 11 573 361 0 249 0 27 0 0 0 7 0 37 75 62 264 0 0 676 144 9 17 28 
694 54 0 759 17 2614 1873 72 206 0 9 1946 0 0 25 26 69 47 51 17 773 0 169 40 0 17 0 0 266 0 254 0 63 153 0 33 0 75 0 0 0 95 79 0 75 9 0 0 0 0 0 0 0 0 142 41 335 979 0 170 647 138 135 10 0 8 166 112 25 0 2147 1069 12 16 361 125 0 0 0 193 
0 0 59 272 0 114 30 34 0 0 0 0 0 0 0 462 297 2429 92 495 16 90 0 2176 35 0 289 2500 0 149 451 131 0 52 0 56 77 185 945 27 32 25 0 632 1724 451 314 121 99 130 191 584 0 0 0 57 32 387 57 3000 0 53 0 131 0 0 83 15 45 7 593 0 148 0 0 16 262 108 10 8 
34 15 140 113 496 2461 0 645 531 0 59 617 0 0 3000 1024 0 63 0 491 0 0 144 7 13 653 0 0 0 61 168 0 321 33 3000 27 0 22 0 0 0 96 18 0 15 3000 0 0 0 0 201 0 142 0 0 24 3000 80 497 28 12 24 403 8 3000 1209 54 21 73 0 751 397 30 10 84 145 0 0 326 35 
1738 25 66 2448 761 8 9 136 640 32 94 160 690 390 33 36 560 360 45 61 617 11 43 149 106 49 19 1793 151 656 8 539 1124 171 180 518 150 49 283 50 669 1098 535 8 83 18 423 13 28 19 9 661 41 57 24 0 11 814 7 11 63 16 160 23 201 11 430 631 647 296 271 429 158 164 23 73 1444 52 515 1940 
1078 362 0 76 11 19 582 427 466 756 895 14 1902 2016 202 1899 17 39 21 29 77 13 168 964 39 115 0 57 9 15 49 14 136 180 0 37 0 13 20 49 3000 28 415 0 24 39 661 11 174 0 49 18 335 32 3000 11 0 427 8 15 401 165 74 98 0 269 440 2511 402 0 52 8 45 184 33 951 187 64 91 656 
20 143 362 304 1350 51 10 313 158 0 1258 44 433 18 617 141 2765 53 169 81 86 70 1544 61 14 221 122 3000 476 553 609 3000 16 339 3000 1845 135 26 34 47 88 201 1042 0 26 61 74 12 22 172 19 11 979 387 80 814 427 0 387 221 558 31 8 325 1365 126 10 223 138 456 20 224 148 18 33 95 24 178 1282 753 
31 0 1793 261 64 930 0 89 0 0 0 0 0 0 1073 10 43 120 50 129 0 134 15 92 303 107 8 2597 0 14 69 77 0 209 438 33 52 13 103 613 450 0 204 2751 16 847 7 0 498 436 472 573 0 57 497 7 8 387 0 291 0 753 0 21 39 0 252 13 3000 306 286 0 41 0 0 16 701 0 49 13 
32 178 0 183 18 622 8 1230 395 43 3000 37 214 250 72 695 1249 14 52 1645 80 337 56 647 0 1255 165 135 15 0 102 123 32 71 0 87 200 26 40 672 16 293 468 0 127 412 28 959 11 266 0 361 170 3000 28 11 15 221 291 0 89 235 28 91 0 963 138 87 111 893 92 3000 1466 31 607 763 211 67 33 357 
419 152 0 713 354 90 0 39 76 0 1075 75 0 0 627 93 13 127 0 18 0 0 31 92 34 30 0 0 62 13 143 0 28 1192 0 0 0 34 0 0 0 49 46 0 149 29 0 0 0 0 0 0 647 0 12 63 401 558 0 89 0 1655 19 295 0 15 140 1489 173 0 0 1290 13 97 150 8 0 0 0 308 
8 65 0 167 94 249 47 213 44 70 601 102 822 32 1689 44 24 1820 125 94 762 960 15 85 363 3000 123 330 16 218 558 3000 61 28 0 2755 34 642 198 454 322 65 1860 118 322 22 17 30 127 1786 95 249 138 53 24 16 165 31 753 235 1655 0 263 95 0 37 100 529 34 109 9 1691 44 84 305 3000 1005 49 62 41 
1597 712 0 94 35 0 469 298 437 3000 333 51 518 983 15 66 505 654 720 54 17 0 138 35 0 639 0 0 42 0 209 0 2286 76 0 828 0 117 0 0 112 1332 36 0 104 9 0 773 0 0 0 0 135 0 403 160 74 8 0 28 19 263 0 137 0 58 0 135 31 0 35 28 939 473 27 286 0 62 0 63 
8 69 51 75 118 51 43 52 12 514 237 82 13 12 22 58 324 339 177 2002 89 3000 32 288 134 46 126 8 791 461 3000 76 1164 329 0 27 125 68 12 119 492 129 174 0 39 49 28 19 13 0 20 27 10 131 8 23 98 325 21 91 295 95 137 0 0 333 56 165 19 0 17 93 1470 1100 324 567 43 84 1522 336 
293 0 1582 0 659 29 0 350 0 0 0 0 0 0 0 731 0 97 0 147 0 133 0 17 1543 0 0 0 0 26 929 0 0 1756 89 0 0 1626 99 0 0 0 45 0 1830 229 0 0 34 0 198 0 0 0 3000 201 0 1365 39 0 0 0 0 0 0 0 33 83 97 0 8 0 0 0 0 1460 1669 0 172 167 
1821 63 0 150 91 9 10 47 358 0 104 44 0 375 172 103 45 11 0 16 38 0 143 44 0 634 0 0 323 0 1310 0 33 3000 0 683 0 492 0 0 0 35 129 0 417 159 0 0 0 0 0 0 8 0 1209 11 269 126 0 963 15 37 58 333 0 0 169 2307 547 0 0 48 21 117 20 304 0 0 0 123 
207 8 13 300 133 23 0 123 9 0 26 0 0 0 453 119 0 119 15 38 0 1939 9 679 216 36 0 0 0 19 721 37 0 610 263 87 0 271 10 0 0 0 300 0 1012 3000 0 0 34 0 262 0 166 83 54 430 440 10 252 138 140 100 0 56 33 169 0 2901 320 0 22 0 117 0 29 60 37 0 80 2007 
1858 31 243 9 24 406 280 27 722 0 1946 172 0 0 53 123 202 9 155 60 488 2599 10 40 19 371 0 0 0 151 8 129 604 76 356 111 0 175 336 333 0 26 660 0 47 992 0 10 164 0 137 7 112 15 21 631 2511 223 13 87 1489 529 135 165 83 2307 2901 0 39 0 52 1936 140 93 25 213 112 0 80 121 
39 11 139 100 407 1760 0 227 13 0 230 0 0 0 12 19 933 20 826 65 0 2974 158 833 12 91 0 0 0 1664 22 162 0 98 434 12 0 33 60 0 0 30 10 0 169 2434 0 0 44 0 26 0 25 45 73 647 402 138 3000 111 173 34 31 19 97 547 320 39 0 0 165 0 27 64 43 586 1238 0 20 2152 
0 0 0 0 0 0 0 171 0 0 0 0 0 0 0 153 157 0 584 0 330 56 0 0 3000 0 18 27 0 16 0 261 0 225 0 55 26 3000 62 340 1187 0 0 135 1275 0 10 2042 24 17 371 37 0 7 0 296 0 456 306 893 0 109 0 0 0 0 0 0 0 0 18 0 1721 0 0 0 11 13 13 86 
0 23 19 130 178 43 3000 106 124 0 0 16 0 0 27 9 325 78 97 10 117 99 496 47 63 11 296 78 0 139 282 752 90 1052 432 3000 178 41 61 117 365 186 1082 83 525 32 50 35 11 61 215 75 2147 593 751 271 52 20 286 92 0 9 35 17 8 0 22 52 165 18 0 13 273 0 189 1285 1775 109 174 39 
73 1212 0 375 93 0 177 57 96 122 270 17 364 862 13 228 9 11 2117 86 241 0 1373 92 0 557 26 306 17 0 149 0 43 50 0 15 13 11 0 414 367 36 45 0 31 34 595 253 0 0 0 62 1069 0 397 429 8 224 0 3000 1290 1691 28 93 0 48 0 1936 0 0 13 0 107 18 409 115 0 144 0 17 
3000 145 11 152 228 43 616 1443 53 11 187 537 33 400 567 16 3000 191 48 100 90 242 641 281 87 451 632 29 388 100 315 192 63 606 0 814 13 127 52 93 956 465 51 0 250 291 190 65 119 42 655 264 12 148 30 158 45 148 41 1466 13 44 939 1470 0 21 117 140 27 1721 273 107 0 151 820 16 711 280 27 8 
392 19 0 3000 116 0 383 223 36 45 126 25 3000 8 37 24 23 20 288 246 72 0 374 168 0 1251 0 0 475 0 237 0 494 41 0 1755 0 241 0 0 0 21 250 0 10 1203 0 692 0 0 0 0 16 0 10 164 184 18 0 31 97 84 473 1100 0 117 0 93 64 0 0 18 151 0 195 492 0 1339 0 68 
7 589 0 530 13 23 13 23 22 0 131 22 0 273 321 2508 185 692 2403 27 126 0 228 302 0 60 0 0 235 59 298 0 8 25 0 183 0 35 0 0 0 107 76 0 73 104 0 1339 0 0 0 0 361 0 84 23 33 33 0 607 150 305 27 324 0 20 29 25 43 0 189 409 820 195 0 1756 0 0 0 1114 
590 1375 77 34 244 41 226 209 34 0 12 26 0 0 16 186 1680 92 40 219 13 43 8 112 39 801 13 79 46 9 12 1261 128 192 1317 43 0 35 65 1831 31 471 186 0 41 17 3000 374 205 0 451 676 125 16 145 73 951 95 16 763 8 3000 286 567 1460 304 60 213 586 0 1285 115 16 492 1756 0 688 325 49 477 
0 0 295 18 10 10 0 563 0 0 0 0 0 0 0 59 151 176 83 3000 0 412 0 44 92 0 277 139 0 377 131 46 0 124 499 526 280 28 1745 1115 147 0 74 84 30 75 34 365 78 153 7 144 0 262 0 1444 187 24 701 211 0 1005 0 43 1669 0 37 112 1238 11 1775 0 711 0 0 688 0 8 12 204 
0 0 0 975 0 0 272 7 13 334 0 60 43 115 0 27 84 47 72 33 1480 87 0 48 0 82 60 332 827 0 72 51 400 154 0 18 34 2131 187 418 21 951 0 12 1097 189 2672 68 540 146 0 9 0 108 0 52 64 178 0 67 0 49 62 84 0 0 0 0 0 13 109 144 280 1339 0 325 8 0 0 892 
0 0 3000 82 82 2373 0 3000 0 0 0 0 0 0 0 87 542 2141 1552 2938 0 13 0 62 71 1785 825 97 0 141 607 1774 0 264 324 68 298 198 274 967 2975 0 257 70 36 45 58 0 323 129 100 17 0 10 326 515 91 1282 49 33 0 62 0 1522 172 0 80 80 20 13 174 0 27 0 0 49 12 0 0 9 
457 419 69 3000 10 92 45 116 24 0 14 541 417 20 294 19 511 144 172 94 550 921 103 568 31 20 679 90 148 52 684 595 2413 3000 19 202 559 14 31 3000 87 115 290 0 153 16 15 1145 3000 17 1002 28 193 8 35 1940 656 753 13 357 308 41 63 336 167 123 2007 121 2152 86 39 17 8 68 1114 477 204 892 9 0 
