80
0 91 36 18 68 15 35 36 42 39 56 72 47 21 75 23 67 18 33 59 20 59 74 37 45 30 42 58 82 56 22 21 71 64 7 76 19 83 14 73 31 56 77 35 32 2 90 81 54 2 61 15 71 45 22 46 18 51 14 72 42 27 10 72 49 17 62 63 15 26 99 52 61 49 33 48 10 85 5 88 
91 0 68 93 48 82 89 67 63 83 66 56 44 89 24 80 27 108 92 32 71 71 97 58 68 74 55 34 36 69 89 81 81 68 93 16 109 8 84 19 70 35 62 81 61 89 1 15 76 91 43 105 30 56 85 47 76 40 92 62 53 105 100 76 69 107 81 35 77 65 16 42 94 75 64 44 86 8 89 25 
36 68 0 28 66 38 60 45 7 59 65 74 35 24 60 44 41 52 60 37 27 69 47 37 55 7 40 42 49 22 23 43 39 29 42 56 48 60 23 52 43 36 42 14 15 34 67 63 68 34 28 50 59 12 19 22 19 36 29 76 38 38 45 38 60 51 31 52 32 23 72 42 37 63 7 26 26 60 31 57 
18 93 28 0 80 31 53 50 35 56 71 85 53 5 81 40 67 27 51 61 30 74 57 47 60 21 52 63 77 44 6 38 57 52 25 80 21 86 11 76 45 59 67 22 33 19 93 86 70 16 56 28 79 40 10 46 19 56 5 86 51 12 24 58 64 28 48 71 28 32 99 60 44 65 30 50 12 86 14 85 
68 48 66 80 0 54 50 33 66 42 21 10 32 78 24 48 45 82 53 39 50 24 110 33 27 69 28 29 70 81 79 50 98 84 67 35 87 45 68 35 38 35 87 79 52 66 48 33 31 69 59 78 19 60 75 47 62 33 76 15 29 92 74 95 26 81 94 18 54 48 63 24 102 31 59 43 69 47 69 64 
15 82 38 31 54 0 23 21 44 25 41 57 37 32 63 9 59 28 22 51 13 44 82 24 30 35 29 47 78 60 33 7 77 66 13 66 33 74 22 63 16 47 78 43 28 13 81 70 39 16 57 24 59 44 31 41 20 42 26 57 29 41 20 76 34 27 68 51 7 19 92 41 70 34 33 41 20 76 18 82 
35 89 60 53 50 23 0 23 65 8 31 49 48 54 67 16 72 40 3 63 33 31 105 33 23 57 35 56 94 82 56 17 99 88 29 73 48 83 45 71 21 58 99 66 47 34 89 75 24 37 75 35 62 64 54 57 43 52 48 47 38 62 34 98 25 38 91 55 29 38 102 48 93 20 54 55 42 85 39 95 
36 67 45 50 33 21 23 0 49 18 21 36 25 49 46 15 49 49 25 41 21 25 92 11 11 45 12 33 72 66 50 17 83 71 34 51 54 60 39 48 5 36 79 55 30 34 67 53 23 37 54 45 41 46 47 36 33 30 46 36 15 61 41 81 15 47 76 33 22 22 79 25 81 18 39 34 38 62 38 73 
42 63 7 35 66 44 65 49 0 64 67 75 35 30 58 49 37 58 65 34 32 72 45 39 58 14 42 41 42 17 29 48 35 23 48 53 55 56 29 49 47 34 35 17 18 41 62 60 71 41 23 57 58 8 25 20 25 35 36 78 40 44 52 33 63 58 28 52 37 27 66 42 36 67 11 25 33 56 38 51 
39 83 59 56 42 25 8 18 64 0 23 41 43 57 60 17 67 46 11 58 33 23 105 29 16 58 30 50 90 81 59 19 98 87 34 67 54 77 47 65 18 53 96 67 46 38 83 69 16 41 71 42 55 62 56 54 44 47 52 39 32 66 40 97 17 45 91 48 30 37 96 42 94 12 53 52 45 79 43 90 
56 66 65 71 21 41 31 21 67 23 0 18 36 70 43 33 57 67 34 49 42 6 111 28 11 66 25 39 82 83 71 36 101 88 53 51 74 62 60 50 26 44 94 75 49 54 66 51 10 58 67 63 37 62 68 51 55 39 67 16 28 82 60 99 7 66 95 32 43 43 81 31 101 11 58 47 59 64 58 79 
72 56 74 85 10 57 49 36 75 41 18 0 40 84 33 50 55 85 53 49 55 20 119 38 28 76 34 38 80 90 85 53 107 93 70 44 90 54 74 44 41 45 96 86 59 70 57 41 27 73 69 80 28 69 81 56 67 41 81 6 36 97 77 104 25 83 102 28 58 54 72 33 110 29 67 51 74 56 74 74 
47 44 35 53 32 37 48 25 35 43 36 40 0 50 28 36 24 65 50 15 27 42 79 15 31 39 13 10 47 50 51 37 67 53 49 29 66 37 42 25 27 10 58 48 22 45 44 33 43 48 31 61 26 28 46 16 35 4 51 44 11 66 56 64 34 63 62 18 33 22 55 7 71 40 28 11 44 39 47 47 
21 89 24 5 78 32 54 49 30 57 70 84 50 0 78 40 63 32 53 58 28 74 53 45 59 16 50 60 72 40 2 38 53 47 27 76 26 82 10 73 45 56 62 17 29 21 89 82 70 18 52 32 76 36 5 42 16 53 8 85 49 16 28 54 64 32 43 68 28 30 95 57 40 65 26 46 12 82 16 81 
75 24 60 81 24 63 67 46 58 60 43 33 28 78 0 60 26 91 70 24 54 47 99 39 45 65 35 18 49 69 78 62 84 70 76 11 94 20 70 12 49 24 69 74 49 73 24 8 53 75 44 87 6 50 74 38 63 25 79 39 34 94 83 80 45 90 82 13 60 50 39 23 93 52 55 34 72 23 74 41 
23 80 44 40 48 9 16 15 49 17 33 50 36 40 60 0 59 35 16 51 17 36 89 22 23 42 25 45 80 66 42 2 83 72 20 64 40 73 30 61 10 46 83 50 32 22 79 67 31 25 60 30 55 48 39 43 28 40 35 49 27 50 27 82 26 33 75 47 13 22 91 38 77 26 38 42 28 75 26 82 
67 27 41 67 45 59 72 49 37 67 57 55 24 63 26 59 0 84 74 9 47 63 74 39 54 48 37 18 25 45 63 61 58 44 70 18 84 19 58 14 51 14 43 54 35 64 26 25 66 66 18 81 29 29 58 21 50 20 66 60 35 79 76 54 57 83 57 27 54 41 33 26 69 63 37 19 60 19 64 23 
18 108 52 27 82 28 40 49 58 46 67 85 65 32 91 35 84 0 37 77 38 69 84 53 57 45 57 75 99 71 33 32 84 78 16 93 10 101 29 90 44 73 93 49 49 20 108 98 63 19 78 5 88 62 35 64 35 68 24 83 58 29 8 85 60 2 75 79 31 44 117 69 71 58 50 65 26 102 21 105 
33 92 60 51 53 22 3 25 65 11 34 53 50 53 70 16 74 37 0 65 33 34 104 35 26 57 37 58 96 82 55 17 99 88 27 76 45 85 44 73 23 60 99 65 48 33 92 78 27 35 76 32 65 64 53 58 43 54 46 50 40 60 32 98 28 35 90 58 28 39 104 50 92 24 54 57 41 87 37 97 
59 32 37 61 39 51 63 41 34 58 49 49 15 58 24 51 9 77 65 0 40 55 74 30 46 43 29 11 33 45 57 52 60 46 62 19 77 24 51 15 43 5 48 50 29 57 31 26 58 59 20 74 25 26 53 15 44 11 60 54 26 73 69 56 48 76 57 22 46 33 40 18 69 55 32 12 54 25 57 32 
20 71 27 30 50 13 33 21 32 33 42 55 27 28 54 17 47 38 33 40 0 46 73 17 31 25 22 37 65 49 30 17 66 55 22 56 39 63 19 52 17 36 66 35 15 18 70 60 43 21 45 34 51 32 26 28 13 31 26 56 22 42 29 65 36 36 58 43 7 7 80 32 62 38 21 28 19 65 20 69 
59 71 69 74 24 44 31 25 72 23 6 20 42 74 47 36 63 69 34 55 46 0 116 33 15 70 30 44 87 89 75 38 106 93 55 57 75 67 64 56 29 50 100 80 54 57 71 56 7 60 72 64 42 68 72 56 59 45 70 16 33 85 62 104 10 67 100 37 46 47 86 36 106 11 63 53 63 69 61 84 
74 97 47 57 110 82 105 92 45 105 111 119 79 53 99 89 74 84 104 74 73 116 0 84 102 47 87 83 63 30 51 88 17 29 80 91 76 90 61 88 89 77 38 39 62 73 96 98 115 71 56 85 100 50 51 63 61 78 61 122 84 57 81 22 107 84 17 95 76 70 93 86 13 110 54 68 64 89 69 76 
37 58 37 47 33 24 33 11 39 29 28 38 15 45 39 22 39 53 35 30 17 33 84 0 19 38 5 24 61 56 46 23 74 61 37 42 56 51 36 39 12 25 69 48 22 35 58 46 32 38 43 49 35 35 42 26 29 19 44 40 5 59 44 72 23 51 67 27 22 16 69 16 74 28 30 23 36 53 37 62 
45 68 55 60 27 30 23 11 58 16 11 28 31 59 45 23 54 57 26 46 31 15 102 19 0 56 18 36 78 75 61 25 93 80 42 52 63 62 49 50 15 40 88 65 40 43 67 53 13 47 61 52 39 55 57 44 44 35 56 27 21 71 49 91 5 55 86 33 32 33 81 28 92 9 49 41 48 64 47 77 
30 74 7 21 69 35 57 45 14 58 66 76 39 16 65 42 48 45 57 43 25 70 47 38 56 0 43 47 56 26 16 41 42 34 36 62 41 67 16 58 42 42 47 10 18 29 73 69 68 28 36 44 64 20 11 28 14 40 22 78 40 31 39 42 60 45 34 57 29 23 79 46 36 63 11 32 20 67 25 64 
42 55 40 52 28 29 35 12 42 30 25 34 13 50 35 25 37 57 37 29 22 30 87 5 18 43 0 21 61 59 51 27 76 63 42 39 61 48 41 36 15 23 70 52 25 40 54 42 31 42 43 53 30 38 47 27 34 17 49 36 3 64 49 74 22 56 70 22 27 20 67 13 77 27 34 23 41 50 42 60 
58 34 42 63 29 47 56 33 41 50 39 38 10 60 18 45 18 75 58 11 37 44 83 24 36 47 21 0 43 54 60 47 70 56 59 19 76 27 52 16 36 7 58 56 31 55 34 23 48 58 31 71 17 34 55 21 45 7 61 43 19 75 66 66 38 73 66 11 43 32 46 9 77 45 36 16 54 29 57 41 
82 36 49 77 70 78 94 72 42 90 82 80 47 72 49 80 25 99 96 33 65 87 63 61 78 56 61 43 0 40 71 81 47 35 86 38 96 32 70 36 73 38 26 58 51 80 35 44 90 81 21 97 53 37 67 38 64 43 78 85 58 86 92 41 81 98 49 52 72 59 30 51 63 87 49 39 74 30 78 13 
56 69 22 44 81 60 82 66 17 81 83 90 50 40 69 66 45 71 82 45 49 89 30 56 75 26 59 54 40 0 38 65 18 8 62 62 65 62 42 59 64 47 23 23 35 55 68 69 88 54 27 70 70 21 35 34 40 49 47 93 56 51 65 16 79 71 13 65 53 44 68 57 25 84 27 39 46 62 51 52 
22 89 23 6 79 33 56 50 29 59 71 85 51 2 78 42 63 33 55 57 30 75 51 46 61 16 51 60 71 38 0 40 51 46 29 76 27 81 12 73 46 56 61 15 29 22 88 82 72 20 51 34 76 35 5 42 17 53 10 86 49 16 30 52 65 34 42 69 29 31 94 57 39 67 25 46 14 82 17 80 
21 81 43 38 50 7 17 17 48 19 36 53 37 38 62 2 61 32 17 52 17 38 88 23 25 41 27 47 81 65 40 0 82 72 17 65 38 74 29 63 13 47 83 49 32 19 81 69 33 23 60 27 57 48 38 43 26 42 33 52 28 48 24 81 29 30 74 49 12 22 92 40 76 28 38 42 26 76 24 83 
71 81 39 57 98 77 99 83 35 98 101 107 67 53 84 83 58 84 99 60 66 106 17 74 93 42 76 70 47 18 51 82 0 14 78 76 78 75 58 73 81 63 22 36 53 70 79 83 106 69 41 84 86 39 49 51 56 65 61 111 74 61 80 5 97 84 9 81 70 62 77 74 21 102 45 56 61 73 66 59 
64 68 29 52 84 66 88 71 23 87 88 93 53 47 70 72 44 78 88 46 55 93 29 61 80 34 63 56 35 8 46 72 14 0 70 62 73 61 50 59 69 49 15 30 41 62 66 69 93 62 27 78 72 26 43 37 47 51 55 97 60 58 73 11 84 78 14 67 60 50 65 60 28 89 34 42 54 60 59 48 
7 93 42 25 67 13 29 34 48 34 53 70 49 27 76 20 70 16 27 62 22 55 80 37 42 36 42 59 86 62 29 17 78 70 0 78 21 86 20 74 29 58 83 42 36 8 93 82 50 9 65 12 72 50 29 50 23 53 20 69 42 33 7 78 46 14 69 64 16 29 102 53 68 45 39 51 17 87 12 91 
76 16 56 80 35 66 73 51 53 67 51 44 29 76 11 64 18 93 76 19 56 57 91 42 52 62 39 19 38 62 76 65 76 62 78 0 94 10 70 4 54 21 60 70 47 74 16 7 61 76 36 90 16 45 72 34 62 25 78 50 37 92 85 72 53 92 74 19 62 50 29 26 87 60 51 31 72 13 75 30 
19 109 48 21 87 33 48 54 55 54 74 90 66 26 94 40 84 10 45 77 39 75 76 56 63 41 61 76 96 65 27 38 78 73 21 94 0 101 26 91 49 74 88 43 48 21 108 100 70 19 76 14 90 60 30 63 33 70 19 90 61 19 14 79 67 11 68 82 34 44 116 71 63 65 48 65 23 103 20 104 
83 8 60 86 45 74 83 60 56 77 62 54 37 82 20 73 19 101 85 24 63 67 90 51 62 67 48 27 32 62 81 74 75 61 86 10 101 0 76 12 63 28 56 73 53 81 7 13 72 83 36 97 26 48 77 39 68 33 85 59 46 97 93 70 63 100 74 30 70 57 19 36 87 70 56 36 78 3 82 22 
14 84 23 11 68 22 45 39 29 47 60 74 42 10 70 30 58 29 44 51 19 64 61 36 49 16 41 52 70 42 12 29 58 50 20 70 26 76 0 66 35 49 64 22 23 13 83 75 60 12 49 28 68 33 9 37 8 45 9 75 39 24 23 58 54 29 49 60 18 21 90 48 48 55 22 39 4 77 9 77 
73 19 52 76 35 63 71 48 49 65 50 44 25 73 12 61 14 90 73 15 52 56 88 39 50 58 36 16 36 59 73 63 73 59 74 4 91 12 66 0 51 17 57 66 44 70 18 11 60 72 32 86 17 41 68 31 58 21 75 50 34 88 81 68 52 89 71 18 59 47 31 24 83 58 48 27 68 14 71 29 
31 70 43 45 38 16 21 5 47 18 26 41 27 45 49 10 51 44 23 43 17 29 89 12 15 42 15 36 73 64 46 13 81 69 29 54 49 63 35 51 0 37 79 52 29 29 70 57 26 32 54 40 45 44 43 36 30 32 41 41 17 57 36 80 19 43 74 37 17 20 82 28 78 21 36 34 34 65 33 74 
56 35 36 59 35 47 58 36 34 53 44 45 10 56 24 46 14 73 60 5 36 50 77 25 40 42 23 7 38 47 56 47 63 49 58 21 74 28 49 17 37 0 52 50 26 53 35 27 52 55 24 70 24 27 51 15 41 6 58 49 21 71 65 59 43 72 59 18 42 30 45 13 70 49 31 10 51 29 54 37 
77 62 42 67 87 78 99 79 35 96 94 96 58 62 69 83 43 93 99 48 66 100 38 69 88 47 70 58 26 23 61 83 22 15 83 60 88 56 64 57 79 52 0 46 51 76 60 67 101 75 28 92 72 35 58 43 60 56 69 101 67 74 87 16 92 92 26 69 72 60 56 64 41 97 45 47 68 55 73 39 
35 81 14 22 79 43 66 55 17 67 75 86 48 17 74 50 54 49 65 50 35 80 39 48 65 10 52 56 58 23 15 49 36 30 42 70 43 73 22 66 52 50 46 0 27 35 80 76 78 33 40 48 73 25 13 36 23 49 25 88 50 29 44 37 70 49 27 66 37 33 83 55 27 73 19 40 25 73 30 68 
32 61 15 33 52 28 47 30 18 46 49 59 22 29 49 32 35 49 48 29 15 54 62 22 40 18 25 31 51 35 29 32 53 41 36 47 48 53 23 44 29 26 51 27 0 29 60 53 53 31 30 47 47 16 25 15 15 24 31 61 23 45 41 51 45 48 46 40 22 9 68 29 52 49 8 17 25 54 29 56 
2 89 34 19 66 13 34 34 41 38 54 70 45 21 73 22 64 20 33 57 18 57 73 35 43 29 40 55 80 55 22 19 70 62 8 74 21 81 13 70 29 53 76 35 29 0 88 79 52 3 59 17 69 43 22 44 16 49 14 70 39 28 12 71 48 19 61 61 13 24 97 50 61 48 32 45 9 82 5 85 
90 1 67 93 48 81 89 67 62 83 66 57 44 89 24 79 26 108 92 31 70 71 96 58 67 73 54 34 35 68 88 81 79 66 93 16 108 7 83 18 70 35 60 80 60 88 0 16 77 90 42 104 30 55 84 46 75 40 92 63 53 104 99 74 69 107 80 35 77 64 15 42 93 75 63 43 85 6 89 23 
81 15 63 86 33 70 75 53 60 69 51 41 33 82 8 67 25 98 78 26 60 56 98 46 53 69 42 23 44 69 82 69 83 69 82 7 100 13 75 11 57 27 67 76 53 79 16 0 61 81 43 94 14 52 78 41 68 30 84 47 41 98 89 79 54 96 82 20 66 55 31 29 94 60 58 37 77 16 80 35 
54 76 68 70 31 39 24 23 71 16 10 27 43 70 53 31 66 63 27 58 43 7 115 32 13 68 31 48 90 88 72 33 106 93 50 61 70 72 60 60 26 52 101 78 53 52 77 61 0 56 74 58 47 68 69 57 56 47 66 24 34 81 56 104 9 61 99 42 42 45 91 39 104 5 62 54 59 74 57 88 
2 91 34 16 69 16 37 37 41 41 58 73 48 18 75 25 66 19 35 59 21 60 71 38 47 28 42 58 81 54 20 23 69 62 9 76 19 83 12 72 32 55 75 33 31 3 90 81 56 0 59 17 72 44 20 45 16 51 11 73 42 25 11 70 51 18 60 64 16 26 99 52 59 51 32 47 8 84 3 87 
61 43 28 56 59 57 75 54 23 71 67 69 31 52 44 60 18 78 76 20 45 72 56 43 61 36 43 31 21 27 51 60 41 27 65 36 76 36 49 32 54 24 28 40 30 59 42 43 74 59 0 76 45 16 47 18 43 28 57 73 40 67 71 36 65 77 39 42 51 38 44 37 52 70 28 20 52 35 57 29 
15 105 50 28 78 24 35 45 57 42 63 80 61 32 87 30 81 5 32 74 34 64 85 49 52 44 53 71 97 70 34 27 84 78 12 90 14 97 28 86 40 70 92 48 47 17 104 94 58 17 76 0 84 60 35 61 33 65 24 79 54 31 5 85 56 3 75 75 28 40 114 65 72 53 49 62 24 99 19 103 
71 30 59 79 19 59 62 41 58 55 37 28 26 76 6 55 29 88 65 25 51 42 100 35 39 64 30 17 53 70 76 57 86 72 72 16 90 26 68 17 45 24 72 73 47 69 30 14 47 72 45 84 0 51 72 38 60 24 77 34 30 91 79 82 40 86 83 8 57 47 44 19 94 46 53 33 69 28 71 46 
45 56 12 40 60 44 64 46 8 62 62 69 28 36 50 48 29 62 64 26 32 68 50 35 55 20 38 34 37 21 35 48 39 26 50 45 60 48 33 41 44 27 35 25 16 43 55 52 68 44 16 60 51 0 31 13 27 28 41 72 35 51 55 36 59 62 33 44 38 26 59 36 43 63 12 18 37 48 42 45 
22 85 19 10 75 31 54 47 25 56 68 81 46 5 74 39 58 35 53 53 26 72 51 42 57 11 47 55 67 35 5 38 49 43 29 72 30 77 9 68 43 51 58 13 25 22 84 78 69 20 47 35 72 31 0 38 13 48 12 82 45 20 31 50 62 35 40 64 27 27 90 53 39 64 21 41 13 77 17 75 
46 47 22 46 47 41 57 36 20 54 51 56 16 42 38 43 21 64 58 15 28 56 63 26 44 28 27 21 38 34 42 43 51 37 50 34 63 39 37 31 36 15 43 36 15 44 46 41 57 45 18 61 38 13 38 0 30 15 46 59 24 58 56 48 48 63 46 32 35 22 53 23 56 53 17 5 40 40 44 42 
18 76 19 19 62 20 43 33 25 44 55 67 35 16 63 28 50 35 43 44 13 59 61 29 44 14 34 45 64 40 17 26 56 47 23 62 33 68 8 58 30 41 60 23 15 16 75 68 56 16 43 33 60 27 13 30 0 38 17 69 32 31 28 56 49 34 48 52 14 14 83 41 50 51 16 32 10 69 14 70 
51 40 36 56 33 42 52 30 35 47 39 41 4 53 25 40 20 68 54 11 31 45 78 19 35 40 17 7 43 49 53 42 65 51 53 25 70 33 45 21 32 6 56 49 24 49 40 30 47 51 28 65 24 28 48 15 38 0 54 45 15 68 60 62 38 67 61 17 37 25 50 9 71 44 30 10 47 34 50 43 
14 92 29 5 76 26 48 46 36 52 67 81 51 8 79 35 66 24 46 60 26 70 61 44 56 22 49 61 78 47 10 33 61 55 20 78 19 85 9 75 41 58 69 25 31 14 92 84 66 11 57 24 77 41 12 46 17 54 0 82 48 16 20 62 60 24 51 68 24 30 99 57 48 61 30 48 8 85 9 85 
72 62 76 86 15 57 47 36 78 39 16 6 44 85 39 49 60 83 50 54 56 16 122 40 27 78 36 43 85 93 86 52 111 97 69 50 90 59 75 50 41 49 101 88 61 70 63 47 24 73 73 79 34 72 82 59 69 45 82 0 38 97 76 107 23 82 105 33 58 56 78 37 113 26 69 55 74 62 74 79 
42 53 38 51 29 29 38 15 40 32 28 36 11 49 34 27 35 58 40 26 22 33 84 5 21 40 3 19 58 56 49 28 74 60 42 37 61 46 39 34 17 21 67 50 23 39 53 41 34 42 40 54 30 35 45 24 32 15 48 38 0 63 49 71 25 56 68 22 27 19 65 11 75 30 31 20 40 48 42 58 
27 105 38 12 92 41 62 61 44 66 82 97 66 16 94 50 79 29 60 73 42 85 57 59 71 31 64 75 86 51 16 48 61 58 33 92 19 97 24 88 57 71 74 29 45 28 104 98 81 25 67 31 91 51 20 58 31 68 16 97 63 0 29 63 76 30 51 83 39 45 110 72 44 76 41 61 23 98 24 95 
10 100 45 24 74 20 34 41 52 40 60 77 56 28 83 27 76 8 32 69 29 62 81 44 49 39 49 66 92 65 30 24 80 73 7 85 14 93 23 81 36 65 87 44 41 12 99 89 56 11 71 5 79 55 31 56 28 60 20 76 49 29 0 81 53 7 71 71 23 35 109 60 68 51 43 57 19 94 14 97 
72 76 38 58 95 76 98 81 33 97 99 104 64 54 80 82 54 85 98 56 65 104 22 72 91 42 74 66 41 16 52 81 5 11 78 72 79 70 58 68 80 59 16 37 51 71 74 79 104 70 36 85 82 36 50 48 56 62 62 107 71 63 81 0 95 85 12 78 70 60 71 71 25 100 44 52 62 69 67 54 
49 69 60 64 26 34 25 15 63 17 7 25 34 64 45 26 57 60 28 48 36 10 107 23 5 60 22 38 81 79 65 29 97 84 46 53 67 63 54 52 19 43 92 70 45 48 69 54 9 51 65 56 40 59 62 48 49 38 60 23 25 76 53 95 0 59 91 34 36 37 82 30 96 7 53 45 53 66 52 79 
17 107 51 28 81 27 38 47 58 45 66 83 63 32 90 33 83 2 35 76 36 67 84 51 55 45 56 73 98 71 34 30 84 78 14 92 11 100 29 89 43 72 92 49 48 19 107 96 61 18 77 3 86 62 35 63 34 67 24 82 56 30 7 85 59 0 75 78 30 42 116 67 71 56 50 64 25 101 20 104 
62 81 31 48 94 68 91 76 28 91 95 102 62 43 82 75 57 75 90 57 58 100 17 67 86 34 70 66 49 13 42 74 9 14 69 74 68 74 49 71 74 59 26 27 46 61 80 82 99 60 39 75 83 33 40 46 48 61 51 105 68 51 71 12 91 75 0 77 62 54 78 69 15 95 38 51 52 73 57 61 
63 35 52 71 18 51 55 33 52 48 32 28 18 68 13 47 27 79 58 22 43 37 95 27 33 57 22 11 52 65 69 49 81 67 64 19 82 30 60 18 37 18 69 66 40 61 35 20 42 64 42 75 8 44 64 32 52 17 68 33 22 83 71 78 34 78 77 0 48 39 49 11 88 41 46 27 61 32 63 47 
15 77 32 28 54 7 29 22 37 30 43 58 33 28 60 13 54 31 28 46 7 46 76 22 32 29 27 43 72 53 29 12 70 60 16 62 34 70 18 59 17 42 72 37 22 13 77 66 42 16 51 28 57 38 27 35 14 37 24 58 27 39 23 70 36 30 62 48 0 13 86 37 64 37 27 35 16 71 16 76 
26 65 23 32 48 19 38 22 27 37 43 54 22 30 50 22 41 44 39 33 7 47 70 16 33 23 20 32 59 44 31 22 62 50 29 50 44 57 21 47 20 30 60 33 9 24 64 55 45 26 38 40 47 26 27 22 14 25 30 56 19 45 35 60 37 42 54 39 13 0 74 27 59 40 17 22 22 59 25 63 
99 16 72 99 63 92 102 79 66 96 81 72 55 95 39 91 33 117 104 40 80 86 93 69 81 79 67 46 30 68 94 92 77 65 102 29 116 19 90 31 82 45 56 83 68 97 15 31 91 99 44 114 44 59 90 53 83 50 99 78 65 110 109 71 82 116 78 49 86 74 0 54 93 89 69 52 93 17 97 17 
52 42 42 60 24 41 48 25 42 42 31 33 7 57 23 38 26 69 50 18 32 36 86 16 28 46 13 9 51 57 57 40 74 60 53 26 71 36 48 24 28 13 64 55 29 50 42 29 39 52 37 65 19 36 53 23 41 9 57 37 11 72 60 71 30 67 69 11 37 27 54 0 78 37 36 18 50 38 52 49 
61 94 37 44 102 70 93 81 36 94 101 110 71 40 93 77 69 71 92 69 62 106 13 74 92 36 77 77 63 25 39 76 21 28 68 87 63 87 48 83 78 70 41 27 52 61 93 94 104 59 52 72 94 43 39 56 50 71 48 113 75 44 68 25 96 71 15 88 64 59 93 78 0 100 44 61 51 87 56 76 
49 75 63 65 31 34 20 18 67 12 11 29 40 65 52 26 63 58 24 55 38 11 110 28 9 63 27 45 87 84 67 28 102 89 45 60 65 70 55 58 21 49 97 73 49 48 75 60 5 51 70 53 46 63 64 53 51 44 61 26 30 76 51 100 7 56 95 41 37 40 89 37 100 0 57 50 54 72 52 86 
33 64 7 30 59 33 54 39 11 53 58 67 28 26 55 38 37 50 54 32 21 63 54 30 49 11 34 36 49 27 25 38 45 34 39 51 48 56 22 48 36 31 45 19 8 32 63 58 62 32 28 49 53 12 21 17 16 30 30 69 31 41 43 44 53 50 38 46 27 17 69 36 44 57 0 21 25 57 30 56 
48 44 26 50 43 41 55 34 25 52 47 51 11 46 34 42 19 65 57 12 28 53 68 23 41 32 23 16 39 39 46 42 56 42 51 31 65 36 39 27 34 10 47 40 17 45 43 37 54 47 20 62 33 18 41 5 32 10 48 55 20 61 57 52 45 64 51 27 35 22 52 18 61 50 21 0 42 37 45 41 
10 86 26 12 69 20 42 38 33 45 59 74 44 12 72 28 60 26 41 54 19 63 64 36 48 20 41 54 74 46 14 26 61 54 17 72 23 78 4 68 34 51 68 25 25 9 85 77 59 8 52 24 69 37 13 40 10 47 8 74 40 23 19 62 53 25 52 61 16 22 93 50 51 54 25 42 0 79 5 80 
85 8 60 86 47 76 85 62 56 79 64 56 39 82 23 75 19 102 87 25 65 69 89 53 64 67 50 29 30 62 82 76 73 60 87 13 103 3 77 14 65 29 55 73 54 82 6 16 74 84 35 99 28 48 77 40 69 34 85 62 48 98 94 69 66 101 73 32 71 59 17 38 87 72 57 37 79 0 83 20 
5 89 31 14 69 18 39 38 38 43 58 74 47 16 74 26 64 21 37 57 20 61 69 37 47 25 42 57 78 51 17 24 66 59 12 75 20 82 9 71 33 54 73 30 29 5 89 80 57 3 57 19 71 42 17 44 14 50 9 74 42 24 14 67 52 20 57 63 16 25 97 52 56 52 30 45 5 83 0 85 
88 25 57 85 64 82 95 73 51 90 79 74 47 81 41 82 23 105 97 32 69 84 76 62 77 64 60 41 13 52 80 83 59 48 91 30 104 22 77 29 74 37 39 68 56 85 23 35 88 87 29 103 46 45 75 42 70 43 85 79 58 95 97 54 79 104 61 47 76 63 17 49 76 86 56 41 80 20 85 0 
0 0 388 0 0 0 1296 0 74 0 598 0 0 18 13 0 23 0 0 0 257 0 111 433 38 1376 102 0 13 0 0 142 19 0 25 0 0 390 352 0 584 1192 31 0 180 0 0 283 0 462 0 3000 0 370 202 0 0 0 3000 0 15 0 146 12 303 0 0 1068 0 9 0 39 10 406 12 0 0 0 0 13 
0 0 0 0 0 28 378 2503 277 0 0 0 0 0 81 151 0 0 141 1926 342 57 102 16 322 227 3000 120 0 0 0 58 736 179 10 146 126 0 0 0 13 142 0 8 0 271 0 99 634 0 0 60 663 0 1376 0 22 1269 0 1053 0 25 0 0 0 84 0 0 0 168 259 0 56 114 232 168 195 75 354 50 
388 0 0 78 243 85 0 0 100 79 708 0 19 1080 14 0 304 9 0 0 0 0 120 214 57 0 1480 426 47 55 144 0 43 0 0 73 0 23 986 7 17 422 187 0 373 666 3000 8 0 88 170 0 726 42 611 700 0 3000 107 0 515 151 51 25 7 59 120 1378 155 16 166 115 15 88 212 0 1752 0 0 75 
0 0 78 0 21 24 0 0 34 27 0 0 1566 45 606 0 11 162 0 0 0 0 308 12 241 10 61 848 404 358 84 0 710 0 0 13 0 32 457 87 8 260 16 0 166 25 29 340 0 30 35 0 1178 1548 283 50 0 23 687 0 43 25 10 583 430 8 18 0 11 86 7 10 17 26 1317 0 16 0 165 272 
0 0 243 21 0 221 0 212 316 431 0 8 121 229 30 0 285 1715 385 0 0 388 0 14 110 0 145 21 8 860 217 0 399 560 0 19 0 0 20 111 341 0 22 33 127 769 43 57 0 60 82 0 18 16 0 117 0 36 1083 0 0 85 0 34 50 1153 14 0 107 249 33 127 466 613 148 0 442 0 20 15 
0 28 85 24 221 0 3000 46 826 55 0 39 11 0 243 219 0 87 86 11 2020 33 340 64 691 92 24 296 43 0 0 121 1273 144 24 912 104 0 20 112 475 18 158 51 349 38 38 95 481 214 625 69 56 75 67 3000 119 288 671 17 26 9 0 348 7 410 284 0 2532 155 247 76 1009 2953 92 30 91 47 10 2569 
1296 378 0 0 0 3000 0 76 560 0 551 0 0 0 29 574 0 0 37 31 328 0 132 181 100 17 99 28 1865 0 0 13 932 30 148 0 164 20 0 0 185 1856 0 182 207 0 0 28 92 10 0 21 0 0 21 0 1972 1353 0 681 31 0 10 0 40 0 0 19 39 135 126 0 112 18 73 10 105 640 9 169 
0 2503 0 0 212 46 76 0 1421 0 0 832 1192 0 1326 19 0 38 69 44 21 936 103 183 0 391 62 8 0 0 0 24 23 2720 129 10 27 0 328 1213 11 12 0 9 0 43 0 0 17 0 287 148 287 0 9 11 25 31 0 38 0 577 0 0 0 13 62 0 1710 156 15 0 205 217 14 803 43 42 590 58 
74 277 100 34 316 826 560 1421 0 911 40 0 535 9 127 188 96 379 49 77 538 0 549 212 88 157 91 1036 17 0 74 194 99 148 98 265 218 9 44 0 3000 86 130 405 161 156 264 36 11 91 0 54 397 17 169 0 475 572 17 622 372 210 203 380 100 20 2549 234 1540 113 92 71 453 290 3000 69 30 68 160 152 
0 0 79 27 431 55 0 0 911 0 0 11 10 25 2296 0 334 3000 0 0 0 96 0 49 59 0 335 21 8 1961 733 0 93 7 0 340 0 0 693 487 260 0 378 9 11 98 167 210 0 393 288 0 3000 47 0 134 0 184 2038 0 0 12 0 244 209 24 108 0 1009 17 1731 679 169 293 188 0 85 0 23 3000 
598 0 708 0 0 0 551 0 40 0 0 0 0 393 20 0 35 0 0 0 371 0 83 172 55 124 28 0 152 0 0 132 45 0 120 0 467 7 306 0 291 36 47 0 678 0 0 314 0 648 0 37 0 1868 21 0 1051 0 1928 21 290 0 121 98 28 0 0 21 8 13 0 166 780 332 81 19 0 0 0 87 
0 0 0 0 8 39 0 832 0 11 0 0 194 0 0 0 0 15 46 0 0 20 0 0 0 0 158 1462 0 0 0 0 0 114 0 165 0 0 0 1029 1140 0 0 822 0 3000 0 0 62 0 43 0 61 0 0 83 0 115 0 0 0 76 0 0 0 537 302 0 410 45 47 0 0 0 53 0 161 0 95 135 
0 0 19 1566 121 11 0 1192 535 10 0 194 0 286 340 0 26 52 51 0 0 63 0 609 20 0 14 330 895 148 157 0 8 9 0 249 0 0 13 1971 916 0 39 59 260 9 285 75 0 142 40 15 19 19 0 10 0 878 23 0 0 939 0 12 105 81 37 0 91 29 93 134 365 609 2008 146 75 0 53 95 
18 0 1080 45 229 0 0 0 9 25 393 0 286 0 170 0 424 639 0 0 0 0 148 17 10 296 64 43 8 137 91 0 71 0 0 824 0 324 16 0 24 607 11 0 17 49 2027 49 0 31 0 0 0 11 481 0 0 2231 307 0 102 1086 22 305 179 0 431 8 1619 0 60 37 82 70 471 0 0 0 0 14 
13 81 14 606 30 243 29 1326 127 2296 20 0 340 170 0 51 8 203 41 0 872 0 15 423 548 20 143 130 77 36 28 109 120 2853 2448 203 122 22 58 23 20 1138 21 0 342 177 11 1399 0 169 0 436 58 11 1019 0 1106 176 1388 24 21 43 20 12 917 671 127 639 18 806 8 243 407 20 491 89 25 101 22 983 
0 151 0 0 0 219 574 19 188 0 0 0 0 0 51 0 0 649 235 21 172 76 270 519 119 71 156 295 7 0 0 9 686 10 375 708 304 19 73 22 38 35 0 67 0 1572 0 715 352 554 99 767 20 0 1150 0 201 12 0 251 19 15 0 0 27 239 0 0 222 38 50 0 7 899 471 100 906 91 38 19 
23 0 304 11 285 0 0 0 96 334 35 0 26 424 8 0 0 127 0 0 0 0 0 193 124 0 39 343 183 201 10 0 102 0 0 252 0 26 47 96 489 0 1927 0 601 42 104 203 0 11 0 0 0 1535 0 0 0 18 1109 0 71 300 684 121 98 0 35 0 508 0 57 704 339 354 235 0 0 0 0 219 
0 0 9 162 1715 87 0 38 379 3000 0 15 52 639 203 649 127 0 57 0 0 87 945 181 626 0 278 14 418 114 13 0 1857 12 0 32 0 0 91 67 22 34 78 129 12 829 10 202 35 711 506 213 764 11 0 83 0 12 314 0 0 25 0 11 599 25 12 0 218 10 148 985 14 63 20 10 1828 0 220 1348 
0 141 0 0 385 86 37 69 49 0 0 46 51 0 41 235 0 57 0 72 576 129 1219 229 573 376 284 20 41 0 0 25 333 84 78 68 124 50 167 89 1312 18 0 1680 85 743 0 188 2036 244 32 1032 1286 0 108 126 783 117 0 25 3000 133 0 0 470 13 222 0 1371 604 3000 0 7 18 50 21 63 1559 249 3000 
0 1926 0 0 0 11 31 44 77 0 0 0 0 0 0 21 0 0 72 0 331 12 273 0 0 664 58 0 0 0 0 3000 774 156 157 0 22 0 0 0 0 3000 0 24 0 0 0 0 330 0 0 726 0 0 2282 0 48 24 0 1950 0 0 0 0 0 0 0 0 0 622 65 0 349 817 0 40 372 1264 196 0 
257 342 0 0 0 2020 328 21 538 0 371 0 0 0 872 172 0 0 576 331 0 0 269 82 10 8 223 78 116 0 0 10 180 895 12 0 541 36 85 0 18 86 76 35 583 0 0 42 74 11 0 179 0 431 2427 0 33 214 0 153 47 0 17 0 44 0 0 893 3000 272 19 0 80 45 828 3000 18 336 103 80 
0 57 0 0 388 33 0 936 0 96 0 20 63 0 0 76 0 87 129 12 0 0 0 89 0 0 2165 307 0 0 0 0 0 175 0 39 170 0 50 259 2240 0 0 76 0 113 0 0 959 0 54 82 120 0 0 147 84 67 0 116 0 10 0 0 0 61 15 0 34 15 10 0 462 0 238 3000 8 3000 44 336 
111 102 120 308 0 340 132 103 549 0 83 0 0 148 15 270 0 945 1219 273 269 0 0 1070 432 79 203 70 806 0 0 64 7 259 53 1100 48 359 54 0 117 1770 603 201 1396 1325 0 24 3000 70 0 16 54 412 128 0 60 1127 279 68 40 67 112 2168 24 439 0 8 43 2887 11 8 16 31 7 42 321 194 1270 1173 
433 16 214 12 14 64 181 183 212 49 172 0 609 17 423 519 193 181 229 0 82 89 1070 0 70 16 78 13 37 33 15 19 928 99 79 427 782 112 8 490 13 49 1478 35 66 19 73 536 0 10 131 2684 45 281 13 3000 0 17 20 0 12 175 248 21 57 22 976 38 54 115 393 8 462 19 23 731 19 0 64 708 
38 322 57 241 110 691 100 0 88 59 55 0 20 10 548 119 124 626 573 0 10 0 432 70 0 203 842 18 64 15 85 39 11 215 85 181 484 11 714 0 34 50 341 0 37 408 66 9 0 334 0 20 0 19 75 0 8 101 96 1069 278 8 276 11 3000 0 246 15 8 69 587 7 12 17 9 218 11 69 77 149 
1376 227 0 10 0 92 17 391 157 0 124 0 0 296 20 71 0 0 376 664 8 0 79 16 203 0 129 16 258 0 0 511 396 31 83 0 21 57 18 0 8 3000 309 0 219 0 0 119 946 40 0 11 0 683 73 0 42 26 99 3000 143 0 110 221 30 0 0 16 293 46 59 39 152 2372 277 365 58 49 91 266 
102 3000 1480 61 145 24 99 62 91 335 28 158 14 64 143 156 39 278 284 58 223 2165 203 78 842 129 0 15 3000 38 14 736 29 30 151 112 123 62 585 77 202 33 63 16 38 299 47 65 188 66 400 59 1802 437 391 18 80 122 47 28 10 663 10 3000 184 91 15 2460 439 189 75 25 12 44 90 1288 3000 106 479 1316 
0 120 426 848 21 296 28 8 1036 21 0 1462 330 43 130 295 343 14 20 0 78 307 70 13 18 16 15 0 10 27 70 46 121 107 101 1288 13 0 9 119 158 17 14 29 20 776 8 25 3000 443 379 68 24 163 3000 267 0 9 394 0 0 8 0 22 222 567 49 0 195 397 1005 203 183 52 12 2192 277 1891 252 59 
13 0 47 404 8 43 1865 0 17 8 152 0 895 8 77 7 183 418 41 0 116 0 806 37 64 258 3000 10 0 306 1556 1469 20 0 97 478 8 26 150 0 40 366 57 0 2928 78 1672 118 0 449 0 339 0 29 200 0 3000 138 50 42 348 9 842 3000 71 0 0 101 62 19 7 579 177 7 63 32 30 625 307 202 
0 0 55 358 860 0 0 0 0 1961 0 0 148 137 36 0 201 114 0 0 0 0 0 33 15 0 38 27 306 0 18 0 0 0 0 246 0 0 258 20 556 0 42 0 66 340 124 0 0 177 2251 0 0 39 0 180 0 81 8 0 0 316 0 525 216 0 2087 0 17 0 0 59 507 249 59 0 0 0 0 47 
0 0 144 84 217 0 0 0 74 733 0 0 157 91 28 0 10 13 0 0 0 0 0 15 85 0 14 70 1556 18 0 0 251 0 0 61 0 0 123 19 40 0 109 0 62 3000 91 342 0 60 3000 0 0 2046 0 218 0 17 270 0 0 268 8 112 19 0 118 0 52 0 0 344 29 52 43 0 0 0 0 1684 
142 58 0 0 0 121 13 24 194 0 132 0 0 0 109 9 0 0 25 3000 10 0 64 19 39 511 736 46 1469 0 0 0 955 432 231 415 13 1352 18 0 244 859 133 80 263 39 0 7 567 21 0 89 0 29 10 0 499 292 23 232 31 160 38 363 21 0 0 47 9 890 319 282 164 3000 122 684 72 161 3000 16 
19 736 43 710 399 1273 932 23 99 93 45 0 8 71 120 686 102 1857 333 774 180 0 7 928 11 396 29 121 20 0 251 955 0 514 230 11 25 35 208 0 104 115 290 0 92 18 43 53 0 258 0 46 0 746 25 0 829 48 49 593 72 745 1628 703 422 0 0 9 1746 532 100 914 78 44 625 35 431 33 358 11 
0 179 0 0 560 144 30 2720 148 7 0 114 9 0 2853 10 0 12 84 156 895 175 259 99 215 31 30 107 0 0 0 432 514 0 12 865 23 0 49 14 589 978 0 66 0 202 0 0 35 2781 15 111 58 0 13 155 3000 3000 0 140 0 36 0 0 807 156 20 0 35 784 238 0 31 2041 2116 185 733 31 25 64 
25 10 0 0 0 24 148 129 98 0 120 0 0 0 2448 375 0 0 78 157 12 0 53 79 85 83 151 101 97 0 0 231 230 12 0 0 24 70 9 0 216 34 18 97 118 0 0 372 450 18 0 529 0 178 116 0 129 1033 0 187 951 0 640 0 43 0 0 115 258 58 71 0 942 89 1087 107 28 115 29 97 
0 146 73 13 19 912 0 10 265 340 0 165 249 824 203 708 252 32 68 0 0 39 1100 427 181 0 112 1288 478 246 61 415 11 865 0 0 481 0 116 619 217 307 553 75 9 153 2453 18 139 1137 289 20 15 15 0 131 0 140 64 0 0 18 0 258 101 20 12 0 521 11 209 3000 3000 54 842 26 83 59 18 50 
0 126 0 0 0 104 164 27 218 0 467 0 0 0 122 304 0 0 124 22 541 170 48 782 484 21 123 13 8 0 0 13 25 23 24 481 0 17 0 0 253 44 0 19 0 10 0 35 39 10 0 47 8 0 13 0 12 42 0 128 83 252 0 0 332 304 0 185 41 253 240 0 21 108 17 12 22 108 71 917 
390 0 23 32 0 0 20 0 9 0 7 0 0 324 22 19 26 0 50 0 36 0 359 112 11 57 62 0 26 0 0 1352 35 0 70 0 17 0 197 0 13 155 2559 0 350 0 0 49 0 7 0 44 0 23 61 0 8 0 129 12 2042 0 44 1042 112 0 0 21 45 16 0 1687 393 128 60 342 0 0 0 47 
352 0 986 457 20 20 0 328 44 693 306 0 13 16 58 73 47 91 167 0 85 50 54 8 714 18 585 9 150 258 123 18 208 49 9 116 0 197 0 36 124 10 23 23 24 534 365 93 0 81 386 25 7 23 217 20 0 835 19 0 37 352 10 275 10 57 72 60 57 24 16 729 14 72 711 20 182 0 33 8 
0 0 7 87 111 112 0 1213 0 487 0 1029 1971 0 23 22 96 67 89 0 0 259 0 490 0 0 77 119 0 20 19 0 0 14 0 619 0 0 36 0 17 0 8 1935 128 50 55 0 10 0 31 36 10 0 0 36 0 22 566 0 0 220 0 0 954 154 9 0 286 27 712 2573 28 48 984 15 33 0 24 170 
584 13 17 8 341 475 185 11 3000 260 291 1140 916 24 20 38 489 22 1312 0 18 2240 117 13 34 8 202 158 40 556 40 244 104 589 216 217 253 13 124 17 0 23 34 87 7 371 9 76 523 86 12 2257 97 149 746 21 0 65 99 0 17 37 44 77 175 188 213 282 1225 294 583 617 29 44 344 154 142 156 37 88 
1192 142 422 260 0 18 1856 12 86 0 36 0 0 607 1138 35 0 34 18 3000 86 0 1770 49 50 3000 33 17 366 0 0 859 115 978 34 307 44 155 10 0 23 0 57 41 82 52 0 175 45 27 0 268 626 234 19 0 138 18 338 260 188 15 114 50 422 48 0 22 258 160 36 60 55 332 131 157 128 17 20 13 
31 0 187 16 22 158 0 0 130 378 47 0 39 11 21 0 1927 78 0 0 76 0 603 1478 341 309 63 14 57 42 109 133 290 0 18 553 0 2559 23 8 34 57 0 0 265 181 410 2532 0 23 1420 40 31 17 301 770 0 231 404 0 62 19 25 599 383 0 15 199 3000 536 739 44 29 8 210 17 97 0 7 11 
0 8 0 0 33 51 182 9 405 9 0 822 59 0 0 67 0 129 1680 24 35 76 201 35 0 0 16 29 0 0 0 80 0 66 97 75 19 0 23 1935 87 41 0 0 0 505 0 0 35 0 553 3000 322 0 0 182 427 161 0 3000 0 118 0 0 0 594 620 0 302 331 37 0 41 20 34 173 37 14 911 277 
180 0 373 166 127 349 207 0 161 11 678 0 260 17 342 0 601 12 85 0 583 0 1396 66 37 219 38 20 2928 66 62 263 92 0 118 9 0 350 24 128 7 82 265 0 0 3000 295 82 0 20 580 75 441 39 1056 11 0 134 12 0 41 1816 70 10 120 58 80 1008 792 612 127 258 833 709 139 207 72 0 10 315 
0 271 666 25 769 38 0 43 156 98 0 3000 9 49 177 1572 42 829 743 0 0 113 1325 19 408 0 299 776 78 340 3000 39 18 202 0 153 10 0 534 50 371 52 181 505 3000 0 289 12 325 371 440 174 1978 0 0 232 0 55 38 0 0 109 0 135 776 37 2304 0 11 1165 1112 89 105 409 12 1600 54 240 63 957 
0 0 3000 29 43 38 0 0 264 167 0 0 285 2027 11 0 104 10 0 0 0 0 0 73 66 0 47 8 1672 124 91 0 43 0 0 2453 0 0 365 55 9 0 410 0 295 289 0 335 0 142 626 0 175 65 0 1182 0 615 63 0 0 8 545 123 161 502 424 0 77 0 313 25 199 2219 15 0 505 0 0 20 
283 99 8 340 57 95 28 0 36 210 314 0 75 49 1399 715 203 202 188 0 42 0 24 536 9 119 65 25 118 0 342 7 53 0 372 18 35 49 93 0 76 175 2532 0 82 12 335 0 0 143 0 2406 0 747 99 0 124 279 212 21 29 1019 295 20 133 0 0 293 73 74 1961 892 46 3000 43 222 3000 467 271 13 
0 634 0 0 0 481 92 17 11 0 0 62 0 0 0 352 0 35 2036 330 74 959 3000 0 0 946 188 3000 0 0 0 567 0 35 450 139 39 0 0 10 523 45 0 35 0 325 0 0 0 0 26 99 36 0 156 76 14 380 0 830 0 72 0 0 0 48 0 0 252 26 305 0 3000 927 2865 322 10 16 139 50 
462 0 88 30 60 214 10 0 91 393 648 0 142 31 169 554 11 711 244 0 11 0 70 10 334 40 66 443 449 177 60 21 258 2781 18 1137 10 7 81 0 86 27 23 0 20 371 142 143 0 0 0 688 9 46 28 0 19 87 99 1280 93 726 13 34 378 0 121 93 37 1330 126 151 230 14 31 9 70 0 1000 133 
0 0 170 35 82 625 0 287 0 288 0 43 40 0 0 99 0 506 32 0 0 54 0 131 0 0 400 379 0 2251 3000 0 0 15 0 289 0 0 386 31 12 0 1420 553 580 440 626 0 26 0 0 881 36 0 0 21 0 9 20 0 0 49 0 0 48 92 32 0 159 29 78 92 50 358 278 3000 259 0 11 233 
3000 60 0 0 0 69 21 148 54 0 37 0 15 0 436 767 0 213 1032 726 179 82 16 2684 20 11 59 68 339 0 0 89 46 111 529 20 47 44 25 36 2257 268 40 3000 75 174 0 2406 99 688 881 0 70 0 112 0 9 61 0 29 43 19 28 0 162 11 0 176 152 1165 51 0 1023 32 111 154 479 11 283 63 
0 663 726 1178 18 56 0 287 397 3000 0 61 19 0 58 20 0 764 1286 0 0 120 54 45 0 0 1802 24 0 0 0 0 0 58 0 15 8 0 7 10 97 626 31 322 441 1978 175 0 36 9 36 70 0 0 0 282 0 329 996 0 0 349 0 0 58 20 118 0 36 753 184 8 335 83 124 8 434 2901 27 132 
370 0 42 1548 16 75 0 0 17 47 1868 0 19 11 11 0 1535 11 0 0 431 0 412 281 19 683 437 163 29 39 2046 29 746 0 178 15 0 23 23 0 149 234 17 0 39 0 65 747 0 46 0 0 0 0 43 0 0 36 1003 0 1520 37 3000 647 44 0 227 15 478 108 37 54 144 158 90 0 0 0 0 1405 
202 1376 611 283 0 67 21 9 169 0 21 0 0 481 1019 1150 0 0 108 2282 2427 0 128 13 75 73 391 3000 200 0 0 10 25 13 116 0 13 61 217 0 746 19 301 0 1056 0 0 99 156 28 0 112 0 43 0 0 471 666 25 146 35 0 17 39 83 0 0 714 18 2262 279 28 25 28 173 58 36 22 10 367 
0 0 700 50 117 3000 0 11 0 134 0 83 10 0 0 0 0 83 126 0 0 147 0 3000 0 0 18 267 0 180 218 0 0 155 0 131 0 0 20 36 21 0 770 182 11 232 1182 0 76 0 21 0 282 0 0 0 0 57 28 0 0 41 0 0 39 63 377 0 18 223 7 21 8 0 117 0 17 0 1191 374 
0 22 0 0 0 119 1972 25 475 0 1051 0 0 0 1106 201 0 0 783 48 33 84 60 0 8 42 80 0 3000 0 0 499 829 3000 129 0 12 8 0 0 0 138 0 427 0 0 0 124 14 19 0 9 0 0 471 0 0 307 0 123 67 0 0 0 0 0 0 86 0 1716 765 0 20 29 174 386 30 10 16 23 
0 1269 3000 23 36 288 1353 31 572 184 0 115 878 2231 176 12 18 12 117 24 214 67 1127 17 101 26 122 9 138 81 17 292 48 3000 1033 140 42 0 835 22 65 18 231 161 134 55 615 279 380 87 9 61 329 36 666 57 307 0 2825 10 255 38 0 17 404 49 129 0 74 161 255 367 16 228 869 180 264 18 11 65 
3000 0 107 687 1083 671 0 0 17 2038 1928 0 23 307 1388 0 1109 314 0 0 0 0 279 20 96 99 47 394 50 8 270 23 49 0 0 64 0 129 19 566 99 338 404 0 12 38 63 212 0 99 20 0 996 1003 25 28 0 2825 0 0 207 34 146 96 65 258 226 73 38 187 317 300 51 27 670 0 354 0 12 13 
0 1053 0 0 0 17 681 38 622 0 21 0 0 0 24 251 0 0 25 1950 153 116 68 0 1069 3000 28 0 42 0 0 232 593 140 187 0 128 12 0 0 0 260 0 3000 0 0 0 21 830 1280 0 29 0 0 146 0 123 10 0 0 69 0 0 0 0 0 0 694 0 14 566 0 428 2521 0 48 92 8 274 114 
15 0 515 43 0 26 31 0 372 0 290 0 0 102 21 19 71 0 3000 0 47 0 40 12 278 143 10 0 348 0 0 31 72 0 951 0 83 2042 37 0 17 188 62 0 41 0 0 29 0 93 0 43 0 1520 35 0 67 255 207 69 0 0 386 22 45 0 0 41 141 756 418 1885 8 82 2472 77 0 0 19 759 
0 25 151 25 85 9 0 577 210 12 0 76 939 1086 43 15 300 25 133 0 0 10 67 175 8 0 663 8 9 316 268 160 745 36 0 18 252 0 352 220 37 15 19 118 1816 109 8 1019 72 726 49 19 349 37 0 41 0 38 34 0 0 0 0 33 315 1072 190 0 1617 138 381 803 407 33 44 2113 175 24 1294 827 
146 0 51 10 0 0 10 0 203 0 121 0 0 22 20 0 684 0 0 0 17 0 112 248 276 110 10 0 842 0 8 38 1628 0 640 0 0 44 10 0 44 114 25 0 70 0 545 295 0 13 0 28 0 3000 17 0 0 0 146 0 386 0 0 13 214 0 0 27 15 994 0 41 273 382 127 0 0 0 0 149 
12 0 25 583 34 348 0 0 380 244 98 0 12 305 12 0 121 11 0 0 0 0 2168 21 11 221 3000 22 3000 525 112 363 703 0 0 258 0 1042 275 0 77 50 599 0 10 135 123 20 0 34 0 0 0 647 39 0 0 17 96 0 22 33 13 0 139 0 82 701 20 29 66 395 246 15 27 0 0 0 0 11 
303 0 7 430 50 7 40 0 100 209 28 0 105 179 917 27 98 599 470 0 44 0 24 57 3000 30 184 222 71 216 19 21 422 807 43 101 332 112 10 954 175 422 383 0 120 776 161 133 0 378 48 162 58 44 83 39 0 404 65 0 45 315 214 139 0 677 19 39 136 11 508 39 8 134 888 141 71 0 3000 1515 
0 84 59 8 1153 410 0 13 20 24 0 537 81 0 671 239 0 25 13 0 0 61 439 22 0 0 91 567 0 0 0 0 0 156 0 20 304 0 57 154 188 48 0 594 58 37 502 0 48 0 92 11 20 0 0 63 0 49 258 0 0 1072 0 0 677 0 151 0 14 124 27 153 2581 73 12 10 41 62 199 14 
0 0 120 18 14 284 0 62 2549 108 0 302 37 431 127 0 35 12 222 0 0 15 0 976 246 0 15 49 0 2087 118 0 0 20 0 12 0 0 72 9 213 0 15 620 80 2304 424 0 0 121 32 0 118 227 0 377 0 129 226 0 0 190 0 82 19 151 0 0 553 92 38 1428 674 9 39 0 121 0 75 10 
1068 0 1378 0 0 0 19 0 234 0 21 0 0 8 639 0 0 0 0 0 893 0 8 38 15 16 2460 0 101 0 0 47 9 0 115 0 185 21 60 0 282 22 199 0 1008 0 0 293 0 93 0 176 0 15 714 0 86 0 73 694 41 0 27 701 39 0 0 0 2249 1232 0 1039 275 753 194 47 0 0 0 109 
0 0 155 11 107 2532 39 1710 1540 1009 8 410 91 1619 18 222 508 218 1371 0 3000 34 43 54 8 293 439 195 62 17 52 9 1746 35 258 521 41 45 57 286 1225 258 3000 302 792 11 77 73 252 37 159 152 36 478 18 18 0 74 38 0 141 1617 15 20 136 14 553 2249 0 21 120 20 19 151 744 265 28 0 7 66 
9 168 16 86 249 155 135 156 113 17 13 45 29 0 806 38 0 10 604 622 272 15 2887 115 69 46 189 397 19 0 0 890 532 784 58 11 253 16 24 27 294 160 536 331 612 1165 0 74 26 1330 29 1165 753 108 2262 223 1716 161 187 14 756 138 994 29 11 124 92 1232 21 0 70 9 92 259 341 587 58 30 26 17 
0 259 166 7 33 247 126 15 92 1731 0 47 93 60 8 50 57 148 3000 65 19 10 11 393 587 59 75 1005 7 0 0 319 100 238 71 209 240 0 16 712 583 36 739 37 127 1112 313 1961 305 126 78 51 184 37 279 7 765 255 317 566 418 381 0 66 508 27 38 0 120 70 0 509 244 24 3000 404 221 26 13 83 
39 0 115 10 127 76 0 0 71 679 166 0 134 37 243 0 704 985 0 0 0 0 8 8 7 39 25 203 579 59 344 282 914 0 0 3000 0 1687 729 2573 617 60 44 0 258 89 25 892 0 151 92 0 8 54 28 21 0 367 300 0 1885 803 41 395 39 153 1428 1039 20 9 509 0 188 10 2578 0 354 0 0 281 
10 56 15 17 466 1009 112 205 453 169 780 0 365 82 407 7 339 14 7 349 80 462 16 462 12 152 12 183 177 507 29 164 78 31 942 3000 21 393 14 28 29 55 29 41 833 105 199 46 3000 230 50 1023 335 144 25 8 20 16 51 428 8 407 273 246 8 2581 674 275 19 92 244 188 0 27 210 27 24 332 99 1612 
406 114 88 26 613 2953 18 217 290 293 332 0 609 70 20 899 354 63 18 817 45 0 31 19 17 2372 44 52 7 249 52 3000 44 2041 89 54 108 128 72 48 44 332 8 20 709 409 2219 3000 927 14 358 32 83 158 28 0 29 228 27 2521 82 33 382 15 134 73 9 753 151 259 24 10 27 0 349 202 48 15 1370 1143 
12 232 212 1317 148 92 73 14 3000 188 81 53 2008 471 491 471 235 20 50 0 828 238 7 23 9 277 90 12 63 59 43 122 625 2116 1087 842 17 60 711 984 344 131 210 34 139 12 15 43 2865 31 278 111 124 90 173 117 174 869 670 0 2472 44 127 27 888 12 39 194 744 341 3000 2578 210 349 0 74 42 1573 50 143 
0 168 0 0 0 30 10 803 69 0 19 0 146 0 89 100 0 10 21 40 3000 3000 42 731 218 365 1288 2192 32 0 0 684 35 185 107 26 12 342 20 15 154 157 17 173 207 1600 0 222 322 9 3000 154 8 0 58 0 386 180 0 48 77 2113 0 0 141 10 0 47 265 587 404 0 27 202 74 0 1168 322 264 216 
0 195 1752 16 442 91 105 43 30 85 0 161 75 0 25 906 0 1828 63 372 18 8 321 19 11 58 3000 277 30 0 0 72 431 733 28 83 22 0 182 33 142 128 97 37 72 54 505 3000 10 70 259 479 434 0 36 17 30 264 354 92 0 175 0 0 71 41 121 0 28 58 221 354 24 48 42 1168 0 1114 26 3000 
0 75 0 0 0 47 640 42 68 0 0 0 0 0 101 91 0 0 1559 1264 336 3000 194 0 69 49 106 1891 625 0 0 161 33 31 115 59 108 0 0 0 156 17 0 14 0 240 0 467 16 0 0 11 2901 0 22 0 10 18 0 8 0 24 0 0 0 62 0 0 0 30 26 0 332 15 1573 322 1114 0 1691 19 
0 354 0 165 20 10 9 590 160 23 0 95 53 0 22 38 0 220 249 196 103 44 1270 64 77 91 479 252 307 0 0 3000 358 25 29 18 71 0 33 24 37 20 7 911 10 63 0 271 139 1000 11 283 27 0 10 1191 16 11 12 274 19 1294 0 0 3000 199 75 0 7 26 13 0 99 1370 50 264 26 1691 0 224 
13 50 75 272 15 2569 169 58 152 3000 87 135 95 14 983 19 219 1348 3000 0 80 336 1173 708 149 266 1316 59 202 47 1684 16 11 64 97 50 917 47 8 170 88 13 11 277 315 957 20 13 50 133 233 63 132 1405 367 374 23 65 13 114 759 827 149 11 1515 14 10 109 66 17 83 281 1612 1143 143 216 3000 19 224 0 
