80
0 72 39 72 61 17 88 29 45 49 51 75 86 46 18 86 82 108 91 50 94 64 16 59 105 82 89 54 71 47 49 26 47 73 12 82 41 81 93 65 40 64 57 40 84 64 86 76 44 42 74 83 24 10 79 70 33 74 76 79 42 7 9 34 31 55 90 36 77 65 52 88 17 88 60 18 32 45 34 60 
72 0 34 11 29 56 51 46 37 38 88 36 14 42 60 54 12 37 27 44 52 15 58 37 37 39 34 57 15 71 24 73 52 34 60 29 92 18 62 13 60 20 35 56 74 21 63 50 90 43 23 82 82 63 7 3 40 46 55 7 57 78 72 94 50 89 34 58 5 14 69 16 56 16 86 54 67 88 49 70 
39 34 0 37 35 22 56 12 27 32 58 40 48 32 31 55 43 69 52 37 61 25 27 26 66 47 52 36 32 44 15 40 28 38 27 44 59 42 63 26 31 25 24 27 64 33 59 47 58 29 36 67 48 29 42 32 6 43 49 41 30 45 38 60 17 61 52 39 39 31 44 51 25 49 60 21 35 56 29 48 
72 11 37 0 19 57 62 48 31 31 94 47 18 35 57 65 21 43 37 37 63 24 56 45 45 50 45 65 26 77 23 77 59 45 60 40 96 29 73 22 65 29 43 61 84 12 74 60 94 37 34 91 85 63 14 9 42 56 65 16 63 78 73 96 54 95 45 52 11 7 76 20 55 23 93 54 72 93 45 78 
61 29 35 19 0 50 77 45 16 14 93 61 37 18 45 78 40 62 56 18 79 37 46 54 64 65 62 70 41 79 21 73 62 58 52 57 92 47 87 35 67 41 51 63 94 8 86 72 92 21 49 100 79 55 34 26 38 68 76 35 65 68 64 91 52 96 63 34 30 15 79 39 44 42 96 46 70 91 30 83 
17 56 22 57 50 0 71 12 35 40 48 58 70 39 18 70 66 91 74 43 77 47 11 42 88 65 72 40 53 38 34 24 33 56 6 65 43 64 77 48 28 47 40 27 71 50 71 60 44 34 56 71 29 8 63 54 16 58 61 62 29 23 16 41 15 51 72 35 61 50 41 72 11 71 54 5 25 44 28 49 
88 51 56 62 77 71 0 61 78 81 71 16 54 84 86 5 45 54 34 88 7 40 80 30 45 12 23 39 37 55 60 73 42 19 77 23 84 35 11 42 52 36 32 50 31 69 16 13 78 82 28 41 83 79 52 53 60 14 16 49 49 91 82 90 57 69 23 94 53 63 50 56 79 50 62 73 63 75 84 45 
29 46 12 48 45 12 61 0 33 38 49 47 60 38 26 59 55 80 62 42 66 36 20 31 77 53 60 33 42 36 26 29 25 44 17 53 48 53 67 37 24 35 29 21 63 44 61 50 47 33 45 65 36 19 53 44 7 47 51 52 23 34 26 48 8 51 61 39 51 42 37 62 18 61 53 13 25 46 30 43 
45 37 27 31 16 35 78 33 0 5 81 61 49 6 28 78 49 73 63 10 81 39 30 51 74 67 67 63 45 68 17 59 54 59 36 61 79 53 86 38 56 42 48 53 90 21 84 71 79 6 52 94 64 39 44 34 27 67 74 44 55 52 49 76 41 84 68 20 41 25 69 51 28 53 85 31 57 78 14 75 
49 38 32 31 14 40 81 38 5 0 87 65 49 4 32 82 50 74 65 6 85 42 34 55 75 70 70 68 47 74 21 64 59 62 41 63 84 55 90 40 62 46 52 58 94 20 88 75 84 8 55 99 69 44 44 35 32 71 78 45 60 57 54 81 46 90 70 21 41 25 75 51 33 53 91 36 63 83 17 80 
51 88 58 94 93 48 71 49 81 87 0 68 100 86 64 67 92 114 93 90 78 74 58 54 107 72 85 34 77 17 73 25 37 67 50 79 17 86 70 76 28 70 55 32 49 91 60 58 10 81 75 43 29 48 94 87 55 60 55 92 31 48 42 27 41 4 85 83 93 89 22 103 58 99 13 53 24 7 76 26 
75 36 40 47 61 58 16 47 61 65 68 0 41 67 71 18 32 48 26 71 20 24 66 17 40 6 18 34 21 51 44 64 33 3 64 12 78 23 26 26 44 20 18 41 39 53 27 15 73 66 13 48 75 66 38 38 45 11 20 35 41 80 71 83 44 67 18 78 39 47 46 44 64 38 61 59 55 70 68 44 
86 14 48 18 37 70 54 60 49 49 100 41 0 53 73 58 9 24 23 55 53 26 71 47 27 43 33 68 23 83 37 87 63 40 74 31 105 19 65 24 72 30 45 68 81 30 68 56 102 55 29 89 96 77 6 16 54 52 61 8 69 92 86 107 63 101 33 69 9 24 80 3 70 5 97 68 80 100 62 80 
46 42 32 35 18 39 84 38 6 4 86 67 53 0 29 84 54 78 69 5 87 45 31 57 79 73 73 68 51 73 23 63 60 65 39 67 82 59 93 44 61 48 54 58 96 24 90 77 82 5 58 99 66 41 48 39 32 73 80 49 60 53 51 78 46 89 73 17 45 29 74 55 31 57 90 34 62 82 13 80 
18 60 31 57 45 18 86 26 28 32 64 71 73 29 0 85 71 97 82 32 91 55 6 56 95 77 82 58 62 56 36 39 50 68 14 75 57 72 92 55 46 56 54 44 88 48 87 75 59 24 66 89 40 16 67 57 26 72 76 67 47 25 24 51 32 68 83 19 64 50 59 76 8 76 71 14 42 59 16 66 
86 54 55 65 78 70 5 59 78 82 67 18 58 84 85 0 49 59 38 88 11 42 79 29 49 15 27 36 39 52 61 69 39 20 76 26 80 38 8 44 49 37 31 47 26 71 11 10 74 82 31 36 80 77 55 56 59 12 12 52 46 89 80 87 55 65 27 94 56 65 46 60 77 54 58 72 60 71 84 41 
82 12 43 21 40 66 45 55 49 50 92 32 9 54 71 49 0 26 16 56 45 19 68 38 25 34 24 60 15 75 35 81 56 31 70 22 98 10 56 18 65 22 37 61 72 32 59 47 95 55 20 80 90 73 7 15 50 43 52 6 62 88 81 101 57 93 25 70 10 26 72 12 67 7 89 64 74 93 61 72 
108 37 69 43 62 91 54 80 73 74 114 48 24 78 97 59 26 0 22 79 51 44 94 60 10 46 32 80 39 97 60 105 78 48 96 36 122 29 64 43 88 46 59 84 85 54 70 61 118 79 39 94 115 99 30 40 75 58 67 30 85 114 107 125 82 114 32 94 33 49 93 23 92 21 109 90 98 116 86 91 
91 27 52 37 56 74 34 62 63 65 93 26 23 69 82 38 16 22 0 71 32 27 79 39 15 25 11 59 21 75 47 85 57 26 79 14 101 10 44 27 67 27 38 64 64 48 50 40 97 69 18 73 95 81 23 30 58 36 45 21 64 97 89 105 63 93 12 83 26 41 71 24 77 18 87 73 77 95 74 70 
50 44 37 37 18 43 88 42 10 6 90 71 55 5 32 88 56 79 71 0 91 48 35 61 81 77 76 73 54 78 27 67 64 68 43 70 86 62 97 47 66 52 58 63 100 25 94 81 87 9 61 104 70 45 50 41 37 77 84 51 65 57 55 82 50 93 76 17 47 31 79 56 34 59 95 38 66 86 16 85 
94 52 61 63 79 77 7 66 81 85 78 20 53 87 91 11 45 51 32 91 0 43 86 35 41 14 21 46 38 62 64 79 49 23 83 23 90 35 13 45 59 39 37 57 37 71 21 20 85 86 30 46 90 85 52 55 65 20 23 49 56 98 89 97 63 76 20 98 54 65 57 55 84 49 69 79 70 82 88 52 
64 15 25 24 37 47 40 36 39 42 74 24 26 45 55 42 19 44 27 48 43 0 52 22 41 29 28 42 7 57 22 61 37 21 52 22 79 17 50 2 46 5 20 42 60 30 50 37 76 44 13 67 71 55 20 16 32 32 41 18 43 70 62 82 38 75 29 58 19 24 54 29 50 26 71 46 54 74 48 55 
16 58 27 56 46 11 80 20 30 34 58 66 71 31 6 79 68 94 79 35 86 52 0 50 92 72 78 51 58 50 34 33 43 63 8 71 51 68 86 52 40 52 48 38 81 48 81 70 53 27 62 82 35 10 65 55 21 67 71 65 40 23 20 47 26 62 79 25 62 49 53 74 2 74 65 8 35 53 19 60 
59 37 26 45 54 42 30 31 51 55 54 17 47 57 56 29 38 60 39 61 35 22 50 0 54 23 33 21 24 37 34 48 18 15 48 26 63 31 37 24 28 17 3 25 40 48 33 20 59 54 20 46 58 49 41 37 30 17 23 39 25 63 54 67 28 55 33 65 41 43 34 49 49 45 51 43 39 56 55 34 
105 37 66 45 64 88 45 77 74 75 107 40 27 79 95 49 25 10 15 81 41 41 92 54 0 37 23 73 35 90 60 100 72 41 93 28 116 24 54 41 82 42 53 79 76 56 61 53 112 80 34 85 110 96 31 40 73 50 58 30 79 111 103 120 78 107 23 95 34 51 86 27 90 22 102 87 92 110 86 84 
82 39 47 50 65 65 12 53 67 70 72 6 43 73 77 15 34 46 25 77 14 29 72 23 37 0 14 38 25 55 50 70 39 9 71 12 83 24 22 31 49 25 25 47 39 58 26 16 78 71 16 48 80 72 40 41 52 13 21 38 46 86 77 89 51 71 14 84 41 51 50 45 71 39 65 66 61 75 74 47 
89 34 52 45 62 72 23 60 67 70 85 18 33 73 82 27 24 32 11 76 21 28 78 33 23 14 0 51 22 68 50 80 51 19 78 7 95 15 33 29 61 26 33 58 53 54 39 30 91 72 16 62 91 80 32 36 57 27 35 29 58 94 86 100 60 85 1 86 34 47 64 34 76 28 79 72 72 88 77 61 
54 57 36 65 70 40 39 33 63 68 34 34 68 68 58 36 60 80 59 73 46 42 51 21 73 38 51 0 45 17 49 34 9 33 46 45 45 52 41 45 14 38 23 14 30 66 33 26 40 64 41 32 45 46 62 57 37 26 24 60 12 56 47 51 26 34 51 72 62 62 12 71 50 66 29 44 25 37 63 13 
71 15 32 26 41 53 37 42 45 47 77 21 23 51 62 39 15 39 21 54 38 7 58 24 35 25 22 45 0 60 28 67 41 19 59 16 84 10 47 7 50 8 22 46 59 33 48 35 81 50 8 67 76 61 18 17 38 31 40 16 47 76 68 87 44 78 23 64 18 27 57 26 56 21 74 53 59 78 55 57 
47 71 44 77 79 38 55 36 68 74 17 51 83 73 56 52 75 97 75 78 62 57 50 37 90 55 68 17 60 0 58 22 20 50 42 62 28 68 56 59 12 53 38 16 39 76 47 43 23 69 58 36 32 42 77 71 42 43 40 75 14 47 39 36 28 18 68 73 76 73 6 86 49 82 17 43 15 20 65 14 
49 24 15 23 21 34 60 26 17 21 73 44 37 23 36 61 35 60 47 27 64 22 34 34 60 50 50 49 28 58 0 55 41 41 38 44 74 37 69 21 46 25 32 42 74 18 67 54 73 22 35 79 62 40 31 21 19 50 57 31 44 56 50 74 32 76 51 36 28 16 58 40 32 40 75 31 50 72 27 62 
26 73 40 77 73 24 73 29 59 64 25 64 87 63 39 69 81 105 85 67 79 61 33 48 100 70 80 34 67 22 55 0 31 62 25 73 20 76 75 63 21 59 47 23 61 72 67 60 20 58 67 59 11 23 80 72 35 59 58 79 24 25 17 20 24 29 81 58 78 71 28 90 33 87 34 29 9 20 52 36 
47 52 28 59 62 33 42 25 54 59 37 33 63 60 50 39 56 78 57 64 49 37 43 18 72 39 51 9 41 20 41 31 0 32 38 44 45 49 46 39 10 33 19 8 38 58 39 30 41 56 39 40 42 39 57 51 28 28 29 55 7 50 41 50 17 37 51 64 56 55 17 66 42 62 35 36 22 38 54 21 
73 34 38 45 58 56 19 44 59 62 67 3 40 65 68 20 31 48 26 68 23 21 63 15 41 9 19 33 19 50 41 62 32 0 62 12 76 22 29 24 42 17 16 39 41 51 29 16 72 63 11 49 73 63 36 36 43 12 21 34 39 77 69 81 42 66 19 75 37 45 45 43 62 37 61 57 53 69 65 43 
12 60 27 60 52 6 77 17 36 41 50 64 74 39 14 76 70 96 79 43 83 52 8 48 93 71 78 46 59 42 38 25 38 62 0 70 44 69 83 53 33 52 46 32 76 53 77 66 45 34 62 76 28 3 68 58 21 63 66 67 34 18 13 40 21 54 78 33 65 54 46 77 8 76 58 6 28 45 27 53 
82 29 44 40 57 65 23 53 61 63 79 12 31 67 75 26 22 36 14 70 23 22 71 26 28 12 7 45 16 62 44 73 44 12 70 0 88 12 33 23 54 19 26 51 51 49 37 26 84 66 9 60 84 72 29 32 50 23 32 26 51 87 78 93 52 79 8 79 31 42 58 33 69 27 73 65 65 81 70 56 
41 92 59 96 92 43 84 48 79 84 17 78 105 82 57 80 98 122 101 86 90 79 51 63 116 83 95 45 84 28 74 20 45 76 44 88 0 93 84 81 34 76 63 38 65 92 74 71 6 77 83 60 17 41 99 91 55 71 68 97 38 36 33 10 42 21 95 76 97 90 34 108 52 105 29 48 25 10 70 40 
81 18 42 29 47 64 35 53 53 55 86 23 19 59 72 38 10 29 10 62 35 17 68 31 24 24 15 52 10 68 37 76 49 22 69 12 93 0 46 17 59 17 30 55 62 39 49 37 89 59 11 70 86 71 17 21 48 33 42 14 56 87 79 97 54 86 16 73 19 32 65 21 66 16 81 63 69 87 64 64 
93 62 63 73 87 77 11 67 86 90 70 26 65 93 92 8 56 64 44 97 13 50 86 37 54 22 33 41 47 56 69 75 46 29 83 33 84 46 0 52 54 46 39 53 24 79 10 17 78 90 39 34 86 84 62 64 67 20 17 60 52 96 86 91 62 68 33 102 64 73 50 67 85 60 59 79 66 75 92 44 
65 13 26 22 35 48 42 37 38 40 76 26 24 44 55 44 18 43 27 47 45 2 52 24 41 31 29 45 7 59 21 63 39 24 53 23 81 17 52 0 48 7 22 44 62 27 52 39 78 43 15 69 72 55 18 13 32 34 43 16 45 71 63 83 39 77 30 57 17 21 56 27 50 24 74 47 56 76 47 57 
40 60 31 65 67 28 52 24 56 62 28 44 72 61 46 49 65 88 67 66 59 46 40 28 82 49 61 14 50 12 46 21 10 42 33 54 34 59 54 48 0 43 28 4 43 64 47 39 31 57 49 43 32 33 66 59 29 38 38 64 3 42 33 39 16 30 61 62 64 61 13 75 39 71 29 32 11 28 54 20 
64 20 25 29 41 47 36 35 42 46 70 20 30 48 56 37 22 46 27 52 39 5 52 17 42 25 26 38 8 53 25 59 33 17 52 19 76 17 46 7 43 0 15 39 55 34 45 32 73 47 11 62 69 54 24 20 31 27 36 22 40 69 61 79 36 71 27 60 24 28 50 33 50 29 67 46 52 71 50 51 
57 35 24 43 51 40 32 29 48 52 55 18 45 54 54 31 37 59 38 58 37 20 48 3 53 25 33 23 22 38 32 47 19 16 46 26 63 30 39 22 28 15 0 25 43 46 36 23 59 51 20 48 58 48 39 35 28 19 26 37 25 62 53 67 26 56 34 63 39 41 35 48 47 44 52 41 39 57 53 36 
40 56 27 61 63 27 50 21 53 58 32 41 68 58 44 47 61 84 64 63 57 42 38 25 79 47 58 14 46 16 42 23 8 39 32 51 38 55 53 44 4 39 25 0 44 60 46 38 34 54 45 45 34 32 62 55 26 36 37 60 2 42 33 42 13 34 58 60 61 57 16 71 37 68 33 30 14 32 51 23 
84 74 64 84 94 71 31 63 90 94 49 39 81 96 88 26 72 85 64 100 37 60 81 40 76 39 53 30 59 39 74 61 38 41 76 51 65 62 24 62 43 55 43 44 0 88 15 25 59 92 52 10 71 76 77 75 65 29 20 74 42 85 76 74 56 47 53 101 77 83 33 83 80 77 38 74 53 56 92 26 
64 21 33 12 8 50 69 44 21 20 91 53 30 24 48 71 32 54 48 25 71 30 48 48 56 58 54 66 33 76 18 72 58 51 53 49 92 39 79 27 64 34 46 60 88 0 79 66 91 26 41 94 79 56 26 18 37 61 70 27 62 71 66 91 50 93 55 41 22 7 75 31 46 34 93 47 68 89 34 79 
86 63 59 74 86 71 16 61 84 88 60 27 68 90 87 11 59 70 50 94 21 50 81 33 61 26 39 33 48 47 67 67 39 29 77 37 74 49 10 52 47 45 36 46 15 79 0 14 68 87 40 25 77 77 65 65 62 18 10 62 44 88 79 82 55 58 38 98 66 73 41 70 79 64 50 73 57 65 88 34 
76 50 47 60 72 60 13 50 71 75 58 15 56 77 75 10 47 61 40 81 20 37 70 20 53 16 30 26 35 43 54 60 30 16 66 26 71 37 17 39 39 32 23 38 25 66 14 0 65 74 28 33 71 67 52 52 50 5 5 50 36 79 70 78 45 57 30 85 53 60 37 59 68 53 50 62 51 62 75 33 
44 90 58 94 92 44 78 47 79 84 10 73 102 82 59 74 95 118 97 87 85 76 53 59 112 78 91 40 81 23 73 20 41 72 45 84 6 89 78 78 31 73 59 34 59 91 68 65 0 78 79 53 21 43 96 89 54 66 62 94 34 40 35 17 41 14 91 78 95 89 28 105 53 102 23 49 23 3 72 34 
42 43 29 37 21 34 82 33 6 8 81 66 55 5 24 82 55 79 69 9 86 44 27 54 80 71 72 64 50 69 22 58 56 63 34 66 77 59 90 43 57 47 51 54 92 26 87 74 78 0 57 96 62 37 49 40 28 70 77 50 56 49 46 74 41 84 73 15 46 30 70 57 26 58 86 29 57 77 9 76 
74 23 36 34 49 56 28 45 52 55 75 13 29 58 66 31 20 39 18 61 30 13 62 20 34 16 16 41 8 58 35 67 39 11 62 9 83 11 39 15 49 11 20 45 52 41 40 28 79 57 0 60 77 64 25 25 42 23 33 22 45 79 71 87 45 75 16 71 26 35 54 31 60 26 70 56 59 76 61 53 
83 82 67 91 100 71 41 65 94 99 43 48 89 99 89 36 80 94 73 104 46 67 82 46 85 48 62 32 67 36 79 59 40 49 76 60 60 70 34 69 43 62 48 45 10 94 25 33 53 96 60 0 68 76 85 82 68 37 28 82 42 83 74 69 57 40 62 104 85 89 31 92 81 86 31 75 51 50 94 23 
24 82 48 85 79 29 83 36 64 69 29 75 96 66 40 80 90 115 95 70 90 71 35 58 110 80 91 45 76 32 62 11 42 73 28 84 17 86 86 72 32 69 58 34 71 79 77 71 21 62 77 68 0 25 89 81 43 70 69 88 35 19 16 12 33 34 91 59 87 79 38 99 36 96 41 33 20 22 55 46 
10 63 29 63 55 8 79 19 39 44 48 66 77 41 16 77 73 99 81 45 85 55 10 49 96 72 80 46 61 42 40 23 39 63 3 72 41 71 84 55 33 54 48 32 76 56 77 67 43 37 64 76 25 0 70 61 23 65 67 70 34 15 10 37 22 52 80 35 68 57 45 79 11 79 56 9 27 43 29 53 
79 7 42 14 34 63 52 53 44 44 94 38 6 48 67 55 7 30 23 50 52 20 65 41 31 40 32 62 18 77 31 80 57 36 68 29 99 17 62 18 66 24 39 62 77 26 65 52 96 49 25 85 89 70 0 10 48 48 57 2 63 86 79 100 57 95 32 64 3 20 74 9 63 9 91 61 74 94 56 75 
70 3 32 9 26 54 53 44 34 35 87 38 16 39 57 56 15 40 30 41 55 16 55 37 40 41 36 57 17 71 21 72 51 36 58 32 91 21 64 13 59 20 35 55 75 18 65 52 89 40 25 82 81 61 10 0 38 47 56 10 56 76 70 92 48 88 37 55 7 11 68 19 53 19 86 52 66 87 46 70 
33 40 6 42 38 16 60 7 27 32 55 45 54 32 26 59 50 75 58 37 65 32 21 30 73 52 57 37 38 42 19 35 28 43 21 50 55 48 67 32 29 31 28 26 65 37 62 50 54 28 42 68 43 23 48 38 0 47 52 47 28 39 32 54 14 58 58 36 45 36 42 57 19 55 58 15 32 53 26 48 
74 46 43 56 68 58 14 47 67 71 60 11 52 73 72 12 43 58 36 77 20 32 67 17 50 13 27 26 31 43 50 59 28 12 63 23 71 33 20 34 38 27 19 36 29 61 18 5 66 70 23 37 70 65 48 47 47 0 9 45 35 77 68 77 43 59 27 82 49 55 38 54 65 49 52 59 50 63 72 34 
76 55 49 65 76 61 16 51 74 78 55 20 61 80 76 12 52 67 45 84 23 41 71 23 58 21 35 24 40 40 57 58 29 21 66 32 68 42 17 43 38 36 26 37 20 70 10 5 62 77 33 28 69 67 57 56 52 9 0 55 35 79 70 75 45 53 35 88 58 64 34 64 69 58 46 63 49 59 78 29 
79 7 41 16 35 62 49 52 44 45 92 35 8 49 67 52 6 30 21 51 49 18 65 39 30 38 29 60 16 75 31 79 55 34 67 26 97 14 60 16 64 22 37 60 74 27 62 50 94 50 22 82 88 70 2 10 47 45 55 0 61 85 78 99 55 93 30 65 5 21 72 11 63 9 89 61 72 92 56 73 
42 57 30 63 65 29 49 23 55 60 31 41 69 60 47 46 62 85 64 65 56 43 40 25 79 46 58 12 47 14 44 24 7 39 34 51 38 56 52 45 3 40 25 2 42 62 44 36 34 56 45 42 35 34 63 56 28 35 35 61 0 44 35 42 15 32 58 62 62 59 14 72 39 68 31 33 14 31 53 20 
7 78 45 78 68 23 91 34 52 57 48 80 92 53 25 89 88 114 97 57 98 70 23 63 111 86 94 56 76 47 56 25 50 77 18 87 36 87 96 71 42 69 62 42 85 71 88 79 40 49 79 83 19 15 86 76 39 77 79 85 44 0 9 29 35 52 95 43 83 72 52 95 24 94 59 24 32 41 41 60 
9 72 38 73 64 16 82 26 49 54 42 71 86 51 24 80 81 107 89 55 89 62 20 54 103 77 86 47 68 39 50 17 41 69 13 78 33 79 86 63 33 61 53 33 76 66 79 70 35 46 71 74 16 10 79 70 32 68 70 78 35 9 0 27 26 46 86 43 77 66 43 88 21 87 52 19 24 36 39 51 
34 94 60 96 91 41 90 48 76 81 27 83 107 78 51 87 101 125 105 82 97 82 47 67 120 89 100 51 87 36 74 20 50 81 40 93 10 97 91 83 39 79 67 42 74 91 82 78 17 74 87 69 12 37 100 92 54 77 75 99 42 29 27 0 44 31 100 71 99 90 42 110 48 107 40 45 28 20 66 49 
31 50 17 54 52 15 57 8 41 46 41 44 63 46 32 55 57 82 63 50 63 38 26 28 78 51 60 26 44 28 32 24 17 42 21 52 42 54 62 39 16 36 26 13 56 50 55 45 41 41 45 57 33 22 57 48 14 43 45 55 15 35 26 44 0 44 60 47 55 48 29 66 25 64 44 18 18 39 38 35 
55 89 61 95 96 51 69 51 84 90 4 67 101 89 68 65 93 114 93 93 76 75 62 55 107 71 85 34 78 18 76 29 37 66 54 79 21 86 68 77 30 71 56 34 47 93 58 57 14 84 75 40 34 52 95 88 58 59 53 93 32 52 46 31 44 0 85 86 94 91 21 104 61 100 9 56 27 12 79 25 
90 34 52 45 63 72 23 61 68 70 85 18 33 73 83 27 25 32 12 76 20 29 79 33 23 14 1 51 23 68 51 81 51 19 78 8 95 16 33 30 61 27 34 58 53 55 38 30 91 73 16 62 91 80 32 37 58 27 35 30 58 95 86 100 60 85 0 87 35 48 64 35 77 28 79 73 72 88 77 61 
36 58 39 52 34 35 94 39 20 21 83 78 69 17 19 94 70 94 83 17 98 58 25 65 95 84 86 72 64 73 36 58 64 75 33 79 76 73 102 57 62 60 63 60 101 41 98 85 78 15 71 104 59 35 64 55 36 82 88 65 62 43 43 71 47 86 87 0 61 45 76 71 25 73 89 30 60 78 10 82 
77 5 39 11 30 61 53 51 41 41 93 39 9 45 64 56 10 33 26 47 54 19 62 41 34 41 34 62 18 76 28 78 56 37 65 31 97 19 64 17 64 24 39 61 77 22 66 53 95 46 26 85 87 68 3 7 45 49 58 5 62 83 77 99 55 94 35 61 0 16 73 12 60 12 91 59 72 92 53 74 
65 14 31 7 15 50 63 42 25 25 89 47 24 29 50 65 26 49 41 31 65 24 49 43 51 51 47 62 27 73 16 71 55 45 54 42 90 32 73 21 61 28 41 57 83 7 73 60 89 30 35 89 79 57 20 11 36 55 64 21 59 72 66 90 48 91 48 45 16 0 72 26 48 28 89 48 66 87 38 75 
52 69 44 76 79 41 50 37 69 75 22 46 80 74 59 46 72 93 71 79 57 54 53 34 86 50 64 12 57 6 58 28 17 45 46 58 34 65 50 56 13 50 35 16 33 75 41 37 28 70 54 31 38 45 74 68 42 38 34 72 14 52 43 42 29 21 64 76 73 72 0 83 52 79 18 46 20 25 67 8 
88 16 51 20 39 72 56 62 51 51 103 44 3 55 76 60 12 23 24 56 55 29 74 49 27 45 34 71 26 86 40 90 66 43 77 33 108 21 67 27 75 33 48 71 83 31 70 59 105 57 31 92 99 79 9 19 57 54 64 11 72 95 88 110 66 104 35 71 12 26 83 0 72 6 100 70 83 103 64 83 
17 56 25 55 44 11 79 18 28 33 58 64 70 31 8 77 67 92 77 34 84 50 2 49 90 71 76 50 56 49 32 33 42 62 8 69 52 66 85 50 39 50 47 37 80 46 79 68 53 26 60 81 36 11 63 53 19 65 69 63 39 24 21 48 25 61 77 25 60 48 52 72 0 72 65 6 35 53 19 59 
88 16 49 23 42 71 50 61 53 53 99 38 5 57 76 54 7 21 18 59 49 26 74 45 22 39 28 66 21 82 40 87 62 37 76 27 105 16 60 24 71 29 44 68 77 34 64 53 102 58 26 86 96 79 9 19 55 49 58 9 68 94 87 107 64 100 28 73 12 28 79 6 72 0 96 70 80 100 65 79 
60 86 60 93 96 54 62 53 85 91 13 61 97 90 71 58 89 109 87 95 69 71 65 51 102 65 79 29 74 17 75 34 35 61 58 73 29 81 59 74 29 67 52 33 38 93 50 50 23 86 70 31 41 56 91 86 58 52 46 89 31 59 52 40 44 9 79 89 91 89 18 100 65 96 0 59 30 20 81 18 
18 54 21 54 46 5 73 13 31 36 53 59 68 34 14 72 64 90 73 38 79 46 8 43 87 66 72 44 53 43 31 29 36 57 6 65 48 63 79 47 32 46 41 30 74 47 73 62 49 29 56 75 33 9 61 52 15 59 63 61 33 24 19 45 18 56 73 30 59 48 46 70 6 70 59 0 29 48 23 53 
32 67 35 72 70 25 63 25 57 63 24 55 80 62 42 60 74 98 77 66 70 54 35 39 92 61 72 25 59 15 50 9 22 53 28 65 25 69 66 56 11 52 39 14 53 68 57 51 23 57 59 51 20 27 74 66 32 50 49 72 14 32 24 28 18 27 72 60 72 66 20 83 35 80 30 29 0 21 52 28 
45 88 56 93 91 44 75 46 78 83 7 70 100 82 59 71 93 116 95 86 82 74 53 56 110 75 88 37 78 20 72 20 38 69 45 81 10 87 75 76 28 71 57 32 56 89 65 62 3 77 76 50 22 43 94 87 53 63 59 92 31 41 36 20 39 12 88 78 92 87 25 103 53 100 20 48 21 0 71 31 
34 49 29 45 30 28 84 30 14 17 76 68 62 13 16 84 61 86 74 16 88 48 19 55 86 74 77 63 55 65 27 52 54 65 27 70 70 64 92 47 54 50 53 51 92 34 88 75 72 9 61 94 55 29 56 46 26 72 78 56 53 41 39 66 38 79 77 10 53 38 67 64 19 65 81 23 52 71 0 73 
60 70 48 78 83 49 45 43 75 80 26 44 80 80 66 41 72 91 70 85 52 55 60 34 84 47 61 13 57 14 62 36 21 43 53 56 40 64 44 57 20 51 36 23 26 79 34 33 34 76 53 23 46 53 75 70 48 34 29 73 20 60 51 49 35 25 61 82 74 75 8 83 59 79 18 53 28 31 73 0 
0 47 1814 1036 0 2166 75 606 363 127 393 80 69 22 32 10 1556 106 690 27 58 676 169 183 195 28 146 3000 46 0 19 37 211 340 146 0 113 2868 8 112 47 53 113 2363 8 1194 506 97 0 251 370 1620 70 31 792 597 18 1176 17 63 119 535 9 101 3000 102 1069 351 289 110 490 48 856 180 49 30 28 56 49 24 
47 0 62 135 0 0 441 43 682 88 1370 11 543 37 85 79 0 9 7 438 1447 37 853 30 489 8 3000 11 34 0 705 132 287 147 29 0 13 13 656 31 807 32 35 2692 30 797 113 18 0 7 2229 57 14 9 159 98 78 8 3000 64 36 592 656 17 18 22 3000 396 777 65 8 14 159 8 32 67 13 126 9 393 
1814 62 0 84 0 0 18 0 59 0 0 115 7 3000 963 225 0 339 9 58 0 24 0 0 0 163 432 55 730 0 76 0 0 63 164 0 0 52 56 0 0 0 830 0 0 234 0 165 0 0 0 23 23 43 0 161 0 397 354 0 0 17 96 80 0 301 63 0 3000 1803 878 295 0 174 435 642 0 9 18 0 
1036 135 84 0 0 0 25 972 66 0 0 3000 37 404 62 10 0 340 0 0 31 11 242 0 0 0 143 0 635 0 196 135 188 19 1090 0 100 237 1209 0 16 15 9 338 80 124 28 46 0 3000 707 0 0 28 292 34 295 18 0 0 75 736 14 48 0 154 19 16 120 112 14 126 1722 127 1926 0 357 16 0 0 
0 0 0 0 0 16 2938 1628 28 283 267 0 10 14 0 2623 0 0 0 0 131 12 260 65 28 0 62 0 0 175 0 289 525 34 0 39 11 0 21 57 43 127 0 24 20 168 122 304 63 52 392 0 0 9 127 0 111 0 0 402 97 0 39 0 130 180 0 68 21 0 287 0 1893 175 0 0 76 0 812 264 
2166 0 0 0 16 0 19 0 842 375 66 498 1657 16 0 0 25 0 11 96 193 58 0 2512 149 184 13 54 0 3000 0 0 3000 463 163 88 0 52 35 154 505 0 23 22 0 0 51 19 91 19 0 11 364 247 14 0 1724 0 1750 370 2588 0 49 0 8 38 0 0 0 0 122 20 0 920 3000 120 69 0 254 1407 
75 441 18 25 2938 19 0 18 424 10 992 10 174 68 166 1928 17 44 253 856 176 106 130 27 52 43 9 1022 64 11 36 46 268 118 98 13 20 528 49 182 12 158 30 91 208 15 1141 166 42 3000 222 242 178 412 41 62 46 266 39 10 36 146 39 24 55 54 73 37 91 98 185 257 51 68 38 33 41 158 16 147 
606 43 0 972 1628 0 18 0 946 3000 27 9 14 1024 395 11 0 156 0 0 10 63 455 44 547 0 24 331 569 12 0 63 20 364 1468 2855 21 14 28 146 311 8 22 57 57 19 51 127 577 55 144 12 0 8 1936 0 132 22 0 32 149 2956 55 3000 297 16 7 88 12 0 25 112 54 50 195 0 17 15 91 0 
363 682 59 66 28 842 424 946 0 1516 325 17 75 121 29 3000 15 21 12 55 2355 355 695 65 9 128 272 130 41 11 19 20 2051 695 308 120 21 207 868 1835 59 108 260 11 20 95 32 588 39 58 306 609 55 226 32 107 219 77 2573 17 61 1706 28 272 517 2368 19 242 74 16 191 16 53 91 1981 2178 15 10 594 54 
127 88 0 0 283 375 10 3000 1516 0 10 235 291 14 8 77 3000 0 69 23 121 26 127 16 295 393 9 1349 376 200 0 10 64 144 59 20 0 32 17 8 998 0 136 15 0 1321 133 11 1052 1162 252 1357 271 57 1134 0 9 0 3000 2231 135 0 72 0 31 3000 162 0 88 0 76 292 0 31 82 79 16 0 395 404 
393 1370 0 0 267 66 992 27 325 10 0 20 158 42 1267 70 179 0 3000 18 436 545 0 7 774 151 2986 253 43 139 0 7 10 9 63 260 0 384 161 31 202 0 1692 66 0 376 65 398 8 455 538 76 1177 661 26 0 35 0 219 273 1212 0 95 0 73 39 42 0 104 0 841 29 0 25 525 41 116 0 783 147 
80 11 115 3000 0 498 10 9 17 235 20 0 326 131 18 28 291 1654 3000 10 78 28 79 353 42 37 186 20 8 45 31 158 243 9 52 0 0 8 91 9 22 1218 92 13 0 183 1303 18 993 219 157 184 22 44 369 7 41 1922 220 176 161 1896 1893 1205 351 38 42 0 11 1939 9 94 0 53 297 149 42 9 64 371 
69 543 7 37 10 1657 174 14 75 291 158 326 0 16 48 345 458 31 68 8 18 215 27 214 31 263 657 63 8 2415 54 491 155 186 48 0 105 105 2154 422 477 92 18 58 406 9 599 1940 148 47 140 11 13 9 208 135 91 406 459 258 47 23 40 48 48 1013 7 9 20 1118 190 8 40 256 212 89 612 8 23 8 
22 37 3000 404 14 16 68 1024 121 14 42 131 16 0 23 58 854 22 12 41 19 724 297 1359 418 83 3000 25 256 12 63 250 3000 11 3000 935 18 29 38 205 2519 17 180 15 3000 29 613 98 527 289 875 31 119 86 1406 104 1037 12 45 17 357 1246 249 12 101 297 235 131 74 992 1543 57 445 16 2376 88 9 82 12 30 
32 85 963 62 0 0 166 395 29 8 1267 18 48 23 0 899 0 66 12 55 58 90 100 14 795 39 92 2811 104 0 23 261 617 117 129 0 309 20 106 61 206 12 35 465 27 20 1574 428 0 0 79 122 28 138 3000 221 0 235 44 13 18 191 188 72 181 18 67 307 388 164 50 12 241 49 37 27 1970 3000 46 17 
10 79 225 10 2623 0 1928 11 3000 77 70 28 345 58 899 0 0 180 105 0 1109 20 11 31 519 460 32 2460 52 0 385 33 326 19 49 0 65 3000 2595 26 2030 46 364 324 56 446 173 891 0 7 514 49 139 12 35 106 17 108 349 10 65 93 1649 262 432 1026 143 101 1280 25 1749 1267 52 69 3000 0 1529 7 190 0 
1556 0 0 0 0 25 17 0 15 3000 179 291 458 854 0 0 0 0 74 392 109 59 0 332 1419 253 0 234 0 209 0 0 0 0 757 0 0 1602 84 46 0 0 14 188 0 0 539 0 198 1372 0 31 53 60 375 0 843 0 15 53 0 0 729 0 1084 27 0 0 0 0 360 137 0 75 0 61 0 0 288 93 
106 9 339 340 0 0 44 156 21 0 0 1654 31 22 66 180 0 0 0 0 73 51 20 0 0 0 40 2511 30 0 126 16 563 634 18 0 15 1432 1257 0 70 130 61 286 886 62 415 668 0 0 20 564 0 36 266 98 8 1105 11 34 2048 130 159 15 0 92 530 30 362 266 44 410 608 233 40 0 782 1018 251 0 
690 7 9 0 0 11 253 0 12 69 3000 3000 68 12 12 105 74 0 0 393 81 575 0 770 106 730 69 287 1070 2182 49 0 44 128 14 0 0 3000 43 464 116 0 19 277 0 810 20 10 361 20 14 108 14 90 13 32 460 89 11 150 244 707 65 596 44 166 8 0 31 1205 129 58 0 61 39 12 1475 24 132 387 
27 438 58 0 0 96 856 0 55 23 18 10 8 41 55 0 392 0 393 0 28 470 0 22 1807 12 24 2717 15 0 0 0 0 0 35 0 0 307 7 185 0 0 17 2834 0 0 135 141 136 0 0 27 47 173 18 721 0 60 12 113 0 0 62 0 14 19 243 0 0 7 19 242 0 142 569 109 0 11 17 1912 
58 1447 0 31 131 193 176 10 2355 121 436 78 18 19 58 1109 109 73 81 28 0 206 11 527 265 979 562 78 20 8 9 151 51 10 445 56 46 1379 388 676 622 27 278 178 502 40 310 327 42 22 61 26 3000 265 8 0 91 956 8 156 11 118 337 256 37 162 17 46 12 32 332 130 1312 308 79 18 37 124 26 132 
676 37 24 11 12 58 106 63 355 26 545 28 215 724 90 20 59 51 575 470 206 0 791 511 3000 11 173 35 397 535 105 139 1268 654 1944 108 1060 93 21 21 121 72 614 1105 40 2612 453 126 50 1332 277 58 550 458 9 3000 276 466 49 85 207 13 2721 9 39 435 28 358 9 274 9 274 156 36 275 42 20 538 46 22 
169 853 0 242 260 0 130 455 695 127 0 79 27 297 100 11 0 20 0 0 11 791 0 43 93 0 51 0 7 350 0 11 481 12 84 322 783 1603 51 76 536 2916 29 30 337 35 40 180 0 1598 139 0 0 484 39 0 192 51 0 61 36 1908 531 17 57 163 15 148 83 0 553 0 7 55 61 0 908 80 928 0 
183 30 0 0 65 2512 27 44 65 16 7 353 214 1359 14 31 332 0 770 22 527 511 43 0 431 154 511 40 0 85 0 10 420 10 238 10 0 243 895 64 241 0 128 74 0 19 400 67 23 228 14 62 160 307 302 0 20 0 2174 21 46 0 1557 0 363 509 741 0 11 0 509 57 353 71 45 236 28 0 273 49 
195 489 0 0 28 149 52 547 9 295 774 42 31 418 795 519 1419 0 106 1807 265 3000 93 431 0 191 28 3000 106 51 0 71 186 9 38 16 665 187 3000 42 451 53 101 276 134 37 369 11 367 45 174 334 147 202 74 0 74 0 20 146 14 0 297 0 3000 84 34 378 17 0 746 63 1598 3000 130 1281 1157 0 769 27 
28 8 163 0 0 184 43 0 128 393 151 37 263 83 39 460 253 0 730 12 979 11 0 154 191 0 82 8 3000 0 268 0 0 16 176 0 0 45 402 339 0 0 1023 34 0 0 17 1276 79 0 0 44 961 19 24 195 131 62 95 1568 0 221 17 3000 154 280 2514 0 428 106 2377 2267 0 64 41 1627 9 527 12 11 
146 3000 432 143 62 13 9 24 272 9 2986 186 657 3000 92 32 0 40 69 24 562 173 51 511 28 82 0 7 9 2200 36 1111 24 23 164 1358 28 616 23 482 193 3000 12 796 25 907 36 8 190 28 156 109 339 342 139 1320 3000 16 148 36 38 167 186 13 213 205 1124 65 176 356 117 1074 149 14 48 91 65 9 12 25 
3000 11 55 0 0 54 1022 331 130 1349 253 20 63 25 2811 2460 234 2511 287 2717 78 35 0 40 3000 8 7 0 62 0 105 0 2307 578 97 0 0 767 331 514 27 0 73 1317 0 13 95 146 2781 56 105 79 61 133 36 27 16 782 476 29 23 101 198 1264 16 2489 758 0 126 2514 12 11 0 7 391 71 140 70 27 8 
46 34 730 635 0 0 64 569 41 376 43 8 8 256 104 52 0 30 1070 15 20 397 7 0 106 3000 9 62 0 0 11 23 655 237 8 0 1057 152 3000 0 200 15 36 118 23 43 0 86 0 0 2093 223 10 23 63 96 0 317 244 92 0 421 22 11 185 154 104 7 50 984 452 100 100 124 255 55 200 40 28 515 
0 0 0 0 175 3000 11 12 11 200 139 45 2415 12 0 0 209 0 2182 0 8 535 350 85 51 0 2200 0 0 0 0 88 31 55 0 103 0 0 69 215 55 803 46 44 16 353 1130 13 22 202 3000 9 12 23 8 0 348 0 0 268 159 0 195 0 237 46 0 427 322 0 255 0 3000 221 0 0 1248 0 2449 249 
19 705 76 196 0 0 36 0 19 0 0 31 54 63 23 385 0 126 49 0 9 105 0 0 0 268 36 105 11 0 0 0 0 12 38 0 672 125 124 0 0 115 2298 0 0 13 0 117 0 0 0 182 236 361 0 2208 0 42 82 0 0 420 3000 359 0 175 93 0 123 1176 131 11 0 664 183 0 14 112 81 0 
37 132 0 135 289 0 46 63 20 10 7 158 491 250 261 33 0 16 0 0 151 139 11 10 71 0 1111 0 23 88 0 0 3000 20 11 133 77 0 426 69 63 33 477 1320 173 82 209 106 2705 72 12 63 0 12 210 0 1025 0 0 161 166 31 162 9 171 498 21 183 20 0 354 0 78 57 416 0 30 0 10 0 
211 287 0 188 525 3000 268 20 2051 64 10 243 155 3000 617 326 0 563 44 0 51 1268 481 420 186 0 24 2307 655 31 0 3000 0 24 155 483 291 18 8 12 1288 368 79 712 16 37 150 3000 284 521 65 75 47 11 1258 0 1417 0 0 38 17 528 122 0 344 479 62 47 58 0 31 229 299 43 63 0 21 0 126 52 
340 147 63 19 34 463 118 364 695 144 9 9 186 11 117 19 0 634 128 0 10 654 12 10 9 16 23 578 237 55 12 20 24 0 14 16 432 77 395 2221 313 116 64 18 424 73 24 130 117 929 34 29 105 199 109 98 149 14 21 76 364 12 442 458 260 205 84 9 36 90 12 1093 226 172 1240 40 494 236 20 905 
146 29 164 1090 0 163 98 1468 308 59 63 52 48 3000 129 49 757 18 14 35 445 1944 84 238 38 176 164 97 8 0 38 11 155 14 0 0 80 73 93 269 3000 1477 637 2401 8 2775 75 588 18 670 730 207 101 2105 169 385 54 225 55 1835 113 39 51 40 26 761 65 71 99 100 13 96 428 9 1668 10 19 1671 221 12 
0 0 0 0 39 88 13 2855 120 20 260 0 0 935 0 0 0 0 0 0 56 108 322 10 16 0 1358 0 0 103 0 133 483 16 0 0 1592 0 777 749 48 163 0 73 40 54 93 19 1724 42 275 0 0 0 10 0 184 0 0 1778 35 0 0 0 87 0 0 22 23 0 2659 0 72 952 0 0 217 0 29 0 
113 13 0 100 11 0 20 21 21 0 0 0 105 18 309 65 0 15 0 0 46 1060 783 0 665 0 28 0 1057 0 672 77 291 432 80 1592 0 58 112 1509 169 32 0 3000 79 52 7 168 0 30 24 0 0 23 703 0 32 24 0 13 979 742 17 7 0 21 28 83 593 240 16 0 211 30 24 0 745 23 0 0 
2868 13 52 237 0 52 528 14 207 32 384 8 105 29 20 3000 1602 1432 3000 307 1379 93 1603 243 187 45 616 767 152 0 125 0 18 77 73 0 58 0 1313 227 134 446 418 10 362 20 53 555 0 0 1137 9 73 9 245 57 0 226 772 2618 0 140 22 100 279 44 375 0 248 47 449 275 0 2322 53 478 242 312 328 48 
8 656 56 1209 21 35 49 28 868 17 161 91 2154 38 106 2595 84 1257 43 7 388 21 51 895 3000 402 23 331 3000 69 124 426 8 395 93 777 112 1313 0 46 411 38 1424 15 43 397 94 371 441 580 417 267 93 196 10 11 277 41 1548 52 10 131 504 279 58 76 46 350 101 3000 26 34 234 162 778 3000 3000 8 40 24 
112 31 0 0 57 154 182 146 1835 8 31 9 422 205 61 26 46 0 464 185 676 21 76 64 42 339 482 514 0 215 0 69 12 2221 269 749 1509 227 46 0 91 17 10 30 75 767 44 1002 19 53 12 212 90 31 26 0 52 0 12 386 18 0 3000 0 720 137 263 340 462 0 140 68 179 45 841 24 148 0 158 989 
47 807 0 16 43 505 12 311 59 998 202 22 477 2519 206 2030 0 70 116 0 622 121 536 241 451 0 193 27 200 55 0 63 1288 313 3000 48 169 134 411 91 0 13 11 16 1208 62 27 21 22 171 1385 18 17 59 106 0 84 0 0 96 12 1955 1206 278 120 48 110 37 560 0 99 25 50 18 14 0 1286 0 3000 62 
53 32 0 15 127 0 158 8 108 0 0 1218 92 17 12 46 0 130 0 0 27 72 2916 0 53 0 3000 0 15 803 115 33 368 116 1477 163 32 446 38 17 13 0 212 24 55 59 12 101 0 325 119 0 0 420 153 0 245 578 0 1515 34 875 11 96 296 3000 849 386 1704 1589 190 0 105 15 204 0 112 140 28 0 
113 35 830 9 0 23 30 22 260 136 1692 92 18 180 35 364 14 61 19 17 278 614 29 128 101 1023 12 73 36 46 2298 477 79 64 637 0 0 418 1424 10 11 212 0 15 0 311 386 1075 69 424 20 129 1075 195 223 96 348 1003 22 184 111 59 92 11 93 11 30 0 32 1690 91 465 0 142 16 373 17 55 827 37 
2363 2692 0 338 24 22 91 57 11 15 66 13 58 15 465 324 188 286 277 2834 178 1105 30 74 276 34 796 1317 118 44 0 1320 712 18 2401 73 3000 10 15 30 16 24 15 0 189 1785 35 991 2056 13 1446 44 7 312 33 0 90 53 17 538 141 72 18 25 12 354 3000 142 1631 0 8 176 59 46 147 36 51 440 265 14 
8 30 0 80 20 0 208 57 20 0 0 0 406 3000 27 56 0 886 0 0 502 40 337 0 134 0 25 0 23 16 0 173 16 424 8 40 79 362 43 75 1208 55 0 189 0 1029 352 30 0 503 229 0 0 2720 300 0 361 281 0 16 50 9 145 503 0 67 168 73 349 0 18 0 41 205 389 0 23 583 0 0 
1194 797 234 124 168 0 15 19 95 1321 376 183 9 29 20 446 0 62 810 0 40 2612 35 19 37 0 907 13 43 353 13 82 37 73 2775 54 52 20 397 767 62 59 311 1785 1029 0 8 109 602 8 416 434 0 63 94 0 1007 528 0 10 882 2481 682 1459 1554 31 30 445 40 48 31 227 101 86 23 0 707 185 1270 0 
506 113 0 28 122 51 1141 51 32 133 65 1303 599 613 1574 173 539 415 20 135 310 453 40 400 369 17 36 95 0 1130 0 209 150 24 75 93 7 53 94 44 27 12 386 35 352 8 0 101 7 79 111 824 247 228 123 0 725 0 889 10 29 0 124 0 1858 544 441 134 14 0 31 2737 33 107 532 30 96 0 117 599 
97 18 165 46 304 19 166 127 588 11 398 18 1940 98 428 891 0 668 10 141 327 126 180 67 11 1276 8 146 86 13 117 106 3000 130 588 19 168 555 371 1002 21 101 1075 991 30 109 101 0 368 148 19 554 14 121 3000 1650 151 27 60 202 83 90 25 26 9 9 170 102 678 717 8 1147 54 265 282 566 105 1460 316 89 
0 0 0 0 63 91 42 577 39 1052 8 993 148 527 0 0 198 0 361 136 42 50 0 23 367 79 190 2781 0 22 0 2705 284 117 18 1724 0 0 441 19 22 0 69 2056 0 602 7 368 0 252 101 15 22 462 341 0 1894 0 0 24 59 0 53 0 37 173 0 0 45 0 252 0 0 2227 0 75 22 0 42 24 
251 7 0 3000 52 19 3000 55 58 1162 455 219 47 289 0 7 1372 0 20 0 22 1332 1598 228 45 0 28 56 0 202 0 72 521 929 670 42 30 0 580 53 171 325 424 13 503 8 79 148 252 0 75 129 201 122 11 0 10 0 0 279 12 0 218 0 174 1237 0 150 1889 0 228 0 49 102 141 0 77 0 8 3000 
370 2229 0 707 392 0 222 144 306 252 538 157 140 875 79 514 0 20 14 0 61 277 139 14 174 0 156 105 2093 3000 0 12 65 34 730 275 24 1137 417 12 1385 119 20 1446 229 416 111 19 101 75 0 422 295 847 62 0 726 249 0 15 78 23 25 54 63 3000 22 32 562 0 70 801 30 11 719 0 58 231 807 0 
1620 57 23 0 0 11 242 12 609 1357 76 184 11 31 122 49 31 564 108 27 26 58 0 62 334 44 109 79 223 9 182 63 75 29 207 0 0 9 267 212 18 0 129 44 0 434 824 554 15 129 422 0 15 172 197 142 3000 747 16 26 21 13 69 2784 173 49 505 0 45 684 10 138 0 503 39 9 13 140 22 256 
70 14 23 0 0 364 178 0 55 271 1177 22 13 119 28 139 53 0 14 47 3000 550 0 160 147 961 339 61 10 12 236 0 47 105 101 0 0 73 93 90 17 0 1075 7 0 0 247 14 22 201 295 15 0 350 73 52 16 381 25 610 32 0 493 1019 345 48 53 0 23 143 53 10 0 30 52 988 217 1324 7 1053 
31 9 43 28 9 247 412 8 226 57 661 44 9 86 138 12 60 36 90 173 265 458 484 307 202 19 342 133 23 23 361 12 11 199 2105 0 23 9 196 31 59 420 195 312 2720 63 228 121 462 122 847 172 350 0 37 95 3000 8 275 311 102 131 180 392 1187 3000 549 311 356 64 11 1359 19 1196 135 302 120 369 160 1075 
792 159 0 292 127 14 41 1936 32 1134 26 369 208 1406 3000 35 375 266 13 18 8 9 39 302 74 24 139 36 63 8 0 210 1258 109 169 10 703 245 10 26 106 153 223 33 300 94 123 3000 341 11 62 197 73 37 0 0 159 142 672 360 239 183 16 55 3000 151 12 260 72 0 11 20 90 854 412 62 354 115 2566 313 
597 98 161 34 0 0 62 0 107 0 0 7 135 104 221 106 0 98 32 721 0 3000 0 0 0 195 1320 27 96 0 2208 0 0 98 385 0 0 57 11 0 0 0 96 0 0 0 0 1650 0 0 0 142 52 95 0 0 0 848 465 0 0 187 72 13 0 1187 702 0 10 79 143 237 0 28 12 91 0 223 104 0 
18 78 0 295 111 1724 46 132 219 9 35 41 91 1037 0 17 843 8 460 0 91 276 192 20 74 131 3000 16 0 348 0 1025 1417 149 54 184 32 0 277 52 84 245 348 90 361 1007 725 151 1894 10 726 3000 16 3000 159 0 0 0 1379 1223 144 0 14 0 60 465 0 45 12 0 15 168 21 30 10 0 8 0 1321 3000 
1176 8 397 18 0 0 266 22 77 0 0 1922 406 12 235 108 0 1105 89 60 956 466 51 0 0 62 16 782 317 0 42 0 0 14 225 0 24 226 41 0 0 578 1003 53 281 528 0 27 0 0 249 747 381 8 142 848 0 0 18 0 0 42 96 76 0 9 35 0 372 61 254 73 0 21 37 8 1372 62 191 0 
17 3000 354 0 0 1750 39 0 2573 3000 219 220 459 45 44 349 15 11 11 12 8 49 0 2174 20 95 148 476 244 0 82 0 0 21 55 0 0 772 1548 12 0 0 22 17 0 0 889 60 0 0 0 16 25 275 672 465 1379 18 0 24 0 361 47 40 380 627 140 0 33 2577 23 24 0 1806 482 44 19 39 2703 9 
63 64 0 0 402 370 10 32 17 2231 273 176 258 17 13 10 53 34 150 113 156 85 61 21 146 1568 36 29 92 268 0 161 38 76 1835 1778 13 2618 52 386 96 1515 184 538 16 10 10 202 24 279 15 26 610 311 360 0 1223 0 24 0 40 0 132 0 966 270 665 12 454 0 146 1022 52 523 38 23 1285 0 46 74 
119 36 0 75 97 2588 36 149 61 135 1212 161 47 357 18 65 0 2048 244 0 11 207 36 46 14 0 38 23 0 159 0 166 17 364 113 35 979 0 10 18 12 34 111 141 50 882 29 83 59 12 78 21 32 102 239 0 144 0 0 40 0 29 135 0 733 25 763 205 178 0 216 0 12 341 54 0 564 0 19 92 
535 592 17 736 0 0 146 2956 1706 0 0 1896 23 1246 191 93 0 130 707 0 118 13 1908 0 0 221 167 101 421 0 420 31 528 12 39 0 742 140 131 0 1955 875 59 72 9 2481 0 90 0 0 23 13 0 131 183 187 0 42 361 0 29 0 48 105 0 1815 142 1216 25 80 537 107 33 465 74 0 42 110 24 0 
9 656 96 14 39 49 39 55 28 72 95 1893 40 249 188 1649 729 159 65 62 337 2721 531 1557 297 17 186 198 22 195 3000 162 122 442 51 0 17 22 504 3000 1206 11 92 18 145 682 124 25 53 218 25 69 493 180 16 72 14 96 47 132 135 48 0 52 12 1336 108 3000 13 92 278 1737 23 152 33 574 11 419 23 2503 
101 17 80 48 0 0 24 3000 272 0 0 1205 48 12 72 262 0 15 596 0 256 9 17 0 0 3000 13 1264 11 0 359 9 0 458 40 0 7 100 279 0 278 96 11 25 503 1459 0 26 0 0 54 2784 1019 392 55 13 0 76 40 0 0 105 52 0 0 24 318 289 15 10 1684 303 333 55 137 0 17 558 35 0 
3000 18 0 0 130 8 55 297 517 31 73 351 48 101 181 432 1084 0 44 14 37 39 57 363 3000 154 213 16 185 237 0 171 344 260 26 87 0 279 58 720 120 296 93 12 0 1554 1858 9 37 174 63 173 345 1187 3000 0 60 0 380 966 733 0 12 0 0 18 18 545 55 0 231 94 845 8 137 142 423 0 83 880 
102 22 301 154 180 38 54 16 2368 3000 39 38 1013 297 18 1026 27 92 166 19 162 435 163 509 84 280 205 2489 154 46 175 498 479 205 761 0 21 44 76 137 48 3000 11 354 67 31 544 9 173 1237 3000 49 48 3000 151 1187 465 9 627 270 25 1815 1336 24 18 0 166 318 46 54 13 80 13 50 13 18 298 269 349 196 
1069 3000 63 19 0 0 73 7 19 162 42 42 7 235 67 143 0 530 8 243 17 28 15 741 34 2514 1124 758 104 0 93 21 62 84 65 0 28 375 46 263 110 849 30 3000 168 30 441 170 0 0 22 505 53 549 12 702 0 35 140 665 763 142 108 318 18 166 0 230 3000 16 59 260 110 2371 1839 77 53 644 18 28 
351 396 0 16 68 0 37 88 242 0 0 0 9 131 307 101 0 30 0 0 46 358 148 0 378 0 65 0 7 427 0 183 47 9 71 22 83 0 350 340 37 386 0 142 73 445 134 102 0 150 32 0 0 311 260 0 45 0 0 12 205 1216 3000 289 545 318 230 0 173 0 1012 0 143 3000 91 0 27 0 0 0 
289 777 3000 120 21 0 91 12 74 88 104 11 20 74 388 1280 0 362 31 0 12 9 83 11 17 428 176 126 50 322 123 20 58 36 99 23 593 248 101 462 560 1704 32 1631 349 40 14 678 45 1889 562 45 23 356 72 10 12 372 33 454 178 25 13 15 55 46 3000 173 0 386 29 8 436 234 39 0 30 3000 18 348 
110 65 1803 112 0 0 98 0 16 0 0 1939 1118 992 164 25 0 266 1205 7 32 274 0 0 0 106 356 2514 984 0 1176 0 0 90 100 0 240 47 3000 0 0 1589 1690 0 0 48 0 717 0 0 0 684 143 64 0 79 0 61 2577 0 0 80 92 10 0 54 16 0 386 0 479 13 0 156 97 599 67 221 7 0 
490 8 878 14 287 122 185 25 191 76 841 9 190 1543 50 1749 360 44 129 19 332 9 553 509 746 2377 117 12 452 255 131 354 31 12 13 2659 16 449 26 140 99 190 91 8 18 31 31 8 252 228 70 10 53 11 11 143 15 254 23 146 216 537 278 1684 231 13 59 1012 29 479 0 355 694 3000 634 128 55 147 14 287 
48 14 295 126 0 20 257 112 16 292 29 94 8 57 12 1267 137 410 58 242 130 274 0 57 63 2267 1074 11 100 0 11 0 229 1093 96 0 0 275 34 68 25 0 465 176 0 227 2737 1147 0 0 801 138 10 1359 20 237 168 73 24 1022 0 107 1737 303 94 80 260 0 8 13 355 0 0 126 900 3000 171 20 10 25 
856 159 0 1722 1893 0 51 54 53 0 0 0 40 445 241 52 0 608 0 0 1312 156 7 353 1598 0 149 0 100 3000 0 78 299 226 428 72 211 0 234 179 50 105 0 59 41 101 33 54 0 49 30 0 0 19 90 0 21 0 0 52 12 33 23 333 845 13 110 143 436 0 694 0 0 9 25 0 21 0 0 0 
180 8 174 127 175 920 68 50 91 31 25 53 256 16 49 69 75 233 61 142 308 36 55 71 3000 64 14 7 124 221 664 57 43 172 9 952 30 2322 162 45 18 15 142 46 205 86 107 265 2227 102 11 503 30 1196 854 28 30 21 1806 523 341 465 152 55 8 50 2371 3000 234 156 3000 126 9 0 288 140 773 47 647 985 
49 32 435 1926 0 3000 38 195 1981 82 525 297 212 2376 37 3000 0 40 39 569 79 275 61 45 130 41 48 391 255 0 183 416 63 1240 1668 0 24 53 778 841 14 204 16 147 389 23 532 282 0 141 719 39 52 135 412 12 10 37 482 38 54 74 33 137 137 13 1839 91 39 97 634 900 25 288 0 568 361 31 11 38 
30 67 642 0 0 120 33 0 2178 79 41 149 89 88 27 0 61 0 12 109 18 42 0 236 1281 1627 91 71 55 0 0 0 0 40 10 0 0 478 3000 24 0 0 373 36 0 0 30 566 75 0 0 9 988 302 62 91 0 8 44 23 0 0 574 0 142 18 77 0 0 599 128 3000 0 140 568 0 64 668 1359 1243 
28 13 0 357 76 69 41 17 15 16 116 42 612 9 1970 1529 0 782 1475 0 37 20 908 28 1157 9 65 140 200 1248 14 30 21 494 19 217 745 242 3000 148 1286 112 17 51 23 707 96 105 22 77 58 13 217 120 354 0 8 1372 19 1285 564 42 11 17 423 298 53 27 30 67 55 171 21 773 361 64 0 22 421 241 
56 126 9 16 0 0 158 15 10 0 0 9 8 82 3000 7 0 1018 24 11 124 538 80 0 0 527 9 70 40 0 112 0 0 236 1671 0 23 312 8 0 0 140 55 440 583 185 0 1460 0 0 231 140 1324 369 115 223 0 62 39 0 0 110 419 558 0 269 644 0 3000 221 147 20 0 47 31 668 22 0 378 0 
