80
0 67 60 45 6 59 21 17 15 54 41 16 20 79 33 57 54 60 90 62 9 6 23 78 79 59 93 54 64 74 60 85 54 69 62 46 63 18 18 80 37 55 60 59 35 21 65 30 88 60 38 87 39 97 49 99 10 40 77 12 70 55 54 72 73 81 94 44 37 63 62 58 64 15 62 6 28 27 34 72 
67 0 59 54 70 17 47 59 54 63 75 59 55 30 37 20 58 24 30 27 61 64 44 44 24 12 58 24 6 12 20 18 62 39 45 47 32 68 54 13 36 49 66 37 55 48 40 70 27 46 83 21 49 30 76 60 58 38 16 55 32 28 13 35 5 63 36 55 35 12 47 12 43 75 16 70 64 41 44 26 
60 59 0 85 58 42 52 68 60 9 32 67 67 88 59 68 94 74 59 77 51 54 54 30 48 48 38 69 62 71 39 67 8 25 91 18 82 46 44 68 63 89 8 82 25 57 22 37 85 13 44 66 78 73 27 46 51 69 75 53 33 31 55 31 61 22 95 17 36 47 91 60 90 55 68 66 35 55 31 82 
45 54 85 0 50 58 35 27 31 83 79 28 25 47 26 34 10 32 84 31 46 47 33 88 76 53 104 30 48 53 61 70 82 80 21 68 29 59 47 63 23 12 89 22 64 30 77 69 61 78 81 74 8 82 86 108 44 17 54 40 76 62 43 79 59 100 62 71 49 58 19 42 24 60 40 42 65 31 55 41 
6 70 58 50 0 61 24 23 21 52 36 22 26 84 37 61 60 64 92 66 10 6 27 78 80 61 92 58 68 78 61 88 52 69 68 45 68 13 18 84 41 61 58 64 33 25 65 25 92 59 33 90 44 99 45 99 12 45 81 16 71 56 57 72 76 80 98 42 39 65 67 61 70 9 66 11 25 31 34 76 
59 17 42 58 61 0 40 56 49 47 60 55 52 46 35 29 64 35 31 38 51 55 39 31 20 6 46 32 20 28 3 29 45 24 55 31 44 56 43 27 36 57 49 46 40 43 24 57 43 30 69 30 52 39 60 50 49 41 33 47 18 11 16 21 19 48 53 39 23 5 57 21 54 64 28 63 51 37 30 41 
21 47 52 35 24 40 0 17 9 49 45 16 15 60 13 37 45 41 71 43 15 18 3 63 60 39 79 34 44 54 41 64 49 54 48 35 45 27 13 60 18 42 55 42 30 5 51 35 68 48 47 67 27 76 51 85 13 24 57 8 53 38 34 55 52 71 74 37 20 43 48 37 49 31 42 23 30 7 22 53 
17 59 68 27 23 56 17 0 8 64 55 1 4 65 22 45 37 46 86 48 21 21 17 80 75 53 95 41 55 64 57 77 64 71 46 52 48 33 25 72 24 38 70 43 44 13 68 44 76 65 54 80 22 90 62 101 19 26 66 16 70 54 46 72 65 87 81 52 37 58 45 48 48 32 51 15 41 19 38 58 
15 54 60 31 21 49 9 8 0 56 49 7 7 64 18 42 41 44 79 46 15 16 10 72 69 47 88 39 50 60 50 72 56 63 47 44 48 28 17 67 21 41 62 43 36 6 60 38 73 57 49 75 24 84 56 94 13 25 63 9 63 47 41 65 60 79 79 44 30 52 47 44 49 29 48 16 34 13 30 56 
54 63 9 83 52 47 49 64 56 0 23 63 64 91 57 69 93 75 66 78 46 48 51 39 55 51 47 70 65 75 44 73 2 33 91 17 83 39 39 73 62 88 6 83 20 54 30 29 90 20 35 72 76 80 18 56 46 68 79 49 41 35 57 39 66 31 99 12 36 52 91 63 91 47 71 61 27 53 29 84 
41 75 32 79 36 60 45 55 49 23 0 54 56 98 57 75 89 81 85 83 35 35 48 60 73 63 70 75 75 86 58 88 24 53 92 30 87 23 32 87 62 87 28 85 21 49 50 11 101 40 12 89 72 97 9 78 36 68 90 40 60 49 66 59 79 54 110 22 41 65 92 71 93 29 79 47 15 51 32 91 
16 59 67 28 22 55 16 1 7 63 54 0 5 66 22 45 38 47 85 48 19 19 17 79 75 53 95 41 55 64 56 77 63 70 47 50 49 32 24 72 24 39 69 44 43 12 67 43 76 64 53 80 23 89 61 101 18 26 66 14 69 53 46 71 65 86 81 51 36 57 46 48 49 31 51 14 39 19 37 59 
20 55 67 25 26 52 15 4 7 64 56 5 0 61 18 40 34 42 82 43 22 23 14 77 72 49 93 37 51 60 53 73 63 68 42 50 44 35 25 68 20 35 69 39 44 10 65 45 72 63 56 76 18 85 63 99 20 21 62 16 67 51 42 69 61 85 76 51 35 54 41 44 44 35 47 19 41 16 36 54 
79 30 88 47 84 46 60 65 64 91 98 66 61 0 47 23 45 19 54 18 75 78 57 74 53 40 87 25 26 20 49 35 89 69 28 73 18 86 71 29 42 36 94 24 78 58 70 91 16 75 105 40 47 45 101 88 72 40 16 68 61 57 34 65 31 93 16 80 57 42 30 28 24 91 20 79 85 53 66 7 
33 37 59 26 37 35 13 22 18 57 57 22 18 47 0 24 35 27 65 30 29 31 10 63 55 32 79 21 33 42 37 55 56 54 35 41 32 40 25 50 5 31 62 29 39 12 52 48 56 51 60 59 19 68 62 84 26 11 45 21 52 37 24 54 43 74 61 45 23 37 35 26 36 44 30 34 42 6 29 39 
57 20 68 34 61 29 37 45 42 69 75 45 40 23 24 0 38 6 50 9 52 55 34 60 44 24 76 4 14 20 33 36 68 54 26 52 15 62 47 30 21 29 73 17 55 36 53 68 32 57 81 40 30 49 79 78 49 20 22 45 47 38 14 51 25 77 37 58 35 27 28 9 24 68 7 57 62 30 44 16 
54 58 94 10 60 64 45 37 41 93 89 38 34 45 35 38 0 34 88 33 56 57 42 95 81 59 111 34 52 55 67 73 92 87 17 77 29 69 57 66 31 9 98 23 74 40 85 79 61 86 90 77 17 85 96 114 54 25 55 49 82 70 49 86 62 108 61 80 58 64 15 46 21 69 43 51 75 40 64 41 
60 24 74 32 64 35 41 46 44 75 81 47 42 19 27 6 34 0 54 3 56 59 37 66 49 29 81 6 18 21 39 39 74 60 21 58 9 67 52 32 23 25 79 12 61 39 59 73 30 63 86 43 30 51 84 84 53 21 22 49 53 44 20 57 29 83 34 64 40 33 22 15 19 71 9 60 67 34 49 12 
90 30 59 84 92 31 71 86 79 66 85 85 82 54 65 50 88 54 0 56 82 85 69 31 12 33 38 54 36 35 30 19 65 34 75 55 62 86 74 25 64 79 66 66 67 73 37 84 42 46 96 14 79 16 83 36 80 68 38 78 26 37 41 27 26 51 52 63 53 28 77 42 72 94 45 94 79 67 59 53 
62 27 77 31 66 38 43 48 46 78 83 48 43 18 30 9 33 3 56 0 58 61 40 69 51 32 84 9 21 23 41 40 77 62 18 61 6 69 54 33 25 23 82 10 64 41 62 76 30 66 89 45 30 52 87 86 55 22 22 51 56 47 23 59 31 86 33 67 43 36 20 18 16 74 11 62 70 36 52 10 
9 61 51 46 10 51 15 21 15 46 35 19 22 75 29 52 56 56 82 58 0 3 19 69 71 51 83 50 58 69 52 78 46 60 62 37 61 13 9 74 33 56 52 57 26 18 56 24 83 51 34 80 39 89 42 90 3 38 72 7 61 46 48 63 66 72 89 35 29 55 61 52 63 16 57 15 21 22 25 68 
6 64 54 47 6 55 18 21 16 48 35 19 23 78 31 55 57 59 85 61 3 0 21 72 74 55 87 53 61 72 55 81 48 63 64 40 63 12 12 77 36 57 54 59 29 20 59 24 86 54 34 83 40 93 43 93 6 40 75 10 65 49 51 66 69 75 92 37 32 59 63 55 65 13 60 13 22 25 28 71 
23 44 54 33 27 39 3 17 10 51 48 17 14 57 10 34 42 37 69 40 19 21 0 63 59 37 78 31 41 51 40 62 50 54 45 36 42 30 16 57 15 40 57 39 32 4 51 38 65 48 51 65 25 74 54 84 16 20 54 12 53 37 31 55 50 71 71 39 20 41 44 34 46 34 39 25 33 4 23 49 
78 44 30 88 78 31 63 80 72 39 60 79 77 74 63 60 95 66 31 69 69 72 63 0 24 37 16 63 49 55 28 45 37 9 86 34 75 68 60 48 65 87 37 77 46 67 13 63 67 20 72 42 81 47 56 22 68 70 58 67 13 26 47 10 43 20 77 40 43 33 88 51 84 77 58 83 58 62 44 70 
79 24 48 76 80 20 60 75 69 55 73 75 72 53 55 44 81 49 12 51 71 74 59 24 0 23 35 48 30 33 19 21 54 23 69 43 57 74 62 25 55 73 56 61 55 63 26 72 43 35 84 18 70 25 72 36 69 59 36 67 15 26 33 17 22 44 54 51 42 18 71 35 67 83 40 83 67 56 48 50 
59 12 48 53 61 6 39 53 47 51 63 53 49 40 32 24 59 29 33 32 51 55 37 37 23 0 52 26 14 23 9 27 50 30 49 35 38 58 44 24 32 51 54 41 43 41 30 59 39 35 72 29 48 38 64 55 49 36 27 46 24 17 10 27 16 54 48 43 24 5 51 15 48 65 22 62 53 34 32 35 
93 58 38 104 92 46 79 95 88 47 70 95 93 87 79 76 111 81 38 84 83 87 78 16 35 52 0 79 64 68 44 55 46 25 102 47 90 82 75 60 81 103 44 93 59 82 28 75 78 33 82 51 97 54 65 8 83 86 71 83 28 42 62 25 56 19 88 52 58 48 103 66 100 90 73 98 71 78 59 84 
54 24 69 30 58 32 34 41 39 70 75 41 37 25 21 4 34 6 54 9 50 53 31 63 48 26 79 0 18 24 35 40 69 56 23 53 13 61 46 34 17 25 74 14 55 33 55 67 35 58 80 45 26 53 78 82 47 16 26 43 50 40 16 54 29 79 40 59 35 30 24 13 22 65 11 54 61 27 43 18 
64 6 62 48 68 20 44 55 50 65 75 55 51 26 33 14 52 18 36 21 58 61 41 49 30 14 64 18 0 11 23 23 64 44 39 48 26 67 52 17 31 43 68 30 55 44 44 70 26 49 83 27 44 35 77 66 56 33 14 52 36 31 10 40 11 67 35 56 34 16 41 7 37 73 10 66 64 38 44 21 
74 12 71 53 78 28 54 64 60 75 86 64 60 20 42 20 55 21 35 23 69 72 51 55 33 23 68 24 11 0 31 18 73 50 40 58 27 77 62 11 40 46 77 33 65 54 51 80 15 58 94 23 50 29 87 68 66 40 4 62 42 40 21 46 11 74 25 66 45 23 42 17 37 84 14 76 74 47 54 18 
60 20 39 61 61 3 41 57 50 44 58 56 53 49 37 33 67 39 30 41 52 55 40 28 19 9 44 35 23 31 0 30 42 21 58 29 47 56 43 29 38 60 46 50 38 44 21 55 46 27 68 31 54 40 58 47 50 43 35 48 15 9 19 18 22 44 56 37 23 8 60 24 57 64 31 64 49 38 30 44 
85 18 67 70 88 29 64 77 72 73 88 77 73 35 55 36 73 39 19 40 78 81 62 45 21 27 55 40 23 18 30 0 72 43 58 59 45 84 70 7 54 63 75 50 68 65 45 85 23 54 98 5 66 13 88 54 75 55 19 72 35 39 31 37 12 65 33 67 51 23 60 29 55 92 30 87 79 59 59 35 
54 62 8 82 52 45 49 64 56 2 24 63 63 89 56 68 92 74 65 77 46 48 50 37 54 50 46 69 64 73 42 72 0 31 90 16 82 39 39 72 61 87 6 82 20 53 28 30 88 18 36 71 75 79 19 54 46 67 77 48 39 33 56 38 64 30 98 12 35 50 90 62 90 48 70 61 28 52 28 83 
69 39 25 80 69 24 54 71 63 33 53 70 68 69 54 54 87 60 34 62 60 63 54 9 23 30 25 56 44 50 21 43 31 0 79 25 68 60 51 46 57 80 33 70 38 58 4 55 64 13 65 42 73 48 51 31 59 62 54 58 9 18 40 6 40 24 74 32 34 28 80 45 78 69 52 74 50 53 35 65 
62 45 91 21 68 55 48 46 47 91 92 47 42 28 35 26 17 21 75 18 62 64 45 86 69 49 102 23 39 40 58 58 90 79 0 74 13 74 60 51 30 9 96 9 74 44 78 83 44 81 95 63 24 70 97 104 59 24 40 54 73 63 39 77 49 102 43 79 55 53 2 35 4 76 30 61 77 41 63 24 
46 47 18 68 45 31 35 52 44 17 30 50 50 73 41 52 77 58 55 61 37 40 36 34 43 35 47 53 48 58 29 59 16 25 74 0 66 35 28 58 45 72 22 66 13 40 21 30 73 14 41 59 60 67 30 54 36 52 62 37 30 19 40 30 50 36 83 8 19 36 74 46 73 43 54 52 25 37 14 67 
63 32 82 29 68 44 45 48 48 83 87 49 44 18 32 15 29 9 62 6 61 63 42 75 57 38 90 13 26 27 47 45 82 68 13 66 0 72 57 38 27 19 88 6 68 43 68 79 32 71 92 50 29 57 92 92 58 23 27 53 62 53 28 65 36 91 34 72 48 41 15 23 10 76 17 63 73 39 57 12 
18 68 46 59 13 56 27 33 28 39 23 32 35 86 40 62 69 67 86 69 13 12 30 68 74 58 82 61 67 77 56 84 39 60 74 35 72 0 15 81 45 68 45 69 22 30 56 12 92 49 22 86 52 95 31 89 15 50 81 20 63 49 56 64 73 68 99 30 34 61 74 61 75 9 67 24 12 34 27 79 
18 54 44 47 18 43 13 25 17 39 32 24 25 71 25 47 57 52 74 54 9 12 16 60 62 44 75 46 52 62 43 70 39 51 60 28 57 15 0 67 31 55 45 54 19 17 48 22 77 42 35 72 40 82 39 82 8 36 66 9 53 37 41 54 59 64 84 28 21 48 60 46 61 21 52 23 17 19 16 63 
80 13 68 63 84 27 60 72 67 73 87 72 68 29 50 30 66 32 25 33 74 77 57 48 25 24 60 34 17 11 29 7 72 46 51 58 38 81 67 0 48 57 75 44 67 61 47 83 19 55 96 12 60 19 88 60 71 49 13 68 37 39 26 40 8 68 29 66 48 22 53 24 48 88 23 83 77 54 56 28 
37 36 63 23 41 36 18 24 21 62 62 24 20 42 5 21 31 23 64 25 33 36 15 65 55 32 81 17 31 40 38 54 61 57 30 45 27 45 31 48 0 27 67 24 44 16 54 53 52 55 65 57 16 66 67 86 31 7 42 26 53 39 23 56 41 77 57 50 27 37 30 24 31 49 27 37 47 11 33 35 
55 49 89 12 61 57 42 38 41 88 87 39 35 36 31 29 9 25 79 23 56 57 40 87 73 51 103 25 43 46 60 63 87 80 9 72 19 68 55 57 27 0 93 13 70 39 78 77 51 80 90 68 17 75 93 107 53 20 46 49 75 63 41 78 53 102 52 76 53 55 7 38 12 70 34 53 73 37 60 31 
60 66 8 89 58 49 55 70 62 6 28 69 69 94 62 73 98 79 66 82 52 54 57 37 56 54 44 74 68 77 46 75 6 33 96 22 88 45 45 75 67 93 0 87 26 60 30 35 92 21 39 73 81 81 21 52 52 73 82 54 41 38 61 39 68 26 102 18 40 54 96 66 95 53 75 66 33 58 34 88 
59 37 82 22 64 46 42 43 43 83 85 44 39 24 29 17 23 12 66 10 57 59 39 77 61 41 93 14 30 33 50 50 82 70 9 66 6 69 54 44 24 13 87 0 67 39 69 77 39 72 89 55 23 62 90 95 54 19 32 50 64 54 30 68 41 93 40 71 47 44 10 26 8 72 21 58 71 35 55 18 
35 55 25 64 33 40 30 44 36 20 21 43 44 78 39 55 74 61 67 64 26 29 32 46 55 43 59 55 55 65 38 68 20 38 74 13 68 22 19 67 44 70 26 67 0 34 34 17 81 26 29 69 57 78 23 67 26 50 69 29 42 30 45 43 58 46 89 9 21 45 74 51 74 31 58 41 12 34 12 71 
21 48 57 30 25 43 5 13 6 54 49 12 10 58 12 36 40 39 73 41 18 20 4 67 63 41 82 33 44 54 44 65 53 58 44 40 43 30 17 61 16 39 60 39 34 0 55 39 67 52 51 68 23 78 55 88 15 21 56 10 57 41 34 59 53 75 73 42 24 45 44 37 46 33 42 22 34 6 26 51 
65 40 22 77 65 24 51 68 60 30 50 67 65 70 52 53 85 59 37 62 56 59 51 13 26 30 28 55 44 51 21 45 28 4 78 21 68 56 48 47 54 78 30 69 34 55 0 51 65 10 61 44 70 51 47 34 55 60 55 55 11 16 39 10 41 24 75 28 31 28 79 44 77 65 52 71 46 50 31 65 
30 70 37 69 25 57 35 44 38 29 11 43 45 91 48 68 79 73 84 76 24 24 38 63 72 59 75 67 70 80 55 85 30 55 83 30 79 12 22 83 53 77 35 77 17 39 51 0 96 43 13 86 62 95 19 83 25 59 84 30 60 47 60 60 75 60 104 23 35 62 83 65 84 18 72 36 6 41 27 84 
88 27 85 61 92 43 68 76 73 90 101 76 72 16 56 32 61 30 42 30 83 86 65 67 43 39 78 35 26 15 46 23 88 64 44 73 32 92 77 19 52 51 92 39 81 67 65 96 0 72 109 28 60 30 103 78 80 51 12 76 55 55 36 58 25 87 10 81 60 38 46 31 40 98 25 89 89 61 69 20 
60 46 13 78 59 30 48 65 57 20 40 64 63 75 51 57 86 63 46 66 51 54 48 20 35 35 33 58 49 58 27 54 18 13 81 14 71 49 42 55 55 80 21 72 26 52 10 43 72 0 52 53 70 60 37 40 50 61 62 51 21 19 43 19 48 23 82 19 29 34 82 49 80 58 57 66 38 49 27 70 
38 83 44 81 33 69 47 54 49 35 12 53 56 105 60 81 90 86 96 89 34 34 51 72 84 72 82 80 83 94 68 98 36 65 95 41 92 22 35 96 65 90 39 89 29 51 61 13 109 52 0 98 73 107 19 90 37 71 97 41 71 59 73 70 88 65 117 33 49 74 95 78 96 24 85 43 19 54 40 97 
87 21 66 74 90 30 67 80 75 72 89 80 76 40 59 40 77 43 14 45 80 83 65 42 18 29 51 45 27 23 31 5 71 42 63 59 50 86 72 12 57 68 73 55 69 68 44 86 28 53 98 0 70 9 88 50 78 59 24 75 33 39 34 35 16 62 37 67 52 25 65 33 60 94 35 90 80 62 60 40 
39 49 78 8 44 52 27 22 24 76 72 23 18 47 19 30 17 30 79 30 39 40 25 81 70 48 97 26 44 50 54 66 75 73 24 60 29 52 40 60 16 17 81 23 57 23 70 62 60 70 73 70 0 79 78 102 37 11 51 32 69 55 38 72 54 93 62 63 42 52 23 37 27 53 37 36 57 23 47 40 
97 30 73 82 99 39 76 90 84 80 97 89 85 45 68 49 85 51 16 52 89 93 74 47 25 38 54 53 35 29 40 13 79 48 70 67 57 95 82 19 66 75 81 62 78 78 51 95 30 60 107 9 79 0 96 52 87 68 30 84 40 48 44 42 25 67 39 75 62 34 72 42 66 103 42 100 89 71 69 46 
49 76 27 86 45 60 51 62 56 18 9 61 63 101 62 79 96 84 83 87 42 43 54 56 72 64 65 78 77 87 58 88 19 51 97 30 92 31 39 88 67 93 21 90 23 55 47 19 103 37 19 88 78 96 0 73 44 73 91 47 58 49 68 56 80 47 112 22 44 66 97 74 97 37 82 55 22 56 35 95 
99 60 46 108 99 50 85 101 94 56 78 101 99 88 84 78 114 84 36 86 90 93 84 22 36 55 8 82 66 68 47 54 54 31 104 54 92 89 82 60 86 107 52 95 67 88 34 83 78 40 90 50 102 52 73 0 89 91 72 89 32 47 66 30 57 27 88 59 64 51 106 69 102 98 75 105 78 83 66 85 
10 58 51 44 12 49 13 19 13 46 36 18 20 72 26 49 54 53 80 55 3 6 16 68 69 49 83 47 56 66 50 75 46 59 59 36 58 15 8 71 31 53 52 54 26 15 55 25 80 50 37 78 37 87 44 89 0 36 69 5 60 44 45 61 63 72 87 35 27 53 59 49 61 18 55 16 22 20 24 65 
40 38 69 17 45 41 24 26 25 68 68 26 21 40 11 20 25 21 68 22 38 40 20 70 59 36 86 16 33 40 43 55 67 62 24 52 23 50 36 49 7 20 73 19 50 21 60 59 51 61 71 59 11 68 73 91 36 0 42 31 58 45 26 61 43 83 55 56 33 41 24 26 25 53 27 40 53 17 40 32 
77 16 75 54 81 33 57 66 63 79 90 66 62 16 45 22 55 22 38 22 72 75 54 58 36 27 71 26 14 4 35 19 77 54 40 62 27 81 66 13 42 46 82 32 69 56 55 84 12 62 97 24 51 30 91 72 69 42 0 65 46 44 25 50 15 78 21 70 49 28 42 20 36 87 15 79 78 50 58 16 
12 55 53 40 16 47 8 16 9 49 40 14 16 68 21 45 49 49 78 51 7 10 12 67 67 46 83 43 52 62 48 72 48 58 54 37 53 20 9 68 26 49 54 50 29 10 55 30 76 51 41 75 32 84 47 89 5 31 65 0 59 43 42 60 60 73 82 37 26 51 54 46 56 23 51 16 26 15 24 61 
70 32 33 76 71 18 53 70 63 41 60 69 67 61 52 47 82 53 26 56 61 65 53 13 15 24 28 50 36 42 15 35 39 9 73 30 62 63 53 37 53 75 41 64 42 57 11 60 55 21 71 33 69 40 58 32 60 58 46 59 0 16 34 3 31 31 65 38 33 21 75 38 72 72 45 75 54 51 37 57 
55 28 31 62 56 11 38 54 47 35 49 53 51 57 37 38 70 44 37 47 46 49 37 26 26 17 42 40 31 40 9 39 33 18 63 19 53 49 37 39 39 63 38 54 30 41 16 47 55 19 59 39 55 48 49 47 44 45 44 43 16 0 24 18 31 39 64 28 18 17 64 30 62 57 38 59 41 36 22 51 
54 13 55 43 57 16 34 46 41 57 66 46 42 34 24 14 49 20 41 23 48 51 31 47 33 10 62 16 10 21 19 31 56 40 39 40 28 56 41 26 23 41 61 30 45 34 39 60 36 43 73 34 38 44 68 66 45 26 25 42 34 24 0 37 19 63 44 47 24 15 41 6 38 63 14 56 53 28 34 27 
72 35 31 79 72 21 55 72 65 39 59 71 69 65 54 51 86 57 27 59 63 66 55 10 17 27 25 54 40 46 18 37 38 6 77 30 65 64 54 40 56 78 39 68 43 59 10 60 58 19 70 35 72 42 56 30 61 61 50 60 3 18 37 0 35 28 69 37 35 24 78 42 75 72 49 77 55 54 38 61 
73 5 61 59 76 19 52 65 60 66 79 65 61 31 43 25 62 29 26 31 66 69 50 43 22 16 56 29 11 11 22 12 64 40 49 50 36 73 59 8 41 53 68 41 58 53 41 75 25 48 88 16 54 25 80 57 63 43 15 60 31 31 19 35 0 63 35 58 39 14 51 17 46 80 20 75 68 47 48 28 
81 63 22 100 80 48 71 87 79 31 54 86 85 93 74 77 108 83 51 86 72 75 71 20 44 54 19 79 67 74 44 65 30 24 102 36 91 68 64 68 77 102 26 93 46 75 24 60 87 23 65 62 93 67 47 27 72 83 78 73 31 39 63 28 63 0 97 38 52 51 103 68 101 77 76 87 57 72 49 88 
94 36 95 62 98 53 74 81 79 99 110 81 76 16 61 37 61 34 52 33 89 92 71 77 54 48 88 40 35 25 56 33 98 74 43 83 34 99 84 29 57 52 102 40 89 73 75 104 10 82 117 37 62 39 112 88 87 55 21 82 65 64 44 69 35 97 0 90 69 48 45 39 40 105 32 94 98 67 78 23 
44 55 17 71 42 39 37 52 44 12 22 51 51 80 45 58 80 64 63 67 35 37 39 40 51 43 52 59 56 66 37 67 12 32 79 8 72 30 28 66 50 76 18 71 9 42 28 23 81 19 33 67 63 75 22 59 35 56 70 37 38 28 47 37 58 38 90 0 24 44 80 53 79 39 61 50 19 40 16 74 
37 35 36 49 39 23 20 37 30 36 41 36 35 57 23 35 58 40 53 43 29 32 20 43 42 24 58 35 34 45 23 51 35 34 55 19 48 34 21 48 27 53 40 47 21 24 31 35 60 29 49 52 42 62 44 64 27 33 49 26 33 18 24 35 39 52 69 24 0 27 56 30 55 41 38 42 29 20 9 51 
63 12 47 58 65 5 43 58 52 52 65 57 54 42 37 27 64 33 28 36 55 59 41 33 18 5 48 30 16 23 8 23 50 28 53 36 41 61 48 22 37 55 54 44 45 45 28 62 38 34 74 25 52 34 66 51 53 41 28 51 21 17 15 24 14 51 48 44 27 0 55 18 51 69 25 66 56 39 35 37 
62 47 91 19 67 57 48 45 47 91 92 46 41 30 35 28 15 22 77 20 61 63 44 88 71 51 103 24 41 42 60 60 90 80 2 74 15 74 60 53 30 7 96 10 74 44 79 83 46 82 95 65 23 72 97 106 59 24 42 54 75 64 41 78 51 103 45 80 56 55 0 37 6 76 31 60 77 41 63 26 
58 12 60 42 61 21 37 48 44 63 71 48 44 28 26 9 46 15 42 18 52 55 34 51 35 15 66 13 7 17 24 29 62 45 35 46 23 61 46 24 24 38 66 26 51 37 44 65 31 49 78 33 37 42 74 69 49 26 20 46 38 30 6 42 17 68 39 53 30 18 37 0 33 67 8 60 59 31 39 21 
64 43 90 24 70 54 49 48 49 91 93 49 44 24 36 24 21 19 72 16 63 65 46 84 67 48 100 22 37 37 57 55 90 78 4 73 10 75 61 48 31 12 95 8 74 46 77 84 40 80 96 60 27 66 97 102 61 25 36 56 72 62 38 75 46 101 40 79 55 51 6 33 0 78 27 63 78 42 63 21 
15 75 55 60 9 64 31 32 29 47 29 31 35 91 44 68 69 71 94 74 16 13 34 77 83 65 90 65 73 84 64 92 48 69 76 43 76 9 21 88 49 70 53 72 31 33 65 18 98 58 24 94 53 103 37 98 18 53 87 23 72 57 63 72 80 77 105 39 41 69 76 67 78 0 73 20 20 38 35 83 
62 16 68 40 66 28 42 51 48 71 79 51 47 20 30 7 43 9 45 11 57 60 39 58 40 22 73 11 10 14 31 30 70 52 30 54 17 67 52 23 27 34 75 21 58 42 52 72 25 57 85 35 37 42 82 75 55 27 15 51 45 38 14 49 20 76 32 61 38 25 31 8 27 73 0 64 66 36 47 13 
6 70 66 42 11 63 23 15 16 61 47 14 19 79 34 57 51 60 94 62 15 13 25 83 83 62 98 54 66 76 64 87 61 74 61 52 63 24 23 83 37 53 66 58 41 22 71 36 89 66 43 90 36 100 55 105 16 40 79 16 75 59 56 77 75 87 94 50 42 66 60 60 63 20 64 0 34 29 39 72 
28 64 35 65 25 51 30 41 34 27 15 39 41 85 42 62 75 67 79 70 21 22 33 58 67 53 71 61 64 74 49 79 28 50 77 25 73 12 17 77 47 73 33 71 12 34 46 6 89 38 19 80 57 89 22 78 22 53 78 26 54 41 53 55 68 57 98 19 29 56 77 59 78 20 66 34 0 36 20 78 
27 41 55 31 31 37 7 19 13 53 51 19 16 53 6 30 40 34 67 36 22 25 4 62 56 34 78 27 38 47 38 59 52 53 41 37 39 34 19 54 11 37 58 35 34 6 50 41 61 49 54 62 23 71 56 83 20 17 50 15 51 36 28 54 47 72 67 40 20 39 41 31 42 38 36 29 36 0 24 46 
34 44 31 55 34 30 22 38 30 29 32 37 36 66 29 44 64 49 59 52 25 28 23 44 48 32 59 43 44 54 30 59 28 35 63 14 57 27 16 56 33 60 34 55 12 26 31 27 69 27 40 60 47 69 35 66 24 40 58 24 37 22 34 38 48 49 78 16 9 35 63 39 63 35 47 39 20 24 0 60 
72 26 82 41 76 41 53 58 56 84 91 59 54 7 39 16 41 12 53 10 68 71 49 70 50 35 84 18 21 18 44 35 83 65 24 67 12 79 63 28 35 31 88 18 71 51 65 84 20 70 97 40 40 46 95 85 65 32 16 61 57 51 27 61 28 88 23 74 51 37 26 21 21 83 13 72 78 46 60 0 
0 2759 17 132 167 0 49 34 22 0 258 136 87 669 664 68 398 57 25 10 273 7 12 204 88 132 0 0 319 0 0 0 0 90 97 290 0 36 254 0 7 0 10 37 0 11 12 64 755 0 0 17 268 0 1720 0 238 71 0 350 36 20 55 9 1584 0 0 19 0 0 37 25 0 1260 10 337 0 10 786 129 
2759 0 165 773 16 0 0 0 0 8 279 55 70 94 19 575 0 0 55 138 0 134 226 48 147 192 12 0 0 62 0 0 75 8 0 64 0 198 8 0 1835 31 0 208 0 0 0 0 378 42 0 18 0 0 47 96 237 0 0 944 0 54 13 0 47 0 41 29 0 0 193 0 0 235 533 107 19 0 129 191 
17 165 0 968 35 0 0 51 7 173 8 365 1318 60 536 10 590 25 1193 740 8 19 26 274 49 911 50 0 12 387 0 0 155 344 0 1886 0 19 29 32 18 57 611 1125 0 0 0 1143 43 46 67 71 95 0 214 799 268 0 9 859 1278 37 13 184 736 0 0 64 0 0 611 23 35 32 16 68 68 71 330 69 
132 773 968 0 2701 0 32 0 158 0 149 103 152 72 13 36 70 117 83 354 600 66 175 119 19 2217 9 0 33 0 0 0 428 3000 0 223 0 56 25 0 59 0 841 33 0 0 0 54 1933 0 0 626 23 0 12 391 621 0 0 554 626 21 173 76 253 0 0 309 0 0 11 17 0 502 9 124 0 0 83 16 
167 16 35 2701 0 2001 522 361 2829 0 350 67 782 1607 7 1818 630 26 70 601 3000 658 603 1048 578 534 0 0 74 106 145 10 0 355 3000 83 110 2069 37 996 21 799 18 19 218 91 178 15 206 0 2538 38 335 107 2531 3000 1125 59 17 398 73 177 40 3000 221 0 0 3000 16 41 7 67 16 1040 31 828 652 334 9 59 
0 0 0 0 2001 0 836 8 2318 0 0 0 0 523 15 0 373 81 354 27 118 0 842 0 154 0 0 0 802 39 1212 83 0 1623 28 0 345 0 258 2130 780 2973 13 43 520 644 156 57 0 0 223 0 867 2406 0 0 2280 36 34 1699 180 0 0 47 0 0 0 12 58 12 0 239 65 0 0 0 46 47 0 0 
49 0 0 32 522 836 0 268 130 0 0 0 0 87 16 28 99 20 0 0 1712 0 1181 3000 1446 0 0 0 25 0 0 0 0 319 299 0 0 33 1472 3000 124 0 8 22 0 351 76 304 152 0 0 0 401 0 0 0 3000 10 0 29 308 0 0 69 14 0 0 0 0 0 10 49 0 0 416 0 0 268 0 0 
34 0 51 0 361 8 268 0 133 0 683 59 29 318 2971 55 930 195 476 14 106 1160 614 675 28 0 0 0 346 764 1075 16 0 194 422 0 295 8 13 26 31 71 15 35 217 48 1430 8 611 0 509 14 608 27 0 0 125 68 53 430 11 0 123 105 31 0 0 225 43 384 154 3000 31 40 48 0 269 343 0 2856 
22 0 7 158 2829 2318 130 133 0 318 152 403 66 59 717 1701 434 83 150 634 46 8 20 70 429 0 0 0 16 442 3000 459 0 21 43 44 43 95 64 41 284 14 1107 55 30 8 10 107 22 0 193 123 3000 3000 0 267 622 20 24 960 32 0 685 257 60 0 0 430 8 745 231 1444 356 63 64 101 274 47 0 564 
0 8 173 0 0 0 0 0 318 0 0 124 450 0 226 623 0 0 24 2112 0 24 0 62 279 0 1961 61 0 37 128 25 9 1077 0 73 18 0 2002 126 94 130 0 0 11 0 0 0 0 447 378 2267 0 264 1259 92 76 0 70 0 0 411 234 0 885 15 200 121 118 41 2342 89 51 99 0 0 65 572 37 3000 
258 279 8 149 350 0 0 683 152 0 0 3000 22 159 92 45 90 9 88 13 278 103 120 74 132 124 234 0 105 136 0 0 68 3000 0 60 0 643 673 0 830 1454 42 35 0 0 0 3000 176 78 2538 14 307 0 3000 313 248 0 36 88 102 65 35 72 2436 0 0 35 0 0 1188 21 0 43 55 48 52 90 123 857 
136 55 365 103 67 0 0 59 403 124 3000 0 1964 26 9 886 0 0 11 76 25 65 144 8 16 3000 146 96 28 66 0 14 2012 2477 0 77 193 336 336 437 95 3000 0 78 84 0 0 0 446 141 98 202 0 1929 3000 101 88 0 72 293 597 473 760 0 34 45 1856 3000 378 296 13 35 709 128 11 286 136 59 592 3000 
87 70 1318 152 782 0 0 29 66 450 22 1964 0 99 532 122 0 192 610 3000 27 16 50 311 31 73 59 359 46 9 0 9 95 18 0 457 0 616 1809 164 141 205 84 70 0 0 0 18 62 24 84 1400 0 0 1659 64 335 0 17 242 17 330 1083 0 2362 0 834 389 0 51 299 514 88 14 129 35 104 718 17 22 
669 94 60 72 1607 523 87 318 59 0 159 26 99 0 7 374 369 61 141 29 14 44 857 30 32 62 248 0 10 459 0 0 238 865 3000 87 0 33 245 21 65 268 8 54 0 9 146 2697 38 0 26 181 475 0 1376 104 45 108 59 263 357 43 8 7 126 0 0 194 0 0 27 2317 130 627 98 261 161 1173 24 414 
664 19 536 13 7 15 16 2971 717 226 92 9 532 7 0 145 689 930 11 137 23 1474 29 12 89 381 878 17 352 49 1273 14 407 324 190 125 2620 356 110 16 52 713 113 615 67 45 1429 15 33 548 42 18 162 7 132 75 72 773 88 475 60 54 85 50 121 11 36 1188 546 555 458 55 2641 91 13 119 232 42 170 234 
68 575 10 36 1818 0 28 55 1701 623 45 886 122 374 145 0 2221 312 17 170 55 294 3000 290 944 441 12 76 290 214 0 46 7 144 450 1811 9 91 239 17 43 7 1506 231 471 25 37 92 183 26 19 1217 456 0 1187 2562 12 20 262 18 184 379 9 77 12 384 7 10 67 78 20 58 37 24 25 8 137 11 45 61 
398 0 590 70 630 373 99 930 434 0 90 0 0 369 689 2221 0 100 0 11 114 0 494 16 62 0 0 0 89 0 121 0 0 19 9 0 0 123 200 663 2413 24 2413 191 35 409 9 46 410 0 62 9 9 26 0 0 184 64 817 90 726 0 0 2118 18 0 0 28 379 0 30 24 0 0 102 0 0 234 0 0 
57 0 25 117 26 81 20 195 83 0 9 0 192 61 930 312 100 0 26 32 75 176 14 571 34 0 0 0 69 163 209 0 0 63 51 0 0 3000 202 2391 42 1955 18 3000 425 12 67 153 14 0 555 832 11 12 0 0 21 413 503 1033 22 0 0 20 121 0 0 1749 432 0 32 12 11 34 12 896 0 270 0 178 
25 55 1193 83 70 354 0 476 150 24 88 11 610 141 11 17 0 26 0 265 256 348 68 125 174 61 3000 572 138 192 18 146 17 77 20 31 325 33 136 17 843 404 0 56 413 728 8 9 96 282 227 7 0 3000 56 17 216 37 12 258 260 48 626 0 1701 59 280 52 1088 15 226 52 205 1578 31 46 22 15 450 472 
10 138 740 354 601 27 0 14 634 2112 13 76 3000 29 137 170 11 32 265 0 8 137 508 3000 24 14 3000 70 52 15 15 80 173 33 41 12 1568 2788 2363 89 164 3000 192 14 273 1541 116 2273 44 298 85 108 12 98 523 10 2137 15 21 34 46 2995 14 0 1743 1077 490 982 9 1387 21 842 9 12 61 36 31 134 93 41 
273 0 8 600 3000 118 1712 106 46 0 278 25 27 14 23 55 114 75 256 8 0 68 21 32 2333 0 0 0 18 207 11 13 0 83 63 0 40 27 197 47 2290 1274 70 2545 1643 77 220 690 32 0 993 18 1207 3000 0 0 282 395 456 11 48 0 13 197 796 0 0 560 267 109 1320 579 78 84 25 83 273 170 0 1171 
7 134 19 66 658 0 0 1160 8 24 103 65 16 44 1474 294 0 176 348 137 68 0 58 71 30 3000 10 3000 95 17 0 26 287 23 0 180 0 164 103 31 28 3000 582 20 0 0 0 27 141 42 109 134 0 0 1057 47 17 0 34 812 426 2107 69 0 502 143 44 2086 0 68 26 131 2859 1180 1987 1477 643 240 275 24 
12 226 26 175 603 842 1181 614 20 0 120 144 50 857 29 3000 494 14 68 508 21 58 0 190 9 0 0 0 1182 12 24 0 0 42 348 0 0 14 38 274 33 826 117 29 16 108 213 990 8 0 59 45 49 261 171 0 1715 212 22 9 3000 0 156 124 19 0 0 88 150 0 45 8 126 48 10 14 308 1788 0 94 
204 48 274 119 1048 0 3000 675 70 62 74 8 311 30 12 290 16 571 125 3000 32 71 190 0 1895 49 248 62 65 74 0 122 38 76 888 311 3000 17 547 391 35 699 170 192 49 0 17 152 19 100 15 7 8 0 1367 12 440 11 1592 665 228 55 19 91 63 0 90 533 0 19 147 134 48 31 158 85 811 624 17 47 
88 147 49 19 578 154 1446 28 429 279 132 16 31 32 89 944 62 34 174 24 2333 30 9 1895 0 1680 437 510 125 67 152 22 694 47 350 170 23 31 220 92 77 72 282 18 206 1263 111 736 17 28 38 98 491 34 8 72 38 597 21 635 33 2238 3000 194 14 0 8 48 23 655 16 586 332 41 3000 132 196 163 179 27 
132 192 911 2217 534 0 0 0 0 0 124 3000 73 62 381 441 0 0 61 14 0 3000 0 49 1680 0 141 0 0 0 0 0 41 3000 0 849 0 16 0 0 0 0 0 172 0 0 0 0 11 0 0 27 0 0 133 1218 0 0 0 0 0 444 245 0 238 0 0 631 0 0 126 0 0 721 148 19 0 0 306 1488 
0 12 50 9 0 0 0 0 0 1961 234 146 59 248 878 12 0 0 3000 3000 0 10 0 248 437 141 0 304 0 252 0 33 519 2930 0 64 60 0 343 98 36 345 0 17 0 0 0 0 35 692 16 43 0 0 2023 43 62 0 22 0 0 340 43 0 3000 22 18 62 0 17 894 624 55 33 0 74 312 0 40 12 
0 0 0 0 0 0 0 0 0 61 0 96 359 0 17 76 0 0 572 70 0 3000 0 62 510 0 304 0 0 329 225 50 1218 3000 0 240 325 0 38 167 40 363 0 0 190 0 0 0 0 93 298 601 0 505 0 115 298 0 206 0 0 61 349 0 0 390 116 21 90 11 0 9 8 8 0 0 3000 8 0 8 
319 0 12 33 74 802 25 346 16 0 105 28 46 10 352 290 89 69 138 52 18 95 1182 65 125 0 0 0 0 1366 17 151 0 52 237 0 760 16 2380 3000 245 75 81 48 943 43 19 12 105 0 933 263 612 450 0 0 160 26 3000 224 66 0 166 105 168 0 0 370 14 176 448 18 23 202 275 103 1584 24 0 11 
0 62 387 0 106 39 0 764 442 37 136 66 9 459 49 214 0 163 192 15 207 17 12 74 67 0 252 329 1366 0 134 46 494 98 256 367 1655 26 1620 135 15 2326 0 73 73 524 35 8 874 11 74 2198 0 73 476 473 2221 377 67 62 9 213 78 0 332 74 392 839 9 18 29 120 48 119 88 305 201 14 2280 28 
0 0 0 0 145 1212 0 1075 3000 128 0 0 0 0 1273 0 121 209 18 15 11 0 24 0 152 0 0 225 17 134 0 3000 0 218 170 0 88 0 148 71 58 12 0 0 14 94 145 159 0 0 34 0 50 11 0 0 1338 9 126 199 555 0 0 0 0 0 0 11 97 70 0 104 34 569 0 0 66 13 0 11 
0 0 0 0 10 83 0 16 459 25 0 14 9 0 14 46 0 0 146 80 13 26 0 122 22 0 33 50 151 46 3000 0 338 44 41 39 152 0 132 22 25 262 0 98 19 43 29 0 0 63 53 298 0 1810 0 766 34 84 92 55 21 0 808 0 137 68 38 108 493 2080 24 99 11 574 0 0 56 27 0 132 
0 75 155 428 0 0 0 0 0 9 68 2012 95 238 407 7 0 0 17 173 0 287 0 38 694 41 519 1218 0 494 0 338 0 3000 0 351 71 0 49 27 539 31 0 13 0 0 0 0 43 1630 45 352 0 0 3000 105 15 0 446 0 0 16 15 0 623 215 64 68 0 8 415 156 1911 12 2211 73 345 0 7 77 
90 8 344 3000 355 1623 319 194 21 1077 3000 2477 18 865 324 144 19 63 77 33 83 23 42 76 47 3000 2930 3000 52 98 218 44 3000 0 1651 49 143 447 688 46 3000 8 200 253 90 334 87 126 33 937 13 27 121 511 199 266 1168 400 120 740 101 27 852 26 105 0 75 32 98 39 68 208 298 21 18 11 89 377 106 76 
97 0 0 0 3000 28 299 422 43 0 0 0 0 3000 190 450 9 51 20 41 63 0 348 888 350 0 0 0 237 256 170 41 0 1651 0 0 3000 96 276 153 803 331 19 84 207 10 104 123 8 0 287 0 30 94 0 0 14 250 165 76 49 0 0 658 0 0 0 186 313 19 303 90 705 0 695 0 2713 26 0 0 
290 64 1886 223 83 0 0 0 44 73 60 77 457 87 125 1811 0 0 31 12 0 180 0 311 170 849 64 240 0 367 0 39 351 49 0 0 0 56 794 172 148 23 0 3000 0 0 0 0 31 8 190 91 0 0 233 94 539 0 95 1357 0 675 360 0 35 13 79 180 0 415 13 20 89 10 140 791 31 36 60 1389 
0 0 0 0 110 345 0 295 43 18 0 193 0 0 2620 9 0 0 325 1568 40 0 0 3000 23 0 60 325 760 1655 88 152 71 143 3000 0 0 0 9 2513 53 277 0 0 1806 346 135 0 0 37 182 0 0 211 0 54 48 169 11 1221 2007 0 444 0 0 250 24 199 14 61 0 246 419 56 0 0 158 2466 0 253 
36 198 19 56 2069 0 33 8 95 0 643 336 616 33 356 91 123 3000 33 2788 27 164 14 17 31 16 0 0 16 26 0 0 0 447 96 56 0 0 145 0 15 0 419 14 0 0 62 26 485 0 0 30 1680 0 236 0 134 63 0 1144 221 36 692 179 294 0 0 40 0 0 180 235 0 165 219 35 0 743 1272 896 
254 8 29 25 37 258 1472 13 64 2002 673 336 1809 245 110 239 200 202 136 2363 197 103 38 547 220 0 343 38 2380 1620 148 132 49 688 276 794 9 145 0 100 495 62 22 160 15 64 949 17 426 60 21 1871 542 102 38 37 10 79 423 338 82 1168 17 72 22 0 679 100 2806 24 1772 15 34 54 33 42 15 231 7 283 
0 0 32 0 996 2130 3000 26 41 126 0 437 164 21 16 17 663 2391 17 89 47 31 274 391 92 0 98 167 3000 135 71 22 27 46 153 172 2513 0 100 0 75 7 288 419 75 15 30 28 0 27 142 286 778 73 0 183 10 12 650 11 569 0 1543 0 412 25 14 914 110 23 409 144 1074 1947 82 0 32 11 0 95 
7 1835 18 59 21 780 124 31 284 94 830 95 141 65 52 43 2413 42 843 164 2290 28 33 35 77 0 36 40 245 15 58 25 539 3000 803 148 53 15 495 75 0 696 503 552 40 62 488 370 45 22 13 298 38 307 44 11 293 16 9 7 13 19 520 151 58 0 240 1490 43 149 237 495 131 1036 99 3000 707 400 98 105 
0 31 57 0 799 2973 0 71 14 130 1454 3000 205 268 713 7 24 1955 404 3000 1274 3000 826 699 72 0 345 363 75 2326 12 262 31 8 331 23 277 0 62 7 696 0 123 58 132 7 95 31 16 31 28 70 152 34 124 16 3000 316 252 23 230 401 290 0 80 114 23 482 257 137 986 129 501 10 10 41 16 2034 162 20 
10 0 611 841 18 13 8 15 1107 0 42 0 84 8 113 1506 2413 18 0 192 70 582 117 170 282 0 0 0 81 0 0 0 0 200 19 0 0 419 22 288 503 123 0 384 34 9 97 88 34 0 99 857 505 0 0 0 75 188 28 100 133 0 0 20 31 0 0 121 0 0 102 2792 0 0 24 103 0 113 0 556 
37 208 1125 33 19 43 22 35 55 0 35 78 70 54 615 231 191 3000 56 14 2545 20 29 192 18 172 17 0 48 73 0 98 13 253 84 3000 0 14 160 419 552 58 384 0 703 10 3000 260 3000 0 120 100 7 0 65 237 1896 264 143 62 16 180 134 470 11 0 0 22 0 0 16 33 111 137 10 180 101 28 13 19 
0 0 0 0 218 520 0 217 30 11 0 84 0 0 67 471 35 425 413 273 1643 0 16 49 206 0 0 190 943 73 14 19 0 90 207 0 1806 0 15 75 40 132 34 703 0 235 216 21 0 0 31 0 244 27 0 0 13 2088 408 647 11 0 0 0 0 0 90 46 28 689 0 55 211 12 0 0 400 51 0 21 
11 0 0 0 91 644 351 48 8 0 0 0 0 9 45 25 409 12 728 1541 77 0 108 0 1263 0 0 0 43 524 94 43 0 334 10 0 346 0 64 15 62 7 9 10 235 0 221 141 0 0 488 0 41 122 0 0 10 9 88 58 468 0 0 835 0 0 0 299 12 19 0 22 3000 0 2052 0 0 124 0 0 
12 0 0 0 178 156 76 1430 10 0 0 0 0 146 1429 37 9 67 8 116 220 0 213 17 111 0 0 0 19 35 145 29 0 87 104 0 135 62 949 30 488 95 97 3000 216 221 0 28 2639 0 142 0 182 169 0 0 56 13 621 499 23 0 0 13 1091 0 0 144 18 22 56 637 1031 0 1123 0 2734 428 0 48 
64 0 1143 54 15 57 304 8 107 0 3000 0 18 2697 15 92 46 153 9 2273 690 27 990 152 736 0 0 0 12 8 159 0 0 126 123 0 0 26 17 28 370 31 88 260 21 141 28 0 183 0 45 443 8 206 0 0 797 95 84 8 240 0 0 8 27 0 0 17 301 0 12 879 25 2561 8 28 419 1222 0 1617 
755 378 43 1933 206 0 152 611 22 0 176 446 62 38 33 183 410 14 96 44 32 141 8 19 17 11 35 0 105 874 0 0 43 33 8 31 0 485 426 0 45 16 34 3000 0 0 2639 183 0 0 37 89 104 0 326 51 25 232 17 73 109 9 224 583 110 0 0 121 0 0 1880 109 0 295 8 20 206 9 240 595 
0 42 46 0 0 0 0 0 0 447 78 141 24 0 548 26 0 0 282 298 0 42 0 100 28 0 692 93 0 11 0 63 1630 937 0 8 37 0 60 27 22 31 0 0 0 0 0 0 0 0 290 1133 0 0 424 451 178 0 53 0 0 55 41 0 284 2730 15 1000 0 311 1511 0 68 16 0 8 103 0 21 28 
0 0 67 0 2538 223 0 509 193 378 2538 98 84 26 42 19 62 555 227 85 993 109 59 15 38 0 16 298 933 74 34 53 45 13 287 190 182 0 21 142 13 28 99 120 31 488 142 45 37 290 0 10 43 78 0 352 150 3000 8 255 133 8 14 0 9 265 760 666 130 3000 275 17 30 167 111 0 91 976 0 617 
17 18 71 626 38 0 0 14 123 2267 14 202 1400 181 18 1217 9 832 7 108 18 134 45 7 98 27 43 601 263 2198 0 298 352 27 0 91 0 30 1871 286 298 70 857 100 0 0 0 443 89 1133 10 0 40 0 60 47 93 143 27 840 15 522 28 1151 15 62 11 32 0 59 86 3000 132 53 36 35 319 60 383 566 
268 0 95 23 335 867 401 608 3000 0 307 0 0 475 162 456 9 11 0 12 1207 0 49 8 491 0 0 0 612 0 50 0 0 121 30 0 0 1680 542 778 38 152 505 7 244 41 182 8 104 0 43 40 0 68 0 0 29 87 90 159 11 0 0 173 24 0 0 28 77 0 38 818 0 0 232 0 0 359 0 0 
0 0 0 0 107 2406 0 27 3000 264 0 1929 0 0 7 0 26 12 3000 98 3000 0 261 0 34 0 0 505 450 73 11 1810 0 511 94 0 211 0 102 73 307 34 0 0 27 122 169 206 0 0 78 0 68 0 0 0 212 49 16 170 18 0 0 0 0 54 751 65 33 208 0 70 37 1463 0 0 30 216 0 277 
1720 47 214 12 2531 0 0 0 0 1259 3000 3000 1659 1376 132 1187 0 0 56 523 0 1057 171 1367 8 133 2023 0 0 476 0 0 3000 199 0 233 0 236 38 0 44 124 0 65 0 0 0 0 326 424 0 60 0 0 0 322 734 0 0 21 0 8 93 0 2777 0 72 13 0 0 145 0 0 280 131 137 1050 0 18 513 
0 96 799 391 3000 0 0 0 267 92 313 101 64 104 75 2562 0 0 17 10 0 47 0 12 72 1218 43 115 0 473 0 766 105 266 0 94 54 0 37 183 11 16 0 237 0 0 0 0 51 451 352 47 0 0 322 0 54 0 2217 35 0 331 354 0 8 1456 484 30 0 2012 22 27 1581 51 22 390 1157 35 34 26 
238 237 268 621 1125 2280 3000 125 622 76 248 88 335 45 72 12 184 21 216 2137 282 17 1715 440 38 0 62 298 160 2221 1338 34 15 1168 14 539 48 134 10 10 293 3000 75 1896 13 10 56 797 25 178 150 93 29 212 734 54 0 179 411 10 40 135 284 11 2019 0 42 125 2043 194 797 93 22 2446 13 18 387 10 0 101 
71 0 0 0 59 36 10 68 20 0 0 0 0 108 773 20 64 413 37 15 395 0 212 11 597 0 0 0 26 377 9 84 0 400 250 0 169 63 79 12 16 316 188 264 2088 9 13 95 232 0 3000 143 87 49 0 0 179 0 18 63 33 0 0 30 176 0 0 157 131 150 42 2257 8 43 371 0 82 291 0 53 
0 0 9 0 17 34 0 53 24 70 36 72 17 59 88 262 817 503 12 21 456 34 22 1592 21 0 22 206 3000 67 126 92 446 120 165 95 11 0 423 650 9 252 28 143 408 88 621 84 17 53 8 27 90 16 0 2217 411 18 0 517 3000 0 843 0 235 208 85 15 7 149 115 197 76 27 231 0 46 1325 0 1824 
350 944 859 554 398 1699 29 430 960 0 88 293 242 263 475 18 90 1033 258 34 11 812 9 665 635 0 0 0 224 62 199 55 0 740 76 1357 1221 1144 338 11 7 23 100 62 647 58 499 8 73 0 255 840 159 170 21 35 10 63 517 0 471 404 26 12 99 0 0 1225 24 102 257 2039 63 252 110 221 20 1553 0 9 
36 0 1278 626 73 180 308 11 32 0 102 597 17 357 60 184 726 22 260 46 48 426 3000 228 33 0 0 0 66 9 555 21 0 101 49 0 2007 221 82 569 13 230 133 16 11 468 23 240 109 0 133 15 11 18 0 0 40 33 3000 471 0 0 19 1824 32 0 0 162 7 234 10 103 68 44 35 188 1486 235 0 486 
20 54 37 21 177 0 0 0 0 411 65 473 330 43 54 379 0 0 48 2995 0 2107 0 55 2238 444 340 61 0 213 0 0 16 27 0 675 0 36 1168 0 19 401 0 180 0 0 0 0 9 55 8 522 0 0 8 331 135 0 0 404 0 0 1642 0 43 36 88 1026 0 250 21 0 46 11 242 16 250 0 80 134 
55 13 13 173 40 0 0 123 685 234 35 760 1083 8 85 9 0 0 626 14 13 69 156 19 3000 245 43 349 166 78 0 808 15 852 0 360 444 692 17 1543 520 290 0 134 0 0 0 0 224 41 14 28 0 0 93 354 284 0 843 26 19 1642 0 0 1270 1197 12 1032 0 309 26 14 36 566 40 21 95 18 54 271 
9 0 184 76 3000 47 69 105 257 0 72 0 0 7 50 77 2118 20 0 0 197 0 124 91 194 0 0 0 105 0 0 0 0 26 658 0 0 179 72 0 151 0 20 470 0 835 13 8 583 0 0 1151 173 0 0 0 11 30 0 12 1824 0 0 0 13 0 0 0 0 0 777 20 0 0 72 0 0 689 0 0 
1584 47 736 253 221 0 14 31 60 885 2436 34 2362 126 121 12 18 121 1701 1743 796 502 19 63 14 238 3000 0 168 332 0 137 623 105 0 35 0 294 22 412 58 80 31 11 0 0 1091 27 110 284 9 15 24 0 2777 8 2019 176 235 99 32 43 1270 13 0 0 0 8 0 128 55 592 27 160 105 153 304 90 10 35 
0 0 0 0 0 0 0 0 0 15 0 45 0 0 11 384 0 0 59 1077 0 143 0 0 0 0 22 390 0 74 0 68 215 0 0 13 250 0 0 25 0 114 0 0 0 0 0 0 0 2730 265 62 0 54 0 1456 0 0 208 0 0 36 1197 0 0 0 65 81 16 30 0 0 22 18 0 0 230 0 0 9 
0 41 0 0 0 0 0 0 0 200 0 1856 834 0 36 7 0 0 280 490 0 44 0 90 8 0 18 116 0 392 0 38 64 75 0 79 24 0 679 14 240 23 0 0 90 0 0 0 0 15 760 11 0 751 72 484 42 0 85 0 0 88 12 0 0 65 0 17 64 147 0 0 100 29 0 0 850 0 114 16 
19 29 64 309 3000 12 0 225 430 121 35 3000 389 194 1188 10 28 1749 52 982 560 2086 88 533 48 631 62 21 370 839 11 108 68 32 186 180 199 40 100 914 1490 482 121 22 46 299 144 17 121 1000 666 32 28 65 13 30 125 157 15 1225 162 1026 1032 0 8 81 17 0 17 474 160 51 183 59 632 94 16 118 1480 1656 
0 0 0 0 16 58 0 43 8 118 0 378 0 0 546 67 379 432 1088 9 267 0 150 0 23 0 0 90 14 9 97 493 0 98 313 0 14 0 2806 110 43 257 0 0 28 12 18 301 0 0 130 0 77 33 0 0 2043 131 7 24 7 0 0 0 0 16 64 17 0 73 0 272 19 204 0 0 120 79 0 34 
0 0 0 0 41 12 0 384 745 41 0 296 51 0 555 78 0 0 15 1387 109 68 0 19 655 0 17 11 176 18 70 2080 8 39 19 415 61 0 24 23 149 137 0 0 689 19 22 0 0 311 3000 59 0 208 0 2012 194 150 149 102 234 250 309 0 128 30 147 474 73 0 0 63 56 884 0 0 488 243 0 116 
37 193 611 11 7 0 10 154 231 2342 1188 13 299 27 458 20 30 32 226 21 1320 26 45 147 16 126 894 0 448 29 0 24 415 68 303 13 0 180 1772 409 237 986 102 16 0 0 56 12 1880 1511 275 86 38 0 145 22 797 42 115 257 10 21 26 777 55 0 0 160 0 0 0 17 9 8 10 308 3000 51 16 19 
25 0 23 17 67 239 49 3000 1444 89 21 35 514 2317 55 58 24 12 52 842 579 131 8 134 586 0 624 9 18 120 104 99 156 208 90 20 246 235 15 144 495 129 2792 33 55 22 637 879 109 0 17 3000 818 70 0 27 93 2257 197 2039 103 0 14 20 592 0 0 51 272 63 17 0 121 524 184 22 739 19 0 1125 
0 0 35 0 16 65 0 31 356 51 0 709 88 130 2641 37 0 11 205 9 78 2859 126 48 332 0 55 8 23 48 34 11 1911 298 705 89 419 0 34 1074 131 501 0 111 211 3000 1031 25 0 68 30 132 0 37 0 1581 22 8 76 63 68 46 36 0 27 22 100 183 19 56 9 121 0 573 0 0 35 159 0 71 
1260 235 32 502 1040 0 0 40 63 99 43 128 14 627 91 24 0 34 1578 12 84 1180 48 31 41 721 33 8 202 119 569 574 12 21 0 10 56 165 54 1947 1036 10 0 137 12 0 0 2561 295 16 167 53 0 1463 280 51 2446 43 27 252 44 11 566 0 160 18 29 59 204 884 8 524 573 0 19 314 14 141 115 685 
10 533 16 9 31 0 416 48 64 0 55 11 129 98 13 25 102 12 31 61 25 1987 10 158 3000 148 0 0 275 88 0 0 2211 18 695 140 0 219 33 82 99 10 24 10 0 2052 1123 8 8 0 111 36 232 0 131 22 13 371 231 110 35 242 40 72 105 0 0 632 0 0 10 184 0 19 0 18 268 31 45 213 
337 107 68 124 828 0 0 0 101 0 48 286 35 261 119 8 0 896 46 36 83 1477 14 85 132 19 74 0 103 305 0 0 73 11 0 791 0 35 42 0 3000 41 103 180 0 0 0 28 20 8 0 35 0 0 137 390 18 0 0 221 188 16 21 0 153 0 0 94 0 0 308 22 0 314 18 0 2598 0 29 74 
0 19 68 0 652 46 0 269 274 65 52 136 104 161 232 137 0 0 22 31 273 643 308 811 196 0 312 3000 1584 201 66 56 345 89 2713 31 158 0 15 32 707 16 0 101 400 0 2734 419 206 103 91 319 0 30 1050 1157 387 82 46 20 1486 250 95 0 304 230 850 16 120 488 3000 739 35 14 268 2598 0 96 42 286 
10 0 71 0 334 47 268 343 47 572 90 59 718 1173 42 11 234 270 15 134 170 240 1788 624 163 0 0 8 24 14 13 27 0 377 26 36 2466 743 231 11 400 2034 113 28 51 124 428 1222 9 0 976 60 359 216 0 35 10 291 1325 1553 235 0 18 689 90 0 0 118 79 243 51 19 159 141 31 0 96 0 0 3000 
786 129 330 83 9 0 0 0 0 37 123 592 17 24 170 45 0 0 450 93 0 275 0 17 179 306 40 0 0 2280 0 0 7 106 0 60 0 1272 7 0 98 162 0 13 0 0 0 0 240 21 0 383 0 0 18 34 0 0 0 0 0 80 54 0 10 0 114 1480 0 0 16 0 0 115 45 29 42 0 0 12 
129 191 69 16 59 0 0 2856 564 3000 857 3000 22 414 234 61 0 178 472 41 1171 24 94 47 27 1488 12 8 11 28 11 132 77 76 0 1389 253 896 283 95 105 20 556 19 21 0 48 1617 595 28 617 566 0 277 513 26 101 53 1824 9 486 134 271 0 35 9 16 1656 34 116 19 1125 71 685 213 74 286 3000 12 0 
