80
0 45 35 42 21 13 61 26 64 5 23 69 32 62 67 48 52 21 29 38 44 64 27 54 17 37 45 41 51 41 49 47 52 22 66 36 36 32 15 12 15 71 36 32 31 69 30 46 41 18 53 81 37 32 10 54 34 52 27 29 24 79 12 25 61 36 34 54 60 43 69 21 32 35 63 5 18 27 70 13 
45 0 79 55 51 33 77 71 76 43 40 103 56 96 56 60 86 64 37 83 77 98 24 14 51 31 79 26 31 14 92 77 91 44 69 68 15 53 52 49 47 66 54 62 56 105 60 80 78 55 75 63 82 36 42 91 33 89 68 30 21 61 51 41 94 10 12 44 87 15 57 27 37 40 78 43 63 72 59 58 
35 79 0 51 34 47 59 19 64 39 45 44 54 39 83 55 33 29 61 3 31 41 62 86 32 70 27 76 85 76 16 35 23 52 74 49 71 56 29 31 43 83 61 48 37 42 31 28 45 38 48 99 23 55 42 27 58 28 14 56 59 97 29 56 39 70 69 74 47 73 86 53 64 55 62 39 20 9 86 27 
42 55 51 0 21 40 22 58 23 45 20 52 74 46 32 6 37 59 65 53 29 48 54 53 26 69 33 69 79 61 54 27 48 62 25 78 58 73 29 31 56 32 77 73 14 56 20 33 81 59 21 48 68 20 50 46 22 43 37 26 46 46 32 63 44 46 51 25 33 41 35 35 68 15 24 46 50 49 35 50 
21 51 34 21 0 24 40 37 43 25 11 53 54 46 51 27 36 38 48 37 27 49 41 54 5 54 29 56 66 52 42 28 41 43 46 57 47 53 8 10 36 53 57 52 10 55 10 30 59 38 32 66 48 21 30 41 24 39 20 22 34 64 11 45 44 41 42 40 41 41 54 24 51 20 42 26 29 30 54 29 
13 33 47 40 24 0 62 39 63 11 20 76 36 70 60 46 59 33 25 50 50 72 17 42 22 30 52 32 42 30 60 52 62 23 63 43 25 34 22 19 20 66 38 38 33 78 34 53 51 27 56 73 50 25 13 63 26 61 37 20 12 71 20 23 68 24 22 46 65 30 62 10 28 29 64 12 30 39 63 26 
61 77 59 22 40 62 0 71 7 65 42 40 93 36 39 17 32 75 87 60 29 37 77 73 44 91 33 91 101 84 55 25 46 83 21 95 80 92 46 49 76 32 97 92 30 46 33 32 97 77 11 53 80 42 70 42 44 40 47 48 68 52 50 84 34 68 74 40 20 63 42 57 89 37 3 66 64 60 40 67 
26 71 19 58 37 39 71 0 75 28 45 62 36 57 88 62 50 11 46 20 45 59 50 80 33 56 43 62 71 65 35 49 42 36 82 31 61 38 29 29 28 90 43 30 44 61 39 44 27 21 61 103 11 55 30 46 58 46 24 53 50 101 27 40 57 62 59 76 62 69 90 47 49 56 74 28 9 12 90 13 
64 76 64 23 43 63 7 75 0 67 43 47 96 43 34 17 38 79 88 66 35 44 77 71 47 92 39 92 101 84 61 31 53 85 15 99 80 95 50 52 79 26 99 95 33 52 37 38 101 81 17 47 85 42 72 49 43 46 52 48 69 46 53 86 41 68 73 36 26 61 36 58 91 37 5 68 69 65 34 71 
5 43 39 45 25 11 65 28 67 0 26 73 29 67 68 51 57 22 25 42 49 69 23 52 21 32 49 37 46 37 54 51 56 18 69 34 33 28 20 16 12 73 32 29 35 74 34 50 40 16 57 82 39 34 5 58 35 57 31 29 21 80 16 21 65 34 31 55 65 41 71 21 28 36 67 1 21 31 71 15 
23 40 45 20 11 20 42 45 43 26 0 62 54 56 44 27 46 43 45 48 36 58 34 43 14 48 39 49 59 44 54 37 52 42 43 60 39 53 17 16 37 48 57 55 16 65 20 40 64 41 37 58 56 11 30 52 13 49 31 11 27 56 18 43 54 30 33 31 48 30 46 15 48 11 44 27 36 40 47 35 
69 103 44 52 53 76 40 62 47 73 62 0 96 7 79 50 17 71 98 43 26 4 93 104 54 105 24 108 118 105 30 26 21 90 61 93 100 97 54 58 82 73 102 91 47 6 43 23 89 78 33 93 66 69 78 17 72 17 43 73 87 92 57 93 9 93 95 76 21 91 82 77 101 65 42 74 61 51 80 66 
32 56 54 74 54 36 93 36 96 29 54 96 0 90 96 80 81 26 20 57 74 92 33 69 50 29 74 36 41 45 71 77 77 13 98 13 42 3 47 44 17 102 6 8 63 95 61 75 24 18 85 109 41 61 24 80 62 79 53 56 39 106 44 16 89 52 45 82 91 62 98 45 21 65 96 28 35 46 99 30 
62 96 39 46 46 70 36 57 43 67 56 7 90 0 74 45 10 66 91 39 19 2 86 97 48 98 18 102 112 98 27 19 17 84 57 87 94 91 47 51 75 68 95 85 40 10 36 17 84 73 28 88 62 62 72 12 65 11 37 66 80 87 51 87 2 86 88 70 16 85 76 70 94 59 38 67 55 45 75 60 
67 56 83 32 51 60 39 88 34 68 44 79 96 74 0 30 67 87 82 86 60 75 68 46 55 81 64 79 86 68 86 57 80 83 20 103 66 94 59 59 79 11 97 98 46 84 52 64 108 85 46 16 99 35 72 77 34 74 69 40 60 14 61 82 72 52 59 14 58 42 3 50 84 32 38 70 79 80 3 78 
48 60 55 6 27 46 17 62 17 51 27 50 80 45 30 0 37 65 71 57 30 46 60 57 32 74 34 75 84 67 56 27 49 68 20 84 63 79 35 37 63 28 83 79 19 55 24 34 86 65 18 46 73 25 56 47 27 44 41 31 52 44 38 69 43 51 57 26 31 46 33 41 74 20 19 52 55 53 32 56 
52 86 33 37 36 59 32 50 38 57 46 17 81 10 67 37 0 58 82 33 9 13 76 87 37 88 8 92 102 88 24 10 15 74 51 79 83 81 37 41 66 62 86 77 30 19 26 7 77 64 22 82 56 52 62 11 55 8 28 56 70 81 41 77 9 76 78 62 14 75 69 60 85 49 34 58 47 38 68 52 
21 64 29 59 38 33 75 11 79 22 43 71 26 66 87 65 58 0 36 31 52 68 41 74 33 46 50 52 60 56 45 55 52 25 84 21 52 27 30 29 18 91 32 19 46 70 43 52 22 10 66 102 18 53 22 55 55 55 30 50 42 100 27 30 65 56 52 75 69 63 90 42 39 55 78 21 11 21 90 9 
29 37 61 65 48 25 87 46 88 25 45 98 20 91 82 71 82 36 0 64 73 94 15 51 45 10 74 17 25 25 77 76 81 10 87 32 23 16 44 41 18 89 17 27 58 98 58 75 43 26 81 93 54 49 20 83 49 81 55 43 23 91 41 6 90 34 26 68 89 45 84 32 3 53 89 24 41 53 85 35 
38 83 3 53 37 50 60 20 66 42 48 43 57 39 86 57 33 31 64 0 32 40 65 89 35 73 28 78 88 79 14 36 22 54 76 51 75 58 32 34 46 85 63 50 40 41 34 29 46 40 49 101 23 58 45 27 61 27 17 59 62 100 32 58 39 73 72 76 47 76 88 56 67 57 63 42 23 11 88 29 
44 77 31 29 27 50 29 45 35 49 36 26 74 19 60 30 9 52 73 32 0 22 67 78 28 80 4 83 93 79 27 4 20 66 46 73 74 74 29 33 58 57 79 70 21 29 17 4 72 57 18 75 52 43 54 17 46 14 22 47 61 74 32 69 18 67 69 54 17 65 63 51 76 40 32 49 41 33 62 45 
64 98 41 48 49 72 37 59 44 69 58 4 92 2 75 46 13 68 94 40 22 0 89 99 50 101 20 104 114 101 28 21 18 86 58 89 96 93 50 54 78 70 98 87 42 8 39 19 86 75 29 90 63 64 74 14 67 13 39 68 83 89 53 89 4 88 91 72 18 87 78 73 97 61 39 70 57 47 76 63 
27 24 62 54 41 17 77 50 77 23 34 93 33 86 68 60 76 41 15 65 67 89 0 37 39 14 69 15 26 15 76 69 78 20 75 44 11 30 39 35 23 76 31 38 49 94 51 69 54 32 72 79 60 36 20 79 36 77 53 30 9 77 36 17 85 19 12 54 81 30 70 20 16 41 79 23 43 53 71 37 
54 14 86 53 54 42 73 80 71 52 43 104 69 97 46 57 87 74 51 89 78 99 37 0 55 45 81 40 44 28 96 78 95 57 62 80 28 66 58 55 58 57 68 75 57 107 62 82 90 67 74 51 91 35 53 94 32 92 73 32 32 49 57 54 95 18 25 36 86 13 47 33 51 39 74 53 72 79 49 67 
17 51 32 26 5 22 44 33 47 21 14 54 50 48 55 32 37 33 45 35 28 50 39 55 0 51 30 54 64 51 41 31 41 39 51 52 46 49 4 5 32 57 53 48 14 56 13 31 55 34 36 70 44 24 27 41 27 39 18 24 33 68 6 42 46 41 42 44 44 42 58 24 48 24 46 22 24 26 58 24 
37 31 70 69 54 30 91 56 92 32 48 105 29 98 81 74 88 46 10 73 80 101 14 45 51 0 81 8 15 18 85 82 89 20 89 41 17 25 51 47 28 89 24 36 63 106 64 82 53 35 85 91 64 51 28 90 50 89 63 44 23 89 48 16 97 31 23 68 94 41 83 34 8 55 93 32 50 62 84 44 
45 79 27 33 29 52 33 43 39 49 39 24 74 18 64 34 8 50 74 28 4 20 69 81 30 81 0 84 94 81 22 8 15 66 51 72 76 74 30 34 58 61 79 69 24 26 19 1 70 56 22 80 50 46 54 13 50 11 20 50 63 78 33 69 16 69 71 58 19 68 67 53 77 43 36 50 39 31 66 44 
41 26 76 69 56 32 91 62 92 37 49 108 36 102 79 75 92 52 17 78 83 104 15 40 54 8 84 0 10 12 90 84 93 27 88 49 13 33 54 51 34 87 32 44 65 110 66 85 60 42 87 88 70 50 33 94 49 93 68 44 23 85 51 23 100 27 19 65 97 38 80 34 15 55 93 37 56 67 82 50 
51 31 85 79 66 42 101 71 101 46 59 118 41 112 86 84 102 60 25 88 93 114 26 44 64 15 94 10 0 19 100 95 103 35 97 54 21 38 64 61 42 96 36 50 75 120 76 95 66 50 97 94 78 59 43 104 58 103 77 53 33 92 61 30 110 35 28 73 107 45 88 44 22 64 103 46 65 76 89 59 
41 14 76 61 52 30 84 65 84 37 44 105 45 98 68 67 88 56 25 79 79 101 15 28 51 18 81 12 19 0 90 80 91 34 78 57 5 41 52 48 38 77 42 52 59 107 62 82 68 47 81 76 75 42 35 92 40 90 66 36 18 74 49 30 97 17 10 55 91 26 69 28 24 47 85 38 58 68 71 52 
49 92 16 54 42 60 55 35 61 54 54 30 71 27 86 56 24 45 77 14 27 28 76 96 41 85 22 90 100 90 0 30 10 67 73 65 85 72 39 42 59 83 77 64 42 27 36 23 60 54 44 101 37 63 57 15 66 17 24 65 72 100 41 72 27 82 82 78 39 84 89 65 80 61 58 54 36 25 88 42 
47 77 35 27 28 52 25 49 31 51 37 26 77 19 57 27 10 55 76 36 4 21 69 78 31 82 8 84 95 80 30 0 22 69 43 77 75 77 31 35 61 54 82 74 21 29 18 7 76 60 14 73 56 43 56 19 46 16 25 47 62 72 35 72 17 67 70 52 14 66 60 52 79 40 28 52 44 37 59 48 
52 91 23 48 41 62 46 42 53 56 52 21 77 17 80 49 15 52 81 22 20 18 78 95 41 89 15 93 103 91 10 22 0 72 65 72 86 77 39 43 63 76 82 71 38 19 33 16 68 59 36 95 45 60 61 5 64 7 25 63 73 94 42 76 17 81 82 74 29 82 83 65 84 58 49 57 41 30 81 47 
22 44 52 62 43 23 83 36 85 18 42 90 13 84 83 68 74 25 10 54 66 86 20 57 39 20 66 27 35 34 67 69 72 0 86 24 30 11 38 34 8 89 15 18 53 90 52 67 34 15 75 95 43 48 13 74 49 73 47 43 25 93 34 5 82 39 32 69 82 49 85 32 13 52 85 17 31 43 86 25 
66 69 74 25 46 63 21 82 15 69 43 61 98 57 20 20 51 84 87 76 46 58 75 62 51 89 51 88 97 78 73 43 65 86 0 102 75 96 54 56 80 12 100 98 38 66 43 50 106 84 30 32 92 38 74 62 39 59 60 45 66 32 57 86 55 62 69 26 41 54 22 55 90 34 19 70 74 73 20 75 
36 68 49 78 57 43 95 31 99 34 60 93 13 87 103 84 79 21 32 51 73 89 44 80 52 41 72 49 54 57 65 77 72 24 102 0 54 16 49 47 24 107 18 6 66 91 63 73 12 18 86 116 32 68 31 76 69 76 52 63 49 114 46 27 87 62 56 89 91 72 105 53 33 71 98 33 33 42 106 29 
36 15 71 58 47 25 80 61 80 33 39 100 42 94 66 63 83 52 23 75 74 96 11 28 46 17 76 13 21 5 85 75 86 30 75 54 0 39 47 43 34 75 40 48 55 102 57 77 64 43 76 75 70 38 31 87 37 85 62 32 13 73 45 27 92 14 7 53 87 25 67 24 22 43 82 33 53 63 69 47 
32 53 56 73 53 34 92 38 95 28 53 97 3 91 94 79 81 27 16 58 74 93 30 66 49 25 74 33 38 41 72 77 77 11 96 16 39 0 47 44 16 100 5 12 62 96 61 75 28 18 85 106 43 59 23 80 60 80 54 54 36 104 43 13 90 49 42 80 91 59 96 43 17 63 95 27 36 47 97 30 
15 52 29 29 8 22 46 29 50 20 17 54 47 47 59 35 37 30 44 32 29 50 39 58 4 51 30 54 64 52 39 31 39 38 54 49 47 47 0 4 30 61 51 45 17 55 14 31 52 31 38 74 40 27 25 40 30 38 15 27 34 72 4 40 46 42 43 47 45 45 61 26 47 27 49 21 21 23 61 21 
12 49 31 31 10 19 49 29 52 16 16 58 44 51 59 37 41 29 41 34 33 54 35 55 5 47 34 51 61 48 42 35 43 34 56 47 43 44 4 0 27 62 48 43 19 59 17 35 50 29 41 74 40 26 22 44 29 42 19 25 30 72 2 37 50 39 39 47 48 43 62 23 44 27 52 17 20 25 62 20 
15 47 43 56 36 20 76 28 79 12 37 82 17 75 79 63 66 18 18 46 58 78 23 58 32 28 58 34 42 38 59 61 63 8 80 24 34 16 30 27 0 85 21 18 46 82 45 59 32 9 68 93 37 45 7 66 46 65 39 40 26 90 27 12 74 40 35 66 75 49 82 30 21 48 79 10 23 35 82 17 
71 66 83 32 53 66 32 90 26 73 48 73 102 68 11 28 62 91 89 85 57 70 76 57 57 89 61 87 96 77 83 54 76 89 12 107 75 100 61 62 85 0 103 103 46 78 52 61 112 89 41 20 100 41 78 73 40 70 69 46 67 20 64 89 66 60 68 22 52 51 12 57 91 37 31 75 82 81 10 82 
36 54 61 77 57 38 97 43 99 32 57 102 6 95 97 83 86 32 17 63 79 98 31 68 53 24 79 32 36 42 77 82 82 15 100 18 40 5 51 48 21 103 0 15 67 101 66 80 30 23 89 109 47 63 27 85 63 85 59 57 38 107 48 15 94 51 43 83 96 61 99 46 17 67 99 31 41 52 100 35 
32 62 48 73 52 38 92 30 95 29 55 91 8 85 98 79 77 19 27 50 70 87 38 75 48 36 69 44 50 52 64 74 71 18 98 6 48 12 45 43 18 103 15 0 62 90 59 71 16 14 83 111 33 63 25 74 64 74 49 58 43 109 42 22 84 57 50 84 88 66 100 48 28 66 94 28 30 40 101 26 
31 56 37 14 10 33 30 44 33 35 16 47 63 40 46 19 30 46 58 40 21 42 49 57 14 63 24 65 75 59 42 21 38 53 38 66 55 62 17 19 46 46 67 62 0 49 6 24 68 48 23 61 54 22 40 37 26 34 23 26 42 60 20 55 38 46 49 37 32 45 49 31 61 20 33 36 36 35 48 38 
69 105 42 56 55 78 46 61 52 74 65 6 95 10 84 55 19 70 98 41 29 8 94 107 56 106 26 110 120 107 27 29 19 90 66 91 102 96 55 59 82 78 101 90 49 0 45 25 87 78 38 98 64 72 78 16 75 17 43 75 89 97 58 94 12 95 97 80 26 94 86 79 101 68 47 74 60 49 85 66 
30 60 31 20 10 34 33 39 37 34 20 43 61 36 52 24 26 43 58 34 17 39 51 62 13 64 19 66 76 62 36 18 33 52 43 63 57 61 14 17 45 52 66 59 6 45 0 20 64 45 24 67 49 28 39 32 31 30 17 30 44 66 18 54 35 50 52 43 31 49 55 34 61 25 35 35 32 30 54 34 
46 80 28 33 30 53 32 44 38 50 40 23 75 17 64 34 7 52 75 29 4 19 69 82 31 82 1 85 95 82 23 7 16 67 50 73 77 75 31 35 59 61 80 71 24 25 20 0 71 57 21 79 51 47 55 13 50 10 22 50 64 78 34 71 15 70 72 58 18 69 67 54 78 44 35 51 40 32 66 45 
41 78 45 81 59 51 97 27 101 40 64 89 24 84 108 86 77 22 43 46 72 86 54 90 55 53 70 60 66 68 60 76 68 34 106 12 64 28 52 50 32 112 30 16 68 87 64 71 0 24 87 122 24 74 38 72 75 72 50 70 58 120 49 38 83 72 66 95 89 80 111 61 45 76 99 39 32 39 111 31 
18 55 38 59 38 27 77 21 81 16 41 78 18 73 85 65 64 10 26 40 57 75 32 67 34 35 56 42 50 47 54 60 59 15 84 18 43 18 31 29 9 89 23 14 48 78 45 57 24 0 69 99 28 50 14 62 51 62 36 46 34 96 27 20 72 48 43 72 74 57 87 37 28 52 80 15 18 29 88 12 
53 75 48 21 32 56 11 61 17 57 37 33 85 28 46 18 22 66 81 49 18 29 72 74 36 85 22 87 97 81 44 14 36 75 30 86 76 85 38 41 68 41 89 83 23 38 24 21 87 69 0 60 69 40 62 32 43 29 37 45 64 60 42 77 26 66 70 43 13 62 49 53 83 36 14 58 55 50 47 58 
81 63 99 48 66 73 53 103 47 82 58 93 109 88 16 46 82 102 93 101 75 90 79 51 70 91 80 88 94 76 101 73 95 95 32 116 75 106 74 74 93 20 109 111 61 98 67 79 122 99 60 0 114 49 86 92 47 89 85 53 71 2 76 94 86 61 69 27 72 50 13 63 95 47 51 83 94 96 14 93 
37 82 23 68 48 50 80 11 85 39 56 66 41 62 99 73 56 18 54 23 52 63 60 91 44 64 50 70 78 75 37 56 45 43 92 32 70 43 40 40 37 100 47 33 54 64 49 51 24 28 69 114 0 67 40 50 69 50 32 65 60 112 38 48 61 73 70 87 69 80 101 59 56 67 83 38 20 20 101 24 
32 36 55 20 21 25 42 55 42 34 11 69 61 62 35 25 52 53 49 58 43 64 36 35 24 51 46 50 59 42 63 43 60 48 38 68 38 59 27 26 45 41 63 63 22 72 28 47 74 50 40 49 67 0 37 59 3 57 41 6 28 47 28 48 60 26 32 22 52 23 37 17 51 5 44 35 46 50 38 44 
10 42 42 50 30 13 70 30 72 5 30 78 24 72 72 56 62 22 20 45 54 74 20 53 27 28 54 33 43 35 57 56 61 13 74 31 31 23 25 22 7 78 27 25 40 78 39 55 38 14 62 86 40 37 0 63 39 61 36 33 21 83 21 15 70 35 30 59 70 43 75 23 23 41 72 4 23 34 75 17 
54 91 27 46 41 63 42 46 49 58 52 17 80 12 77 47 11 55 83 27 17 14 79 94 41 90 13 94 104 92 15 19 5 74 62 76 87 80 40 44 66 73 85 74 37 16 32 13 72 62 32 92 50 59 63 0 63 3 27 62 74 91 43 78 12 81 83 71 24 81 80 65 86 57 45 59 45 34 78 50 
34 33 58 22 24 26 44 58 43 35 13 72 62 65 34 27 55 55 49 61 46 67 36 32 27 50 50 49 58 40 66 46 64 49 39 69 37 60 30 29 46 40 63 64 26 75 31 50 75 51 43 47 69 3 39 63 0 60 44 6 27 45 31 49 63 24 30 20 55 20 36 17 51 7 46 36 49 53 37 47 
52 89 28 43 39 61 40 46 46 57 49 17 79 11 74 44 8 55 81 27 14 13 77 92 39 89 11 93 103 90 17 16 7 73 59 76 85 80 38 42 65 70 85 74 34 17 30 10 72 62 29 89 50 57 61 3 60 0 26 60 72 88 41 77 11 79 81 68 22 79 77 63 84 54 42 57 44 34 75 49 
27 68 14 37 20 37 47 24 52 31 31 43 53 37 69 41 28 30 55 17 22 39 53 73 18 63 20 68 77 66 24 25 25 47 60 52 62 54 15 19 39 69 59 49 23 43 17 22 50 36 37 85 32 41 36 27 44 26 0 42 48 83 17 51 36 58 58 59 39 60 72 41 59 40 50 32 19 13 71 24 
29 30 56 26 22 20 48 53 48 29 11 73 56 66 40 31 56 50 43 59 47 68 30 32 24 44 50 44 53 36 65 47 63 43 45 63 32 54 27 25 40 46 57 58 26 75 30 50 70 46 45 53 65 6 33 62 6 60 42 0 22 51 27 43 64 21 26 26 57 19 42 11 45 11 50 31 44 50 43 42 
24 21 59 46 34 12 68 50 69 21 27 87 39 80 60 52 70 42 23 62 61 83 9 32 33 23 63 23 33 18 72 62 73 25 66 49 13 36 34 30 26 67 38 43 42 89 44 64 58 34 64 71 60 28 21 74 27 72 48 22 0 69 31 24 79 14 10 46 74 23 61 11 24 32 70 22 42 51 63 36 
79 61 97 46 64 71 52 101 46 80 56 92 106 87 14 44 81 100 91 100 74 89 77 49 68 89 78 85 92 74 100 72 94 93 32 114 73 104 72 72 90 20 107 109 60 97 66 78 120 96 60 2 112 47 83 91 45 88 83 51 69 0 74 92 85 58 67 25 71 48 11 61 92 45 51 81 92 94 12 91 
12 51 29 32 11 20 50 27 53 16 18 57 44 51 61 38 41 27 41 32 32 53 36 57 6 48 33 51 61 49 41 35 42 34 57 46 45 43 4 2 27 64 48 42 20 58 18 34 49 27 42 76 38 28 21 43 31 41 17 27 31 74 0 37 49 41 41 49 48 44 64 24 44 29 53 17 18 23 64 18 
25 41 56 63 45 23 84 40 86 21 43 93 16 87 82 69 77 30 6 58 69 89 17 54 42 16 69 23 30 30 72 72 76 5 86 27 27 13 40 37 12 89 15 22 55 94 54 71 38 20 77 94 48 48 15 78 49 77 51 43 24 92 37 0 86 36 29 68 85 47 84 32 9 52 87 20 36 47 85 29 
61 94 39 44 44 68 34 57 41 65 54 9 89 2 72 43 9 65 90 39 18 4 85 95 46 97 16 100 110 97 27 17 17 82 55 87 92 90 46 50 74 66 94 84 38 12 35 15 83 72 26 86 61 60 70 12 63 11 36 64 79 85 49 86 0 84 87 68 15 83 74 68 93 57 36 66 54 45 73 59 
36 10 70 46 41 24 68 62 68 34 30 93 52 86 52 51 76 56 34 73 67 88 19 18 41 31 69 27 35 17 82 67 81 39 62 62 14 49 42 39 40 60 51 57 46 95 50 70 72 48 66 61 73 26 35 81 24 79 58 21 14 58 41 36 84 0 8 38 78 11 53 17 35 31 70 35 54 63 54 49 
34 12 69 51 42 22 74 59 73 31 33 95 45 88 59 57 78 52 26 72 69 91 12 25 42 23 71 19 28 10 82 70 82 32 69 56 7 42 43 39 35 68 43 50 49 97 52 72 66 43 70 69 70 32 30 83 30 81 58 26 10 67 41 29 87 8 0 46 81 19 61 18 27 36 75 31 51 61 62 46 
54 44 74 25 40 46 40 76 36 55 31 76 82 70 14 26 62 75 68 76 54 72 54 36 44 68 58 65 73 55 78 52 74 69 26 89 53 80 47 47 66 22 83 84 37 80 43 58 95 72 43 27 87 22 59 71 20 68 59 26 46 25 49 68 68 38 46 0 56 29 16 37 70 20 40 56 67 70 17 66 
60 87 47 33 41 65 20 62 26 65 48 21 91 16 58 31 14 69 89 47 17 18 81 86 44 94 19 97 107 91 39 14 29 82 41 91 87 91 45 48 75 52 96 88 32 26 31 18 89 74 13 72 69 52 70 24 55 22 39 57 74 71 48 85 15 78 81 56 0 74 61 63 92 48 22 66 58 50 59 62 
43 15 73 41 41 30 63 69 61 41 30 91 62 85 42 46 75 63 45 76 65 87 30 13 42 41 68 38 45 26 84 66 82 49 54 72 25 59 45 43 49 51 61 66 45 94 49 69 80 57 62 50 80 23 43 81 20 79 60 19 23 48 44 47 83 11 19 29 74 0 43 21 45 27 64 42 60 67 44 56 
69 57 86 35 54 62 42 90 36 71 46 82 98 76 3 33 69 90 84 88 63 78 70 47 58 83 67 80 88 69 89 60 83 85 22 105 67 96 61 62 82 12 99 100 49 86 55 67 111 87 49 13 101 37 75 80 36 77 72 42 61 11 64 84 74 53 61 16 61 43 0 53 85 35 41 72 82 83 2 81 
21 27 53 35 24 10 57 47 58 21 15 77 45 70 50 41 60 42 32 56 51 73 20 33 24 34 53 34 44 28 65 52 65 32 55 53 24 43 26 23 30 57 46 48 31 79 34 54 61 37 53 63 59 17 23 65 17 63 41 11 11 61 24 32 68 17 18 37 63 21 53 0 34 21 59 22 39 46 54 35 
32 37 64 68 51 28 89 49 91 28 48 101 21 94 84 74 85 39 3 67 76 97 16 51 48 8 77 15 22 24 80 79 84 13 90 33 22 17 47 44 21 91 17 28 61 101 61 78 45 28 83 95 56 51 23 86 51 84 59 45 24 92 44 9 93 35 27 70 92 45 85 34 0 55 92 27 44 56 87 38 
35 40 55 15 20 29 37 56 37 36 11 65 65 59 32 20 49 55 53 57 40 61 41 39 24 55 43 55 64 47 61 40 58 52 34 71 43 63 27 27 48 37 67 66 20 68 25 44 76 52 36 47 67 5 41 57 7 54 40 11 32 45 29 52 57 31 36 20 48 27 35 21 55 0 39 38 47 50 35 46 
63 78 62 24 42 64 3 74 5 67 44 42 96 38 38 19 34 78 89 63 32 39 79 74 46 93 36 93 103 85 58 28 49 85 19 98 82 95 49 52 79 31 99 94 33 47 35 35 99 80 14 51 83 44 72 45 46 42 50 50 70 51 53 87 36 70 75 40 22 64 41 59 92 39 0 68 67 63 39 70 
5 43 39 46 26 12 66 28 68 1 27 74 28 67 70 52 58 21 24 42 49 70 23 53 22 32 50 37 46 38 54 52 57 17 70 33 33 27 21 17 10 75 31 28 36 74 35 51 39 15 58 83 38 35 4 59 36 57 32 31 22 81 17 20 66 35 31 56 66 42 72 22 27 38 68 0 20 31 73 15 
18 63 20 50 29 30 64 9 69 21 36 61 35 55 79 55 47 11 41 23 41 57 43 72 24 50 39 56 65 58 36 44 41 31 74 33 53 36 21 20 23 82 41 30 36 60 32 40 32 18 55 94 20 46 23 45 49 44 19 44 42 92 18 36 54 54 51 67 58 60 82 39 44 47 67 20 0 12 82 6 
27 72 9 49 30 39 60 12 65 31 40 51 46 45 80 53 38 21 53 11 33 47 53 79 26 62 31 67 76 68 25 37 30 43 73 42 63 47 23 25 35 81 52 40 35 49 30 32 39 29 50 96 20 50 34 34 53 34 13 50 51 94 23 47 45 63 61 70 50 67 83 46 56 50 63 31 12 0 83 18 
70 59 86 35 54 63 40 90 34 71 47 80 99 75 3 32 68 90 85 88 62 76 71 49 58 84 66 82 89 71 88 59 81 86 20 106 69 97 61 62 82 10 100 101 48 85 54 66 111 88 47 14 101 38 75 78 37 75 71 43 63 12 64 85 73 54 62 17 59 44 2 54 87 35 39 73 82 83 0 81 
13 58 27 50 29 26 67 13 71 15 35 66 30 60 78 56 52 9 35 29 45 63 37 67 24 44 44 50 59 52 42 48 47 25 75 29 47 30 21 20 17 82 35 26 38 66 34 45 31 12 58 93 24 44 17 50 47 49 24 42 36 91 18 29 59 49 46 66 62 56 81 35 38 46 70 15 6 18 81 0 
0 407 1453 7 330 0 81 0 3000 16 877 9 17 988 377 166 1307 3000 50 140 0 261 667 184 0 49 116 0 8 43 62 57 630 129 246 875 0 1193 2159 228 13 152 238 83 0 0 1023 0 0 27 551 192 93 63 109 0 79 18 607 55 18 723 14 9 1223 143 917 0 31 0 27 18 22 74 370 226 160 32 2114 503 
407 0 3000 31 727 3000 23 0 151 178 141 42 267 16 37 1078 831 783 3000 600 147 32 7 137 463 668 19 175 57 48 108 112 41 941 1577 1865 0 181 9 33 1524 17 78 105 722 117 209 85 48 37 33 89 2292 11 177 120 37 299 223 0 1565 53 99 0 2022 15 8 622 13 47 10 93 185 457 1927 23 503 768 11 42 
1453 3000 0 26 21 0 488 0 1565 16 85 120 255 60 19 199 19 2224 0 31 0 39 60 11 0 13 3000 0 16 64 824 71 454 15 107 17 0 31 660 845 58 138 292 14 0 0 130 0 0 570 100 230 26 108 266 0 33 2403 301 1424 2692 133 11 29 415 328 310 591 100 0 1592 2903 8 2127 849 1270 89 1148 0 68 
7 31 26 0 284 20 287 385 0 123 1652 115 82 3000 578 410 278 22 1547 477 15 71 0 11 827 262 78 19 173 275 30 805 2122 141 22 284 448 200 40 457 420 158 19 11 234 10 79 11 1124 87 44 42 30 330 16 137 2851 43 60 0 127 11 9 0 37 464 290 73 1354 62 33 274 101 133 0 42 9 123 141 67 
330 727 21 284 0 8 83 0 82 13 131 492 91 12 25 99 2881 1933 706 51 85 8 3000 8 31 34 77 11 34 113 8 175 35 139 475 78 0 144 141 102 145 58 2146 14 122 32 203 49 27 35 3000 1818 41 622 420 8 109 180 65 0 53 48 910 245 120 57 12 110 37 24 1357 17 609 299 144 16 1107 119 105 20 
0 3000 0 20 8 0 80 0 0 27 0 1399 236 0 241 9 584 29 64 368 31 0 0 0 59 74 3000 100 0 0 25 34 0 41 111 97 0 0 0 10 33 0 17 0 77 914 0 83 406 0 0 19 20 0 106 29 17 0 26 0 0 0 16 0 3000 105 0 352 26 272 53 1007 3000 7 0 195 0 12 22 176 
81 23 488 287 83 80 0 69 0 116 672 27 52 1220 563 769 179 10 27 13 36 581 0 181 7 678 7 52 38 178 367 21 368 547 24 10 2298 15 474 55 788 44 28 13 0 2100 9 0 0 21 62 27 480 164 12 383 13 29 85 362 10 300 935 14 9 1402 8 432 11 187 358 23 826 50 61 30 9 0 37 36 
0 0 0 385 0 0 69 0 0 0 0 58 0 279 0 0 1910 0 0 0 57 0 0 16 92 0 0 0 0 0 37 105 0 19 0 0 2079 0 0 658 0 0 0 0 0 61 0 0 0 0 0 0 0 0 0 0 0 0 0 0 0 0 0 0 0 0 205 366 36 19 43 1233 61 610 0 716 0 0 0 0 
3000 151 1565 0 82 0 0 0 0 36 0 195 3000 0 11 175 0 249 3000 84 0 11 10 0 0 268 203 0 928 35 0 0 14 0 78 19 0 285 447 0 726 16 1719 18 0 0 0 0 0 141 0 62 36 66 45 0 195 36 14 0 69 303 21 0 397 445 0 0 0 0 0 0 0 7 0 0 79 70 1094 56 
16 178 16 123 13 27 116 0 36 0 10 98 19 100 56 3000 21 13 780 84 16 95 2215 71 2624 214 284 124 325 17 47 2759 32 528 14 272 0 1259 1281 8 36 646 124 95 8 112 242 934 27 76 1061 31 298 206 53 21 212 457 15 0 10 23 12 13 261 86 324 42 481 13 18 77 30 688 90 13 18 32 100 7 
877 141 85 1652 131 0 672 0 0 10 0 90 27 3000 0 41 252 279 0 104 0 623 0 191 0 1350 33 0 165 35 529 54 216 36 213 251 0 21 450 1293 24 49 130 29 0 0 14 0 0 114 435 17 198 1539 345 0 62 201 763 12 55 533 187 33 35 12 145 350 248 380 20 11 33 92 73 348 272 0 0 74 
9 42 120 115 492 1399 27 58 195 98 90 0 1877 1424 24 9 52 8 250 169 693 122 14 293 40 8 65 248 10 25 21 236 46 121 13 65 40 593 3000 389 480 176 288 32 0 136 590 0 0 1235 156 25 17 11 1518 199 3000 259 7 84 165 29 93 218 313 67 14 718 47 86 478 47 160 307 62 21 291 377 49 1366 
17 267 255 82 91 236 52 0 3000 19 27 1877 0 140 59 320 50 7 200 12 0 358 96 15 0 18 3000 0 15 17 40 15 500 122 308 3000 0 17 142 89 12 3000 86 219 0 0 31 0 0 1367 91 24 404 190 74 8 3000 853 152 88 121 61 212 96 28 24 126 18 970 0 28 237 216 23 281 9 1624 1695 52 16 
988 16 60 3000 12 0 1220 279 0 100 3000 1424 140 0 0 285 814 0 0 506 0 8 0 34 144 24 0 0 1679 90 51 10 1432 118 9 310 29 675 291 607 132 9 17 76 0 37 82 0 0 123 77 186 0 94 33 0 457 27 49 327 124 250 22 1125 561 128 16 391 526 22 30 50 1176 77 1429 87 98 0 0 13 
377 37 19 578 25 241 563 0 11 56 0 24 59 0 0 48 106 127 1412 790 28 8 22 0 267 41 83 19 407 111 31 490 368 24 215 48 0 712 15 126 350 654 122 228 45 992 26 591 123 195 0 50 22 0 35 321 342 10 477 0 0 0 451 0 286 52 0 138 24 179 604 14 55 27 0 921 61 13 15 208 
166 1078 199 410 99 9 769 0 175 3000 41 9 320 285 48 0 48 122 24 193 19 264 17 8 195 22 9 138 23 807 96 205 106 569 100 48 0 92 1129 25 1073 14 91 352 182 16 649 44 29 38 210 363 83 89 2816 189 14 46 3000 87 54 191 115 955 757 10 107 2720 54 0 426 8 8 755 93 15 189 58 480 40 
1307 831 19 278 2881 584 179 1910 0 21 252 52 50 814 106 48 0 721 11 43 46 110 0 1444 211 15 211 32 203 64 276 236 3000 16 111 184 2493 2976 29 20 41 29 72 145 24 14 2283 3000 1064 46 120 1033 1065 383 45 27 117 11 338 0 736 926 24 0 102 16 12 178 584 21 21 40 7 261 0 871 166 1665 463 128 
3000 783 2224 22 1933 29 10 0 249 13 279 8 7 0 127 122 721 0 401 10 23 24 38 17 108 56 105 100 24 219 3000 115 23 28 49 1021 0 7 16 458 82 141 24 44 46 205 15 1945 35 35 0 112 1495 455 29 1130 286 66 74 0 0 0 131 0 22 270 0 29 1725 93 878 17 11 32 0 14 122 30 71 64 
50 3000 0 1547 706 64 27 0 3000 780 0 250 200 0 1412 24 11 401 0 1303 63 275 280 0 1154 122 619 103 12 17 22 0 325 0 94 14 0 199 56 44 16 307 559 0 143 220 0 220 1142 321 0 302 1765 0 40 3000 161 56 840 0 0 0 827 0 98 182 0 0 115 0 137 95 1360 179 0 120 173 156 149 240 
140 600 31 477 51 368 13 0 84 84 104 169 12 506 790 193 43 10 1303 0 47 70 126 375 1273 3000 16 30 125 39 9 10 158 268 3000 885 0 8 64 132 176 413 24 37 0 164 74 87 42 100 554 7 17 17 18 828 1794 115 84 319 30 42 26 12 47 218 12 16 381 9 27 499 104 258 319 12 728 64 262 617 
0 147 0 15 85 31 36 57 0 16 0 693 0 0 28 19 46 23 63 47 0 0 0 681 57 1333 0 18 0 0 112 586 0 211 206 3000 1267 0 0 32 25 0 97 0 9 1863 0 155 15 0 0 539 144 0 204 245 41 0 98 0 0 0 593 0 0 0 0 35 15 29 46 99 41 12 0 578 0 0 13 914 
261 32 39 71 8 0 581 0 11 95 623 122 358 8 8 264 110 24 275 70 0 0 108 978 0 1636 215 0 13 42 51 121 302 1417 51 77 0 11 132 101 59 7 1159 7 0 0 13 0 0 7 93 1369 7 104 55 0 14 18 679 3000 140 2264 91 111 207 1446 33 87 22 0 39 37 185 14 886 284 39 184 0 21 
667 7 60 0 3000 0 0 0 10 2215 0 14 96 0 22 17 0 38 280 126 0 108 0 0 0 55 269 0 698 10 0 0 148 0 8 268 0 1244 24 0 8 305 49 56 0 0 107 0 0 9 0 244 15 200 12 0 67 20 1194 0 13 1958 442 0 108 106 0 0 0 0 0 0 211 3000 0 0 16 21 17 389 
184 137 11 11 8 0 181 16 0 71 191 293 15 34 0 8 1444 17 0 375 681 978 0 0 20 62 0 0 134 0 296 22 821 19 709 296 470 23 0 214 0 28 12 32 0 58 22 0 0 0 57 26 0 28 80 0 48 90 454 750 22 154 9 155 0 0 183 12 10 3000 21 246 8 876 29 311 0 0 0 7 
0 463 0 827 31 59 7 92 0 2624 0 40 0 144 267 195 211 108 1154 1273 57 0 0 20 0 212 0 350 0 0 65 135 0 103 477 204 2325 0 0 60 0 0 19 0 199 25 18 32 68 0 0 446 52 0 255 42 137 0 97 0 0 0 416 0 0 0 0 1355 3000 19 108 380 883 32 0 451 0 0 270 49 
49 668 13 262 34 74 678 0 268 214 1350 8 18 24 41 22 15 56 122 3000 1333 1636 55 62 212 0 10 265 11 154 227 41 50 50 12 54 0 186 210 47 156 304 71 16 58 90 53 41 91 31 528 3000 33 47 2716 32 669 19 137 0 57 19 178 63 1836 192 1579 996 13 3000 600 15 21 52 48 181 171 124 3000 12 
116 19 3000 78 77 3000 7 0 203 284 33 65 3000 0 83 9 211 105 619 16 0 215 269 0 0 10 0 35 274 33 0 0 444 0 193 8 0 49 445 25 849 1940 63 743 0 0 248 0 0 32 2798 925 40 465 31 0 477 30 983 668 32 202 158 204 72 399 0 0 0 0 95 49 123 1529 795 150 332 166 321 1581 
0 175 0 19 11 100 52 0 0 124 0 248 0 0 19 138 32 100 103 30 18 0 0 0 350 265 35 0 0 0 121 0 0 0 41 181 0 0 0 2177 10 0 13 0 25 198 0 30 7 0 0 87 18 0 257 215 146 0 15 0 0 0 659 0 99 3000 0 18 9 42 80 61 45 45 0 2903 0 425 922 722 
8 57 16 173 34 0 38 0 928 325 165 10 15 1679 407 23 203 24 12 125 0 13 698 134 0 11 274 0 0 115 8 16 237 20 95 197 0 81 38 166 9 177 51 133 0 0 25 0 0 53 3000 31 717 27 130 0 143 10 147 112 903 23 190 329 14 580 30 0 321 0 304 62 35 483 12 354 61 21 0 14 
43 48 64 275 113 0 178 0 35 17 35 25 17 90 111 807 64 219 17 39 0 42 10 0 0 154 33 0 115 0 0 0 30 980 165 152 0 265 59 54 905 62 1986 77 0 0 1588 0 0 42 131 124 598 138 31 0 30 173 18 353 458 383 10 54 15 58 14 0 0 0 444 0 207 63 17 8 184 38 13 331 
62 108 824 30 8 25 367 37 0 47 529 21 40 51 31 96 276 3000 22 9 112 51 0 296 65 227 0 121 8 0 0 9 3000 119 49 38 118 0 0 13 54 0 90 222 373 14 15 82 419 0 258 128 108 8 184 96 8 52 79 0 0 0 1051 0 666 76 291 9 433 325 199 75 1116 79 0 340 0 0 66 65 
57 112 71 805 175 34 21 105 0 2759 54 236 15 10 490 205 236 115 0 10 586 121 0 22 135 41 0 0 16 0 9 0 30 31 123 144 125 188 0 3000 0 0 10 142 0 40 172 0 0 0 10 20 0 36 3000 208 490 531 371 100 0 0 40 0 0 0 111 107 33 170 415 208 1450 3000 7 30 0 0 16 98 
630 41 454 2122 35 0 368 0 14 32 216 46 500 1432 368 106 3000 23 325 158 0 302 148 821 0 50 444 0 237 30 3000 30 0 61 1959 68 0 1105 3000 18 25 38 307 49 0 0 16 0 0 15 1170 25 153 80 814 0 19 466 25 1216 27 487 1256 565 180 21 55 0 0 0 535 10 410 117 10 252 692 183 39 527 
129 941 15 141 139 41 547 19 0 528 36 121 122 118 24 569 16 28 0 268 211 1417 0 19 103 50 0 0 20 980 119 31 61 0 27 20 40 15 163 151 617 248 8 1864 0 243 131 0 0 906 15 9 1165 93 65 2165 376 155 11 88 25 65 32 36 212 79 101 56 246 11 478 14 3000 97 458 1293 37 0 0 309 
246 1577 107 22 475 111 24 0 78 14 213 13 308 9 215 100 111 49 94 3000 206 51 8 709 477 12 193 41 95 165 49 123 1959 27 0 300 0 12 120 89 44 817 40 85 0 9 104 0 656 375 380 82 17 945 1068 1181 3000 152 1089 24 1033 529 1449 17 154 598 20 97 3000 76 186 20 136 2240 43 19 74 9 273 153 
875 1865 17 284 78 97 10 0 19 272 251 65 3000 310 48 48 184 1021 14 885 3000 77 268 296 204 54 8 181 197 152 38 144 68 20 300 0 0 167 117 22 133 3000 3000 152 0 96 9 0 1872 273 77 8 453 37 56 126 727 173 30 14 58 728 99 82 159 13 1119 0 159 0 308 139 503 139 160 110 43 13 178 1320 
0 0 0 448 0 0 2298 2079 0 0 0 40 0 29 0 0 2493 0 0 0 1267 0 0 470 2325 0 0 0 0 0 118 125 0 40 0 0 0 0 0 1251 0 0 0 0 0 253 48 0 0 0 0 0 0 0 0 0 0 0 0 0 0 0 0 0 0 0 60 7 8 22 178 8 37 189 0 90 0 0 0 0 
1193 181 31 200 144 0 15 0 285 1259 21 593 17 675 712 92 2976 7 199 8 0 11 1244 23 0 186 49 0 81 265 0 188 1105 15 12 167 0 0 17 21 34 306 796 1157 0 0 32 0 0 35 15 98 3000 21 556 0 24 303 700 16 41 53 13 585 135 202 1925 0 0 0 1104 0 177 481 26 25 21 41 72 123 
2159 9 660 40 141 0 474 0 447 1281 450 3000 142 291 15 1129 29 16 56 64 0 132 24 0 0 210 445 0 38 59 0 0 3000 163 120 117 0 17 0 21 423 163 869 12 0 0 40 0 0 102 531 14 22 57 41 0 146 164 113 213 17 164 63 36 914 22 168 0 0 0 90 0 1276 334 21 23 101 204 25 3000 
228 33 845 457 102 10 55 658 0 8 1293 389 89 607 126 25 20 458 44 132 32 101 0 214 60 47 25 2177 166 54 13 3000 18 151 89 22 1251 21 21 0 59 93 95 585 34 41 157 273 149 15 649 123 124 510 681 7 9 13 22 0 0 11 1126 0 1352 232 97 297 3000 1381 3000 1470 74 305 0 173 33 0 36 1306 
13 1524 58 420 145 33 788 0 726 36 24 480 12 132 350 1073 41 82 16 176 25 59 8 0 0 156 849 10 9 905 54 0 25 617 44 133 0 34 423 59 0 60 1179 54 0 17 308 91 119 92 133 34 26 37 218 359 33 9 126 373 763 13 333 51 62 772 3000 0 2511 0 15 2243 2047 672 272 66 1249 19 468 17 
152 17 138 158 58 0 44 0 16 646 49 176 3000 9 654 14 29 141 307 413 0 7 305 28 0 304 1940 0 177 62 0 0 38 248 817 3000 0 306 163 93 60 0 3000 25 0 0 406 0 0 728 14 581 222 1185 109 0 161 226 31 76 946 938 48 35 24 56 163 0 0 0 38 38 581 499 124 59 150 8 678 39 
238 78 292 19 2146 17 28 0 1719 124 130 288 86 17 122 91 72 24 559 24 97 1159 49 12 19 71 63 13 51 1986 90 10 307 8 40 3000 0 796 869 95 1179 3000 0 38 0 18 329 0 52 20 26 425 3000 673 666 2718 919 11 24 13 12 10 121 252 10 192 156 180 125 52 943 2153 43 226 45 154 3000 434 86 33 
83 105 14 11 14 0 13 0 18 95 29 32 219 76 228 352 145 44 0 37 0 7 56 32 0 16 743 0 133 77 222 142 49 1864 85 152 0 1157 12 585 54 25 38 0 0 0 15 0 0 13 288 142 14 29 61 0 1852 231 12 242 91 761 2067 8 635 450 109 0 15 0 217 706 129 19 221 1088 121 89 0 21 
0 722 0 234 122 77 0 0 0 8 0 0 0 0 45 182 24 46 143 0 9 0 0 0 199 58 0 25 0 0 373 0 0 0 0 0 0 0 0 34 0 0 0 0 0 69 0 1642 107 0 0 0 112 0 0 371 0 0 170 0 0 0 0 0 0 0 0 1322 1772 405 0 560 11 0 0 0 0 0 457 0 
0 117 0 10 32 914 2100 61 0 112 0 136 0 37 992 16 14 205 220 164 1863 0 0 58 25 90 0 198 0 0 14 40 0 243 9 96 253 0 0 41 17 0 18 0 69 0 127 83 1029 0 0 294 9 0 325 31 11 0 24 0 0 0 1064 0 0 0 0 303 268 148 180 41 45 153 0 363 0 0 42 128 
1023 209 130 79 203 0 9 0 0 242 14 590 31 82 26 649 2283 15 0 74 0 13 107 22 18 53 248 0 25 1588 15 172 16 131 104 9 48 32 40 157 308 406 329 15 0 127 0 0 0 732 741 58 467 106 139 0 38 9 139 81 18 48 384 214 1028 889 41 35 629 477 590 14 476 2333 34 13 59 269 0 244 
0 85 0 11 49 83 0 0 0 934 0 0 0 0 591 44 3000 1945 220 87 155 0 0 0 32 41 0 30 0 0 82 0 0 0 0 0 0 0 0 273 91 0 0 0 1642 83 0 0 302 0 0 283 7 0 0 50 1211 0 17 0 0 0 0 0 0 193 0 98 242 59 51 173 26 0 0 0 0 0 50 0 
0 48 0 1124 27 406 0 0 0 27 0 0 0 0 123 29 1064 35 1142 42 15 0 0 0 68 91 0 7 0 0 419 0 0 0 656 1872 0 0 0 149 119 0 52 0 107 1029 0 302 0 0 0 334 871 0 51 935 171 0 150 0 0 0 267 0 12 31 0 0 28 0 0 69 553 0 0 0 0 64 215 38 
27 37 570 87 35 0 21 0 141 76 114 1235 1367 123 195 38 46 35 321 100 0 7 9 0 0 31 32 0 53 42 0 0 15 906 375 273 0 35 102 15 92 728 20 13 0 0 732 0 0 0 38 249 30 186 1553 0 966 470 42 33 427 219 41 43 57 529 413 0 0 0 18 0 99 46 74 27 3000 193 9 262 
551 33 100 44 3000 0 62 0 0 1061 435 156 91 77 0 210 120 0 0 554 0 93 0 57 0 528 2798 0 3000 131 258 10 1170 15 380 77 0 15 531 649 133 14 26 288 0 0 741 0 0 38 0 333 0 47 70 0 935 471 58 373 2165 2807 3000 394 14 1843 249 17 48 0 70 0 3000 60 8 26 456 0 0 241 
192 89 230 42 1818 19 27 0 62 31 17 25 24 186 50 363 1033 112 302 7 539 1369 244 26 446 3000 925 87 31 124 128 20 25 9 82 8 0 98 14 123 34 581 425 142 0 294 58 283 334 249 333 0 17 1885 195 150 127 92 102 535 351 636 180 16 148 28 24 27 46 196 71 218 43 266 67 744 41 246 130 186 
93 2292 26 30 41 20 480 0 36 298 198 17 404 0 22 83 1065 1495 1765 17 144 7 15 0 52 33 40 18 717 598 108 0 153 1165 17 453 0 3000 22 124 26 222 3000 14 112 9 467 7 871 30 0 17 0 38 1266 472 44 85 885 0 15 492 3000 0 2503 758 0 90 101 0 83 538 131 31 0 175 110 17 170 15 
63 11 108 330 622 0 164 0 66 206 1539 11 190 94 0 89 383 455 0 17 0 104 200 28 0 47 465 0 27 138 8 36 80 93 945 37 0 21 57 510 37 1185 673 29 0 0 106 0 0 186 47 1885 38 0 11 0 47 109 70 177 281 7 27 290 549 52 226 0 28 0 1774 0 13 510 1178 1815 49 198 0 96 
109 177 266 16 420 106 12 0 45 53 345 1518 74 33 35 2816 45 29 40 18 204 55 12 80 255 2716 31 257 130 31 184 3000 814 65 1068 56 0 556 41 681 218 109 666 61 0 325 139 0 51 1553 70 195 1266 11 0 1935 18 39 351 278 30 23 11 40 44 674 701 0 1573 0 17 1305 1721 25 15 57 43 3000 130 161 
0 120 0 137 8 29 383 0 0 21 0 199 8 0 321 189 27 1130 3000 828 245 0 0 0 42 32 0 215 0 0 96 208 0 2165 1181 126 0 0 0 7 359 0 2718 0 371 31 0 50 935 0 0 150 472 0 1935 0 115 0 55 0 0 0 149 0 360 184 0 158 9 400 3000 21 60 27 0 2253 0 771 143 26 
79 37 33 2851 109 17 13 0 195 212 62 3000 3000 457 342 14 117 286 161 1794 41 14 67 48 137 669 477 146 143 30 8 490 19 376 3000 727 0 24 146 9 33 161 919 1852 0 11 38 1211 171 966 935 127 44 47 18 115 0 1172 3000 653 112 451 107 424 70 1341 186 1725 1484 334 346 156 2365 20 116 970 3000 1166 8 1969 
18 299 2403 43 180 0 29 0 36 457 201 259 853 27 10 46 11 66 56 115 0 18 20 90 0 19 30 0 10 173 52 531 466 155 152 173 0 303 164 13 9 226 11 231 0 0 9 0 0 470 471 92 85 109 39 0 1172 0 132 52 16 1425 48 37 15 230 25 0 0 0 9 0 302 500 101 40 111 59 0 47 
607 223 301 60 65 26 85 0 14 15 763 7 152 49 477 3000 338 74 840 84 98 679 1194 454 97 137 983 15 147 18 79 371 25 11 1089 30 0 700 113 22 126 31 24 12 170 24 139 17 150 42 58 102 885 70 351 55 3000 132 0 0 20 616 63 0 48 145 367 118 194 189 13 126 3000 2657 13 166 122 13 42 217 
55 0 1424 0 0 0 362 0 0 0 12 84 88 327 0 87 0 0 0 319 0 3000 0 750 0 0 668 0 112 353 0 100 1216 88 24 14 0 16 213 0 373 76 13 242 0 0 81 0 0 33 373 535 0 177 278 0 653 52 0 0 3000 3000 71 49 0 8 15 0 0 0 8 0 0 37 90 757 418 0 0 431 
18 1565 2692 127 53 0 10 0 69 10 55 165 121 124 0 54 736 0 0 30 0 140 13 22 0 57 32 0 903 458 0 0 27 25 1033 58 0 41 17 0 763 946 12 91 0 0 18 0 0 427 2165 351 15 281 30 0 112 16 20 3000 0 7 30 22 26 568 27 0 0 0 14 0 0 512 830 104 54 99 0 503 
723 53 133 11 48 0 300 0 303 23 533 29 61 250 0 191 926 0 0 42 0 2264 1958 154 0 19 202 0 23 383 0 0 487 65 529 728 0 53 164 11 13 938 10 761 0 0 48 0 0 219 2807 636 492 7 23 0 451 1425 616 3000 7 0 60 44 66 184 103 0 0 0 2210 0 0 753 726 273 285 640 0 101 
14 99 11 9 910 16 935 0 21 12 187 93 212 22 451 115 24 131 827 26 593 91 442 9 416 178 158 659 190 10 1051 40 1256 32 1449 99 0 13 63 1126 333 48 121 2067 0 1064 384 0 267 41 3000 180 3000 27 11 149 107 48 63 71 30 60 0 13 52 20 284 602 107 376 827 15 492 287 12 762 92 56 335 28 
9 0 29 0 245 0 14 0 0 13 33 218 96 1125 0 955 0 0 0 12 0 111 0 155 0 63 204 0 329 54 0 0 565 36 17 82 0 585 36 0 51 35 252 8 0 0 214 0 0 43 394 16 0 290 40 0 424 37 0 49 22 44 13 0 937 2181 226 0 0 0 356 0 0 26 14 1622 17 0 0 169 
1223 2022 415 37 120 3000 9 0 397 261 35 313 28 561 286 757 102 22 98 47 0 207 108 0 0 1836 72 99 14 15 666 0 180 212 154 159 0 135 914 1352 62 24 10 635 0 0 1028 0 12 57 14 148 2503 549 44 360 70 15 48 0 26 66 52 937 0 499 0 0 8 0 34 29 2635 268 10 1297 17 90 237 12 
143 15 328 464 57 105 1402 0 445 86 12 67 24 128 52 10 16 270 182 218 0 1446 106 0 0 192 399 3000 580 58 76 0 21 79 598 13 0 202 22 232 772 56 192 450 0 0 889 193 31 529 1843 28 758 52 674 184 1341 230 145 8 568 184 20 2181 499 0 1692 0 392 0 19 2958 10 108 335 11 2614 477 950 198 
917 8 310 290 12 0 8 205 0 324 145 14 126 16 0 107 12 0 0 12 0 33 0 183 0 1579 0 0 30 14 291 111 55 101 20 1119 60 1925 168 97 3000 163 156 109 0 0 41 0 0 413 249 24 0 226 701 0 186 25 367 15 27 103 284 226 0 1692 0 403 787 20 75 68 0 1440 900 669 20 0 0 11 
0 622 591 73 110 352 432 366 0 42 350 718 18 391 138 2720 178 29 0 16 35 87 0 12 1355 996 0 18 0 0 9 107 0 56 97 0 7 0 0 297 0 0 180 0 1322 303 35 98 0 0 17 27 90 0 0 158 1725 0 118 0 0 0 602 0 0 0 403 0 18 28 169 2088 20 22 0 969 0 0 1984 103 
31 13 100 1354 37 26 11 36 0 481 248 47 970 526 24 54 584 1725 115 381 15 22 0 10 3000 13 0 9 321 0 433 33 0 246 3000 159 8 0 0 3000 2511 0 125 15 1772 268 629 242 28 0 48 46 101 28 1573 9 1484 0 194 0 0 0 107 0 8 392 787 18 0 363 100 3000 3000 13 0 9 0 0 32 514 
0 47 0 62 24 272 187 19 0 13 380 86 0 22 179 0 21 93 0 9 29 0 0 3000 19 3000 0 42 0 0 325 170 0 11 76 0 22 0 0 1381 0 0 52 0 405 148 477 59 0 0 0 196 0 0 0 400 334 0 189 0 0 0 376 0 0 0 20 28 363 0 753 48 33 362 0 179 0 0 10 0 
27 10 1592 33 1357 53 358 43 0 18 20 478 28 30 604 426 21 878 137 27 46 39 0 21 108 600 95 80 304 444 199 415 535 478 186 308 178 1104 90 3000 15 38 943 217 0 180 590 51 0 18 70 71 83 1774 17 3000 346 9 13 8 14 2210 827 356 34 19 75 169 100 753 0 369 2012 53 490 27 321 0 71 673 
18 93 2903 274 17 1007 23 1233 0 77 11 47 237 50 14 8 40 17 95 499 99 37 0 246 380 15 49 61 62 0 75 208 10 14 20 139 8 0 0 1470 2243 38 2153 706 560 41 14 173 69 0 0 218 538 0 1305 21 156 0 126 0 0 0 15 0 29 2958 68 2088 3000 48 369 0 24 1796 0 224 0 0 25 3000 
22 185 8 101 609 3000 826 61 0 30 33 160 216 1176 55 8 7 11 1360 104 41 185 211 8 883 21 123 45 35 207 1116 1450 410 3000 136 503 37 177 1276 74 2047 581 43 129 11 45 476 26 553 99 3000 43 131 13 1721 60 2365 302 3000 0 0 0 492 0 2635 10 0 20 3000 33 2012 24 0 1251 0 126 11 195 860 37 
74 457 2127 133 299 7 50 610 7 688 92 307 23 77 27 755 261 32 179 258 12 14 3000 876 32 52 1529 45 483 63 79 3000 117 97 2240 139 189 481 334 305 672 499 226 19 0 153 2333 0 0 46 60 266 31 510 25 27 20 500 2657 37 512 753 287 26 268 108 1440 22 13 362 53 1796 1251 0 65 42 101 13 58 18 
370 1927 849 0 144 0 61 0 0 90 73 62 281 1429 0 93 0 0 0 319 0 886 0 29 0 48 795 0 12 17 0 7 10 458 43 160 0 26 21 0 272 124 45 221 0 0 34 0 0 74 8 67 0 1178 15 0 116 101 13 90 830 726 12 14 10 335 900 0 0 0 490 0 0 65 0 12 13 0 0 45 
226 23 1270 42 16 195 30 716 0 13 348 21 9 87 921 15 871 14 120 12 578 284 0 311 451 181 150 2903 354 8 340 30 252 1293 19 110 90 25 23 173 66 59 154 1088 0 363 13 0 0 27 26 744 175 1815 57 2253 970 40 166 757 104 273 762 1622 1297 11 669 969 9 179 27 224 126 42 12 0 8 534 685 18 
160 503 89 9 1107 0 9 0 79 18 272 291 1624 98 61 189 166 122 173 728 0 39 16 0 0 171 332 0 61 184 0 0 692 37 74 43 0 21 101 33 1249 150 3000 121 0 0 59 0 0 3000 456 41 110 49 43 0 3000 111 122 418 54 285 92 17 17 2614 20 0 0 0 321 0 11 101 13 8 0 1238 577 42 
32 768 1148 123 119 12 0 0 70 32 0 377 1695 0 13 58 1665 30 156 64 0 184 21 0 0 124 166 425 21 38 0 0 183 0 9 13 0 41 204 0 19 8 434 89 0 0 269 0 64 193 0 246 17 198 3000 771 1166 59 13 0 99 640 56 0 90 477 0 0 0 0 0 0 195 13 0 534 1238 0 637 336 
2114 11 0 141 105 22 37 0 1094 100 0 49 52 0 15 480 463 71 149 262 13 0 17 0 270 3000 321 922 0 13 66 16 39 0 273 178 0 72 25 36 468 678 86 0 457 42 0 50 215 9 0 130 170 0 130 143 8 0 42 0 0 0 335 0 237 950 0 1984 32 10 71 25 860 58 0 685 577 637 0 31 
