80
0 67 11 36 37 65 61 47 38 42 31 45 16 69 27 16 66 54 38 58 55 86 66 38 50 42 50 41 11 16 71 59 37 80 73 54 20 15 47 31 54 63 85 43 62 32 28 37 40 20 63 90 38 51 64 65 48 63 33 53 56 39 84 60 23 76 26 12 75 60 15 26 67 27 13 20 4 85 49 64 
67 0 78 31 49 67 42 86 42 99 62 85 52 19 73 63 94 26 99 12 113 30 101 64 17 56 55 75 57 77 100 99 93 68 80 50 57 63 68 60 78 26 69 96 69 52 69 31 66 68 74 100 101 23 16 82 94 84 70 15 53 85 27 101 54 74 42 58 70 44 75 64 40 46 57 49 63 26 36 23 
11 78 0 47 45 71 70 47 47 36 37 45 27 80 29 23 67 64 30 70 48 96 66 43 61 50 58 43 22 13 72 57 32 87 78 63 29 22 52 38 58 73 92 40 67 40 32 48 45 23 68 93 30 62 75 68 47 67 37 65 64 38 95 59 32 82 38 22 82 69 13 32 77 37 23 30 15 96 59 75 
36 31 47 0 27 56 39 62 21 70 37 60 21 35 45 33 74 23 68 23 84 52 79 41 14 36 40 51 26 46 80 75 64 65 68 39 29 33 48 35 58 32 68 68 56 29 41 4 43 40 59 88 71 20 30 66 68 67 44 18 42 58 51 77 27 66 11 27 63 39 45 37 42 19 26 19 32 51 26 32 
37 49 45 27 0 31 25 38 7 53 14 36 33 41 26 45 47 25 54 37 66 56 53 15 34 9 15 26 35 37 53 51 47 44 42 18 45 45 21 12 31 33 48 48 30 50 21 31 17 52 33 62 58 26 38 39 45 39 22 35 20 37 55 52 45 42 20 37 40 24 51 18 32 40 24 35 34 58 16 35 
65 67 71 56 31 0 25 39 35 64 35 39 64 51 44 76 33 42 68 56 72 58 42 28 58 23 16 32 65 60 37 46 59 17 13 18 76 75 20 34 21 42 22 56 6 81 40 60 26 82 10 33 73 45 51 18 47 22 36 56 14 45 60 46 76 11 51 67 10 23 80 40 30 71 53 66 63 63 32 45 
61 42 70 39 25 25 0 55 23 75 37 54 53 26 49 67 56 18 78 32 87 35 64 35 35 24 18 44 57 62 61 65 69 28 38 11 65 66 33 35 40 17 30 69 29 67 44 42 34 73 33 58 81 23 26 42 63 45 43 33 13 57 36 66 64 32 38 58 28 2 75 42 7 57 48 54 58 39 13 20 
47 86 47 62 38 39 55 0 44 26 25 2 55 77 20 62 20 62 32 75 34 90 19 22 71 32 36 12 54 34 25 14 22 55 38 43 65 61 22 27 18 68 61 17 33 75 21 65 21 66 31 49 36 63 75 26 8 23 17 72 42 10 90 15 68 46 52 56 48 53 59 26 62 67 42 59 47 93 52 70 
38 42 47 21 7 35 23 44 0 59 20 43 30 35 32 44 54 19 59 31 72 51 59 22 27 15 19 32 34 41 60 57 53 46 47 19 42 43 27 18 37 28 50 54 35 47 27 25 24 50 38 67 63 20 32 45 51 46 28 28 22 43 50 59 42 45 16 35 43 23 51 23 29 36 25 32 34 52 12 29 
42 99 36 70 53 64 75 26 59 0 39 25 56 94 27 57 43 78 8 89 14 109 37 41 83 51 58 32 52 27 46 28 6 80 64 64 63 57 45 41 43 86 86 9 58 74 32 73 41 59 56 73 12 78 91 52 19 48 32 85 64 18 108 29 65 72 59 54 73 74 49 36 82 68 45 60 44 111 69 88 
31 62 37 37 14 35 37 25 20 39 0 23 33 55 12 44 39 40 40 51 51 70 42 7 47 14 22 14 34 26 45 39 33 50 42 28 45 43 16 2 25 47 55 34 31 53 7 40 9 49 32 60 44 40 52 35 31 34 8 48 28 23 70 40 46 45 27 36 45 36 46 5 45 44 21 37 29 72 30 49 
45 85 45 60 36 39 54 2 43 25 23 0 53 76 18 60 22 61 31 73 34 89 21 21 69 31 36 10 52 32 27 16 21 56 39 42 63 59 21 25 18 67 61 17 33 73 19 63 20 64 31 50 35 62 73 27 9 24 15 71 41 8 89 17 65 47 49 53 49 52 57 24 61 65 40 57 44 92 50 69 
16 52 27 21 33 64 53 55 30 56 33 53 0 56 35 14 72 42 52 44 69 73 74 40 35 40 47 46 5 30 77 68 50 76 74 50 12 13 49 33 58 52 80 56 61 20 34 21 42 20 64 92 54 39 51 68 59 67 39 39 52 49 71 70 13 74 15 6 73 53 24 30 58 12 13 4 13 72 40 52 
69 19 80 35 41 51 26 77 35 94 55 76 56 0 67 69 81 16 95 14 107 17 89 55 23 45 42 65 61 76 86 89 88 50 64 36 64 69 56 53 65 9 50 89 55 62 62 37 56 75 59 83 98 17 5 68 85 71 63 19 39 78 16 90 62 56 42 62 52 28 80 58 22 54 57 55 65 17 26 7 
27 73 29 45 26 44 49 20 32 27 12 18 35 67 0 42 39 51 28 61 40 82 39 16 56 25 33 14 34 17 44 33 21 60 49 39 45 41 24 14 28 59 65 23 39 55 5 47 17 47 39 64 32 51 63 39 24 37 8 58 39 14 81 35 47 54 34 35 54 48 41 9 57 47 22 39 27 84 42 61 
16 63 23 33 45 76 67 62 44 57 44 60 14 69 42 0 80 55 52 56 70 86 81 50 47 53 60 55 10 31 86 75 53 89 85 63 6 1 60 43 68 65 93 59 73 17 43 33 53 7 75 103 52 52 63 78 64 77 48 51 65 54 84 76 10 86 28 9 85 67 13 40 72 17 23 14 16 84 54 65 
66 94 67 74 47 33 56 20 54 43 39 22 72 81 39 80 0 69 50 82 46 91 9 33 81 39 40 26 71 54 6 16 40 47 26 45 83 80 27 40 17 72 52 34 28 92 38 78 31 85 24 30 54 71 80 15 24 11 33 81 43 30 92 16 85 36 65 73 40 54 79 42 62 83 59 76 65 95 58 75 
54 26 64 23 25 42 18 62 19 78 40 61 42 16 51 55 69 0 79 14 91 32 75 40 17 31 29 50 47 60 74 75 72 46 55 24 52 55 42 37 52 9 48 73 44 52 46 26 41 62 48 75 82 4 13 56 70 59 47 15 28 62 31 76 51 49 28 48 46 20 66 42 19 43 41 42 50 33 11 10 
38 99 30 68 54 68 78 32 59 8 40 31 52 95 28 52 50 79 0 88 18 110 45 43 82 53 61 36 49 23 53 36 10 85 70 67 58 51 49 43 49 87 91 16 63 69 33 71 44 53 61 80 4 78 91 58 26 55 35 84 67 23 110 37 61 77 58 50 79 76 43 37 85 64 42 57 40 112 70 89 
58 12 70 23 37 56 32 75 31 89 51 73 44 14 61 56 82 14 88 0 102 30 89 52 10 44 43 63 49 67 88 88 82 59 69 39 51 56 56 49 66 17 60 85 58 49 57 24 54 62 62 89 91 12 9 71 82 73 59 5 42 74 28 89 49 63 32 50 60 33 68 53 31 41 48 42 55 28 25 15 
55 113 48 84 66 72 87 34 72 14 51 34 69 107 40 70 46 91 18 102 0 121 39 52 96 63 69 43 66 40 48 30 20 89 70 76 76 69 55 54 51 98 94 18 67 87 45 86 52 71 64 76 19 91 104 58 25 54 44 98 74 29 121 31 79 79 73 67 82 85 61 49 94 81 58 74 57 123 81 100 
86 30 96 52 56 58 35 90 51 109 70 89 73 17 82 86 91 32 110 30 121 0 99 69 40 58 53 79 78 92 95 101 103 52 70 47 81 86 68 68 76 23 50 103 63 79 77 54 69 92 67 87 113 34 22 76 98 80 77 36 49 92 3 101 79 61 59 79 57 37 97 73 29 71 73 72 82 7 40 22 
66 101 66 79 53 42 64 19 59 37 42 21 74 89 39 81 9 75 45 89 39 99 0 38 87 45 47 28 73 53 9 9 36 56 35 53 85 81 33 44 24 79 61 29 37 94 40 82 36 85 33 37 49 77 87 24 19 20 35 87 51 28 100 8 87 46 69 75 49 62 78 44 70 86 61 78 66 103 65 82 
38 64 43 41 15 28 35 22 22 41 7 21 40 55 16 50 33 40 43 52 52 69 38 0 49 10 17 11 40 32 39 35 35 44 35 24 52 50 10 7 18 46 50 34 24 59 11 44 3 56 25 53 47 41 52 28 30 28 9 50 24 23 69 37 53 39 32 42 39 33 52 12 42 50 27 43 36 71 30 48 
50 17 61 14 34 58 35 71 27 83 47 69 35 23 56 47 81 17 82 10 96 40 87 49 0 42 43 60 41 60 87 85 76 63 70 40 42 47 54 44 64 23 65 79 59 39 52 14 51 53 63 91 84 13 18 70 78 72 54 4 43 69 38 86 40 66 24 41 63 37 59 48 36 31 40 33 46 38 25 22 
42 56 50 36 9 23 24 32 15 51 14 31 40 45 25 53 39 31 53 44 63 58 45 10 42 0 8 20 42 40 45 44 45 37 33 14 53 52 12 12 23 36 42 45 21 59 21 40 11 59 24 53 57 32 43 30 40 31 19 42 14 33 58 45 53 34 29 44 33 23 57 19 31 49 30 43 40 61 20 38 
50 55 58 40 15 16 18 36 19 58 22 36 47 42 33 60 40 29 61 43 69 53 47 17 43 8 0 26 50 48 45 47 52 29 28 7 60 60 15 20 23 33 34 51 16 65 28 44 17 66 20 48 65 32 41 27 45 30 26 42 6 40 54 48 60 27 35 51 25 16 65 27 25 55 38 50 48 57 19 35 
41 75 43 51 26 32 44 12 32 32 14 10 46 65 14 55 26 50 36 63 43 79 28 11 60 20 26 0 46 31 31 25 27 49 35 33 57 54 12 16 14 56 54 25 27 66 12 54 10 60 26 50 41 52 63 25 19 23 7 60 32 14 79 26 59 41 41 48 42 42 54 16 51 57 33 50 40 81 40 59 
11 57 22 26 35 65 57 54 34 52 34 52 5 61 34 10 71 47 49 49 66 78 73 40 41 42 50 46 0 26 77 67 47 79 75 52 12 10 50 33 58 56 83 53 63 22 33 27 43 17 65 93 49 44 56 68 57 68 38 44 54 47 76 68 14 76 19 2 75 57 19 30 62 16 13 9 9 77 44 57 
16 77 13 46 37 60 62 34 41 27 26 32 30 76 17 31 54 60 23 67 40 92 53 32 60 40 48 31 26 0 59 45 22 76 66 54 36 30 41 28 45 68 82 28 56 47 21 48 34 34 56 81 24 58 71 56 34 54 25 63 54 25 91 46 39 70 36 27 71 61 26 21 69 42 20 34 17 93 52 70 
71 100 72 80 53 37 61 25 60 46 45 27 77 86 44 86 6 74 53 88 48 95 9 39 87 45 45 31 77 59 0 18 44 50 29 50 89 85 32 46 22 77 55 37 32 98 43 84 37 90 28 28 57 76 85 19 27 16 39 87 48 34 96 17 90 39 71 79 43 59 84 47 67 89 64 81 70 100 63 80 
59 99 57 75 51 46 65 14 57 28 39 16 68 89 33 75 16 75 36 88 30 101 9 35 85 44 47 25 67 45 18 0 27 61 42 54 78 74 33 40 25 80 67 20 40 88 35 79 34 78 37 46 40 76 87 29 11 26 31 85 52 20 101 2 80 51 65 68 54 63 70 39 72 80 55 72 59 104 64 82 
37 93 32 64 47 59 69 22 53 6 33 21 50 88 21 53 40 72 10 82 20 103 36 35 76 45 52 27 47 22 44 27 0 76 60 59 58 52 39 35 39 80 81 7 53 69 26 67 35 55 52 70 14 72 85 48 17 45 26 79 58 13 102 29 60 67 53 49 69 68 46 30 77 63 39 55 39 105 63 82 
80 68 87 65 44 17 28 55 46 80 50 56 76 50 60 89 47 46 85 59 89 52 56 44 63 37 29 49 79 76 50 61 76 0 21 27 88 89 37 49 37 43 6 72 22 92 56 68 43 95 25 35 89 50 52 32 63 36 52 60 24 62 54 61 88 11 62 80 7 26 94 55 28 82 67 78 77 58 39 45 
73 80 78 68 42 13 38 38 47 64 42 39 74 64 49 85 26 55 70 69 70 70 35 35 70 33 28 35 75 66 29 42 60 21 0 31 86 85 26 42 21 55 26 55 12 92 45 72 33 91 10 20 74 58 64 12 46 16 41 69 27 47 71 41 87 10 62 77 14 36 88 47 42 82 62 76 71 75 45 58 
54 50 63 39 18 18 11 43 19 64 28 42 50 36 39 63 45 24 67 39 76 47 53 24 40 14 7 33 52 54 50 54 59 27 31 0 61 62 21 26 29 27 31 58 19 66 35 43 23 69 24 51 71 28 35 32 52 35 32 39 3 46 47 55 61 27 36 54 24 9 69 32 18 56 42 51 51 50 15 29 
20 57 29 29 45 76 65 65 42 63 45 63 12 64 45 6 83 52 58 51 76 81 85 52 42 53 60 57 12 36 89 78 58 88 86 61 0 7 61 44 70 61 92 64 74 11 45 28 54 11 76 104 58 48 59 79 68 79 50 46 64 58 79 80 3 86 26 10 85 65 20 42 69 11 24 11 19 80 51 61 
15 63 22 33 45 75 66 61 43 57 43 59 13 69 41 1 80 55 51 56 69 86 81 50 47 52 60 54 10 30 85 74 52 89 85 62 7 0 59 43 67 65 93 58 73 18 42 33 52 7 74 103 52 52 63 77 63 77 47 51 64 53 84 75 10 86 28 8 85 66 13 39 72 17 22 14 15 84 54 65 
47 68 52 48 21 20 33 22 27 45 16 21 49 56 24 60 27 42 49 56 55 68 33 10 54 12 15 12 50 41 32 33 39 37 26 21 61 59 0 17 10 47 42 37 15 69 20 52 7 66 16 43 53 45 55 19 30 19 16 54 20 26 69 34 62 30 40 52 30 31 62 21 40 59 37 52 45 72 32 50 
31 60 38 35 12 34 35 27 18 41 2 25 33 53 14 43 40 37 43 49 54 68 44 7 44 12 20 16 33 28 46 40 35 49 42 26 44 43 17 0 25 45 54 36 30 52 9 38 10 49 32 60 46 38 50 35 33 35 10 46 27 25 67 42 46 44 25 35 44 34 46 6 43 43 21 36 29 70 28 47 
54 78 58 58 31 21 40 18 37 43 25 18 58 65 28 68 17 52 49 66 51 76 24 18 64 23 23 14 58 45 22 25 39 37 21 29 70 67 10 25 0 56 43 35 15 78 26 62 16 73 13 36 53 54 64 10 26 9 21 64 27 26 76 26 71 28 50 60 30 38 69 28 47 68 45 61 53 80 41 58 
63 26 73 32 33 42 17 68 28 86 47 67 52 9 59 65 72 9 87 17 98 23 79 46 23 36 33 56 56 68 77 80 80 43 55 27 61 65 47 45 56 0 43 80 45 61 54 35 47 71 50 74 90 13 9 59 76 61 54 20 29 69 23 81 60 48 37 57 44 19 75 50 14 52 50 51 59 25 17 3 
85 69 92 68 48 22 30 61 50 86 55 61 80 50 65 93 52 48 91 60 94 50 61 50 65 42 34 54 83 82 55 67 81 6 26 31 92 93 42 54 43 43 0 78 28 96 61 71 48 100 31 38 95 52 53 37 69 41 58 62 29 68 53 67 92 16 66 85 13 29 99 60 29 86 72 82 82 57 42 46 
43 96 40 68 48 56 69 17 54 9 34 17 56 89 23 59 34 73 16 85 18 103 29 34 79 45 51 25 53 28 37 20 7 72 55 58 64 58 37 36 35 80 78 0 50 75 27 70 34 62 48 64 20 74 86 43 10 40 26 81 57 11 103 21 66 63 57 54 65 67 53 32 76 68 43 60 45 106 64 82 
62 69 67 56 30 6 29 33 35 58 31 33 61 55 39 73 28 44 63 58 67 63 37 24 59 21 16 27 63 56 32 40 53 22 12 19 74 73 15 30 15 45 28 50 0 80 35 60 22 79 5 32 67 47 54 14 41 17 31 58 16 40 64 41 74 14 50 65 15 26 76 36 34 70 51 64 60 68 34 48 
32 52 40 29 50 81 67 75 47 74 53 73 20 62 55 17 92 52 69 49 87 79 94 59 39 59 65 66 22 47 98 88 69 92 92 66 11 18 69 52 78 61 96 75 80 0 54 26 62 20 83 112 69 48 57 87 78 87 59 43 69 68 76 90 8 92 30 20 90 68 30 50 71 10 33 16 30 76 54 60 
28 69 32 41 21 40 44 21 27 32 7 19 34 62 5 43 38 46 33 57 45 77 40 11 52 21 28 12 33 21 43 35 26 56 45 35 45 42 20 9 26 54 61 27 35 54 0 45 13 48 35 62 37 47 59 36 26 35 5 54 35 17 77 36 47 50 31 35 50 43 43 5 52 46 21 38 27 79 37 56 
37 31 48 4 31 60 42 65 25 73 40 63 21 37 47 33 78 26 71 24 86 54 82 44 14 40 44 54 27 48 84 79 67 68 72 43 28 33 52 38 62 35 71 70 60 26 45 0 47 39 63 92 72 22 31 70 71 70 48 18 46 61 52 80 26 69 14 27 67 43 45 40 45 17 28 19 33 52 29 34 
40 66 45 43 17 26 34 21 24 41 9 20 42 56 17 53 31 41 44 54 52 69 36 3 51 11 17 10 43 34 37 34 35 43 33 23 54 52 7 10 16 47 48 34 22 62 13 47 0 58 23 50 48 42 53 25 29 25 10 52 23 23 69 35 55 36 34 45 37 33 55 14 42 52 30 46 38 72 30 49 
20 68 23 40 52 82 73 66 50 59 49 64 20 75 47 7 85 62 53 62 71 92 85 56 53 59 66 60 17 34 90 78 55 95 91 69 11 7 66 49 73 71 100 62 79 20 48 39 58 0 81 109 53 59 70 84 68 83 53 57 71 58 90 80 14 93 35 15 92 73 11 45 79 22 29 20 20 91 60 72 
63 74 68 59 33 10 33 31 38 56 32 31 64 59 39 75 24 48 61 62 64 67 33 25 63 24 20 26 65 56 28 37 52 25 10 24 76 74 16 32 13 50 31 48 5 83 35 63 23 81 0 29 66 51 59 9 39 12 31 62 21 38 69 37 77 16 53 67 18 31 77 37 39 73 52 67 61 72 38 53 
90 100 93 88 62 33 58 49 67 73 60 50 92 83 64 103 30 75 80 89 76 87 37 53 91 53 48 50 93 81 28 46 70 35 20 51 104 103 43 60 36 74 38 64 32 112 62 92 50 109 29 0 84 79 84 25 54 27 57 89 47 58 89 45 105 27 82 95 31 56 104 64 61 102 80 95 89 93 66 77 
38 101 30 71 58 73 81 36 63 12 44 35 54 98 32 52 54 82 4 91 19 113 49 47 84 57 65 41 49 24 57 40 14 89 74 71 58 52 53 46 53 90 95 20 67 69 37 72 48 53 66 84 0 81 94 62 30 59 39 87 71 27 113 41 61 81 60 50 83 80 42 40 89 65 44 58 41 115 73 92 
51 23 62 20 26 45 23 63 20 78 40 62 39 17 51 52 71 4 78 12 91 34 77 41 13 32 32 52 44 58 76 76 72 50 58 28 48 52 45 38 54 13 52 74 47 48 47 22 42 59 51 79 81 0 13 59 71 61 48 11 31 63 33 77 47 53 25 45 50 24 63 42 24 39 39 38 48 34 13 13 
64 16 75 30 38 51 26 75 32 91 52 73 51 5 63 63 80 13 91 9 104 22 87 52 18 43 41 63 56 71 85 87 85 52 64 35 59 63 55 50 64 9 53 86 54 57 59 31 53 70 59 84 94 13 0 67 82 70 60 14 38 75 21 88 57 57 37 57 54 28 75 55 24 49 52 50 60 22 23 7 
65 82 68 66 39 18 42 26 45 52 35 27 68 68 39 78 15 56 58 71 58 76 24 28 70 30 27 25 68 56 19 29 48 32 12 32 79 77 19 35 10 59 37 43 14 87 36 70 25 84 9 25 62 59 67 0 33 4 31 70 29 35 78 29 81 22 58 70 25 40 79 39 48 77 55 71 63 81 46 61 
48 94 47 68 45 47 63 8 51 19 31 9 59 85 24 64 24 70 26 82 25 98 19 30 78 40 45 19 57 34 27 11 17 63 46 52 68 63 30 33 26 76 69 10 41 78 26 71 29 68 39 54 30 71 82 33 0 30 24 79 50 10 98 12 70 54 57 58 56 61 60 31 70 71 46 63 49 101 59 78 
63 84 67 67 39 22 45 23 46 48 34 24 67 71 37 77 11 59 55 73 54 80 20 28 72 31 30 23 68 54 16 26 45 36 16 35 79 77 19 35 9 61 41 40 17 87 35 70 25 83 12 27 59 61 70 4 30 0 30 72 32 32 81 26 80 26 59 69 29 43 78 38 51 77 55 71 62 84 48 64 
33 70 37 44 22 36 43 17 28 32 8 15 39 63 8 48 33 47 35 59 44 77 35 9 54 19 26 7 38 25 39 31 26 52 41 32 50 47 16 10 21 54 58 26 31 59 5 48 10 53 31 57 39 48 60 31 24 30 0 56 32 15 77 32 52 45 34 40 46 41 48 9 50 50 26 43 32 79 37 56 
53 15 65 18 35 56 33 72 28 85 48 71 39 19 58 51 81 15 84 5 98 36 87 50 4 42 42 60 44 63 87 85 79 60 69 39 46 51 54 46 64 20 62 81 58 43 54 18 52 57 62 89 87 11 14 70 79 72 56 0 42 71 33 87 44 64 27 45 61 35 63 49 33 35 43 37 50 34 24 19 
56 53 64 42 20 14 13 42 22 64 28 41 52 39 39 65 43 28 67 42 74 49 51 24 43 14 6 32 54 54 48 52 58 24 27 3 64 64 20 27 27 29 29 57 16 69 35 46 23 71 21 47 71 31 38 29 50 32 32 42 0 46 49 53 64 23 38 56 21 11 71 33 20 58 43 54 53 53 18 32 
39 85 38 58 37 45 57 10 43 18 23 8 49 78 14 54 30 62 23 74 29 92 28 23 69 33 40 14 47 25 34 20 13 62 47 46 58 53 26 25 26 69 68 11 40 68 17 61 23 58 38 58 27 63 75 35 10 32 15 71 46 0 92 22 60 54 47 48 55 56 50 22 65 61 36 53 39 94 52 71 
84 27 95 51 55 60 36 90 50 108 70 89 71 16 81 84 92 31 110 28 121 3 100 69 38 58 54 79 76 91 96 101 102 54 71 47 79 84 69 67 76 23 53 103 64 76 77 52 69 90 69 89 113 33 21 78 98 81 77 33 49 92 0 102 77 63 58 77 58 38 95 73 30 69 72 70 81 4 40 21 
60 101 59 77 52 46 66 15 59 29 40 17 70 90 35 76 16 76 37 89 31 101 8 37 86 45 48 26 68 46 17 2 29 61 41 55 80 75 34 42 26 81 67 21 41 90 36 80 35 80 37 45 41 77 88 29 12 26 32 87 53 22 102 0 82 51 67 70 54 64 72 41 73 82 57 74 61 105 65 83 
23 54 32 27 45 76 64 68 42 65 46 65 13 62 47 10 85 51 61 49 79 79 87 53 40 53 60 59 14 39 90 80 60 88 87 61 3 10 62 46 71 60 92 66 74 8 47 26 55 14 77 105 61 47 57 81 70 80 52 44 64 60 77 82 0 87 26 12 85 64 23 43 68 9 26 10 22 77 51 60 
76 74 82 66 42 11 32 46 45 72 45 47 74 56 54 86 36 49 77 63 79 61 46 39 66 34 27 41 76 70 39 51 67 11 10 27 86 86 30 44 28 48 16 63 14 92 50 69 36 93 16 27 81 53 57 22 54 26 45 64 23 54 63 51 87 0 61 78 4 30 90 50 35 81 64 76 73 66 41 51 
26 42 38 11 20 51 38 52 16 59 27 49 15 42 34 28 65 28 58 32 73 59 69 32 24 29 35 41 19 36 71 65 53 62 62 36 26 28 40 25 50 37 66 57 50 30 31 14 34 35 53 82 60 25 37 58 57 59 34 27 38 47 58 67 26 61 0 20 60 39 38 26 43 20 16 16 23 59 25 38 
12 58 22 27 37 67 58 56 35 54 36 53 6 62 35 9 73 48 50 50 67 79 75 42 41 44 51 48 2 27 79 68 49 80 77 54 10 8 52 35 60 57 85 54 65 20 35 27 45 15 67 95 50 45 57 70 58 69 40 45 56 48 77 70 12 78 20 0 77 58 18 32 64 15 15 8 10 78 46 58 
75 70 82 63 40 10 28 48 43 73 45 49 73 52 54 85 40 46 79 60 82 57 49 39 63 33 25 42 75 71 43 54 69 7 14 24 85 85 30 44 30 44 13 65 15 90 50 67 37 92 18 31 83 50 54 25 56 29 46 61 21 55 58 54 85 4 60 77 0 26 90 50 31 79 63 75 73 62 38 47 
60 44 69 39 24 23 2 53 23 74 36 52 53 28 48 67 54 20 76 33 85 37 62 33 37 23 16 42 57 61 59 63 68 26 36 9 65 66 31 34 38 19 29 67 26 68 43 43 33 73 31 56 80 24 28 40 61 43 41 35 11 56 38 64 64 30 39 58 26 0 74 41 9 57 47 54 57 41 14 22 
15 75 13 45 51 80 75 59 51 49 46 57 24 80 41 13 79 66 43 68 61 97 78 52 59 57 65 54 19 26 84 70 46 94 88 69 20 13 62 46 69 75 99 53 76 30 43 45 55 11 77 104 42 63 75 79 60 78 48 63 71 50 95 72 23 90 38 18 90 74 0 41 81 30 27 26 17 96 62 76 
26 64 32 37 18 40 42 26 23 36 5 24 30 58 9 40 42 42 37 53 49 73 44 12 48 19 27 16 30 21 47 39 30 55 47 32 42 39 21 6 28 50 60 32 36 50 5 40 14 45 37 64 40 42 55 39 31 38 9 49 33 22 73 41 43 50 26 32 50 41 41 0 49 42 17 34 25 75 33 52 
67 40 77 42 32 30 7 62 29 82 45 61 58 22 57 72 62 19 85 31 94 29 70 42 36 31 25 51 62 69 67 72 77 28 42 18 69 72 40 43 47 14 29 76 34 71 52 45 42 79 39 61 89 24 24 48 70 51 50 33 20 65 30 73 68 35 43 64 31 9 81 49 0 61 54 59 64 33 18 17 
27 46 37 19 40 71 57 67 36 68 44 65 12 54 47 17 83 43 64 41 81 71 86 50 31 49 55 57 16 42 89 80 63 82 82 56 11 17 59 43 68 52 86 68 70 10 46 17 52 22 73 102 65 39 49 77 71 77 50 35 58 61 69 82 9 81 20 15 79 57 30 42 61 0 25 8 24 69 44 51 
13 57 23 26 24 53 48 42 25 45 21 40 13 57 22 23 59 41 42 48 58 73 61 27 40 30 38 33 13 20 64 55 39 67 62 42 24 22 37 21 45 50 72 43 51 33 21 28 30 29 52 80 44 39 52 55 46 55 26 43 43 36 72 57 26 64 16 15 63 47 27 17 54 25 0 17 10 74 36 52 
20 49 30 19 35 66 54 59 32 60 37 57 4 55 39 14 76 42 57 42 74 72 78 43 33 43 50 50 9 34 81 72 55 78 76 51 11 14 52 36 61 51 82 60 64 16 38 19 46 20 67 95 58 38 50 71 63 71 43 37 54 53 70 74 10 76 16 8 75 54 26 34 59 8 17 0 17 71 41 51 
4 63 15 32 34 63 58 47 34 44 29 44 13 65 27 16 65 50 40 55 57 82 66 36 46 40 48 40 9 17 70 59 39 77 71 51 19 15 45 29 53 59 82 45 60 30 27 33 38 20 61 89 41 48 60 63 49 62 32 50 53 39 81 61 22 73 23 10 73 57 17 25 64 24 10 17 0 82 46 60 
85 26 96 51 58 63 39 93 52 111 72 92 72 17 84 84 95 33 112 28 123 7 103 71 38 61 57 81 77 93 100 104 105 58 75 50 80 84 72 70 80 25 57 106 68 76 79 52 72 91 72 93 115 34 22 81 101 84 79 34 53 94 4 105 77 66 59 78 62 41 96 75 33 69 74 71 82 0 42 23 
49 36 59 26 16 32 13 52 12 69 30 50 40 26 42 54 58 11 70 25 81 40 65 30 25 20 19 40 44 52 63 64 63 39 45 15 51 54 32 28 41 17 42 64 34 54 37 29 30 60 38 66 73 13 23 46 59 48 37 24 18 52 40 65 51 41 25 46 38 14 62 33 18 44 36 41 46 42 0 19 
64 23 75 32 35 45 20 70 29 88 49 69 52 7 61 65 75 10 89 15 100 22 82 48 22 38 35 59 57 70 80 82 82 45 58 29 61 65 50 47 58 3 46 82 48 60 56 34 49 72 53 77 92 13 7 61 78 64 56 19 32 71 21 83 60 51 38 58 47 22 76 52 17 51 52 51 60 23 19 0 
0 320 1048 1835 25 41 0 7 215 842 18 0 0 50 1767 0 0 217 41 0 344 255 22 82 0 2343 248 200 14 0 112 186 135 16 0 150 0 22 0 84 289 0 0 15 173 21 0 31 11 0 22 491 0 13 0 16 18 28 430 0 34 0 0 0 102 0 39 0 0 57 0 624 9 27 2881 34 18 0 326 18 
320 0 1153 15 221 36 23 506 3000 53 26 643 45 69 356 9 373 603 386 127 11 8 48 272 393 42 2293 20 274 15 115 3000 67 852 1378 26 591 197 10 1860 7 2941 688 80 26 97 619 3000 834 91 257 52 86 941 207 10 10 2234 3000 105 8 17 2397 25 32 13 7 1626 15 643 35 184 896 2589 760 81 1707 923 256 46 
1048 1153 0 0 0 2154 0 61 1424 703 0 70 0 370 611 0 256 230 3000 9 0 0 42 1283 0 1027 145 0 714 661 85 16 37 241 39 12 212 0 30 235 163 750 0 210 349 0 479 0 0 59 0 0 45 20 0 0 0 10 0 10 15 9 1019 0 102 13 14 20 0 0 0 0 824 88 189 685 872 63 512 966 
1835 15 0 0 73 0 1302 0 118 250 61 0 2247 241 0 0 0 0 0 0 2124 247 627 13 0 0 0 42 0 0 2310 200 78 20 0 0 0 16 0 0 0 0 14 0 0 1048 0 205 822 0 59 16 0 196 0 85 7 1072 495 0 55 0 0 742 0 0 109 0 26 55 193 10 0 7 267 97 0 0 23 0 
25 221 0 73 0 0 34 0 721 653 55 0 1137 45 0 0 0 378 0 0 13 55 694 9 0 0 0 64 0 0 13 208 56 87 0 0 0 312 0 0 0 0 274 0 0 323 0 636 89 0 51 131 0 2816 0 102 203 23 234 0 11 0 0 681 0 0 25 0 425 13 24 419 0 81 41 91 0 0 31 0 
41 36 2154 0 0 0 22 518 74 1393 29 215 1363 2071 630 21 297 12 813 741 8 7 19 2412 49 258 150 0 418 43 3000 9 17 262 334 84 265 351 13 582 33 17 203 307 113 808 380 100 68 124 0 406 34 26 74 311 14 442 105 11 2438 43 153 63 3000 779 231 180 18 0 50 17 215 18 751 594 224 66 9 3000 
0 23 0 1302 34 22 0 0 140 190 100 612 35 0 0 8 1632 19 333 209 226 24 1597 264 3000 0 0 0 0 773 0 543 0 0 187 9 245 3000 32 0 0 3000 24 0 0 17 0 0 19 0 0 56 144 0 459 0 457 102 129 22 7 21 362 453 311 13 255 73 525 0 235 463 0 45 0 35 0 13 542 40 
7 506 61 0 0 518 0 0 2649 3000 0 816 0 21 592 0 611 139 18 119 0 1187 8 67 0 499 55 0 15 336 92 23 24 1196 3000 120 1358 584 68 338 1750 1320 11 1079 11 8 17 10 48 442 0 0 192 284 3000 0 84 12 0 393 971 78 31 0 16 2671 28 269 0 0 0 0 942 387 10 40 204 199 218 40 
215 3000 1424 118 721 74 140 2649 0 171 182 0 146 1282 84 0 38 84 84 0 499 47 140 714 0 12 22 253 31 340 61 78 1694 338 835 176 0 1262 475 417 111 17 2126 36 850 302 52 45 91 0 18 38 0 558 107 1641 50 46 424 0 1021 24 286 30 180 1726 34 496 9 52 1607 221 1010 177 933 16 1115 0 18 1083 
842 53 703 250 653 1393 190 3000 171 0 103 104 10 23 335 421 19 70 8 1060 161 2180 1086 1165 30 134 226 257 20 59 1533 225 243 71 396 17 90 516 8 1113 16 11 18 9 284 239 130 718 796 3000 334 265 40 9 152 11 23 369 3000 231 37 87 60 95 13 51 14 39 321 723 73 1144 7 93 489 31 401 757 8 163 
18 26 0 61 55 29 100 0 182 103 0 0 493 1333 0 2104 3000 20 190 0 28 62 43 3000 223 0 452 773 0 37 609 988 110 1615 373 327 0 1556 231 104 0 192 10 0 0 2916 0 584 30 0 388 905 0 180 88 17 124 39 12 0 1060 11 14 231 140 79 961 53 1166 121 283 82 0 661 118 37 0 243 1136 165 
0 643 70 0 0 215 612 816 0 104 0 0 0 0 0 263 1950 9 257 28 0 89 299 15 93 1005 28 0 3000 526 0 89 0 1009 51 23 872 0 335 2708 0 208 20 35 0 0 8 0 22 3000 0 0 14 0 404 0 1409 0 0 203 34 88 17 1514 848 161 34 1369 0 0 22 0 84 602 0 377 0 40 259 3000 
0 45 0 2247 1137 1363 35 0 146 10 493 0 0 0 0 23 689 491 63 11 365 368 16 22 9 0 0 21 0 172 0 3000 0 0 96 101 0 12 687 0 0 494 437 0 0 54 0 32 876 0 201 39 0 0 120 11 50 53 285 0 18 32 32 1967 18 28 22 994 19 45 13 22 0 2381 11 50 0 224 9 0 
50 69 370 241 45 2071 0 21 1282 23 1333 0 0 0 25 0 311 16 66 0 2966 21 33 469 0 71 9 43 326 70 314 1838 2627 20 0 33 745 48 817 273 13 35 0 9 32 273 71 7 24 11 579 29 0 21 0 20 402 395 16 0 60 2157 10 0 10 0 3000 0 0 130 0 71 11 12 84 1863 67 0 46 996 
1767 356 611 0 0 630 0 592 84 335 0 0 0 25 0 0 0 151 989 0 0 0 196 12 0 135 430 0 115 0 311 26 186 15 0 7 125 66 462 245 105 0 0 2480 48 0 9 1378 0 116 0 0 0 2885 0 0 0 407 0 0 105 0 134 0 8 0 0 0 0 0 0 0 18 183 52 69 46 0 133 189 
0 9 0 0 0 21 8 0 0 421 2104 263 23 0 0 0 197 261 50 19 63 115 24 162 54 0 0 0 0 1343 0 283 0 0 1075 499 646 0 8 0 0 3000 8 0 0 1411 37 0 3000 0 0 56 32 0 15 0 347 0 0 543 938 750 115 7 120 9 454 14 11 0 77 0 0 21 0 16 0 1233 281 166 
0 373 256 0 0 297 1632 611 38 19 3000 1950 689 311 0 197 0 214 578 705 202 44 11 37 532 8 19 0 27 194 3000 103 921 142 94 604 246 23 38 46 0 186 16 3000 0 623 3000 35 155 15 0 39 146 1164 3000 0 341 41 34 14 41 116 30 32 10 380 516 28 12 0 8 132 45 160 1724 269 402 1720 430 198 
217 603 230 0 378 12 19 139 84 70 20 9 491 16 151 261 214 0 56 61 30 24 117 13 17 821 91 0 32 18 86 440 3000 149 3000 22 612 41 1808 55 88 190 657 304 319 839 8 18 17 16 0 503 19 26 157 104 119 19 690 220 70 320 29 32 113 113 68 43 56 49 31 141 92 3000 1927 138 34 42 724 758 
41 386 3000 0 0 813 333 18 84 8 190 257 63 66 989 50 578 56 0 277 3000 51 21 3000 369 43 1083 0 85 19 23 20 40 55 605 40 112 11 1532 24 33 18 21 245 186 169 12 269 33 912 0 316 446 1091 12 11 293 8 307 2123 23 11 79 20 28 13 59 353 45 0 531 560 225 761 183 143 24 317 23 190 
0 127 9 0 0 741 209 119 0 1060 0 28 11 0 0 19 705 61 277 0 0 22 547 10 14 170 17 0 10 145 0 10 0 0 11 80 41 0 14 15 0 196 553 19 0 0 2721 0 77 229 0 0 24 0 389 0 46 0 0 91 619 23 235 36 13 173 160 109 437 0 11 0 50 878 0 185 0 152 1829 80 
344 11 0 2124 13 8 226 0 499 161 28 0 365 2966 0 63 202 30 3000 0 0 222 95 38 150 29 18 56 0 696 622 86 37 316 214 2036 0 71 134 470 471 110 66 0 239 61 0 77 8 0 3000 2044 0 28 103 1191 215 363 13 0 87 654 225 1019 103 1718 24 24 92 606 39 54 0 25 263 57 45 0 119 21 
255 8 0 247 55 7 24 1187 47 2180 62 89 368 21 0 115 44 24 51 22 222 0 133 19 8 0 20 206 0 49 377 148 182 48 651 3000 260 16 218 1766 0 104 287 48 0 106 440 123 134 0 135 85 15 7 103 45 735 2038 31 26 287 9 131 92 167 1505 594 3000 71 84 8 19 0 147 782 1460 0 18 32 94 
22 48 42 627 694 19 1597 8 140 1086 43 299 16 33 196 24 11 117 21 547 95 133 0 126 363 808 85 187 16 106 462 1183 46 476 1113 3000 12 110 352 29 26 41 393 21 1180 18 37 19 167 0 18 55 1931 10 198 494 400 9 107 98 24 54 10 412 63 144 632 74 546 10 30 432 25 154 17 43 3000 139 9 143 
82 272 1283 13 9 2412 264 67 714 1165 3000 15 22 469 12 162 37 13 3000 10 38 19 126 0 196 69 95 52 95 63 165 25 156 18 74 468 99 57 676 508 118 36 146 167 59 3000 53 228 21 97 715 44 88 79 9 91 378 159 835 422 1237 31 87 2239 290 44 32 3000 152 459 148 135 55 40 64 488 583 2774 47 3000 
0 393 0 0 0 49 3000 0 0 30 223 93 9 0 0 54 532 17 369 14 150 8 363 196 0 0 0 0 0 13 0 186 0 0 351 405 193 0 27 0 0 21 9 0 0 34 0 0 55 0 0 86 70 0 36 0 12 0 0 50 0 47 275 63 17 16 361 51 24 0 17 0 0 684 0 10 0 8 53 158 
2343 42 1027 0 0 258 0 499 12 134 0 1005 0 71 135 0 8 821 43 170 29 0 808 69 0 0 378 0 20 50 81 3000 131 464 52 1590 42 31 181 306 388 726 0 2023 83 765 259 1788 244 931 0 0 584 57 0 0 166 74 0 60 598 51 23 0 746 139 34 1579 0 0 0 0 564 381 52 115 2182 0 70 174 
248 2293 145 0 0 150 0 55 22 226 452 28 0 9 430 0 19 91 1083 17 18 20 85 95 0 378 0 0 95 41 95 93 11 231 26 59 543 28 16 93 147 29 8 47 98 20 1180 2326 97 172 0 0 30 12 10 0 54 27 0 203 8 12 16 0 9 83 508 21 0 0 2297 0 100 105 103 105 25 20 259 14 
200 20 0 42 64 0 0 0 253 257 773 0 21 43 0 0 0 0 0 0 56 206 187 52 0 0 0 0 0 0 1222 784 91 165 0 0 0 219 0 0 0 0 0 0 0 3000 0 3000 524 0 744 52 0 41 0 38 47 17 3000 0 280 0 0 0 0 0 0 0 714 1528 123 583 0 184 53 3000 0 0 39 0 
14 274 714 0 0 418 0 15 31 20 0 3000 0 326 115 0 27 32 85 10 0 0 16 95 0 20 95 0 0 31 12 132 164 238 134 42 11 0 591 109 30 107 0 21 27 0 35 0 0 571 0 0 71 244 0 0 0 29 0 431 870 15 93 0 47 14 53 38 0 0 0 0 78 176 58 42 362 527 33 14 
0 15 661 0 0 43 773 336 340 59 37 526 172 70 0 1343 194 18 19 145 696 49 106 63 13 50 41 0 31 0 294 61 14 2885 37 89 88 1789 12 493 0 226 50 9 0 28 269 49 202 42 0 134 88 0 28 0 69 997 53 49 7 3000 1193 24 10 205 407 3000 426 0 11 0 684 69 16 3000 1403 145 40 7 
112 115 85 2310 13 3000 0 92 61 1533 609 0 0 314 311 0 3000 86 23 0 622 377 462 165 0 81 95 1222 12 294 0 85 550 1673 0 10 0 10 114 20 58 258 0 28 262 46 762 7 32 0 1632 2073 0 11 0 26 41 124 219 0 585 12 80 0 880 0 2507 0 0 29 355 752 88 448 1538 18 21 0 257 195 
186 3000 16 200 208 9 543 23 78 225 988 89 3000 1838 26 283 103 440 20 10 86 148 1183 25 186 3000 93 784 132 61 85 0 21 526 48 15 10 56 131 448 9 956 184 579 1047 326 123 1298 294 1481 59 22 222 53 1521 20 130 673 230 406 64 1794 12 397 11 192 16 392 104 2614 10 87 67 9 27 425 424 722 682 27 
135 67 37 78 56 17 0 24 1694 243 110 0 0 2627 186 0 921 3000 40 0 37 182 46 156 0 131 11 91 164 14 550 21 0 50 0 28 0 54 26 1197 113 46 0 382 1259 21 12 12 26 0 1047 38 0 10 0 2861 3000 210 686 0 15 203 2608 0 706 0 46 0 0 1157 148 8 733 287 42 809 289 0 17 12 
16 852 241 20 87 262 0 1196 338 71 1615 1009 0 20 15 0 142 149 55 0 316 48 476 18 0 464 231 165 238 2885 1673 526 50 0 1051 1462 98 38 106 53 44 63 333 259 124 44 60 8 120 31 62 16 105 20 297 30 375 346 449 208 54 96 19 0 14 317 153 14 0 613 40 8 109 295 16 672 9 0 24 2591 
0 1378 39 0 0 334 187 3000 835 396 373 51 96 0 0 1075 94 3000 605 11 214 651 1113 74 351 52 26 0 134 37 0 48 0 1051 0 2473 29 3000 276 328 0 151 300 8 0 149 318 0 584 71 0 111 214 0 1653 0 479 35 0 49 502 1343 47 94 172 99 96 231 346 0 293 0 388 830 10 48 0 303 9 14 
150 26 12 0 0 84 9 120 176 17 327 23 101 33 7 499 604 22 40 80 2036 3000 3000 468 405 1590 59 0 42 89 10 15 28 1462 2473 0 8 93 189 306 185 41 1868 182 18 81 700 63 95 120 81 243 678 657 10 193 95 66 137 29 259 126 17 0 142 33 56 94 9 9 2557 187 222 651 33 46 196 815 913 381 
0 591 212 0 0 265 245 1358 0 90 0 872 0 745 125 646 246 612 112 41 0 260 12 99 193 42 543 0 11 88 0 10 0 98 29 8 0 0 11 70 0 28 1736 12 0 0 596 0 23 229 0 0 844 0 460 0 7 257 0 354 286 23 527 0 80 599 13 12 0 0 25 0 13 1153 0 62 575 1027 541 23 
22 197 0 16 312 351 3000 584 1262 516 1556 0 12 48 66 0 23 41 11 0 71 16 110 57 0 31 28 219 0 1789 10 56 54 38 3000 93 0 0 281 2015 88 1008 13 16 24 340 0 57 13 0 14 1999 0 8 46 92 28 32 284 0 3000 9 350 662 150 190 10 0 7 3000 97 315 0 99 1274 1019 8 0 190 41 
0 10 30 0 0 13 32 68 475 8 231 335 687 817 462 8 38 1808 1532 14 134 218 352 676 27 181 16 0 591 12 114 131 26 106 276 189 11 281 0 3000 0 18 420 147 0 960 61 181 1250 49 0 8 648 31 1314 0 91 970 78 62 429 919 1110 877 1949 21 635 9 15 0 21 0 8 315 19 50 1189 160 28 8 
84 1860 235 0 0 582 0 338 417 1113 104 2708 0 273 245 0 46 55 24 15 470 1766 29 508 0 306 93 0 109 493 20 448 1197 53 328 306 70 2015 3000 0 265 49 26 152 787 23 23 596 743 22 0 0 157 3000 39 12 624 38 57 815 30 1568 404 0 38 174 138 174 0 0 16 9 274 309 374 181 3000 17 12 113 
289 7 163 0 0 33 0 1750 111 16 0 0 0 13 105 0 0 88 33 0 471 0 26 118 0 388 147 0 30 0 58 9 113 44 0 185 0 88 0 265 0 0 0 1466 310 423 240 40 112 540 83 0 0 48 0 1911 0 179 429 0 239 0 534 0 44 0 0 0 0 24 0 1972 181 254 36 14 67 0 43 206 
0 2941 750 0 0 17 3000 1320 17 11 192 208 494 35 0 3000 186 190 18 196 110 104 41 36 21 726 29 0 107 226 258 956 46 63 151 41 28 1008 18 49 0 0 10 3000 0 39 143 182 784 109 0 557 165 0 31 0 837 1619 105 124 8 18 7 851 581 599 322 380 3000 0 1953 0 227 21 281 13 143 54 2749 283 
0 688 0 14 274 203 24 11 2126 18 10 20 437 0 0 8 16 657 21 553 66 287 393 146 9 0 8 0 0 50 0 184 0 333 300 1868 1736 13 420 26 0 10 0 9 0 10 34 489 73 463 0 969 807 0 554 0 100 503 13 13 925 131 489 620 543 105 592 15 197 0 314 9 77 23 258 122 0 105 100 1526 
15 80 210 0 0 307 0 1079 36 9 0 35 0 9 2480 0 3000 304 245 19 0 48 21 167 0 2023 47 0 21 9 28 579 382 259 8 182 12 16 147 152 1466 3000 9 0 2372 3000 1151 33 702 88 0 0 1768 507 341 0 91 10 0 36 358 36 207 0 31 1645 47 213 0 0 0 0 458 1612 312 379 158 20 161 47 
173 26 349 0 0 113 0 11 850 284 0 0 0 32 48 0 0 319 186 0 239 0 1180 59 0 83 98 0 27 0 262 1047 1259 124 0 18 0 24 0 787 310 0 0 2372 0 0 3000 63 0 0 0 0 0 26 0 453 0 103 87 0 11 0 0 0 625 0 0 0 0 0 0 2574 554 316 31 506 9 0 76 1320 
21 97 0 1048 323 808 17 8 302 239 2916 0 54 273 0 1411 623 839 169 0 61 106 18 3000 34 765 20 3000 0 28 46 326 21 44 149 81 0 340 960 23 423 39 10 3000 0 0 0 799 117 0 158 242 0 23 30 27 162 60 9 0 50 12 116 22 461 534 1206 188 272 310 127 29 0 333 31 938 57 2598 11 76 
0 619 479 0 0 380 0 17 52 130 0 8 0 71 9 37 3000 8 12 2721 0 440 37 53 0 259 1180 0 35 269 762 123 12 60 318 700 596 0 61 23 240 143 34 1151 3000 0 0 0 9 47 0 0 760 0 13 0 31 165 0 207 22 156 1088 0 11 25 63 133 0 0 95 0 64 21 0 524 1721 452 9 22 
31 3000 0 205 636 100 0 10 45 718 584 0 32 7 1378 0 35 18 269 0 77 123 19 228 0 1788 2326 3000 0 49 7 1298 12 8 0 63 0 57 181 596 40 182 489 33 63 799 0 0 273 0 47 75 0 167 0 156 9 42 20 0 17 139 0 0 60 0 439 0 90 75 22 327 0 10 228 108 12 0 83 684 
11 834 0 822 89 68 19 48 91 796 30 22 876 24 0 3000 155 17 33 77 8 134 167 21 55 244 97 524 0 202 32 294 26 120 584 95 23 13 1250 743 112 784 73 702 0 117 9 273 0 0 170 15 15 61 8 154 209 805 17 66 128 833 802 105 285 692 9 34 9 2575 232 95 0 156 267 34 195 18 947 566 
0 91 59 0 0 124 0 442 0 3000 0 3000 0 11 116 0 15 16 912 229 0 0 0 97 0 931 172 0 571 42 0 1481 0 31 71 120 229 0 49 22 540 109 463 88 0 0 47 0 0 0 0 0 27 0 11 0 2459 0 0 613 874 12 50 0 9 464 178 69 0 0 0 0 652 1019 0 275 3000 282 131 617 
22 257 0 59 51 0 0 0 18 334 388 0 201 579 0 0 0 0 0 0 3000 135 18 715 0 0 0 744 0 0 1632 59 1047 62 0 81 0 14 0 0 83 0 0 0 0 158 0 47 170 0 0 14 0 13 0 364 10 20 32 0 76 0 0 0 0 0 0 0 25 117 131 321 0 63 241 71 0 0 202 0 
491 52 0 16 131 406 56 0 38 265 905 0 39 29 0 56 39 503 316 0 2044 85 55 44 86 0 0 52 0 134 2073 22 38 16 111 243 0 1999 8 0 0 557 969 0 0 242 0 75 15 0 14 0 0 9 7 185 9 1119 447 0 719 8 0 21 9 3000 378 0 664 173 621 19 0 3000 126 37 0 0 763 3000 
0 86 45 0 0 34 144 192 0 40 0 14 0 0 0 32 146 19 446 24 0 15 1931 88 70 584 30 0 71 88 0 222 0 105 214 678 844 0 648 157 0 165 807 1768 0 0 760 0 15 27 0 0 0 0 17 0 312 0 0 10 695 65 480 59 25 2044 1397 2855 0 0 3000 0 76 44 0 40 1126 2794 296 127 
13 941 20 196 2816 26 0 284 558 9 180 0 0 21 2885 0 1164 26 1091 0 28 7 10 79 0 57 12 41 244 0 11 53 10 20 0 657 0 8 31 3000 48 0 0 507 26 23 0 167 61 0 13 9 0 0 0 86 124 107 7 0 34 220 41 0 19 0 15 0 0 104 57 202 0 753 157 10 134 0 950 3000 
0 207 0 0 0 74 459 3000 107 152 88 404 120 0 0 15 3000 157 12 389 103 103 198 9 36 0 10 0 0 28 0 1521 0 297 1653 10 460 46 1314 39 0 31 554 341 0 30 13 0 8 11 0 7 17 0 0 0 586 35 0 24 255 353 12 64 681 41 616 126 765 0 103 0 13 275 0 50 0 767 937 192 
16 10 0 85 102 311 0 0 1641 11 17 0 11 20 0 0 0 104 11 0 1191 45 494 91 0 0 0 38 0 0 26 20 2861 30 0 193 0 92 0 12 1911 0 0 0 453 27 0 156 154 0 364 185 0 86 0 0 434 175 14 0 53 0 0 0 0 0 46 0 619 138 29 77 0 19 104 160 0 0 153 45 
18 10 0 7 203 14 457 84 50 23 124 1409 50 402 0 347 341 119 293 46 215 735 400 378 12 166 54 47 0 69 41 130 3000 375 479 95 7 28 91 624 0 837 100 91 0 162 31 9 209 2459 10 9 312 124 586 434 0 3000 167 93 2253 587 634 11 10 250 90 9 21 86 124 367 9 32 244 493 0 23 3000 190 
28 2234 10 1072 23 442 102 12 46 369 39 0 53 395 407 0 41 19 8 0 363 2038 9 159 0 74 27 17 29 997 124 673 210 346 35 66 257 32 970 38 179 1619 503 10 103 60 165 42 805 0 20 1119 0 107 35 175 3000 0 20 0 183 1687 453 0 169 70 107 209 773 15 791 29 41 61 41 52 11 0 10 13 
430 3000 0 495 234 105 129 0 424 3000 12 0 285 16 0 0 34 690 307 0 13 31 107 835 0 0 0 3000 0 53 219 230 686 449 0 137 0 284 78 57 429 105 13 0 87 9 0 20 17 0 32 447 0 7 0 14 167 20 0 0 30 70 0 51 29 0 187 0 15 10 9 119 0 578 22 36 0 0 11 158 
0 105 10 0 0 11 22 393 0 231 0 203 0 0 0 543 14 220 2123 91 0 26 98 422 50 60 203 0 431 49 0 406 0 208 49 29 354 0 62 815 0 124 13 36 0 0 207 0 66 613 0 0 10 0 24 0 93 0 0 0 204 440 3000 0 623 11 1050 124 0 0 179 0 658 107 0 41 983 28 376 23 
34 8 15 55 11 2438 7 971 1021 37 1060 34 18 60 105 938 41 70 23 619 87 287 24 1237 0 598 8 280 870 7 585 64 15 54 502 259 286 3000 429 30 239 8 925 358 11 50 22 17 128 874 76 719 695 34 255 53 2253 183 30 204 0 18 166 0 10 71 2413 1274 168 523 9 434 349 188 159 23 307 139 70 21 
0 17 9 0 0 43 21 78 24 87 11 88 32 2157 0 750 116 320 11 23 654 9 54 31 47 51 12 0 15 3000 12 1794 203 96 1343 126 23 9 919 1568 0 18 131 36 0 12 156 139 833 12 0 8 65 220 353 0 587 1687 70 440 18 0 13 1320 8 140 11 151 2810 0 212 0 8 2281 1265 18 147 17 147 18 
0 2397 1019 0 0 153 362 31 286 60 14 17 32 10 134 115 30 29 79 235 225 131 10 87 275 23 16 0 93 1193 80 12 2608 19 47 17 527 350 1110 404 534 7 489 207 0 116 1088 0 802 50 0 0 480 41 12 0 634 453 0 3000 166 13 0 902 11 330 453 69 248 0 507 0 244 34 145 43 50 31 91 678 
0 25 0 742 681 63 453 0 30 95 231 1514 1967 0 0 7 32 32 20 36 1019 92 412 2239 63 0 0 0 0 24 0 397 0 0 94 0 0 662 877 0 0 851 620 0 0 22 0 0 105 0 0 21 59 0 64 0 11 0 51 0 0 1320 902 0 135 882 91 103 19 0 23 12 0 2755 0 35 0 128 3000 0 
102 32 102 0 0 3000 311 16 180 13 140 848 18 10 8 120 10 113 28 13 103 167 63 290 17 746 9 0 47 10 880 11 706 14 172 142 80 150 1949 38 44 581 543 31 625 461 11 60 285 9 0 9 25 19 681 0 10 169 29 623 10 8 11 135 0 375 16 19 670 0 2505 0 24 23 35 45 19 33 23 3000 
0 13 13 0 0 779 13 2671 1726 51 79 161 28 0 0 9 380 113 13 173 1718 1505 144 44 16 139 83 0 14 205 0 192 0 317 99 33 599 190 21 174 0 599 105 1645 0 534 25 0 692 464 0 3000 2044 0 41 0 250 70 0 11 71 140 330 882 375 0 23 16 51 0 84 0 116 48 0 39 0 12 298 56 
39 7 14 109 25 231 255 28 34 14 961 34 22 3000 0 454 516 68 59 160 24 594 632 32 361 34 508 0 53 407 2507 16 46 153 96 56 13 10 635 138 0 322 592 47 0 1206 63 439 9 178 0 378 1397 15 616 46 90 107 187 1050 2413 11 453 91 16 23 0 531 50 264 328 10 20 606 37 21 12 29 56 11 
0 1626 20 0 0 180 73 269 496 39 53 1369 994 0 0 14 28 43 353 109 24 3000 74 3000 51 1579 21 0 38 3000 0 392 0 14 231 94 12 0 9 174 0 380 15 213 0 188 133 0 34 69 0 0 2855 0 126 0 9 209 0 124 1274 151 69 103 19 16 531 0 203 0 3000 0 592 104 0 28 2205 314 37 33 
0 15 0 26 425 18 525 0 9 321 1166 0 19 0 0 11 12 56 45 437 92 71 546 152 24 0 0 714 0 426 0 104 0 0 346 9 0 7 15 0 0 3000 197 0 0 272 0 90 9 0 25 664 0 0 765 619 21 773 15 0 168 2810 248 19 670 51 50 203 0 9 188 74 0 214 7 9 0 534 37 0 
57 643 0 55 13 0 0 0 52 723 121 0 45 130 0 0 0 49 0 0 606 84 10 459 0 0 0 1528 0 0 29 2614 1157 613 0 9 0 3000 0 0 24 0 0 0 0 310 0 75 2575 0 117 173 0 104 0 138 86 15 10 0 523 0 0 0 0 0 264 0 9 0 20 19 0 42 281 1884 0 0 402 0 
0 35 0 193 24 50 235 0 1607 73 283 22 13 0 0 77 8 31 531 11 39 8 30 148 17 0 2297 123 0 11 355 10 148 40 293 2557 25 97 21 16 0 1953 314 0 0 127 95 22 232 0 131 621 3000 57 103 29 124 791 9 179 9 212 507 23 2505 84 328 3000 188 20 0 14 0 978 1263 127 0 70 18 187 
624 184 0 10 419 17 463 0 221 1144 82 0 22 71 0 0 132 141 560 0 54 19 432 135 0 0 0 583 0 0 752 87 8 8 0 187 0 315 0 9 1972 0 9 0 2574 29 0 327 95 0 321 19 0 202 0 77 367 29 119 0 434 0 0 12 0 0 10 0 74 19 14 0 0 1525 26 64 0 0 490 399 
9 896 824 0 0 215 0 942 1010 7 0 84 0 11 18 0 45 92 225 50 0 0 25 55 0 564 100 0 78 684 88 67 733 109 388 222 13 0 8 274 181 227 77 458 554 0 64 0 0 652 0 0 76 0 13 0 9 41 0 658 349 8 244 0 24 116 20 592 0 0 0 0 0 37 8 140 12 16 287 75 
27 2589 88 7 81 18 45 387 177 93 661 602 2381 12 183 21 160 3000 761 878 25 147 154 40 684 381 105 184 176 69 448 9 287 295 830 651 1153 99 315 309 254 21 23 1612 316 333 21 10 156 1019 63 3000 44 753 275 19 32 61 578 107 188 2281 34 2755 23 48 606 104 214 42 978 1525 37 0 1288 17 1006 13 476 15 
2881 760 189 267 41 751 0 10 933 489 118 0 11 84 52 0 1724 1927 183 0 263 782 17 64 0 52 103 53 58 16 1538 27 42 16 10 33 0 1274 19 374 36 281 258 312 31 31 0 228 267 0 241 126 0 157 0 104 244 41 22 0 159 1265 145 0 35 0 37 0 7 281 1263 26 8 1288 0 11 11 0 41 1275 
34 81 685 97 91 594 35 40 16 31 37 377 50 1863 69 16 269 138 143 185 57 1460 43 488 10 115 105 3000 42 3000 18 425 809 672 48 46 62 1019 50 181 14 13 122 379 506 938 524 108 34 275 71 37 40 10 50 160 493 52 36 41 23 18 43 35 45 39 21 28 9 1884 127 64 140 17 11 0 97 261 86 58 
18 1707 872 0 0 224 0 204 1115 401 0 0 0 67 46 0 402 34 24 0 45 0 3000 583 0 2182 25 0 362 1403 21 424 289 9 0 196 575 8 1189 3000 67 143 0 158 9 57 1721 12 195 3000 0 0 1126 134 0 0 0 11 0 983 307 147 50 0 19 0 12 2205 0 0 0 0 12 1006 11 97 0 0 753 1903 
0 923 63 0 0 66 13 199 0 757 243 40 224 0 0 1233 1720 42 317 152 0 18 139 2774 8 0 20 0 527 145 0 722 0 0 303 815 1027 0 160 17 0 54 105 20 0 2598 452 0 18 282 0 0 2794 0 767 0 23 0 0 28 139 17 31 128 33 12 29 314 534 0 70 0 16 13 0 261 0 0 321 1057 
326 256 512 23 31 9 542 218 18 8 1136 259 9 46 133 281 430 724 23 1829 119 32 9 47 53 70 259 39 33 40 257 682 17 24 9 913 541 190 28 12 43 2749 100 161 76 11 9 83 947 131 202 763 296 950 937 153 3000 10 11 376 70 147 91 3000 23 298 56 37 37 402 18 490 287 476 41 86 753 321 0 18 
18 46 966 0 0 3000 40 40 1083 163 165 3000 0 996 189 166 198 758 190 80 21 94 143 3000 158 174 14 0 14 7 195 27 12 2591 14 381 23 41 8 113 206 283 1526 47 1320 76 22 684 566 617 0 3000 127 3000 192 45 190 13 158 23 21 18 678 0 3000 56 11 33 0 0 187 399 75 15 1275 58 1903 1057 18 0 
