80
0 49 58 65 68 64 37 40 63 41 42 52 9 37 33 41 51 54 19 49 30 22 20 50 36 51 27 38 60 36 44 56 36 52 42 28 53 50 39 57 67 30 30 51 14 60 52 36 27 63 52 9 46 54 49 42 51 39 35 55 46 5 31 66 13 12 27 53 54 47 20 21 20 14 80 9 45 50 51 33 
49 0 11 78 81 59 18 9 55 71 88 55 58 86 76 70 99 93 58 83 19 50 53 96 42 100 38 86 106 62 45 70 57 11 86 22 13 77 26 22 113 79 61 12 35 51 11 58 56 16 48 41 19 55 3 77 63 77 78 85 95 53 41 111 49 43 75 99 74 57 68 58 33 42 82 58 77 23 48 45 
58 11 0 89 92 68 23 20 65 83 96 66 67 95 87 74 109 104 69 94 28 61 64 107 44 109 43 95 117 66 57 81 68 8 92 30 8 88 28 29 123 88 66 9 44 60 19 61 61 5 59 51 19 66 14 82 74 88 89 88 104 63 45 122 60 51 83 110 85 69 78 65 44 49 92 67 82 32 59 57 
65 78 89 0 3 27 81 72 31 31 94 23 69 73 51 106 81 46 49 35 71 43 45 66 96 77 87 83 73 101 32 9 30 88 99 75 90 23 89 64 73 75 96 89 64 34 70 101 93 93 31 60 90 23 75 105 16 41 52 119 83 63 92 70 52 75 81 69 13 21 65 86 56 76 19 69 109 58 31 37 
68 81 92 3 0 30 85 75 33 32 96 26 71 75 53 109 82 46 51 36 74 46 48 67 99 78 90 85 73 104 36 12 32 91 102 78 93 24 92 67 73 77 98 92 67 36 74 104 95 96 34 63 93 26 78 108 19 43 53 122 84 65 95 70 55 78 83 70 15 24 67 88 59 79 18 71 112 61 34 40 
64 59 68 27 30 0 67 55 4 46 102 14 71 85 64 104 96 67 54 55 58 44 48 84 87 93 78 93 92 98 21 26 35 70 105 63 72 43 76 40 94 84 94 71 57 8 49 96 89 72 13 57 75 12 55 106 23 57 66 119 96 64 84 91 53 70 87 87 33 22 72 85 48 71 24 71 109 36 14 32 
37 18 23 81 85 67 0 14 64 68 73 60 45 73 68 52 87 87 50 79 11 45 47 86 24 88 20 72 96 44 50 73 56 16 69 9 17 75 9 37 104 65 44 15 24 60 27 40 38 27 55 31 10 61 20 60 65 71 70 67 82 42 23 102 42 28 60 89 75 60 56 42 28 26 89 45 60 35 55 45 
40 9 20 72 75 55 14 0 52 63 80 50 49 77 67 64 91 85 49 75 11 41 45 88 37 91 32 78 98 56 40 64 50 16 78 15 18 69 23 24 104 70 55 17 26 48 14 52 49 24 44 32 19 51 9 70 57 68 69 79 86 45 36 102 41 35 66 91 67 51 59 51 24 34 78 49 71 21 43 38 
63 55 65 31 33 4 64 52 0 47 101 14 70 86 65 103 96 69 54 57 55 43 48 85 84 94 76 93 93 96 20 28 35 66 104 60 68 44 73 37 95 84 92 67 55 4 46 94 87 68 11 55 71 13 52 105 24 58 66 117 96 63 81 93 52 68 87 88 35 22 72 83 46 69 28 70 107 33 12 31 
41 71 83 31 32 46 68 63 47 0 63 33 41 43 21 80 51 24 22 12 58 23 22 38 75 48 66 53 46 76 33 23 15 79 69 60 81 10 74 66 49 45 70 79 45 47 68 77 68 87 39 39 78 34 69 77 23 11 21 92 52 37 71 46 29 52 51 41 18 25 36 60 40 54 49 41 81 58 38 27 
42 88 96 94 96 102 73 80 101 63 0 88 33 23 43 37 28 60 47 63 70 58 53 41 59 32 55 11 46 41 82 85 68 89 10 66 90 72 71 99 55 18 35 88 56 99 93 46 39 100 90 51 80 90 89 27 83 54 43 39 20 39 55 55 50 46 15 41 81 81 29 32 62 47 111 33 32 91 89 70 
52 55 66 23 26 14 60 50 14 33 88 0 58 72 51 93 82 56 41 43 50 31 35 71 77 80 69 79 79 86 10 17 21 65 92 54 67 32 68 41 82 71 82 66 46 14 47 85 78 70 8 45 68 2 52 94 11 44 52 107 82 51 74 79 40 59 74 74 23 8 59 73 37 60 30 58 97 34 7 19 
9 58 67 69 71 71 45 49 70 41 33 58 0 28 29 38 42 51 20 47 39 27 24 43 40 43 33 28 53 35 50 59 40 60 34 37 62 51 46 66 61 21 29 60 24 68 61 37 27 71 59 18 54 60 58 37 55 37 30 51 37 7 36 60 18 18 18 46 57 52 12 18 29 20 84 0 40 59 58 39 
37 86 95 73 75 85 73 77 86 43 23 72 28 0 22 53 14 37 33 41 67 44 39 19 66 15 60 12 26 54 67 66 51 89 32 65 90 51 74 91 35 10 48 88 51 84 88 58 49 100 75 45 82 73 85 46 65 33 22 60 10 32 62 35 39 46 19 21 61 64 18 40 55 48 92 29 51 83 74 57 
33 76 87 51 53 64 68 67 65 21 43 51 29 22 0 65 31 22 18 20 59 28 23 21 68 29 60 32 31 63 48 44 30 81 50 59 83 29 71 76 37 25 56 81 43 64 75 65 56 91 55 36 77 52 75 60 43 11 2 75 32 28 64 35 26 45 33 25 38 43 19 46 43 47 69 29 65 68 54 38 
41 70 74 106 109 104 52 64 103 80 37 93 38 53 65 0 63 86 58 85 55 64 61 72 30 67 32 44 80 8 83 97 77 66 28 49 66 89 46 87 89 44 11 65 48 99 78 13 15 77 91 48 56 94 72 11 92 74 66 15 56 43 29 89 54 34 35 74 95 88 46 20 57 34 121 38 8 82 91 73 
51 99 109 81 82 96 87 91 96 51 28 82 42 14 31 63 0 39 45 46 81 57 51 16 79 4 73 19 18 65 79 74 61 103 38 79 104 58 88 104 27 22 59 102 65 95 101 69 61 113 86 58 96 84 99 55 74 40 30 67 8 46 75 28 52 60 30 15 68 74 31 52 68 62 99 42 60 96 85 68 
54 93 104 46 46 67 87 85 69 24 60 56 51 37 22 86 39 0 37 12 78 43 40 23 90 35 81 49 27 85 57 42 39 100 69 79 102 25 92 89 27 44 78 100 63 70 91 87 78 109 62 56 97 57 91 81 45 17 20 95 43 49 85 24 46 66 53 24 35 47 40 68 61 68 65 51 86 81 61 50 
19 58 69 49 51 54 50 49 54 22 47 41 20 33 18 58 45 37 0 30 41 12 6 39 54 44 45 39 49 54 35 40 21 64 51 42 66 32 55 59 55 30 48 64 26 52 58 55 46 73 43 19 60 42 57 56 36 21 20 71 43 15 50 53 9 30 33 42 37 34 18 38 25 32 65 20 60 51 42 24 
49 83 94 35 36 55 79 75 57 12 63 43 47 41 20 85 46 12 30 0 69 34 32 31 84 42 75 52 38 82 45 30 27 91 71 70 93 13 84 78 39 45 75 91 55 58 80 84 74 99 50 49 89 44 81 81 33 10 20 95 49 44 80 36 38 60 53 34 23 35 39 65 51 62 54 47 85 70 49 39 
30 19 28 71 74 58 11 11 55 58 70 50 39 67 59 55 81 78 41 69 0 35 38 79 30 81 23 67 89 47 39 62 45 23 68 6 24 65 19 32 95 60 45 22 16 51 24 43 40 33 45 23 20 51 19 60 55 61 61 70 76 35 28 94 33 24 56 82 64 50 50 40 17 24 79 39 61 28 45 35 
22 50 61 43 46 44 45 41 43 23 58 31 27 44 28 64 57 43 12 34 35 0 5 49 54 55 45 50 59 58 24 34 13 57 61 37 59 31 51 48 64 41 53 57 23 41 48 58 50 65 32 18 55 32 48 64 28 27 30 77 55 21 50 62 9 32 43 53 33 25 29 43 17 33 57 28 67 40 31 12 
20 53 64 45 48 48 47 45 48 22 53 35 24 39 23 61 51 40 6 32 38 5 0 44 54 50 45 45 54 56 29 36 16 60 57 39 62 31 52 54 60 36 50 60 24 46 52 56 48 69 37 18 57 37 52 60 31 24 25 74 50 17 49 58 7 31 39 48 34 29 24 40 21 33 61 24 64 45 36 18 
50 96 107 66 67 84 86 88 85 38 41 71 43 19 21 72 16 23 39 31 79 49 44 0 83 12 76 30 10 73 69 61 51 101 51 78 103 44 89 98 18 28 66 101 63 85 96 76 67 111 76 56 96 72 95 65 61 27 19 79 22 45 79 17 47 61 38 3 54 62 31 58 63 63 85 43 70 89 75 60 
36 42 44 96 99 87 24 37 84 75 59 77 40 66 68 30 79 90 54 84 30 54 54 83 0 81 9 61 92 22 67 86 67 36 52 24 36 84 16 61 100 57 24 35 32 80 51 17 20 47 74 36 25 78 44 39 80 74 70 44 72 40 4 99 47 24 49 85 86 75 52 27 40 21 106 40 38 57 73 59 
51 100 109 77 78 93 88 91 94 48 32 80 43 15 29 67 4 35 44 42 81 55 50 12 81 0 75 22 14 68 77 71 59 103 42 80 105 55 89 103 23 24 62 103 65 93 101 72 64 114 84 59 97 81 99 58 71 37 28 71 12 47 77 23 51 61 33 11 65 72 32 54 68 63 96 43 63 95 83 67 
27 38 43 87 90 78 20 32 76 66 55 69 33 60 60 32 73 81 45 75 23 45 45 76 9 75 0 56 85 24 58 77 58 35 50 18 35 75 16 56 93 51 24 34 23 72 46 20 18 46 66 27 25 70 40 39 71 66 62 47 67 32 5 92 38 15 44 78 77 66 45 23 31 13 98 32 40 51 65 50 
38 86 95 83 85 93 72 78 93 53 11 79 28 12 32 44 19 49 39 52 67 50 45 30 61 22 56 0 36 46 74 76 59 88 21 65 89 62 72 94 45 9 40 87 52 91 90 51 43 99 82 47 80 81 86 36 73 43 32 49 11 34 58 45 43 44 12 31 71 72 21 34 57 46 101 29 41 86 81 63 
60 106 117 73 73 92 96 98 93 46 46 79 53 26 31 80 18 27 49 38 89 59 54 10 92 14 85 36 0 81 78 68 60 111 56 88 113 51 98 108 9 36 74 111 73 93 107 84 76 121 85 66 106 81 105 71 69 36 29 85 25 55 88 10 57 71 45 7 61 71 41 66 74 73 91 53 77 99 84 69 
36 62 66 101 104 98 44 56 96 76 41 86 35 54 63 8 65 85 54 82 47 58 56 73 22 68 24 46 81 0 77 92 72 58 32 41 58 85 38 79 89 45 7 56 41 92 70 5 9 69 85 42 47 88 64 17 86 72 64 23 58 39 21 89 49 28 35 75 90 82 44 16 50 27 115 35 16 74 84 67 
44 45 57 32 36 21 50 40 20 33 82 10 50 67 48 83 79 57 35 45 39 24 29 69 67 77 58 74 78 77 0 25 19 56 84 44 58 35 58 34 82 65 73 56 37 17 39 76 68 61 8 36 58 12 43 85 17 43 50 98 78 44 64 79 32 49 67 72 29 12 53 64 27 50 40 50 88 26 7 11 
56 70 81 9 12 26 73 64 28 23 85 17 59 66 44 97 74 42 40 30 62 34 36 61 86 71 77 76 68 92 25 0 20 80 91 66 82 17 80 58 69 67 86 81 54 30 63 92 83 85 25 51 82 18 67 96 7 34 45 110 76 54 82 66 42 65 72 64 7 13 57 76 46 67 26 59 100 51 25 28 
36 57 68 30 32 35 56 50 35 15 68 21 40 51 30 77 61 39 21 27 45 13 16 51 67 59 58 59 60 72 19 20 0 66 72 48 68 20 63 51 63 50 66 66 35 34 53 72 63 73 25 31 65 22 55 76 15 24 32 90 61 34 63 61 22 45 54 54 19 13 39 56 28 47 45 40 80 42 24 12 
52 11 8 88 91 70 16 16 66 79 89 65 60 89 81 66 103 100 64 91 23 57 60 101 36 103 35 88 111 58 56 80 66 0 85 24 2 85 20 33 118 81 59 2 38 62 22 53 53 11 59 45 11 66 14 74 73 83 84 80 98 57 37 116 55 44 76 104 83 67 72 57 39 42 93 60 74 34 59 54 
42 86 92 99 102 105 69 78 104 69 10 92 34 32 50 28 38 69 51 71 68 61 57 51 52 42 50 21 56 32 84 91 72 85 0 63 85 79 66 98 65 25 28 84 55 102 92 38 33 96 93 51 75 93 86 17 87 61 51 29 31 41 50 65 52 43 18 51 87 85 34 28 62 44 116 34 22 91 92 73 
28 22 30 75 78 63 9 15 60 60 66 54 37 65 59 49 79 79 42 70 6 37 39 78 24 80 18 65 88 41 44 66 48 24 63 0 25 67 15 38 95 57 40 23 16 56 29 38 34 35 50 23 18 56 23 55 59 62 61 65 74 33 22 93 33 21 53 81 67 54 48 36 20 19 84 37 56 33 50 38 
53 13 8 90 93 72 17 18 68 81 90 67 62 90 83 66 104 102 66 93 24 59 62 103 36 105 35 89 113 58 58 82 68 2 85 25 0 88 20 35 120 82 59 2 40 64 24 53 53 11 61 47 11 68 16 74 75 85 85 80 99 58 37 118 57 45 77 106 85 70 73 58 41 43 95 62 74 36 61 56 
50 77 88 23 24 43 75 69 44 10 72 32 51 51 29 89 58 25 32 13 65 31 31 44 84 55 75 62 51 85 35 17 20 85 79 67 88 0 82 69 52 54 79 86 53 46 72 86 77 93 39 48 85 32 75 87 20 19 30 101 60 47 80 49 38 61 61 47 10 24 45 69 48 63 41 51 91 61 38 32 
39 26 28 89 92 76 9 23 73 74 71 68 46 74 71 46 88 92 55 84 19 51 52 89 16 89 16 72 98 38 58 80 63 20 66 15 20 82 0 46 106 66 39 18 29 69 36 33 34 31 64 35 9 70 28 55 73 75 73 61 82 44 17 105 46 28 59 92 82 68 58 39 34 26 98 46 54 44 63 53 
57 22 29 64 67 40 37 24 37 66 99 41 66 91 76 87 104 89 59 78 32 48 54 98 61 103 56 94 108 79 34 58 51 33 98 38 35 69 46 0 112 86 77 34 43 32 11 76 72 32 33 48 41 41 19 93 51 74 78 102 101 60 60 110 52 55 84 101 63 46 74 72 37 55 64 66 94 8 33 39 
67 113 123 73 73 94 104 104 95 49 55 82 61 35 37 89 27 27 55 39 95 64 60 18 100 23 93 45 9 89 82 69 63 118 65 95 120 52 106 112 0 45 83 118 80 96 112 93 84 128 88 73 113 83 112 81 71 39 35 94 34 62 96 3 63 78 54 15 62 73 49 75 80 81 91 61 86 104 87 73 
30 79 88 75 77 84 65 70 84 45 18 71 21 10 25 44 22 44 30 45 60 41 36 28 57 24 51 9 36 45 65 67 50 81 25 57 82 54 66 86 45 0 38 80 44 82 82 48 40 92 73 38 74 72 78 37 65 36 26 52 17 26 53 45 34 38 9 30 63 63 12 30 49 40 93 21 42 78 72 54 
30 61 66 96 98 94 44 55 92 70 35 82 29 48 56 11 59 78 48 75 45 53 50 66 24 62 24 40 74 7 73 86 66 59 28 40 59 79 39 77 83 38 0 57 37 89 69 11 6 70 81 37 49 83 63 16 81 65 58 26 52 33 22 83 44 24 29 68 84 77 38 10 46 23 110 28 16 72 80 62 
51 12 9 89 92 71 15 17 67 79 88 66 60 88 81 65 102 100 64 91 22 57 60 101 35 103 34 87 111 56 56 81 66 2 84 23 2 86 18 34 118 80 57 0 38 63 23 52 52 13 60 45 9 67 16 73 73 83 83 79 97 56 36 116 55 43 75 104 84 68 71 56 39 41 94 60 73 35 60 55 
14 35 44 64 67 57 24 26 55 45 56 46 24 51 43 48 65 63 26 55 16 23 24 63 32 65 23 52 73 41 37 54 35 38 55 16 40 53 29 43 80 44 37 38 0 52 38 39 32 49 44 7 34 48 34 51 48 47 46 63 61 19 28 78 18 13 41 66 55 44 34 30 9 14 75 24 53 36 43 28 
60 51 60 34 36 8 60 48 4 47 99 14 68 84 64 99 95 70 52 58 51 41 46 85 80 93 72 91 93 92 17 30 34 62 102 56 64 46 69 32 96 82 89 63 52 0 41 91 84 64 9 52 67 13 47 102 25 58 66 114 95 61 77 93 49 65 84 88 37 23 70 80 42 66 32 68 104 28 10 29 
52 11 19 70 74 49 27 14 46 68 93 47 61 88 75 78 101 91 58 80 24 48 52 96 51 101 46 90 107 70 39 63 53 22 92 29 24 72 36 11 112 82 69 23 38 41 0 67 64 23 40 43 30 48 8 85 56 75 78 94 98 56 50 110 50 48 79 100 68 51 70 65 33 48 73 61 85 13 40 41 
36 58 61 101 104 96 40 52 94 77 46 85 37 58 65 13 69 87 55 84 43 58 56 76 17 72 20 51 84 5 76 92 72 53 38 38 53 86 33 76 93 48 11 52 39 91 67 0 9 64 83 41 43 87 60 23 86 73 67 27 62 40 17 93 50 27 39 78 90 82 47 19 49 25 114 36 21 71 83 66 
27 56 61 93 95 89 38 49 87 68 39 78 27 49 56 15 61 78 46 74 40 50 48 67 20 64 18 43 76 9 68 83 63 53 33 34 53 77 34 72 84 40 6 52 32 84 64 9 0 64 76 33 43 79 57 21 78 64 57 31 54 31 17 84 41 19 31 69 82 74 38 10 42 18 106 27 22 66 75 58 
63 16 5 93 96 72 27 24 68 87 100 70 71 100 91 77 113 109 73 99 33 65 69 111 47 114 46 99 121 69 61 85 73 11 96 35 11 93 31 32 128 92 70 13 49 64 23 64 64 0 63 56 22 70 18 85 78 92 93 91 109 67 48 126 65 55 87 115 89 73 82 69 49 53 96 71 85 36 63 61 
52 48 59 31 34 13 55 44 11 39 90 8 59 75 55 91 86 62 43 50 45 32 37 76 74 84 66 82 85 85 8 25 25 59 93 50 61 39 64 33 88 73 81 60 44 9 40 83 76 63 0 44 63 8 45 93 19 49 57 106 86 52 71 85 41 57 75 79 31 15 61 72 35 58 34 59 96 27 1 20 
9 41 51 60 63 57 31 32 55 39 51 45 18 45 36 48 58 56 19 49 23 18 18 56 36 59 27 47 66 42 36 51 31 45 51 23 47 48 35 48 73 38 37 45 7 52 43 41 33 56 44 0 41 46 41 50 45 40 39 62 54 12 32 71 11 14 36 59 50 41 27 28 11 16 73 18 52 40 43 25 
46 19 19 90 93 75 10 19 71 78 80 68 54 82 77 56 96 97 60 89 20 55 57 96 25 97 25 80 106 47 58 82 65 11 75 18 11 85 9 41 113 74 49 9 34 67 30 43 43 22 63 41 0 69 22 64 74 81 79 70 90 51 27 112 51 36 68 99 84 69 65 48 37 34 97 54 63 40 63 55 
54 55 66 23 26 12 61 51 13 34 90 2 60 73 52 94 84 57 42 44 51 32 37 72 78 81 70 81 81 88 12 18 22 66 93 56 68 32 70 41 83 72 83 67 48 13 48 87 79 70 8 46 69 0 53 95 12 45 54 109 84 53 75 80 41 60 75 75 24 10 60 74 39 61 28 60 98 35 8 21 
49 3 14 75 78 55 20 9 52 69 89 52 58 85 75 72 99 91 57 81 19 48 52 95 44 99 40 86 105 64 43 67 55 14 86 23 16 75 28 19 112 78 63 16 34 47 8 60 57 18 45 41 22 53 0 79 60 75 77 87 95 53 43 110 48 43 75 99 71 55 68 59 32 42 79 58 79 19 45 43 
42 77 82 105 108 106 60 70 105 77 27 94 37 46 60 11 55 81 56 81 60 64 60 65 39 58 39 36 71 17 85 96 76 74 17 55 74 87 55 93 81 37 16 73 51 102 85 23 21 85 93 50 64 95 79 0 91 70 61 15 47 43 37 81 54 38 28 66 93 88 42 21 60 38 121 36 5 87 92 74 
51 63 74 16 19 23 65 57 24 23 83 11 55 65 43 92 74 45 36 33 55 28 31 61 80 71 71 73 69 86 17 7 15 73 87 59 75 20 73 51 71 65 81 73 48 25 56 86 78 78 19 45 74 12 60 91 0 34 44 105 75 49 76 69 37 59 69 64 12 5 54 71 40 61 29 55 95 44 18 21 
39 77 88 41 43 57 71 68 58 11 54 44 37 33 11 74 40 17 21 10 61 27 24 27 74 37 66 43 36 72 43 34 24 83 61 62 85 19 75 74 39 36 65 83 47 58 75 73 64 92 49 40 81 45 75 70 34 0 11 85 42 34 70 37 29 51 43 30 28 35 28 55 44 53 60 37 75 65 48 35 
35 78 89 52 53 66 70 69 66 21 43 52 30 22 2 66 30 20 20 20 61 30 25 19 70 28 62 32 29 64 50 45 32 84 51 61 85 30 73 78 35 26 58 83 46 66 78 67 57 93 57 39 79 54 77 61 44 11 0 76 31 30 66 33 29 47 34 23 39 44 20 48 45 49 70 31 66 70 56 40 
55 85 88 119 122 119 67 79 117 92 39 107 51 60 75 15 67 95 71 95 70 77 74 79 44 71 47 49 85 23 98 110 90 80 29 65 80 101 61 102 94 52 26 79 63 114 94 27 31 91 106 62 70 109 87 15 105 85 76 0 59 57 44 94 68 49 43 80 107 102 57 34 72 49 135 51 10 97 105 88 
46 95 104 83 84 96 82 86 96 52 20 82 37 10 32 56 8 43 43 49 76 55 50 22 72 12 67 11 25 58 78 76 61 98 31 74 99 60 82 101 34 17 52 97 61 95 98 62 54 109 86 54 90 84 95 47 75 42 31 59 0 42 69 35 49 54 23 22 70 74 27 45 64 56 101 37 52 93 85 67 
5 53 63 63 65 64 42 45 63 37 39 51 7 32 28 43 46 49 15 44 35 21 17 45 40 47 32 34 55 39 44 54 34 57 41 33 58 47 44 60 62 26 33 56 19 61 56 40 31 67 52 12 51 53 53 43 49 34 30 57 42 0 36 61 12 17 25 48 51 46 15 23 23 19 78 7 46 52 51 32 
31 41 45 92 95 84 23 36 81 71 55 74 36 62 64 29 75 85 50 80 28 50 49 79 4 77 5 58 88 21 64 82 63 37 50 22 37 80 17 60 96 53 22 36 28 77 50 17 17 48 71 32 27 75 43 37 76 70 66 44 69 36 0 95 42 19 45 81 82 71 48 24 37 17 103 35 37 56 70 55 
66 111 122 70 70 91 102 102 93 46 55 79 60 35 35 89 28 24 53 36 94 62 58 17 99 23 92 45 10 89 79 66 61 116 65 93 118 49 105 110 3 45 83 116 78 93 110 93 84 126 85 71 112 80 110 81 69 37 33 94 35 61 95 0 61 77 54 15 59 71 48 74 78 79 88 60 86 102 84 71 
13 49 60 52 55 53 42 41 52 29 50 40 18 39 26 54 52 46 9 38 33 9 7 47 47 51 38 43 57 49 32 42 22 55 52 33 57 38 46 52 63 34 44 55 18 49 50 50 41 65 41 11 51 41 48 54 37 29 29 68 49 12 42 61 0 24 35 50 41 34 22 34 17 26 66 18 58 44 39 21 
12 43 51 75 78 70 28 35 68 52 46 59 18 46 45 34 60 66 30 60 24 32 31 61 24 61 15 44 71 28 49 65 45 44 43 21 45 61 28 55 78 38 24 43 13 65 48 27 19 55 57 14 36 60 43 38 59 51 47 49 54 17 19 77 24 0 32 64 64 55 30 17 23 2 88 18 40 49 56 40 
27 75 83 81 83 87 60 66 87 51 15 74 18 19 33 35 30 53 33 53 56 43 39 38 49 33 44 12 45 35 67 72 54 76 18 53 77 61 59 84 54 9 29 75 41 84 79 39 31 87 75 36 68 75 75 28 69 43 34 43 23 25 45 54 35 32 0 39 68 67 16 22 47 34 98 18 33 77 74 56 
53 99 110 69 70 87 89 91 88 41 41 74 46 21 25 74 15 24 42 34 82 53 48 3 85 11 78 31 7 75 72 64 54 104 51 81 106 47 92 101 15 30 68 104 66 88 100 78 69 115 79 59 99 75 99 66 64 30 23 80 22 48 81 15 50 64 39 0 57 65 34 60 67 66 88 46 71 93 78 63 
54 74 85 13 15 33 75 67 35 18 81 23 57 61 38 95 68 35 37 23 64 33 34 54 86 65 77 71 61 90 29 7 19 83 87 67 85 10 82 63 62 63 84 84 55 37 68 90 82 89 31 50 84 24 71 93 12 28 39 107 70 51 82 59 41 64 68 57 0 17 53 74 47 66 31 57 97 56 30 29 
47 57 69 21 24 22 60 51 22 25 81 8 52 64 43 88 74 47 34 35 50 25 29 62 75 72 66 72 71 82 12 13 13 67 85 54 70 24 68 46 73 63 77 68 44 23 51 82 74 73 15 41 69 10 55 88 5 35 44 102 74 46 71 71 34 55 67 65 17 0 52 68 35 56 33 52 92 39 14 16 
20 68 78 65 67 72 56 59 72 36 29 59 12 18 19 46 31 40 18 39 50 29 24 31 52 32 45 21 41 44 53 57 39 72 34 48 73 45 58 74 49 12 38 71 34 70 70 47 38 82 61 27 65 60 68 42 54 28 20 57 27 15 48 48 22 30 16 34 53 52 0 28 37 32 82 12 47 66 60 42 
21 58 65 86 88 85 42 51 83 60 32 73 18 40 46 20 52 68 38 65 40 43 40 58 27 54 23 34 66 16 64 76 56 57 28 36 58 69 39 72 75 30 10 56 30 80 65 19 10 69 72 28 48 74 59 21 71 55 48 34 45 23 24 74 34 17 22 60 74 68 28 0 38 17 100 18 24 66 71 53 
20 33 44 56 59 48 28 24 46 40 62 37 29 55 43 57 68 61 25 51 17 17 21 63 40 68 31 57 74 50 27 46 28 39 62 20 41 48 34 37 80 49 46 39 9 42 33 49 42 49 35 11 37 39 32 60 40 44 45 72 64 23 37 78 17 23 47 67 47 35 37 38 0 23 66 29 62 29 34 19 
14 42 49 76 79 71 26 34 69 54 47 60 20 48 47 34 62 68 32 62 24 33 33 63 21 63 13 46 73 27 50 67 47 42 44 19 43 63 26 55 81 40 23 41 14 66 48 25 18 53 58 16 34 61 42 38 61 53 49 49 56 19 17 79 26 2 34 66 66 56 32 17 23 0 89 20 40 49 57 41 
80 82 92 19 18 24 89 78 28 49 111 30 84 92 69 121 99 65 65 54 79 57 61 85 106 96 98 101 91 115 40 26 45 93 116 84 95 41 98 64 91 93 110 94 75 32 73 114 106 96 34 73 97 28 79 121 29 60 70 135 101 78 103 88 66 88 98 88 31 33 82 100 66 89 0 84 124 60 35 48 
9 58 67 69 71 71 45 49 70 41 33 58 0 29 29 38 42 51 20 47 39 28 24 43 40 43 32 29 53 35 50 59 40 60 34 37 62 51 46 66 61 21 28 60 24 68 61 36 27 71 59 18 54 60 58 36 55 37 31 51 37 7 35 60 18 18 18 46 57 52 12 18 29 20 84 0 40 59 58 39 
45 77 82 109 112 109 60 71 107 81 32 97 40 51 65 8 60 86 60 85 61 67 64 70 38 63 40 41 77 16 88 100 80 74 22 56 74 91 54 94 86 42 16 73 53 104 85 21 22 85 96 52 63 98 79 5 95 75 66 10 52 46 37 86 58 40 33 71 97 92 47 24 62 40 124 40 0 88 95 77 
50 23 32 58 61 36 35 21 33 58 91 34 59 83 68 82 96 81 51 70 28 40 45 89 57 95 51 86 99 74 26 51 42 34 91 33 36 61 44 8 104 78 72 35 36 28 13 71 66 36 27 40 40 35 19 87 44 65 70 97 93 52 56 102 44 49 77 93 56 39 66 66 29 49 60 59 88 0 27 31 
51 48 59 31 34 14 55 43 12 38 89 7 58 74 54 91 85 61 42 49 45 31 36 75 73 83 65 81 84 84 7 25 24 59 92 50 61 38 63 33 87 72 80 60 43 10 40 83 75 63 1 43 63 8 45 92 18 48 56 105 85 51 70 84 39 56 74 78 30 14 60 71 34 57 35 58 95 27 0 19 
33 45 57 37 40 32 45 38 31 27 70 19 39 57 38 73 68 50 24 39 35 12 18 60 59 67 50 63 69 67 11 28 12 54 73 38 56 32 53 39 73 54 62 55 28 29 41 66 58 61 20 25 55 21 43 74 21 35 40 88 67 32 55 71 21 40 56 63 29 16 42 53 19 41 48 39 77 31 19 0 
0 556 142 0 0 0 289 458 0 0 0 0 0 0 0 15 0 2964 0 0 0 0 14 0 0 0 21 0 0 88 0 0 166 0 0 157 0 0 0 30 0 1222 118 238 0 15 0 0 0 0 318 203 0 0 9 34 0 41 95 45 0 0 1035 0 0 0 103 0 0 0 0 798 1174 40 291 802 84 0 52 0 
556 0 25 66 101 618 471 1682 283 103 107 674 496 31 331 214 2789 847 57 37 15 136 25 119 30 335 639 125 33 314 35 8 696 316 192 110 23 3000 148 65 1137 15 135 10 3000 48 3000 174 281 54 1030 11 9 22 379 660 2078 3000 301 168 428 12 97 24 12 949 72 108 242 38 157 50 30 14 13 16 375 970 13 757 
142 25 0 0 284 725 3000 306 0 0 159 32 53 0 1412 66 54 3000 94 0 0 0 750 0 73 32 733 64 0 348 0 0 920 0 0 281 7 47 1051 3000 0 9 13 1212 0 2146 9 0 35 80 8 7 0 14 14 146 2449 60 3000 274 427 23 32 0 0 0 429 0 39 27 1243 9 150 55 95 152 26 0 3000 3000 
0 66 0 0 545 940 0 0 67 11 91 129 391 629 33 157 29 0 106 57 17 243 0 182 19 14 25 1640 14 117 133 249 116 0 38 0 97 339 18 8 60 0 0 0 84 0 92 117 13 0 0 230 567 3000 0 14 0 0 73 0 84 126 0 39 410 46 542 499 151 34 28 0 22 644 0 0 0 475 274 72 
0 101 284 545 0 174 8 0 540 377 540 42 406 356 62 350 1151 2030 232 12 342 556 29 54 214 466 40 38 3000 140 74 258 374 846 150 1802 9 230 522 1399 26 0 22 9 8 73 1092 41 119 229 34 33 1048 233 106 49 24 433 389 186 21 100 790 67 27 132 8 129 360 9 31 471 10 33 92 86 12 29 286 88 
0 618 725 940 174 0 478 0 28 18 14 303 28 40 9 70 23 99 233 10 264 1077 56 7 57 286 104 2265 134 66 48 16 214 24 1702 2631 40 222 51 23 368 0 0 111 181 213 32 47 20 0 327 9 13 822 23 140 29 82 26 203 101 11 20 37 242 7 48 179 35 215 157 0 37 8 318 9 118 79 49 1475 
289 471 3000 0 8 478 0 37 0 30 9 0 119 124 0 234 0 34 0 315 0 0 17 0 724 568 11 0 0 158 0 0 218 454 0 500 0 0 0 479 3000 234 1004 0 0 105 0 28 15 0 152 35 0 63 13 7 149 370 1558 353 0 0 857 3000 0 0 1128 0 16 0 0 685 548 66 70 65 52 0 673 17 
458 1682 306 0 0 0 37 0 0 0 0 0 0 0 0 3000 0 35 0 0 0 0 110 0 0 0 677 0 0 167 0 0 53 0 0 57 0 0 0 33 0 379 17 23 0 8 0 0 0 0 207 36 0 52 20 214 292 316 779 86 1004 0 17 0 0 0 168 0 0 0 0 47 19 487 834 943 8 0 21 8 
0 283 0 67 540 28 0 0 0 360 57 447 15 425 10 108 78 0 72 18 349 137 0 140 864 166 48 50 39 64 36 131 59 0 334 0 424 548 390 62 8 0 0 353 74 0 198 987 25 230 207 185 36 730 0 251 0 0 3000 20 450 171 107 9 17 701 9 35 692 2935 71 0 737 659 0 0 31 27 820 1660 
0 103 0 11 377 18 30 0 360 0 29 0 94 23 0 3000 44 7 17 98 12 14 0 135 102 277 78 391 178 428 196 60 43 3000 828 152 29 0 0 109 152 0 0 0 112 0 191 1402 102 0 0 11 83 107 122 1126 35 35 120 299 0 210 1036 33 486 274 67 144 510 0 70 0 149 356 0 835 0 327 3000 10 
0 107 159 91 540 14 9 0 57 29 0 0 284 39 0 122 205 68 12 1202 158 1725 99 449 393 8 327 13 87 41 26 213 17 3000 242 110 406 60 721 9 535 0 0 0 395 244 3000 180 382 0 9 185 1309 92 142 317 16 37 65 279 0 7 35 253 94 202 76 257 10 0 46 0 174 93 732 190 9 30 1780 75 
0 674 32 129 42 303 0 0 447 0 0 0 0 0 2585 13 201 0 48 0 123 388 140 0 886 69 1033 49 0 76 33 704 63 0 16 0 231 85 796 0 0 0 0 20 219 41 118 0 0 12 103 0 0 7 0 281 0 0 40 0 1109 37 63 0 1225 153 0 0 0 57 10 19 0 70 0 0 278 20 0 0 
0 496 53 391 406 28 119 0 15 94 284 0 0 23 0 37 93 65 177 301 2784 9 63 111 1586 162 588 25 26 3000 1563 17 45 1054 91 1332 55 643 0 140 118 0 382 0 127 27 40 23 377 0 81 23 65 14 2339 276 370 92 202 126 0 10 102 12 84 1104 64 757 482 0 510 16 50 10 32 66 42 10 60 124 
0 31 0 629 356 40 124 0 425 23 39 0 23 0 0 99 0 551 1752 18 866 1253 0 575 1635 298 17 60 430 526 1291 489 7 679 115 675 65 0 0 27 569 0 0 0 381 0 16 68 959 0 34 633 27 38 109 267 59 143 76 428 0 158 36 170 9 328 23 68 10 0 470 0 231 18 80 1063 0 63 633 44 
0 331 1412 33 62 9 0 0 10 0 0 2585 0 0 0 415 1632 0 1981 51 937 129 336 1978 120 128 731 1569 0 29 38 10 27 0 2257 0 16 25 418 89 0 0 113 205 26 108 96 0 0 101 16 969 0 370 0 849 0 0 129 0 3000 111 46 0 3000 71 52 55 0 26 35 23 0 470 0 2520 1022 12 95 0 
15 214 66 157 350 70 234 3000 108 3000 122 13 37 99 415 0 995 124 39 197 2340 37 27 804 35 28 256 217 72 1920 175 166 45 203 74 2153 1512 3000 107 956 19 51 29 83 16 82 41 372 3000 20 13 102 7 8 12 47 94 3000 17 1095 701 9 340 214 183 333 13 388 1884 3000 659 1146 173 429 66 16 18 76 2605 909 
0 2789 54 29 1151 23 0 0 78 44 205 201 93 0 1632 995 0 0 28 20 1380 107 697 288 29 2041 809 51 9 159 47 61 2639 0 8 0 807 604 71 366 473 0 0 615 15 68 359 1642 250 17 1098 329 578 17 0 121 0 0 14 399 17 167 493 1017 40 120 1331 28 0 97 216 182 471 729 0 178 333 288 10 64 
2964 847 3000 0 2030 99 34 35 0 7 68 0 65 551 0 124 0 0 185 23 0 0 39 122 52 478 255 0 1113 84 0 0 85 174 27 1088 0 0 0 78 87 7 92 45 0 16 1463 239 29 0 103 423 422 129 150 22 503 8 13 1050 0 123 47 160 0 60 1234 0 39 0 0 416 17 203 34 435 2651 0 26 1078 
0 57 94 106 232 233 0 0 72 17 12 48 177 1752 1981 39 28 185 0 30 32 9 1227 16 160 3000 82 9 7 959 767 98 46 0 335 0 97 348 78 540 169 0 0 742 160 12 37 833 34 3000 783 734 82 425 118 61 0 1206 117 11 390 35 36 31 611 106 441 72 12 341 2595 170 3000 34 47 230 37 320 15 41 
0 37 0 57 12 10 315 0 18 98 1202 0 301 18 51 197 20 23 30 0 788 77 0 9 47 583 43 1137 8 2845 2281 208 133 777 2597 19 63 49 267 227 551 0 0 0 2008 0 501 20 17 0 77 459 9 221 203 68 19 126 55 9 0 80 80 7 610 847 1681 2918 124 0 163 0 475 137 0 9 12 56 33 196 
0 15 0 17 342 264 0 0 349 12 158 123 2784 866 937 2340 1380 0 32 788 0 56 0 30 333 27 2263 20 53 248 58 179 23 0 36 0 421 225 706 3000 31 0 0 22 9 0 131 624 18 28 0 23 1231 24 0 208 0 0 14 0 359 20 0 520 561 1863 0 879 121 8 123 0 45 78 0 0 1474 490 0 19 
0 136 0 243 556 1077 0 0 137 14 1725 388 9 1253 129 37 107 0 9 77 56 0 0 10 730 906 19 195 77 732 32 758 66 0 17 0 603 3000 427 207 23 0 0 971 38 483 63 32 156 158 1977 688 285 216 0 37 0 0 16 0 59 26 21 29 287 1812 37 125 185 36 27 0 348 2500 0 0 154 114 0 23 
14 25 750 0 29 56 17 110 0 0 99 140 63 0 336 27 697 39 1227 0 0 0 0 0 257 228 32 15 0 17 0 0 51 0 28 22 31 497 146 3000 597 234 358 298 95 63 111 0 295 383 31 457 0 43 112 11 40 24 119 51 2322 64 1237 0 82 384 28 0 10 15 52 406 12 221 338 11 388 0 10 251 
0 119 0 182 54 7 0 0 140 135 449 0 111 575 1978 804 288 122 16 9 30 10 0 0 35 315 852 111 34 83 888 632 647 9 366 0 18 18 127 792 122 0 0 0 474 0 314 8 348 0 27 35 575 91 302 108 696 56 42 51 117 537 427 10 28 92 941 9 206 12 589 0 26 217 0 315 3000 524 8 942 
0 30 73 19 214 57 724 0 864 102 393 886 1586 1635 120 35 29 52 160 47 333 730 257 35 0 238 3000 545 252 31 1728 381 7 478 211 41 569 95 672 15 14 0 0 288 124 141 513 69 11 149 26 19 80 23 898 12 1207 12 700 462 2197 11 959 37 3000 31 38 17 102 546 10 448 1820 229 634 20 12 214 182 48 
0 335 32 14 466 286 568 0 166 277 8 69 162 298 128 28 2041 478 3000 583 27 906 228 315 238 0 663 178 198 122 8 55 343 421 26 839 837 348 952 289 12 0 0 1545 18 99 456 136 13 3000 177 125 15 41 144 431 125 274 20 92 96 71 1124 1119 1237 51 761 9 294 595 381 0 192 3000 1199 336 15 19 135 567 
21 639 733 25 40 104 11 677 48 78 327 1033 588 17 731 256 809 255 82 43 2263 19 32 852 3000 663 0 3000 40 9 145 31 59 10 3000 14 2001 13 187 9 45 10 2429 31 9 165 9 1014 173 2351 17 72 2045 760 134 3000 8 210 7 850 667 294 18 95 20 1217 89 270 10 26 72 54 85 15 141 231 3000 2237 177 291 
0 125 64 1640 38 2265 0 0 50 391 13 49 25 60 1569 217 51 0 9 1137 20 195 15 111 545 178 3000 0 120 21 83 64 80 0 247 0 2665 219 351 102 89 0 0 51 1045 155 18 34 124 892 303 40 16 1530 0 314 0 0 14 7 3000 807 592 854 76 18 55 199 3000 3000 23 379 54 370 0 375 920 19 1520 275 
0 33 0 14 3000 134 0 0 39 178 87 0 26 430 0 72 9 1113 7 8 53 77 0 34 252 198 40 120 0 1817 36 43 463 352 116 0 1289 0 0 32 262 0 0 0 14 0 51 53 15 0 0 201 1892 84 0 2999 10 0 11 137 0 126 0 19 9 982 76 52 125 0 241 0 15 32 0 0 0 1388 34 575 
88 314 348 117 140 66 158 167 64 428 41 76 3000 526 29 1920 159 84 959 2845 248 732 17 83 31 122 9 21 1817 0 518 36 138 0 12 1737 29 88 3000 1512 273 34 73 42 419 406 194 40 8 25 103 11 61 521 36 694 993 56 132 39 356 640 169 13 619 20 886 288 71 166 98 788 37 535 558 9 134 318 11 43 
0 35 0 133 74 48 0 0 36 196 26 33 1563 1291 38 175 47 0 767 2281 58 32 0 888 1728 8 145 83 36 518 0 504 33 0 132 0 42 274 557 911 36 0 0 0 639 0 499 7 97 0 0 304 97 22 0 18 79 0 47 361 26 859 16 42 235 2421 210 425 89 95 76 0 252 175 0 0 88 15 255 8 
0 8 0 249 258 16 0 0 131 60 213 704 17 489 10 166 61 0 98 208 179 758 0 632 381 55 31 64 43 36 504 0 65 0 3000 0 9 2547 46 19 1083 0 0 0 96 0 66 259 65 445 0 63 694 293 0 924 0 0 256 0 363 221 0 152 18 31 0 22 226 10 347 0 454 12 0 0 1049 79 0 961 
166 696 920 116 374 214 218 53 59 43 17 63 45 7 27 45 2639 85 46 133 23 66 51 647 7 343 59 80 463 138 33 65 0 47 414 71 39 219 64 192 858 203 682 61 37 538 657 67 569 171 21 558 14 13 222 11 104 26 30 20 10 456 669 138 3000 101 11 133 2630 2955 11 16 305 13 213 554 101 157 118 943 
0 316 0 0 846 24 454 0 0 3000 3000 0 1054 679 0 203 0 174 0 777 0 0 0 9 478 421 10 0 352 0 0 0 47 0 0 119 0 0 0 34 105 0 0 0 0 0 0 583 142 0 0 234 31 0 2370 72 1103 266 0 18 0 0 0 1534 0 0 967 0 56 0 0 0 20 0 561 51 0 0 21 210 
0 192 0 38 150 1702 0 0 334 828 242 16 91 115 2257 74 8 27 335 2597 36 17 28 366 211 26 3000 247 116 12 132 3000 414 0 0 0 772 216 63 117 652 0 0 50 935 12 28 19 43 1025 40 694 119 830 97 418 0 461 250 30 837 43 28 24 23 91 811 392 287 144 8 0 3000 422 0 503 160 207 157 122 
157 110 281 0 1802 2631 500 57 0 152 110 0 1332 675 0 2153 0 1088 0 19 0 0 22 0 41 839 14 0 0 1737 0 0 71 119 0 0 0 0 0 22 525 86 42 38 0 111 25 0 289 0 531 53 0 69 45 16 14 92 100 3000 0 0 228 3000 0 0 34 0 100 0 0 13 294 3000 2226 1487 120 0 2231 502 
0 23 7 97 9 40 0 0 424 29 406 231 55 65 16 1512 807 0 97 63 421 603 31 18 569 837 2001 2665 1289 29 42 9 39 0 772 0 0 36 679 42 449 0 0 108 144 173 590 43 1686 1333 726 21 8 187 0 693 0 0 10 212 970 29 799 25 183 482 1031 16 2920 140 43 1180 2338 244 0 3000 589 2521 165 16 
0 3000 47 339 230 222 0 0 548 0 60 85 643 0 25 3000 604 0 348 49 225 3000 497 18 95 348 13 219 0 88 274 2547 219 0 216 0 36 0 311 310 96 0 9 2217 37 94 336 80 0 8 14 328 0 86 135 456 0 0 539 204 31 339 111 0 187 168 28 9 0 51 66 37 61 174 37 384 1766 115 298 254 
0 148 1051 18 522 51 0 0 390 0 721 796 0 0 418 107 71 0 78 267 706 427 146 127 672 952 187 351 0 3000 557 46 64 0 63 0 679 311 0 186 0 0 90 803 870 65 830 921 0 363 12 465 0 24 0 23 0 0 3000 368 54 800 1151 0 16 46 226 189 0 14 195 123 20 191 108 200 710 165 21 37 
30 65 3000 8 1399 23 479 33 62 109 9 0 140 27 89 956 366 78 540 227 3000 207 3000 792 15 289 9 102 32 1512 911 19 192 34 117 22 42 310 186 0 49 116 63 144 219 333 126 23 59 0 16 176 665 141 115 137 262 830 28 260 16 115 207 192 9 250 30 299 30 0 26 7 67 398 10 14 357 634 174 260 
0 1137 0 60 26 368 3000 0 8 152 535 0 118 569 0 19 473 87 169 551 31 23 597 122 14 12 45 89 262 273 36 1083 858 105 652 525 449 96 0 49 0 0 0 0 750 0 30 3000 23 0 37 10 395 180 757 15 43 219 303 3000 0 372 34 3000 35 8 2529 1104 8 0 31 0 113 3000 17 722 115 32 15 32 
1222 15 9 0 0 0 234 379 0 0 0 0 0 0 0 51 0 7 0 0 0 0 234 0 0 0 10 0 0 34 0 0 203 0 0 86 0 0 0 116 0 0 27 15 0 257 0 0 0 0 31 18 0 154 18 12 392 398 22 86 0 0 1306 0 0 0 46 0 0 0 0 416 2025 191 59 332 27 0 7 12 
118 135 13 0 22 0 1004 17 0 0 0 0 382 0 113 29 0 92 0 0 0 0 358 0 0 0 2429 0 0 73 0 0 682 0 0 42 0 9 90 63 0 27 0 80 0 23 0 0 753 0 110 12 0 25 88 17 157 945 1413 14 63 0 187 0 0 0 11 0 86 0 0 1074 563 634 76 1518 352 0 32 484 
238 10 1212 0 9 111 0 23 353 0 0 20 0 0 205 83 615 45 742 0 22 971 298 0 288 1545 31 51 0 42 0 0 61 0 50 38 108 2217 803 144 0 15 80 0 240 69 1002 0 0 2152 33 105 0 11 1431 13 0 10 1986 632 633 77 1765 0 15 11 26 0 0 8 3000 427 0 2008 2527 250 199 9 246 0 
0 3000 0 84 8 181 0 0 74 112 395 219 127 381 26 16 15 0 160 2008 9 38 95 474 124 18 9 1045 14 419 639 96 37 0 935 0 144 37 870 219 750 0 0 240 0 13 1401 350 70 24 39 256 201 98 0 342 0 0 35 304 560 1158 100 1766 8 3000 79 101 14 396 10 0 74 3000 0 0 161 16 91 50 
15 48 2146 0 73 213 105 8 0 0 244 41 27 0 108 82 68 16 12 0 0 483 63 0 141 99 165 155 0 406 0 0 538 0 12 111 173 94 65 333 0 257 23 69 13 0 542 0 0 2718 463 358 0 30 50 23 0 39 1211 37 333 47 267 0 7 164 603 0 0 186 15 372 593 105 79 8 467 0 149 3000 
0 3000 9 92 1092 32 0 0 198 191 3000 118 40 16 96 41 359 1463 37 501 131 63 111 314 513 456 9 18 51 194 499 66 657 0 28 25 590 336 830 126 30 0 0 1002 1401 542 0 71 36 572 279 146 19 243 11 2826 0 58 288 312 1191 10 46 50 29 11 562 659 99 231 1552 12 706 1433 1530 1090 370 10 197 15 
0 174 0 117 41 47 28 0 987 1402 180 0 23 68 0 372 1642 239 833 20 624 32 0 8 69 136 1014 34 53 40 7 259 67 583 19 0 43 80 921 23 3000 0 0 0 350 0 71 0 146 0 0 1669 845 35 381 40 1136 145 109 44 0 326 45 2092 3000 504 835 68 2509 0 15 0 62 7 0 887 0 45 437 1261 
0 281 35 13 119 20 15 0 25 102 382 0 377 959 0 3000 250 29 34 17 18 156 295 348 11 13 173 124 15 8 97 65 569 142 43 289 1686 0 0 59 23 0 753 0 70 0 36 146 0 0 8 82 3000 14 102 56 57 120 245 180 0 14 1589 161 51 28 3000 33 2410 0 20 180 602 119 3000 120 342 8 164 21 
0 54 80 0 229 0 0 0 230 0 0 12 0 0 101 20 17 0 3000 0 28 158 383 0 149 3000 2351 892 0 25 0 445 171 0 1025 0 1333 8 363 0 0 0 0 2152 24 2718 572 0 0 0 87 0 0 275 0 644 0 0 489 0 335 30 18 0 96 45 326 0 0 15 15 10 0 21 0 0 146 463 0 0 
318 1030 8 0 34 327 152 207 207 0 9 103 81 34 16 13 1098 103 783 77 0 1977 31 27 26 177 17 303 0 103 0 0 21 0 40 531 726 14 12 16 37 31 110 33 39 463 279 0 8 87 0 201 0 264 1127 1839 90 304 19 3000 38 1140 59 0 3000 2233 840 0 398 15 206 129 532 82 85 904 573 0 21 1388 
203 11 7 230 33 9 35 36 185 11 185 0 23 633 969 102 329 423 734 459 23 688 457 35 19 125 72 40 201 11 304 63 558 234 694 53 21 328 465 176 10 18 12 105 256 358 146 1669 82 0 201 0 287 762 17 549 48 3000 8 34 437 1439 744 44 261 120 542 120 14 0 810 81 2707 81 837 204 340 83 180 356 
0 9 0 567 1048 13 0 0 36 83 1309 0 65 27 0 7 578 422 82 9 1231 285 0 575 80 15 2045 16 1892 61 97 694 14 31 119 0 8 0 0 665 395 0 0 0 201 0 19 845 3000 0 0 287 0 177 0 227 82 0 1319 37 0 181 0 228 248 10 139 8 73 0 18 0 98 8 0 0 0 13 12 41 
0 22 14 3000 233 822 63 52 730 107 92 7 14 38 370 8 17 129 425 221 24 216 43 91 23 41 760 1530 84 521 22 293 13 0 830 69 187 86 24 141 180 154 25 11 98 30 243 35 14 275 264 762 177 0 46 53 1416 8 123 49 145 87 263 37 24 516 95 804 1233 147 700 838 14 1421 263 396 19 19 13 29 
9 379 14 0 106 23 13 20 0 122 142 0 2339 109 0 12 0 150 118 203 0 0 112 302 898 144 134 0 0 36 0 0 222 2370 97 45 0 135 0 115 757 18 88 1431 0 50 11 381 102 0 1127 17 0 46 0 33 574 39 19 27 367 8 322 1746 0 0 246 0 111 0 0 61 19 20 326 8 207 0 9 10 
34 660 146 14 49 140 7 214 251 1126 317 281 276 267 849 47 121 22 61 68 208 37 11 108 12 431 3000 314 2999 694 18 924 11 72 418 16 693 456 23 137 15 12 17 13 342 23 2826 40 56 644 1839 549 227 53 33 0 1441 43 3000 170 128 20 215 241 271 27 208 54 27 874 146 16 68 164 14 26 89 392 189 15 
0 2078 2449 0 24 29 149 292 0 35 16 0 370 59 0 94 0 503 0 19 0 0 40 696 1207 125 8 0 10 993 79 0 104 1103 0 14 0 0 0 262 43 392 157 0 0 0 0 1136 57 0 90 48 82 1416 574 1441 0 7 0 644 0 0 320 644 0 0 14 0 266 0 0 1067 21 650 356 483 0 0 9 873 
41 3000 60 0 433 82 370 316 0 35 37 0 92 143 0 3000 0 8 1206 126 0 0 24 56 12 274 210 0 0 56 0 0 26 266 461 92 0 0 0 830 219 398 945 10 0 39 58 145 120 0 304 3000 0 8 39 43 7 0 11 17 0 23 254 28 0 0 42 0 225 0 0 3000 8 13 1313 153 21 0 16 619 
95 301 3000 73 389 26 1558 779 3000 120 65 40 202 76 129 17 14 13 117 55 14 16 119 42 700 20 7 14 11 132 47 256 30 0 250 100 10 539 3000 28 303 22 1413 1986 35 1211 288 109 245 489 19 8 1319 123 19 3000 0 11 0 46 27 412 265 711 189 326 33 48 2881 1175 153 48 1855 801 9 35 183 87 560 50 
45 168 274 0 186 203 353 86 20 299 279 0 126 428 0 1095 399 1050 11 9 0 0 51 51 462 92 850 7 137 39 361 0 20 18 30 3000 212 204 368 260 3000 86 14 632 304 37 312 44 180 0 3000 34 37 49 27 170 644 17 46 0 131 205 16 23 259 51 73 0 292 0 22 10 136 470 1373 36 74 0 81 368 
0 428 427 84 21 101 0 1004 450 0 0 1109 0 0 3000 701 17 0 390 0 359 59 2322 117 2197 96 667 3000 0 356 26 363 10 0 837 0 970 31 54 16 0 0 63 633 560 333 1191 0 0 335 38 437 0 145 367 128 0 0 27 131 0 14 312 0 52 1319 54 0 0 29 329 10 0 61 1615 58 52 303 41 0 
0 12 23 126 100 11 0 0 171 210 7 37 10 158 111 9 167 123 35 80 20 26 64 537 11 71 294 807 126 640 859 221 456 0 43 0 29 339 800 115 372 0 0 77 1158 47 10 326 14 30 1140 1439 181 87 8 20 0 23 412 205 14 0 13 2389 766 57 24 183 120 197 40 62 56 373 1963 3000 163 27 30 1130 
1035 97 32 0 790 20 857 17 107 1036 35 63 102 36 46 340 493 47 36 80 0 21 1237 427 959 1124 18 592 0 169 16 0 669 0 28 228 799 111 1151 207 34 1306 187 1765 100 267 46 45 1589 18 59 744 0 263 322 215 320 254 265 16 312 13 0 51 932 231 262 0 26 640 15 52 554 115 307 1423 1102 0 173 376 
0 24 0 39 67 37 3000 0 9 33 253 0 12 170 0 214 1017 160 31 7 520 29 0 10 37 1119 95 854 19 13 42 152 138 1534 24 3000 25 0 0 192 3000 0 0 0 1766 0 50 2092 161 0 0 44 228 37 1746 241 644 28 711 23 0 2389 51 0 13 96 896 1005 42 0 98 0 25 355 0 1294 0 597 823 417 
0 12 0 410 27 242 0 0 17 486 94 1225 84 9 3000 183 40 0 611 610 561 287 82 28 3000 1237 20 76 9 619 235 18 3000 0 23 0 183 187 16 9 35 0 0 15 8 7 29 3000 51 96 3000 261 248 24 0 271 0 0 189 259 52 766 932 13 0 38 1263 12 81 9 8 0 16 60 0 140 205 13 2075 24 
0 949 0 46 132 7 0 0 701 274 202 153 1104 328 71 333 120 60 106 847 1863 1812 384 92 31 51 1217 18 982 20 2421 31 101 0 91 0 482 168 46 250 8 0 0 11 3000 164 11 504 28 45 2233 120 10 516 0 27 0 0 326 51 1319 57 231 96 38 0 23 1552 3000 229 197 0 31 575 0 15 844 21 34 17 
103 72 429 542 8 48 1128 168 9 67 76 0 64 23 52 13 1331 1234 441 1681 0 37 28 941 38 761 89 55 76 886 210 0 11 967 811 34 1031 28 226 30 2529 46 11 26 79 603 562 835 3000 326 840 542 139 95 246 208 14 42 33 73 54 24 262 896 1263 23 0 15 796 1527 162 50 44 781 1888 13 9 18 12 150 
0 108 0 499 129 179 0 0 35 144 257 0 757 68 55 388 28 0 72 2918 879 125 0 9 17 9 270 199 52 288 425 22 133 0 392 0 16 9 189 299 1104 0 0 0 101 0 659 68 33 0 0 120 8 804 0 54 0 0 48 0 0 183 0 1005 12 1552 15 0 109 812 3000 0 735 90 0 0 0 28 0 8 
0 242 39 151 360 35 16 0 692 510 10 0 482 10 0 1884 0 39 12 124 121 185 10 206 102 294 10 3000 125 71 89 226 2630 56 287 100 2920 0 0 30 8 0 86 0 14 0 99 2509 2410 0 398 14 73 1233 111 27 266 225 2881 292 0 120 26 42 81 3000 796 109 0 0 20 55 29 17 673 58 83 23 918 99 
0 38 27 34 9 215 0 0 2935 0 0 57 0 0 26 3000 97 0 341 0 8 36 15 12 546 595 26 3000 0 166 95 10 2955 0 144 0 140 51 14 0 0 0 0 8 396 186 231 0 0 15 15 0 0 147 0 874 0 0 1175 0 29 197 640 0 9 229 1527 812 0 0 278 303 0 362 0 0 32 43 0 0 
0 157 1243 28 31 157 0 0 71 70 46 10 510 470 35 659 216 0 2595 163 123 27 52 589 10 381 72 23 241 98 76 347 11 0 8 0 43 66 195 26 31 0 0 3000 10 15 1552 15 20 15 206 810 18 700 0 146 0 0 153 22 329 40 15 98 8 197 162 3000 20 278 0 0 101 236 0 1189 38 2584 7 415 
798 50 9 0 471 0 685 47 0 0 0 19 16 0 23 1146 182 416 170 0 0 0 406 0 448 0 54 379 0 788 0 0 16 0 0 13 1180 37 123 7 0 416 1074 427 0 372 12 0 180 10 129 81 0 838 61 16 1067 3000 48 10 10 62 52 0 0 0 50 0 55 303 0 0 640 22 458 61 127 0 2013 200 
1174 30 150 22 10 37 548 19 737 149 174 0 50 231 0 173 471 17 3000 475 45 348 12 26 1820 192 85 54 15 37 252 454 305 20 3000 294 2338 61 20 67 113 2025 563 0 74 593 706 62 602 0 532 2707 98 14 19 68 21 8 1855 136 0 56 554 25 16 31 44 735 29 0 101 640 0 2498 96 129 118 1400 248 28 
40 14 55 644 33 8 66 487 659 356 93 70 10 18 470 429 729 203 34 137 78 2500 221 217 229 3000 15 370 32 535 175 12 13 0 422 3000 244 174 191 398 3000 191 634 2008 3000 105 1433 7 119 21 82 81 8 1421 20 164 650 13 801 470 61 373 115 355 60 575 781 90 17 362 236 22 2498 0 326 21 977 109 174 68 
291 13 95 0 92 318 70 834 0 0 732 0 32 80 0 66 0 34 47 0 0 0 338 0 634 1199 141 0 0 558 0 0 213 561 0 2226 0 37 108 10 17 59 76 2527 0 79 1530 0 3000 0 85 837 0 263 326 14 356 1313 9 1373 1615 1963 307 0 0 0 1888 0 673 0 0 458 96 326 0 320 19 0 14 280 
802 16 152 0 86 9 65 943 0 835 190 0 66 1063 2520 16 178 435 230 9 0 0 11 315 20 336 231 375 0 9 0 0 554 51 503 1487 3000 384 200 14 722 332 1518 250 0 8 1090 887 120 0 904 204 0 396 8 26 483 153 35 36 58 3000 1423 1294 140 15 13 0 58 0 1189 61 129 21 320 0 35 0 278 194 
84 375 26 0 12 118 52 8 31 0 9 278 42 0 1022 18 333 2651 37 12 1474 154 388 3000 12 15 3000 920 0 134 88 1049 101 0 160 120 589 1766 710 357 115 27 352 199 161 467 370 0 342 146 573 340 0 19 207 89 0 21 183 74 52 163 1102 0 205 844 9 0 83 32 38 127 118 977 19 35 0 455 76 9 
0 970 0 475 29 79 0 0 27 327 30 20 10 63 12 76 288 0 320 56 490 114 0 524 214 19 2237 19 1388 318 15 79 157 0 207 0 2521 115 165 634 32 0 0 9 16 0 10 45 8 463 0 83 13 19 0 392 0 0 87 0 303 27 0 597 13 21 18 28 23 43 2584 0 1400 109 0 0 455 0 0 10 
