80
0 78 31 65 40 27 48 90 61 56 87 89 52 67 101 18 25 56 79 86 58 59 9 99 85 6 45 92 87 23 60 72 1 60 66 103 47 40 42 41 95 67 30 85 61 68 35 39 89 34 58 55 82 35 65 106 64 76 78 51 29 66 82 55 42 46 44 69 81 64 72 69 43 85 15 85 6 9 37 116 
78 0 49 20 71 63 31 12 69 79 11 81 58 26 22 85 66 46 66 37 24 74 77 86 74 84 48 15 66 59 22 34 78 62 49 24 49 42 67 78 45 24 78 66 20 49 47 44 58 94 36 25 36 49 38 34 44 3 38 72 58 65 12 31 54 32 47 42 48 17 38 47 38 28 85 62 82 85 67 38 
31 49 0 39 31 29 18 61 45 46 59 70 46 37 71 37 30 29 57 56 27 46 28 79 64 37 33 62 63 20 34 51 31 54 40 73 21 19 30 38 66 36 33 62 34 55 20 22 63 47 29 27 52 22 36 75 49 47 49 40 26 61 55 33 34 18 31 42 53 34 44 55 12 54 36 61 34 37 27 86 
65 20 39 0 68 45 25 27 73 79 25 90 37 35 39 75 48 50 75 52 26 76 66 97 83 71 28 34 77 43 5 17 65 42 56 41 48 26 65 75 62 33 72 76 6 30 31 27 71 87 40 12 50 32 45 55 24 17 51 72 41 46 18 12 35 22 27 51 60 23 49 29 32 45 74 73 70 73 63 56 
40 71 31 68 0 55 43 83 22 17 82 50 76 49 92 29 56 28 42 61 47 20 31 60 46 43 64 81 50 47 62 82 40 85 35 94 23 51 4 7 67 50 13 49 62 86 51 53 55 27 37 56 57 52 40 87 80 70 51 12 54 92 80 64 65 46 62 41 50 54 46 86 36 63 31 50 38 38 5 103 
27 63 29 45 55 0 39 72 72 71 70 99 26 61 84 43 3 58 86 82 49 73 33 108 93 31 20 78 92 8 41 48 26 34 69 86 50 22 55 59 91 60 50 90 43 42 16 19 91 59 55 38 78 14 63 95 39 60 75 65 5 40 63 34 16 34 20 69 81 53 70 43 37 78 40 89 32 35 51 101 
48 31 18 25 43 39 0 43 48 54 41 69 46 22 53 54 41 27 55 43 11 52 46 77 62 54 33 44 58 32 20 41 48 53 35 55 23 19 40 50 53 21 48 57 19 49 24 23 55 63 19 13 40 26 27 58 42 29 37 47 34 59 38 24 37 6 31 33 44 16 33 48 7 39 54 55 52 54 38 68 
90 12 61 27 83 72 43 0 81 90 3 90 63 37 12 97 75 58 76 43 36 86 89 95 83 95 56 11 74 69 31 36 90 66 59 14 60 51 79 90 50 35 90 75 29 52 57 54 66 106 47 35 43 58 48 32 47 14 47 84 68 69 10 39 62 43 55 53 56 30 48 50 50 35 96 70 94 96 79 29 
61 69 45 73 22 72 48 81 0 13 80 28 90 44 87 51 73 23 21 48 47 6 52 38 24 64 77 76 30 64 68 89 62 99 23 89 25 62 19 24 52 45 35 28 67 97 64 65 36 46 34 61 45 66 32 76 90 70 39 11 70 105 80 72 79 54 75 30 34 53 36 96 43 53 53 30 60 60 23 94 
56 79 46 79 17 71 54 90 13 0 90 36 92 54 97 43 72 32 33 61 55 7 47 46 34 58 79 86 41 63 74 95 56 101 34 99 31 65 16 15 65 55 27 40 73 101 66 68 49 35 43 67 57 68 43 88 94 78 51 7 70 107 89 77 80 59 77 42 47 61 47 100 48 65 46 42 53 53 20 106 
87 11 59 25 82 70 41 3 80 90 0 91 61 36 14 95 73 57 76 44 35 85 87 95 84 93 53 13 75 67 28 33 87 63 59 16 59 49 78 89 51 35 89 75 27 49 55 51 66 105 47 33 44 56 48 34 44 12 47 83 65 66 8 36 59 41 52 53 57 28 48 47 48 35 94 71 92 94 78 32 
89 81 70 90 50 99 69 90 28 36 91 0 114 56 93 78 100 43 15 49 65 31 81 10 7 93 101 83 17 90 87 108 90 122 35 95 49 86 47 51 47 58 62 16 85 118 89 90 27 72 51 81 48 91 45 76 111 82 43 38 96 128 93 93 104 76 99 39 34 68 43 117 66 57 81 21 88 88 52 96 
52 58 46 37 76 26 46 63 90 92 61 114 0 66 75 69 27 71 100 86 54 92 58 123 108 56 14 72 104 32 36 30 52 9 81 76 65 28 76 82 96 65 74 103 39 19 26 25 101 84 65 38 83 24 72 92 18 54 82 85 24 15 53 27 12 40 16 79 90 56 79 20 49 80 66 101 58 61 72 93 
67 26 37 35 49 61 22 37 44 54 36 56 66 0 44 69 63 22 41 21 12 49 63 62 49 73 53 33 42 54 32 52 68 73 23 46 26 41 45 56 31 2 58 42 30 65 46 44 36 74 12 28 17 48 12 40 58 27 16 48 57 78 37 41 58 28 51 17 25 12 14 63 25 18 69 38 70 72 45 54 
101 22 71 39 92 84 53 12 87 97 14 93 75 44 0 107 87 65 79 45 46 93 99 97 87 106 67 11 77 81 42 46 101 77 65 2 69 63 88 99 49 42 100 77 41 62 69 65 67 116 55 46 46 70 55 26 58 24 51 91 79 79 22 51 73 54 66 58 59 39 52 60 60 36 107 73 105 107 88 18 
18 85 37 75 29 43 54 97 51 43 95 78 69 69 107 0 43 52 71 85 62 48 11 88 75 18 60 98 79 38 70 85 19 77 62 110 44 51 32 28 93 69 16 77 71 84 48 52 83 16 58 64 81 49 64 109 79 84 76 40 45 84 91 67 58 54 59 67 77 69 71 84 47 86 4 79 13 12 29 121 
25 66 30 48 56 3 41 75 73 72 73 100 27 63 87 43 0 60 88 84 52 74 32 109 94 29 22 80 93 10 44 50 25 35 71 89 52 24 56 60 94 62 50 92 46 44 18 22 93 58 58 41 80 17 65 98 41 63 77 66 8 41 66 37 18 36 22 71 83 56 73 45 39 80 39 91 31 34 52 104 
56 46 29 50 28 58 27 58 23 32 57 43 71 22 65 52 60 0 29 33 24 28 49 51 36 61 58 54 34 50 45 66 56 79 11 67 9 43 24 35 41 23 39 33 44 75 47 47 34 55 11 39 29 49 12 59 69 46 24 26 55 85 57 50 61 33 56 14 25 29 19 74 23 35 54 32 57 58 26 75 
79 66 57 75 42 86 55 76 21 33 76 15 100 41 79 71 88 29 0 36 49 26 71 23 8 83 86 68 8 78 71 92 80 108 19 81 36 72 39 45 36 43 55 7 70 103 75 75 17 67 36 66 34 77 30 63 96 67 29 32 83 114 78 78 90 61 84 24 20 52 28 102 51 43 73 10 79 80 43 83 
86 37 56 52 61 82 43 43 48 61 44 49 86 21 45 85 84 33 36 0 33 54 81 52 42 92 74 34 32 75 51 69 87 92 26 46 41 62 57 67 10 22 73 33 49 83 67 65 23 88 28 48 4 69 22 28 76 39 10 56 77 97 49 60 79 49 72 20 15 31 15 81 45 9 86 28 88 90 59 47 
58 24 27 26 47 49 11 36 47 55 35 65 54 12 46 62 52 24 49 33 0 52 55 72 57 64 41 36 52 43 22 43 58 61 30 48 24 29 43 54 43 11 54 51 21 54 34 32 47 70 14 17 30 36 19 48 47 24 28 49 45 66 34 29 46 16 39 26 36 7 25 53 15 28 62 48 61 64 43 59 
59 74 46 76 20 73 52 86 6 7 85 31 92 49 93 48 74 28 26 54 52 0 50 41 28 62 79 81 35 64 72 93 60 101 29 95 29 65 18 20 58 51 31 33 71 99 66 68 42 42 39 65 51 68 38 82 93 75 45 8 71 107 85 75 81 57 77 36 40 58 41 99 46 59 50 36 58 58 22 100 
9 77 28 66 31 33 46 89 52 47 87 81 58 63 99 11 32 49 71 81 55 50 0 90 76 12 49 90 79 27 61 75 10 67 60 102 40 41 33 32 89 63 20 77 61 73 38 41 82 26 53 55 77 38 59 102 69 75 72 42 34 73 82 57 47 46 48 63 74 62 67 74 40 80 8 78 8 9 29 114 
99 86 79 97 60 108 77 95 38 46 95 10 123 62 97 88 109 51 23 52 72 41 90 0 15 102 109 86 21 99 93 114 100 130 42 98 58 95 57 61 49 64 72 21 92 125 98 98 29 81 58 88 52 100 52 77 119 88 48 48 105 136 98 100 112 83 107 46 38 74 49 124 74 61 91 25 98 98 61 97 
85 74 64 83 46 93 62 83 24 34 84 7 108 49 87 75 94 36 8 42 57 28 76 15 0 88 94 76 11 84 79 101 85 116 27 88 43 80 43 48 42 51 59 10 78 111 83 83 21 70 44 74 41 85 38 69 104 75 36 35 90 122 86 86 97 69 92 32 27 60 36 110 59 50 77 15 84 84 47 90 
6 84 37 71 43 31 54 95 64 58 93 93 56 73 106 18 29 61 83 92 64 62 12 102 88 0 50 98 91 28 66 77 6 64 71 109 52 45 45 43 100 73 32 89 67 73 40 44 93 33 63 60 88 40 70 112 69 82 83 54 34 70 88 61 46 52 49 75 86 70 78 74 49 90 14 90 5 6 41 122 
45 48 33 28 64 20 33 56 77 79 53 101 14 53 67 60 22 58 86 74 41 79 49 109 94 50 0 62 91 22 26 28 45 22 68 69 52 15 63 70 84 52 63 90 28 24 13 11 87 74 52 26 71 12 59 82 19 45 69 73 16 28 46 17 6 26 2 66 77 43 65 24 35 68 58 88 51 54 60 85 
92 15 62 34 81 78 44 11 76 86 13 83 72 33 11 98 80 54 68 34 36 81 90 86 76 98 62 0 66 74 37 46 92 75 54 13 58 56 77 88 40 32 89 67 35 61 62 59 57 105 44 39 35 63 43 22 56 18 40 80 73 78 20 46 69 46 61 46 49 29 41 59 51 26 98 62 96 99 77 24 
87 66 63 77 50 92 58 74 30 41 75 17 104 42 77 79 93 34 8 32 52 35 79 21 11 91 91 66 0 83 73 94 87 112 23 78 42 76 47 54 31 44 63 2 72 105 80 80 10 76 39 68 31 82 32 59 99 67 27 40 88 117 78 81 94 64 89 25 18 53 28 104 56 40 81 4 86 87 50 79 
23 59 20 43 47 8 32 69 64 63 67 90 32 54 81 38 10 50 78 75 43 64 27 99 84 28 22 74 83 0 39 49 23 40 61 83 42 18 47 51 84 53 42 82 40 46 13 16 83 53 48 35 71 12 55 90 42 57 68 57 8 47 61 33 20 28 21 62 73 48 63 47 30 71 35 81 28 31 43 97 
60 22 34 5 62 41 20 31 68 74 28 87 36 32 42 70 44 45 71 51 22 72 61 93 79 66 26 37 73 39 0 21 60 42 52 44 43 21 60 69 60 30 66 73 2 32 26 23 68 81 36 7 48 27 41 56 26 19 48 67 37 46 22 10 32 16 25 48 57 21 46 31 27 44 69 70 65 67 58 60 
72 34 51 17 82 48 41 36 89 95 33 108 30 52 46 85 50 66 92 69 43 93 75 114 101 77 28 46 94 49 21 0 71 31 73 48 64 34 80 89 78 51 84 94 23 16 37 33 88 98 57 28 67 37 62 67 12 31 68 88 44 33 26 18 33 36 28 69 77 41 66 14 47 61 83 91 77 80 77 64 
1 78 31 65 40 26 48 90 62 56 87 90 52 68 101 19 25 56 80 87 58 60 10 100 85 6 45 92 87 23 60 71 0 60 67 103 47 39 43 42 95 67 31 86 61 68 35 39 89 35 58 55 83 35 65 106 64 76 78 52 29 66 82 55 41 46 44 70 81 65 73 69 43 85 15 86 6 9 38 116 
60 62 54 42 85 34 53 66 99 101 63 122 9 73 77 77 35 79 108 92 61 101 67 130 116 64 22 75 112 40 42 31 60 0 89 78 74 36 84 91 102 71 83 111 44 16 35 33 108 93 73 44 90 33 80 96 19 58 89 94 33 6 55 32 21 47 24 87 97 62 86 18 57 86 74 109 66 69 81 95 
66 49 40 56 35 69 35 59 23 34 59 35 81 23 65 62 71 11 19 26 30 29 60 42 27 71 68 54 23 61 52 73 67 89 0 67 20 53 31 41 32 25 48 22 51 84 57 57 23 62 16 46 23 59 11 54 77 49 17 30 66 95 60 59 71 42 66 7 15 34 13 82 33 31 63 21 67 68 34 72 
103 24 73 41 94 86 55 14 89 99 16 95 76 46 2 110 89 67 81 46 48 95 102 98 88 109 69 13 78 83 44 48 103 78 67 0 71 65 90 101 51 45 102 79 43 63 71 67 69 118 57 48 47 72 57 26 59 27 52 94 81 80 23 53 75 56 68 59 61 41 54 61 62 38 109 74 107 109 90 16 
47 49 21 48 23 50 23 60 25 31 59 49 65 26 69 44 52 9 36 41 24 29 40 58 43 52 52 58 42 42 43 64 47 74 20 71 0 37 19 30 49 27 32 41 42 71 40 41 42 48 15 36 37 42 19 65 65 48 32 25 47 80 58 47 55 29 50 23 34 31 27 71 17 42 45 40 48 49 19 80 
40 42 19 26 51 22 19 51 62 65 49 86 28 41 63 51 24 43 72 62 29 65 41 95 80 45 15 56 76 18 21 34 39 36 53 65 37 0 49 57 71 39 51 75 22 36 6 4 74 64 38 17 58 8 45 73 30 39 56 59 17 43 43 16 18 13 13 52 63 32 52 35 21 57 50 73 45 47 46 80 
42 67 30 65 4 55 40 79 19 16 78 47 76 45 88 32 56 24 39 57 43 18 33 57 43 45 63 77 47 47 60 80 43 84 31 90 19 49 0 11 63 46 17 45 60 85 50 52 51 31 33 53 53 52 36 83 79 67 47 10 54 91 77 62 64 44 61 37 46 50 42 85 33 59 35 46 41 41 4 98 
41 78 38 75 7 59 50 90 24 15 89 51 82 56 99 28 60 35 45 67 54 20 32 61 48 43 70 88 54 51 69 89 42 91 41 101 30 57 11 0 73 57 12 52 69 93 56 59 59 22 44 62 63 58 47 93 87 77 57 13 59 97 87 71 70 53 68 47 55 61 53 92 43 70 31 54 39 38 12 109 
95 45 66 62 67 91 53 50 52 65 51 47 96 31 49 93 94 41 36 10 43 58 89 49 42 100 84 40 31 84 60 78 95 102 32 51 49 71 63 73 0 32 80 32 58 92 77 75 20 94 37 58 13 79 30 28 86 47 17 61 87 107 56 70 89 58 82 26 18 40 23 91 55 17 94 27 97 98 66 49 
67 24 36 33 50 60 21 35 45 55 35 58 65 2 42 69 62 23 43 22 11 51 63 64 51 73 52 32 44 53 30 51 67 71 25 45 27 39 46 57 32 0 59 43 29 63 45 43 38 75 13 27 19 47 13 40 56 25 18 49 55 76 36 39 57 26 50 19 27 10 15 62 24 18 69 40 70 72 46 53 
30 78 33 72 13 50 48 90 35 27 89 62 74 58 100 16 50 39 55 73 54 31 20 72 59 32 63 89 63 42 66 84 31 83 48 102 32 51 17 12 80 59 0 62 67 86 50 53 68 16 47 60 69 51 51 97 81 77 63 24 50 89 86 66 62 50 61 53 63 61 58 86 41 74 19 63 27 27 14 112 
85 66 62 76 49 90 57 75 28 40 75 16 103 42 77 77 92 33 7 33 51 33 77 21 10 89 90 67 2 82 73 94 86 111 22 79 41 75 45 52 32 43 62 0 71 105 79 79 12 74 38 68 32 81 32 60 98 67 28 39 87 117 78 80 93 64 88 25 18 53 28 104 55 41 80 5 85 86 49 80 
61 20 34 6 62 43 19 29 67 73 27 85 39 30 41 71 46 44 70 49 21 71 61 92 78 67 28 35 72 40 2 23 61 44 51 43 42 22 60 69 58 29 67 71 0 34 28 25 66 82 35 7 46 29 40 54 28 17 47 67 39 49 21 12 34 17 27 46 55 19 44 33 27 42 69 68 66 68 58 58 
68 49 55 30 86 42 49 52 97 101 49 118 19 65 62 84 44 75 103 83 54 99 73 125 111 73 24 61 105 46 32 16 68 16 84 63 71 36 85 93 92 63 86 105 34 0 37 34 100 98 67 37 80 36 73 83 7 46 81 94 39 17 41 25 27 43 25 80 90 53 78 2 54 75 81 102 74 77 82 80 
35 47 20 31 51 16 24 57 64 66 55 89 26 46 69 48 18 47 75 67 34 66 38 98 83 40 13 62 80 13 26 37 35 35 57 71 40 6 50 56 77 45 50 79 28 37 0 4 78 62 42 23 63 2 50 79 31 45 61 60 11 41 49 20 15 18 12 56 68 38 57 37 24 62 46 77 40 43 46 86 
39 44 22 27 53 19 23 54 65 68 51 90 25 44 65 52 22 47 75 65 32 68 41 98 83 44 11 59 80 16 23 33 39 33 57 67 41 4 52 59 75 43 53 79 25 34 4 0 77 65 42 20 62 5 49 77 28 41 60 61 14 39 45 17 14 17 9 56 67 36 56 34 24 60 50 77 44 47 49 82 
89 58 63 71 55 91 55 66 36 49 66 27 101 36 67 83 93 34 17 23 47 42 82 29 21 93 87 57 10 83 68 88 89 108 23 69 42 74 51 59 20 38 68 12 66 100 78 77 0 82 36 64 23 80 28 48 94 60 20 47 87 113 70 76 92 61 86 22 11 48 22 99 54 31 85 7 89 90 54 69 
34 94 47 87 27 59 63 106 46 35 105 72 84 74 116 16 58 55 67 88 70 42 26 81 70 33 74 105 76 53 81 98 35 93 62 118 48 64 31 22 94 75 16 74 82 98 62 65 82 0 63 74 84 63 67 113 93 93 78 35 60 99 101 80 73 65 73 68 77 77 73 98 56 90 19 76 29 27 29 128 
58 36 29 40 37 55 19 47 34 43 47 51 65 12 55 58 58 11 36 28 14 39 53 58 44 63 52 44 39 48 36 57 58 73 16 57 15 38 33 44 37 13 47 38 35 67 42 42 36 63 0 30 24 44 8 51 61 36 20 37 52 79 47 42 56 26 50 14 25 19 15 66 18 28 59 36 60 62 34 65 
55 25 27 12 56 38 13 35 61 67 33 81 38 28 46 64 41 39 66 48 17 65 55 88 74 60 26 39 68 35 7 28 55 44 46 48 36 17 53 62 58 27 60 68 7 37 23 20 64 74 30 0 45 24 36 57 30 22 45 60 34 50 28 12 32 9 24 43 53 18 41 36 20 42 62 65 59 62 51 63 
82 36 52 50 57 78 40 43 45 57 44 48 83 17 46 81 80 29 34 4 30 51 77 52 41 88 71 35 31 71 48 67 83 90 23 47 37 58 53 63 13 19 69 32 46 80 63 62 23 84 24 45 0 65 18 31 74 38 6 53 74 95 48 57 76 45 69 16 14 28 11 79 41 9 82 27 84 86 55 50 
35 49 22 32 52 14 26 58 66 68 56 91 24 48 70 49 17 49 77 69 36 68 38 100 85 40 12 63 82 12 27 37 35 33 59 72 42 8 52 58 79 47 51 81 29 36 2 5 80 63 44 24 65 0 52 81 30 46 63 61 10 39 50 21 13 20 10 58 70 40 59 36 26 64 46 80 40 43 48 87 
65 38 36 45 40 63 27 48 32 43 48 45 72 12 55 64 65 12 30 22 19 38 59 52 38 70 59 43 32 55 41 62 65 80 11 57 19 45 36 47 30 13 51 32 40 73 50 49 28 67 8 36 18 52 0 47 67 38 13 37 59 85 49 49 63 33 57 7 18 22 8 72 26 23 64 29 66 68 37 63 
106 34 75 55 87 95 58 32 76 88 34 76 92 40 26 109 98 59 63 28 48 82 102 77 69 112 82 22 59 90 56 67 106 96 54 26 65 73 83 93 28 40 97 60 54 83 79 77 48 113 51 57 31 81 47 0 78 38 37 83 90 99 42 66 88 62 81 47 43 42 41 81 63 24 109 55 109 111 84 20 
64 44 49 24 80 39 42 47 90 94 44 111 18 58 58 79 41 69 96 76 47 93 69 119 104 69 19 56 99 42 26 12 64 19 77 59 65 30 79 87 86 56 81 98 28 7 31 28 94 93 61 30 74 30 67 78 0 40 74 88 36 22 37 18 24 36 20 73 83 46 71 6 47 69 77 95 70 73 76 76 
76 3 47 17 70 60 29 14 70 78 12 82 54 27 24 84 63 46 67 39 24 75 75 88 75 82 45 18 67 57 19 31 76 58 49 27 48 39 67 77 47 25 77 67 17 46 45 41 60 93 36 22 38 46 38 38 40 0 40 72 55 62 11 28 51 30 44 43 49 17 39 44 37 31 83 63 80 83 66 41 
78 38 49 51 51 75 37 47 39 51 47 43 82 16 51 76 77 24 29 10 28 45 72 48 36 83 69 40 27 68 48 68 78 89 17 52 32 56 47 57 17 18 63 28 47 81 61 60 20 78 20 45 6 63 13 37 74 40 0 46 71 94 50 57 74 43 67 10 10 28 5 79 38 15 77 23 79 81 49 56 
51 72 40 72 12 65 47 84 11 7 83 38 85 48 91 40 66 26 32 56 49 8 42 48 35 54 73 80 40 57 67 88 52 94 30 94 25 59 10 13 61 49 24 39 67 94 60 61 47 35 37 60 53 61 37 83 88 72 46 0 64 100 82 70 74 52 71 37 43 55 42 93 41 60 43 41 50 50 15 101 
29 58 26 41 54 5 34 68 70 70 65 96 24 57 79 45 8 55 83 77 45 71 34 105 90 34 16 73 88 8 37 44 29 33 66 81 47 17 54 59 87 55 50 87 39 39 11 14 87 60 52 34 74 10 59 90 36 55 71 64 0 39 59 29 13 29 16 66 77 49 67 40 33 73 42 86 35 38 50 96 
66 65 61 46 92 40 59 69 105 107 66 128 15 78 79 84 41 85 114 97 66 107 73 136 122 70 28 78 117 47 46 33 66 6 95 80 80 43 91 97 107 76 89 117 49 17 41 39 113 99 79 50 95 39 85 99 22 62 94 100 39 0 58 37 27 53 30 92 102 67 91 19 63 90 80 114 72 75 87 97 
82 12 55 18 80 63 38 10 80 89 8 93 53 37 22 91 66 57 78 49 34 85 82 98 86 88 46 20 78 61 22 26 82 55 60 23 58 43 77 87 56 36 86 78 21 41 49 45 70 101 47 28 48 50 49 42 37 11 50 82 59 58 0 29 52 37 45 54 60 28 50 39 45 40 90 74 87 89 76 40 
55 31 33 12 64 34 24 39 72 77 36 93 27 41 51 67 37 50 78 60 29 75 57 100 86 61 17 46 81 33 10 18 55 32 59 53 47 16 62 71 70 39 66 80 12 25 20 17 76 80 42 12 57 21 49 66 18 28 57 70 29 37 29 0 23 18 16 55 65 29 54 24 29 53 65 77 60 63 59 68 
42 54 34 35 65 16 37 62 79 80 59 104 12 58 73 58 18 61 90 79 46 81 47 112 97 46 6 69 94 20 32 33 41 21 71 75 55 18 64 70 89 57 62 93 34 27 15 14 92 73 56 32 76 13 63 88 24 51 74 74 13 27 52 23 0 31 7 70 81 49 70 28 38 74 55 92 48 50 60 91 
46 32 18 22 46 34 6 43 54 59 41 76 40 28 54 54 36 33 61 49 16 57 46 83 69 52 26 46 64 28 16 36 46 47 42 56 29 13 44 53 58 26 50 64 17 43 18 17 61 65 26 9 45 20 33 62 36 30 43 52 29 53 37 18 31 0 24 40 50 20 39 42 11 44 53 62 51 53 42 70 
44 47 31 27 62 20 31 55 75 77 52 99 16 51 66 59 22 56 84 72 39 77 48 107 92 49 2 61 89 21 25 28 44 24 66 68 50 13 61 68 82 50 61 88 27 25 12 9 86 73 50 24 69 10 57 81 20 44 67 71 16 30 45 16 7 24 0 64 75 42 63 25 33 66 56 86 50 53 58 84 
69 42 42 51 41 69 33 53 30 42 53 39 79 17 58 67 71 14 24 20 26 36 63 46 32 75 66 46 25 62 48 69 70 87 7 59 23 52 37 47 26 19 53 25 46 80 56 56 22 68 14 43 16 58 7 47 73 43 10 37 66 92 54 55 70 40 64 0 12 28 6 79 32 23 68 22 71 72 39 64 
81 48 53 60 50 81 44 56 34 47 57 34 90 25 59 77 83 25 20 15 36 40 74 38 27 86 77 49 18 73 57 77 81 97 15 61 34 63 46 55 18 27 63 18 55 90 68 67 11 77 25 53 14 70 18 43 83 49 10 43 77 102 60 65 81 50 75 12 0 37 12 88 44 23 78 14 82 83 49 63 
64 17 34 23 54 53 16 30 53 61 28 68 56 12 39 69 56 29 52 31 7 58 62 74 60 70 43 29 53 48 21 41 65 62 34 41 31 32 50 61 40 10 61 53 19 53 38 36 48 77 19 18 28 40 22 42 46 17 28 55 49 67 28 29 49 20 42 28 37 0 25 52 22 25 69 50 68 70 49 52 
72 38 44 49 46 70 33 48 36 47 48 43 79 14 52 71 73 19 28 15 25 41 67 49 36 78 65 41 28 63 46 66 73 86 13 54 27 52 42 53 23 15 58 28 44 78 57 56 22 73 15 41 11 59 8 41 71 39 5 42 67 91 50 54 70 39 63 6 12 25 0 77 33 18 72 24 74 76 44 59 
69 47 55 29 86 43 48 50 96 100 47 117 20 63 60 84 45 74 102 81 53 99 74 124 110 74 24 59 104 47 31 14 69 18 82 61 71 35 85 92 91 62 86 104 33 2 37 34 99 98 66 36 79 36 72 81 6 44 79 93 40 19 39 24 28 42 25 79 88 52 77 0 53 74 82 101 75 78 82 78 
43 38 12 32 36 37 7 50 43 48 48 66 49 25 60 47 39 23 51 45 15 46 40 74 59 49 35 51 56 30 27 47 43 57 33 62 17 21 33 43 55 24 41 55 27 54 24 24 54 56 18 20 41 26 26 63 47 37 38 41 33 63 45 29 38 11 33 32 44 22 33 53 0 42 47 53 46 48 31 74 
85 28 54 45 63 78 39 35 53 65 35 57 80 18 36 86 80 35 43 9 28 59 80 61 50 90 68 26 40 71 44 61 85 86 31 38 42 57 59 70 17 18 74 41 42 75 62 60 31 90 28 42 9 64 23 24 69 31 15 60 73 90 40 53 74 44 66 23 23 25 18 74 42 0 86 36 87 89 60 41 
15 85 36 74 31 40 54 96 53 46 94 81 66 69 107 4 39 54 73 86 62 50 8 91 77 14 58 98 81 35 69 83 15 74 63 109 45 50 35 31 94 69 19 80 69 81 46 50 85 19 59 62 82 46 64 109 77 83 77 43 42 80 90 65 55 53 56 68 78 69 72 82 47 86 0 81 10 8 31 121 
85 62 61 73 50 89 55 70 30 42 71 21 101 38 73 79 91 32 10 28 48 36 78 25 15 90 88 62 4 81 70 91 86 109 21 74 40 73 46 54 27 40 63 5 68 102 77 77 7 76 36 65 27 80 29 55 95 63 23 41 86 114 74 77 92 62 86 22 14 50 24 101 53 36 81 0 86 87 50 75 
6 82 34 70 38 32 52 94 60 53 92 88 58 70 105 13 31 57 79 88 61 58 8 98 84 5 51 96 86 28 65 77 6 66 67 107 48 45 41 39 97 70 27 85 66 74 40 44 89 29 60 59 84 40 66 109 70 80 79 50 35 72 87 60 48 51 50 71 82 68 74 75 46 87 10 86 0 3 36 120 
9 85 37 73 38 35 54 96 60 53 94 88 61 72 107 12 34 58 80 90 64 58 9 98 84 6 54 99 87 31 67 80 9 69 68 109 49 47 41 38 98 72 27 86 68 77 43 47 90 27 62 62 86 43 68 111 73 83 81 50 38 75 89 63 50 53 53 72 83 70 76 78 48 89 8 87 3 0 37 122 
37 67 27 63 5 51 38 79 23 20 78 52 72 45 88 29 52 26 43 59 43 22 29 61 47 41 60 77 50 43 58 77 38 81 34 90 19 46 4 12 66 46 14 49 58 82 46 49 54 29 34 51 55 48 37 84 76 66 49 15 50 87 76 59 60 42 58 39 49 49 44 82 31 60 31 50 36 37 0 99 
116 38 86 56 103 101 68 29 94 106 32 96 93 54 18 121 104 75 83 47 59 100 114 97 90 122 85 24 79 97 60 64 116 95 72 16 80 80 98 109 49 53 112 80 58 80 86 82 69 128 65 63 50 87 63 20 76 41 56 101 96 97 40 68 91 70 84 64 63 52 59 78 74 41 121 75 120 122 99 0 
0 65 1576 303 1964 3000 69 64 676 12 193 118 1774 471 285 1397 0 95 9 74 46 0 623 152 55 440 87 78 66 57 7 14 375 0 61 426 146 311 117 0 336 8 3000 22 1854 2874 15 3000 17 8 48 16 82 1389 764 138 248 11 15 181 3000 21 196 38 473 18 173 135 126 17 100 1180 627 106 41 65 182 9 54 34 
65 0 411 0 10 92 0 11 43 207 21 97 674 0 0 20 0 263 0 703 238 65 0 1551 137 33 189 125 0 0 2206 0 109 91 0 0 0 0 385 0 385 24 15 2696 0 1527 91 0 173 9 17 406 989 92 1418 163 120 24 122 10 0 271 0 59 158 0 0 398 3000 468 125 22 0 0 0 463 168 10 75 292 
1576 411 0 929 717 139 254 117 59 298 55 723 615 24 354 156 20 88 659 16 45 0 2750 87 88 443 255 2642 28 382 378 188 11 0 35 159 83 88 29 22 271 94 22 13 52 54 3000 16 311 135 201 28 33 43 141 47 554 1371 419 308 433 89 137 464 2193 382 90 174 190 1290 15 107 11 535 40 167 129 15 21 10 
303 0 929 0 585 1704 0 264 60 23 9 13 30 872 273 0 0 0 10 177 254 0 1023 426 0 447 28 91 1576 927 1259 455 25 0 30 220 87 19 81 0 19 28 389 130 609 0 18 512 0 0 0 670 22 246 111 9 117 40 3000 1460 420 3000 28 7 0 384 88 0 2494 13 31 103 35 461 96 0 16 148 0 232 
1964 10 717 585 0 110 0 825 53 161 62 292 0 3000 0 15 0 0 0 34 0 0 0 43 34 0 86 25 620 21 0 0 48 0 82 0 189 99 21 0 69 80 0 30 0 0 32 29 0 372 0 0 0 520 10 272 1646 35 60 60 162 28 0 92 0 2363 136 0 155 33 101 13 0 1686 0 0 285 925 42 0 
3000 92 139 1704 110 0 0 318 140 12 75 33 31 212 203 100 0 718 0 7 218 62 0 19 86 123 14 106 82 90 114 182 93 30 422 289 16 1746 610 0 125 18 65 181 0 29 75 25 285 36 2146 607 1781 24 50 77 118 397 160 464 718 29 7 889 70 2325 17 284 24 120 11 508 0 12 754 85 340 42 43 136 
69 0 254 0 0 0 0 0 86 92 25 0 7 357 248 2441 37 210 68 455 751 0 0 0 22 124 70 184 0 558 22 0 45 0 0 15 0 0 0 19 0 0 648 0 643 1023 26 164 177 25 12 41 45 0 304 103 0 0 168 0 0 0 45 0 69 0 0 196 0 14 0 30 0 0 0 451 21 927 0 261 
64 11 117 264 825 318 0 0 8 103 227 3000 0 107 0 25 0 0 0 28 1192 0 96 1766 0 0 925 24 171 137 28 11 37 0 478 655 138 263 24 0 55 1280 12 19 0 0 381 2760 0 200 0 46 102 9 153 103 40 277 1059 3000 16 2260 77 225 0 715 22 0 29 17 3000 61 18 796 534 0 1734 243 0 164 
676 43 59 60 53 140 86 8 0 78 233 72 8 103 24 318 26 124 674 623 1080 0 668 50 1548 13 32 98 17 108 22 210 411 311 459 14 0 9 377 9 14 99 65 157 14 162 1817 624 3000 35 22 220 18 50 34 1328 24 3000 25 31 611 467 689 99 17 235 34 53 11 15 26 20 20 344 138 67 152 267 322 90 
12 207 298 23 161 12 92 103 78 0 191 16 110 10 65 34 1627 354 16 3000 67 0 25 3000 99 250 15 82 9 81 325 18 24 0 8 2499 86 402 74 22 3000 588 433 86 290 342 24 17 201 46 0 99 8 18 659 8 0 1360 66 372 295 3000 251 506 202 67 142 500 134 17 14 37 2290 86 315 275 44 13 44 11 
193 21 55 9 62 75 25 227 233 191 0 194 90 134 54 7 31 25 24 38 43 406 0 31 211 135 54 9 50 309 35 17 46 270 0 56 0 384 0 9 8 572 83 9 428 59 110 649 120 24 2316 562 16 379 136 345 30 174 127 243 108 246 526 10 36 15 438 40 1825 229 29 78 44 586 43 36 31 29 33 8 
118 97 723 13 292 33 0 3000 72 16 194 0 2261 8 73 28 0 42 0 138 3000 79 0 79 91 14 612 203 16 477 7 1266 924 92 176 110 124 99 20 0 54 92 820 66 0 254 114 7 0 641 504 70 87 1072 21 28 52 841 320 115 318 1610 88 634 8 22 265 1977 609 43 26 164 24 454 320 16 10 30 23 193 
1774 674 615 30 0 31 7 0 8 110 90 2261 0 40 197 339 32 18 25 835 21 137 0 238 147 35 211 24 0 11 58 0 742 10 0 49 0 302 0 670 12 95 35 201 31 54 1066 605 74 560 820 963 30 19 10 126 0 9 532 13 0 10 100 0 101 0 0 14 269 29 25 1337 0 0 0 134 3000 1468 24 14 
471 0 24 872 3000 212 357 107 103 10 134 8 40 0 283 0 0 0 24 642 90 0 14 3000 0 59 219 9 394 12 37 887 268 0 765 647 17 73 13 0 340 45 56 1595 3000 0 589 385 0 0 0 832 101 0 1578 332 89 0 43 1407 13 14 377 24 1059 97 520 90 21 13 1121 2145 42 3000 7 0 7 64 0 398 
285 0 354 273 0 203 248 0 24 65 54 73 197 283 0 1301 264 183 107 37 3000 0 10 30 279 3000 2870 274 0 697 1276 85 61 0 0 165 0 858 0 3000 156 0 8 0 35 405 529 166 251 83 28 30 22 0 1159 152 0 0 371 24 0 0 34 0 9 0 8 127 9 116 0 247 16 714 629 40 3000 42 1635 264 
1397 20 156 0 15 100 2441 25 318 34 7 28 339 0 1301 0 42 1963 120 429 43 539 0 99 1354 68 206 378 0 14 22 0 113 16 0 0 0 0 0 0 3000 3000 130 1124 0 19 94 108 671 3000 561 217 26 293 111 15 728 77 160 45 0 23 0 650 18 0 0 16 522 11 36 208 0 0 0 11 14 124 9 118 
0 0 20 0 0 0 37 0 26 1627 31 0 32 0 264 42 0 514 31 96 281 0 0 0 89 858 0 0 0 0 1054 0 2689 55 0 0 0 0 0 150 0 0 740 0 125 318 0 18 8 46 1438 415 260 0 0 658 0 0 577 0 0 0 0 0 8 0 0 16 0 110 0 10 0 0 0 1029 14 498 0 331 
95 263 88 0 0 718 210 0 124 354 25 42 18 0 183 1963 514 0 88 52 67 504 0 0 2532 42 64 227 0 0 101 0 830 12 0 0 0 0 0 833 27 647 800 0 2006 42 12 110 10 16 26 16 88 297 193 903 0 589 733 117 0 1219 0 0 1284 0 0 16 27 33 2198 1525 0 0 0 15 1876 17 130 28 
9 0 659 10 0 0 68 0 674 16 24 0 25 24 107 120 31 88 0 150 12 0 757 219 0 104 514 0 0 670 3000 33 1058 0 0 232 0 64 0 50 0 0 432 0 600 44 1409 9 14 287 0 77 351 0 12 56 0 0 293 0 0 0 113 0 743 0 530 15 0 3000 0 1002 2405 9 1399 1017 42 338 0 356 
74 703 16 177 34 7 455 28 623 3000 38 138 835 642 37 429 96 52 150 0 9 1520 28 25 68 85 330 112 36 13 55 12 136 1418 760 719 365 224 12 0 27 55 64 30 31 401 128 725 181 26 21 205 111 39 71 671 9 88 55 54 10 182 446 19 40 725 27 495 613 91 7 24 940 21 2866 864 25 361 41 8 
46 238 45 254 0 218 751 1192 1080 67 43 3000 21 90 3000 43 281 67 12 9 0 0 3000 13 998 11 694 39 146 48 44 7 1299 0 0 8 0 13 0 20 34 1615 177 25 24 617 545 115 120 203 8 1433 1096 170 30 9 0 494 187 76 41 12 1040 176 133 266 86 1010 287 612 0 582 30 145 247 300 14 91 60 295 
0 65 0 0 0 62 0 0 0 0 406 79 137 0 0 539 0 504 0 1520 0 0 0 0 427 368 0 28 0 0 0 0 0 9 0 0 0 0 0 0 0 44 172 0 0 7 0 0 226 715 52 79 0 126 0 70 0 11 146 22 0 8 0 0 580 0 0 178 12 0 141 0 0 0 0 178 0 0 260 167 
623 0 2750 1023 0 0 0 96 668 25 0 0 0 14 10 0 0 0 757 28 3000 0 0 66 0 0 87 0 298 1095 8 276 67 0 81 19 0 41 0 0 21 0 0 0 178 0 174 2961 0 0 0 0 65 0 100 0 0 0 23 0 2425 0 332 173 0 144 2210 0 0 10 0 9 31 48 47 0 28 83 0 0 
152 1551 87 426 43 19 0 1766 50 3000 31 79 238 3000 30 99 0 0 219 25 13 0 66 0 0 350 98 206 8 248 1173 245 1156 0 9 1140 42 33 804 0 21 27 882 160 1516 0 181 14 0 2936 0 947 40 940 23 7 16 435 140 10 12 2144 119 33 0 26 950 12 16 25 10 214 32 61 104 0 12 32 0 54 
55 137 88 0 34 86 22 0 1548 99 211 91 147 0 279 1354 89 2532 0 68 998 427 0 0 0 30 49 80 0 0 55 0 92 122 0 0 0 0 0 0 1102 253 905 3000 0 12 13 179 20 125 2735 17 10 154 76 48 15 535 11 544 0 81 0 0 14 0 0 29 105 163 56 20 0 0 0 222 1756 348 30 3000 
440 33 443 447 0 123 124 0 13 250 135 14 35 59 3000 68 858 42 104 85 11 368 0 350 30 0 23 21 0 25 40 0 2663 9 0 309 0 334 0 399 97 60 229 138 242 49 8 133 8 68 12 147 765 3000 30 375 0 46 123 13 0 74 335 0 11 0 21 408 274 71 11 92 0 16 0 92 7 166 87 394 
87 189 255 28 86 14 70 925 32 15 54 612 211 219 2870 206 0 64 514 330 694 0 87 98 49 23 0 451 16 28 216 20 45 38 68 106 258 61 24 0 110 135 3000 250 178 140 41 1136 1093 21 464 336 1921 21 31 1428 8 9 117 626 635 276 286 60 398 144 214 152 25 73 200 23 47 28 68 59 13 16 557 269 
78 125 2642 91 25 106 184 24 98 82 9 203 24 9 274 378 0 227 0 112 39 28 0 206 80 21 451 0 1011 486 17 0 56 3000 1759 0 257 0 73 0 10 1878 50 158 0 10 27 523 35 1523 32 12 937 23 191 353 15 57 42 321 1074 98 0 48 1394 66 759 216 71 188 73 193 0 0 0 59 27 902 590 215 
66 0 28 1576 620 82 0 171 17 9 50 16 0 394 0 0 0 0 0 36 146 0 298 8 0 0 16 1011 0 115 16 346 12 0 2287 28 17 20 1276 0 126 31 41 7 0 0 28 28 0 0 0 12 162 702 872 172 30 368 82 12 20 8 91 1307 0 3000 436 0 80 118 1126 333 18 11 119 0 27 95 0 0 
57 0 382 927 21 90 558 137 108 81 309 477 11 12 697 14 0 0 670 13 48 0 1095 248 0 25 28 486 115 0 11 90 57 0 2625 245 54 147 516 0 103 10 482 384 230 0 36 356 0 611 0 826 449 168 894 231 307 70 873 15 802 82 326 3000 759 63 10 30 7 35 257 92 124 158 50 0 1125 49 0 133 
7 2206 378 1259 0 114 22 28 22 325 35 7 58 37 1276 22 1054 101 3000 55 44 0 8 1173 55 40 216 17 16 11 0 661 44 0 298 80 0 53 18 158 9 237 40 21 1940 208 18 504 54 8 107 111 198 305 427 1697 0 60 18 27 41 37 3000 867 445 117 54 119 706 599 27 108 172 68 330 7 263 1437 1876 118 
14 0 188 455 0 182 0 11 210 18 17 1266 0 887 85 0 0 0 33 12 7 0 276 245 0 0 20 0 346 90 661 0 19 0 661 48 1407 70 70 0 1479 62 81 97 314 0 1587 670 0 0 0 0 66 0 17 114 0 0 1351 0 7 8 22 52 0 65 483 0 0 152 0 22 228 91 30 0 317 172 0 35 
375 109 11 25 48 93 45 37 411 24 46 924 742 268 61 113 2689 830 1058 136 1299 0 67 1156 92 2663 45 56 12 57 44 19 0 0 77 611 978 124 93 11 84 20 9 25 700 33 28 210 700 945 0 103 29 9 150 147 16 487 450 14 176 1891 153 232 113 8 93 22 940 440 297 20 239 198 1169 333 504 312 19 34 
0 91 0 0 0 30 0 0 311 0 270 92 10 0 0 16 55 12 0 1418 0 9 0 0 122 9 38 3000 0 0 0 0 0 0 0 0 0 0 0 0 0 407 118 0 0 67 0 0 9 576 653 183 0 75 0 170 0 176 529 17 0 29 0 0 987 0 0 16 487 0 600 0 0 0 0 1171 805 0 130 1243 
61 0 35 30 82 422 0 478 459 8 0 176 0 765 0 0 0 0 0 760 0 0 81 9 0 0 68 1759 2287 2625 298 661 77 0 0 450 430 95 18 0 32 1823 0 81 0 0 140 8 0 0 0 0 0 39 112 108 101 14 668 12 20 227 627 25 0 127 68 0 697 180 52 59 3000 204 9 0 909 158 0 0 
426 0 159 220 0 289 15 655 14 2499 56 110 49 647 165 0 0 0 232 719 8 0 19 1140 0 309 106 0 28 245 80 48 611 0 450 0 0 1602 1578 0 22 73 283 18 16 0 307 2902 0 0 0 15 785 0 2791 422 0 0 135 0 1389 600 1799 1626 13 748 79 0 0 183 0 3000 856 355 503 0 94 130 0 3000 
146 0 83 87 189 16 0 138 0 86 0 124 0 17 0 0 0 0 0 365 0 0 0 42 0 0 258 257 17 54 0 1407 978 0 430 0 0 14 687 0 251 167 0 296 0 0 45 98 0 0 0 0 0 7 10 0 148 63 14 183 194 64 168 14 0 2919 3000 0 529 18 156 14 0 356 1433 0 15 190 0 0 
311 0 88 19 99 1746 0 263 9 402 384 99 302 73 858 0 0 0 64 224 13 0 41 33 0 334 61 0 20 147 53 70 124 0 95 1602 14 0 276 0 34 92 85 1845 2137 0 8 545 0 0 0 413 36 0 86 51 0 0 1943 0 234 1485 269 357 0 3000 375 0 0 22 0 135 37 65 10 0 90 49 0 62 
117 385 29 81 21 610 0 24 377 74 0 20 0 13 0 0 0 0 0 12 0 0 0 804 0 0 24 73 1276 516 18 70 93 0 18 1578 687 276 0 0 103 640 0 232 0 0 2464 766 0 0 0 0 0 114 7 54 1925 9 157 158 75 397 252 168 0 36 9 0 79 8 82 122 0 3000 157 0 147 50 0 0 
0 0 22 0 0 0 19 0 9 22 9 0 670 0 3000 0 150 833 50 0 20 0 0 0 0 399 0 0 0 0 158 0 11 0 0 0 0 0 0 0 0 0 33 0 139 9 0 175 3000 0 62 357 740 0 0 87 0 0 2300 0 0 0 0 0 37 0 0 86 0 12 0 2047 0 0 0 11 43 139 0 140 
336 385 271 19 69 125 0 55 14 3000 8 54 12 340 156 3000 0 27 0 27 34 0 21 21 1102 97 110 10 126 103 9 1479 84 0 32 22 251 34 103 0 0 15 15 40 0 0 30 291 0 541 0 8 1141 248 404 135 119 284 536 45 85 153 188 2085 59 16 33 40 134 248 23 11 3000 26 526 0 52 299 111 59 
8 24 94 28 80 18 0 1280 99 588 572 92 95 45 0 3000 0 647 0 55 1615 44 0 27 253 60 135 1878 31 10 237 62 20 407 1823 73 167 92 640 0 15 0 51 17 0 0 177 366 0 57 269 715 125 505 49 18 129 183 805 43 350 68 61 97 289 438 182 251 99 39 24 26 0 17 1813 15 19 172 13 987 
3000 15 22 389 0 65 648 12 65 433 83 820 35 56 8 130 740 800 432 64 177 172 0 882 905 229 3000 50 41 482 40 81 9 118 0 283 0 85 0 33 15 51 0 560 132 20 269 32 16 12 13 105 1474 356 51 81 0 188 247 66 2445 75 52 165 659 179 9 353 12 463 39 55 0 31 804 411 188 132 43 537 
22 2696 13 130 30 181 0 19 157 86 9 66 201 1595 0 1124 0 0 0 30 25 0 0 160 3000 138 250 158 7 384 21 97 25 0 81 18 296 1845 232 0 40 17 560 0 0 0 342 251 0 21 0 67 29 29 735 19 8 1735 47 12 304 13 66 561 0 118 92 205 16 34 259 39 385 19 411 0 470 358 15 23 
1854 0 52 609 0 0 643 0 14 290 428 0 31 3000 35 0 125 2006 600 31 24 0 178 1516 0 242 178 0 0 230 1940 314 700 0 0 16 0 2137 0 139 0 0 132 0 0 16 233 124 192 0 0 259 24 0 188 280 0 0 792 0 0 0 122 0 479 0 144 184 0 46 0 620 65 33 3000 39 1437 1616 0 39 
2874 1527 54 0 0 29 1023 0 162 342 59 254 54 0 405 19 318 42 44 401 617 7 0 0 12 49 140 10 0 0 208 0 33 67 0 0 0 0 0 9 0 0 20 0 16 0 52 338 2665 539 16 431 145 637 406 45 0 3000 13 8 0 0 0 0 116 0 0 503 135 12 0 10 0 0 0 166 83 336 1182 1102 
15 91 3000 18 32 75 26 381 1817 24 110 114 1066 589 529 94 0 12 1409 128 545 0 174 181 13 8 41 27 28 36 18 1587 28 0 140 307 45 8 2464 0 30 177 269 342 233 52 0 144 12 75 0 278 892 35 42 56 130 104 3000 56 73 1143 17 718 176 576 36 78 28 430 181 232 16 1409 306 101 373 8 18 28 
3000 0 16 512 29 25 164 2760 624 17 649 7 605 385 166 108 18 110 9 725 115 0 2961 14 179 133 1136 523 28 356 504 670 210 0 8 2902 98 545 766 175 291 366 32 251 124 338 144 0 72 31 0 18 162 770 222 3000 0 10 22 216 113 374 29 107 62 23 1718 600 11 10 14 15 2227 64 40 563 111 12 0 868 
17 173 311 0 0 285 177 0 3000 201 120 0 74 0 251 671 8 10 14 181 120 226 0 0 20 8 1093 35 0 0 54 0 700 9 0 0 0 0 0 3000 0 0 16 0 192 2665 12 72 0 8 33 12 153 0 0 25 0 0 1952 211 0 0 0 0 214 0 0 120 49 14 0 99 0 0 0 631 16 19 60 540 
8 9 135 0 372 36 25 200 35 46 24 641 560 0 83 3000 46 16 287 26 203 715 0 2936 125 68 21 1523 0 611 8 0 945 576 0 0 0 0 0 0 541 57 12 21 0 539 75 31 8 0 26 65 94 29 2951 1197 233 108 9 16 0 197 0 3000 13 0 0 1531 60 36 530 23 0 0 0 920 979 41 175 43 
48 17 201 0 0 2146 12 0 22 0 2316 504 820 0 28 561 1438 26 0 21 8 52 0 0 2735 12 464 32 0 0 107 0 0 653 0 0 0 0 0 62 0 269 13 0 0 16 0 0 33 26 0 339 1278 58 0 34 0 514 1822 12 0 59 0 0 331 0 0 11 426 889 65 125 0 0 0 3000 1873 237 37 13 
16 406 28 670 0 607 41 46 220 99 562 70 963 832 30 217 415 16 77 205 1433 79 0 947 17 147 336 12 12 826 111 0 103 183 0 15 0 413 0 357 8 715 105 67 259 431 278 18 12 65 339 0 37 12 121 1121 0 160 677 1756 0 660 7 8 292 0 38 1077 761 562 643 111 0 87 0 205 24 718 37 69 
82 989 33 22 0 1781 45 102 18 8 16 87 30 101 22 26 260 88 351 111 1096 0 65 40 10 765 1921 937 162 449 198 66 29 0 0 785 0 36 0 740 1141 125 1474 29 24 145 892 162 153 94 1278 37 0 0 111 28 0 0 8 12 43 11 223 170 42 118 225 2232 111 1230 0 221 102 35 16 388 104 882 336 2534 
1389 92 43 246 520 24 0 9 50 18 379 1072 19 0 0 293 0 297 0 39 170 126 0 940 154 3000 21 23 702 168 305 0 9 75 39 0 7 0 114 0 248 505 356 29 0 637 35 770 0 29 58 12 0 0 21 521 331 198 1536 833 220 143 0 422 421 476 45 1849 8 91 25 308 0 0 0 54 41 38 3000 1239 
764 1418 141 111 10 50 304 153 34 659 136 21 10 1578 1159 111 0 193 12 71 30 0 100 23 76 30 31 191 872 894 427 17 150 0 112 2791 10 86 7 0 404 49 51 735 188 406 42 222 0 2951 0 121 111 21 0 7 152 1435 60 609 195 160 1099 563 1932 191 418 10 283 126 169 65 68 103 116 672 231 925 42 13 
138 163 47 9 272 77 103 103 1328 8 345 28 126 332 152 15 658 903 56 671 9 70 0 7 48 375 1428 353 172 231 1697 114 147 170 108 422 0 51 54 87 135 18 81 19 280 45 56 3000 25 1197 34 1121 28 521 7 0 122 1090 178 3000 490 433 1368 53 126 42 128 137 118 34 90 21 19 1101 40 87 56 107 31 397 
248 120 554 117 1646 118 0 40 24 0 30 52 0 89 0 728 0 0 0 9 0 0 0 16 15 0 8 15 30 307 0 0 16 0 101 0 148 0 1925 0 119 129 0 8 0 0 130 0 0 233 0 0 0 331 152 122 0 80 262 12 46 11 0 32 0 2849 62 0 10 0 18 31 0 299 0 0 8 16 389 0 
11 24 1371 40 35 397 0 277 3000 1360 174 841 9 0 0 77 0 589 0 88 494 11 0 435 535 46 9 57 368 70 60 0 487 176 14 0 63 0 9 0 284 183 188 1735 0 3000 104 10 0 108 514 160 0 198 1435 1090 80 0 152 216 22 49 0 211 93 258 116 129 8 305 102 27 0 0 0 29 128 3000 26 554 
15 122 419 3000 60 160 168 1059 25 66 127 320 532 43 371 160 577 733 293 55 187 146 23 140 11 123 117 42 82 873 18 1351 450 529 668 135 14 1943 157 2300 536 805 247 47 792 13 3000 22 1952 9 1822 677 8 1536 60 178 262 152 0 151 350 70 61 653 1997 10 828 35 84 152 297 35 29 87 151 68 194 9 74 31 
181 10 308 1460 60 464 0 3000 31 372 243 115 13 1407 24 45 0 117 0 54 76 22 0 10 544 13 626 321 12 15 27 0 14 17 12 0 183 0 158 0 45 43 66 12 0 8 56 216 211 16 12 1756 12 833 609 3000 12 216 151 0 65 74 0 500 178 334 50 67 16 515 1036 96 0 0 0 192 862 29 12 23 
3000 0 433 420 162 718 0 16 611 295 108 318 0 13 0 0 0 0 0 10 41 0 2425 12 0 0 635 1074 20 802 41 7 176 0 20 1389 194 234 75 0 85 350 2445 304 0 0 73 113 0 0 0 0 43 220 195 490 46 22 350 65 0 43 44 32 0 393 7 0 487 77 1568 62 3000 824 794 0 198 21 0 0 
21 271 89 3000 28 29 0 2260 467 3000 246 1610 10 14 0 23 0 1219 0 182 12 8 0 2144 81 74 276 98 8 82 37 8 1891 29 227 600 64 1485 397 0 153 68 75 13 0 0 1143 374 0 197 59 660 11 143 160 433 11 49 70 74 43 0 20 501 11 90 28 48 42 132 134 52 0 3000 8 3000 23 7 223 2477 
196 0 137 28 0 7 45 77 689 251 526 88 100 377 34 0 0 0 113 446 1040 0 332 119 0 335 286 0 91 326 3000 22 153 0 627 1799 168 269 252 0 188 61 52 66 122 0 17 29 0 0 0 7 223 0 1099 1368 0 0 61 0 44 20 0 80 49 334 211 23 65 108 0 288 361 121 137 0 128 716 0 8 
38 59 464 7 92 889 0 225 99 506 10 634 0 24 0 650 0 0 0 19 176 0 173 33 0 0 60 48 1307 3000 867 52 232 0 25 1626 14 357 168 0 2085 97 165 561 0 0 718 107 0 3000 0 8 170 422 563 53 32 211 653 500 32 501 80 0 0 11 36 0 23 409 36 76 54 1534 147 0 18 581 238 126 
473 158 2193 0 0 70 69 0 17 202 36 8 101 1059 9 18 8 1284 743 40 133 580 0 0 14 11 398 1394 0 759 445 0 113 987 0 13 0 0 0 37 59 289 659 0 479 116 176 62 214 13 331 292 42 421 1932 126 0 93 1997 178 0 11 49 0 0 0 0 3000 12 385 98 394 0 0 0 161 15 169 123 33 
18 0 382 384 2363 2325 0 715 235 67 15 22 0 97 0 0 0 0 0 725 266 0 144 26 0 0 144 66 3000 63 117 65 8 0 127 748 2919 3000 36 0 16 438 179 118 0 0 576 23 0 0 0 0 118 476 191 42 2849 258 10 334 393 90 334 11 0 0 11 0 77 25 147 101 29 95 3000 0 2138 50 0 0 
173 0 90 88 136 17 0 22 34 142 438 265 0 520 8 0 0 0 530 27 86 0 2210 950 0 21 214 759 436 10 54 483 93 0 68 79 3000 375 9 0 33 182 9 92 144 0 36 1718 0 0 0 38 225 45 418 128 62 116 828 50 7 28 211 36 0 11 0 0 44 600 12 44 27 16 505 0 68 589 0 110 
135 398 174 0 0 284 196 0 53 500 40 1977 14 90 127 16 16 16 15 495 1010 178 0 12 29 408 152 216 0 30 119 0 22 16 0 0 0 0 0 86 40 251 353 205 184 503 78 600 120 1531 11 1077 2232 1849 10 137 0 129 35 67 0 48 23 0 3000 0 0 0 2347 38 13 141 0 0 0 138 1166 21 1121 24 
126 3000 190 2494 155 24 0 29 11 134 1825 609 269 21 9 522 0 27 0 613 287 12 0 16 105 274 25 71 80 7 706 0 940 487 697 0 529 0 79 0 134 99 12 16 0 135 28 11 49 60 426 761 111 8 283 118 10 8 84 16 487 42 65 23 12 77 44 2347 0 741 828 333 0 69 0 49 554 799 135 509 
17 468 1290 13 33 120 14 17 15 17 229 43 29 13 116 11 110 33 3000 91 612 0 10 25 163 71 73 188 118 35 599 152 440 0 180 183 18 22 8 12 248 39 463 34 46 12 430 10 14 36 889 562 1230 91 126 34 0 305 152 515 77 132 108 409 385 25 600 38 741 0 168 61 627 314 36 104 1831 24 8 172 
100 125 15 31 101 11 0 3000 26 14 29 26 25 1121 0 36 0 2198 0 7 0 141 0 10 56 11 200 73 1126 257 27 0 297 600 52 0 156 0 82 0 23 24 39 259 0 0 181 14 0 530 65 643 0 25 169 90 18 102 297 1036 1568 134 0 36 98 147 12 13 828 168 0 69 0 15 0 0 14 263 15 156 
1180 22 107 103 13 508 30 61 20 37 78 164 1337 2145 247 208 10 1525 1002 24 582 0 9 214 20 92 23 193 333 92 108 22 20 0 59 3000 14 135 122 2047 11 26 55 39 620 10 232 15 99 23 125 111 221 308 65 21 31 27 35 96 62 52 288 76 394 101 44 141 333 61 69 0 179 119 69 3000 562 95 71 858 
627 0 11 35 0 0 0 18 20 2290 44 24 0 42 16 0 0 0 2405 940 30 0 31 32 0 0 47 0 18 124 172 228 239 0 3000 856 0 37 0 0 3000 0 0 385 65 0 16 2227 0 0 0 0 102 0 68 19 0 0 29 0 3000 0 361 54 0 29 27 0 0 627 0 179 0 78 57 0 32 1171 0 104 
106 0 535 461 1686 12 0 796 344 86 586 454 0 3000 714 0 0 0 9 21 145 0 48 61 0 16 28 0 11 158 68 91 198 0 204 355 356 65 3000 0 26 17 31 19 33 0 1409 64 0 0 0 87 35 0 103 1101 299 0 87 0 824 3000 121 1534 0 95 16 0 69 314 15 119 78 0 28 0 3000 85 0 188 
41 0 40 96 0 754 0 534 138 315 43 320 0 7 629 0 0 0 1399 2866 247 0 47 104 0 0 68 0 119 50 330 30 1169 0 9 503 1433 10 157 0 526 1813 804 411 3000 0 306 40 0 0 0 0 16 0 116 40 0 0 151 0 794 8 137 147 0 3000 505 0 0 36 0 69 57 28 0 0 110 13 0 132 
65 463 167 0 0 85 451 0 67 275 36 16 134 0 40 11 1029 15 1017 864 300 178 0 0 222 92 59 59 0 0 7 0 333 1171 0 0 0 0 0 11 0 15 411 0 39 166 101 563 631 920 3000 205 388 54 672 87 0 29 68 192 0 3000 0 0 161 0 0 138 49 104 0 3000 0 0 0 0 1065 287 10 15 
182 168 129 16 285 340 21 1734 152 44 31 10 3000 7 3000 14 14 1876 42 25 14 0 28 12 1756 7 13 27 27 1125 263 317 504 805 909 94 15 90 147 43 52 19 188 470 1437 83 373 111 16 979 1873 24 104 41 231 56 8 128 194 862 198 23 128 18 15 2138 68 1166 554 1831 14 562 32 3000 110 1065 0 631 126 26 
9 10 15 148 925 42 927 243 267 13 29 30 1468 64 42 124 498 17 338 361 91 0 83 32 348 166 16 902 95 49 1437 172 312 0 158 130 190 49 50 139 299 172 132 358 1616 336 8 12 19 41 237 718 882 38 925 107 16 3000 9 29 21 7 716 581 169 50 589 21 799 24 263 95 1171 85 13 287 631 0 60 343 
54 75 21 0 42 43 0 0 322 44 33 23 24 0 1635 9 0 130 0 41 60 260 0 0 30 87 557 590 0 0 1876 0 19 130 0 0 0 0 0 0 111 13 43 15 0 1182 18 0 60 175 37 37 336 3000 42 31 389 26 74 12 0 223 0 238 123 0 0 1121 135 8 15 71 0 0 0 10 126 60 0 2963 
34 292 10 232 0 136 261 164 90 11 8 193 14 398 264 118 331 28 356 8 295 167 0 54 3000 394 269 215 0 133 118 35 34 1243 0 3000 0 62 0 140 59 987 537 23 39 1102 28 868 540 43 13 69 2534 1239 13 397 0 554 31 23 0 2477 8 126 33 0 110 24 509 172 156 858 104 188 132 15 26 343 2963 0 
