80
0 54 24 27 18 4 15 60 25 67 75 15 80 21 9 33 42 58 72 74 42 59 47 10 51 70 72 17 62 41 64 50 59 62 30 46 19 49 38 72 45 64 29 55 71 59 63 57 43 56 41 70 44 38 79 23 32 37 35 46 26 45 61 14 88 41 24 54 54 81 47 28 77 62 23 31 36 40 80 57 
54 0 52 51 66 52 59 73 60 14 47 58 67 33 59 29 30 104 28 74 81 96 72 44 49 17 18 66 22 73 10 52 60 32 26 18 71 74 85 35 20 12 30 73 46 105 75 33 69 55 68 17 88 36 82 62 41 39 43 11 30 88 8 45 86 75 53 63 54 67 60 68 38 9 46 75 63 17 70 71 
24 52 0 48 42 21 13 37 48 61 57 13 57 24 19 45 27 53 60 50 30 45 25 24 29 68 70 20 50 23 60 27 35 46 38 37 40 27 35 57 35 58 22 32 51 54 40 40 21 32 20 69 37 52 54 12 49 53 53 41 35 37 57 13 63 24 1 29 31 59 23 17 61 58 43 24 59 35 57 33 
27 51 48 0 22 29 42 85 10 66 87 41 98 30 36 22 54 83 77 96 69 86 73 24 70 65 65 44 68 67 60 70 80 72 26 53 31 74 63 80 52 63 40 80 84 84 88 69 69 76 67 62 70 19 101 50 12 17 12 49 23 71 59 35 109 67 49 77 74 99 71 55 84 60 6 57 13 44 99 81 
18 66 42 22 0 22 31 77 14 80 93 31 99 36 24 40 59 63 88 92 54 70 63 24 70 81 82 29 78 55 75 68 77 79 40 62 9 64 45 89 61 77 45 72 88 65 80 74 59 74 56 80 52 39 96 38 33 38 34 60 36 53 74 32 105 54 42 71 72 100 65 42 93 74 22 41 24 54 98 74 
4 52 21 29 22 0 13 57 28 64 72 12 76 18 8 33 38 58 69 70 41 57 44 9 47 68 70 17 59 38 61 46 55 58 29 43 22 45 37 69 41 61 25 52 67 59 60 53 40 52 38 68 43 38 75 20 33 38 36 43 25 44 59 10 84 38 21 50 50 77 44 26 73 60 25 29 39 37 76 53 
15 59 13 42 31 13 0 46 40 70 70 1 70 27 7 45 38 46 71 62 28 44 32 21 42 76 77 7 61 25 68 40 48 58 40 47 27 33 27 69 45 67 29 41 64 47 49 53 28 45 25 76 31 51 65 8 46 51 49 49 36 31 66 14 75 25 13 41 44 72 35 13 74 66 38 17 51 43 70 43 
60 73 37 85 77 57 46 0 85 77 51 47 35 58 53 78 43 57 67 19 35 38 17 61 25 87 89 50 60 27 80 22 17 50 71 56 73 17 50 59 53 74 50 6 45 57 3 45 20 20 22 89 46 86 20 40 84 88 88 62 68 44 76 50 30 29 36 10 21 36 15 38 62 77 79 43 95 59 32 4 
25 60 48 10 14 28 40 85 0 74 93 39 102 35 33 31 59 77 84 98 65 81 71 25 73 74 75 40 75 65 69 73 82 78 34 59 23 73 57 87 59 72 45 80 89 78 88 74 67 78 65 72 65 29 103 47 22 27 22 56 31 66 68 36 111 64 48 78 77 103 71 52 91 68 13 53 11 51 102 81 
67 14 61 66 80 64 70 77 74 0 40 70 64 46 71 44 36 114 18 74 90 104 78 58 52 11 13 77 17 81 7 55 62 29 40 24 85 80 96 27 27 4 41 77 41 115 78 33 76 57 76 15 98 50 82 72 55 52 57 21 44 98 7 57 84 83 62 67 56 64 65 78 29 6 61 85 77 28 67 75 
75 47 57 87 93 72 70 51 93 40 0 70 25 58 74 69 34 102 23 40 78 86 60 69 31 51 53 77 25 67 46 34 34 15 63 35 94 61 89 13 35 39 48 54 6 103 50 19 60 32 61 55 88 78 47 68 80 80 84 41 64 87 44 62 47 70 58 44 32 25 45 71 13 44 81 78 100 43 29 51 
15 58 13 41 31 12 1 47 39 70 70 0 71 26 6 44 38 47 71 62 28 45 32 20 42 75 77 8 61 26 68 40 48 58 39 46 27 34 27 69 44 66 29 41 64 48 50 53 28 45 26 75 32 50 66 8 45 50 48 48 35 32 65 13 75 26 13 41 44 72 35 13 74 66 37 18 50 42 70 43 
80 67 57 98 99 76 70 35 102 64 25 71 0 68 76 84 45 92 48 19 69 72 50 77 29 75 77 76 47 59 69 30 23 35 77 52 97 50 83 38 51 62 58 40 22 92 33 34 51 25 53 79 79 94 24 66 94 95 98 59 77 78 66 67 22 62 58 33 27 2 37 67 39 67 92 74 111 59 4 37 
21 33 24 30 36 18 27 58 35 46 58 26 68 0 26 21 25 73 52 67 53 69 49 12 41 50 51 33 42 47 43 41 51 44 14 26 39 51 53 53 25 43 10 54 54 74 60 40 45 46 44 50 58 29 73 32 27 30 31 25 11 58 41 13 80 48 25 49 44 69 43 38 58 41 24 44 43 19 69 54 
9 59 19 36 24 8 7 53 33 71 74 6 76 26 0 41 41 49 74 68 33 50 39 17 47 75 77 8 64 32 68 46 54 62 37 48 21 40 29 73 47 67 30 48 69 51 56 56 35 51 32 75 35 46 72 14 41 46 44 50 33 36 66 14 81 31 18 47 49 77 41 19 77 67 32 21 44 43 76 49 
33 29 45 22 40 33 45 78 31 44 69 44 84 21 41 0 39 91 56 85 72 88 70 25 59 43 43 50 47 67 38 60 69 54 7 34 47 72 71 61 34 41 28 75 67 92 80 52 66 64 64 41 76 9 92 51 11 11 15 28 10 76 37 33 98 68 46 68 63 85 63 57 65 38 18 62 34 26 86 75 
42 30 27 54 59 38 38 43 59 36 34 38 45 25 41 39 0 79 33 47 54 68 42 35 20 44 47 46 23 45 37 22 31 20 32 13 60 44 62 31 10 33 14 43 30 80 45 16 40 26 40 47 63 49 54 38 49 51 53 19 32 63 34 28 60 47 28 33 25 45 30 43 36 34 48 51 67 16 46 41 
58 104 53 83 63 58 46 57 77 114 102 47 92 73 49 91 79 0 111 75 25 21 43 66 72 121 123 41 102 35 113 68 70 96 87 90 54 42 20 107 88 110 74 51 96 1 59 90 42 71 42 122 16 96 74 42 90 96 92 94 82 16 110 60 84 33 52 60 70 93 57 37 111 111 80 30 87 88 89 55 
72 28 60 77 88 69 71 67 84 18 23 71 48 52 74 56 33 111 0 61 86 98 72 64 43 28 31 79 10 77 25 46 50 17 51 26 91 73 95 10 27 18 44 68 25 112 67 22 71 46 71 33 95 64 68 72 67 66 71 28 54 95 23 60 69 79 61 58 46 47 57 76 11 23 71 84 89 33 52 66 
74 74 50 96 92 70 62 19 98 74 40 62 19 67 68 85 47 75 61 0 54 55 35 73 27 85 87 66 57 45 79 26 16 45 78 57 89 35 69 51 55 72 58 25 36 75 16 42 38 21 40 88 64 95 7 56 94 96 97 65 77 63 75 62 13 47 50 21 23 20 27 55 53 76 90 61 108 63 15 22 
42 81 30 69 54 41 28 35 65 90 78 28 69 53 33 72 54 25 86 54 0 17 19 48 47 97 99 26 78 10 90 43 46 71 67 66 47 19 16 82 64 87 51 29 72 26 38 65 18 46 17 99 11 78 55 21 74 79 77 70 63 9 87 40 64 8 29 36 46 70 33 15 86 88 65 13 77 64 66 32 
59 96 45 86 70 57 44 38 81 104 86 45 72 69 50 88 68 21 98 55 17 0 26 65 56 112 114 42 90 22 104 52 52 81 83 80 62 25 26 92 77 100 67 33 80 21 39 76 27 54 28 113 19 95 54 37 90 95 93 85 79 17 101 56 63 21 44 42 54 74 41 32 96 102 82 29 93 79 69 36 
47 72 25 73 63 44 32 17 71 78 60 32 50 49 39 70 42 43 72 35 19 26 0 49 30 87 89 34 64 10 79 26 27 55 63 55 57 2 34 66 52 75 44 11 54 43 20 49 4 28 6 89 30 78 37 24 74 78 78 60 60 28 76 38 47 12 25 17 28 51 15 22 69 77 67 26 82 56 47 14 
10 44 24 24 24 9 21 61 25 58 69 20 77 12 17 25 35 66 64 73 48 65 49 0 48 61 62 25 54 45 54 48 57 55 21 38 27 51 46 65 37 54 21 57 65 67 64 50 45 53 43 60 51 30 78 28 26 30 29 37 16 52 52 11 86 45 25 53 51 78 47 33 69 53 18 38 35 31 77 57 
51 49 29 70 70 47 42 25 73 52 31 42 29 41 47 59 20 72 43 27 47 56 30 48 0 62 64 48 36 37 55 4 11 26 51 32 68 31 58 36 29 49 31 26 25 72 26 20 29 6 30 65 57 68 34 38 67 69 71 39 50 56 52 38 40 39 29 15 5 30 15 41 40 52 64 48 82 36 29 23 
70 17 68 65 81 68 76 87 74 11 51 75 75 50 75 43 44 121 28 85 97 112 87 61 62 0 2 82 28 89 7 65 72 40 41 32 87 89 102 38 34 13 47 87 52 122 88 43 85 67 84 5 105 48 92 79 53 50 55 27 46 105 11 62 95 91 69 77 66 74 74 84 39 10 61 91 75 33 78 85 
72 18 70 65 82 70 77 89 75 13 53 77 77 51 77 43 47 123 31 87 99 114 89 62 64 2 0 84 30 91 9 67 74 42 42 34 88 91 103 40 37 16 48 89 55 123 90 45 87 69 86 3 106 48 95 80 53 50 55 29 47 106 13 64 97 93 71 79 68 77 76 86 41 12 61 93 76 35 80 87 
17 66 20 44 29 17 7 50 40 77 77 8 76 33 8 50 46 41 79 66 26 42 34 25 48 82 84 0 69 26 75 46 53 66 46 54 23 35 21 77 52 74 36 44 71 42 53 60 30 51 28 83 26 55 70 11 50 55 52 56 41 27 72 20 79 25 19 45 50 77 40 13 81 73 40 13 51 50 75 46 
62 22 50 68 78 59 61 60 75 17 25 61 47 42 64 47 23 102 10 57 78 90 64 54 36 28 30 69 0 68 22 39 45 12 42 16 81 65 85 13 17 15 33 61 25 103 62 16 62 40 62 32 86 56 64 62 59 58 62 19 44 86 20 50 67 70 51 51 40 47 50 67 17 20 62 74 80 24 50 59 
41 73 23 67 55 38 25 27 65 81 67 26 59 47 32 67 45 35 77 45 10 22 10 45 37 89 91 26 68 0 82 33 36 61 61 58 49 10 24 72 55 78 44 20 62 36 30 55 8 36 7 91 21 74 46 18 70 75 74 62 57 20 79 35 56 3 22 26 35 60 23 14 76 79 63 17 76 57 57 23 
64 10 60 60 75 61 68 80 69 7 46 68 69 43 68 38 37 113 25 79 90 104 79 54 55 7 9 75 22 82 0 58 65 34 36 25 81 81 95 34 27 8 39 79 47 114 81 37 77 60 76 10 97 44 86 71 49 46 51 20 40 97 3 55 89 84 62 70 59 69 67 77 36 3 56 84 71 26 73 78 
50 52 27 70 68 46 40 22 73 55 34 40 30 41 46 60 22 68 46 26 43 52 26 48 4 65 67 46 39 33 58 0 10 29 52 34 67 27 55 40 32 52 32 22 28 69 23 24 26 5 27 68 54 69 32 36 68 70 72 41 51 53 55 37 39 36 28 12 4 32 11 38 43 55 64 45 82 38 30 20 
59 60 35 80 77 55 48 17 82 62 34 48 23 51 54 69 31 70 50 16 46 52 27 57 11 72 74 53 45 36 65 10 0 34 62 43 75 28 60 42 40 59 42 20 28 70 17 29 29 5 30 75 57 79 22 43 77 80 81 50 61 56 62 47 29 39 36 10 7 25 14 44 45 62 74 50 92 47 22 17 
62 32 46 72 79 58 58 50 78 29 15 58 35 44 62 54 20 96 17 45 71 81 55 55 26 40 42 66 12 61 34 29 34 0 47 20 80 57 80 11 20 27 34 52 14 96 51 6 54 30 54 44 80 63 52 57 65 65 68 26 49 79 31 49 55 63 47 41 29 35 40 61 16 31 66 69 85 28 38 49 
30 26 38 26 40 29 40 71 34 40 63 39 77 14 37 7 32 87 51 78 67 83 63 21 51 41 42 46 42 61 36 52 62 47 0 28 46 65 66 55 28 38 21 68 60 88 73 45 60 57 58 40 71 17 84 46 17 18 21 23 5 72 34 27 91 62 39 61 56 78 56 52 59 35 20 57 38 19 79 68 
46 18 37 53 62 43 47 56 59 24 35 46 52 26 48 34 13 90 26 57 66 80 55 38 32 32 34 54 16 58 25 34 43 20 28 0 65 57 72 28 3 20 18 55 33 91 58 18 53 37 52 34 74 43 65 49 45 45 48 7 29 74 21 35 69 59 38 46 36 52 43 54 32 22 47 61 65 8 55 54 
19 71 40 31 9 22 27 73 23 85 94 27 97 39 21 47 60 54 91 89 47 62 57 27 68 87 88 23 81 49 81 67 75 80 46 65 0 59 36 91 63 82 47 67 89 55 76 76 54 72 51 86 44 48 92 33 41 47 42 64 41 45 79 32 102 48 39 68 70 98 62 36 95 80 31 34 33 58 96 69 
49 74 27 74 64 45 33 17 73 80 61 34 50 51 40 72 44 42 73 35 19 25 2 51 31 89 91 35 65 10 81 27 28 57 65 57 59 0 34 67 54 77 46 10 55 42 19 51 6 29 8 91 30 79 36 26 76 80 80 62 62 28 78 40 46 13 26 18 29 51 16 23 71 79 69 27 84 57 47 13 
38 85 35 63 45 37 27 50 57 96 89 27 83 53 29 71 62 20 95 69 16 26 34 46 58 102 103 21 85 24 95 55 60 80 66 72 36 34 0 91 70 92 55 44 83 21 53 74 31 59 30 102 8 75 70 24 70 75 72 75 62 10 92 40 80 21 34 50 58 84 46 19 95 92 60 11 68 69 80 47 
72 35 57 80 89 69 69 59 87 27 13 69 38 53 73 61 31 107 10 51 82 92 66 65 36 38 40 77 13 72 34 40 42 11 55 28 91 67 91 0 28 26 44 61 16 107 59 17 65 39 65 42 91 69 59 69 72 71 75 32 57 91 32 60 60 74 58 51 39 37 51 73 4 31 75 81 93 36 42 59 
45 20 35 52 61 41 45 53 59 27 35 44 51 25 47 34 10 88 27 55 64 77 52 37 29 34 37 52 17 55 27 32 40 20 28 3 63 54 70 28 0 23 16 53 32 88 55 17 50 35 49 37 72 44 62 46 45 46 49 9 29 71 24 33 68 57 36 43 34 51 40 51 33 24 47 59 65 9 53 51 
64 12 58 63 77 61 67 74 72 4 39 66 62 43 67 41 33 110 18 72 87 100 75 54 49 13 16 74 15 78 8 52 59 27 38 20 82 77 92 26 23 0 37 74 39 111 75 30 73 54 72 17 94 48 79 69 53 51 55 18 41 94 6 54 82 80 59 64 53 62 62 74 28 5 58 81 75 24 65 72 
29 30 22 40 45 25 29 50 45 41 48 29 58 10 30 28 14 74 44 58 51 67 44 21 31 47 48 36 33 44 39 32 42 34 21 18 47 46 55 44 16 37 0 48 44 75 53 29 41 37 40 47 58 37 64 32 36 38 40 20 19 58 36 17 71 46 23 41 35 59 36 38 48 37 34 45 53 13 59 47 
55 73 32 80 72 52 41 6 80 77 54 41 40 54 48 75 43 51 68 25 29 33 11 57 26 87 89 44 61 20 79 22 20 52 68 55 67 10 44 61 53 74 48 0 48 52 9 46 14 22 16 89 40 83 26 34 81 84 84 62 65 38 76 45 36 23 32 11 22 42 13 32 65 77 75 37 91 57 37 3 
71 46 51 84 88 67 64 45 89 41 6 64 22 54 69 67 30 96 25 36 72 80 54 65 25 52 55 71 25 62 47 28 28 14 60 33 89 55 83 16 32 39 44 48 0 97 45 15 54 26 55 56 82 76 43 62 77 78 81 39 61 81 44 57 44 64 52 38 26 22 39 65 18 44 78 73 97 41 26 45 
59 105 54 84 65 59 47 57 78 115 103 48 92 74 51 92 80 1 112 75 26 21 43 67 72 122 123 42 103 36 114 69 70 96 88 91 55 42 21 107 88 111 75 52 97 0 59 90 43 71 42 122 17 97 74 43 91 97 94 94 83 17 111 61 84 33 53 60 71 93 58 37 111 112 81 31 88 88 89 55 
63 75 40 88 80 60 49 3 88 78 50 50 33 60 56 80 45 59 67 16 38 39 20 64 26 88 90 53 62 30 81 23 17 51 73 58 76 19 53 59 55 75 53 9 45 59 0 46 23 21 25 91 48 89 17 43 87 90 91 64 71 47 78 53 27 32 39 12 22 35 17 41 62 78 82 46 98 61 30 7 
57 33 40 69 74 53 53 45 74 33 19 53 34 40 56 52 16 90 22 42 65 76 49 50 20 43 45 60 16 55 37 24 29 6 45 18 76 51 74 17 17 30 29 46 15 90 46 0 48 25 49 47 74 61 49 52 62 63 66 25 46 74 34 44 53 57 41 36 24 34 35 56 21 34 63 63 82 26 37 44 
43 69 21 69 59 40 28 20 67 76 60 28 51 45 35 66 40 42 71 38 18 27 4 45 29 85 87 30 62 8 77 26 29 54 60 53 54 6 31 65 50 73 41 14 54 43 23 48 0 29 2 86 28 74 40 20 70 75 74 58 56 27 74 35 50 10 21 19 28 53 15 18 69 75 64 23 78 53 49 17 
56 55 32 76 74 52 45 20 78 57 32 45 25 46 51 64 26 71 46 21 46 54 28 53 6 67 69 51 40 36 60 5 5 30 57 37 72 29 59 39 35 54 37 22 26 71 21 25 29 0 30 70 57 73 28 41 73 75 76 44 56 56 57 43 34 39 33 12 2 27 14 42 42 57 70 49 88 42 25 20 
41 68 20 67 56 38 25 22 65 76 61 26 53 44 32 64 40 42 71 40 17 28 6 43 30 84 86 28 62 7 76 27 30 54 58 52 51 8 30 65 49 72 40 16 55 42 25 49 2 30 0 86 27 72 42 18 68 73 72 57 54 26 73 33 52 9 19 20 29 54 16 16 69 74 61 21 76 52 51 19 
70 17 69 62 80 68 76 89 72 15 55 75 79 50 75 41 47 122 33 88 99 113 89 60 65 5 3 83 32 91 10 68 75 44 40 34 86 91 102 42 37 17 47 89 56 122 91 47 86 70 86 0 105 45 96 79 51 47 52 29 45 106 13 62 99 92 70 79 69 78 77 85 44 13 59 92 73 34 82 87 
44 88 37 70 52 43 31 46 65 98 88 32 79 58 35 76 63 16 95 64 11 19 30 51 57 105 106 26 86 21 97 54 57 80 71 74 44 30 8 91 72 94 58 40 82 17 48 74 28 57 27 105 0 81 65 26 76 81 79 77 67 2 94 44 75 18 36 47 56 81 43 20 95 95 66 14 76 71 77 43 
38 36 52 19 39 38 51 86 29 50 78 50 94 29 46 9 49 96 64 95 78 95 78 30 68 48 48 55 56 74 44 69 79 63 17 43 48 79 75 69 44 48 37 83 76 97 89 61 74 73 72 45 81 0 101 58 7 2 8 37 18 82 43 40 108 75 53 77 72 94 72 63 73 44 17 68 28 35 95 83 
79 82 54 101 96 75 65 20 103 82 47 66 24 73 72 92 54 74 68 7 55 54 37 78 34 92 95 70 64 46 86 32 22 52 84 65 92 36 70 59 62 79 64 26 43 74 17 49 40 28 42 96 65 101 0 59 100 102 103 72 83 63 83 67 10 49 54 25 29 25 31 58 60 83 96 63 113 70 20 24 
23 62 12 50 38 20 8 40 47 72 68 8 66 32 14 51 38 42 72 56 21 37 24 28 38 79 80 11 62 18 71 36 43 57 46 49 33 26 24 69 46 69 32 34 62 43 43 52 20 41 18 79 26 58 59 0 53 58 56 52 41 26 68 19 68 18 11 35 39 67 29 6 73 69 45 13 58 45 65 36 
32 41 49 12 33 33 46 84 22 55 80 45 94 27 41 11 49 90 67 94 74 90 74 26 67 53 53 50 59 70 49 68 77 65 17 45 41 76 70 72 45 53 36 81 77 91 87 62 70 73 68 51 76 7 100 53 0 6 4 40 17 77 48 36 107 71 50 75 71 94 70 59 76 49 11 62 22 37 95 81 
37 39 53 17 38 38 51 88 27 52 80 50 95 30 46 11 51 96 66 96 79 95 78 30 69 50 50 55 58 75 46 70 80 65 18 45 47 80 75 71 46 51 38 84 78 97 90 63 75 75 73 47 81 2 102 58 6 0 6 39 19 82 46 40 109 75 54 79 74 96 73 64 75 46 16 68 26 37 97 84 
35 43 53 12 34 36 49 88 22 57 84 48 98 31 44 15 53 92 71 97 77 93 78 29 71 55 55 52 62 74 51 72 81 68 21 48 42 80 72 75 49 55 40 84 81 94 91 66 74 76 72 52 79 8 103 56 4 6 0 43 21 79 51 39 111 74 53 79 75 98 73 62 79 51 12 65 20 40 99 84 
46 11 41 49 60 43 49 62 56 21 41 48 59 25 50 28 19 94 28 65 70 85 60 37 39 27 29 56 19 62 20 41 50 26 23 7 64 62 75 32 9 18 20 62 39 94 64 25 58 44 57 29 77 37 72 52 40 39 43 0 25 77 17 36 77 64 42 52 43 59 49 57 36 18 43 64 61 6 62 60 
26 30 35 23 36 25 36 68 31 44 64 35 77 11 33 10 32 82 54 77 63 79 60 16 50 46 47 41 44 57 40 51 61 49 5 29 41 62 62 57 29 41 19 65 61 83 71 46 56 56 54 45 67 18 83 41 17 19 21 25 0 67 38 23 90 58 36 59 54 77 54 47 61 39 18 53 36 21 78 65 
45 88 37 71 53 44 31 44 66 98 87 32 78 58 36 76 63 16 95 63 9 17 28 52 56 105 106 27 86 20 97 53 56 79 72 74 45 28 10 91 71 94 58 38 81 17 47 74 27 56 26 106 2 82 63 26 77 82 79 77 67 0 94 45 73 17 36 46 55 79 42 21 95 95 67 14 77 71 75 41 
61 8 57 59 74 59 66 76 68 7 44 65 66 41 66 37 34 110 23 75 87 101 76 52 52 11 13 72 20 79 3 55 62 31 34 21 79 78 92 32 24 6 36 76 44 111 78 34 74 57 73 13 94 43 83 68 48 46 51 17 38 94 0 52 86 80 59 66 56 66 64 74 34 1 54 81 70 23 70 74 
14 45 13 35 32 10 14 50 36 57 62 13 67 13 14 33 28 60 60 62 40 56 38 11 38 62 64 20 50 35 55 37 47 49 27 35 32 40 40 60 33 54 17 45 57 61 53 44 35 43 33 62 44 40 67 19 36 40 39 36 23 45 52 0 75 35 14 42 41 68 36 24 64 53 29 30 46 30 67 46 
88 86 63 109 105 84 75 30 111 84 47 75 22 80 81 98 60 84 69 13 64 63 47 86 40 95 97 79 67 56 89 39 29 55 91 69 102 46 80 60 68 82 71 36 44 84 27 53 50 34 52 99 75 108 10 68 107 109 111 77 90 73 86 75 0 59 63 34 36 23 40 67 60 86 103 73 121 75 18 33 
41 75 24 67 54 38 25 29 64 83 70 26 62 48 31 68 47 33 79 47 8 21 12 45 39 91 93 25 70 3 84 36 39 63 62 59 48 13 21 74 57 80 46 23 64 33 32 57 10 39 9 92 18 75 49 18 71 75 74 64 58 17 80 35 59 0 23 29 38 63 25 13 78 81 63 15 76 58 59 26 
24 53 1 49 42 21 13 36 48 62 58 13 58 25 18 46 28 52 61 50 29 44 25 25 29 69 71 19 51 22 62 28 36 47 39 38 39 26 34 58 36 59 23 32 52 53 39 41 21 33 19 70 36 53 54 11 50 54 53 42 36 36 59 14 63 23 0 29 31 59 23 15 63 59 43 23 59 36 57 33 
54 63 29 77 71 50 41 10 78 67 44 41 33 49 47 68 33 60 58 21 36 42 17 53 15 77 79 45 51 26 70 12 10 41 61 46 68 18 50 51 43 64 41 11 38 60 12 36 19 12 20 79 47 77 25 35 75 79 79 52 59 46 66 42 34 29 29 0 12 34 6 35 54 67 71 41 88 49 31 8 
54 54 31 74 72 50 44 21 77 56 32 44 27 44 49 63 25 70 46 23 46 54 28 51 5 66 68 50 40 35 59 4 7 29 56 36 70 29 58 39 34 53 35 22 26 71 22 24 28 2 29 69 56 72 29 39 71 74 75 43 54 55 56 41 36 38 31 12 0 28 13 41 42 56 68 48 86 41 26 20 
81 67 59 99 100 77 72 36 103 64 25 72 2 69 77 85 45 93 47 20 70 74 51 78 30 74 77 77 47 60 69 32 25 35 78 52 98 51 84 37 51 62 59 42 22 93 35 34 53 27 54 78 81 94 25 67 94 96 98 59 77 79 66 68 23 63 59 34 28 0 39 68 38 66 93 75 112 60 6 38 
47 60 23 71 65 44 35 15 71 65 45 35 37 43 41 63 30 57 57 27 33 41 15 47 15 74 76 40 50 23 67 11 14 40 56 43 62 16 46 51 40 62 36 13 39 58 17 35 15 14 16 77 43 72 31 29 70 73 73 49 54 42 64 36 40 25 23 6 13 39 0 29 54 64 65 36 82 45 36 12 
28 68 17 55 42 26 13 38 52 78 71 13 67 38 19 57 43 37 76 55 15 32 22 33 41 84 86 13 67 14 77 38 44 61 52 54 36 23 19 73 51 74 38 32 65 37 41 56 18 42 16 85 20 63 58 6 59 64 62 57 47 21 74 24 67 13 15 35 41 68 29 0 77 75 50 8 63 51 65 34 
77 38 61 84 93 73 74 62 91 29 13 74 39 58 77 65 36 111 11 53 86 96 69 69 40 39 41 81 17 76 36 43 45 16 59 32 95 71 95 4 33 28 48 65 18 111 62 21 69 42 69 44 95 73 60 73 76 75 79 36 61 95 34 64 60 78 63 54 42 38 54 77 0 34 79 85 97 40 43 62 
62 9 58 60 74 60 66 77 68 6 44 66 67 41 67 38 34 111 23 76 88 102 77 53 52 10 12 73 20 79 3 55 62 31 35 22 80 79 92 31 24 5 37 77 44 112 78 34 75 57 74 13 95 44 83 69 49 46 51 18 39 95 1 53 86 81 59 67 56 66 64 75 34 0 55 82 71 24 70 75 
23 46 43 6 22 25 38 79 13 61 81 37 92 24 32 18 48 80 71 90 65 82 67 18 64 61 61 40 62 63 56 64 74 66 20 47 31 69 60 75 47 58 34 75 78 81 82 63 64 70 61 59 66 17 96 45 11 16 12 43 18 67 54 29 103 63 43 71 68 93 65 50 79 55 0 53 19 39 93 75 
31 75 24 57 41 29 17 43 53 85 78 18 74 44 21 62 51 30 84 61 13 29 26 38 48 91 93 13 74 17 84 45 50 69 57 61 34 27 11 81 59 81 45 37 73 31 46 63 23 49 21 92 14 68 63 13 62 68 65 64 53 14 81 30 73 15 23 41 48 75 36 8 85 82 53 0 64 58 72 40 
36 63 59 13 24 39 51 95 11 77 100 50 111 43 44 34 67 87 89 108 77 93 82 35 82 75 76 51 80 76 71 82 92 85 38 65 33 84 68 93 65 75 53 91 97 88 98 82 78 88 76 73 76 28 113 58 22 26 20 61 36 77 70 46 121 76 59 88 86 112 82 63 97 71 19 64 0 57 112 92 
40 17 35 44 54 37 43 59 51 28 43 42 59 19 43 26 16 88 33 63 64 79 56 31 36 33 35 50 24 57 26 38 47 28 19 8 58 57 69 36 9 24 13 57 41 88 61 26 53 42 52 34 71 35 70 45 37 37 40 6 21 71 23 30 75 58 36 49 41 60 45 51 40 24 39 58 57 0 61 56 
80 70 57 99 98 76 70 32 102 67 29 70 4 69 76 86 46 89 52 15 66 69 47 77 29 78 80 75 50 57 73 30 22 38 79 55 96 47 80 42 53 65 59 37 26 89 30 37 49 25 51 82 77 95 20 65 95 97 99 62 78 75 70 67 18 59 57 31 26 6 36 65 43 70 93 72 112 61 0 34 
57 71 33 81 74 53 43 4 81 75 51 43 37 54 49 75 41 55 66 22 32 36 14 57 23 85 87 46 59 23 78 20 17 49 68 54 69 13 47 59 51 72 47 3 45 55 7 44 17 20 19 87 43 83 24 36 81 84 84 60 65 41 74 46 33 26 33 8 20 38 12 34 62 75 75 40 92 56 34 0 
0 0 37 0 1464 56 0 0 120 0 0 28 734 8 279 3000 249 419 0 550 0 547 40 764 0 80 206 0 11 16 0 0 208 0 0 69 0 612 0 0 21 0 367 34 0 0 30 41 465 438 59 0 25 838 377 176 0 1101 0 33 556 3000 0 0 3000 26 51 0 897 698 51 0 55 752 15 0 0 213 0 0 
0 0 588 1094 43 3000 28 401 598 389 125 8 399 9 419 19 117 90 25 0 963 610 334 42 22 382 13 1926 0 14 1195 147 258 8 28 3000 0 0 794 399 60 45 0 58 0 104 10 0 0 1056 58 21 449 726 32 25 66 163 48 50 8 19 241 61 102 651 639 392 1141 160 0 9 0 36 44 736 13 0 965 33 
37 588 0 0 69 13 392 13 61 178 359 266 16 233 105 166 199 210 0 174 11 111 1636 102 54 144 28 42 71 45 0 132 112 110 19 135 105 14 24 26 2567 46 12 0 403 206 501 56 47 1624 176 22 47 895 13 15 0 10 8 2194 1847 13 154 0 47 121 3000 0 353 21 67 273 45 220 381 0 8 73 0 0 
0 1094 0 0 151 41 26 8 8 158 183 270 0 561 19 0 489 824 22 0 129 3000 498 0 41 342 197 602 0 14 65 100 766 7 33 392 0 0 314 154 7 46 0 90 0 60 106 0 0 271 0 43 422 387 78 561 75 0 32 0 466 33 133 15 24 643 71 1071 315 282 0 66 0 29 24 256 1086 0 17 525 
1464 43 69 151 0 10 167 0 99 328 275 8 50 18 299 377 39 8 1103 44 21 21 37 33 0 134 373 76 118 650 8 32 25 1848 95 147 0 0 1979 78 24 0 744 62 0 0 162 0 141 669 33 293 22 17 609 33 0 62 616 0 555 536 0 355 36 102 1128 83 130 28 7 1188 47 1767 1325 16 0 0 7 15 
56 3000 13 41 10 0 279 14 249 473 7 227 7 698 96 44 106 217 17 162 371 183 58 209 17 31 532 13 25 155 152 15 96 50 81 26 907 66 68 403 124 63 17 13 491 15 62 22 363 279 70 35 131 75 52 906 0 20 649 13 83 114 57 0 3000 12 29 10 384 315 36 155 115 119 21 894 20 171 1214 0 
0 28 392 26 167 279 0 248 78 53 55 2342 63 148 12 47 28 190 10 0 65 2009 117 225 46 637 14 25 17 64 25 95 275 803 10 1589 128 11 649 2568 104 610 16 30 3000 11 70 11 0 25 15 14 10 633 790 8 91 89 20 83 12 215 30 11 978 318 1476 1012 18 760 0 920 195 21 326 590 49 3000 23 12 
0 401 13 8 0 14 248 0 0 0 45 0 0 110 153 39 0 222 17 0 546 0 0 0 382 104 152 9 0 450 39 17 0 1941 916 175 29 26 126 26 0 459 0 0 122 85 170 51 0 8 329 47 76 139 14 0 853 7 118 538 0 755 38 0 103 0 753 0 0 52 0 681 0 534 10 0 61 3000 765 0 
120 598 61 8 99 249 78 0 0 2198 242 9 239 1812 34 224 1301 13 40 121 154 558 31 463 65 359 186 943 54 103 148 20 1041 53 1717 753 0 0 31 21 222 9 144 122 0 140 46 0 26 22 18 294 3000 2235 116 164 890 33 13 1739 607 658 15 290 65 102 10 58 41 112 850 1059 49 15 44 301 115 0 15 165 
0 389 178 158 328 473 53 0 2198 0 257 29 25 251 143 0 91 225 1437 11 71 262 166 59 0 8 26 97 0 372 64 57 378 120 124 53 0 0 111 33 75 14 0 18 0 0 104 0 0 1497 9 8 1412 148 22 541 0 167 86 0 24 1331 0 69 41 179 32 13 113 248 0 554 0 38 18 1319 0 0 122 18 
0 125 359 183 275 7 55 45 242 257 0 145 388 148 28 10 43 221 11 0 1709 252 144 9 106 150 441 552 647 889 71 230 10 410 20 8 1052 391 109 66 3000 1993 9 0 174 91 62 14 0 628 3000 232 29 328 46 99 820 9 48 28 90 190 346 0 220 25 671 274 0 527 0 3000 134 100 212 1876 272 21 20 0 
28 8 266 270 8 227 2342 0 9 29 145 0 101 368 603 247 53 114 38 91 24 83 9 33 37 25 3000 295 190 815 224 9 495 501 22 15 0 0 733 43 1433 188 51 251 0 88 153 0 211 16 150 115 20 3000 70 140 0 37 11 218 7 15 25 76 14 99 110 19 16 398 56 425 41 1119 19 49 20 118 33 104 
734 399 16 0 50 7 63 0 239 25 388 101 0 18 25 836 64 2549 0 14 0 3000 1185 661 0 800 198 1033 82 161 0 17 349 1417 68 34 0 65 0 179 126 0 34 3000 0 0 890 0 38 200 85 0 754 672 2390 3000 0 20 176 0 76 19 0 384 142 60 37 895 25 561 153 0 40 36 1821 0 0 1174 0 616 
8 9 233 561 18 698 148 110 1812 251 148 368 18 0 827 28 106 151 83 20 734 46 776 11 3000 145 712 17 319 9 323 8 39 2989 119 7 54 62 490 258 584 573 16 0 35 792 17 1349 130 12 256 36 9 104 293 2712 279 74 739 84 203 758 68 0 8 1366 103 402 231 242 15 81 2685 37 154 23 344 253 115 0 
279 419 105 19 299 96 12 153 34 143 28 603 25 827 0 24 262 11 16 3000 439 2037 991 221 850 32 281 258 105 176 107 22 8 58 15 212 33 509 169 3000 45 13 150 332 92 585 55 97 0 69 208 17 1945 7 1003 1135 121 315 3000 28 28 11 36 51 98 3000 594 56 81 166 217 10 65 17 211 2015 2932 37 222 54 
3000 19 166 0 377 44 47 39 224 0 10 247 836 28 24 0 18 387 0 280 1517 22 74 118 1252 294 69 263 16 932 0 301 951 1279 12 69 14 91 189 1473 27 234 3000 0 11 249 13 1141 41 152 9 1340 127 80 134 301 0 148 251 48 632 1062 0 0 1047 68 252 0 0 74 1093 70 2583 47 36 0 85 43 0 0 
249 117 199 489 39 106 28 0 1301 91 43 53 64 106 262 18 0 88 283 35 110 23 130 14 98 619 1013 65 240 45 645 66 16 17 170 59 0 0 305 91 3000 501 95 323 0 18 99 0 18 426 186 24 8 28 225 536 0 17 106 30 1007 21 0 332 101 216 91 195 971 39 43 711 187 185 1528 2375 0 0 33 184 
419 90 210 824 8 217 190 222 13 225 221 114 2549 151 11 387 88 0 45 40 59 52 283 330 353 286 87 213 12 23 550 431 16 8 29 761 1102 97 17 62 179 0 64 76 0 222 112 202 11 368 50 7 583 17 53 550 0 28 898 10 823 848 0 460 113 11 702 22 356 283 3000 9 16 51 36 168 66 31 175 211 
0 25 0 22 1103 17 10 17 40 1437 11 38 0 83 16 0 283 45 0 0 136 90 291 0 66 298 22 40 0 3000 824 690 2127 17 7 373 0 0 88 26 2253 390 0 2155 0 1320 179 0 0 103 0 87 1646 37 35 90 252 0 1095 0 17 16 105 1487 87 44 9 7 141 947 0 97 0 14 45 16 598 0 41 175 
550 0 174 0 44 162 0 0 121 11 0 91 14 20 3000 280 35 40 0 0 0 60 34 2266 0 115 58 0 147 150 0 0 202 0 0 69 0 1130 0 0 300 0 434 573 0 0 1234 28 1155 3000 92 0 14 17 8 68 0 59 0 654 58 9 0 0 23 524 8 0 45 287 581 0 399 234 475 0 0 1627 0 0 
0 963 11 129 21 371 65 546 154 71 1709 24 0 734 439 1517 110 59 136 0 0 0 0 0 12 94 26 148 0 691 10 3000 0 623 71 85 79 0 327 16 0 44 0 0 94 104 82 13 0 151 0 17 9 127 22 0 287 720 45 87 0 74 1694 0 649 0 383 86 0 428 0 1079 0 516 53 3000 1012 200 2402 0 
547 610 111 3000 21 183 2009 0 558 262 252 83 3000 46 2037 22 23 52 90 60 0 0 1862 352 0 1073 2622 9 157 7 46 139 70 76 35 14 0 0 23 255 340 0 39 30 0 67 31 0 53 140 122 0 2735 310 18 103 0 335 250 0 469 16 0 171 7 762 204 3000 13 373 193 43 250 136 98 30 0 0 527 105 
40 334 1636 498 37 58 117 0 31 166 144 9 1185 776 991 74 130 283 291 34 0 1862 0 987 0 82 191 53 97 258 19 170 1241 26 10 14 0 0 25 22 463 0 196 3000 0 0 171 0 63 3000 1096 0 32 399 2111 18 0 11 1586 0 103 72 0 2166 127 414 91 185 11 17 36 0 2348 33 352 20 0 0 26 280 
764 42 102 0 33 209 225 0 463 59 9 33 661 11 221 118 14 330 0 2266 0 352 987 0 0 187 123 1574 9 47 0 27 251 405 20 160 0 263 11 553 507 0 52 12 0 15 68 45 63 164 71 0 812 462 54 219 0 14 7 91 52 9 0 17 11 864 21 31 1789 38 72 0 50 424 142 18 0 143 0 1035 
0 22 54 41 0 17 46 382 65 0 106 37 0 3000 850 1252 98 353 66 0 12 0 0 0 0 1038 87 14 139 12 0 301 0 1126 3000 306 54 42 485 17 0 62 196 0 1242 115 1923 64 0 11 103 131 11 27 756 0 54 435 644 511 0 78 245 0 63 0 53 0 0 1059 0 1247 46 264 3000 0 3000 235 235 0 
80 382 144 342 134 31 637 104 359 8 150 25 800 145 32 294 619 286 298 115 94 1073 82 187 1038 0 648 217 21 9 0 416 303 86 44 152 212 1163 67 3000 648 8 18 0 3000 78 56 824 0 1099 8 43 322 108 17 259 2103 499 70 11 33 9 202 0 699 1449 57 14 0 216 3000 31 497 561 16 0 232 58 1821 0 
206 13 28 197 373 532 14 152 186 26 441 3000 198 712 281 69 1013 87 22 58 26 2622 191 123 87 648 0 56 25 11 31 696 23 9 16 458 33 92 71 169 10 0 8 274 664 20 63 440 2169 133 192 60 107 781 77 636 0 647 265 2860 562 57 0 17 96 358 8 814 127 41 83 291 87 10 61 155 29 1235 34 24 
0 1926 42 602 76 13 25 9 943 97 552 295 1033 17 258 263 65 213 40 0 148 9 53 1574 14 217 56 0 282 217 638 210 68 71 9 38 157 332 60 115 8 137 477 199 101 162 997 8 0 1861 355 29 20 39 1812 9 10 171 57 8 48 36 159 1557 165 119 44 38 8 1225 0 193 2180 8 55 151 25 390 94 31 
11 0 71 0 118 25 17 0 54 0 647 190 82 319 105 16 240 12 0 147 0 157 97 9 139 21 25 282 0 136 0 0 714 15 52 88 30 3000 16 0 1919 0 651 0 269 9 224 22 207 95 34 0 36 54 489 43 0 440 234 21 378 99 0 0 8 331 1141 0 0 503 606 0 36 3000 39 0 215 12 0 0 
16 14 45 14 650 155 64 450 103 372 889 815 161 9 176 932 45 23 3000 150 691 7 258 47 12 9 11 217 136 0 27 1142 771 1699 10 24 0 475 9 367 769 398 3000 1471 0 22 294 10 29 131 29 34 10 142 748 149 0 547 47 637 30 81 470 17 16 498 96 472 369 24 8 95 53 30 29 118 235 38 218 12 
0 1195 0 65 8 152 25 39 148 64 71 224 0 323 107 0 645 550 824 0 10 46 19 0 0 0 31 638 0 27 0 35 1577 100 16 8 0 0 276 505 12 22 0 102 0 0 16 0 0 109 0 154 292 28 58 3000 2876 0 166 0 208 123 66 23 2685 109 148 24 2884 1199 0 24 0 0 12 601 0 0 22 881 
0 147 132 100 32 15 95 17 20 57 230 9 17 8 22 301 66 431 690 0 3000 139 170 27 301 416 696 210 0 1142 35 0 603 26 103 9 0 0 19 7 79 360 1198 11 0 2069 709 0 0 294 414 56 3000 126 16 113 51 383 190 46 581 18 108 671 123 23 11 1628 257 197 0 1203 0 1712 343 164 11 0 184 10 
208 258 112 766 25 96 275 0 1041 378 10 495 349 39 8 951 16 16 2127 202 0 70 1241 251 0 303 23 68 714 771 1577 603 0 366 53 17 0 0 86 298 478 0 331 19 0 0 69 0 41 223 166 0 9 18 18 760 0 11 279 0 591 433 0 17 53 17 231 20 106 12 29 110 24 167 60 186 0 0 61 80 
0 8 110 7 1848 50 803 1941 53 120 410 501 1417 2989 58 1279 17 8 17 0 623 76 26 405 1126 86 9 71 15 1699 100 26 366 0 187 27 542 445 11 109 201 52 8 440 374 9 138 103 0 30 52 40 947 431 310 1537 466 21 617 112 414 166 104 183 46 318 38 149 1918 44 0 16 154 2099 18 98 49 477 881 615 
0 28 19 33 95 81 10 916 1717 124 20 22 68 119 15 12 170 29 7 0 71 35 10 20 3000 44 16 9 52 10 16 103 53 187 0 60 246 15 126 375 621 23 46 21 79 35 33 61 0 14 207 286 27 27 86 63 65 127 149 52 1016 42 18 504 15 400 78 3000 499 345 0 684 60 22 1042 23 22 38 17 19 
69 3000 135 392 147 26 1589 175 753 53 8 15 34 7 212 69 59 761 373 69 85 14 14 160 306 152 458 38 88 24 8 9 17 27 60 0 20 8 271 49 215 16 1340 710 22 708 99 1138 764 1022 60 354 125 37 13 695 40 308 11 269 59 79 131 480 57 198 18 7 11 116 19 65 33 3000 9 433 157 17 29 17 
0 0 105 0 0 907 128 29 0 0 1052 0 0 54 33 14 0 1102 0 0 79 0 0 0 54 212 33 157 30 0 0 0 0 542 246 20 0 1703 12 91 0 20 0 0 3000 1915 190 8 0 396 11 48 48 16 19 0 43 774 1109 97 0 59 47 0 10 0 21 0 0 327 0 1984 7 312 27 0 32 243 0 0 
612 0 14 0 0 66 11 26 0 0 391 0 65 62 509 91 0 97 0 1130 0 0 0 263 42 1163 92 332 3000 475 0 0 0 445 15 8 1703 0 11 0 0 0 84 0 17 49 96 111 51 96 28 0 8 1369 2679 0 0 10 164 570 0 1184 0 0 1816 7 575 0 0 9 11 31 13 29 103 0 53 39 0 0 
0 794 24 314 1979 68 649 126 31 111 109 733 0 490 169 189 305 17 88 0 327 23 25 11 485 67 71 60 16 9 276 19 86 11 126 271 12 11 0 93 148 40 0 718 49 681 124 77 0 42 14 2560 275 610 74 331 40 2467 108 103 120 8 32 21 3000 3000 472 432 159 44 0 679 0 331 15 8 29 51 13 1460 
0 399 26 154 78 403 2568 26 21 33 66 43 179 258 3000 1473 91 62 26 0 16 255 22 553 17 3000 169 115 0 367 505 7 298 109 375 49 91 0 93 0 167 476 0 3000 84 31 8 887 0 924 55 46 1225 26 332 69 539 30 247 58 1012 44 7 17 38 543 171 209 33 18 0 508 0 81 1338 143 70 14 67 95 
21 60 2567 7 24 124 104 0 222 75 3000 1433 126 584 45 27 3000 179 2253 300 0 340 463 507 0 648 10 8 1919 769 12 79 478 201 621 215 0 0 148 167 0 0 33 229 0 115 250 0 298 1303 77 0 98 29 895 880 0 22 30 0 31 783 0 179 76 643 123 356 10 31 145 3000 907 541 15 83 0 0 8 36 
0 45 46 46 0 63 610 459 9 14 1993 188 0 573 13 234 501 0 390 0 44 0 0 0 62 8 0 137 0 398 22 360 0 52 23 16 20 0 40 476 0 0 0 0 1816 12 1269 37 0 0 0 106 39 198 467 0 40 86 15 154 0 93 26 0 56 0 0 10 0 399 0 25 0 22 44 632 1258 1385 133 0 
367 0 12 0 744 17 16 0 144 0 9 51 34 16 150 3000 95 64 0 434 0 39 196 52 196 18 8 477 651 3000 0 1198 331 8 46 1340 0 84 0 0 33 0 0 16 372 1085 16 429 54 21 270 0 648 3000 118 1956 0 80 775 62 214 354 0 0 65 25 1473 0 1284 161 24 0 343 40 674 0 490 64 0 0 
34 58 0 90 62 13 30 0 122 18 0 251 3000 0 332 0 323 76 2155 573 0 30 3000 12 0 0 274 199 0 1471 102 11 19 440 21 710 0 0 718 3000 229 0 16 0 0 0 13 0 520 31 67 0 24 175 625 59 0 0 0 0 126 9 0 1483 236 580 46 149 70 129 104 0 0 0 13 559 0 0 115 323 
0 0 403 0 0 491 3000 122 0 0 174 0 0 35 92 11 0 0 0 0 94 0 0 0 1242 3000 664 101 269 0 0 0 0 374 79 22 3000 17 49 84 0 1816 372 0 0 243 199 131 0 13 13 137 16 1054 117 0 143 33 25 66 0 51 388 0 9 0 52 0 0 19 0 3000 818 21 0 0 24 22 0 0 
0 104 206 60 0 15 11 85 140 0 91 88 0 792 585 249 18 222 1320 0 104 67 0 15 115 78 20 162 9 22 0 2069 0 9 35 708 1915 49 681 31 115 12 1085 0 243 0 75 48 0 756 45 796 118 1743 72 0 24 179 147 7 0 58 419 0 1024 586 519 60 0 33 0 48 69 11 33 0 71 17 41 0 
30 10 501 106 162 62 70 170 46 104 62 153 890 17 55 13 99 112 179 1234 82 31 171 68 1923 56 63 997 224 294 16 709 69 138 33 99 190 96 124 8 250 1269 16 13 199 75 0 49 62 11 107 329 62 423 100 82 46 945 55 312 335 10 18 299 27 7 19 1327 81 57 25 399 891 79 2214 1252 18 19 191 158 
41 0 56 0 0 22 11 51 0 0 14 0 0 1349 97 1141 0 202 0 28 13 0 0 45 64 824 440 8 22 10 0 0 0 103 61 1138 8 111 77 887 0 37 429 0 131 48 49 0 0 76 462 89 1149 169 1144 0 23 159 387 123 0 74 106 0 45 3000 103 0 0 16 426 34 374 741 179 0 318 23 0 0 
465 0 47 0 141 363 0 0 26 0 0 211 38 130 0 41 18 11 0 1155 0 53 63 63 0 0 2169 0 207 29 0 0 41 0 0 764 0 51 0 0 298 0 54 520 0 0 62 0 0 1962 430 0 541 45 14 3000 0 30 0 0 78 281 0 0 252 175 159 0 434 126 52 0 74 25 208 0 0 2881 0 0 
438 1056 1624 271 669 279 25 8 22 1497 628 16 200 12 69 152 426 368 103 3000 151 140 3000 164 11 1099 133 1861 95 131 109 294 223 30 14 1022 396 96 42 924 1303 0 21 31 13 756 11 76 1962 0 21 1630 549 122 21 31 0 98 22 1360 17 292 0 15 87 348 134 196 898 41 145 371 813 29 331 15 55 217 65 74 
59 58 176 0 33 70 15 329 18 9 3000 150 85 256 208 9 186 50 0 92 0 122 1096 71 103 8 192 355 34 29 0 414 166 52 207 60 11 28 14 55 77 0 270 67 13 45 107 462 430 21 0 0 73 395 10 132 0 257 1393 233 851 3000 0 0 92 94 51 0 56 147 374 0 150 70 203 0 660 706 0 0 
0 21 22 43 293 35 14 47 294 8 232 115 0 36 17 1340 24 7 87 0 17 0 0 0 131 43 60 29 0 34 154 56 0 40 286 354 48 0 2560 46 0 106 0 0 137 796 329 89 0 1630 0 0 95 3000 360 0 501 12 40 9 0 316 54 0 114 0 0 26 0 22 0 34 0 347 67 152 302 289 64 0 
25 449 47 422 22 131 10 76 3000 1412 29 20 754 9 1945 127 8 583 1646 14 9 2735 32 812 11 322 107 20 36 10 292 3000 9 947 27 125 48 8 275 1225 98 39 648 24 16 118 62 1149 541 549 73 95 0 20 331 11 80 360 669 438 257 19 81 0 52 3000 138 17 789 748 95 66 32 26 428 2586 548 132 3000 0 
838 726 895 387 17 75 633 139 2235 148 328 3000 672 104 7 80 28 17 37 17 127 310 399 462 27 108 781 39 54 142 28 126 18 431 27 37 16 1369 610 26 29 198 3000 175 1054 1743 423 169 45 122 395 3000 20 0 19 377 0 97 647 195 72 85 11 283 325 27 1638 382 31 303 3000 796 49 51 141 144 3000 197 85 552 
377 32 13 78 609 52 790 14 116 22 46 70 2390 293 1003 134 225 53 35 8 22 18 2111 54 756 17 77 1812 489 748 58 16 18 310 86 13 19 2679 74 332 895 467 118 625 117 72 100 1144 14 21 10 360 331 19 0 237 521 247 184 362 37 8 9 36 1443 33 2948 193 117 652 91 180 15 14 1632 38 130 115 46 116 
176 25 15 561 33 906 8 0 164 541 99 140 3000 2712 1135 301 536 550 90 68 0 103 18 219 0 259 636 9 43 149 3000 113 760 1537 63 695 0 0 331 69 880 0 1956 59 0 0 82 0 3000 31 132 0 11 377 237 0 0 51 451 0 2396 7 0 85 489 7 378 1717 2182 10 57 0 22 65 71 38 0 0 313 11 
0 66 0 75 0 0 91 853 890 0 820 0 0 279 121 0 0 0 252 0 287 0 0 0 54 2103 0 10 0 0 2876 51 0 466 65 40 43 0 40 539 0 40 0 0 143 24 46 23 0 0 0 501 80 0 521 0 0 0 371 64 0 316 115 0 0 0 0 26 0 529 0 12 0 14 11 35 12 0 1218 0 
1101 163 10 0 62 20 89 7 33 167 9 37 20 74 315 148 17 28 0 59 720 335 11 14 435 499 647 171 440 547 0 383 11 21 127 308 774 10 2467 30 22 86 80 0 33 179 945 159 30 98 257 12 360 97 247 51 0 0 15 3000 104 115 314 0 84 93 23 0 0 48 576 140 288 21 2545 0 327 304 0 0 
0 48 8 32 616 649 20 118 13 86 48 11 176 739 3000 251 106 898 1095 0 45 250 1586 7 644 70 265 57 234 47 166 190 279 617 149 11 1109 164 108 247 30 15 775 0 25 147 55 387 0 22 1393 40 669 647 184 451 371 15 0 133 19 339 59 0 66 415 66 1136 52 162 0 44 498 32 3000 161 12 15 110 0 
33 50 2194 0 0 13 83 538 1739 0 28 218 0 84 28 48 30 10 0 654 87 0 0 91 511 11 2860 8 21 637 0 46 0 112 52 269 97 570 103 58 0 154 62 0 66 7 312 123 0 1360 233 9 438 195 362 0 64 3000 133 0 0 91 580 0 1149 326 1225 0 0 60 0 36 200 11 184 0 718 8 0 0 
556 8 1847 466 555 83 12 0 607 24 90 7 76 203 28 632 1007 823 17 58 0 469 103 52 0 33 562 48 378 30 208 581 591 414 1016 59 0 0 120 1012 31 0 214 126 0 0 335 0 78 17 851 0 257 72 37 2396 0 104 19 0 0 1534 0 57 7 134 155 410 110 1296 16 0 22 9 99 28 0 0 25 30 
3000 19 13 33 536 114 215 755 658 1331 190 15 19 758 11 1062 21 848 16 9 74 16 72 9 78 9 57 36 99 81 123 18 433 166 42 79 59 1184 8 44 783 93 354 9 51 58 10 74 281 292 3000 316 19 85 8 7 316 115 339 91 1534 0 131 3000 15 155 82 953 65 291 46 162 143 67 121 583 1155 43 439 234 
0 241 154 133 0 57 30 38 15 0 346 25 0 68 36 0 0 0 105 0 1694 0 0 0 245 202 0 159 0 470 66 108 0 104 18 131 47 0 32 7 0 26 0 0 388 419 18 106 0 0 0 54 81 11 9 0 115 314 59 580 0 131 0 0 12 0 0 57 0 223 0 135 0 216 419 12 654 0 1154 0 
0 61 0 15 355 0 11 0 290 69 0 76 384 0 51 0 332 460 1487 0 0 171 2166 17 0 0 17 1557 0 17 23 671 17 183 504 480 0 0 21 17 179 0 0 1483 0 0 299 0 0 15 0 0 0 283 36 85 0 0 0 0 57 3000 0 0 115 62 18 14 60 375 0 0 0 0 9 1558 0 0 8 151 
3000 102 47 24 36 3000 978 103 65 41 220 14 142 8 98 1047 101 113 87 23 649 7 127 11 63 699 96 165 8 16 2685 123 53 46 15 57 10 1816 3000 38 76 56 65 236 9 1024 27 45 252 87 92 114 52 325 1443 489 0 84 66 1149 7 15 12 115 0 436 88 15 14 209 58 39 97 67 752 27 23 65 17 42 
26 651 121 643 102 12 318 0 102 179 25 99 60 1366 3000 68 216 11 44 524 0 762 414 864 0 1449 358 119 331 498 109 23 17 318 400 198 0 7 3000 543 643 0 25 580 0 586 7 3000 175 348 94 0 3000 27 33 7 0 93 415 326 134 155 0 62 436 0 2191 17 94 220 69 362 46 15 15 24 0 275 848 450 
51 639 3000 71 1128 29 1476 753 10 32 671 110 37 103 594 252 91 702 9 8 383 204 91 21 53 57 8 44 1141 96 148 11 231 38 78 18 21 575 472 171 123 0 1473 46 52 519 19 103 159 134 51 0 138 1638 2948 378 0 23 66 1225 155 82 0 18 88 2191 0 192 18 71 26 13 59 33 284 195 286 86 1526 65 
0 392 0 1071 83 10 1012 0 58 13 274 19 895 402 56 0 195 22 7 0 86 3000 185 31 0 14 814 38 0 472 24 1628 20 149 3000 7 0 0 432 209 356 10 0 149 0 60 1327 0 0 196 0 26 17 382 193 1717 26 0 1136 0 410 953 57 14 15 17 192 0 9 288 0 324 0 38 424 9 0 0 134 79 
897 1141 353 315 130 384 18 0 41 113 0 16 25 231 81 0 971 356 141 45 0 13 11 1789 0 0 127 8 0 369 2884 257 106 1918 499 11 0 0 159 33 10 0 1284 70 0 0 81 0 434 898 56 0 789 31 117 2182 0 0 52 0 110 65 0 60 14 94 18 9 0 511 1229 0 3000 134 1067 1425 0 0 23 725 
698 160 21 282 28 315 760 52 112 248 527 398 561 242 166 74 39 283 947 287 428 373 17 38 1059 216 41 1225 503 24 1199 197 12 44 345 116 327 9 44 18 31 399 161 129 19 33 57 16 126 41 147 22 748 303 652 10 529 48 162 60 1296 291 223 375 209 220 71 288 511 0 22 583 824 12 1152 510 11 41 16 110 
51 0 67 0 7 36 0 0 850 0 0 56 153 15 217 1093 43 3000 0 581 0 193 36 72 0 3000 83 0 606 8 0 0 29 0 0 19 0 11 0 0 145 0 24 104 0 0 25 426 52 145 374 0 95 3000 91 57 0 576 0 0 16 46 0 0 58 69 26 0 1229 22 0 0 41 29 54 0 0 329 0 0 
0 9 273 66 1188 155 920 681 1059 554 3000 425 0 81 10 70 711 9 97 0 1079 43 0 0 1247 31 291 193 0 95 24 1203 110 16 684 65 1984 31 679 508 3000 25 0 0 3000 48 399 34 0 371 0 34 66 796 180 0 12 140 44 36 0 162 135 0 39 362 13 324 0 583 0 0 0 327 203 8 38 77 25 0 
55 0 45 0 47 115 195 0 49 0 134 41 40 2685 65 2583 187 16 0 399 0 250 2348 50 46 497 87 2180 36 53 0 0 24 154 60 33 7 13 0 0 907 0 343 0 818 69 891 374 74 813 150 0 32 49 15 22 0 288 498 200 22 143 0 0 97 46 59 0 3000 824 41 0 0 184 17 0 264 85 0 0 
752 36 220 29 1767 119 21 534 15 38 100 1119 36 37 17 47 185 51 14 234 516 136 33 424 264 561 10 8 3000 30 0 1712 167 2099 22 3000 312 29 331 81 541 22 40 0 21 11 79 741 25 29 70 347 26 51 14 65 14 21 32 11 9 67 216 0 67 15 33 38 134 12 29 327 184 0 43 0 16 52 933 0 
15 44 381 24 1325 21 326 10 44 18 212 19 1821 154 211 36 1528 36 45 475 53 98 352 142 3000 16 61 55 39 29 12 343 60 18 1042 9 27 103 15 1338 15 44 674 13 0 33 2214 179 208 331 203 67 428 141 1632 71 11 2545 3000 184 99 121 419 9 752 15 284 424 1067 1152 54 203 17 43 0 60 1852 298 9 20 
0 736 0 256 16 894 590 0 301 1319 1876 49 0 23 2015 0 2375 168 16 0 3000 30 20 18 0 0 155 151 0 118 601 164 186 98 23 433 0 0 8 143 83 632 0 559 0 0 1252 0 0 15 0 152 2586 144 38 38 35 0 161 0 28 583 12 1558 27 24 195 9 1425 510 0 8 0 0 60 0 0 0 3000 7 
0 13 8 1086 0 20 49 61 115 0 272 20 0 344 2932 85 0 66 598 0 1012 0 0 0 3000 232 29 25 215 235 0 11 0 49 22 157 32 53 29 70 0 1258 490 0 24 71 18 318 0 55 660 302 548 3000 130 0 12 327 12 718 0 1155 654 0 23 0 286 0 0 11 0 38 264 16 1852 0 0 11 51 0 
213 0 73 0 0 171 3000 3000 0 0 21 118 1174 253 37 43 0 31 0 1627 200 0 0 143 235 58 1235 390 12 38 0 0 0 477 38 17 243 39 51 14 0 1385 64 0 22 17 19 23 2881 217 706 289 132 197 115 0 0 304 15 8 0 43 0 0 65 275 86 0 0 41 329 77 85 52 298 0 11 0 0 0 
0 965 0 17 7 1214 23 765 15 122 20 33 0 115 222 0 33 175 41 0 2402 527 26 0 235 1821 34 94 0 218 22 184 61 881 17 29 0 0 13 67 8 133 0 115 0 41 191 0 0 65 0 64 3000 85 46 313 1218 0 110 0 25 439 1154 8 17 848 1526 134 23 16 0 25 0 933 9 3000 51 0 0 27 
