80
0 69 74 87 71 46 60 105 13 51 78 47 42 31 63 45 35 77 80 15 74 83 55 64 14 52 69 44 73 93 51 59 69 46 57 68 74 41 69 7 90 81 51 66 85 45 19 105 60 21 17 24 45 68 36 83 83 54 23 36 61 66 76 95 12 83 73 41 93 66 28 49 64 20 83 73 38 29 58 65 
69 0 6 93 12 73 35 85 82 22 123 49 85 37 64 32 38 113 91 75 91 58 46 99 83 105 118 34 83 70 94 92 84 70 37 69 121 41 18 73 84 97 95 52 84 92 87 94 33 85 54 86 77 111 87 67 48 15 45 37 104 81 51 79 61 101 118 58 88 16 50 50 98 50 84 34 69 42 40 42 
74 6 0 99 16 79 41 90 87 28 129 55 91 42 70 38 44 119 97 79 97 63 52 106 88 111 124 40 90 75 100 99 90 76 43 75 128 47 23 77 89 104 102 58 90 98 91 99 39 90 59 89 83 117 93 73 52 20 50 43 110 88 56 84 66 107 124 65 94 22 56 56 104 55 90 39 76 46 46 48 
87 93 99 0 83 42 58 35 94 76 59 50 52 82 30 67 71 43 9 102 17 42 49 39 91 66 63 67 14 37 51 38 19 42 57 25 61 61 77 94 16 14 53 41 11 56 99 26 60 81 77 111 43 52 61 31 54 89 83 71 50 22 45 27 94 16 56 49 13 78 66 48 38 78 9 62 49 90 54 51 
71 12 16 83 0 67 26 73 84 20 117 42 81 40 55 29 37 106 82 79 83 47 38 93 84 102 113 31 75 58 89 86 76 64 29 59 116 37 7 76 73 89 91 42 74 88 89 82 24 85 55 90 71 105 84 56 36 21 48 36 99 73 40 68 65 92 112 53 78 6 48 43 92 51 75 22 65 46 31 32 
46 73 79 42 67 0 43 65 52 52 50 25 16 48 25 41 39 40 34 61 28 51 31 27 49 37 46 39 27 56 22 20 23 3 40 27 49 32 62 52 47 35 24 35 41 23 58 62 45 40 38 69 4 38 24 45 57 63 46 39 31 20 47 54 53 38 45 15 49 61 30 25 25 40 38 55 8 54 38 42 
60 35 41 58 26 43 0 55 72 20 93 19 58 36 29 16 26 80 56 72 57 28 13 68 72 80 89 17 49 40 65 61 49 40 3 34 92 19 20 66 50 63 67 17 49 65 78 62 2 69 43 83 47 80 63 34 24 33 41 26 74 47 20 47 58 66 88 30 54 20 32 19 66 41 50 13 42 45 5 8 
105 85 90 35 73 65 55 0 115 75 95 59 80 89 42 70 78 78 43 119 50 27 53 73 112 98 97 70 43 15 81 69 48 63 56 38 96 68 67 112 20 50 83 41 28 86 121 13 56 104 91 130 69 86 89 23 37 87 93 78 84 49 35 11 108 52 91 64 22 69 79 57 71 90 31 51 71 98 53 47 
13 82 87 94 84 52 72 115 0 64 75 58 44 45 72 58 48 77 85 16 79 94 66 65 3 48 65 56 79 103 51 61 74 53 70 77 71 53 83 10 98 85 50 77 93 44 6 113 73 16 30 18 50 66 36 92 95 67 37 49 60 72 88 104 23 87 71 50 100 80 40 60 65 33 90 85 45 41 70 77 
51 22 28 76 20 52 20 75 64 0 101 28 63 21 46 10 17 91 72 60 71 47 27 78 65 84 96 12 65 60 72 71 64 49 20 51 100 19 18 56 69 78 74 36 68 70 70 81 18 65 35 71 55 89 65 54 41 14 29 17 82 61 40 67 46 82 96 37 73 15 28 29 77 31 68 27 48 29 23 28 
78 123 129 59 117 50 93 95 75 101 0 75 40 94 67 91 87 17 52 90 45 93 80 25 72 27 10 89 54 93 30 32 49 53 89 67 5 82 112 82 74 45 29 81 67 34 78 85 94 59 80 93 46 12 42 83 102 112 89 88 19 50 92 85 89 43 5 65 72 111 76 74 27 83 64 103 54 98 87 90 
47 49 55 50 42 25 19 59 58 28 75 0 39 32 20 18 20 64 45 60 44 36 8 51 57 61 71 17 38 46 47 44 37 22 15 26 74 11 37 53 47 51 49 19 44 47 64 61 20 52 32 71 29 63 44 36 38 41 34 21 56 34 30 49 49 54 70 12 51 36 20 2 49 31 43 31 23 41 14 20 
42 85 91 52 81 16 58 80 44 63 40 39 0 55 41 53 48 35 43 56 36 67 46 22 41 22 33 51 39 72 10 18 34 19 55 43 37 44 76 47 61 42 11 51 54 8 49 75 59 29 41 62 12 28 9 61 73 73 50 48 21 32 63 69 52 44 35 28 62 74 37 39 22 43 51 70 16 59 53 57 
31 37 42 82 40 48 36 89 45 21 94 32 55 0 53 19 12 88 77 39 74 63 37 74 45 73 87 19 69 75 64 67 67 46 34 58 92 22 39 36 79 81 65 48 76 61 50 93 35 48 17 50 50 82 54 67 59 22 8 11 75 64 56 80 25 84 89 35 83 36 19 34 73 13 75 46 42 9 36 43 
63 64 70 30 55 25 29 42 72 46 67 20 41 53 0 37 41 53 27 78 27 27 18 42 70 61 66 36 20 32 45 36 21 22 27 6 67 31 49 70 28 34 47 14 24 47 78 42 31 63 50 88 29 56 48 21 35 59 54 41 51 19 24 31 67 37 63 22 31 49 38 18 41 50 23 37 29 61 24 24 
45 32 38 67 29 41 16 70 58 10 91 18 53 19 37 0 10 81 63 56 62 44 19 68 58 74 86 2 55 55 62 60 54 38 15 42 89 9 25 51 62 69 63 30 60 60 64 75 16 57 28 67 45 79 55 48 40 23 25 10 72 52 36 61 43 72 86 26 66 23 20 19 66 25 60 28 37 28 17 24 
35 38 44 71 37 39 26 78 48 17 87 20 48 12 41 10 0 79 65 46 63 52 25 65 48 68 81 9 58 63 57 58 56 36 24 47 85 10 35 41 68 70 59 37 64 55 54 81 26 48 18 57 42 75 49 55 50 25 15 1 68 53 45 68 33 73 82 25 71 32 12 23 64 15 64 38 33 21 25 33 
77 113 119 43 106 40 80 78 77 91 17 64 35 88 53 81 79 0 35 90 29 77 68 14 73 33 22 79 38 77 26 21 34 43 78 52 19 72 100 82 58 28 26 67 51 33 81 68 82 61 75 95 37 13 41 67 87 104 84 80 17 35 77 69 87 27 14 55 56 100 69 63 15 78 48 90 46 93 75 77 
80 91 97 9 82 34 56 43 85 72 52 45 43 77 27 63 65 35 0 94 8 44 45 30 82 57 54 62 8 42 42 29 11 34 54 22 54 56 75 86 23 8 43 39 16 47 91 34 58 72 70 103 35 44 52 33 56 86 76 66 42 14 46 33 86 11 49 42 21 76 60 44 29 71 12 62 41 84 51 50 
15 75 79 102 79 61 72 119 16 60 90 60 56 39 78 56 46 90 94 0 88 96 68 78 19 63 80 54 88 106 64 73 83 60 69 83 86 53 78 9 105 95 64 79 100 58 16 120 72 30 29 12 60 80 49 97 95 59 31 46 74 81 89 109 14 98 85 55 107 75 41 62 78 31 98 84 53 33 70 78 
74 91 97 17 83 28 57 50 79 71 45 44 36 74 27 62 63 29 8 88 0 49 45 23 76 49 47 60 9 48 34 21 7 29 54 24 46 54 76 80 30 7 36 41 22 39 84 42 58 65 66 96 29 36 45 38 59 84 72 63 34 10 49 40 81 10 42 39 29 76 56 42 22 67 19 64 36 81 51 51 
83 58 63 42 47 51 28 27 94 47 93 36 67 63 27 44 52 77 44 96 49 0 29 68 92 88 92 44 40 12 72 62 43 48 29 26 93 43 40 90 28 52 74 17 31 74 100 36 29 87 68 107 55 82 74 12 12 60 68 52 77 43 8 22 84 56 88 45 33 42 55 34 66 66 34 24 54 72 27 20 
55 46 52 49 38 31 13 53 66 27 80 8 46 37 18 19 25 68 45 68 45 29 0 55 65 68 76 19 38 39 53 48 38 28 10 24 79 15 33 61 43 51 55 12 41 53 72 56 15 60 39 79 35 68 51 30 30 41 40 25 62 35 22 43 55 55 75 19 47 32 27 7 54 37 41 24 30 46 8 12 
64 99 106 39 93 27 68 73 65 78 25 51 22 74 42 68 65 14 30 78 23 68 55 0 62 27 25 66 30 69 15 7 25 29 65 42 25 59 87 69 52 26 16 56 45 22 70 65 70 50 62 84 24 14 29 59 77 90 70 66 11 25 67 63 74 26 21 41 51 87 55 50 2 64 42 78 32 79 63 65 
14 83 88 91 84 49 72 112 3 65 72 57 41 45 70 58 48 73 82 19 76 92 65 62 0 44 62 56 77 101 48 58 72 50 69 75 68 53 83 13 96 82 47 75 90 41 8 111 72 12 30 22 48 63 33 91 94 68 37 49 57 69 86 102 24 84 67 48 98 80 39 58 62 34 88 85 42 43 69 76 
52 105 111 66 102 37 80 98 48 84 27 61 22 73 61 74 68 33 57 63 49 88 68 27 44 0 18 71 55 92 16 28 49 40 76 62 23 65 97 55 78 53 14 73 70 14 51 91 81 32 57 65 33 20 19 80 95 93 67 68 17 48 85 87 63 53 23 49 77 96 56 61 28 60 67 92 37 75 75 79 
69 118 124 63 113 46 89 97 65 96 10 71 33 87 66 86 81 22 54 80 47 92 76 25 62 18 0 84 55 94 24 30 50 49 86 66 6 77 108 72 77 48 23 79 69 27 68 88 91 50 72 83 42 11 34 83 101 106 82 82 15 50 90 87 81 47 8 60 75 107 70 71 26 76 66 100 48 91 84 87 
44 34 40 67 31 39 17 70 56 12 89 17 51 19 36 2 9 79 62 54 60 44 19 66 56 71 84 0 54 56 60 59 53 36 16 42 87 7 27 49 62 67 61 30 59 58 62 75 17 55 27 66 43 77 53 48 41 24 24 8 70 51 37 62 41 71 84 25 66 25 18 18 65 24 59 29 35 28 17 24 
73 83 90 14 75 27 49 43 79 65 54 38 39 69 20 55 58 38 8 88 9 40 38 30 77 55 55 54 0 39 39 27 6 27 47 16 55 48 68 79 23 14 41 33 15 44 85 36 51 67 63 96 29 44 48 29 50 78 69 58 41 7 40 32 79 17 50 35 23 69 52 36 29 64 12 55 35 77 44 43 
93 70 75 37 58 56 40 15 103 60 93 46 72 75 32 55 63 77 42 106 48 12 39 69 101 92 94 56 39 0 75 65 44 54 41 29 94 54 52 99 21 50 77 27 27 79 109 25 41 94 78 117 60 83 80 11 22 72 79 64 79 44 20 12 94 53 89 53 26 54 65 44 68 76 30 36 61 84 39 32 
51 94 100 51 89 22 65 81 51 72 30 47 10 64 45 62 57 26 42 64 34 72 53 15 48 16 24 60 39 75 0 13 33 25 62 46 28 53 84 55 61 39 2 57 54 7 55 75 67 35 50 69 18 18 15 64 79 83 60 58 11 32 69 71 61 39 25 36 61 83 46 47 15 53 51 77 24 69 60 64 
59 92 99 38 86 20 61 69 61 71 32 44 18 67 36 60 58 21 29 73 21 62 48 7 58 28 30 59 27 65 13 0 21 22 58 36 31 52 81 64 49 26 15 50 42 19 66 63 63 46 55 79 17 20 26 54 71 83 64 59 15 21 61 59 68 27 27 34 49 80 48 43 6 58 39 71 25 73 56 58 
69 84 90 19 76 23 49 48 74 64 49 37 34 67 21 54 56 34 11 83 7 43 38 25 72 49 50 53 6 44 33 21 0 23 47 18 50 47 69 75 28 14 35 34 21 38 80 42 51 61 60 92 24 39 43 34 54 77 66 56 36 3 43 38 75 17 45 32 28 69 49 35 24 61 18 57 30 74 44 44 
46 70 76 42 64 3 40 63 53 49 53 22 19 46 22 38 36 43 34 60 29 48 28 29 50 40 49 36 27 54 25 22 23 0 37 26 52 29 59 52 46 36 27 32 40 26 58 61 42 41 37 69 7 41 26 43 54 61 44 37 34 20 44 53 52 39 48 12 48 58 28 21 28 38 38 52 8 53 35 39 
57 37 43 57 29 40 3 56 70 20 89 15 55 34 27 15 24 78 54 69 54 29 10 65 69 76 86 16 47 41 62 58 47 37 0 32 89 16 23 64 49 60 64 16 48 62 76 61 5 66 41 81 44 77 59 34 26 33 39 24 71 45 21 47 56 64 85 27 53 22 30 15 63 39 48 16 39 43 3 9 
68 69 75 25 59 27 34 38 77 51 67 26 43 58 6 42 47 52 22 83 24 26 24 42 75 62 66 42 16 29 46 36 18 26 32 0 67 37 53 75 22 29 48 17 18 49 83 37 36 67 56 93 31 56 51 18 36 64 60 47 51 17 26 27 73 33 62 27 25 53 44 24 40 56 17 40 33 67 29 27 
74 121 128 61 116 49 92 96 71 100 5 74 37 92 67 89 85 19 54 86 46 93 79 25 68 23 6 87 55 94 28 31 50 52 89 67 0 80 111 78 76 47 26 81 69 31 74 87 93 55 77 88 45 11 39 84 102 110 87 86 17 50 92 87 86 46 5 63 74 110 74 73 27 80 66 103 52 95 86 89 
41 41 47 61 37 32 19 68 53 19 82 11 44 22 31 9 10 72 56 53 54 43 15 59 53 65 77 7 48 54 53 52 47 29 16 37 80 0 33 47 58 61 54 27 55 51 59 71 20 50 25 65 36 70 47 46 42 31 25 10 63 44 36 59 41 64 77 18 61 31 13 13 58 23 54 32 28 30 17 24 
69 18 23 77 7 62 20 67 83 18 112 37 76 39 49 25 35 100 75 78 76 40 33 87 83 97 108 27 68 52 84 81 69 59 23 53 111 33 0 75 66 82 86 36 67 83 88 76 18 82 53 90 66 100 80 50 30 24 47 34 93 67 33 61 65 86 107 48 71 4 45 38 86 49 68 16 60 47 25 26 
7 73 77 94 76 52 66 112 10 56 82 53 47 36 70 51 41 82 86 9 80 90 61 69 13 55 72 49 79 99 55 64 75 52 64 75 78 47 75 0 97 87 55 72 92 49 14 112 66 23 23 18 51 72 41 89 89 58 28 41 65 72 83 101 12 89 77 48 99 71 34 55 69 26 89 79 45 32 64 72 
90 84 89 16 73 47 50 20 98 69 74 47 61 79 28 62 68 58 23 105 30 28 43 52 96 78 77 62 23 21 61 49 28 46 49 22 76 58 66 97 0 30 63 33 7 66 104 15 52 87 78 114 50 66 70 17 41 82 81 68 63 29 33 11 95 32 71 50 5 68 66 45 51 78 11 51 54 88 46 42 
81 97 104 14 89 35 63 50 85 78 45 51 42 81 34 69 70 28 8 95 7 52 51 26 82 53 48 67 14 50 39 26 14 36 60 29 47 61 82 87 30 0 40 47 23 45 91 40 65 71 73 103 36 38 51 41 64 91 80 71 37 17 54 41 88 3 42 46 27 83 63 49 25 74 20 69 43 88 58 57 
51 95 102 53 91 24 67 83 50 74 29 49 11 65 47 63 59 26 43 64 36 74 55 16 47 14 23 61 41 77 2 15 35 27 64 48 26 54 86 55 63 40 0 59 56 6 55 77 69 35 51 69 20 17 15 66 81 84 61 59 10 34 71 73 61 41 24 38 63 85 47 49 16 54 53 79 26 69 62 66 
66 52 58 41 42 35 17 41 77 36 81 19 51 48 14 30 37 67 39 79 41 17 12 56 75 73 79 30 33 27 57 50 34 32 16 17 81 27 36 72 33 47 59 0 32 59 83 45 19 69 51 90 40 70 58 19 22 50 52 37 64 33 12 32 67 50 77 27 37 37 38 17 54 49 32 23 37 57 14 10 
85 84 90 11 74 41 49 28 93 68 67 44 54 76 24 60 64 51 16 100 22 31 41 45 90 70 69 59 15 27 54 42 21 40 48 18 69 55 67 92 7 23 56 32 0 59 98 21 51 81 73 109 44 59 63 20 43 81 78 65 56 22 35 18 90 26 64 45 8 68 62 42 44 73 3 52 48 85 45 42 
45 92 98 56 88 23 65 86 44 70 34 47 8 61 47 60 55 33 47 58 39 74 53 22 41 14 27 58 44 79 7 19 38 26 62 49 31 51 83 49 66 45 6 59 59 0 49 80 67 29 46 63 19 23 9 67 81 80 55 55 16 37 71 75 55 46 29 35 66 82 43 47 22 49 56 78 23 64 61 65 
19 87 91 99 89 58 78 121 6 70 78 64 49 50 78 64 54 81 91 16 84 100 72 70 8 51 68 62 85 109 55 66 80 58 76 83 74 59 88 14 104 91 55 83 98 49 0 119 79 20 35 14 56 70 41 99 101 72 42 54 64 78 94 110 26 92 74 56 106 85 46 66 70 39 96 91 51 46 76 83 
105 94 99 26 82 62 62 13 113 81 85 61 75 93 42 75 81 68 34 120 42 36 56 65 111 91 88 75 36 25 75 63 42 61 61 37 87 71 76 112 15 40 77 45 21 80 119 0 63 102 93 129 65 78 84 27 47 94 96 82 76 44 43 14 109 42 82 64 14 78 80 59 64 92 24 60 69 102 59 53 
60 33 39 60 24 45 2 56 73 18 94 20 59 35 31 16 26 82 58 72 58 29 15 70 72 81 91 17 51 41 67 63 51 42 5 36 93 20 18 66 52 65 69 19 51 67 79 63 0 70 44 83 49 82 64 36 24 31 41 26 76 49 22 49 58 68 89 32 56 18 33 20 68 41 52 12 44 44 7 10 
21 85 90 81 85 40 69 104 16 65 59 52 29 48 63 57 48 61 72 30 65 87 60 50 12 32 50 55 67 94 35 46 61 41 66 67 55 50 82 23 87 71 35 69 81 29 20 102 70 0 31 34 37 50 21 83 89 71 41 48 44 59 81 94 32 73 55 42 88 80 37 53 50 35 78 82 34 48 65 72 
17 54 59 77 55 38 43 91 30 35 80 32 41 17 50 28 18 75 70 29 66 68 39 62 30 57 72 27 63 78 50 55 60 37 41 56 77 25 53 23 78 73 51 51 73 46 35 93 44 31 0 40 39 68 38 68 67 39 10 19 61 57 61 81 17 76 75 29 81 50 12 34 61 4 72 56 31 18 42 49 
24 86 89 111 90 69 83 130 18 71 93 71 62 50 88 67 57 95 103 12 96 107 79 84 22 65 83 66 96 117 69 79 92 69 81 93 88 65 90 18 114 103 69 90 109 63 14 129 83 34 40 0 68 84 54 107 107 71 43 58 78 89 100 119 25 105 89 65 117 87 52 73 84 42 107 95 62 44 81 89 
45 77 83 43 71 4 47 69 50 55 46 29 12 50 29 45 42 37 35 60 29 55 35 24 48 33 42 43 29 60 18 17 24 7 44 31 45 36 66 51 50 36 20 40 44 19 56 65 49 37 39 68 0 34 20 49 61 67 47 42 27 22 52 58 53 38 41 18 51 65 32 29 22 41 41 59 9 56 42 46 
68 111 117 52 105 38 80 86 66 89 12 63 28 82 56 79 75 13 44 80 36 82 68 14 63 20 11 77 44 83 18 20 39 41 77 56 11 70 100 72 66 38 17 70 59 23 70 78 82 50 68 84 34 0 31 73 91 100 78 75 7 39 81 76 78 37 7 52 65 99 64 62 16 71 55 91 42 87 75 78 
36 87 93 61 84 24 63 89 36 65 42 44 9 54 48 55 49 41 52 49 45 74 51 29 33 19 34 53 48 80 15 26 43 26 59 51 39 47 80 41 70 51 15 58 63 9 41 84 64 21 38 54 20 31 0 69 80 74 48 50 25 41 70 78 47 52 37 33 71 78 37 44 29 42 60 75 21 57 58 63 
83 67 73 31 56 45 34 23 92 54 83 36 61 67 21 48 55 67 33 97 38 12 30 59 91 80 83 48 29 11 64 54 34 43 34 18 84 46 50 89 17 41 66 19 20 67 99 27 36 83 68 107 49 73 69 0 24 67 70 55 69 33 16 13 85 44 79 42 22 51 56 34 57 67 22 34 50 76 32 26 
83 48 52 54 36 57 24 37 95 41 102 38 73 59 35 40 50 87 56 95 59 12 30 77 94 95 101 41 50 22 79 71 54 54 26 36 102 42 30 89 41 64 81 22 43 81 101 47 24 89 67 107 61 91 80 24 0 52 65 49 86 52 10 33 82 67 98 48 45 33 55 36 75 64 45 15 59 68 25 18 
54 15 20 89 21 63 33 87 67 14 112 41 73 22 59 23 25 104 86 59 84 60 41 90 68 93 106 24 78 72 83 83 77 61 33 64 110 31 24 58 82 91 84 50 81 80 72 94 31 71 39 71 67 100 74 67 52 0 31 25 93 75 52 80 46 95 107 49 87 21 37 42 89 35 81 37 59 27 36 41 
23 45 50 83 48 46 41 93 37 29 89 34 50 8 54 25 15 84 76 31 72 68 40 70 37 67 82 24 69 79 60 64 66 44 39 60 87 25 47 28 81 80 61 52 78 55 42 96 41 41 10 43 47 78 48 70 65 31 0 15 71 63 60 83 18 83 84 34 85 44 17 36 69 6 76 53 39 9 41 48 
36 37 43 71 36 39 26 78 49 17 88 21 48 11 41 10 1 80 66 46 63 52 25 66 49 68 82 8 58 64 58 59 56 37 24 47 86 10 34 41 68 71 59 37 65 55 54 82 26 48 19 58 42 75 50 55 49 25 15 0 68 53 45 69 33 74 83 25 72 31 12 23 65 16 64 38 34 20 25 33 
61 104 110 50 99 31 74 84 60 82 19 56 21 75 51 72 68 17 42 74 34 77 62 11 57 17 15 70 41 79 11 15 36 34 71 51 17 63 93 65 63 37 10 64 56 16 64 76 76 44 61 78 27 7 25 69 86 93 71 68 0 35 75 73 72 37 14 46 62 92 57 56 12 64 53 85 35 79 69 72 
66 81 88 22 73 20 47 49 72 61 50 34 32 64 19 52 53 35 14 81 10 43 35 25 69 48 50 51 7 44 32 21 3 20 45 17 50 44 67 72 29 17 34 33 22 37 78 44 49 59 57 89 22 39 41 33 52 75 63 53 35 0 42 39 73 20 46 29 30 67 47 32 24 58 19 55 28 71 42 42 
76 51 56 45 40 47 20 35 88 40 92 30 63 56 24 36 45 77 46 89 49 8 22 67 86 85 90 37 40 20 69 61 43 44 21 26 92 36 33 83 33 54 71 12 35 71 94 43 22 81 61 100 52 81 70 16 10 52 60 45 75 42 0 28 77 57 87 39 38 35 48 28 65 59 37 18 50 65 20 12 
95 79 84 27 68 54 47 11 104 67 85 49 69 80 31 61 68 69 33 109 40 22 43 63 102 87 87 62 32 12 71 59 38 53 47 27 87 59 61 101 11 41 73 32 18 75 110 14 49 94 81 119 58 76 78 13 33 80 83 69 73 39 28 0 98 43 82 54 15 63 68 47 61 80 21 46 60 89 45 39 
12 61 66 94 65 53 58 108 23 46 89 49 52 25 67 43 33 87 86 14 81 84 55 74 24 63 81 41 79 94 61 68 75 52 56 73 86 41 65 12 95 88 61 67 90 55 26 109 58 32 17 25 53 78 47 85 82 46 18 33 72 73 77 98 0 91 84 45 97 61 29 51 73 18 88 70 45 20 57 65 
83 101 107 16 92 38 66 52 87 82 43 54 44 84 37 72 73 27 11 98 10 56 55 26 84 53 47 71 17 53 39 27 17 39 64 33 46 64 86 89 32 3 41 50 26 46 92 42 68 73 76 105 38 37 52 44 67 95 83 74 37 20 57 43 91 0 41 49 30 86 66 52 25 77 23 73 45 91 61 60 
73 118 124 56 112 45 88 91 71 96 5 70 35 89 63 86 82 14 49 85 42 88 75 21 67 23 8 84 50 89 25 27 45 48 85 62 5 77 107 77 71 42 24 77 64 29 74 82 89 55 75 89 41 7 37 79 98 107 84 83 14 46 87 82 84 41 0 60 69 106 71 69 22 78 61 98 49 93 82 85 
41 58 65 49 53 15 30 64 50 37 65 12 28 35 22 26 25 55 42 55 39 45 19 41 48 49 60 25 35 53 36 34 32 12 27 27 63 18 48 48 50 46 38 27 45 35 56 64 32 42 29 65 18 52 33 42 48 49 34 25 46 29 39 54 45 49 60 0 52 47 18 12 40 29 43 43 12 42 26 31 
93 88 94 13 78 49 54 22 100 73 72 51 62 83 31 66 71 56 21 107 29 33 47 51 98 77 75 66 23 26 61 49 28 48 53 25 74 61 71 99 5 27 63 37 8 66 106 14 56 88 81 117 51 65 71 22 45 87 85 72 62 30 38 15 97 30 69 52 0 72 69 49 50 81 11 56 55 92 51 46 
66 16 22 78 6 61 20 69 80 15 111 36 74 36 49 23 32 100 76 75 76 42 32 87 80 96 107 25 69 54 83 80 69 58 22 53 110 31 4 71 68 83 85 37 68 82 85 78 18 80 50 87 65 99 78 51 33 21 44 31 92 67 35 63 61 86 106 47 72 0 42 37 85 46 69 18 59 43 25 26 
28 50 56 66 48 30 32 79 40 28 76 20 37 19 38 20 12 69 60 41 56 55 27 55 39 56 70 18 52 65 46 48 49 28 30 44 74 13 45 34 66 63 47 38 62 43 46 80 33 37 12 52 32 64 37 56 55 37 17 12 57 47 48 68 29 66 71 18 69 42 0 21 54 12 60 45 23 25 30 37 
49 50 56 48 43 25 19 57 60 29 74 2 39 34 18 19 23 63 44 62 42 34 7 50 58 61 71 18 36 44 47 43 35 21 15 24 73 13 38 55 45 49 49 17 42 47 66 59 20 53 34 73 29 62 44 34 36 42 36 23 56 32 28 47 51 52 69 12 49 37 21 0 49 33 41 31 24 43 14 19 
64 98 104 38 92 25 66 71 65 77 27 49 22 73 41 66 64 15 29 78 22 66 54 2 62 28 26 65 29 68 15 6 24 28 63 40 27 58 86 69 51 25 16 54 44 22 70 64 68 50 61 84 22 16 29 57 75 89 69 65 12 24 65 61 73 25 22 40 50 85 54 49 0 63 40 77 31 78 61 63 
20 50 55 78 51 40 41 90 33 31 83 31 43 13 50 25 15 78 71 31 67 66 37 64 34 60 76 24 64 76 53 58 61 38 39 56 80 23 49 26 78 74 54 49 73 49 39 92 41 35 4 42 41 71 42 67 64 35 6 16 64 58 59 80 18 77 78 29 81 46 12 33 63 0 72 53 33 15 39 47 
83 84 90 9 75 38 50 31 90 68 64 43 51 75 23 60 64 48 12 98 19 34 41 42 88 67 66 59 12 30 51 39 18 38 48 17 66 54 68 89 11 20 53 32 3 56 96 24 52 78 72 107 41 55 60 22 45 81 76 64 53 19 37 21 88 23 61 43 11 69 60 41 40 72 0 53 45 84 45 42 
73 34 39 62 22 55 13 51 85 27 103 31 70 46 37 28 38 90 62 84 64 24 24 78 85 92 100 29 55 36 77 71 57 52 16 40 103 32 16 79 51 69 79 23 52 78 91 60 12 82 56 95 59 91 75 34 15 37 53 38 85 55 18 46 70 73 98 43 56 18 45 31 77 53 53 0 55 55 17 13 
38 69 76 49 65 8 42 71 45 48 54 23 16 42 29 37 33 46 41 53 36 54 30 32 42 37 48 35 35 61 24 25 30 8 39 33 52 28 60 45 54 43 26 37 48 23 51 69 44 34 31 62 9 42 21 50 59 59 39 34 35 28 50 60 45 45 49 12 55 59 23 24 31 33 45 55 0 47 37 42 
29 42 46 90 46 54 45 98 41 29 98 41 59 9 61 28 21 93 84 33 81 72 46 79 43 75 91 28 77 84 69 73 74 53 43 67 95 30 47 32 88 88 69 57 85 64 46 102 44 48 18 44 56 87 57 76 68 27 9 20 79 71 65 89 20 91 93 42 92 43 25 43 78 15 84 55 47 0 45 52 
58 40 46 54 31 38 5 53 70 23 87 14 53 36 24 17 25 75 51 70 51 27 8 63 69 75 84 17 44 39 60 56 44 35 3 29 86 17 25 64 46 58 62 14 45 61 76 59 7 65 42 81 42 75 58 32 25 36 41 25 69 42 20 45 57 61 82 26 51 25 30 14 61 39 45 17 37 45 0 7 
65 42 48 51 32 42 8 47 77 28 90 20 57 43 24 24 33 77 50 78 51 20 12 65 76 79 87 24 43 32 64 58 44 39 9 27 89 24 26 72 42 57 66 10 42 65 83 53 10 72 49 89 46 78 63 26 18 41 48 33 72 42 12 39 65 60 85 31 46 26 37 19 63 47 42 13 42 52 7 0 
0 0 294 1309 0 0 1782 0 0 0 0 0 0 0 16 0 9 0 54 439 0 18 0 0 203 0 0 661 0 59 0 0 0 0 0 0 70 89 8 0 0 0 0 120 0 0 10 2381 88 0 0 0 0 79 0 0 22 35 0 0 8 17 132 0 59 42 2946 0 0 0 0 172 0 34 8 0 0 0 1105 0 
0 0 332 9 220 121 129 54 1980 8 11 225 82 3000 109 12 124 120 126 21 1403 413 81 1822 94 27 12 382 77 80 51 319 149 3000 75 748 70 337 18 171 31 11 213 49 215 206 0 17 1859 324 259 925 62 45 14 1432 317 533 77 31 18 192 0 9 355 55 53 275 247 11 182 3000 2166 65 18 2126 35 115 48 314 
294 332 0 15 3000 19 19 438 122 37 9 255 136 480 2793 243 1142 77 304 115 10 62 29 23 861 175 14 21 22 47 3000 327 130 60 3000 0 690 164 319 11 10 805 45 278 308 124 611 471 362 134 66 44 1049 308 146 8 608 1313 117 27 29 959 66 3000 26 53 109 1689 483 21 2247 208 109 89 410 39 1048 443 299 101 
1309 9 15 0 26 11 138 101 0 9 2279 2013 0 242 313 0 358 0 68 423 0 43 0 966 518 0 25 0 0 147 32 541 50 82 0 0 174 60 79 152 330 80 0 28 133 1977 1667 71 651 43 22 458 14 30 84 0 67 0 0 0 49 255 2038 16 106 598 60 46 77 0 8 0 58 11 10 1391 17 0 108 10 
0 220 3000 26 0 47 36 460 0 387 145 17 40 812 9 362 8 0 720 46 0 0 0 129 37 0 56 0 309 1181 169 196 47 190 142 18 39 20 258 34 30 515 0 163 50 505 0 183 53 3000 1711 24 56 3000 189 11 8 0 0 0 0 28 0 40 248 127 64 253 1332 3000 14 0 72 46 114 40 57 523 168 244 
0 121 19 11 47 0 130 68 0 1250 20 64 47 202 3000 51 407 0 17 190 0 112 0 11 17 0 51 0 316 104 100 2934 686 241 113 0 180 62 31 38 156 285 0 3000 231 14 0 179 23 3000 8 30 20 25 28 21 94 0 0 0 161 103 0 11 13 210 11 1392 529 31 121 0 49 119 73 89 251 73 12 85 
1782 129 19 138 36 130 0 23 72 21 333 83 0 14 16 209 217 0 3000 431 228 24 154 164 603 291 87 45 13 548 9 7 537 635 144 0 55 61 508 21 36 184 2566 56 605 1957 384 8 20 188 2376 278 50 266 777 818 24 49 556 167 218 964 707 66 30 311 183 57 2349 67 2051 207 12 30 14 70 30 28 47 25 
0 54 438 101 460 68 23 0 0 638 8 127 0 156 0 0 30 0 134 302 0 0 0 10 261 0 0 0 0 3000 34 1347 0 687 0 0 50 0 0 108 0 117 0 0 581 2495 0 9 0 219 12 101 11 0 23 0 16 0 0 0 0 179 0 130 0 14 977 22 11 0 92 0 9 51 145 415 8 0 28 122 
0 1980 122 0 0 0 72 0 0 0 221 0 8 0 441 15 1866 208 199 8 222 10 41 332 0 9 42 873 265 89 163 0 44 167 35 110 19 118 14 0 956 0 222 64 0 0 0 33 36 36 170 405 3000 44 45 107 20 415 16 660 3000 35 46 0 298 616 425 1827 223 29 0 15 555 50 323 16 0 117 24 486 
0 8 37 9 387 1250 21 638 0 0 78 169 0 365 0 1973 325 0 36 56 0 0 0 46 50 0 589 0 0 570 46 549 765 556 0 0 601 0 45 90 0 72 0 11 119 221 0 3000 0 38 37 482 2644 343 517 0 217 0 0 0 0 323 0 1457 0 91 106 219 307 0 44 0 11 135 11 826 140 3000 9 48 
0 11 9 2279 145 20 333 8 221 78 0 84 248 76 49 213 918 36 15 92 0 789 1207 127 596 2649 8 0 26 7 1939 20 229 228 271 186 474 13 727 1574 31 460 124 59 1925 110 0 14 73 26 7 2481 2659 75 13 308 109 78 10 219 135 70 0 101 660 3000 1247 333 544 204 15 775 26 75 1806 23 1218 17 17 46 
0 225 255 2013 17 64 83 127 0 169 84 0 0 316 551 143 73 0 15 423 0 175 0 11 11 0 3000 0 176 200 43 3000 15 83 578 0 217 63 69 31 65 681 0 362 54 1535 0 212 110 63 3000 91 3000 1689 97 0 167 0 0 0 337 1130 0 91 75 41 614 205 84 124 1091 0 126 2363 273 277 54 1524 366 3000 
0 82 136 0 40 47 0 0 8 0 248 0 0 0 214 108 233 3000 960 363 1288 0 227 16 0 310 51 711 36 94 157 611 301 609 1052 3000 0 398 551 101 7 256 8 30 0 234 0 296 505 529 12 2875 144 66 47 193 46 41 18 1006 112 801 0 20 425 25 0 195 479 142 81 419 3000 0 0 45 249 71 89 88 
0 3000 480 242 812 202 14 156 0 365 76 316 0 0 0 0 52 0 25 25 0 0 0 46 29 0 0 0 0 792 1027 727 0 80 0 0 243 0 0 132 0 1655 0 0 321 483 0 48 0 57 1092 10 155 0 9 0 62 0 0 0 0 63 0 134 0 229 1078 153 80 0 257 0 166 155 1176 29 77 0 127 18 
16 109 2793 313 9 3000 16 0 441 0 49 551 214 0 0 198 1257 749 199 39 1631 12 601 268 563 28 27 21 9 80 2724 155 8 3000 88 0 328 49 71 2332 197 0 607 67 160 202 134 458 13 34 81 18 34 12 421 97 363 71 177 1436 234 41 1796 26 522 1133 23 77 29 67 0 61 33 47 51 127 66 1594 133 41 
0 12 243 0 362 51 209 0 15 1973 213 143 108 0 198 0 21 203 15 50 140 0 11 259 0 234 901 691 1081 46 480 1374 1600 72 194 645 0 43 17 464 17 80 231 26 195 418 0 15 3000 302 34 40 734 79 1541 1768 283 192 35 446 16 110 0 62 689 319 0 28 137 29 88 3000 481 0 0 11 54 11 11 78 
9 124 1142 358 8 407 217 30 1866 325 918 73 233 52 1257 21 0 50 44 435 1474 17 99 982 559 186 34 354 712 66 65 2607 1157 13 205 0 42 72 40 647 8 8 102 50 20 127 505 19 3000 2398 52 150 56 332 1411 447 308 75 93 3000 243 357 553 52 35 94 499 32 84 152 8 9 18 302 8 224 9 113 75 41 
0 120 77 0 0 0 0 0 208 0 36 0 3000 0 749 203 50 0 290 43 395 0 126 94 0 464 3000 207 58 164 76 0 59 990 278 873 0 195 125 0 119 793 8 591 0 3000 0 1251 217 47 14 20 17 23 234 15 139 10 57 893 56 15 0 0 30 394 0 2170 12 58 0 27 20 0 0 11 0 35 255 109 
54 126 304 68 720 17 3000 134 199 36 15 15 960 25 199 15 44 290 0 204 8 114 107 15 407 582 134 285 953 55 91 481 7 85 418 0 1744 69 3000 1068 261 132 25 27 62 219 1799 22 213 564 14 69 699 86 325 54 272 51 158 1143 35 375 8 44 3000 231 37 78 16 139 230 389 50 157 57 589 50 7 22 77 
439 21 115 423 46 190 431 302 8 56 92 423 363 25 39 50 435 43 204 0 22 17 10 579 52 39 66 35 251 2056 30 10 12 1780 23 0 254 143 96 1223 1627 1199 610 58 234 28 13 285 2223 374 24 1539 885 16 18 25 136 10 275 2146 24 90 34 241 49 555 483 40 18 210 210 1323 40 166 37 1061 116 35 358 52 
0 1403 10 0 0 0 228 0 222 0 0 0 1288 0 1631 140 1474 395 8 22 0 182 986 98 0 3000 70 298 443 386 0 0 161 26 2370 0 60 174 53 0 22 0 36 9 0 0 10 25 178 3000 0 0 0 29 0 286 0 2071 2543 91 51 2276 655 0 75 15 1132 225 0 706 0 517 35 100 0 0 0 64 0 0 
18 413 62 43 0 112 24 0 10 0 789 175 0 0 12 0 17 0 114 17 182 0 9 29 1403 174 89 11 0 51 0 1115 0 163 0 0 1914 172 177 9 1890 0 0 3000 739 0 883 315 97 392 1003 0 0 17 0 188 139 1038 0 0 24 53 204 33 14 45 366 0 851 0 0 43 194 909 215 482 0 0 8 0 
0 81 29 0 0 0 154 0 41 0 1207 0 227 0 601 11 99 126 107 10 986 9 0 156 0 50 33 464 56 334 10 0 418 1739 308 0 176 887 80 0 50 0 300 95 0 0 0 2746 760 14 0 8 0 294 0 2801 405 17 42 19 8 379 14 0 87 161 152 301 166 316 0 251 95 205 0 7 0 43 45 608 
0 1822 23 966 129 11 164 10 332 46 127 11 16 46 268 259 982 94 15 579 98 29 156 0 1854 44 21 53 37 87 583 666 96 36 646 87 59 657 666 10 35 152 46 554 388 44 0 128 32 48 245 163 418 298 52 16 9 15 140 167 8 144 20 43 533 161 19 17 142 83 32 19 15 1103 46 16 1505 106 78 316 
203 94 861 518 37 17 603 261 0 50 596 11 0 29 563 0 559 0 407 52 0 1403 0 1854 0 0 0 0 0 87 25 107 0 1594 0 0 204 2850 8 46 0 412 0 18 20 226 64 9 102 35 839 27 30 154 454 0 9 0 0 0 0 3000 1199 48 11 16 552 0 124 0 45 0 2250 33 9 289 24 0 268 162 
0 27 175 0 0 0 291 0 9 0 2649 0 310 0 28 234 186 464 582 39 3000 174 50 44 0 0 385 84 3000 9 740 0 72 459 177 0 48 12 94 0 21 0 200 199 0 0 0 53 52 48 0 109 0 1403 0 96 113 17 848 132 9 75 46 0 506 106 1618 23 24 41 0 12 81 163 0 364 0 11 462 125 
0 12 14 25 56 51 87 0 42 589 8 3000 51 0 27 901 34 3000 134 66 70 89 33 21 0 385 0 18 215 208 1210 235 223 1251 683 89 363 85 50 240 492 30 10 45 24 167 0 122 107 137 8 157 768 7 107 665 20 1355 116 13 1333 151 0 118 9 307 224 3000 158 11 31 211 36 621 44 240 47 10 24 111 
661 382 21 0 0 0 45 0 873 0 0 0 711 0 21 691 354 207 285 35 298 11 464 53 0 84 18 0 141 294 1636 0 944 1337 110 0 147 37 67 0 38 0 1110 216 0 0 1411 55 81 441 0 0 0 2968 0 115 946 30 48 975 10 27 7 0 44 25 20 45 67 930 0 44 160 240 133 0 0 37 27 0 
0 77 22 0 309 316 13 0 265 0 26 176 36 0 9 1081 712 58 953 251 443 0 56 37 0 3000 215 141 0 89 896 2885 35 303 41 40 149 51 12 56 574 1625 300 1283 0 25 0 2827 78 554 476 12 34 3000 15 250 475 68 476 13 2222 17 0 14 713 82 800 3000 33 102 705 12 379 49 0 1056 655 1949 189 40 
59 80 47 147 1181 104 548 3000 89 570 7 200 94 792 80 46 66 164 55 2056 386 51 334 87 87 9 208 294 89 0 203 516 30 110 50 0 34 3000 49 352 421 3000 24 677 390 12 28 122 10 119 2696 18 54 27 9 683 10 11 856 11 74 22 368 44 254 1062 12 111 48 99 72 474 74 41 21 180 546 12 213 17 
0 51 3000 32 169 100 9 34 163 46 1939 43 157 1027 2724 480 65 76 91 30 0 0 10 583 25 740 1210 1636 896 203 0 84 675 723 316 60 169 282 16 640 599 287 63 153 41 21 0 80 102 79 893 146 182 11 20 1105 2905 11 23 157 31 18 0 188 1734 138 132 44 721 17 8 516 56 0 0 82 17 3000 114 10 
0 319 327 541 196 2934 7 1347 0 549 20 3000 611 727 155 1374 2607 0 481 10 0 1115 0 666 107 0 235 0 2885 516 84 0 280 20 1908 728 475 252 17 86 44 64 0 7 71 286 0 28 8 291 117 132 685 9 184 0 58 0 0 0 0 11 0 61 69 70 15 205 141 655 15 0 72 20 99 12 348 17 461 319 
0 149 130 50 47 686 537 0 44 765 229 15 301 0 8 1600 1157 59 7 12 161 0 418 96 0 72 223 944 35 30 675 280 0 303 124 14 563 862 15 105 41 1282 22 3000 342 629 0 267 16 134 64 81 3000 42 31 66 314 317 319 999 139 1270 0 12 649 169 22 698 465 335 3000 245 32 113 235 21 850 430 204 2042 
0 3000 60 82 190 241 635 687 167 556 228 83 609 80 3000 72 13 990 85 1780 26 163 1739 36 1594 459 1251 1337 303 110 723 20 303 0 16 12 753 155 32 48 220 519 42 736 17 2259 0 23 10 295 60 352 125 197 53 173 60 19 166 162 95 35 0 387 85 54 336 239 78 201 113 272 57 135 12 16 1055 80 337 10 
0 75 3000 0 142 113 144 0 35 0 271 578 1052 0 88 194 205 278 418 23 2370 0 308 646 0 177 683 110 41 50 316 1908 124 16 0 167 0 878 42 119 1848 389 16 864 0 47 0 205 104 244 90 40 98 809 1460 25 11 29 23 13 212 27 0 120 299 2408 0 155 41 75 69 11 18 0 0 351 25 1158 471 27 
0 748 0 0 18 0 0 0 110 0 186 0 3000 0 0 645 0 873 0 0 0 0 0 87 0 0 89 0 40 0 60 728 14 12 167 0 0 0 975 117 46 390 23 103 0 537 0 0 0 101 638 138 531 695 72 296 190 0 54 24 0 0 0 10 0 0 0 111 152 11 7 0 74 0 0 289 215 162 0 77 
70 70 690 174 39 180 55 50 19 601 474 217 0 243 328 0 42 0 1744 254 60 1914 176 59 204 48 363 147 149 34 169 475 563 753 0 0 0 51 145 457 212 0 277 65 541 0 654 13 14 16 143 0 0 153 0 11 844 13 406 10 133 173 13 559 48 17 25 7 91 0 0 1214 461 27 22 11 3000 0 348 213 
89 337 164 60 20 62 61 0 118 0 13 63 398 0 49 43 72 195 69 143 174 172 887 657 2850 12 85 37 51 3000 282 252 862 155 878 0 51 0 55 47 398 48 58 84 115 150 8 28 39 99 241 793 100 30 135 136 86 1600 13 174 19 262 418 277 27 12 36 220 10 35 44 1117 15 102 13 55 131 401 136 209 
8 18 319 79 258 31 508 0 14 45 727 69 551 0 71 17 40 125 3000 96 53 177 80 666 8 94 50 67 12 49 16 17 15 32 42 975 145 55 0 343 47 28 1601 812 710 28 79 25 51 12 672 3000 111 19 835 46 640 27 105 247 672 22 12 224 78 25 491 34 87 1200 34 70 198 10 9 113 17 1791 303 54 
0 171 11 152 34 38 21 108 0 90 1574 31 101 132 2332 464 647 0 1068 1223 0 9 0 10 46 0 240 0 56 352 640 86 105 48 119 117 457 47 343 0 27 484 0 128 76 644 0 1612 101 1187 188 75 168 921 156 10 308 0 0 0 745 1479 0 31 209 20 1319 69 75 256 263 0 180 543 1329 87 12 91 15 388 
0 31 10 330 30 156 36 0 956 0 31 65 7 0 197 17 8 119 261 1627 22 1890 50 35 0 21 492 38 574 421 599 44 41 220 1848 46 212 398 47 27 0 368 363 312 74 29 0 247 1242 536 34 9 9 1132 165 109 314 202 30 32 105 463 50 116 160 494 108 128 55 110 26 59 3000 76 225 82 32 49 278 24 
0 11 805 80 515 285 184 117 0 72 460 681 256 1655 0 80 8 793 132 1199 0 0 0 152 412 0 30 0 1625 3000 287 64 1282 519 389 390 0 48 28 484 368 0 0 35 1694 12 0 16 0 209 421 8 53 42 979 10 120 0 22 0 0 13 0 13 0 39 380 103 43 84 18 0 26 0 0 20 52 31 40 195 
0 213 45 0 0 0 2566 0 222 0 124 0 8 0 607 231 102 8 25 610 36 0 300 46 0 200 10 1110 300 24 63 0 22 42 16 23 277 58 1601 0 363 0 0 68 0 0 0 58 61 140 800 332 18 27 429 50 203 798 237 58 179 16 0 0 112 59 40 68 66 2226 0 20 14 0 0 382 0 332 390 21 
120 49 278 28 163 3000 56 0 64 11 59 362 30 0 67 26 50 591 27 58 9 3000 95 554 18 199 45 216 1283 677 153 7 3000 736 864 103 65 84 812 128 312 35 68 0 22 22 463 408 11 235 13 69 2613 90 10 184 278 86 473 291 380 495 39 397 917 77 553 31 306 15 3000 19 223 69 123 16 91 49 41 315 
0 215 308 133 50 231 605 581 0 119 1925 54 0 321 160 195 20 0 62 234 0 739 0 388 20 0 24 0 0 390 41 71 342 17 0 0 541 115 710 76 74 1694 0 22 0 330 0 851 187 7 284 634 598 273 13 0 543 0 0 0 0 79 0 117 122 123 16 106 3000 0 1101 0 3000 563 7 196 728 40 58 58 
0 206 124 1977 505 14 1957 2495 0 221 110 1535 234 483 202 418 127 3000 219 28 0 0 0 44 226 0 167 0 25 12 21 286 629 2259 47 537 0 150 28 644 29 12 0 22 330 0 0 664 0 94 538 1540 89 269 259 125 1368 0 720 0 0 836 0 88 0 13 58 17 251 12 670 0 3000 0 0 18 102 35 239 66 
10 0 611 1667 0 0 384 0 0 0 0 0 0 0 134 0 505 0 1799 13 10 883 0 0 64 0 0 1411 0 28 0 0 0 0 0 0 654 8 79 0 0 0 0 463 0 0 0 706 8 0 0 0 0 215 0 0 408 28 0 0 8 712 327 0 1450 104 893 0 0 0 0 38 0 253 14 0 0 0 46 0 
2381 17 471 71 183 179 8 9 33 3000 14 212 296 48 458 15 19 1251 22 285 25 315 2746 128 9 53 122 55 2827 122 80 28 267 23 205 0 13 28 25 1612 247 16 58 408 851 664 706 0 176 22 461 774 1432 438 793 18 3000 71 154 86 3000 432 11 93 27 16 67 2490 342 1821 12 105 528 75 637 65 33 12 1715 28 
88 1859 362 651 53 23 20 0 36 0 73 110 505 0 13 3000 3000 217 213 2223 178 97 760 32 102 52 107 81 78 10 102 8 16 10 104 0 14 39 51 101 1242 0 61 11 187 0 8 176 0 61 134 0 0 997 0 1274 446 7 663 308 637 9 10 211 1592 151 576 944 353 159 0 44 3000 103 343 16 0 865 1546 503 
0 324 134 43 3000 3000 188 219 36 38 26 63 529 57 34 302 2398 47 564 374 3000 392 14 48 35 48 137 441 554 119 79 291 134 295 244 101 16 99 12 1187 536 209 140 235 7 94 0 22 61 0 50 379 119 14 21 326 144 88 62 15 17 189 15 65 179 14 370 209 18 72 12 16 14 121 217 73 111 55 24 1864 
0 259 66 22 1711 8 2376 12 170 37 7 3000 12 1092 81 34 52 14 14 24 0 1003 0 245 839 0 8 0 476 2696 893 117 64 60 90 638 143 241 672 188 34 421 800 13 284 538 0 461 134 50 0 42 919 61 13 1007 938 0 0 0 8 50 0 11 50 837 202 11 26 163 1074 33 129 32 37 39 12 333 654 13 
0 925 44 458 24 30 278 101 405 482 2481 91 2875 10 18 40 150 20 69 1539 0 0 8 163 27 109 157 0 12 18 146 132 81 352 40 138 0 793 3000 75 9 8 332 69 634 1540 0 774 0 379 42 0 9 13 3000 253 9 1004 19 73 0 2655 0 138 230 51 72 3000 424 13 1222 0 123 0 0 51 96 240 3000 9 
0 62 1049 14 56 20 50 11 3000 2644 2659 3000 144 155 34 734 56 17 699 885 0 0 0 418 30 0 768 0 34 54 182 685 3000 125 98 531 0 100 111 168 9 53 18 2613 598 89 0 1432 0 119 919 9 0 14 26 185 162 0 34 210 0 192 0 469 184 10 797 24 72 57 3000 0 21 0 0 673 1631 3000 60 259 
79 45 308 30 3000 25 266 0 44 343 75 1689 66 0 12 79 332 23 86 16 29 17 294 298 154 1403 7 2968 3000 27 11 9 42 197 809 695 153 30 19 921 1132 42 27 90 273 269 215 438 997 14 61 13 14 0 29 1930 110 235 10 30 72 130 3000 17 94 16 52 64 1066 9 11 2601 37 331 2419 9 379 62 25 63 
0 14 146 84 189 28 777 23 45 517 13 97 47 9 421 1541 1411 234 325 18 0 0 0 52 454 0 107 0 15 9 20 184 31 53 1460 72 0 135 835 156 165 979 429 10 13 259 0 793 0 21 13 3000 26 29 0 175 163 0 3000 75 0 56 0 506 538 18 20 24 219 35 307 0 106 0 0 45 17 8 25 23 
0 1432 8 0 11 21 818 0 107 0 308 0 193 0 97 1768 447 15 54 25 286 188 2801 16 0 96 665 115 250 683 1105 0 66 173 25 296 11 136 46 10 109 10 50 184 0 125 0 18 1274 326 1007 253 185 1930 175 0 804 39 2302 444 175 178 38 13 58 100 49 10 43 57 0 184 58 66 56 60 0 292 536 180 
22 317 608 67 8 94 24 16 20 217 109 167 46 62 363 283 308 139 272 136 0 139 405 9 9 113 20 946 475 10 2905 58 314 60 11 190 844 86 640 308 314 120 203 278 543 1368 408 3000 446 144 938 9 162 110 163 804 0 1104 183 53 3000 40 45 56 38 275 227 57 7 928 73 36 18 53 512 330 191 149 182 243 
35 533 1313 0 0 0 49 0 415 0 78 0 41 0 71 192 75 10 51 10 2071 1038 17 15 0 17 1355 30 68 11 11 0 317 19 29 0 13 1600 27 0 202 0 798 86 0 0 28 71 7 88 0 1004 0 235 0 39 1104 0 62 22 8 415 64 0 187 497 210 215 1471 412 0 179 3000 70 207 16 0 357 8 150 
0 77 117 0 0 0 556 0 16 0 10 0 18 0 177 35 93 57 158 275 2543 0 42 140 0 848 116 48 476 856 23 0 319 166 23 54 406 13 105 0 30 22 237 473 0 720 0 154 663 62 0 19 34 10 3000 2302 183 62 0 98 272 136 0 0 1066 8 0 106 290 772 0 52 699 0 0 37 0 3000 105 9 
0 31 27 0 0 0 167 0 660 0 219 0 1006 0 1436 446 3000 893 1143 2146 91 0 19 167 0 132 13 975 13 11 157 0 999 162 13 24 10 174 247 0 32 0 58 291 0 0 0 86 308 15 0 73 210 30 75 444 53 22 98 0 172 832 0 0 233 84 0 257 567 8 0 79 568 0 0 13 0 29 0 167 
8 18 29 49 0 161 218 0 3000 0 135 337 112 0 234 16 243 56 35 24 51 24 8 8 0 9 1333 10 2222 74 31 0 139 95 212 0 133 19 672 745 105 0 179 380 0 0 8 3000 637 17 8 0 0 72 0 175 3000 8 272 172 0 236 35 601 871 617 202 16 99 102 0 47 62 525 617 242 0 628 618 14 
17 192 959 255 28 103 964 179 35 323 70 1130 801 63 41 110 357 15 375 90 2276 53 379 144 3000 75 151 27 17 22 18 11 1270 35 27 0 173 262 22 1479 463 13 16 495 79 836 712 432 9 189 50 2655 192 130 56 178 40 415 136 832 236 0 642 84 472 1966 114 35 71 176 691 120 352 334 77 60 203 65 11 406 
132 0 66 2038 0 0 707 0 46 0 0 0 0 0 1796 0 553 0 8 34 655 204 14 20 1199 46 0 7 0 368 0 0 0 0 0 0 13 418 12 0 50 0 0 39 0 0 327 11 10 15 0 0 0 3000 0 38 45 64 0 0 35 642 0 0 131 20 27 0 0 0 0 93 0 28 83 0 0 0 33 0 
0 9 3000 16 40 11 66 130 0 1457 101 91 20 134 26 62 52 0 44 241 0 33 0 43 48 0 118 0 14 44 188 61 12 387 120 10 559 277 224 31 116 13 0 397 117 88 0 93 211 65 11 138 469 17 506 13 56 0 0 0 601 84 0 0 1034 12 451 48 262 211 521 0 1823 167 1562 439 574 141 56 3000 
59 355 26 106 248 13 30 0 298 0 660 75 425 0 522 689 35 30 3000 49 75 14 87 533 11 506 9 44 713 254 1734 69 649 85 299 0 48 27 78 209 160 0 112 917 122 0 1450 27 1592 179 50 230 184 94 538 58 38 187 1066 233 871 472 131 1034 0 61 9 562 77 183 0 1450 196 13 20 568 811 13 35 73 
42 55 53 598 127 210 311 14 616 91 3000 41 25 229 1133 319 94 394 231 555 15 45 161 161 16 106 307 25 82 1062 138 70 169 54 2408 0 17 12 25 20 494 39 59 77 123 13 104 16 151 14 837 51 10 16 18 100 275 497 8 84 617 1966 20 12 61 0 749 28 26 37 19 33 218 32 61 1131 1899 18 41 3000 
2946 53 109 60 64 11 183 977 425 106 1247 614 0 1078 23 0 499 0 37 483 1132 366 152 19 552 1618 224 20 800 12 132 15 22 336 0 0 25 36 491 1319 108 380 40 553 16 58 893 67 576 370 202 72 797 52 20 49 227 210 0 0 202 114 27 451 9 749 0 8 34 0 116 18 99 2048 182 1224 46 0 152 1314 
0 275 1689 46 253 1392 57 22 1827 219 333 205 195 153 77 28 32 2170 78 40 225 0 301 17 0 23 3000 45 3000 111 44 205 698 239 155 111 7 220 34 69 128 103 68 31 106 17 0 2490 944 209 11 3000 24 64 24 10 57 215 106 257 16 35 0 48 562 28 8 0 218 9 141 12 249 0 0 57 3000 116 7 553 
0 247 483 77 1332 529 2349 11 223 307 544 84 479 80 29 137 84 12 16 18 0 851 166 142 124 24 158 67 33 48 721 141 465 78 41 152 91 10 87 75 55 43 66 306 3000 251 0 342 353 18 26 424 72 1066 219 43 7 1471 290 567 99 71 0 262 77 26 34 218 0 1965 53 38 145 385 85 687 19 185 235 29 
0 11 21 0 3000 31 67 0 29 0 204 124 142 0 67 29 152 58 139 210 706 0 316 83 0 41 11 930 102 99 17 655 335 201 75 11 0 35 1200 256 110 84 2226 15 0 12 0 1821 159 72 163 13 57 9 35 57 928 412 772 8 102 176 0 211 183 37 0 9 1965 0 251 14 10 0 0 15 182 1027 3000 37 
0 182 2247 8 14 121 2051 92 0 44 15 1091 81 257 0 88 8 0 230 210 0 0 0 32 45 0 31 0 705 72 8 15 3000 113 69 7 0 44 34 263 26 18 0 3000 1101 670 0 12 0 12 1074 1222 3000 11 307 0 73 0 0 0 0 691 0 521 0 19 116 141 53 251 0 0 388 0 20 7 14 245 133 129 
172 3000 208 0 0 0 207 0 15 0 775 0 419 0 61 3000 9 27 389 1323 517 43 251 19 0 12 211 44 12 474 516 0 245 272 11 0 1214 1117 70 0 59 0 20 19 0 0 38 105 44 16 33 0 0 2601 0 184 36 179 52 79 47 120 93 0 1450 33 18 12 38 14 0 0 22 7 20 17 0 517 81 1053 
0 2166 109 58 72 49 12 9 555 11 26 126 3000 166 33 481 18 20 50 40 35 194 95 15 2250 81 36 160 379 74 56 72 32 57 18 74 461 15 198 180 3000 26 14 223 3000 3000 0 528 3000 14 129 123 21 37 106 58 18 3000 699 568 62 352 0 1823 196 218 99 249 145 10 388 22 0 126 66 73 161 72 368 1664 
34 65 89 11 46 119 30 51 50 135 75 2363 0 155 47 0 302 0 157 166 100 909 205 1103 33 163 621 240 49 41 0 20 113 135 0 0 27 102 10 543 76 0 0 69 563 0 253 75 103 121 32 0 0 331 0 66 53 70 0 0 525 334 28 167 13 32 2048 0 385 0 0 7 126 0 273 97 9 0 12 28 
8 18 410 10 114 73 14 145 323 11 1806 273 0 1176 51 0 8 0 57 37 0 215 0 46 9 0 44 133 0 21 0 99 235 12 0 0 22 13 9 1329 225 0 0 123 7 0 14 637 343 217 37 0 0 2419 0 56 512 207 0 0 617 77 83 1562 20 61 182 0 85 0 20 20 66 273 0 887 18 0 56 7 
0 2126 39 1391 40 89 70 415 16 826 23 277 45 29 127 11 224 11 589 1061 0 482 7 16 289 364 240 0 1056 180 82 12 21 16 351 289 11 55 113 87 82 20 382 16 196 18 0 65 16 73 39 51 673 9 45 60 330 16 37 13 242 60 0 439 568 1131 1224 57 687 15 7 17 73 97 887 0 237 120 13 151 
0 35 1048 17 57 251 30 8 0 140 1218 54 249 77 66 54 9 0 50 116 0 0 0 1505 24 0 47 0 655 546 17 348 850 1055 25 215 3000 131 17 12 32 52 0 91 728 102 0 33 0 111 12 96 1631 379 17 0 191 0 0 0 0 203 0 574 811 1899 46 3000 19 182 14 0 161 9 18 237 0 153 793 1317 
0 115 443 0 523 73 28 0 117 3000 17 1524 71 0 1594 11 113 35 7 35 64 0 43 106 0 11 10 37 1949 12 3000 17 430 80 1158 162 0 401 1791 91 49 31 332 49 40 35 0 12 865 55 333 240 3000 62 8 292 149 357 3000 29 628 65 0 141 13 18 0 116 185 1027 245 517 72 0 0 120 153 0 45 25 
