80
0 69 84 50 98 79 75 73 91 16 106 97 78 35 86 32 93 85 114 78 55 46 24 60 100 43 62 20 40 98 60 69 92 51 91 51 15 61 70 25 92 58 85 101 86 52 42 70 17 59 58 19 49 102 34 61 51 47 91 49 32 87 13 82 113 76 53 83 62 52 8 40 60 114 110 29 45 64 48 44 
69 0 32 39 34 12 6 61 25 63 41 62 17 48 38 38 25 47 46 21 14 54 55 27 32 36 40 51 49 60 14 23 62 23 24 19 67 46 40 83 29 46 16 32 25 20 32 19 72 24 49 54 56 34 37 54 44 52 33 32 58 39 75 42 46 7 56 18 52 34 70 56 62 48 43 55 44 19 57 51 
84 32 0 36 53 38 29 92 20 84 27 92 45 52 6 52 39 78 40 51 41 50 78 24 43 64 72 70 77 90 45 55 94 34 23 37 87 77 72 104 17 36 36 38 11 35 42 51 92 55 38 74 85 33 49 85 38 81 10 35 61 7 93 13 37 31 86 19 38 65 87 55 49 36 34 79 73 21 51 48 
50 39 36 0 72 51 42 85 50 54 63 96 55 16 37 23 61 80 73 59 34 15 52 15 68 48 65 41 58 95 43 56 94 18 51 24 57 68 69 73 49 11 54 66 42 22 15 54 62 50 13 46 69 63 20 74 5 64 46 8 24 38 61 33 71 45 71 44 17 54 55 19 24 71 68 55 57 23 18 12 
98 34 53 72 0 22 30 62 34 90 41 47 21 82 58 70 14 38 34 21 44 88 80 59 13 58 50 79 69 44 38 31 52 57 31 52 93 55 42 108 39 79 19 20 42 53 65 29 98 41 81 81 70 27 70 63 77 68 47 65 92 59 102 66 38 28 69 34 84 51 98 90 94 41 37 78 62 51 90 84 
79 12 38 51 22 0 10 58 25 71 39 54 7 60 44 49 15 40 40 13 23 66 62 38 22 41 40 60 54 52 19 20 56 35 23 31 75 46 36 91 29 58 7 24 29 31 44 16 80 26 60 62 58 28 49 54 56 55 36 44 70 45 83 50 41 7 58 20 63 37 79 68 73 43 39 61 48 30 69 63 
75 6 29 42 30 10 0 64 20 69 35 63 17 53 35 43 20 49 40 22 20 58 61 29 27 42 45 56 55 61 20 26 65 27 19 24 73 51 43 89 23 48 12 27 21 24 37 22 78 29 51 59 61 28 43 59 47 58 28 35 63 36 81 40 40 3 61 13 54 40 75 60 64 42 37 61 50 21 60 54 
73 61 92 85 62 58 64 0 83 58 96 30 51 82 98 66 69 26 95 47 54 94 49 80 73 37 21 58 34 32 47 38 22 69 81 62 60 17 22 67 87 95 64 79 85 64 70 43 62 38 97 55 24 85 68 12 89 27 93 77 88 99 68 101 97 63 20 77 102 31 68 92 107 100 96 44 30 76 97 90 
91 25 20 50 34 25 20 83 0 87 16 77 32 64 25 59 20 64 23 37 39 65 80 36 23 61 64 74 74 74 39 44 80 40 3 40 91 70 61 107 5 53 19 18 9 39 50 40 96 48 55 77 81 13 57 78 54 77 13 46 74 26 98 34 22 20 81 8 56 59 93 69 68 23 19 80 69 28 67 63 
16 63 84 54 90 71 69 58 87 0 103 83 69 42 87 33 86 71 109 69 49 55 10 61 93 32 48 14 25 84 52 59 77 50 87 48 4 46 57 20 89 64 78 95 84 49 42 61 9 49 65 10 34 97 36 46 57 31 90 51 42 88 12 85 109 70 37 79 69 40 10 49 69 110 106 14 32 63 57 52 
106 41 27 63 41 39 35 96 16 103 0 87 45 77 30 73 29 76 14 50 54 77 95 48 28 77 78 89 90 85 55 59 91 55 17 56 107 84 75 123 14 63 32 21 20 55 65 54 112 63 65 93 96 14 72 93 65 93 17 59 87 30 114 39 9 35 96 24 65 74 108 82 77 9 7 95 85 42 78 75 
97 62 92 96 47 54 63 30 77 83 87 0 46 98 98 82 59 15 82 41 61 108 74 87 60 56 36 80 58 3 53 40 8 78 74 71 86 37 28 95 82 105 57 67 82 73 82 43 89 46 107 78 51 74 84 39 100 52 89 88 106 99 94 103 85 61 48 73 111 47 93 108 119 88 84 69 52 80 111 104 
78 17 45 55 21 7 17 51 32 69 45 46 0 63 51 50 19 33 45 5 24 70 60 43 25 38 34 59 50 45 17 14 48 38 30 33 73 40 30 88 37 63 13 29 36 34 46 10 78 22 65 60 53 34 50 48 60 50 43 48 72 52 81 57 47 14 52 27 69 32 77 71 78 49 45 58 44 36 72 66 
35 48 52 16 82 60 53 82 64 42 77 98 63 0 53 17 72 83 87 65 40 13 42 29 80 45 64 30 51 98 47 61 95 26 65 30 44 66 70 59 64 23 65 78 57 29 17 59 49 52 23 35 63 77 14 70 16 59 61 19 10 54 47 48 86 55 66 57 27 52 41 10 28 86 83 46 53 36 15 10 
86 38 6 37 58 44 35 98 25 87 30 98 51 53 0 55 44 84 43 56 46 50 81 26 48 69 77 73 81 96 51 61 99 37 28 41 90 83 77 107 21 35 41 43 17 39 45 57 96 60 36 77 90 37 52 91 39 86 13 37 62 1 96 9 39 37 91 25 36 70 90 55 47 38 37 83 78 25 50 48 
32 38 52 23 70 49 43 66 59 33 73 82 50 17 55 0 63 67 81 52 26 29 29 28 70 28 47 19 36 82 33 46 79 19 59 19 36 50 54 52 60 33 54 70 53 19 10 45 41 36 35 24 47 70 3 54 26 43 59 19 24 55 41 52 80 45 50 51 39 36 35 26 43 82 78 32 37 32 31 25 
93 25 39 61 14 15 20 69 20 86 29 59 19 72 44 63 0 47 26 23 38 77 77 47 7 56 53 74 68 56 34 33 62 47 17 44 90 59 48 106 25 66 8 10 28 44 56 29 95 40 69 77 72 16 62 67 65 69 33 55 82 45 98 52 28 18 71 20 71 51 93 80 82 31 27 76 62 39 79 73 
85 47 78 80 38 40 49 26 64 71 76 15 33 83 84 67 47 0 72 27 46 93 62 71 50 42 23 66 46 15 38 24 16 63 62 56 75 26 14 85 69 90 45 57 69 58 67 28 78 31 92 65 42 63 69 30 85 42 76 72 91 85 83 89 75 47 39 60 96 33 81 93 104 78 74 58 40 65 96 89 
114 46 40 73 34 40 40 95 23 109 14 82 45 87 43 81 26 72 0 49 60 88 101 59 22 81 79 96 93 79 58 59 87 63 23 63 113 85 74 129 24 75 32 16 31 62 73 55 118 65 77 99 98 12 80 93 76 95 30 69 97 44 120 52 5 39 97 31 78 77 115 92 89 8 6 100 88 52 90 86 
78 21 51 59 21 13 22 47 37 69 50 41 5 65 56 52 23 27 49 0 26 73 59 47 28 37 30 59 48 40 19 10 43 41 35 36 72 36 25 87 42 67 18 33 41 37 49 8 77 20 69 60 50 38 52 44 64 48 49 51 75 57 81 62 51 20 49 33 73 30 77 74 82 54 49 57 41 40 76 69 
55 14 41 34 44 23 20 54 39 49 54 61 24 40 46 26 38 46 60 26 0 48 41 26 45 23 33 37 36 60 8 22 60 17 38 10 53 38 35 69 42 44 29 46 37 12 23 20 58 16 46 40 44 48 26 45 39 40 44 27 49 47 61 48 60 21 45 31 50 24 56 49 58 61 57 41 32 22 51 44 
46 54 50 15 88 66 58 94 65 55 77 108 70 13 50 29 77 93 88 73 48 0 55 30 84 57 75 43 64 108 56 70 106 32 67 38 57 78 81 71 64 15 69 81 57 36 26 68 61 62 14 48 76 78 26 83 12 72 60 22 15 50 59 43 86 60 78 59 17 64 52 7 15 86 83 59 65 38 3 4 
24 55 78 52 80 62 61 49 80 10 95 74 60 42 81 29 77 62 101 59 41 55 0 56 84 22 38 11 16 75 43 49 68 44 79 41 14 37 47 28 82 62 69 86 77 42 38 51 18 39 63 7 26 89 32 37 55 23 83 47 44 82 22 80 101 62 29 72 68 30 20 50 69 102 98 5 22 57 57 51 
60 27 24 15 59 38 29 80 36 61 48 87 43 29 26 28 47 71 59 47 26 30 56 0 54 46 59 47 58 86 34 47 86 12 37 18 64 64 62 80 35 20 40 51 28 16 19 44 69 42 22 51 68 49 26 70 18 63 32 11 38 27 70 25 57 31 69 29 26 49 63 34 35 57 54 58 55 8 32 27 
100 32 43 68 13 22 27 73 23 93 28 60 25 80 48 70 7 50 22 28 45 84 84 54 0 63 58 82 75 57 41 39 65 54 21 51 97 64 52 113 28 73 16 7 32 51 64 35 102 47 75 84 78 14 70 72 72 76 36 62 90 49 105 57 25 25 77 26 77 58 101 87 88 28 24 83 69 45 86 80 
43 36 64 48 58 41 42 37 61 32 77 56 38 45 69 28 56 42 81 37 23 57 22 46 63 0 20 24 13 56 23 27 52 34 60 28 36 21 27 50 65 59 49 66 60 30 33 29 40 17 61 24 22 69 31 26 52 17 68 41 52 70 44 70 81 42 23 54 65 9 41 55 70 83 79 20 10 44 60 53 
62 40 72 65 50 40 45 21 64 48 78 36 34 64 77 47 53 23 79 30 33 75 38 59 58 20 0 43 23 37 27 20 32 48 62 41 51 6 9 63 68 75 47 63 66 44 50 24 55 17 77 42 21 68 49 14 69 20 73 57 71 78 60 81 81 44 19 58 81 11 58 74 88 83 79 34 16 55 78 71 
20 51 70 41 79 60 56 58 74 14 89 80 59 30 73 19 74 66 96 59 37 43 11 47 82 24 43 0 24 80 41 50 75 36 74 34 17 44 52 34 76 51 66 83 70 35 28 51 23 39 52 5 35 84 22 45 44 32 76 37 33 74 24 71 96 58 39 66 57 33 19 39 58 97 93 16 28 49 45 40 
40 49 77 58 69 54 55 34 74 25 90 58 50 51 81 36 68 46 93 48 36 64 16 58 75 13 23 24 0 59 36 37 52 46 73 40 29 21 32 40 78 68 61 78 73 42 42 40 32 28 70 21 11 82 39 21 62 7 81 52 56 82 37 82 94 55 14 67 75 18 35 61 78 96 92 12 7 57 67 60 
98 60 90 95 44 52 61 32 74 84 85 3 45 98 96 82 56 15 79 40 60 108 75 86 57 56 37 80 59 0 52 39 11 77 72 71 87 38 29 97 80 104 55 64 80 73 82 42 91 46 107 79 53 71 83 41 100 54 87 87 106 97 96 102 83 59 50 71 110 47 94 107 119 86 82 71 53 79 110 104 
60 14 45 43 38 19 20 47 39 52 55 53 17 47 51 33 34 38 58 19 8 56 43 34 41 23 27 41 36 52 0 14 52 25 38 18 56 32 28 72 43 52 26 43 39 20 31 12 61 10 54 43 42 46 34 40 48 38 47 35 57 52 64 54 59 20 42 32 58 20 60 57 66 61 56 42 30 29 59 52 
69 23 55 56 31 20 26 38 44 59 59 40 14 61 61 46 33 24 59 10 22 70 49 47 39 27 20 50 37 39 14 0 40 39 43 32 63 26 17 77 49 65 27 43 47 34 44 4 67 11 68 51 40 48 47 34 61 37 55 48 69 62 71 65 60 25 39 39 72 20 68 70 80 63 59 47 31 41 72 66 
92 62 94 94 52 56 65 22 80 77 91 8 48 95 99 79 62 16 87 43 60 106 68 86 65 52 32 75 52 11 52 40 0 77 77 70 80 31 25 89 85 104 60 71 85 72 80 43 83 45 106 73 45 78 81 32 99 46 92 86 103 100 88 105 90 63 41 76 110 43 88 105 118 93 89 64 47 81 109 102 
51 23 34 18 57 35 27 69 40 50 55 78 38 26 37 19 47 63 63 41 17 32 44 12 54 34 48 36 46 77 25 39 77 0 41 7 54 53 52 70 41 27 39 53 35 5 10 37 59 33 29 40 56 52 17 59 22 51 40 10 36 38 60 36 62 29 57 33 33 38 54 33 41 63 59 46 44 13 34 28 
91 24 23 51 31 23 19 81 3 87 17 74 30 65 28 59 17 62 23 35 38 67 79 37 21 60 62 74 73 72 38 43 77 41 0 40 91 68 59 107 8 54 17 15 11 40 51 38 96 47 57 77 80 12 57 76 55 76 16 46 75 29 98 36 22 19 79 8 58 58 93 71 69 23 19 79 68 29 68 64 
51 19 37 24 52 31 24 62 40 48 56 71 33 30 41 19 44 56 63 36 10 38 41 18 51 28 41 34 40 71 18 32 70 7 40 0 51 46 45 68 42 34 36 51 36 2 13 30 57 25 36 38 50 51 18 52 29 45 43 16 40 42 58 42 62 26 51 32 40 31 53 39 48 63 59 42 38 17 40 34 
15 67 87 57 93 75 73 60 91 4 107 86 73 44 90 36 90 75 113 72 53 57 14 64 97 36 51 17 29 87 56 63 80 54 91 51 0 49 61 17 93 66 82 99 87 53 45 65 5 52 67 14 36 101 39 48 59 34 94 54 44 91 9 88 112 74 40 83 72 44 8 51 71 114 110 17 35 67 58 54 
61 46 77 68 55 46 51 17 70 46 84 37 40 66 83 50 59 26 85 36 38 78 37 64 64 21 6 44 21 38 32 26 31 53 68 46 49 0 13 60 74 78 53 69 71 48 53 30 53 23 81 42 17 73 52 8 73 16 79 61 73 84 58 86 86 50 14 63 85 14 56 76 91 89 84 33 15 60 81 74 
70 40 72 69 42 36 43 22 61 57 75 28 30 70 77 54 48 14 74 25 35 81 47 62 52 27 9 52 32 29 28 17 25 52 59 45 61 13 0 72 66 79 43 58 64 47 55 21 64 19 81 51 30 63 55 20 74 29 72 61 78 78 69 81 76 42 27 56 85 19 67 80 92 79 74 44 26 56 83 77 
25 83 104 73 108 91 89 67 107 20 123 95 88 59 107 52 106 85 129 87 69 71 28 80 113 50 63 34 40 97 72 77 89 70 107 68 17 60 72 0 110 81 98 115 104 69 62 79 11 67 82 30 44 117 55 56 75 44 110 71 57 107 12 104 129 90 48 99 87 57 18 65 85 130 126 30 47 83 72 68 
92 29 17 49 39 29 23 87 5 89 14 82 37 64 21 60 25 69 24 42 42 64 82 35 28 65 68 76 78 80 43 49 85 41 8 42 93 74 66 110 0 51 24 22 7 41 51 45 98 52 53 80 85 16 58 82 52 81 8 45 73 22 100 30 22 24 85 11 54 63 94 68 65 22 19 82 73 28 65 62 
58 46 36 11 79 58 48 95 53 64 63 105 63 23 35 33 66 90 75 67 44 15 62 20 73 59 75 51 68 104 52 65 104 27 54 34 66 78 79 81 51 0 60 69 44 32 26 63 71 59 3 56 79 66 30 84 7 75 46 18 28 35 70 28 72 51 81 47 7 64 63 21 16 72 70 65 68 28 15 14 
85 16 36 54 19 7 12 64 19 78 32 57 13 65 41 54 8 45 32 18 29 69 69 40 16 49 47 66 61 55 26 27 60 39 17 36 82 53 43 98 24 60 0 17 25 36 48 23 87 33 62 69 66 21 54 61 58 62 32 47 74 42 90 48 34 10 65 17 65 44 85 72 75 36 32 68 55 32 72 66 
101 32 38 66 20 24 27 79 18 95 21 67 29 78 43 70 10 57 16 33 46 81 86 51 7 66 63 83 78 64 43 43 71 53 15 51 99 69 58 115 22 69 17 0 27 51 63 39 104 50 72 86 82 7 69 77 69 79 30 60 88 43 107 51 19 25 81 22 73 61 102 84 85 22 17 86 72 43 83 78 
86 25 11 42 42 29 21 85 9 84 20 82 36 57 17 53 28 69 31 41 37 57 77 28 32 60 66 70 73 80 39 47 85 35 11 36 87 71 64 104 7 44 25 27 0 35 44 43 93 49 46 74 81 22 51 79 45 77 8 39 66 18 94 25 29 22 81 9 47 59 88 62 59 29 26 77 69 22 59 55 
52 20 35 22 53 31 24 64 39 49 55 73 34 29 39 19 44 58 62 37 12 36 42 16 51 30 44 35 42 73 20 34 72 5 40 2 53 48 47 69 41 32 36 51 35 0 12 32 58 28 34 39 52 51 18 55 27 48 41 14 39 40 59 40 61 27 54 32 38 34 54 37 46 62 59 44 40 15 39 32 
42 32 42 15 65 44 37 70 50 42 65 82 46 17 45 10 56 67 73 49 23 26 38 19 64 33 50 28 42 82 31 44 80 10 51 13 45 53 55 62 51 26 48 63 44 12 0 43 51 36 28 33 53 62 7 59 20 49 50 9 26 46 51 43 72 39 55 43 33 39 45 26 38 73 69 41 42 23 29 22 
70 19 51 54 29 16 22 43 40 61 54 43 10 59 57 45 29 28 55 8 20 68 51 44 35 29 24 51 40 42 12 4 43 37 38 30 65 30 21 79 45 63 23 39 43 32 43 0 69 12 65 52 43 43 46 38 59 41 50 46 68 58 73 61 56 21 42 34 69 23 69 69 78 59 54 49 34 38 70 64 
17 72 92 62 98 80 78 62 96 9 112 89 78 49 96 41 95 78 118 77 58 61 18 69 102 40 55 23 32 91 61 67 83 59 96 57 5 53 64 11 98 71 87 104 93 58 51 69 0 57 72 19 38 106 44 51 64 37 99 59 47 96 6 93 118 79 42 88 76 48 9 55 75 119 115 21 39 72 62 58 
59 24 55 50 41 26 29 38 48 49 63 46 22 52 60 36 40 31 65 20 16 62 39 42 47 17 17 39 28 46 10 11 45 33 47 25 52 23 19 67 52 59 33 50 49 28 36 12 57 0 62 40 33 54 38 30 54 30 57 42 60 61 61 63 67 28 33 41 66 11 57 61 73 69 64 37 22 38 65 58 
58 49 38 13 81 60 51 97 55 65 65 107 65 23 36 35 69 92 77 69 46 14 63 22 75 61 77 52 70 107 54 68 106 29 57 36 67 81 81 82 53 3 62 72 46 34 28 65 72 62 0 57 81 68 32 87 9 77 47 20 28 36 70 29 74 54 83 50 5 66 64 21 13 74 71 67 70 30 14 15 
19 54 74 46 81 62 59 55 77 10 93 78 60 35 77 24 77 65 99 60 40 48 7 51 84 24 42 5 21 79 43 51 73 40 77 38 14 42 51 30 80 56 69 86 74 39 33 52 19 40 57 0 32 87 27 42 49 28 80 42 38 78 21 76 99 61 35 70 62 33 17 44 63 100 96 12 26 54 51 45 
49 56 85 69 70 58 61 24 81 34 96 51 53 63 90 47 72 42 98 50 44 76 26 68 78 22 21 35 11 53 42 40 45 56 80 50 36 17 30 44 85 79 66 82 81 52 53 43 38 33 81 32 0 87 50 12 73 4 88 62 68 91 44 92 99 61 4 74 86 22 44 72 90 102 97 21 12 66 78 72 
102 34 33 63 27 28 28 85 13 97 14 74 34 77 37 70 16 63 12 38 48 78 89 49 14 69 68 84 82 71 46 48 78 52 12 51 101 73 63 117 16 66 21 7 22 51 62 43 106 54 68 87 87 0 69 82 67 83 24 58 86 38 108 46 13 27 86 20 69 65 103 82 81 16 11 88 76 41 80 76 
34 37 49 20 70 49 43 68 57 36 72 84 50 14 52 3 62 69 80 52 26 26 32 26 70 31 49 22 39 83 34 47 81 17 57 18 39 52 55 55 58 30 54 69 51 18 7 46 44 38 32 27 50 69 0 57 23 46 57 16 23 53 44 49 79 45 53 49 36 38 38 24 40 80 76 35 39 30 29 22 
61 54 85 74 63 54 59 12 78 46 93 39 48 70 91 54 67 30 93 44 45 83 37 70 72 26 14 45 21 41 40 34 32 59 76 52 48 8 20 56 82 84 61 77 79 55 59 38 51 30 87 42 12 82 57 0 78 14 87 67 76 92 56 93 95 58 9 71 91 21 56 80 96 97 93 32 18 67 85 79 
51 44 38 5 77 56 47 89 54 57 65 100 60 16 39 26 65 85 76 64 39 12 55 18 72 52 69 44 62 100 48 61 99 22 55 29 59 73 74 75 52 7 58 69 45 27 20 59 64 54 9 49 73 67 23 78 0 68 48 13 23 39 63 33 74 49 75 47 13 58 56 17 19 74 71 58 61 27 13 10 
47 52 81 64 68 55 58 27 77 31 93 52 50 59 86 43 69 42 95 48 40 72 23 63 76 17 20 32 7 54 38 37 46 51 76 45 34 16 29 44 81 75 62 79 77 48 49 41 37 30 77 28 4 83 46 14 68 0 84 58 64 87 42 87 96 57 7 70 81 18 42 68 85 98 94 18 8 62 74 68 
91 33 10 46 47 36 28 93 13 90 17 89 43 61 13 59 33 76 30 49 44 60 83 32 36 68 73 76 81 87 47 55 92 40 16 43 94 79 72 110 8 46 32 30 8 41 50 50 99 57 47 80 88 24 57 87 48 84 0 43 70 14 100 22 27 30 89 16 48 67 94 65 59 26 24 84 76 27 61 58 
49 32 35 8 65 44 35 77 46 51 59 88 48 19 37 19 55 72 69 51 27 22 47 11 62 41 57 37 52 87 35 48 86 10 46 16 54 61 61 71 45 18 47 60 39 14 9 46 59 42 20 42 62 58 16 67 13 58 43 0 28 37 60 34 67 38 64 38 25 46 53 25 32 68 64 50 50 17 25 19 
32 58 61 24 92 70 63 88 74 42 87 106 72 10 62 24 82 91 97 75 49 15 44 38 90 52 71 33 56 106 57 69 103 36 75 40 44 73 78 57 73 28 74 88 66 39 26 68 47 60 28 38 68 86 23 76 23 64 70 28 0 62 45 56 95 65 71 67 32 60 39 8 28 95 92 49 59 46 16 14 
87 39 7 38 59 45 36 99 26 88 30 99 52 54 1 55 45 85 44 57 47 50 82 27 49 70 78 74 82 97 52 62 100 38 29 42 91 84 78 107 22 35 42 43 18 40 46 58 96 61 36 78 91 38 53 92 39 87 14 37 62 0 97 8 40 38 92 26 36 71 90 55 47 39 37 84 79 25 50 48 
13 75 93 61 102 83 81 68 98 12 114 94 81 47 96 41 98 83 120 81 61 59 22 70 105 44 60 24 37 96 64 71 88 60 98 58 9 58 69 12 100 70 90 107 94 59 51 73 6 61 70 21 44 108 44 56 63 42 100 60 45 97 0 93 120 82 47 90 75 52 6 53 73 121 117 25 43 73 60 56 
82 42 13 33 66 50 40 101 34 85 39 103 57 48 9 52 52 89 52 62 48 43 80 25 57 70 81 71 82 102 54 65 105 36 36 42 88 86 81 104 30 28 48 51 25 40 43 61 93 63 29 76 92 46 49 93 33 87 22 34 56 8 93 0 48 43 93 32 28 72 87 49 39 47 46 83 79 26 43 42 
113 46 37 71 38 41 40 97 22 109 9 85 47 86 39 80 28 75 5 51 60 86 101 57 25 81 81 96 94 83 59 60 90 62 22 62 112 86 76 129 22 72 34 19 29 61 72 56 118 67 74 99 99 13 79 95 74 96 27 67 95 40 120 48 0 39 99 30 75 78 114 90 86 3 3 100 89 50 87 83 
76 7 31 45 28 7 3 63 20 70 35 61 14 55 37 45 18 47 39 20 21 60 62 31 25 42 44 58 55 59 20 25 63 29 19 26 74 50 42 90 24 51 10 25 22 27 39 21 79 28 54 61 61 27 45 58 49 57 30 38 65 38 82 43 39 0 61 14 56 39 77 63 67 41 37 61 50 23 62 57 
53 56 86 71 69 58 61 20 81 37 96 48 52 66 91 50 71 39 97 49 45 78 29 69 77 23 19 39 14 50 42 39 41 57 79 51 40 14 27 48 85 81 65 81 81 54 55 42 42 33 83 35 4 86 53 9 75 7 89 64 71 92 47 93 99 61 0 74 88 22 47 75 92 101 97 24 14 67 81 74 
83 18 19 44 34 20 13 77 8 79 24 73 27 57 25 51 20 60 31 33 31 59 72 29 26 54 58 66 67 71 32 39 76 33 8 32 83 63 56 99 11 47 17 22 9 32 43 34 88 41 50 70 74 20 49 71 47 70 16 38 67 26 90 32 30 14 74 0 51 52 85 63 63 31 27 72 62 21 61 56 
62 52 38 17 84 63 54 102 56 69 65 111 69 27 36 39 71 96 78 73 50 17 68 26 77 65 81 57 75 110 58 72 110 33 58 40 72 85 85 87 54 7 65 73 47 38 33 69 76 66 5 62 86 69 36 91 13 81 48 25 32 36 75 28 75 56 88 51 0 71 68 24 11 74 72 71 74 33 17 18 
52 34 65 54 51 37 40 31 59 40 74 47 32 52 70 36 51 33 77 30 24 64 30 49 58 9 11 33 18 47 20 20 43 38 58 31 44 14 19 57 63 64 44 61 59 34 39 23 48 11 66 33 22 65 38 21 58 18 67 46 60 71 52 72 78 39 22 52 71 0 50 62 77 80 76 27 11 46 67 60 
8 70 87 55 98 79 75 68 93 10 108 93 77 41 90 35 93 81 115 77 56 52 20 63 101 41 58 19 35 94 60 68 88 54 93 53 8 56 67 18 94 63 85 102 88 54 45 69 9 57 64 17 44 103 38 56 56 42 94 53 39 90 6 87 114 77 47 85 68 50 0 46 66 116 112 24 41 67 54 50 
40 56 55 19 90 68 60 92 69 49 82 108 71 10 55 26 80 93 92 74 49 7 50 34 87 55 74 39 61 107 57 70 105 33 71 39 51 76 80 65 68 21 72 84 62 37 26 69 55 61 21 44 72 82 24 80 17 68 65 25 8 55 53 49 90 63 75 63 24 62 46 0 20 90 87 55 63 42 8 7 
60 62 49 24 94 73 64 107 68 69 77 119 78 28 47 43 82 104 89 82 58 15 69 35 88 70 88 58 78 119 66 80 118 41 69 48 71 91 92 85 65 16 75 85 59 46 38 78 75 73 13 63 90 81 40 96 19 85 59 32 28 47 73 39 86 67 92 63 11 77 66 20 0 86 83 73 79 44 12 18 
114 48 36 71 41 43 42 100 23 110 9 88 49 86 38 82 31 78 8 54 61 86 102 57 28 83 83 97 96 86 61 63 93 63 23 63 114 89 79 130 22 72 36 22 29 62 73 59 119 69 74 100 102 16 80 97 74 98 26 68 95 39 121 47 3 41 101 31 74 80 116 90 86 0 5 102 91 51 87 83 
110 43 34 68 37 39 37 96 19 106 7 84 45 83 37 78 27 74 6 49 57 83 98 54 24 79 79 93 92 82 56 59 89 59 19 59 110 84 74 126 19 70 32 17 26 59 69 54 115 64 71 96 97 11 76 93 71 94 24 64 92 37 117 46 3 37 97 27 72 76 112 87 83 5 0 98 86 47 84 81 
29 55 79 55 78 61 61 44 80 14 95 69 58 46 83 32 76 58 100 57 41 59 5 58 83 20 34 16 12 71 42 47 64 46 79 42 17 33 44 30 82 65 68 86 77 44 41 49 21 37 67 12 21 88 35 32 58 18 84 50 49 84 25 83 100 61 24 72 71 27 24 55 73 102 98 0 18 59 61 55 
45 44 73 57 62 48 50 30 69 32 85 52 44 53 78 37 62 40 88 41 32 65 22 55 69 10 16 28 7 53 30 31 47 44 68 38 35 15 26 47 73 68 55 72 69 40 42 34 39 22 70 26 12 76 39 18 61 8 76 50 59 79 43 79 89 50 14 62 74 11 41 63 79 91 86 18 0 54 68 61 
64 19 21 23 51 30 21 76 28 63 42 80 36 36 25 32 39 65 52 40 22 38 57 8 45 44 55 49 57 79 29 41 81 13 29 17 67 60 56 83 28 28 32 43 22 15 23 38 72 38 30 54 66 41 30 67 27 62 27 17 46 25 73 26 50 23 67 21 33 46 67 42 44 51 47 59 54 0 40 35 
48 57 51 18 90 69 60 97 67 57 78 111 72 15 50 31 79 96 90 76 51 3 57 32 86 60 78 45 67 110 59 72 109 34 68 40 58 81 83 72 65 15 72 83 59 39 29 70 62 65 14 51 78 80 29 85 13 74 61 25 16 50 60 43 87 62 81 61 17 67 54 8 12 87 84 61 68 40 0 7 
44 51 48 12 84 63 54 90 63 52 75 104 66 10 48 25 73 89 86 69 44 4 51 27 80 53 71 40 60 104 52 66 102 28 64 34 54 74 77 68 62 14 66 78 55 32 22 64 58 58 15 45 72 76 22 79 10 68 58 19 14 48 56 42 83 57 74 56 18 60 50 7 18 83 81 55 61 35 7 0 
0 285 17 898 12 0 39 122 0 185 943 81 9 0 21 0 591 125 34 1099 0 14 400 8 0 0 0 0 0 122 226 14 362 91 108 59 42 0 109 87 8 100 0 444 0 0 0 17 493 0 132 363 0 0 0 0 21 1641 337 0 210 0 0 324 953 3000 20 268 0 0 231 115 0 0 0 27 18 100 30 2254 
285 0 132 2502 0 1176 30 111 687 0 155 0 546 118 106 1249 177 60 125 0 49 10 80 11 0 0 11 127 454 10 13 396 92 52 9 73 0 65 757 9 64 1117 92 21 8 83 0 0 500 141 640 704 323 476 1621 484 332 855 13 0 36 18 15 15 9 13 53 28 96 0 43 366 47 9 0 132 11 0 155 63 
17 132 0 28 55 13 54 465 94 0 90 91 25 0 315 40 71 96 229 116 52 13 3000 219 8 961 150 628 0 82 11 22 1047 13 976 434 66 180 46 44 388 47 415 8 8 130 62 17 0 93 20 438 10 321 169 118 82 153 13 899 393 16 569 73 40 14 104 750 0 136 701 86 158 23 93 59 12 20 27 8 
898 2502 28 0 0 28 15 16 20 425 187 208 36 1535 443 986 39 2384 213 0 0 12 297 86 0 0 17 0 132 8 90 13 47 565 310 1262 223 21 2774 556 617 91 107 725 177 1475 0 0 9 13 14 28 48 88 36 422 8 33 907 0 66 551 8 1403 69 134 10 8 85 0 33 131 209 855 0 989 184 2450 1129 12 
12 0 55 0 0 11 38 78 0 0 0 247 0 0 678 0 0 102 0 19 0 245 146 0 147 105 432 81 0 407 0 434 0 0 255 0 244 12 0 21 456 1310 0 153 0 0 226 950 0 0 268 0 0 0 60 0 862 77 80 61 396 0 0 13 2058 12 8 0 0 23 22 0 0 259 24 0 26 511 778 219 
0 1176 13 28 11 0 59 57 2101 0 44 117 3000 31 7 64 142 486 842 1449 819 25 731 2593 38 71 398 75 1330 60 24 10 33 12 99 276 203 58 0 93 1333 214 645 24 17 143 126 18 67 329 200 109 847 676 23 428 8 3000 8 455 1584 77 209 3000 548 536 63 24 0 15 183 60 2048 309 67 7 79 493 1069 90 
39 30 54 15 38 59 0 863 28 386 59 109 93 80 91 696 402 8 622 423 0 1876 94 7 3000 1823 232 0 435 129 89 694 76 1539 56 18 123 16 3000 74 12 41 0 220 0 0 54 180 92 105 62 33 0 719 0 0 48 94 3000 47 1201 0 0 40 1549 834 51 70 0 0 377 1406 57 88 0 933 11 12 76 51 
122 111 465 16 78 57 863 0 8 0 112 287 355 0 2013 40 50 78 15 105 203 58 424 0 79 60 37 18 0 27 60 403 49 9 2369 1982 785 78 0 15 11 1013 108 2737 38 8 42 51 613 294 17 190 207 12 107 30 445 16 115 421 10 286 302 21 328 77 158 78 0 11 149 30 97 2978 54 760 37 110 427 7 
0 687 94 20 0 2101 28 8 0 0 310 491 645 40 214 59 307 308 75 341 109 211 564 0 1156 0 233 391 401 0 10 97 17 33 80 8 0 2393 0 187 133 654 39 356 20 246 48 571 19 9 0 271 946 103 35 12 29 7 275 3000 16 665 469 17 501 1472 1860 65 0 2590 29 345 106 126 101 336 109 0 0 38 
185 0 0 425 0 0 386 0 0 0 234 54 0 0 80 0 8 973 59 0 0 0 0 213 0 0 0 0 0 152 0 35 11 8 68 746 749 0 122 471 0 60 0 50 0 0 0 0 249 0 20 1996 0 0 0 0 0 0 666 0 160 0 0 2454 0 593 283 38 0 0 368 2563 0 0 0 0 30 22 864 361 
943 155 90 187 0 44 59 112 310 234 0 73 41 131 2087 161 508 86 157 9 94 1245 41 73 0 0 572 13 25 12 11 7 546 17 593 55 274 42 128 221 109 22 111 11 1263 503 77 16 981 9 67 24 14 13 25 198 12 641 283 0 187 166 623 10 109 289 26 169 48 299 9 183 145 55 885 61 382 260 26 179 
81 0 91 208 247 117 109 287 491 54 73 0 0 0 240 800 0 295 127 462 116 19 64 903 13 90 9 381 0 8 74 561 1040 105 383 26 67 441 395 29 10 210 12 1224 0 2324 158 54 0 61 622 91 21 180 3000 336 11 724 80 158 158 553 16 30 86 43 1428 0 0 10 16 18 62 22 30 0 95 146 2138 623 
9 546 25 36 0 3000 93 355 645 0 41 0 0 224 622 250 21 212 251 0 3000 74 53 354 0 0 553 234 220 0 476 15 101 195 3000 25 0 183 25 65 9 128 20 688 57 25 0 0 8 3000 275 359 3000 82 472 596 547 395 1045 0 71 95 60 750 62 1912 751 78 2114 42 38 54 70 45 0 28 349 0 70 17 
0 118 0 1535 0 31 80 0 40 0 131 0 224 0 0 464 65 0 565 0 0 0 0 20 0 0 0 0 13 0 220 63 211 32 51 91 0 0 1276 793 0 0 275 21 1642 470 0 0 210 59 0 127 226 1917 0 49 599 0 1111 0 0 0 127 0 27 0 28 937 247 0 106 500 90 40 0 79 15 0 62 602 
21 106 315 443 678 7 91 2013 214 80 2087 240 622 0 0 116 13 2593 1520 8 0 217 405 12 52 36 34 0 0 128 111 655 37 82 38 3000 234 562 290 56 307 9 0 870 0 0 23 126 0 750 10 377 0 32 709 0 177 17 23 45 248 0 0 8 53 161 1479 311 0 0 13 55 9 361 805 468 28 846 792 1737 
0 1249 40 986 0 64 696 40 59 0 161 800 250 464 116 0 33 3000 50 10 22 262 1194 0 412 0 8 27 267 0 1037 415 295 52 886 3000 0 142 0 138 56 501 2676 17 88 556 106 29 78 112 0 478 790 28 80 238 185 1484 1315 0 1101 112 1136 3000 271 404 102 49 0 64 126 352 7 92 178 73 54 0 0 476 
591 177 71 39 0 142 402 50 307 8 508 0 21 65 13 33 0 29 30 0 0 0 51 139 0 0 0 0 882 39 3000 14 10 13 10 38 20 0 82 14 253 351 156 152 68 23 0 0 31 632 136 1325 230 1053 0 694 400 1712 804 0 26 0 22 3000 58 658 795 18 171 0 278 120 610 321 0 30 9 8 13 73 
125 60 96 2384 102 486 8 78 308 973 86 295 212 0 2593 3000 29 0 15 12 0 222 1339 120 103 596 82 0 0 686 99 27 91 913 210 50 13 46 17 148 419 30 0 72 0 0 84 257 2608 13 11 31 0 89 20 0 23 16 68 3000 1235 0 0 20 101 37 466 368 0 0 11 827 746 145 10 15 256 61 1118 648 
34 125 229 213 0 842 622 15 75 59 157 127 251 565 1520 50 30 15 0 0 0 126 708 12 0 0 256 0 308 2087 2484 150 150 122 76 25 36 380 1189 127 20 41 8 15 300 804 0 0 1074 139 17 27 9 286 21 195 222 506 35 0 1968 27 177 29 26 178 297 257 86 0 3000 26 86 10 0 239 36 1025 458 32 
1099 0 116 0 19 1449 423 105 341 0 9 462 0 0 8 10 0 12 0 0 27 121 36 0 34 81 771 82 0 812 0 39 569 0 198 3000 56 208 0 278 118 11 196 2061 0 199 2532 120 0 313 178 0 97 126 43 42 112 122 67 86 359 0 0 271 36 13 164 0 0 15 490 0 0 15 54 0 946 405 2151 149 
0 49 52 0 0 819 0 203 109 0 94 116 3000 0 0 22 0 0 0 27 0 82 3000 0 1375 149 644 481 0 0 486 35 0 0 0 291 0 10 0 0 106 18 237 97 79 589 73 1162 0 91 0 214 321 709 7 30 1877 17 0 351 121 131 3000 0 710 0 107 0 0 1193 1544 293 928 103 57 0 172 0 0 0 
14 10 13 12 245 25 1876 58 211 0 1245 19 74 0 217 262 0 222 126 121 82 0 263 0 584 13 66 336 0 13 56 104 13 0 220 14 156 17 0 8 969 308 29 52 0 126 108 1295 0 286 12 7 201 130 183 773 2164 141 70 60 71 153 495 38 39 77 17 0 0 42 125 321 291 18 186 0 74 242 673 29 
400 80 3000 297 146 731 94 424 564 0 41 64 53 0 405 1194 51 1339 708 36 3000 263 0 170 335 103 23 333 36 349 110 14 383 40 79 287 1860 29 361 67 375 521 21 9 362 767 18 1155 49 2266 41 67 40 10 142 630 31 116 17 264 76 30 115 223 1674 31 27 1176 0 230 140 44 11 190 848 21 134 137 183 95 
8 11 219 86 0 2593 7 0 0 213 73 903 354 20 12 0 139 120 12 0 0 0 170 0 0 0 0 0 81 441 17 7 255 19 2967 10 440 0 34 18 24 71 0 13 96 0 0 0 554 267 2222 964 0 0 0 0 24 20 221 0 32 0 0 96 10 52 43 31 1133 0 16 490 366 211 0 545 604 463 79 18 
0 0 8 0 147 38 3000 79 1156 0 0 13 0 0 52 412 0 103 0 34 1375 584 335 0 0 2888 2454 124 0 157 0 3000 0 0 254 0 35 63 0 16 45 215 0 16 0 0 426 18 0 0 121 0 0 1092 419 32 62 18 14 26 49 0 0 27 277 85 415 0 0 296 2152 0 0 2189 34 0 19 10 0 0 
0 0 961 0 105 71 1823 60 0 0 0 90 0 0 36 0 0 596 0 81 149 13 103 0 2888 0 22 10 0 120 0 391 0 0 0 0 3000 1360 0 0 171 241 0 109 0 0 134 192 0 0 25 0 0 0 8 0 0 20 491 3000 63 0 0 11 82 15 38 0 0 80 0 0 0 50 19 0 1175 265 0 0 
0 11 150 17 432 398 232 37 233 0 572 9 553 0 34 8 0 82 256 771 644 66 23 0 2454 22 0 33 0 16 33 92 139 0 152 363 1225 91 0 24 3000 15 3000 24 20 15 318 97 0 67 93 1143 209 50 7 81 3000 18 117 550 149 48 113 83 20 137 45 82 0 3000 55 41 57 50 48 37 7 82 27 80 
0 127 628 0 81 75 0 18 391 0 13 381 234 0 0 27 0 0 0 82 481 336 333 0 124 10 33 0 0 0 3000 145 0 0 0 394 0 143 0 77 1553 182 31 15 3000 1459 28 756 0 489 0 0 65 285 798 389 41 39 0 627 278 1963 174 124 29 378 42 0 0 620 284 9 58 133 210 0 10 0 0 0 
0 454 0 132 0 1330 435 0 401 0 25 0 220 13 0 267 882 0 308 0 0 0 36 81 0 0 0 0 0 0 38 686 12 854 88 3000 0 0 28 533 0 0 412 31 17 106 0 0 318 31 0 1034 800 18 0 13 317 7 188 0 0 801 174 160 13 0 8 74 3000 0 593 46 35 28 0 1550 505 0 198 26 
122 10 82 8 407 60 129 27 0 152 12 8 0 0 128 0 39 686 2087 812 0 13 349 441 157 120 16 0 0 0 534 511 2101 384 85 1737 503 131 26 189 267 13 0 1013 0 0 385 21 228 0 29 221 0 0 0 0 10 16 506 2501 89 0 0 19 203 11 548 46 0 0 22 92 0 29 25 1800 8 141 122 12 
226 13 11 90 0 24 89 60 10 0 11 74 476 220 111 1037 3000 99 2484 0 486 56 110 17 0 0 33 3000 38 534 0 82 55 51 216 45 0 64 3000 1613 54 14 1882 222 54 252 629 0 38 101 712 41 1787 99 40 11 80 39 817 0 63 276 3000 80 8 109 1056 3000 64 69 199 10 1040 357 44 239 65 0 67 671 
14 396 22 13 434 10 694 403 97 35 7 561 15 63 655 415 14 27 150 39 35 104 14 7 3000 391 92 145 686 511 82 0 13 144 649 465 1558 447 103 89 2062 12 48 819 89 83 27 110 124 1722 191 140 10 18 75 8 102 98 2291 916 3000 3000 93 3000 2617 10 571 93 20 241 359 243 11 227 14 419 15 94 131 18 
362 92 1047 47 0 33 76 49 17 11 546 1040 101 211 37 295 10 91 150 569 0 13 383 255 0 0 139 0 12 2101 55 13 0 268 311 1232 67 40 569 11 21 36 313 347 8 10 0 2490 18 904 28 141 29 653 225 34 286 18 1012 0 41 13 39 12 2009 546 19 68 304 0 112 26 106 60 0 167 8 29 15 156 
91 52 13 565 0 12 1539 9 33 8 17 105 195 32 82 52 13 913 122 0 0 0 40 19 0 0 0 0 854 384 51 144 268 0 179 3000 301 0 81 403 84 810 0 9 144 216 0 0 1405 13 10 42 221 126 0 162 17 3000 43 0 30 0 24 3000 482 1535 320 112 423 0 1828 76 203 73 0 101 9 27 845 45 
108 9 976 310 255 99 56 2369 80 68 593 383 3000 51 38 886 10 210 76 198 0 220 79 2967 254 0 152 0 88 85 216 649 311 179 0 1668 8 120 80 930 33 22 175 26 561 26 191 11 54 285 308 626 197 225 11 147 2715 54 1668 32 36 0 442 544 219 190 496 28 15 0 18 271 45 16 16 194 59 36 73 306 
59 73 434 1262 0 276 18 1982 8 746 55 26 25 91 3000 3000 38 50 25 3000 291 14 287 10 0 0 363 394 3000 1737 45 465 1232 3000 1668 0 886 13 1354 392 173 200 43 39 43 179 0 153 3000 79 9 905 462 46 17 368 583 510 66 0 23 50 395 170 1345 41 22 160 1634 193 1727 3000 500 404 458 104 480 1409 17 116 
42 0 66 223 244 203 123 785 0 749 274 67 0 0 234 0 20 13 36 56 0 156 1860 440 35 3000 1225 0 0 503 0 1558 67 301 8 886 0 41 24 10 966 172 0 177 0 0 255 649 0 0 88 38 0 0 0 0 0 14 608 487 12 0 0 90 3000 35 77 56 0 0 3000 108 0 0 142 0 8 390 32 460 
0 65 180 21 12 58 16 78 2393 0 42 441 183 0 562 142 0 46 380 208 10 17 29 0 63 1360 91 143 0 131 64 447 40 0 120 13 41 0 0 234 11 22 18 209 0 51 151 697 0 43 277 245 12 10 105 9 166 347 349 239 18 34 58 2596 13 54 39 0 0 166 2124 38 79 466 23 0 138 56 148 119 
109 757 46 2774 0 0 3000 0 0 122 128 395 25 1276 290 0 82 17 1189 0 0 0 361 34 0 0 0 0 28 26 3000 103 569 81 80 1354 24 0 0 102 84 48 0 138 0 0 0 17 193 0 193 47 0 0 0 0 20 81 27 0 278 0 0 10 11 9 127 21 0 0 12 9 0 0 0 1377 75 738 23 582 
87 9 44 556 21 93 74 15 187 471 221 29 65 793 56 138 14 148 127 278 0 8 67 18 16 0 24 77 533 189 1613 89 11 403 930 392 10 234 102 0 447 75 211 64 12 228 28 101 9 709 33 7 941 9 69 138 52 113 28 0 12 97 1342 117 63 2843 164 177 74 0 343 8 25 13 153 31 10 83 3000 70 
8 64 388 617 456 1333 12 11 133 0 109 10 9 0 307 56 253 419 20 118 106 969 375 24 45 171 3000 1553 0 267 54 2062 21 84 33 173 966 11 84 447 0 975 1632 733 297 718 19 3000 0 13 246 7 623 3000 392 245 406 8 20 3000 147 18 481 19 361 2413 151 125 0 150 388 10 578 24 607 1153 20 1617 33 706 
100 1117 47 91 1310 214 41 1013 654 60 22 210 128 0 9 501 351 30 41 11 18 308 521 71 215 241 15 182 0 13 14 12 36 810 22 200 172 22 48 75 975 0 452 78 0 1266 8 9 0 1485 45 39 964 11 12 11 3000 149 78 218 148 379 33 337 87 9 24 261 0 544 231 33 27 147 12 742 115 187 207 1040 
0 92 415 107 0 645 0 108 39 0 111 12 20 275 0 2676 156 0 8 196 237 29 21 0 0 0 3000 31 412 0 1882 48 313 0 175 43 0 18 0 211 1632 452 0 263 93 11 58 0 91 77 0 1433 166 3000 285 115 31 1673 0 0 151 500 547 30 102 566 365 99 0 108 17 2209 22 91 64 114 23 0 0 0 
444 21 8 725 153 24 220 2737 356 50 11 1224 688 21 870 17 152 72 15 2061 97 52 9 13 16 109 24 15 31 1013 222 819 347 9 26 39 177 209 138 64 733 78 263 0 441 23 136 243 227 488 125 2931 70 35 454 3000 317 312 149 68 409 27 71 58 143 72 85 86 20 170 8 34 84 1155 43 595 27 132 39 48 
0 8 8 177 0 17 0 38 20 0 1263 0 57 1642 0 88 68 0 300 0 79 0 362 96 0 0 20 3000 17 0 54 89 8 144 561 43 0 0 0 12 297 0 93 441 0 86 0 0 25 27 0 34 8 92 52 389 152 179 0 0 0 592 153 25 55 0 77 125 111 86 16 126 690 39 0 22 919 0 0 13 
0 83 130 1475 0 143 0 8 246 0 503 2324 25 470 0 556 23 0 804 199 589 126 767 0 0 0 15 1459 106 0 252 83 10 216 26 179 0 51 0 228 718 1266 11 23 86 0 17 26 102 11 0 168 80 31 257 423 179 12 0 0 245 921 30 1159 173 518 16 114 10 11 34 2632 9 48 70 122 10 0 0 156 
0 0 62 0 226 126 54 42 48 0 77 158 0 0 23 106 0 84 0 2532 73 108 18 0 426 134 318 28 0 385 629 27 0 0 191 0 255 151 0 28 19 8 58 136 0 17 0 221 0 144 1071 0 1654 78 9 28 52 47 503 8 963 126 494 391 3000 76 52 0 0 374 24 0 111 22 16 0 19 50 0 0 
17 0 17 0 950 18 180 51 571 0 16 54 0 0 126 29 0 257 0 120 1162 1295 1155 0 18 192 97 756 0 21 0 110 2490 0 11 153 649 697 17 101 3000 9 0 243 0 26 221 0 0 0 46 0 0 1495 253 351 2055 130 416 440 91 0 0 138 1033 2502 72 0 0 103 35 0 0 2287 193 0 97 32 142 216 
493 500 0 9 0 67 92 613 19 249 981 0 8 210 0 78 31 2608 1074 0 0 0 49 554 0 0 0 0 318 228 38 124 18 1405 54 3000 0 0 193 9 0 0 91 227 25 102 0 0 0 46 100 121 10 61 0 20 74 47 8 0 0 0 545 149 1921 103 1662 9 473 0 129 10 104 7 0 173 18 0 90 301 
0 141 93 13 0 329 105 294 9 0 9 61 3000 59 750 112 632 13 139 313 91 286 2266 267 0 0 67 489 31 0 101 1722 904 13 285 79 0 43 0 709 13 1485 77 488 27 11 144 0 46 0 0 1231 1272 9 459 351 68 104 46 0 1119 905 249 381 970 140 116 649 721 3000 23 16 190 24 278 10 12 0 139 706 
132 640 20 14 268 200 62 17 0 20 67 622 275 0 10 0 136 11 17 178 0 12 41 2222 121 25 93 0 0 29 712 191 28 10 308 9 88 277 193 33 246 45 0 125 0 0 1071 46 100 0 0 681 0 0 0 0 38 11 3000 17 9 0 0 401 606 552 431 28 0 0 59 296 0 1249 273 197 1332 1119 502 1399 
363 704 438 28 0 109 33 190 271 1996 24 91 359 127 377 478 1325 31 27 0 214 7 67 964 0 0 1143 0 1034 221 41 140 141 42 626 905 38 245 47 7 7 39 1433 2931 34 168 0 0 121 1231 681 0 104 451 20 9 9 51 17 0 214 152 359 89 35 27 379 208 26 0 28 1240 17 34 0 34 1041 978 45 198 
0 323 10 48 0 847 0 207 946 0 14 21 3000 226 0 790 230 0 9 97 321 201 40 0 0 0 209 65 800 0 1787 10 29 221 197 462 0 12 0 941 623 964 166 70 8 80 1654 0 10 1272 0 104 0 1098 42 13 79 115 0 0 1085 1272 449 1431 133 3000 531 41 130 68 468 63 102 92 231 52 166 0 0 96 
0 476 321 88 0 676 719 12 103 0 13 180 82 1917 32 28 1053 89 286 126 709 130 10 0 1092 0 50 285 18 0 99 18 653 126 225 46 0 10 0 9 3000 11 3000 35 92 31 78 1495 61 9 0 451 1098 0 158 50 1427 80 345 0 263 23 3000 135 1028 99 696 9 233 279 97 1555 27 26 1272 96 120 0 0 3000 
0 1621 169 36 60 23 0 107 35 0 25 3000 472 0 709 80 0 20 21 43 7 183 142 0 419 8 7 798 0 0 40 75 225 0 11 17 0 105 0 69 392 12 285 454 52 257 9 253 0 459 0 20 42 158 0 1601 603 470 0 200 1652 34 9 10 19 143 635 0 0 17 399 314 70 662 102 1374 130 0 0 0 
0 484 118 422 0 428 0 30 12 0 198 336 596 49 0 238 694 0 195 42 30 773 630 0 32 0 81 389 13 0 11 8 34 162 147 368 0 9 0 138 245 11 115 3000 389 423 28 351 20 351 0 9 13 50 1601 0 3000 1202 0 0 48 3000 80 75 3000 1220 149 350 0 137 3000 3000 231 962 14 29 393 0 0 8 
21 332 82 8 862 8 48 445 29 0 12 11 547 599 177 185 400 23 222 112 1877 2164 31 24 62 0 3000 41 317 10 80 102 286 17 2715 583 0 166 20 52 406 3000 31 317 152 179 52 2055 74 68 38 9 79 1427 603 3000 0 264 8 22 173 282 1255 12 479 21 106 21 947 236 40 1012 2968 13 319 100 404 0 239 1163 
1641 855 153 33 77 3000 94 16 7 0 641 724 395 0 17 1484 1712 16 506 122 17 141 116 20 18 20 18 39 7 16 39 98 18 3000 54 510 14 347 81 113 8 149 1673 312 179 12 47 130 47 104 11 51 115 80 470 1202 264 0 25 211 174 17 28 10 174 685 58 1790 0 9 51 2264 993 115 204 428 108 65 46 599 
337 13 13 907 80 8 3000 115 275 666 283 80 1045 1111 23 1315 804 68 35 67 0 70 17 221 14 491 117 0 188 506 817 2291 1012 43 1668 66 608 349 27 28 20 78 0 149 0 0 503 416 8 46 3000 17 0 345 0 0 8 25 0 278 911 0 0 2082 9 314 230 42 0 0 2130 281 428 72 0 13 846 75 74 833 
0 0 899 0 61 455 47 421 3000 0 0 158 0 0 45 0 0 3000 0 86 351 60 264 0 26 3000 550 627 0 2501 0 916 0 0 32 0 487 239 0 0 3000 218 0 68 0 0 8 440 0 0 17 0 0 0 200 0 22 211 278 0 14 0 0 8 45 74 634 0 0 94 0 0 0 545 1927 0 459 358 0 0 
210 36 393 66 396 1584 1201 10 16 160 187 158 71 0 248 1101 26 1235 1968 359 121 71 76 32 49 63 149 278 0 89 63 3000 41 30 36 23 12 18 278 12 147 148 151 409 0 245 963 91 0 1119 9 214 1085 263 1652 48 173 174 911 14 0 26 19 53 41 166 46 86 0 26 1341 96 936 587 94 11 928 80 3000 71 
0 18 16 551 0 77 0 286 665 0 166 553 95 0 0 112 0 0 27 0 131 153 30 0 0 0 48 1963 801 0 276 3000 13 0 0 50 0 34 0 97 18 379 500 27 592 921 126 0 0 905 0 152 1272 23 34 3000 282 17 0 0 26 0 141 0 2487 0 114 98 0 689 8 86 131 1413 128 146 58 0 0 0 
0 15 569 8 0 209 0 302 469 0 623 16 60 127 0 1136 22 0 177 0 3000 495 115 0 0 0 113 174 174 0 3000 93 39 24 442 395 0 58 0 1342 481 33 547 71 153 30 494 0 545 249 0 359 449 3000 9 80 1255 28 0 0 19 141 0 631 236 0 167 92 47 16 643 205 22 736 25 81 572 0 0 0 
324 15 73 1403 13 3000 40 21 17 2454 10 30 750 0 8 3000 3000 20 29 271 0 38 223 96 27 11 83 124 160 19 80 3000 12 3000 544 170 90 2596 10 117 19 337 30 58 25 1159 391 138 149 381 401 89 1431 135 10 75 12 10 2082 8 53 0 631 0 14 45 1252 309 0 0 1001 631 3000 254 129 83 24 40 162 213 
953 9 40 69 2058 548 1549 328 501 0 109 86 62 27 53 271 58 101 26 36 710 39 1674 10 277 82 20 29 13 203 8 2617 2009 482 219 1345 3000 13 11 63 361 87 102 143 55 173 3000 1033 1921 970 606 35 133 1028 19 3000 479 174 9 45 41 2487 236 14 0 276 51 22 0 30 28 1864 37 939 240 465 15 31 54 300 
3000 13 14 134 12 536 834 77 1472 593 289 43 1912 0 161 404 658 37 178 13 0 77 31 52 85 15 137 378 0 11 109 10 546 1535 190 41 35 54 9 2843 2413 9 566 72 0 518 76 2502 103 140 552 27 3000 99 143 1220 21 685 314 74 166 0 0 45 276 0 21 37 0 0 19 171 315 417 119 199 2200 155 15 49 
20 53 104 10 8 63 51 158 1860 283 26 1428 751 28 1479 102 795 466 297 164 107 17 27 43 415 38 45 42 8 548 1056 571 19 320 496 22 77 39 127 164 151 24 365 85 77 16 52 72 1662 116 431 379 531 696 635 149 106 58 230 634 46 114 167 1252 51 21 0 1504 397 16 985 247 1596 210 194 1360 461 181 735 1279 
268 28 750 8 0 24 70 78 65 38 169 0 78 937 311 49 18 368 257 0 0 0 1176 31 0 0 82 0 74 46 3000 93 68 112 28 160 56 0 21 177 125 261 99 86 125 114 0 0 9 649 28 208 41 9 0 350 21 1790 42 0 86 98 92 309 22 37 1504 0 152 0 208 240 160 26 0 62 254 370 11 62 
0 96 0 85 0 0 0 0 0 0 48 0 2114 247 0 0 171 0 86 0 0 0 0 1133 0 0 0 0 3000 0 64 20 304 423 15 1634 0 0 0 74 0 0 0 20 111 10 0 0 473 721 0 26 130 233 0 0 947 0 0 0 0 0 47 0 0 0 397 152 0 0 8 2961 76 449 0 365 19 0 0 764 
0 0 136 0 23 15 0 11 2590 0 299 10 42 0 0 64 0 0 0 15 1193 42 230 0 296 80 3000 620 0 0 69 241 0 0 0 193 0 166 0 0 150 544 108 170 86 11 374 103 0 3000 0 0 68 279 17 137 236 9 0 94 26 689 16 0 30 0 16 0 0 0 105 0 1305 55 911 0 38 0 0 0 
231 43 701 33 22 183 377 149 29 368 9 16 38 106 13 126 278 11 3000 490 1544 125 140 16 2152 0 55 284 593 22 199 359 112 1828 18 1727 3000 2124 12 343 388 231 17 8 16 34 24 35 129 23 59 28 468 97 399 3000 40 51 2130 0 1341 8 643 1001 28 19 985 208 8 105 0 18 32 166 46 184 673 46 2968 1344 
115 366 86 131 0 60 1406 30 345 2563 183 18 54 500 55 352 120 827 26 0 293 321 44 490 0 0 41 9 46 92 10 243 26 76 271 3000 108 38 9 8 10 33 2209 34 126 2632 0 0 10 16 296 1240 63 1555 314 3000 1012 2264 281 0 96 86 205 631 1864 171 247 240 2961 0 18 0 266 264 0 293 37 114 10 178 
0 47 158 209 0 2048 57 97 106 0 145 62 70 90 9 7 610 746 86 0 928 291 11 366 0 0 57 58 35 0 1040 11 106 203 45 500 0 79 0 25 578 27 22 84 690 9 111 0 104 190 0 17 102 27 70 231 2968 993 428 0 936 131 22 3000 37 315 1596 160 76 1305 32 266 0 3000 168 8 60 0 156 76 
0 9 23 855 259 309 88 2978 126 0 55 22 45 40 361 92 321 145 10 15 103 18 190 211 2189 50 50 133 28 29 357 227 60 73 16 404 0 466 0 13 24 147 91 1155 39 48 22 2287 7 24 1249 34 92 26 662 962 13 115 72 545 587 1413 736 254 939 417 210 26 449 55 166 264 3000 0 142 282 274 0 46 235 
0 0 93 0 24 67 0 54 101 0 885 30 0 0 805 178 0 10 0 54 57 186 848 0 34 19 48 210 0 25 44 14 0 0 16 458 142 23 0 153 607 12 64 43 0 70 16 193 0 278 273 0 231 1272 102 14 319 204 0 1927 94 128 25 129 240 119 194 0 0 911 46 0 168 142 0 0 607 1937 0 0 
27 132 59 989 0 7 933 760 336 0 61 0 28 79 468 73 30 15 239 0 0 0 21 545 0 0 37 0 1550 1800 239 419 167 101 194 104 0 0 1377 31 1153 742 114 595 22 122 0 0 173 10 197 34 52 96 1374 29 100 428 13 0 11 146 81 83 465 199 1360 62 365 0 184 293 8 282 0 0 2998 0 88 1121 
18 11 12 184 26 79 11 37 109 30 382 95 349 15 28 54 9 256 36 946 172 74 134 604 19 1175 7 10 505 8 65 15 8 9 59 480 8 138 75 10 20 115 23 27 919 10 19 97 18 12 1332 1041 166 120 130 393 404 108 846 459 928 58 572 24 15 2200 461 254 19 38 673 37 60 274 607 2998 0 616 64 23 
100 0 20 2450 511 493 12 110 0 22 260 146 0 0 846 0 8 61 1025 405 0 242 137 463 10 265 82 0 0 141 0 94 29 27 36 1409 390 56 738 83 1617 187 0 132 0 0 50 32 0 0 1119 978 0 0 0 0 0 65 75 358 80 0 0 40 31 155 181 370 0 0 46 114 0 0 1937 0 616 0 152 18 
