80
0 52 42 43 21 64 44 34 72 23 46 56 71 56 27 35 56 16 65 41 56 52 10 33 24 62 34 19 36 29 64 28 40 46 46 45 32 67 39 40 34 48 17 45 29 24 12 28 39 41 47 26 50 52 61 20 43 34 50 27 31 58 41 15 23 20 46 23 35 21 46 32 34 55 30 36 24 38 41 51 
52 0 56 69 56 87 76 51 124 71 94 86 92 107 79 49 89 66 91 91 108 77 43 77 49 113 53 70 86 34 113 26 35 50 97 12 78 117 14 26 20 81 57 63 80 29 57 67 59 54 95 30 78 102 88 58 84 65 77 57 76 110 74 43 29 71 88 32 86 60 81 81 70 106 42 39 28 49 62 101 
42 56 0 14 62 30 86 72 88 63 52 31 36 74 56 72 98 54 35 55 75 94 45 73 62 75 8 42 71 25 70 50 22 10 77 44 71 78 44 30 52 28 58 6 64 38 32 69 5 3 83 32 91 85 32 25 83 75 21 68 71 83 23 51 37 45 41 32 64 25 29 46 75 72 64 68 44 74 7 62 
43 69 14 0 64 21 86 76 76 60 40 17 28 63 50 77 97 52 24 45 64 95 49 71 66 63 16 37 66 36 57 59 36 25 70 57 69 65 56 44 62 14 60 9 60 47 31 69 10 17 78 42 92 78 20 23 81 76 8 70 68 73 9 56 46 40 27 41 58 22 14 37 75 60 70 75 52 79 7 51 
21 56 62 64 0 85 24 16 79 19 61 76 93 63 34 18 37 20 86 54 62 31 18 22 8 71 54 35 34 45 77 30 56 66 45 54 23 77 46 54 35 69 5 66 30 34 33 12 60 61 40 40 29 49 82 41 28 13 71 6 21 61 62 14 34 34 65 37 39 42 67 47 15 64 18 24 31 20 62 63 
64 87 30 21 85 0 107 97 83 80 49 14 7 73 67 98 117 72 7 56 75 116 70 91 87 69 35 55 83 55 61 79 52 38 85 75 87 71 74 61 82 20 81 24 77 67 52 89 28 33 95 61 112 93 8 44 100 97 14 91 87 85 25 77 67 58 35 61 74 43 22 51 96 70 91 96 73 100 26 59 
44 76 86 86 24 107 0 26 81 29 74 96 114 69 45 27 13 36 106 65 67 11 43 20 28 78 78 53 35 69 86 51 81 90 45 76 24 83 68 78 56 89 28 89 36 58 55 17 83 85 34 64 6 45 102 63 16 12 93 20 22 61 82 38 58 51 81 61 45 64 87 62 11 70 34 38 54 28 85 73 
34 51 72 76 16 97 26 0 94 34 77 90 105 79 50 2 39 36 99 70 78 27 27 34 10 87 64 50 48 50 93 28 61 73 60 52 36 92 45 56 32 82 21 76 45 37 46 24 71 70 52 44 27 62 95 54 37 17 84 11 34 76 75 21 37 50 80 42 54 55 80 62 23 79 10 12 32 4 73 79 
72 124 88 76 79 83 81 94 0 60 36 69 88 16 46 96 81 61 78 34 16 92 82 63 86 14 84 54 47 94 23 100 102 98 36 116 59 13 110 107 106 66 75 85 49 95 68 71 83 90 49 95 87 38 75 69 66 80 75 83 61 20 67 85 94 53 50 92 40 67 64 44 74 17 96 102 96 98 82 26 
23 71 63 60 19 80 29 34 60 0 46 69 87 45 17 36 37 9 79 38 44 39 28 11 27 53 55 25 15 52 60 45 64 69 26 67 9 59 60 63 51 61 16 64 11 45 30 13 59 63 24 49 35 31 75 38 21 22 66 23 8 42 55 28 45 23 53 46 20 38 59 33 18 45 37 43 44 39 60 46 
46 94 52 40 61 49 74 77 36 46 0 35 55 24 29 79 80 42 45 10 26 85 57 55 67 22 48 27 42 62 19 74 68 63 39 84 51 25 80 74 80 30 56 49 39 66 38 59 47 54 52 64 81 46 42 36 63 68 40 67 52 36 31 61 65 27 14 62 31 34 28 15 64 21 75 82 69 81 46 10 
56 86 31 17 76 14 96 90 69 69 35 0 20 59 55 90 106 61 10 43 61 106 63 79 79 56 33 44 71 53 48 75 53 41 72 74 76 57 73 61 79 7 71 25 65 64 43 79 27 34 82 58 102 79 7 36 89 87 10 82 76 71 15 70 63 46 21 58 61 34 10 39 85 56 84 89 68 93 24 46 
71 92 36 28 93 7 114 105 88 87 55 20 0 78 75 105 124 79 10 63 80 123 78 98 95 75 42 63 90 61 65 86 57 42 92 80 95 76 80 66 89 27 88 30 84 74 59 97 35 39 102 68 120 99 13 51 108 104 21 98 95 91 32 84 73 65 41 68 80 50 29 58 103 76 98 102 79 107 33 65 
56 107 74 63 63 73 69 79 16 45 24 59 78 0 30 81 71 45 68 19 3 79 65 49 71 9 69 38 33 78 20 84 87 84 25 99 45 14 94 91 90 54 59 71 34 79 51 57 68 75 38 79 75 29 65 53 54 66 63 68 47 14 54 69 78 36 38 76 25 52 52 29 60 3 80 87 80 83 68 13 
27 79 56 50 34 67 45 50 46 17 29 55 75 30 0 52 52 15 65 20 29 56 36 26 41 37 49 14 16 53 43 55 63 65 21 72 22 42 66 65 61 48 30 56 10 51 27 30 52 57 28 52 52 28 62 32 35 40 54 39 23 31 43 39 50 12 37 49 8 31 45 17 35 30 51 57 51 55 52 29 
35 49 72 77 18 98 27 2 96 36 79 90 105 81 52 0 40 37 99 71 80 28 28 36 12 89 64 52 50 50 94 27 61 73 62 51 39 94 44 56 30 83 22 76 47 37 47 26 71 70 54 43 28 64 96 54 39 19 84 13 36 78 75 21 37 51 81 42 56 56 81 64 25 81 9 10 31 3 73 81 
56 89 98 97 37 117 13 39 81 37 80 106 124 71 52 40 0 45 116 71 69 15 56 26 41 80 90 62 39 82 90 65 94 102 46 89 30 85 82 91 69 98 40 100 42 71 66 29 95 97 33 77 12 43 112 74 18 25 103 34 29 61 92 51 71 59 89 74 50 75 96 69 23 72 47 51 67 41 96 77 
16 66 54 52 20 72 36 36 61 9 42 61 79 45 15 37 45 0 71 34 44 45 23 20 26 52 46 17 21 44 57 41 55 60 31 60 17 57 54 56 47 53 15 56 14 39 22 18 51 54 32 42 42 37 67 29 30 27 58 25 17 45 47 24 38 16 47 39 21 30 51 27 24 45 35 42 38 40 52 43 
65 91 35 24 86 7 106 99 78 79 45 10 10 68 65 99 116 71 0 53 70 116 72 90 89 64 39 54 81 59 55 82 57 43 82 79 86 65 79 66 86 18 81 29 75 71 53 89 32 38 93 65 112 90 4 45 99 97 15 92 86 81 24 79 70 56 31 65 71 44 20 49 95 65 93 98 76 102 30 55 
41 91 55 45 54 56 65 70 34 38 10 43 63 19 20 71 71 34 53 0 20 76 51 46 60 21 50 22 33 61 23 69 68 65 30 82 42 26 77 73 75 37 49 53 29 63 35 50 50 57 42 62 72 37 49 35 53 60 45 59 43 29 36 56 62 21 22 59 21 33 35 11 55 17 69 75 65 74 49 10 
56 108 75 64 62 75 67 78 16 44 26 61 80 3 29 80 69 44 70 20 0 78 65 48 70 12 70 38 32 79 23 84 87 85 23 100 44 16 94 91 90 56 58 73 33 79 52 55 70 77 36 79 73 27 67 54 52 65 65 67 46 11 55 68 78 37 40 76 24 53 54 30 59 5 79 86 80 82 69 16 
52 77 94 95 31 116 11 27 92 39 85 106 123 79 56 28 15 45 116 76 78 0 49 31 33 89 86 63 46 75 97 55 86 97 56 79 35 94 72 82 58 99 36 97 47 63 64 27 92 93 44 69 5 55 112 72 26 19 102 26 33 72 92 44 63 61 92 67 56 73 96 72 21 81 36 38 58 28 93 84 
10 43 45 49 18 70 43 27 82 28 57 63 78 65 36 28 56 23 72 51 65 49 0 36 17 72 37 29 43 26 75 18 38 47 53 38 36 77 31 36 25 56 16 49 37 17 21 28 44 44 53 22 47 59 68 27 45 31 57 23 34 67 48 7 17 30 56 19 43 29 55 42 33 65 21 26 16 30 46 61 
33 77 73 71 22 91 20 34 63 11 55 79 98 49 26 36 26 20 90 46 48 31 36 0 29 58 66 35 16 61 66 51 73 79 27 74 4 63 67 72 57 72 21 75 16 53 41 10 70 73 19 58 26 29 86 49 10 18 77 23 3 43 66 34 53 33 63 55 25 49 69 43 12 50 39 44 51 38 71 53 
24 49 62 66 8 87 28 10 86 27 67 79 95 71 41 12 41 26 89 60 70 33 17 29 0 78 55 40 42 42 83 24 54 64 53 48 31 84 41 50 29 72 12 66 37 30 36 19 61 61 48 36 31 57 85 43 35 17 74 8 28 69 64 11 30 40 69 34 46 45 70 52 21 71 10 16 26 14 63 70 
62 113 75 63 71 69 78 87 14 53 22 56 75 9 37 89 80 52 64 21 12 89 72 58 78 0 70 43 43 82 12 90 89 85 34 104 54 5 98 94 96 52 67 71 43 84 56 65 69 77 48 83 84 39 62 56 63 75 61 76 56 22 53 75 83 42 36 81 33 55 50 32 69 8 88 94 86 92 68 12 
34 53 8 16 54 35 78 64 84 55 48 33 42 69 49 64 90 46 39 50 70 86 37 66 55 70 0 35 64 20 67 44 21 15 70 42 64 74 40 28 47 28 51 12 57 32 25 61 7 8 76 26 83 78 36 18 76 67 24 60 63 77 21 44 31 38 38 26 57 18 28 40 67 67 57 61 37 67 9 58 
19 70 42 37 35 55 53 50 54 25 27 44 63 38 14 52 62 17 54 22 38 63 29 35 40 43 35 0 29 41 45 47 50 50 35 61 32 48 56 53 53 37 30 42 23 41 14 35 38 43 42 41 59 43 50 18 45 44 42 41 32 43 31 34 40 3 30 38 22 17 34 12 42 37 48 54 43 55 38 32 
36 86 71 66 34 83 35 48 47 15 42 71 90 33 16 50 39 21 81 33 32 46 43 16 42 43 64 29 0 65 51 60 76 79 11 81 12 48 74 77 67 64 31 72 7 60 40 25 67 72 12 63 41 16 77 46 21 33 70 37 14 28 59 43 59 27 52 59 11 46 61 32 27 35 51 58 59 52 68 38 
29 34 25 36 45 55 69 50 94 52 62 53 61 78 53 50 82 44 59 61 79 75 26 61 42 82 20 41 65 0 81 25 12 23 73 23 60 86 20 12 27 48 42 31 57 14 27 54 27 23 76 7 73 80 56 26 71 57 44 49 59 84 40 31 13 43 55 8 61 28 47 50 59 77 41 44 19 52 30 70 
64 113 70 57 77 61 86 93 23 60 19 48 65 20 43 94 90 57 55 23 23 97 75 66 83 12 67 45 51 81 0 92 87 81 44 103 62 10 99 93 98 45 72 66 50 85 56 72 65 72 58 83 92 50 53 55 72 82 54 82 64 33 48 79 84 44 29 81 41 53 43 33 77 18 92 99 87 97 63 14 
28 26 50 59 30 79 51 28 100 45 74 75 86 84 55 27 65 41 82 69 84 55 18 51 24 90 44 47 60 25 92 0 35 48 71 24 52 95 17 29 6 68 30 55 54 12 36 41 51 48 69 19 54 76 78 41 58 40 67 31 50 85 60 17 13 48 71 18 61 43 67 59 45 83 19 19 6 28 53 79 
40 35 22 36 56 52 81 61 102 64 68 53 57 87 63 61 94 55 57 68 87 86 38 73 54 89 21 50 76 12 87 35 0 15 84 23 72 93 24 9 35 49 54 28 68 24 37 66 26 19 87 17 85 91 54 33 82 69 43 61 71 93 42 43 24 52 59 20 71 35 49 58 71 85 52 54 29 62 28 77 
46 50 10 25 66 38 90 73 98 69 63 41 42 84 65 73 102 60 43 65 85 97 47 79 64 85 15 50 79 23 81 48 15 0 85 38 77 88 39 24 50 38 62 16 71 37 39 74 16 8 91 30 94 93 41 33 89 78 31 70 76 92 33 53 36 53 51 31 73 34 39 55 80 82 64 67 42 75 18 73 
46 97 77 70 45 85 45 60 36 26 39 72 92 25 21 62 46 31 82 30 23 56 53 27 53 34 70 35 11 73 44 71 84 85 0 91 23 39 84 85 77 65 42 76 17 70 47 36 72 78 14 72 51 8 78 52 30 44 73 48 26 17 62 54 69 32 52 69 13 52 63 34 38 27 63 69 69 64 72 33 
45 12 44 57 54 75 76 52 116 67 84 74 80 99 72 51 89 60 79 82 100 79 38 74 48 104 42 61 81 23 103 24 23 38 91 0 74 108 8 14 21 70 53 51 74 21 48 65 48 42 91 20 79 97 76 48 82 65 65 56 72 103 62 40 22 63 78 23 80 50 69 72 69 98 43 42 23 52 50 92 
32 78 71 69 23 87 24 36 59 9 51 76 95 45 22 39 30 17 86 42 44 35 36 4 31 54 64 32 12 60 62 52 72 77 23 74 0 60 67 72 58 69 22 73 12 53 39 13 68 71 17 57 30 26 82 47 13 21 74 25 2 40 63 35 53 30 59 54 21 47 66 39 15 46 41 47 51 41 69 49 
67 117 78 65 77 71 83 92 13 59 25 57 76 14 42 94 85 57 65 26 16 94 77 63 84 5 74 48 48 86 10 95 93 88 39 108 60 0 103 99 101 54 72 74 48 89 61 71 72 80 53 88 89 43 63 61 68 80 63 81 62 26 56 81 88 47 38 85 39 59 52 37 75 13 93 99 91 97 71 16 
39 14 44 56 46 74 68 45 110 60 80 73 80 94 66 44 82 54 79 77 94 72 31 67 41 98 40 56 74 20 99 17 24 39 84 8 67 103 0 15 14 68 46 50 68 15 43 57 46 41 84 16 71 90 75 44 74 57 64 48 65 97 60 32 16 57 74 18 73 46 67 67 61 93 35 35 16 45 49 87 
40 26 30 44 54 61 78 56 107 63 74 61 66 91 65 56 91 56 66 73 91 82 36 72 50 94 28 53 77 12 93 29 9 24 85 14 72 99 15 0 28 57 52 37 69 20 39 64 34 28 87 14 81 92 63 38 81 66 52 57 70 96 50 40 20 55 66 18 74 40 56 62 69 89 47 48 24 57 37 82 
34 20 52 62 35 82 56 32 106 51 80 79 89 90 61 30 69 47 86 75 90 58 25 57 29 96 47 53 67 27 98 6 35 50 77 21 58 101 14 28 0 73 36 58 61 15 42 47 54 50 75 21 58 83 82 46 64 45 70 36 56 91 65 23 16 54 76 21 68 48 72 65 50 89 22 21 11 31 56 85 
48 81 28 14 69 20 89 82 66 61 30 7 27 54 48 83 98 53 18 37 56 99 56 72 72 52 28 37 64 48 45 68 49 38 65 70 69 54 68 57 73 0 64 23 58 58 36 72 23 31 75 53 95 73 14 29 82 80 9 75 69 66 8 63 57 39 16 52 54 27 3 32 78 51 77 83 62 86 21 41 
17 57 58 60 5 81 28 21 75 16 56 71 88 59 30 22 40 15 81 49 58 36 16 21 12 67 51 30 31 42 72 30 54 62 42 53 22 72 46 52 36 64 0 61 26 33 29 12 56 58 39 38 33 47 77 36 29 17 67 11 19 58 57 13 33 29 60 35 35 38 62 42 17 59 21 28 30 25 58 58 
45 63 6 9 66 24 89 76 85 64 49 25 30 71 56 76 100 56 29 53 73 97 49 75 66 71 12 42 72 31 66 55 28 16 76 51 73 74 50 37 58 23 61 0 65 44 34 72 5 9 84 37 94 84 26 26 85 78 15 71 72 81 18 55 43 45 37 38 64 26 23 44 78 69 69 73 49 79 4 59 
29 80 64 60 30 77 36 45 49 11 39 65 84 34 10 47 42 14 75 29 33 47 37 16 37 43 57 23 7 57 50 54 68 71 17 74 12 48 68 69 61 58 26 65 0 53 33 22 60 65 19 55 42 23 72 39 24 32 64 34 14 32 53 38 52 20 47 52 9 39 55 27 27 35 47 53 52 49 61 37 
24 29 38 47 34 67 58 37 95 45 66 64 74 79 51 37 71 39 71 63 79 63 17 53 30 84 32 41 60 14 85 12 24 37 70 21 53 89 15 20 15 58 33 44 53 0 28 45 39 36 70 7 61 76 67 31 62 46 55 37 51 82 49 20 1 43 62 6 59 33 56 52 49 78 28 30 6 38 42 73 
12 57 32 31 33 52 55 46 68 30 38 43 59 51 27 47 66 22 53 35 52 64 21 41 36 56 25 14 40 27 56 36 37 39 47 48 39 61 43 39 42 36 29 34 33 28 0 38 29 32 52 28 61 55 49 8 51 45 38 39 38 57 28 27 28 16 35 25 35 9 34 24 44 50 42 47 31 50 30 44 
28 67 69 69 12 89 17 24 71 13 59 79 97 57 30 26 29 18 89 50 55 27 28 10 19 65 61 35 25 54 72 41 66 74 36 65 13 71 57 64 47 72 12 72 22 45 38 0 66 69 29 50 23 39 85 46 17 10 75 13 10 52 65 25 45 34 65 47 32 47 69 45 6 57 28 34 42 28 68 59 
39 59 5 10 60 28 83 71 83 59 47 27 35 68 52 71 95 51 32 50 70 92 44 70 61 69 7 38 67 27 65 51 26 16 72 48 68 72 46 34 54 23 56 5 60 39 29 66 0 8 79 33 89 80 29 21 80 73 18 66 67 78 17 50 38 40 35 33 60 21 23 41 73 66 64 68 44 73 3 57 
41 54 3 17 61 33 85 70 90 63 54 34 39 75 57 70 97 54 38 57 77 93 44 73 61 77 8 43 72 23 72 48 19 8 78 42 71 80 41 28 50 31 58 9 65 36 32 69 8 0 84 29 90 86 35 26 83 74 24 67 71 84 25 50 35 46 43 30 65 26 31 47 75 73 62 66 42 73 10 64 
47 95 83 78 40 95 34 52 49 24 52 82 102 38 28 54 33 32 93 42 36 44 53 19 48 48 76 42 12 76 58 69 87 91 14 91 17 53 84 87 75 75 39 84 19 70 52 29 79 84 0 73 39 11 89 58 18 36 82 42 19 29 71 52 69 39 63 70 22 58 73 44 29 40 57 63 68 56 80 46 
26 30 32 42 40 61 64 44 95 49 64 58 68 79 52 43 77 42 65 62 79 69 22 58 36 83 26 41 63 7 83 19 17 30 72 20 57 88 16 14 21 53 38 37 55 7 28 50 33 29 73 0 68 78 62 28 67 52 50 43 55 83 45 26 6 43 59 3 60 30 52 51 55 78 35 37 13 45 36 72 
50 78 91 92 29 112 6 27 87 35 81 102 120 75 52 28 12 42 112 72 73 5 47 26 31 84 83 59 41 73 92 54 85 94 51 79 30 89 71 81 58 95 33 94 42 61 61 23 89 90 39 68 0 50 108 69 21 16 99 24 29 67 88 42 62 57 88 65 51 70 93 68 17 76 36 39 57 29 90 79 
52 102 85 78 49 93 45 62 38 31 46 79 99 29 28 64 43 37 90 37 27 55 59 29 57 39 78 43 16 80 50 76 91 93 8 97 26 43 90 92 83 73 47 84 23 76 55 39 80 86 11 78 50 0 86 60 29 46 81 51 28 18 70 59 75 40 59 75 20 59 71 42 40 32 66 73 75 66 80 39 
61 88 32 20 82 8 102 95 75 75 42 7 13 65 62 96 112 67 4 49 67 112 68 86 85 62 36 50 77 56 53 78 54 41 78 76 82 63 75 63 82 14 77 26 72 67 49 85 29 35 89 62 108 86 0 41 95 93 12 88 83 77 20 75 66 52 27 61 67 40 16 45 91 62 89 94 72 98 26 52 
20 58 25 23 41 44 63 54 69 38 36 36 51 53 32 54 74 29 45 35 54 72 27 49 43 56 18 18 46 26 55 41 33 33 52 48 47 61 44 38 46 29 36 26 39 31 8 46 21 26 58 28 69 60 41 0 59 53 30 47 46 60 21 34 30 20 31 26 40 2 27 24 52 52 48 54 35 57 22 44 
43 84 83 81 28 100 16 37 66 21 63 89 108 54 35 39 18 30 99 53 52 26 45 10 35 63 76 45 21 71 72 58 82 89 30 82 13 68 74 81 64 82 29 85 24 62 51 17 80 83 18 67 21 29 95 59 0 20 87 28 13 46 76 42 62 43 72 64 32 59 79 52 14 56 44 49 59 41 81 60 
34 65 75 76 13 97 12 17 80 22 68 87 104 66 40 19 25 27 97 60 65 19 31 18 17 75 67 44 33 57 82 40 69 78 44 65 21 80 57 66 45 80 17 78 32 46 45 10 73 74 36 52 16 46 93 53 20 0 83 9 19 61 73 26 46 43 74 49 41 54 77 54 6 67 24 29 42 21 74 68 
50 77 21 8 71 14 93 84 75 66 40 10 21 63 54 84 103 58 15 45 65 102 57 77 74 61 24 42 70 44 54 67 43 31 73 65 74 63 64 52 70 9 67 15 64 55 38 75 18 24 82 50 99 81 12 30 87 83 0 77 74 74 11 63 54 44 25 49 61 29 11 39 82 60 78 83 60 87 15 50 
27 57 68 70 6 91 20 11 83 23 67 82 98 68 39 13 34 25 92 59 67 26 23 23 8 76 60 41 37 49 82 31 61 70 48 56 25 81 48 57 36 75 11 71 34 37 39 13 66 67 42 43 24 51 88 47 28 9 77 0 23 65 68 18 37 40 71 41 43 48 73 52 14 68 16 22 33 16 68 68 
31 76 71 68 21 87 22 34 61 8 52 76 95 47 23 36 29 17 86 43 46 33 34 3 28 56 63 32 14 59 64 50 71 76 26 72 2 62 65 70 56 69 19 72 14 51 38 10 67 71 19 55 29 28 83 46 13 19 74 23 0 42 63 33 51 30 60 52 23 46 66 40 13 48 38 44 49 38 68 51 
58 110 83 73 61 85 61 76 20 42 36 71 91 14 31 78 61 45 81 29 11 72 67 43 69 22 77 43 28 84 33 85 93 92 17 103 40 26 97 96 91 66 58 81 32 82 57 52 78 84 29 83 67 18 77 60 46 61 74 65 42 0 64 69 81 41 50 80 24 59 63 37 55 16 78 85 82 80 77 26 
41 74 23 9 62 25 82 75 67 55 31 15 32 54 43 75 92 47 24 36 55 92 48 66 64 53 21 31 59 40 48 60 42 33 62 62 63 56 60 50 65 8 57 18 53 49 28 65 17 25 71 45 88 70 20 21 76 73 11 68 63 64 0 55 48 33 18 44 50 19 7 28 71 51 69 74 54 78 16 41 
15 43 51 56 14 77 38 21 85 28 61 70 84 69 39 21 51 24 79 56 68 44 7 34 11 75 44 34 43 31 79 17 43 53 54 40 35 81 32 40 23 63 13 55 38 20 27 25 50 50 52 26 42 59 75 34 42 26 63 18 33 69 55 0 20 34 62 23 45 35 61 47 29 68 15 21 17 23 52 65 
23 29 37 46 34 67 58 37 94 45 65 63 73 78 50 37 71 38 70 62 78 63 17 53 30 83 31 40 59 13 84 13 24 36 69 22 53 88 16 20 16 57 33 43 52 1 28 45 38 35 69 6 62 75 66 30 62 46 54 37 51 81 48 20 0 42 61 5 58 32 55 52 49 77 29 31 6 39 41 72 
20 71 45 40 34 58 51 50 53 23 27 46 65 36 12 51 59 16 56 21 37 61 30 33 40 42 38 3 27 43 44 48 52 53 32 63 30 47 57 55 54 39 29 45 20 43 16 34 40 46 39 43 57 40 52 20 43 43 44 40 30 41 33 34 42 0 31 40 20 20 36 12 40 35 48 54 44 54 41 31 
46 88 41 27 65 35 81 80 50 53 14 21 41 38 37 81 89 47 31 22 40 92 56 63 69 36 38 30 52 55 29 71 59 51 52 78 59 38 74 66 76 16 60 37 47 62 35 65 35 43 63 59 88 59 27 31 72 74 25 71 60 50 18 62 61 31 0 57 42 29 14 20 71 35 76 82 65 84 34 25 
23 32 32 41 37 61 61 42 92 46 62 58 68 76 49 42 74 39 65 59 76 67 19 55 34 81 26 38 59 8 81 18 20 31 69 23 54 85 18 18 21 52 35 38 52 6 25 47 33 30 70 3 65 75 61 26 64 49 49 41 52 80 44 23 5 40 57 0 57 28 51 49 52 75 33 36 12 43 35 69 
35 86 64 58 39 74 45 54 40 20 31 61 80 25 8 56 50 21 71 21 24 56 43 25 46 33 57 22 11 61 41 61 71 73 13 80 21 39 73 74 68 54 35 64 9 59 35 32 60 65 22 60 51 20 67 40 32 41 61 43 23 24 50 45 58 20 42 57 0 39 51 22 36 26 56 62 58 58 60 28 
21 60 25 22 42 43 64 55 67 38 34 34 50 52 31 56 75 30 44 33 53 73 29 49 45 55 18 17 46 28 53 43 35 34 52 50 47 59 46 40 48 27 38 26 39 33 9 47 21 26 58 30 70 59 40 2 59 54 29 48 46 59 19 35 32 20 29 28 39 0 25 23 53 50 50 55 37 59 22 42 
46 81 29 14 67 22 87 80 64 59 28 10 29 52 45 81 96 51 20 35 54 96 55 69 70 50 28 34 61 47 43 67 49 39 63 69 66 52 67 56 72 3 62 23 55 56 34 69 23 31 73 52 93 71 16 27 79 77 11 73 66 63 7 61 55 36 14 51 51 25 0 29 75 49 75 81 61 84 21 39 
32 81 46 37 47 51 62 62 44 33 15 39 58 29 17 64 69 27 49 11 30 72 42 43 52 32 40 12 32 50 33 59 58 55 34 72 39 37 67 62 65 32 42 44 27 52 24 45 41 47 44 51 68 42 45 24 52 54 39 52 40 37 28 47 52 12 20 49 22 23 29 0 51 27 60 67 54 66 40 20 
34 70 75 75 15 96 11 23 74 18 64 85 103 60 35 25 23 24 95 55 59 21 33 12 21 69 67 42 27 59 77 45 71 80 38 69 15 75 61 69 50 78 17 78 27 49 44 6 73 75 29 55 17 40 91 52 14 6 82 14 13 55 71 29 49 40 71 52 36 53 75 51 0 61 30 35 46 27 74 63 
55 106 72 60 64 70 70 79 17 45 21 56 76 3 30 81 72 45 65 17 5 81 65 50 71 8 67 37 35 77 18 83 85 82 27 98 46 13 93 89 89 51 59 69 35 78 50 57 66 73 40 78 76 32 62 52 56 67 60 68 48 16 51 68 77 35 35 75 26 50 49 27 61 0 80 87 79 84 65 11 
30 42 64 70 18 91 34 10 96 37 75 84 98 80 51 9 47 35 93 69 79 36 21 39 10 88 57 48 51 41 92 19 52 64 63 43 41 93 35 47 22 77 21 69 47 28 42 28 64 62 57 35 36 66 89 48 44 24 78 16 38 78 69 15 29 48 76 33 56 50 75 60 30 80 0 7 23 10 66 78 
36 39 68 75 24 96 38 12 102 43 82 89 102 87 57 10 51 42 98 75 86 38 26 44 16 94 61 54 58 44 99 19 54 67 69 42 47 99 35 48 21 83 28 73 53 30 47 34 68 66 63 37 39 73 94 54 49 29 83 22 44 85 74 21 31 54 82 36 62 55 81 67 35 87 7 0 25 10 70 85 
24 28 44 52 31 73 54 32 96 44 69 68 79 80 51 31 67 38 76 65 80 58 16 51 26 86 37 43 59 19 87 6 29 42 69 23 51 91 16 24 11 62 30 49 52 6 31 42 44 42 68 13 57 75 72 35 59 42 60 33 49 82 54 17 6 44 65 12 58 37 61 54 46 79 23 25 0 33 47 75 
38 49 74 79 20 100 28 4 98 39 81 93 107 83 55 3 41 40 102 74 82 28 30 38 14 92 67 55 52 52 97 28 62 75 64 52 41 97 45 57 31 86 25 79 49 38 50 28 73 73 56 45 29 66 98 57 41 21 87 16 38 80 78 23 39 54 84 43 58 59 84 66 27 84 10 10 33 0 75 83 
41 62 7 7 62 26 85 73 82 60 46 24 33 68 52 73 96 52 30 49 69 93 46 71 63 68 9 38 68 30 63 53 28 18 72 50 69 71 49 37 56 21 58 4 61 42 30 68 3 10 80 36 90 80 26 22 81 74 15 68 68 77 16 52 41 41 34 35 60 22 21 40 74 65 66 70 47 75 0 56 
51 101 62 51 63 59 73 79 26 46 10 46 65 13 29 81 77 43 55 10 16 84 61 53 70 12 58 32 38 70 14 79 77 73 33 92 49 16 87 82 85 41 58 59 37 73 44 59 57 64 46 72 79 39 52 44 60 68 50 68 51 26 41 65 72 31 25 69 28 42 39 20 63 11 78 85 75 83 56 0 
0 7 59 14 60 1550 17 10 16 9 0 17 0 0 13 16 0 0 0 37 480 0 37 7 13 90 363 111 0 0 336 348 27 49 0 0 295 290 91 257 0 3000 13 47 420 1100 62 1583 67 282 55 0 0 0 39 0 0 671 305 11 924 587 720 0 40 27 89 310 19 0 0 19 31 0 73 0 57 0 0 0 
7 0 289 3000 1154 333 288 679 890 11 120 319 26 11 79 48 17 28 28 8 48 33 10 567 54 14 167 3000 12 87 79 1720 102 2021 41 1501 860 366 16 231 10 1116 20 1537 87 2201 576 37 87 2895 186 48 21 219 2893 1060 725 150 111 351 327 55 327 470 1798 8 13 24 29 91 119 87 12 43 90 359 15 29 37 49 
59 289 0 148 68 0 0 3000 371 14 0 1292 43 53 2572 58 0 0 0 3000 177 0 0 20 0 0 12 340 0 91 144 89 0 0 0 0 110 0 11 3000 0 0 239 170 1511 0 0 182 103 142 0 17 0 0 16 356 0 1606 114 17 0 9 35 2344 46 0 94 1246 47 17 0 16 2814 0 170 0 19 0 0 93 
14 3000 148 0 50 56 282 66 33 564 23 216 75 39 335 337 12 74 2079 118 247 19 1434 197 26 97 606 2604 12 183 1675 113 14 28 148 381 118 38 84 48 57 60 7 579 32 15 191 639 173 1939 500 257 20 659 506 228 0 26 82 65 115 298 870 2095 120 428 157 41 619 161 1226 12 256 30 17 221 407 62 426 13 
60 1154 68 50 0 46 3000 121 204 14 18 101 56 276 63 33 153 20 34 101 28 408 112 854 455 546 354 147 72 194 78 53 37 281 1140 71 37 45 325 118 318 931 13 362 252 45 878 61 91 14 2454 12 46 7 389 1101 970 726 11 32 17 27 575 1437 49 1526 97 12 66 150 7 92 136 260 0 97 45 104 39 2276 
1550 333 0 56 46 0 1571 535 67 19 0 146 0 0 344 61 124 1344 0 1248 77 32 924 124 616 532 28 264 880 268 328 35 1944 295 3000 0 3000 104 362 643 12 152 71 928 27 11 12 78 111 76 47 0 35 0 20 0 0 0 43 17 416 221 64 0 16 19 13 40 13 0 405 243 504 30 16 431 39 0 335 0 
17 288 0 282 3000 1571 0 99 1477 16 1275 84 0 0 505 683 186 710 35 55 134 27 102 31 127 33 26 75 80 12 238 23 19 251 1813 10 872 86 3000 357 291 2826 37 40 12 489 64 167 8 516 100 0 169 22 25 719 481 843 180 124 20 41 988 0 15 10 19 1005 19 716 426 33 1355 64 0 53 11 2531 28 56 
10 679 3000 66 121 535 99 0 27 140 290 53 0 0 30 98 95 3000 0 148 301 90 1482 783 11 1333 2460 36 196 154 592 205 25 18 173 57 286 2581 392 715 3000 57 681 570 139 1692 623 851 196 95 2742 0 45 1457 12 0 0 3000 29 1153 20 61 12 135 315 12 3000 22 86 0 472 165 799 108 2711 36 19 18 8 0 
16 890 371 33 204 67 1477 27 0 1139 293 33 10 38 74 3000 9 9 107 323 197 346 78 61 9 302 77 7 16 1668 11 278 198 154 31 9 14 178 338 52 183 187 21 33 12 268 64 90 27 1752 36 48 614 48 1410 239 622 447 11 190 207 91 353 266 2483 911 60 483 39 12 9 23 19 415 360 7 223 90 636 22 
9 11 14 564 14 19 16 140 1139 0 45 19 24 107 114 8 279 18 343 1229 798 39 333 51 1011 116 628 10 89 68 89 294 85 656 325 42 205 11 22 63 284 73 57 300 71 207 88 2094 28 181 82 18 33 2322 1075 13 19 1961 30 683 615 69 55 9 27 14 122 125 370 137 36 29 281 32 0 66 43 52 14 783 
0 120 0 23 18 0 1275 290 293 45 0 19 33 29 126 35 63 70 125 85 0 42 41 656 0 617 0 42 146 3000 312 717 0 0 13 277 1102 116 0 532 55 983 0 163 251 0 126 37 56 49 1867 32 357 105 0 3000 714 0 0 0 934 146 59 0 0 82 0 0 0 42 41 0 0 3000 0 186 0 99 167 337 
17 319 1292 216 101 146 84 53 33 19 19 0 0 0 515 26 2935 1708 577 81 34 186 348 928 76 8 21 10 116 57 73 428 137 11 21 40 189 2162 53 723 535 785 187 58 1349 441 293 229 2195 204 19 0 20 19 930 0 0 112 19 73 19 32 1063 0 3000 63 25 59 1043 0 88 200 174 58 60 51 874 826 57 0 
0 26 43 75 56 0 0 0 10 24 33 0 0 69 105 0 0 11 0 73 0 0 0 140 0 0 170 0 0 11 107 16 0 0 112 0 60 11 40 573 0 356 0 9 288 0 0 12 123 144 54 72 0 714 0 62 0 28 112 0 0 116 83 49 0 311 157 447 0 33 0 275 36 0 0 0 0 363 2214 684 
0 11 53 39 276 0 0 0 38 107 29 0 69 0 32 0 27 168 0 22 0 21 0 8 0 0 151 13 0 79 59 12 0 0 9 21 97 96 28 3000 0 8 0 44 184 0 0 85 3000 8 1163 28 0 410 0 20 0 3000 1485 163 0 179 44 702 0 13 74 1207 0 941 0 140 449 0 0 0 0 13 398 23 
13 79 2572 335 63 344 505 30 74 114 126 515 105 32 0 71 115 9 187 96 213 22 92 283 19 14 1616 543 860 1142 91 252 9 10 20 143 484 32 62 43 31 14 99 42 10 132 10 183 53 146 45 278 397 175 42 252 666 152 46 76 289 944 17 3000 1419 197 130 12 124 13 230 467 107 813 1295 17 455 375 152 24 
16 48 58 337 33 61 683 98 3000 8 35 26 0 0 71 0 54 1003 3000 49 11 57 25 103 1211 44 498 668 16 9 16 196 94 111 277 45 196 29 11 760 29 51 363 73 18 163 7 116 179 643 193 0 30 16 51 0 627 44 2897 62 1244 14 269 23 444 182 9 896 337 0 73 35 313 293 24 32 14 471 35 111 
0 17 0 12 153 124 186 95 9 279 63 2935 0 27 115 54 0 16 2571 123 0 76 113 466 0 574 0 42 101 8 112 488 54 71 50 478 54 24 0 14 308 3000 47 316 25 0 97 9 24 22 569 136 678 20 0 22 129 0 0 477 178 1379 47 0 0 226 0 0 0 752 296 0 14 431 0 699 0 224 25 31 
0 28 0 74 20 1344 710 3000 9 18 70 1708 11 168 9 1003 16 0 74 3000 0 1002 17 18 0 622 0 19 716 137 189 41 0 7 16 11 78 69 0 446 67 41 0 952 646 0 16 888 12 27 9 38 17 189 0 39 176 78 0 0 76 239 31 0 0 103 13 0 0 888 33 0 41 76 0 655 0 211 744 261 
0 28 0 2079 34 0 35 0 107 343 125 577 0 0 187 3000 2571 74 0 9 0 1127 171 851 0 71 0 136 312 112 486 387 0 215 185 862 50 428 0 0 58 35 0 846 21 0 2675 939 0 185 253 0 708 372 0 18 9 0 0 0 52 38 16 0 0 13 0 0 0 36 441 0 0 481 0 487 0 20 67 78 
37 8 3000 118 101 1248 55 148 323 1229 85 81 73 22 96 49 123 3000 9 0 27 75 120 16 61 304 183 68 106 479 10 40 24 1132 43 562 592 13 758 238 413 687 622 236 717 7 30 12 27 14 2115 19 1812 3000 962 1369 1157 26 26 165 33 753 14 13 271 12 3000 15 42 26 501 39 176 180 210 16 16 11 407 443 
480 48 177 247 28 77 134 301 197 798 0 34 0 0 213 11 0 0 0 27 0 0 296 42 589 44 8 72 0 37 28 361 32 60 0 0 1980 68 312 188 0 56 1407 835 2816 37 1568 2602 2994 236 260 0 0 0 107 0 0 1442 10 12 66 561 461 128 9 103 592 17 252 0 0 109 853 0 42 0 23 0 0 0 
0 33 0 19 408 32 27 90 346 39 42 186 0 21 22 57 76 1002 1127 75 0 0 272 104 0 160 0 21 11 699 36 9 0 1180 310 2060 327 524 0 1349 129 494 245 175 31 0 194 707 283 32 395 108 31 1667 0 40 38 0 0 0 736 3000 23 0 0 92 0 0 0 13 2630 0 170 13 0 442 0 246 155 37 
37 10 0 1434 112 924 102 1482 78 333 41 348 0 0 92 25 113 17 171 120 296 272 0 25 29 3000 0 2066 145 13 951 22 1068 308 11 31 7 47 0 22 859 217 3000 69 370 77 60 1290 337 111 107 0 120 103 1917 0 42 0 0 195 71 8 21 0 156 1443 219 1481 158 0 126 408 30 18 0 181 91 85 83 0 
7 567 20 197 854 124 31 783 61 51 656 928 140 8 283 103 466 18 851 16 42 104 25 0 516 364 13 273 406 457 462 192 0 27 1831 26 934 13 31 18 54 8 25 136 27 97 1585 25 7 37 61 87 89 8 19 280 33 186 22 390 50 11 47 297 23 240 13 153 16 18 533 1848 35 53 0 285 35 25 167 10 
13 54 0 26 455 616 127 11 9 1011 0 76 0 0 19 1211 0 0 0 61 589 0 29 516 0 48 76 33 0 13 15 332 40 3000 0 0 13 1751 12 135 44 28 1676 371 38 54 20 135 261 74 240 0 0 0 53 0 0 0 1661 40 9 17 711 0 152 536 15 10 1244 0 0 600 13 0 41 0 52 0 0 0 
90 14 0 97 546 532 33 1333 302 116 617 8 0 0 14 44 574 622 71 304 44 160 3000 364 48 0 186 3000 508 43 40 32 14 1075 1092 1928 133 548 185 862 250 45 172 947 12 308 96 482 38 27 12 0 3000 40 50 0 88 63 21 106 20 578 17 0 38 603 67 448 329 0 1028 1309 151 59 0 1693 1885 22 194 0 
363 167 12 606 354 28 26 2460 77 628 0 21 170 151 1616 498 0 0 0 183 8 0 0 13 76 186 0 810 0 3000 267 75 0 0 0 0 101 123 663 863 0 392 80 839 53 1316 228 786 17 70 465 120 0 0 184 0 0 15 89 1546 0 81 31 66 113 15 13 56 41 196 0 910 8 0 166 0 7 0 0 1569 
111 3000 340 2604 147 264 75 36 7 10 42 10 0 13 543 668 42 19 136 68 72 21 2066 273 33 3000 810 0 232 484 571 290 846 159 47 156 3000 25 16 383 34 11 42 24 41 8 658 17 113 10 1344 120 117 364 24 353 732 375 143 16 377 139 17 7 69 453 142 19 31 216 50 415 313 193 735 20 39 47 328 18 
0 12 0 12 72 880 80 196 16 89 146 116 0 0 860 16 101 716 312 106 0 11 145 406 0 508 0 232 0 11 24 271 504 143 40 9 134 102 0 294 7 88 2539 3000 11 0 994 40 0 119 301 0 93 799 0 43 594 0 0 0 31 147 175 0 0 108 0 0 0 10 2899 0 0 28 0 1280 0 21 25 12 
0 87 91 183 194 268 12 154 1668 68 3000 57 11 79 1142 9 8 137 112 479 37 699 13 457 13 43 3000 484 11 0 25 21 0 765 234 151 741 106 60 536 264 160 499 81 54 0 636 769 43 29 18 70 721 722 0 11 44 240 20 59 760 1082 236 7 194 47 9 0 0 3000 255 122 11 852 0 186 0 319 9 56 
336 79 144 1675 78 328 238 592 11 89 312 73 107 59 91 16 112 189 486 10 28 36 951 462 15 40 267 571 24 25 0 28 0 1088 20 410 403 67 416 120 59 30 2738 11 3000 443 40 85 497 131 19 11 131 183 16 19 242 466 59 1426 175 150 8 13 1425 98 297 74 14 130 81 80 551 10 92 10 35 37 149 3000 
348 1720 89 113 53 35 23 205 278 294 717 428 16 12 252 196 488 41 387 40 361 9 22 192 332 32 75 290 271 21 28 0 299 14 409 364 140 62 408 1281 540 229 12 350 119 18 550 1117 8 297 334 69 208 24 423 12 3000 3000 13 23 32 7 76 98 133 37 17 506 14 9 44 174 8 165 0 86 145 122 140 9 
27 102 0 14 37 1944 19 25 198 85 0 137 0 0 9 94 54 0 0 24 32 0 1068 0 40 14 0 846 504 0 0 299 0 23 0 0 0 24 0 8 469 2465 77 376 61 25 60 38 0 0 636 0 75 0 130 0 0 0 0 53 48 24 0 0 28 124 0 40 41 0 9 436 165 422 0 0 54 0 0 0 
49 2021 0 28 281 295 251 18 154 656 0 11 0 0 10 111 71 7 215 1132 60 1180 308 27 3000 1075 0 159 143 765 1088 14 23 0 226 21 242 41 0 169 7 124 151 252 63 9 21 402 0 864 17 0 3000 0 211 0 0 0 0 79 628 77 0 0 82 53 710 68 107 0 73 145 661 1292 0 125 94 0 159 0 
0 41 0 148 1140 3000 1813 173 31 325 13 21 112 9 20 277 50 16 185 43 0 310 11 1831 0 1092 0 47 40 234 20 409 0 226 0 61 71 121 70 36 1289 97 306 7 250 0 150 29 72 16 3000 95 504 60 0 139 133 550 15 75 869 274 26 0 0 43 287 0 0 1170 196 0 436 151 0 52 0 20 190 58 
0 1501 0 381 71 0 10 57 9 42 277 40 0 21 143 45 478 11 862 562 0 2060 31 26 0 1928 0 156 9 151 410 364 0 21 61 0 2346 66 0 71 16 36 0 46 10 0 1577 35 0 25 135 124 134 15 0 39 2005 0 0 0 533 278 244 0 0 36 0 0 0 51 44 0 0 2889 0 211 0 1129 12 1469 
295 860 110 118 37 3000 872 286 14 205 1102 189 60 97 484 196 54 78 50 592 1980 327 7 934 13 133 101 3000 134 741 403 140 0 242 71 2346 0 433 143 14 585 60 68 73 120 80 1219 358 41 425 19 33 619 1979 10 11 136 214 78 627 11 96 29 192 478 8 28 25 21 535 561 84 57 616 103 27 160 102 9 206 
290 366 0 38 45 104 86 2581 178 11 116 2162 11 96 32 29 24 69 428 13 68 524 47 13 1751 548 123 25 102 106 67 62 24 41 121 66 433 0 25 11 199 41 210 515 18 481 22 17 498 738 1227 276 12 3000 0 320 191 28 109 125 22 742 558 0 3000 98 1733 0 183 1088 31 956 80 92 0 178 247 39 131 122 
91 16 11 84 325 362 3000 392 338 22 0 53 40 28 62 11 0 0 0 758 312 0 0 31 12 185 663 16 0 60 416 408 0 0 70 0 143 25 0 645 0 19 542 329 1076 25 1591 532 350 212 173 1873 0 141 11 16 0 19 281 31 0 46 3000 35 38 250 508 51 35 10 0 28 586 0 407 0 261 363 0 70 
257 231 3000 48 118 643 357 715 52 63 532 723 573 3000 43 760 14 446 0 238 188 1349 22 18 135 862 863 383 294 536 120 1281 8 169 36 71 14 11 645 0 400 13 26 3000 2207 119 14 234 41 32 474 81 46 108 232 34 0 3000 1776 23 164 255 3000 683 140 19 1431 233 40 854 1016 122 126 11 199 108 118 181 60 407 
0 10 0 57 318 12 291 3000 183 284 55 535 0 0 31 29 308 67 58 413 0 129 859 54 44 250 0 34 7 264 59 540 469 7 1289 16 585 199 0 400 0 32 686 194 38 346 28 24 0 21 550 0 106 745 0 75 609 0 0 34 34 1941 1914 0 1347 1556 0 0 0 167 556 0 1497 39 0 9 0 174 771 142 
3000 1116 0 60 931 152 2826 57 187 73 983 785 356 8 14 51 3000 41 35 687 56 494 217 8 28 45 392 11 88 160 30 229 2465 124 97 36 60 41 19 13 32 0 68 200 1007 38 379 147 66 373 46 742 891 37 0 155 2755 1375 94 626 1271 71 411 0 12 95 35 0 161 33 45 78 738 149 0 185 39 151 11 283 
13 20 239 7 13 71 37 681 21 57 0 187 0 0 99 363 47 0 0 622 1407 245 3000 25 1676 172 80 42 2539 499 2738 12 77 151 306 0 68 210 542 26 686 68 0 7 121 127 19 420 227 25 9 0 10 0 52 0 0 134 49 87 32 783 44 10 210 1896 243 59 57 0 76 12 273 65 17 0 102 0 0 0 
47 1537 170 579 362 928 40 570 33 300 163 58 9 44 42 73 316 952 846 236 835 175 69 136 371 947 839 24 3000 81 11 350 376 252 7 46 73 515 329 3000 194 200 7 0 162 16 20 164 107 659 21 19 103 79 689 135 19 80 104 170 559 37 185 12 18 3000 91 101 1450 10 79 93 268 40 136 13 83 166 2134 22 
420 87 1511 32 252 27 12 139 12 71 251 1349 288 184 10 18 25 646 21 717 2816 31 370 27 38 12 53 41 11 54 3000 119 61 63 250 10 120 18 1076 2207 38 1007 121 162 0 166 126 66 811 62 1434 250 202 10 162 653 587 70 1220 851 27 15 82 524 92 104 66 29 11 182 456 23 1633 15 37 294 169 7 7 66 
1100 2201 0 15 45 11 489 1692 268 207 0 441 0 0 132 163 0 0 0 7 37 0 77 97 54 308 1316 8 0 0 443 18 25 9 0 0 80 481 25 119 346 38 127 16 166 0 310 24 985 9 46 0 0 0 538 0 0 0 101 36 389 55 553 0 1160 156 677 36 68 0 0 146 24 0 44 0 21 0 0 0 
62 576 0 191 878 12 64 623 64 88 126 293 0 0 10 7 97 16 2675 30 1568 194 60 1585 20 96 228 658 994 636 40 550 60 21 150 1577 1219 22 1591 14 28 379 19 20 126 310 0 117 374 2037 8 74 30 9 42 173 1863 128 28 260 56 16 145 0 45 819 24 24 33 18 84 119 60 108 0 124 2703 114 66 475 
1583 37 182 639 61 78 167 851 90 2094 37 229 12 85 183 116 9 888 939 12 2602 707 1290 25 135 482 786 17 40 769 85 1117 38 402 29 35 358 17 532 234 24 147 420 164 66 24 117 0 13 28 106 503 51 63 13 59 1315 23 2065 420 40 113 455 10 138 289 166 36 631 38 8 89 359 901 0 1841 37 176 50 103 
67 87 103 173 91 111 8 196 27 28 56 2195 123 3000 53 179 24 12 0 27 2994 283 337 7 261 38 17 113 0 43 497 8 0 0 72 0 41 498 350 41 0 66 227 107 811 985 374 13 0 15 653 599 0 29 17 55 0 945 292 8 44 11 29 36 698 23 149 383 3000 59 0 803 14 0 38 0 60 168 14 28 
282 2895 142 1939 14 76 516 95 1752 181 49 204 144 8 146 643 22 27 185 14 236 32 111 37 74 27 70 10 119 29 131 297 0 864 16 25 425 738 212 32 21 373 25 659 62 9 2037 28 15 0 72 39 48 419 225 17 0 14 12 11 20 199 88 67 190 27 513 59 117 307 85 10 16 27 1024 268 535 610 658 33 
55 186 0 500 2454 47 100 2742 36 82 1867 19 54 1163 45 193 569 9 253 2115 260 395 107 61 240 12 465 1344 301 18 19 334 636 17 3000 135 19 1227 173 474 550 46 9 21 1434 46 8 106 653 72 0 150 8 39 0 1617 3000 45 241 119 73 1289 47 0 561 26 57 0 0 72 143 148 12 148 0 34 0 64 59 11 
0 48 17 257 12 0 0 0 48 18 32 0 72 28 278 0 136 38 0 19 0 108 0 87 0 0 120 120 0 70 11 69 0 0 95 124 33 276 1873 81 0 742 0 19 250 0 74 503 599 39 150 0 0 1832 0 321 0 1129 20 126 0 64 331 110 0 891 45 3000 0 587 0 64 79 0 0 0 0 9 413 788 
0 21 0 20 46 35 169 45 614 33 357 20 0 0 397 30 678 17 708 1812 0 31 120 89 0 3000 0 117 93 721 131 208 75 3000 504 134 619 12 0 46 106 891 10 103 202 0 30 51 0 48 8 0 0 199 0 20 31 0 0 0 3000 25 851 0 0 2117 0 0 0 366 72 0 0 1159 0 48 0 294 188 33 
0 219 0 659 7 0 22 1457 48 2322 105 19 714 410 175 16 20 189 372 3000 0 1667 103 8 0 40 0 364 799 722 183 24 0 0 60 15 1979 3000 141 108 745 37 0 79 10 0 9 63 29 419 39 1832 199 0 0 134 313 80 0 0 1650 223 10 0 0 142 11 0 0 45 37 0 1177 2158 0 94 0 8 10 95 
39 2893 16 506 389 20 25 12 1410 1075 0 930 0 0 42 51 0 0 0 962 107 0 1917 19 53 50 184 24 0 0 16 423 130 211 0 0 10 0 11 232 0 0 52 689 162 538 42 13 17 225 0 0 0 0 0 0 0 16 34 118 0 12 9 3000 72 0 159 122 1600 0 0 120 236 0 27 0 8 0 0 0 
0 1060 356 228 1101 0 719 0 239 13 3000 0 62 20 252 0 22 39 18 1369 0 40 0 280 0 0 0 353 43 11 19 12 0 0 139 39 11 320 16 34 75 155 0 135 653 0 173 59 55 17 1617 321 20 134 0 0 11 8 29 0 133 77 566 15 0 360 16 0 0 1068 598 0 311 27 0 12 0 2161 829 22 
0 725 0 0 970 0 481 0 622 19 714 0 0 0 666 627 129 176 9 1157 0 38 42 33 0 88 0 732 594 44 242 3000 0 0 133 2005 136 191 0 0 609 2755 0 19 587 0 1863 1315 0 0 3000 0 31 313 0 11 0 0 0 0 237 238 0 0 0 18 0 0 0 456 62 0 0 66 0 199 0 1373 52 362 
671 150 1606 26 726 0 843 3000 447 1961 0 112 28 3000 152 44 0 78 0 26 1442 0 0 186 0 63 15 375 0 240 466 3000 0 0 550 0 214 28 19 3000 0 1375 134 80 70 0 128 23 945 14 45 1129 0 80 16 8 0 0 239 1690 0 10 192 569 75 625 163 68 62 30 0 175 3000 0 127 0 80 25 0 119 
305 111 114 82 11 43 180 29 11 30 0 19 112 1485 46 2897 0 0 0 26 10 0 0 22 1661 21 89 143 0 20 59 13 0 0 15 0 78 109 281 1776 0 94 49 104 1220 101 28 2065 292 12 241 20 0 0 34 29 0 239 0 136 0 89 3000 90 17 107 42 1014 403 683 0 433 211 0 312 0 27 150 0 9 
11 351 17 65 32 17 124 1153 190 683 0 73 0 163 76 62 477 0 0 165 12 0 195 390 40 106 1546 16 0 59 1426 23 53 79 75 0 627 125 31 23 34 626 87 170 851 36 260 420 8 11 119 126 0 0 118 0 0 1690 136 0 13 3000 18 8 29 52 31 3000 39 0 0 38 15 0 690 0 8 0 0 0 
924 327 0 115 17 416 20 20 207 615 934 19 0 0 289 1244 178 76 52 33 66 736 71 50 9 20 0 377 31 760 175 32 48 628 869 533 11 22 0 164 34 1271 32 559 27 389 56 40 44 20 73 0 3000 1650 0 133 237 0 0 13 0 11 22 0 967 37 12 0 554 0 13 60 278 22 0 15 22 1436 21 362 
587 55 9 298 27 221 41 61 91 69 146 32 116 179 944 14 1379 239 38 753 561 3000 8 11 17 578 81 139 147 1082 150 7 24 77 274 278 96 742 46 255 1941 71 783 37 15 55 16 113 11 199 1289 64 25 223 12 77 238 10 89 3000 11 0 3000 61 189 181 39 123 126 282 15 24 12 582 452 30 1240 195 1240 25 
720 327 35 870 575 64 988 12 353 55 59 1063 83 44 17 269 47 31 16 14 461 23 21 47 711 17 31 17 175 236 8 76 0 0 26 244 29 558 3000 3000 1914 411 44 185 82 553 145 455 29 88 47 331 851 10 9 566 0 192 3000 18 22 3000 0 462 10 783 36 114 161 27 19 50 3000 71 141 128 98 93 146 1044 
0 470 2344 2095 1437 0 0 135 266 9 0 0 49 702 3000 23 0 0 0 13 128 0 0 297 0 0 66 7 0 7 13 98 0 0 0 0 192 0 35 683 0 0 10 12 524 0 0 10 36 67 0 110 0 0 3000 15 0 569 90 8 0 61 462 0 0 0 102 26 2667 3000 0 103 394 0 103 0 8 0 0 52 
40 1798 46 120 49 16 15 315 2483 27 0 3000 0 0 1419 444 0 0 0 271 9 0 156 23 152 38 113 69 0 194 1425 133 28 82 0 0 478 3000 38 140 1347 12 210 18 92 1160 45 138 698 190 561 0 0 0 72 0 0 75 17 29 967 189 10 0 0 7 111 18 114 0 0 330 77 0 10 0 30 0 0 0 
27 8 0 428 1526 19 10 12 911 14 82 63 311 13 197 182 226 103 13 12 103 92 1443 240 536 603 15 453 108 47 98 37 124 53 43 36 8 98 250 19 1556 95 1896 3000 104 156 819 289 23 27 26 891 2117 142 0 360 18 625 107 52 37 181 783 0 7 0 346 0 11 60 188 158 101 1637 0 7 32 22 31 335 
89 13 94 157 97 13 19 3000 60 122 0 25 157 74 130 9 0 13 0 3000 592 0 219 13 15 67 13 142 0 9 297 17 0 710 287 0 28 1733 508 1431 0 35 243 91 66 677 24 166 149 513 57 45 0 11 159 16 0 163 42 31 12 39 36 102 111 346 0 10 719 52 0 50 383 0 28 0 443 694 0 378 
310 24 1246 41 12 40 1005 22 483 125 0 59 447 1207 12 896 0 0 0 15 17 0 1481 153 10 448 56 19 0 0 74 506 40 68 0 0 25 0 51 233 0 0 59 101 29 36 24 36 383 59 0 3000 0 0 122 0 0 68 1014 3000 0 123 114 26 18 0 10 0 1345 0 0 66 270 0 18 0 153 0 0 0 
19 29 47 619 66 13 19 86 39 370 0 1043 0 0 124 337 0 0 0 42 252 0 158 16 1244 329 41 31 0 0 14 14 41 107 0 0 21 183 35 40 0 161 57 1450 11 68 33 631 3000 117 0 0 0 0 1600 0 0 62 403 39 554 126 161 2667 114 11 719 1345 0 0 0 635 82 0 3000 0 8 0 0 0 
0 91 17 161 150 0 716 0 12 137 42 0 33 941 13 0 752 888 36 26 0 13 0 18 0 0 196 216 10 3000 130 9 0 0 1170 51 535 1088 10 854 167 33 0 10 182 0 18 38 59 307 72 587 366 45 0 1068 456 30 683 0 0 282 27 3000 0 60 52 0 0 0 499 157 74 26 0 433 0 1060 28 101 
0 119 0 1226 7 405 426 472 9 36 41 88 0 0 230 73 296 33 441 501 0 2630 126 533 0 1028 0 50 2899 255 81 44 9 73 196 44 561 31 0 1016 556 45 76 79 456 0 84 8 0 85 143 0 72 37 0 598 62 0 0 0 13 15 19 0 0 188 0 0 0 499 0 0 0 20 0 61 0 180 335 128 
19 87 16 12 92 243 33 165 23 29 0 200 275 140 467 35 0 0 0 39 109 0 408 1848 600 1309 910 415 0 122 80 174 436 145 0 0 84 956 28 122 0 78 12 93 23 146 119 89 803 10 148 64 0 0 120 0 0 175 433 38 60 24 50 103 330 158 50 66 635 157 0 0 18 0 532 0 30 0 0 0 
31 12 2814 256 136 504 1355 799 19 281 0 174 36 449 107 313 14 41 0 176 853 170 30 35 13 151 8 313 0 11 551 8 165 661 436 0 57 80 586 126 1497 738 273 268 1633 24 60 359 14 16 12 79 0 1177 236 311 0 3000 211 15 278 12 3000 394 77 101 383 270 82 74 0 18 0 0 426 0 50 3000 169 401 
0 43 0 30 260 30 64 108 415 32 3000 58 0 0 813 293 431 76 481 180 0 13 18 53 0 59 0 193 28 852 10 165 422 1292 151 2889 616 92 0 11 39 149 65 40 15 0 108 901 0 27 148 0 1159 2158 0 27 66 0 0 0 22 582 71 0 0 1637 0 0 0 26 20 0 0 0 0 173 0 589 386 76 
73 90 170 17 0 16 0 2711 360 0 0 60 0 0 1295 24 0 0 0 210 42 0 0 0 41 0 166 735 0 0 92 0 0 0 0 0 103 0 407 199 0 0 17 136 37 44 0 0 38 1024 0 0 0 0 27 0 0 127 312 690 0 452 141 103 10 0 28 18 3000 0 0 532 426 0 0 0 149 0 0 0 
0 359 0 221 97 431 53 36 7 66 186 51 0 0 17 32 699 655 487 16 0 442 181 285 0 1693 0 20 1280 186 10 86 0 125 52 211 27 178 0 108 9 185 0 13 294 0 124 1841 0 268 34 0 48 94 0 12 199 0 0 0 15 30 128 0 0 7 0 0 0 433 61 0 0 173 0 0 0 28 29 684 
57 15 19 407 45 39 11 19 223 43 0 874 0 0 455 14 0 0 0 16 23 0 91 35 52 1885 7 39 0 0 35 145 54 94 0 0 160 247 261 118 0 39 102 83 169 21 2703 37 60 535 0 0 0 0 8 0 0 80 27 8 22 1240 98 8 30 32 443 153 8 0 0 30 50 0 149 0 0 0 0 0 
0 29 0 62 104 0 2531 18 90 52 99 826 363 13 375 471 224 211 20 11 0 246 85 25 0 22 0 47 21 319 37 122 0 0 20 1129 102 39 363 181 174 151 0 166 7 0 114 176 168 610 64 9 294 8 0 2161 1373 25 150 0 1436 195 93 0 0 22 694 0 0 1060 180 0 3000 589 0 28 0 0 19 295 
0 37 0 426 39 335 28 8 636 14 167 57 2214 398 152 35 25 744 67 407 0 155 83 167 0 194 0 328 25 9 149 140 0 159 190 12 9 131 0 60 771 11 0 2134 7 0 66 50 14 658 59 413 188 10 0 829 52 0 0 0 21 1240 146 0 0 31 0 0 0 28 335 0 169 386 0 29 0 19 0 22 
