80
0 60 52 76 75 37 24 13 83 54 77 79 81 80 64 57 64 75 9 87 45 68 102 40 64 34 41 29 59 47 75 45 35 84 43 77 68 58 82 63 61 81 26 45 51 60 10 41 28 42 78 24 58 57 28 61 8 49 70 64 19 70 25 80 32 17 28 60 8 72 50 48 29 65 64 51 22 28 45 40 
60 0 10 16 19 48 69 62 32 7 21 68 32 27 27 30 44 24 68 28 15 9 70 26 27 42 20 57 59 50 16 82 25 28 42 73 11 8 23 85 19 25 67 86 28 88 62 21 35 69 23 64 13 15 39 36 61 25 35 37 63 15 34 48 59 51 40 16 58 17 30 15 47 33 37 74 39 66 17 65 
52 10 0 26 29 47 60 57 42 10 31 60 33 29 22 22 36 34 60 37 8 17 66 16 34 32 11 47 50 40 23 72 18 38 32 64 21 15 30 75 14 29 63 76 18 78 56 12 30 59 33 55 7 9 30 28 55 27 30 30 58 18 27 43 49 42 36 23 52 27 32 16 37 27 30 64 31 62 15 55 
76 16 26 0 10 60 86 78 22 22 11 76 31 25 36 41 54 18 84 11 31 9 71 42 30 58 36 73 72 64 7 98 42 15 57 83 10 19 10 99 28 18 81 102 41 102 78 37 50 84 11 81 25 28 55 46 77 35 41 46 77 16 51 52 75 67 54 22 74 10 39 29 63 41 46 88 55 79 32 81 
75 19 29 10 0 54 87 75 13 22 2 85 42 35 44 48 62 8 83 14 32 17 82 45 20 61 37 76 78 69 17 101 42 10 62 91 8 17 20 105 36 29 76 105 47 107 75 40 48 88 4 83 31 34 57 53 75 29 50 54 73 25 51 62 78 68 50 16 71 3 32 27 66 50 54 93 55 74 30 84 
37 48 47 60 54 0 59 29 57 41 55 98 79 75 67 64 76 50 45 68 40 56 111 45 36 53 39 58 81 68 63 80 35 62 60 99 50 42 69 95 60 73 24 81 58 93 30 42 21 73 57 58 54 55 44 70 32 25 75 73 24 63 31 88 62 44 14 38 29 52 22 33 52 71 72 82 33 22 32 70 
24 69 60 86 87 59 0 36 97 66 89 65 82 82 64 55 57 89 19 97 55 77 93 44 81 30 50 16 44 37 83 21 45 97 36 61 79 70 90 41 64 86 49 22 51 36 34 48 45 21 91 6 63 61 30 56 31 66 68 60 43 76 38 74 17 19 49 74 32 85 69 61 24 63 59 30 33 52 58 20 
13 62 57 78 75 29 36 0 81 56 76 91 88 85 72 65 74 73 18 88 49 71 111 46 61 45 45 41 70 59 78 57 39 84 53 89 69 59 85 76 67 86 13 57 59 72 2 46 27 55 78 37 63 62 37 69 5 46 78 73 7 75 30 89 45 28 25 59 6 72 47 49 40 74 72 64 28 15 46 52 
83 32 42 22 13 57 97 81 0 33 12 98 53 47 57 61 75 8 91 19 44 29 93 56 21 73 48 87 91 82 29 112 53 9 74 104 21 28 30 117 49 40 81 116 59 119 82 51 55 100 11 93 44 47 68 66 82 35 63 67 79 38 60 74 89 78 56 24 79 15 35 36 77 63 67 105 64 78 40 96 
54 7 10 22 22 41 66 56 33 0 23 70 39 34 32 32 47 25 62 32 11 15 75 24 24 40 16 55 60 50 22 80 21 31 42 75 14 5 29 85 23 32 60 83 29 86 56 18 29 67 25 61 16 18 36 38 55 18 39 41 56 21 29 52 57 47 33 12 52 19 24 8 44 37 40 73 34 59 10 64 
77 21 31 11 2 55 89 76 12 23 0 86 42 36 45 50 63 8 85 13 34 18 82 46 21 63 39 78 80 71 18 103 44 8 63 92 10 19 20 106 37 29 78 106 48 109 77 41 50 90 2 84 32 35 59 55 76 31 51 56 75 26 52 63 80 70 52 18 73 4 33 29 67 51 56 95 57 76 32 86 
79 68 60 76 85 98 65 91 98 70 86 0 50 55 41 38 24 91 81 85 63 68 31 54 94 46 61 52 21 32 70 58 63 91 38 9 78 74 72 41 49 63 103 63 42 49 89 58 77 46 87 60 55 52 55 32 86 85 35 30 96 60 67 27 49 63 84 83 85 83 91 74 50 35 30 41 66 103 72 46 
81 32 33 31 42 79 82 88 53 39 42 50 0 6 18 27 32 49 87 37 40 27 40 42 58 52 43 67 53 50 24 88 48 45 46 58 37 40 24 82 20 14 95 92 31 87 87 41 63 72 43 76 25 25 54 27 85 57 17 25 90 18 57 23 67 67 69 48 82 41 62 47 58 21 26 74 60 94 47 70 
80 27 29 25 35 75 82 85 47 34 36 55 6 0 19 28 36 43 86 31 37 21 47 40 52 52 40 67 56 52 18 89 46 39 47 63 31 35 18 85 18 8 92 94 32 90 84 39 59 74 36 77 22 23 54 30 83 52 21 28 87 12 55 29 68 67 65 42 80 35 57 42 58 23 29 77 58 91 42 72 
64 27 22 36 44 67 64 72 57 32 45 41 18 19 0 9 18 51 70 45 28 27 44 26 55 34 29 49 37 32 29 70 34 51 28 47 37 35 33 66 9 25 80 74 14 70 71 26 49 55 46 58 15 14 37 11 69 49 8 11 75 20 42 21 49 50 56 43 66 42 55 38 40 6 11 57 44 80 36 52 
57 30 22 41 48 64 55 65 61 32 50 38 27 28 9 0 14 54 62 52 26 32 48 20 56 25 25 40 30 24 36 61 29 56 19 43 41 37 41 58 13 34 74 65 6 62 64 22 44 46 51 49 18 15 29 6 62 48 14 9 68 26 36 24 40 41 51 45 59 46 53 37 31 9 9 49 37 74 35 43 
64 44 36 54 62 76 57 74 75 47 63 24 32 36 18 14 0 68 67 64 40 45 38 32 71 30 39 41 21 20 48 58 41 69 22 29 55 51 51 50 26 43 84 62 19 55 72 35 56 43 64 51 31 29 37 8 70 62 15 8 78 38 46 17 40 47 63 59 68 60 68 51 35 13 7 43 47 85 49 41 
75 24 34 18 8 50 89 73 8 25 8 91 49 43 51 54 68 0 83 20 36 24 89 48 15 65 40 79 84 74 25 104 44 12 66 97 13 20 28 109 42 37 74 108 52 111 74 43 47 92 8 85 37 39 60 60 74 27 57 61 71 33 52 69 81 70 49 15 71 9 28 28 69 56 61 97 56 72 31 88 
9 68 60 84 83 45 19 18 91 62 85 81 87 86 70 62 67 83 0 95 53 76 105 46 73 38 48 29 59 49 83 40 42 93 46 77 76 66 90 60 68 88 31 40 56 56 16 48 36 40 87 22 65 63 33 65 14 57 75 69 25 77 33 84 32 20 37 68 16 81 59 56 32 70 68 49 29 33 53 38 
87 28 37 11 14 68 97 88 19 32 13 85 37 31 45 52 64 20 95 0 42 21 77 53 34 69 47 85 82 75 16 109 53 9 68 92 19 29 13 110 39 24 90 113 52 113 88 49 60 95 11 92 36 39 67 56 87 43 50 56 87 26 62 60 86 79 63 30 84 16 46 39 74 51 56 100 66 88 42 92 
45 15 8 31 32 40 55 49 44 11 34 63 40 37 28 26 40 36 53 42 0 23 72 13 33 29 5 44 51 40 30 69 11 42 31 67 25 16 37 74 21 37 55 72 21 76 49 8 23 56 36 50 15 15 25 32 47 22 36 35 50 26 20 49 46 36 29 22 44 30 28 11 33 32 34 62 24 54 9 53 
68 9 17 9 17 56 77 71 29 15 18 68 27 21 27 32 45 24 76 21 23 0 66 33 31 49 28 64 63 54 7 89 34 24 47 74 11 14 14 90 19 17 75 92 31 93 71 29 44 75 19 72 16 18 46 37 70 32 34 38 71 9 43 46 65 59 48 21 67 15 37 24 54 33 38 79 47 74 25 71 
102 70 66 71 82 111 93 111 93 75 82 31 40 47 44 48 38 89 105 77 72 66 0 67 97 67 72 77 50 56 64 89 77 85 59 41 77 78 64 73 52 54 122 93 54 80 110 69 92 75 83 87 59 57 74 42 108 93 36 39 115 57 83 23 76 85 99 86 106 81 98 81 73 40 39 72 84 122 80 74 
40 26 16 42 45 45 44 46 56 24 46 54 42 40 26 20 32 48 46 53 13 33 67 0 45 17 9 32 39 27 39 57 10 54 19 56 37 28 46 62 22 43 55 60 13 63 45 5 25 43 48 39 19 17 14 25 43 33 32 29 49 32 16 44 33 27 32 35 41 42 38 23 21 28 28 49 19 55 20 40 
64 27 34 30 20 36 81 61 21 24 21 94 58 52 55 56 71 15 73 34 33 31 97 45 0 61 36 73 83 72 35 98 39 26 64 98 21 20 40 106 46 47 60 101 52 107 62 40 37 87 23 78 39 42 54 62 62 16 62 64 59 40 44 75 76 62 37 11 59 19 15 22 64 60 64 94 48 58 25 84 
34 42 32 58 61 53 30 45 73 40 63 46 52 52 34 25 30 65 38 69 29 49 67 17 61 0 25 16 27 15 54 40 23 71 8 46 53 45 61 45 34 56 56 44 20 46 43 22 33 27 65 25 34 31 9 27 41 47 38 31 50 46 22 46 17 18 40 51 39 59 52 39 6 33 30 33 21 57 36 23 
41 20 11 36 37 39 50 45 48 16 39 61 43 40 29 25 39 40 48 47 5 28 72 9 36 25 0 39 48 36 34 64 6 47 28 64 30 21 42 70 23 41 52 67 20 71 45 4 20 51 41 45 17 17 20 31 43 24 37 34 47 30 16 49 41 31 27 26 40 35 30 14 28 33 34 58 19 52 11 48 
29 57 47 73 76 58 16 41 87 55 78 52 67 67 49 40 41 79 29 85 44 64 77 32 73 16 39 0 30 21 70 25 35 85 21 48 68 59 76 37 50 72 55 29 36 35 39 36 40 15 80 10 49 47 19 41 37 59 52 44 48 62 30 58 3 15 46 65 36 73 63 52 10 47 44 24 27 56 48 12 
59 59 50 72 78 81 44 70 91 60 80 21 53 56 37 30 21 84 59 82 51 63 50 39 83 27 48 30 0 13 66 40 48 86 21 19 71 65 71 29 44 63 83 44 32 34 68 44 60 25 81 39 47 45 37 27 66 72 36 28 76 57 49 35 28 42 67 73 65 76 77 62 30 33 27 23 48 84 59 25 
47 50 40 64 69 68 37 59 82 50 71 32 50 52 32 24 20 74 49 75 40 54 56 27 72 15 36 21 13 0 59 38 36 78 9 31 61 54 64 36 36 57 71 43 23 39 57 33 47 23 72 31 39 36 24 22 54 60 33 25 64 49 37 37 20 31 54 62 53 67 65 50 18 29 24 25 35 72 47 21 
75 16 23 7 17 63 83 78 29 22 18 70 24 18 29 36 48 25 83 16 30 7 64 39 35 54 34 70 66 59 0 94 40 22 52 76 14 21 7 94 22 12 82 98 36 97 78 35 51 80 18 78 21 23 53 40 77 38 34 40 78 10 50 45 71 65 55 26 74 17 43 30 60 35 40 84 54 81 32 76 
45 82 72 98 101 80 21 57 112 80 103 58 88 89 70 61 58 104 40 109 69 89 89 57 98 40 64 25 40 38 94 0 60 111 42 51 93 85 100 23 73 94 70 5 59 17 55 61 64 15 105 22 73 71 44 60 52 83 71 63 64 86 55 74 23 37 68 90 53 99 87 77 36 67 62 17 51 72 74 18 
35 25 18 42 42 35 45 39 53 21 44 63 48 46 34 29 41 44 42 53 11 34 77 10 39 23 6 35 48 36 40 60 0 52 27 65 35 25 48 68 28 47 47 63 23 69 39 7 15 49 46 41 24 23 16 35 37 25 41 38 41 36 9 53 37 26 22 30 34 40 30 17 25 37 38 56 13 46 13 45 
84 28 38 15 10 62 97 84 9 31 8 91 45 39 51 56 69 12 93 9 42 24 85 54 26 71 47 85 86 78 22 111 52 0 70 98 17 27 21 113 43 32 85 114 55 116 84 49 57 97 6 92 39 42 67 61 84 38 56 61 82 31 60 67 87 78 59 25 81 12 40 36 75 56 61 102 65 83 40 94 
43 42 32 57 62 60 36 53 74 42 63 38 46 47 28 19 22 66 46 68 31 47 59 19 64 8 28 21 21 9 52 42 27 70 0 39 54 46 58 43 31 52 64 47 17 45 51 24 39 28 65 30 32 29 17 20 49 52 31 24 58 44 29 38 21 26 46 53 47 59 57 42 14 26 23 32 28 65 39 24 
77 73 64 83 91 99 61 89 104 75 92 9 58 63 47 43 29 97 77 92 67 74 41 56 98 46 64 48 19 31 76 51 65 98 39 0 83 79 79 33 55 70 101 56 46 40 87 60 78 40 93 56 60 57 55 37 84 88 42 36 94 67 67 36 45 61 85 87 83 89 94 78 49 41 36 34 66 102 75 40 
68 11 21 10 8 50 79 69 21 14 10 78 37 31 37 41 55 13 76 19 25 11 77 37 21 53 30 68 71 61 14 93 35 17 54 83 0 10 20 97 29 26 71 97 39 99 69 32 41 80 12 75 23 26 49 46 68 25 44 47 68 20 43 56 70 61 44 12 65 6 29 20 58 43 47 85 48 70 23 76 
58 8 15 19 17 42 70 59 28 5 19 74 40 35 35 37 51 20 66 29 16 14 78 28 20 45 21 59 65 54 21 85 25 27 46 79 10 0 27 90 26 31 62 88 33 91 59 23 32 72 21 66 20 22 40 42 58 18 42 44 58 22 33 55 61 51 35 8 55 15 22 10 49 41 44 78 38 61 13 68 
82 23 30 10 20 69 90 85 30 29 20 72 24 18 33 41 51 28 90 13 37 14 64 46 40 61 42 76 71 64 7 100 48 21 58 79 20 27 0 99 28 10 89 104 41 103 85 42 58 86 20 84 27 29 59 44 84 45 37 44 85 14 57 47 77 72 62 32 81 20 49 37 66 39 44 89 61 88 39 82 
63 85 75 99 105 95 41 76 117 85 106 41 82 85 66 58 50 109 60 110 74 90 73 62 106 45 70 37 29 36 94 23 68 113 43 33 97 90 99 0 71 91 90 27 58 8 74 67 76 22 108 39 74 71 53 55 71 93 65 57 83 85 66 63 33 51 82 96 71 102 97 84 44 62 56 13 63 91 81 25 
61 19 14 28 36 60 64 67 49 23 37 49 20 18 9 13 26 42 68 39 21 19 52 22 46 34 23 50 44 36 22 73 28 43 31 55 29 26 28 71 0 22 75 77 14 75 67 21 43 58 38 59 7 6 35 18 65 41 16 19 70 13 37 29 50 48 49 35 62 34 46 29 40 14 19 61 40 75 29 55 
81 25 29 18 29 73 86 86 40 32 29 63 14 8 25 34 43 37 88 24 37 17 54 43 47 56 41 72 63 57 12 94 47 32 52 70 26 31 10 91 22 0 91 99 36 96 85 40 59 80 29 80 24 25 56 36 84 49 28 35 87 11 56 37 72 69 64 38 81 29 54 40 62 30 35 82 60 90 41 77 
26 67 63 81 76 24 49 13 81 60 78 103 95 92 80 74 84 74 31 90 55 75 122 55 60 56 52 55 83 71 82 70 47 85 64 101 71 62 89 90 75 91 0 70 68 86 16 54 32 68 80 51 70 69 48 79 18 47 87 83 7 80 39 99 58 41 27 60 18 74 45 52 53 83 82 77 37 3 50 66 
45 86 76 102 105 81 22 57 116 83 106 63 92 94 74 65 62 108 40 113 72 92 93 60 101 44 67 29 44 43 98 5 63 114 47 56 97 88 104 27 77 99 70 0 63 20 55 65 66 20 108 24 77 75 48 65 53 86 76 68 64 90 57 79 27 39 70 93 54 102 90 80 39 72 67 22 53 73 77 22 
51 28 18 41 47 58 51 59 59 29 48 42 31 32 14 6 19 52 56 52 21 31 54 13 52 20 20 36 32 23 36 59 23 55 17 46 39 33 41 58 14 36 68 63 0 61 58 16 38 44 50 45 16 13 23 12 56 43 19 15 62 27 29 31 37 36 45 41 53 44 49 32 27 15 15 48 31 68 29 41 
60 88 78 102 107 93 36 72 119 86 109 49 87 90 70 62 55 111 56 113 76 93 80 63 107 46 71 35 34 39 97 17 69 116 45 40 99 91 103 8 75 96 86 20 61 0 70 68 75 20 110 36 77 74 53 60 68 93 70 62 79 88 65 69 32 49 81 98 68 105 97 85 44 66 61 14 62 88 82 24 
10 62 56 78 75 30 34 2 82 56 77 89 87 84 71 64 72 74 16 88 49 71 110 45 62 43 45 39 68 57 78 55 39 84 51 87 69 59 85 74 67 85 16 55 58 70 0 46 27 53 79 35 62 62 35 68 3 47 77 72 9 74 29 88 43 26 26 59 4 73 48 49 39 72 71 62 27 18 46 50 
41 21 12 37 40 42 48 46 51 18 41 58 41 39 26 22 35 43 48 49 8 29 69 5 40 22 4 36 44 33 35 61 7 49 24 60 32 23 42 67 21 40 54 65 16 68 46 0 23 49 43 43 17 16 18 28 44 28 34 31 49 29 16 46 38 30 29 30 41 37 33 18 26 30 31 55 20 54 15 45 
28 35 30 50 48 21 45 27 55 29 50 77 63 59 49 44 56 47 36 60 23 44 92 25 37 33 20 40 60 47 51 64 15 57 39 78 41 32 58 76 43 59 32 66 38 75 27 23 0 55 51 42 37 37 24 50 27 21 56 53 28 48 11 68 43 27 7 32 24 45 24 21 33 52 53 63 13 32 19 52 
42 69 59 84 88 73 21 55 100 67 90 46 72 74 55 46 43 92 40 95 56 75 75 43 87 27 51 15 25 23 80 15 49 97 28 40 80 72 86 22 58 80 68 20 44 20 53 49 55 0 91 18 59 57 33 45 50 73 56 48 61 71 45 59 12 29 61 78 50 85 77 65 23 52 47 9 42 70 62 4 
78 23 33 11 4 57 91 78 11 25 2 87 43 36 46 51 64 8 87 11 36 19 83 48 23 65 41 80 81 72 18 105 46 6 65 93 12 21 20 108 38 29 80 108 50 110 79 43 51 91 0 86 34 37 61 56 78 33 52 57 77 27 54 64 81 72 54 20 75 6 35 31 69 52 57 97 59 78 34 88 
24 64 55 81 83 58 6 37 93 61 84 60 76 77 58 49 51 85 22 92 50 72 87 39 78 25 45 10 39 31 78 22 41 92 30 56 75 66 84 39 59 80 51 24 45 36 35 43 42 18 86 0 58 56 25 51 32 62 62 54 44 70 34 68 11 16 47 70 33 80 66 57 19 57 53 27 30 52 54 16 
58 13 7 25 31 54 63 63 44 16 32 55 25 22 15 18 31 37 65 36 15 16 59 19 39 34 17 49 47 39 21 73 24 39 32 60 23 20 27 74 7 24 70 77 16 77 62 17 37 59 34 58 0 3 33 23 61 34 23 25 64 13 33 36 50 46 43 28 58 29 39 23 39 21 25 63 36 69 22 56 
57 15 9 28 34 55 61 62 47 18 35 52 25 23 14 15 29 39 63 39 15 18 57 17 42 31 17 47 45 36 23 71 23 42 29 57 26 22 29 71 6 25 69 75 13 74 62 16 37 57 37 56 3 0 31 20 60 35 21 22 64 15 32 34 48 44 44 30 57 32 41 24 37 19 22 61 35 69 23 53 
28 39 30 55 57 44 30 37 68 36 59 55 54 54 37 29 37 60 33 67 25 46 74 14 54 9 20 19 37 24 53 44 16 67 17 55 49 40 59 53 35 56 48 48 23 53 35 18 24 33 61 25 33 31 0 33 33 40 43 37 41 46 13 52 22 13 31 45 31 55 44 33 9 38 36 40 11 48 29 29 
61 36 28 46 53 70 56 69 66 38 55 32 27 30 11 6 8 60 65 56 32 37 42 25 62 27 31 41 27 22 40 60 35 61 20 37 46 42 44 55 18 36 79 65 12 60 68 28 50 45 56 51 23 20 33 0 66 54 11 4 73 30 41 19 41 45 57 51 64 52 60 43 33 7 3 47 42 80 41 43 
8 61 55 77 75 32 31 5 82 55 76 86 85 83 69 62 70 74 14 87 47 70 108 43 62 41 43 37 66 54 77 52 37 84 49 84 68 58 84 71 65 84 18 53 56 68 3 44 27 50 78 32 61 60 33 66 0 47 75 70 12 73 28 85 40 24 26 59 3 72 48 48 36 70 69 59 25 20 45 47 
49 25 27 35 29 25 66 46 35 18 31 85 57 52 49 48 62 27 57 43 22 32 93 33 16 47 24 59 72 60 38 83 25 38 52 88 25 18 45 93 41 49 47 86 43 93 47 28 21 73 33 62 34 35 40 54 47 0 57 57 44 40 29 70 61 47 21 13 44 27 6 11 49 54 56 80 33 45 13 69 
70 35 30 41 50 75 68 78 63 39 51 35 17 21 8 14 15 57 75 50 36 34 36 32 62 38 37 52 36 33 34 71 41 56 31 42 44 42 37 65 16 28 87 76 19 70 77 34 56 56 52 62 23 21 43 11 75 57 0 8 82 25 49 13 52 55 63 51 73 49 62 45 44 5 9 57 51 87 44 54 
64 37 30 46 54 73 60 73 67 41 56 30 25 28 11 9 8 61 69 56 35 38 39 29 64 31 34 44 28 25 40 63 38 61 24 36 47 44 44 57 19 35 83 68 15 62 72 31 53 48 57 54 25 22 37 4 70 57 8 0 77 30 45 16 44 49 60 53 68 53 62 45 37 5 1 49 46 83 44 46 
19 63 58 77 73 24 43 7 79 56 75 96 90 87 75 68 78 71 25 87 50 71 115 49 59 50 47 48 76 64 78 64 41 82 58 94 68 58 85 83 70 87 7 64 62 79 9 49 28 61 77 44 64 64 41 73 12 44 82 77 0 76 33 93 51 34 23 57 12 71 44 48 46 77 76 71 31 8 46 59 
70 15 18 16 25 63 76 75 38 21 26 60 18 12 20 26 38 33 77 26 26 9 57 32 40 46 30 62 57 49 10 86 36 31 44 67 20 22 14 85 13 11 80 90 27 88 74 29 48 71 27 70 13 15 46 30 73 40 25 30 76 0 45 37 63 59 53 30 70 24 45 30 52 25 30 75 49 79 30 68 
25 34 27 51 51 31 38 30 60 29 52 67 57 55 42 36 46 52 33 62 20 43 83 16 44 22 16 30 49 37 50 55 9 60 29 67 43 33 57 66 37 56 39 57 29 65 29 16 11 45 54 34 33 32 13 41 28 29 49 45 33 45 0 60 33 18 18 37 25 48 32 24 22 44 44 53 4 39 21 41 
80 48 43 52 62 88 74 89 74 52 63 27 23 29 21 24 17 69 84 60 49 46 23 44 75 46 49 58 35 37 45 74 53 67 38 36 56 55 47 63 29 37 99 79 31 69 88 46 68 59 64 68 36 34 52 19 85 70 13 16 93 37 60 0 57 64 75 64 83 61 75 58 52 16 16 58 62 99 57 57 
32 59 49 75 78 62 17 45 89 57 80 49 67 68 49 40 40 81 32 86 46 65 76 33 76 17 41 3 28 20 71 23 37 87 21 45 70 61 77 33 50 72 58 27 37 32 43 38 43 12 81 11 50 48 22 41 40 61 52 44 51 63 33 57 0 18 49 67 39 75 65 54 12 47 43 20 30 59 51 8 
17 51 42 67 68 44 19 28 78 47 70 63 67 67 50 41 47 70 20 79 36 59 85 27 62 18 31 15 42 31 65 37 26 78 26 61 61 51 72 51 48 69 41 39 36 49 26 30 27 29 72 16 46 44 13 45 24 47 55 49 34 59 18 64 18 0 32 55 23 66 50 42 13 50 48 38 14 42 39 26 
28 40 36 54 50 14 49 25 56 33 52 84 69 65 56 51 63 49 37 63 29 48 99 32 37 40 27 46 67 54 55 68 22 59 46 85 44 35 62 82 49 64 27 70 45 81 26 29 7 61 54 47 43 44 31 57 26 21 63 60 23 53 18 75 49 32 0 34 23 48 22 25 39 59 60 69 19 26 23 57 
60 16 23 22 16 38 74 59 24 12 18 83 48 42 43 45 59 15 68 30 22 21 86 35 11 51 26 65 73 62 26 90 30 25 53 87 12 8 32 96 35 38 60 93 41 98 59 30 32 78 20 70 28 30 45 51 59 13 51 53 57 30 37 64 67 55 34 0 56 14 16 13 55 49 53 84 41 58 16 74 
8 58 52 74 71 29 32 6 79 52 73 85 82 80 66 59 68 71 16 84 44 67 106 41 59 39 40 36 65 53 74 53 34 81 47 83 65 55 81 71 62 81 18 54 53 68 4 41 24 50 75 33 58 57 31 64 3 44 73 68 12 70 25 83 39 23 23 56 0 69 45 45 35 68 67 59 22 20 42 47 
72 17 27 10 3 52 85 72 15 19 4 83 41 35 42 46 60 9 81 16 30 15 81 42 19 59 35 73 76 67 17 99 40 12 59 89 6 15 20 102 34 29 74 102 44 105 73 37 45 85 6 80 29 32 55 52 72 27 49 53 71 24 48 61 75 66 48 14 69 0 30 24 63 48 53 91 52 72 28 82 
50 30 32 39 32 22 69 47 35 24 33 91 62 57 55 53 68 28 59 46 28 37 98 38 15 52 30 63 77 65 43 87 30 40 57 94 29 22 49 97 46 54 45 90 49 97 48 33 24 77 35 66 39 41 44 60 48 6 62 62 44 45 32 75 65 50 22 16 45 30 0 17 54 59 62 85 36 43 19 74 
48 15 16 29 27 33 61 49 36 8 29 74 47 42 38 37 51 28 56 39 11 24 81 23 22 39 14 52 62 50 30 77 17 36 42 78 20 10 37 84 29 40 52 80 32 85 49 18 21 65 31 57 23 24 33 43 48 11 45 45 48 30 24 58 54 42 25 13 45 24 17 0 42 42 45 72 28 51 4 62 
29 47 37 63 66 52 24 40 77 44 67 50 58 58 40 31 35 69 32 74 33 54 73 21 64 6 28 10 30 18 60 36 25 75 14 49 58 49 66 44 40 62 53 39 27 44 39 26 33 23 69 19 39 37 9 33 36 49 44 37 46 52 22 52 12 13 39 55 35 63 54 42 0 39 36 31 19 54 38 20 
65 33 27 41 50 71 63 74 63 37 51 35 21 23 6 9 13 56 70 51 32 33 40 28 60 33 33 47 33 29 35 67 37 56 26 41 43 41 39 62 14 30 83 72 15 66 72 30 52 52 52 57 21 19 38 7 70 54 5 5 77 25 44 16 47 50 59 49 68 48 59 42 39 0 5 53 46 83 41 49 
64 37 30 46 54 72 59 72 67 40 56 30 26 29 11 9 7 61 68 56 34 38 39 28 64 30 34 44 27 24 40 62 38 61 23 36 47 44 44 56 19 35 82 67 15 61 71 31 53 47 57 53 25 22 36 3 69 56 9 1 76 30 44 16 43 48 60 53 67 53 62 45 36 5 0 48 45 83 43 45 
51 74 64 88 93 82 30 64 105 73 95 41 74 77 57 49 43 97 49 100 62 79 72 49 94 33 58 24 23 25 84 17 56 102 32 34 85 78 89 13 61 82 77 22 48 14 62 55 63 9 97 27 63 61 40 47 59 80 57 49 71 75 53 58 20 38 69 84 59 91 85 72 31 53 48 0 50 79 69 12 
22 39 31 55 55 33 33 28 64 34 57 66 60 58 44 37 47 56 29 66 24 47 84 19 48 21 19 27 48 35 54 51 13 65 28 66 48 38 61 63 40 60 37 53 31 62 27 20 13 42 59 30 36 35 11 42 25 33 51 46 31 49 4 62 30 14 19 41 22 52 36 28 19 46 45 50 0 38 25 38 
28 66 62 79 74 22 52 15 78 59 76 103 94 91 80 74 85 72 33 88 54 74 122 55 58 57 52 56 84 72 81 72 46 83 65 102 70 61 88 91 75 90 3 73 68 88 18 54 32 70 78 52 69 69 48 80 20 45 87 83 8 79 39 99 59 42 26 58 20 72 43 51 54 83 83 79 38 0 49 67 
45 17 15 32 30 32 58 46 40 10 32 72 47 42 36 35 49 31 53 42 9 25 80 20 25 36 11 48 59 47 32 74 13 40 39 75 23 13 39 81 29 41 50 77 29 82 46 15 19 62 34 54 22 23 29 41 45 13 44 44 46 30 21 57 51 39 23 16 42 28 19 4 38 41 43 69 25 49 0 58 
40 65 55 81 84 70 20 52 96 64 86 46 70 72 52 43 41 88 38 92 53 71 74 40 84 23 48 12 25 21 76 18 45 94 24 40 76 68 82 25 55 77 66 22 41 24 50 45 52 4 88 16 56 53 29 43 47 69 54 46 59 68 41 57 8 26 57 74 47 82 74 62 20 49 45 12 38 67 58 0 
0 22 723 14 16 0 128 0 0 333 8 115 966 39 43 11 148 353 357 49 0 119 0 43 613 22 365 305 491 2763 0 278 212 406 397 129 62 1683 1795 147 0 392 179 454 3000 71 67 107 416 12 0 0 3000 390 265 391 360 18 0 168 0 35 93 124 17 266 9 22 141 482 36 79 0 0 43 12 57 52 0 2560 
22 0 75 316 0 9 43 0 0 28 0 413 0 12 0 0 168 0 213 176 0 10 0 26 0 0 3000 345 189 0 0 69 490 0 256 16 0 412 44 394 0 0 301 30 10 10 0 0 0 0 0 0 942 771 423 0 0 75 0 161 373 409 214 149 0 0 127 0 7 26 50 3000 66 0 174 46 59 0 0 98 
723 75 0 8 242 0 239 0 0 225 164 887 93 21 0 169 471 45 158 37 0 114 0 3000 53 0 0 44 0 140 0 59 3000 17 1155 59 127 26 29 844 0 1244 1289 29 8 83 28 128 385 545 0 0 1522 279 69 1133 19 68 0 181 0 1222 254 10 1410 178 39 13 804 0 294 34 0 0 515 142 64 20 0 329 
14 316 8 0 21 24 22 1396 19 112 108 672 98 61 3000 43 1668 263 735 53 98 14 249 20 49 619 83 222 69 777 484 15 75 589 33 72 9 164 3000 10 24 93 34 16 14 337 145 106 9 1984 85 1137 180 11 53 10 20 22 9 113 139 8 33 27 23 123 11 52 87 541 2281 20 465 93 886 620 13 12 85 51 
16 0 242 21 0 22 30 234 21 106 25 3000 11 143 173 9 0 100 526 141 865 572 245 18 84 282 178 160 106 345 28 83 29 43 41 0 162 699 1891 122 58 1540 192 536 3000 1195 43 8 165 33 660 30 0 25 72 927 220 0 99 1123 0 8 125 963 229 550 116 385 556 0 58 359 131 3000 477 1085 317 34 110 90 
0 9 0 24 22 0 143 42 403 0 0 168 2949 21 1641 0 0 0 0 50 91 64 9 38 0 20 44 161 215 0 283 117 0 51 0 11 0 16 823 9 22 1923 0 582 195 55 0 0 0 0 22 585 0 0 0 80 0 0 314 259 69 398 0 3000 0 0 19 297 12 1633 0 78 2020 310 0 118 102 72 64 22 
128 43 239 22 30 143 0 358 28 27 646 38 13 227 608 138 172 90 35 623 1139 787 30 121 84 8 7 1440 21 0 125 48 251 11 2165 1329 54 105 192 10 16 976 69 15 2013 386 3000 397 100 7 33 29 92 36 91 164 384 15 250 112 60 11 88 37 0 1342 19 65 347 17 10 54 222 232 24 733 573 25 227 12 
0 0 0 1396 234 42 358 0 13 0 1032 3000 7 10 856 690 0 0 0 38 34 32 571 19 17 918 2765 228 14 0 2947 1147 0 36 0 18 0 87 57 351 108 166 0 37 15 1718 14 0 162 0 66 169 0 9 0 16 0 0 19 146 19 420 0 57 0 0 19 100 104 48 0 108 458 48 0 1564 179 578 43 78 
0 0 0 19 21 403 28 13 0 0 462 0 44 119 1569 109 0 23 0 3000 35 26 86 0 76 629 19 0 0 0 72 36 0 281 0 0 652 8 1264 0 32 23 0 0 0 63 24 51 237 876 1296 1864 0 0 0 163 0 0 318 18 0 50 0 23 0 204 0 25 11 0 0 0 8 35 0 0 104 51 319 162 
333 28 225 112 106 0 27 0 0 0 91 162 559 263 1527 367 640 532 48 57 52 422 340 313 241 391 23 40 853 20 0 29 1734 102 1130 1949 73 46 1811 618 0 33 126 239 167 9 435 263 30 58 110 34 2268 106 3000 13 125 11 0 465 0 132 62 301 119 114 86 548 45 639 37 727 571 0 62 1152 16 199 154 163 
8 0 164 108 25 0 646 1032 462 91 0 1681 17 202 36 33 0 84 62 189 53 11 410 290 1758 57 104 170 0 18 104 124 24 111 3000 0 65 23 15 88 122 722 26 1127 390 87 2707 2772 45 44 984 227 0 92 17 123 209 336 182 93 0 17 671 28 12 17 71 87 1439 0 70 59 0 105 767 35 899 17 70 27 
115 413 887 672 3000 168 38 3000 0 162 1681 0 0 17 35 26 11 580 534 3000 30 76 0 30 0 168 19 10 919 0 29 886 701 169 1247 106 44 93 15 2826 0 22 93 3000 18 169 41 106 10 0 0 0 255 26 35 0 255 226 0 763 149 54 33 35 0 34 12 18 129 266 443 550 64 0 128 301 51 122 307 15 
966 0 93 98 11 2949 13 7 44 559 17 0 0 28 34 993 0 28 209 151 13 44 28 49 56 465 28 3000 0 30 18 21 445 1395 1358 0 619 3000 15 49 15 856 960 0 0 14 20 63 1523 775 51 12 0 0 26 41 58 0 1733 160 0 16 0 131 32 3000 29 32 77 0 249 0 20 343 26 0 3000 35 28 30 
39 12 21 61 143 21 227 10 119 263 202 17 28 0 368 1105 35 15 15 64 12 359 83 32 977 309 248 7 587 0 63 117 14 58 1201 9 178 1355 479 562 48 9 10 536 69 114 32 381 449 76 57 1197 25 25 198 49 16 580 170 813 182 31 12 3000 0 88 43 1406 25 137 717 26 185 1123 299 9 19 143 1389 81 
43 0 0 3000 173 1641 608 856 1569 1527 36 35 34 368 0 8 0 2049 263 68 17 113 113 105 84 105 3000 113 40 0 86 57 22 52 8 202 448 332 51 340 9 9 106 57 328 29 1358 1293 737 2480 995 57 0 69 165 718 14 0 143 24 265 42 0 1104 0 2210 169 103 10 101 60 392 80 12 25 42 834 81 34 93 
11 0 169 43 9 0 138 690 109 367 33 26 993 1105 8 0 32 39 73 287 1152 46 3000 787 434 78 42 11 0 177 24 172 66 62 20 0 35 159 129 636 682 23 425 1105 26 18 52 28 42 19 1342 1065 0 16 28 70 28 187 71 57 0 99 59 130 16 125 20 26 3000 0 370 3000 0 210 16 477 14 137 140 27 
148 168 471 1668 0 0 172 0 0 640 0 11 0 35 0 32 0 278 71 61 0 25 0 382 0 0 0 598 2878 0 0 0 356 0 10 184 111 8 10 644 0 0 182 3000 210 29 0 15 0 0 0 0 45 85 8 0 113 142 0 39 997 694 22 606 0 256 58 0 517 376 12 99 0 0 605 42 1265 0 0 12 
353 0 45 263 100 0 90 0 23 532 84 580 28 15 2049 39 278 0 1152 319 322 1998 182 10 17 87 14 243 0 56 0 658 2830 22 51 0 602 119 11 9 16 2950 20 313 3000 610 1571 101 163 948 46 80 13 51 74 277 1715 44 250 27 0 236 119 67 3000 39 446 62 61 0 256 72 0 183 16 46 56 8 570 72 
357 213 158 735 526 0 35 0 0 48 62 534 209 15 263 73 71 1152 0 31 87 117 204 148 285 75 29 148 723 2587 0 370 104 632 142 425 538 331 574 147 0 37 19 129 197 1151 369 1024 384 37 171 1131 12 3000 728 309 156 313 0 89 0 1359 109 201 891 839 47 64 549 0 72 303 0 0 119 92 70 286 448 40 
49 176 37 53 141 50 623 38 3000 57 189 3000 151 64 68 287 61 319 31 0 793 313 267 145 44 549 28 250 18 1021 42 14 439 984 647 72 34 2867 1347 662 1159 9 789 147 50 183 109 438 15 97 330 111 55 92 77 48 11 118 1576 29 2149 9 222 349 0 2892 621 486 3000 1698 89 347 43 588 3000 425 485 421 497 134 
0 0 0 98 865 91 1139 34 35 52 53 30 13 12 17 1152 0 322 87 793 0 3000 26 3000 895 340 375 31 41 0 84 50 16 42 786 298 29 549 225 118 417 879 0 132 31 45 122 26 260 208 811 9 0 242 0 332 0 0 118 24 148 33 0 817 0 750 523 21 30 36 0 38 14 30 10 597 69 579 107 3000 
119 10 114 14 572 64 787 32 26 422 11 76 44 359 113 46 25 1998 117 313 3000 0 55 61 67 71 10 120 109 175 11 131 1065 229 59 50 30 67 1469 29 2320 84 42 65 2154 179 41 106 657 10 55 24 17 272 243 610 41 74 64 71 0 1578 364 170 7 76 21 47 149 11 109 379 18 3000 27 8 72 967 66 1556 
0 0 0 249 245 9 30 571 86 340 410 0 28 83 113 3000 0 182 204 267 26 55 0 0 199 356 364 97 578 0 790 76 512 7 308 0 8 12 337 1374 212 142 0 0 17 62 92 515 431 38 118 1196 0 0 289 23 673 0 103 342 0 70 0 2106 0 123 17 28 241 0 0 0 41 57 0 0 1356 30 447 51 
43 26 3000 20 18 38 121 19 0 313 290 30 49 32 105 787 382 10 148 145 3000 61 0 0 0 371 3000 141 353 34 146 107 466 22 1858 42 100 50 96 48 0 462 30 150 1418 661 21 22 15 634 0 0 79 11 14 0 3000 1250 0 53 39 1940 11 603 3000 158 115 12 188 1002 8 457 182 0 742 30 12 12 0 18 
613 0 53 49 84 0 84 17 76 241 1758 0 56 977 84 434 0 17 285 44 895 67 199 0 0 177 31 0 0 211 85 889 47 2895 109 0 681 73 87 301 25 1518 3000 0 0 449 502 1130 39 60 84 41 0 0 1433 1594 471 0 168 379 0 653 0 298 233 233 0 57 15 0 15 0 0 748 80 0 1858 220 89 329 
22 0 0 619 282 20 8 918 629 391 57 168 465 309 105 78 0 87 75 549 340 71 356 371 177 0 861 41 136 0 67 483 252 282 331 503 434 1093 16 652 1676 596 0 95 44 10 9 21 120 68 10 322 0 784 0 14 0 0 254 122 3000 81 0 120 0 16 178 1618 25 588 0 27 66 117 231 17 9 259 1518 141 
365 3000 0 83 178 44 7 2765 19 23 104 19 28 248 3000 42 0 14 29 28 375 10 364 3000 31 861 0 2794 20 0 60 532 2870 1644 25 38 36 30 60 27 408 336 0 522 281 51 11 23 23 91 40 43 362 79 1268 29 0 0 41 28 2116 8 982 3000 0 25 257 793 1876 26 0 90 710 11 777 13 263 68 30 9 
305 345 44 222 160 161 1440 228 0 40 170 10 3000 7 113 11 598 243 148 250 31 120 97 141 0 41 2794 0 54 0 656 803 564 51 274 20 8 80 3000 240 254 978 320 108 541 1754 3000 140 19 0 249 43 9 143 34 0 80 864 9 19 1084 1978 103 13 0 11 986 81 51 553 628 234 37 0 238 472 81 51 1674 203 
491 189 0 69 106 215 21 14 0 853 0 919 0 587 40 0 2878 0 723 18 41 109 578 353 0 136 20 54 0 0 61 7 18 86 326 38 0 1166 22 139 0 29 0 443 41 75 0 0 0 0 11 0 450 91 0 0 0 518 74 76 12 57 3000 68 0 0 2172 455 15 144 0 3000 1797 0 901 789 1145 99 64 64 
2763 0 140 777 345 0 0 0 0 20 18 0 30 0 0 177 0 56 2587 1021 0 175 0 34 211 0 0 0 0 0 0 0 140 3000 7 0 50 54 34 0 0 253 669 0 0 15 90 33 83 598 0 0 0 367 7 96 67 122 0 57 0 2407 673 30 182 21 0 285 0 0 14 0 0 0 586 0 299 205 279 90 
0 0 0 484 28 283 125 2947 72 0 104 29 18 63 86 24 0 0 0 42 84 11 790 146 85 67 60 656 61 0 0 52 0 57 0 66 0 16 882 107 14 93 0 36 785 40 24 0 8 0 1675 20 0 0 0 134 0 0 640 397 1014 166 0 29 0 0 12 69 32 302 0 64 199 560 0 612 378 960 1543 74 
278 69 59 15 83 117 48 1147 36 29 124 886 21 117 57 172 0 658 370 14 50 131 76 107 889 483 532 803 7 0 52 0 23 95 10 3000 388 89 175 32 30 31 301 73 132 229 351 419 710 634 136 718 281 19 50 2798 43 0 39 17 24 99 14 37 0 152 200 22 721 1174 13 117 19 325 24 15 97 154 1380 140 
212 490 3000 75 29 0 251 0 0 1734 24 701 445 14 22 66 356 2830 104 439 16 1065 512 466 47 252 2870 564 18 140 0 23 0 159 69 464 78 11 266 3000 0 10 63 253 144 32 171 255 1016 69 17 140 866 161 11 21 44 363 0 1142 0 41 81 35 777 33 51 258 84 0 9 614 0 0 47 94 80 42 221 72 
406 0 17 589 43 51 11 36 281 102 111 169 1395 58 52 62 0 22 632 984 42 229 7 22 2895 282 1644 51 86 3000 57 95 159 0 119 175 467 181 175 38 61 274 115 342 16 71 64 142 242 357 601 115 0 48 1323 672 13 0 578 203 69 22 345 48 36 149 12 299 63 83 46 38 14 98 2223 64 481 32 274 9 
397 256 1155 33 41 0 2165 0 0 1130 3000 1247 1358 1201 8 20 10 51 142 647 786 59 308 1858 109 331 25 274 326 7 0 10 69 119 0 9 33 49 172 292 0 46 28 16 144 73 8 649 903 19 0 847 357 74 116 1050 215 18 0 781 0 666 34 107 109 89 454 3000 415 11 42 968 142 0 201 1691 117 25 31 48 
129 16 59 72 0 11 1329 18 0 1949 0 106 0 9 202 0 184 0 425 72 298 50 0 42 0 503 38 20 38 0 66 3000 464 175 9 0 0 67 7 12 0 52 26 291 835 178 0 0 0 0 0 0 590 9 122 0 0 78 0 44 33 133 63 567 0 0 57 400 359 28 475 9 318 0 30 157 1002 0 0 231 
62 0 127 9 162 0 54 0 652 73 65 44 619 178 448 35 111 602 538 34 29 30 8 100 681 434 36 8 0 50 0 388 78 467 33 0 0 155 881 544 0 342 11 53 131 789 295 138 269 126 3000 47 386 180 211 27 8 38 0 229 0 24 12 21 399 22 303 3000 16 0 22 81 0 0 12 39 1531 2411 1094 436 
1683 412 26 164 699 16 105 87 8 46 23 93 3000 1355 332 159 8 119 331 2867 549 67 12 50 73 1093 30 80 1166 54 16 89 11 181 49 67 155 0 24 407 47 20 60 102 1578 1500 1371 55 46 251 22 436 1237 3000 474 151 25 115 252 159 0 1361 30 133 1051 28 333 2704 265 56 17 16 22 94 463 3000 77 30 183 118 
1795 44 29 3000 1891 823 192 57 1264 1811 15 15 15 479 51 129 10 11 574 1347 225 1469 337 96 87 16 60 3000 22 34 882 175 266 175 172 7 881 24 0 2583 7 1587 80 32 186 287 44 16 14 318 487 138 136 2243 1666 92 1116 154 2101 14 0 669 31 23 44 123 13 200 59 621 125 420 14 56 9 21 742 37 8 13 
147 394 844 10 122 9 10 351 0 618 88 2826 49 562 340 636 644 9 147 662 118 29 1374 48 301 652 27 240 139 0 107 32 3000 38 292 12 544 407 2583 0 0 94 62 217 192 19 1245 31 8 2160 466 3000 11 44 214 167 26 3000 7 118 238 14 93 172 0 98 9 78 8 136 98 1778 56 0 68 11 17 167 15 41 
0 0 0 24 58 22 16 108 32 0 122 0 15 48 9 682 0 16 0 1159 417 2320 212 0 25 1676 408 254 0 0 14 30 0 61 0 0 0 47 7 0 0 228 0 0 0 205 953 0 36 18 178 417 0 0 0 104 0 0 630 166 0 145 0 75 0 0 17 16 16 0 0 0 292 264 0 0 580 1860 13 29 
392 0 1244 93 1540 1923 976 166 23 33 722 22 856 9 9 23 0 2950 37 9 879 84 142 462 1518 596 336 978 29 253 93 31 10 274 46 52 342 20 1587 94 228 0 20 18 83 38 25 12 923 728 14 880 0 712 11 3000 69 0 1755 15 0 192 16 60 115 29 634 829 16 29 2421 18 109 428 101 7 74 49 10 16 
179 301 1289 34 192 0 69 0 0 126 26 93 960 10 106 425 182 20 19 789 0 42 0 30 3000 0 0 320 0 669 0 301 63 115 28 26 11 60 80 62 0 20 0 1288 188 350 972 1265 300 394 0 0 29 2531 44 232 698 326 0 575 0 502 193 146 56 13 197 37 35 0 21 113 0 0 14 309 66 885 546 1749 
454 30 29 16 536 582 15 37 0 239 1127 3000 0 536 57 1105 3000 313 129 147 132 65 0 150 0 95 522 108 443 0 36 73 253 342 16 291 53 102 32 217 0 18 1288 0 16 146 388 31 80 0 0 0 175 12 79 0 179 1056 0 57 248 2482 419 643 0 1648 180 331 19 637 107 21 529 0 111 190 1678 154 0 497 
3000 10 8 14 3000 195 2013 15 0 167 390 18 0 69 328 26 210 3000 197 50 31 2154 17 1418 0 44 281 541 41 0 785 132 144 16 144 835 131 1578 186 192 0 83 188 16 0 47 68 1970 879 0 0 0 20 16 717 0 209 206 0 1208 376 9 324 8 0 23 16 309 224 835 178 56 406 0 251 222 161 167 95 138 
71 10 83 337 1195 55 386 1718 63 9 87 169 14 114 29 18 29 610 1151 183 45 179 62 661 449 10 51 1754 75 15 40 229 32 71 73 178 789 1500 287 19 205 38 350 146 47 0 1510 893 62 589 131 46 749 50 1971 10 240 762 350 440 17 615 47 650 260 14 75 791 107 90 55 146 47 399 210 32 119 99 32 91 
67 0 28 145 43 0 3000 14 24 435 2707 41 20 32 1358 52 0 1571 369 109 122 41 92 21 502 9 11 3000 0 90 24 351 171 64 8 0 295 1371 44 1245 953 25 972 388 68 1510 0 16 809 263 54 84 0 3000 337 168 370 152 529 278 0 2622 115 19 39 79 21 195 97 0 77 46 0 45 19 28 9 8 15 41 
107 0 128 106 8 0 397 0 51 263 2772 106 63 381 1293 28 15 101 1024 438 26 106 515 22 1130 21 23 140 0 33 0 419 255 142 649 0 138 55 16 31 0 12 1265 31 1970 893 16 0 589 12 145 933 0 17 327 12 3000 1563 0 3000 0 1149 30 411 168 9 94 543 18 0 116 22 0 0 77 106 35 46 18 25 
416 0 385 9 165 0 100 162 237 30 45 10 1523 449 737 42 0 163 384 15 260 657 431 15 39 120 23 19 0 83 8 710 1016 242 903 0 269 46 14 8 36 923 300 80 879 62 809 589 0 677 14 10 0 648 9 73 19 186 1605 71 0 34 1709 620 554 7 1654 72 8 0 72 49 0 85 101 63 609 110 8 24 
12 0 545 1984 33 0 7 0 876 58 44 0 775 76 2480 19 0 948 37 97 208 10 38 634 60 68 91 0 0 598 0 634 69 357 19 0 126 251 318 2160 18 728 394 0 0 589 263 12 677 0 12 82 0 1270 94 93 148 0 29 327 0 17 0 94 14 57 0 169 0 0 20 0 0 105 52 0 103 398 15 330 
0 0 0 85 660 22 33 66 1296 110 984 0 51 57 995 1342 0 46 171 330 811 55 118 0 84 10 40 249 11 0 1675 136 17 601 0 0 3000 22 487 466 178 14 0 0 0 131 54 145 14 12 0 379 0 0 0 420 0 0 427 190 0 361 0 72 0 16 791 59 95 0 0 0 3000 68 0 0 317 644 18 1484 
0 0 0 1137 30 585 29 169 1864 34 227 0 12 1197 57 1065 0 80 1131 111 9 24 1196 0 41 322 43 43 0 0 20 718 140 115 847 0 47 436 138 3000 417 880 0 0 0 46 84 933 10 82 379 0 0 0 0 1013 7 0 94 138 0 65 0 870 0 1828 219 261 49 0 0 0 13 21 0 0 442 418 421 8 
3000 942 1522 180 0 0 92 0 0 2268 0 255 0 25 0 0 45 13 12 55 0 17 0 79 0 0 362 9 450 0 0 281 866 0 357 590 386 1237 136 11 0 0 29 175 20 749 0 0 0 0 0 0 0 21 35 0 82 1943 0 40 260 16 664 3000 0 32 11 0 391 57 26 165 23 0 276 18 84 0 0 173 
390 771 279 11 25 0 36 9 0 106 92 26 0 25 69 16 85 51 3000 92 242 272 0 11 0 784 79 143 91 367 0 19 161 48 74 9 180 3000 2243 44 0 712 2531 12 16 50 3000 17 648 1270 0 0 21 0 35 0 1465 67 0 101 27 10 126 13 1506 56 1150 14 1451 3000 27 77 30 0 839 144 49 2302 0 11 
265 423 69 53 72 0 91 0 0 3000 17 35 26 198 165 28 8 74 728 77 0 243 289 14 1433 0 1268 34 0 7 0 50 11 1323 116 122 211 474 1666 214 0 11 44 79 717 1971 337 327 9 94 0 0 35 35 0 277 101 318 0 877 0 27 3000 379 35 333 255 254 250 0 76 22 0 0 60 25 63 260 368 228 
391 0 1133 10 927 80 164 16 163 13 123 0 41 49 718 70 0 277 309 48 332 610 23 0 1594 14 29 0 0 96 134 2798 21 672 1050 0 27 151 92 167 104 3000 232 0 0 10 168 12 73 93 420 1013 0 0 277 0 767 0 8 216 0 24 0 21 20 177 534 644 517 0 77 0 0 251 53 0 18 32 18 481 
360 0 19 20 220 0 384 0 0 125 209 255 58 16 14 28 113 1715 156 11 0 41 673 3000 471 0 0 80 0 67 0 43 44 13 215 0 8 25 1116 26 0 69 698 179 209 240 370 3000 19 148 0 7 82 1465 101 767 0 204 0 433 0 52 551 2238 409 792 497 248 138 0 299 8 0 0 38 407 220 557 62 744 
18 75 68 22 0 0 15 0 0 11 336 226 0 580 0 187 142 44 313 118 0 74 0 1250 0 0 0 864 518 122 0 0 363 0 18 78 38 115 154 3000 0 0 326 1056 206 762 152 1563 186 0 0 0 1943 67 318 0 204 0 0 22 0 279 140 222 174 87 253 18 75 98 58 1767 0 0 9 48 24 0 0 167 
0 0 0 9 99 314 250 19 318 0 182 0 1733 170 143 71 0 250 0 1576 118 64 103 0 168 254 41 9 74 0 640 39 0 578 0 0 0 252 2101 7 630 1755 0 0 0 350 529 0 1605 29 427 94 0 0 0 8 0 0 0 129 0 58 0 1909 0 0 259 154 830 0 0 0 28 161 0 0 241 366 360 222 
168 161 181 113 1123 259 112 146 18 465 93 763 160 813 24 57 39 27 89 29 24 71 342 53 379 122 28 19 76 57 397 17 1142 203 781 44 229 159 14 118 166 15 575 57 1208 440 278 3000 71 327 190 138 40 101 877 216 433 22 129 0 142 44 162 23 40 41 421 380 120 264 283 131 16 161 85 119 29 68 686 14 
0 373 0 139 0 69 60 19 0 0 0 149 0 182 265 0 997 0 0 2149 148 0 0 39 0 3000 2116 1084 12 0 1014 24 0 69 0 33 0 0 0 238 0 0 0 248 376 17 0 0 0 0 0 0 260 27 0 0 0 0 0 142 0 2922 40 262 0 0 55 374 262 135 0 37 64 0 2311 46 9 0 0 29 
35 409 1222 8 8 398 11 420 50 132 17 54 16 31 42 99 694 236 1359 9 33 1578 70 1940 653 81 8 1978 57 2407 166 99 41 22 666 133 24 1361 669 14 145 192 502 2482 9 615 2622 1149 34 17 361 65 16 10 27 24 52 279 58 44 2922 0 54 13 79 1394 55 95 427 12 21 93 372 9 518 136 14 195 11 9 
93 214 254 33 125 0 88 0 0 62 671 33 0 12 0 59 22 119 109 222 0 364 0 11 0 0 982 103 3000 673 0 14 81 345 34 63 12 30 31 93 0 16 193 419 324 47 115 30 1709 0 0 0 664 126 3000 0 551 140 0 162 40 54 0 50 384 27 36 750 82 60 9 1700 329 0 49 19 11 0 0 17 
124 149 10 27 963 3000 37 57 23 301 28 35 131 3000 1104 130 606 67 201 349 817 170 2106 603 298 120 3000 13 68 30 29 37 35 48 107 567 21 133 23 172 75 60 146 643 8 650 19 411 620 94 72 870 3000 13 379 21 2238 222 1909 23 262 13 50 0 34 131 139 226 10 33 645 3000 15 17 44 496 136 74 37 335 
17 0 1410 23 229 0 0 0 0 119 12 0 32 0 0 16 0 3000 891 0 0 7 0 3000 233 0 0 0 0 182 0 0 777 36 109 0 399 1051 44 0 0 115 56 0 0 260 39 168 554 14 0 0 0 1506 35 20 409 174 0 40 0 79 384 34 0 397 0 685 0 0 81 0 0 0 12 0 9 0 0 129 
266 0 178 123 550 0 1342 0 204 114 17 34 3000 88 2210 125 256 39 839 2892 750 76 123 158 233 16 25 11 0 21 0 152 33 149 89 0 22 28 123 98 0 29 13 1648 23 14 79 9 7 57 16 1828 32 56 333 177 792 87 0 41 0 1394 27 131 397 0 228 24 30 0 504 37 0 0 1459 10 15 2080 34 12 
9 127 39 11 116 19 19 19 0 86 71 12 29 43 169 20 58 446 47 621 523 21 17 115 0 178 257 986 2172 0 12 200 51 12 454 57 303 333 13 9 17 634 197 180 16 75 21 94 1654 0 791 219 11 1150 255 534 497 253 259 421 55 55 36 139 0 228 0 2208 140 104 17 2675 1237 131 38 604 20 581 29 30 
22 0 13 52 385 297 65 100 25 548 87 18 32 1406 103 26 0 62 64 486 21 47 28 12 57 1618 793 81 455 285 69 22 258 299 3000 400 3000 2704 200 78 16 829 37 331 309 791 195 543 72 169 59 261 0 14 254 644 248 18 154 380 374 95 750 226 685 24 2208 0 64 104 45 22 760 59 82 44 93 37 9 73 
141 7 804 87 556 12 347 104 11 45 1439 129 77 25 10 3000 517 61 549 3000 30 149 241 188 15 25 1876 51 15 0 32 721 84 63 415 359 16 265 59 8 16 16 35 19 224 107 97 18 8 0 95 49 391 1451 250 517 138 75 830 120 262 427 82 10 0 30 140 64 0 296 307 46 43 927 36 177 95 66 1655 9 
482 26 0 541 0 1633 17 48 0 639 0 266 0 137 101 0 376 0 0 1698 36 11 0 1002 0 588 26 553 144 0 302 1174 0 83 11 28 0 56 621 136 0 29 0 637 835 90 0 0 0 0 0 0 57 3000 0 0 0 98 0 264 135 12 60 33 0 0 104 104 296 0 0 40 243 0 132 36 8 23 0 51 
36 50 294 2281 58 0 10 0 0 37 70 443 249 717 60 370 12 256 72 89 0 109 0 8 15 0 0 628 0 14 0 13 9 46 42 475 22 17 125 98 0 2421 21 107 178 55 77 116 72 20 0 0 26 27 76 77 299 58 0 283 0 21 9 645 81 504 17 45 307 0 0 150 0 0 3000 2759 709 359 221 277 
79 3000 34 20 359 78 54 108 0 727 59 550 0 26 392 3000 99 72 303 347 38 379 0 457 0 27 90 234 3000 0 64 117 614 38 968 9 81 16 420 1778 0 18 113 21 56 146 46 22 49 0 0 0 165 77 22 0 8 1767 0 131 37 93 1700 3000 0 37 2675 22 46 40 150 0 50 0 94 74 96 8 0 39 
0 66 0 465 131 2020 222 458 8 571 0 64 20 185 80 0 0 0 0 43 14 18 41 182 0 66 710 37 1797 0 199 19 0 14 142 318 0 22 14 56 292 109 0 529 406 47 0 0 0 0 3000 13 23 30 0 0 0 0 28 16 64 372 329 15 0 0 1237 760 43 243 0 50 0 76 477 130 23 204 3000 74 
0 0 0 93 3000 310 232 48 35 0 105 0 343 1123 12 210 0 183 0 588 30 3000 57 0 748 117 11 0 0 0 560 325 0 98 0 0 0 94 56 0 264 428 0 0 0 399 45 0 85 105 68 21 0 0 0 251 0 0 161 161 0 9 0 17 0 0 131 59 927 0 0 0 76 0 0 0 258 107 124 82 
43 174 515 886 477 0 24 0 0 62 767 128 26 299 25 16 605 16 119 3000 10 27 0 742 80 231 777 238 901 586 0 24 47 2223 201 30 12 463 9 68 0 101 14 111 251 210 19 77 101 52 0 0 276 839 60 53 38 9 0 85 2311 518 49 44 12 1459 38 82 36 132 3000 94 477 0 0 357 1620 8 0 47 
12 46 142 620 1085 118 733 1564 0 1152 35 301 0 9 42 477 42 46 92 425 597 8 0 30 0 17 13 472 789 0 612 15 94 64 1691 157 39 3000 21 11 0 7 309 190 222 32 28 106 63 0 0 0 18 144 25 0 407 48 0 119 46 136 19 496 0 10 604 44 177 36 2759 74 130 0 357 0 104 13 0 422 
57 59 64 13 317 102 573 179 104 16 899 51 3000 19 834 14 1265 56 70 485 69 72 1356 12 1858 9 263 81 1145 299 378 97 80 481 117 1002 1531 77 742 17 580 74 66 1678 161 119 9 35 609 103 317 442 84 49 63 18 220 24 241 29 9 14 11 136 9 15 20 93 95 8 709 96 23 258 1620 104 0 7 17 118 
52 0 20 12 34 72 25 578 51 199 17 122 35 143 81 137 0 8 286 421 579 967 30 12 220 259 68 51 99 205 960 154 42 32 25 0 2411 30 37 167 1860 49 885 154 167 99 8 46 110 398 644 418 0 2302 260 32 557 0 366 68 0 195 0 74 0 2080 581 37 66 23 359 8 204 107 8 13 7 0 434 7 
