60
0 58 8 24 33 62 25 3 57 32 60 36 35 62 34 95 54 5 48 17 80 31 15 55 62 36 50 72 29 31 79 30 72 41 14 74 56 79 45 29 69 25 54 57 70 76 70 21 30 20 31 53 59 24 65 58 69 72 85 41 
58 0 64 79 73 40 64 56 35 28 51 94 49 27 38 38 17 53 75 62 35 28 59 15 16 42 59 32 38 88 33 35 42 53 71 44 39 25 34 32 55 45 21 45 34 81 31 78 68 42 29 41 61 69 56 16 16 48 27 48 
8 64 0 22 38 70 30 11 59 37 68 30 34 69 37 102 59 11 54 23 88 38 21 60 70 37 57 75 37 26 86 38 80 40 7 82 64 86 48 37 69 33 61 58 74 83 74 15 25 24 37 54 58 17 65 66 74 80 91 41 
24 79 22 0 24 74 23 24 80 55 68 21 57 78 58 115 77 29 42 20 96 52 21 78 81 59 52 95 44 12 95 47 85 63 19 86 68 98 69 48 92 38 71 80 94 74 94 11 45 44 55 76 81 37 87 77 92 83 106 64 
33 73 38 24 0 56 10 31 84 55 47 45 67 63 64 104 76 37 18 16 81 47 19 76 70 67 30 96 34 36 80 38 67 74 38 68 50 86 74 41 100 28 58 87 96 50 95 34 62 49 55 82 92 55 96 66 87 63 99 73 
62 40 70 74 56 0 51 59 71 49 14 93 74 14 64 53 54 60 49 54 26 37 53 53 25 69 29 71 32 85 26 32 11 80 75 12 6 36 66 35 92 37 19 80 74 43 71 78 85 57 50 75 94 83 91 24 54 11 55 76 
25 64 30 23 10 51 0 22 75 46 45 44 57 57 54 96 67 28 24 7 75 37 10 67 62 57 30 86 26 35 74 29 63 64 32 64 46 79 64 32 90 19 51 78 86 53 85 31 55 39 46 73 83 48 86 58 78 60 90 64 
3 56 11 24 31 59 22 0 57 31 57 38 36 59 35 93 53 6 46 15 77 29 13 54 60 37 47 71 26 32 76 27 69 43 17 71 53 76 46 27 70 22 51 58 70 73 70 22 33 20 31 53 61 27 66 56 68 69 83 42 
57 35 59 80 84 71 75 57 0 29 80 88 28 60 22 66 18 51 93 69 70 41 66 20 51 23 82 18 55 85 68 52 76 27 66 78 68 58 11 47 21 59 53 11 16 108 17 75 49 37 29 9 28 55 21 50 30 81 49 22 
32 28 37 55 55 49 46 31 29 0 55 67 24 43 14 67 22 26 64 41 58 13 38 23 38 19 54 41 26 62 57 23 57 31 44 59 45 52 20 18 47 30 34 34 41 81 40 52 40 13 0 29 45 41 45 35 37 60 54 27 
60 51 68 68 47 14 45 57 80 55 0 88 78 27 69 67 65 59 37 49 39 42 49 63 38 74 18 83 33 80 40 34 22 85 72 22 13 50 74 38 101 35 30 88 84 30 82 74 87 60 56 83 100 83 99 36 66 17 69 82 
36 94 30 21 45 93 44 38 88 67 88 0 61 96 66 131 89 41 62 39 115 67 40 90 98 66 73 105 63 9 114 65 105 66 23 106 87 115 77 65 95 57 89 86 103 94 104 16 44 54 67 82 82 35 90 94 105 103 121 68 
35 49 34 57 67 74 57 36 28 24 78 61 0 67 11 86 35 30 79 51 82 36 48 38 62 7 74 46 47 59 80 44 82 7 40 84 69 74 18 40 35 48 58 24 43 102 44 49 22 20 24 21 25 27 30 59 52 84 71 7 
62 27 69 78 63 14 57 59 60 43 27 96 67 0 56 41 43 59 59 58 19 33 56 41 12 61 40 59 33 89 18 32 16 73 76 18 16 24 57 33 81 40 9 70 61 57 58 80 81 53 43 65 85 80 81 11 41 21 41 68 
34 38 37 58 64 64 54 35 22 14 69 66 11 56 0 75 25 29 74 48 71 27 45 27 50 5 67 39 39 63 69 36 71 17 43 73 59 63 11 31 36 41 47 24 37 94 37 52 31 15 14 19 32 35 33 47 42 74 61 13 
95 38 102 115 104 53 96 93 66 67 67 131 86 41 75 0 51 91 101 96 29 64 94 49 34 79 82 52 71 125 28 68 46 89 109 47 57 18 70 67 83 78 45 76 56 94 53 115 106 80 67 74 93 108 85 38 36 54 17 84 
54 17 59 77 76 54 67 53 18 22 65 89 35 43 25 51 0 49 82 63 52 30 60 2 33 29 69 20 44 84 50 40 58 38 66 60 52 41 19 36 38 49 36 28 21 93 19 74 56 35 23 24 44 60 39 32 17 63 36 33 
5 53 11 29 37 60 28 6 51 26 59 41 30 59 29 91 49 0 51 21 77 27 18 50 59 31 50 66 27 36 75 28 70 37 18 72 54 75 40 26 64 24 50 52 65 77 65 25 28 14 26 48 55 24 60 55 64 70 80 37 
48 75 54 42 18 49 24 46 93 64 37 62 79 59 74 101 82 51 0 31 75 52 33 82 68 78 19 102 38 53 75 42 59 87 55 59 44 83 83 47 110 34 57 97 102 33 101 52 78 60 64 93 105 71 107 64 90 54 98 85 
17 62 23 20 16 54 7 15 69 41 49 39 51 58 48 96 63 21 31 0 76 34 3 63 62 51 35 82 25 31 76 28 65 58 25 67 48 79 59 30 84 18 51 72 81 60 81 25 47 33 41 67 76 40 80 58 75 63 89 57 
80 35 88 96 81 26 75 77 70 58 39 115 82 19 71 29 52 77 75 76 0 50 75 50 20 76 55 63 52 107 2 50 18 87 94 19 31 16 69 51 90 58 26 80 67 65 63 99 98 70 59 77 96 98 91 23 44 25 36 82 
31 28 38 52 47 37 37 29 41 13 42 67 36 33 27 64 30 27 52 34 50 0 32 30 32 32 41 50 14 61 49 10 46 43 45 48 33 48 33 6 60 19 24 47 50 68 49 51 49 20 14 42 58 47 58 28 41 48 55 40 
15 59 21 21 19 53 10 13 66 38 49 40 48 56 45 94 60 18 33 3 75 32 0 60 60 48 36 79 23 33 74 26 64 55 24 66 47 76 56 27 81 17 50 69 79 61 78 26 45 30 38 64 73 39 77 56 73 63 86 54 
55 15 60 78 76 53 67 54 20 23 63 90 38 41 27 49 2 50 82 63 50 30 60 0 31 31 68 21 43 85 48 39 56 41 67 58 51 38 21 35 40 49 34 30 22 92 19 75 58 36 24 27 47 62 41 30 15 62 34 35 
62 16 70 81 70 25 62 60 51 38 38 98 62 12 50 34 33 59 68 62 20 32 60 31 0 56 50 48 37 91 18 34 26 67 77 28 26 17 49 34 72 44 11 61 50 68 47 82 78 50 39 57 77 78 72 4 29 32 31 62 
36 42 37 59 67 69 57 37 23 19 74 66 7 61 5 79 29 31 78 51 76 32 48 31 56 0 72 40 44 63 74 41 76 11 43 78 65 67 12 36 33 46 53 21 38 99 39 52 28 18 19 17 27 33 29 53 46 79 65 7 
50 59 57 52 30 29 30 47 82 54 18 73 74 40 67 82 69 50 19 35 55 41 36 68 50 72 0 89 28 65 55 31 39 82 60 40 25 64 74 36 102 27 39 89 90 27 87 60 79 55 55 84 99 73 99 47 75 34 81 79 
72 32 75 95 96 71 86 71 18 41 83 105 46 59 39 52 20 66 102 82 63 50 79 21 48 40 89 0 64 101 61 60 73 46 82 75 70 49 28 56 30 69 53 27 4 112 2 91 68 52 41 27 43 73 34 48 19 79 35 41 
29 38 37 44 34 32 26 26 55 26 33 63 47 33 39 71 44 27 38 25 52 14 23 43 37 44 28 64 0 55 51 4 43 54 43 45 27 53 46 8 74 7 26 61 64 55 62 47 54 28 26 56 70 51 71 33 53 43 64 51 
31 88 26 12 36 85 35 32 85 62 80 9 59 89 63 125 84 36 53 31 107 61 33 85 91 63 65 101 55 0 106 57 97 64 20 98 79 108 74 58 94 49 81 83 100 86 100 10 44 50 62 80 81 35 89 87 99 95 115 66 
79 33 86 95 80 26 74 76 68 57 40 114 80 18 69 28 50 75 75 76 2 49 74 48 18 74 55 61 51 106 0 49 19 85 93 20 31 14 67 50 88 57 25 78 65 66 61 98 97 68 57 75 94 96 89 22 42 26 34 80 
30 35 38 47 38 32 29 27 52 23 34 65 44 32 36 68 40 28 42 28 50 10 26 39 34 41 31 60 4 57 49 0 43 52 44 44 27 51 43 5 70 10 24 57 60 58 58 49 53 26 23 52 68 50 68 30 49 43 61 49 
72 42 80 85 67 11 63 69 76 57 22 105 82 16 71 46 58 70 59 65 18 46 64 56 26 76 39 73 43 97 19 43 0 88 86 2 17 31 73 45 97 48 24 85 76 48 73 90 95 66 58 81 100 93 96 26 55 7 51 83 
41 53 40 63 74 80 64 43 27 31 85 66 7 73 17 89 38 37 87 58 87 43 55 41 67 11 82 46 54 64 85 52 88 0 45 90 76 78 20 47 30 55 64 21 43 109 44 54 23 27 30 19 18 31 25 64 54 91 74 5 
14 71 7 19 38 75 32 17 66 44 72 23 40 76 43 109 66 18 55 25 94 45 24 67 77 43 60 82 43 20 93 44 86 45 0 88 69 93 54 43 75 38 68 64 80 85 80 9 27 31 44 60 63 18 70 72 81 85 98 47 
74 44 82 86 68 12 64 71 78 59 22 106 84 18 73 47 60 72 59 67 19 48 66 58 28 78 40 75 45 98 20 44 2 90 88 0 19 33 75 47 99 50 26 87 78 47 75 91 97 68 60 83 102 94 98 28 57 6 53 85 
56 39 64 68 50 6 46 53 68 45 13 87 69 16 59 57 52 54 44 48 31 33 47 51 26 65 25 70 27 79 31 27 17 76 69 19 0 39 63 30 89 31 17 77 72 42 69 72 80 52 46 72 90 77 88 24 54 16 57 72 
79 25 86 98 86 36 79 76 58 52 50 115 74 24 63 18 41 75 83 79 16 48 76 38 17 67 64 49 53 108 14 51 31 78 93 33 39 0 59 50 77 60 27 68 52 78 49 99 92 65 53 65 85 93 78 21 30 39 20 73 
45 34 48 69 74 66 64 46 11 20 74 77 18 57 11 70 19 40 83 59 69 33 56 21 49 12 74 28 46 74 67 43 73 20 54 75 63 59 0 38 27 50 49 14 26 100 27 63 40 26 20 9 28 45 25 47 35 77 54 14 
29 32 37 48 41 35 32 27 47 18 38 65 40 33 31 67 36 26 47 30 51 6 27 35 34 36 36 56 8 58 50 5 45 47 43 47 30 50 38 0 66 14 25 53 56 63 54 49 50 22 19 48 63 48 63 30 46 46 59 44 
69 55 69 92 100 92 90 70 21 47 101 95 35 81 36 83 38 64 110 84 90 60 81 40 72 33 102 30 74 94 88 70 97 30 75 99 89 77 27 66 0 77 74 13 27 128 30 84 53 51 47 18 17 60 6 70 48 101 65 28 
25 45 33 38 28 37 19 22 59 30 35 57 48 40 41 78 49 24 34 18 58 19 17 49 44 46 27 69 7 49 57 10 48 55 38 50 31 60 50 14 77 0 33 64 69 54 68 41 52 28 30 59 73 48 74 40 60 47 71 53 
54 21 61 71 58 19 51 51 53 34 30 89 58 9 47 45 36 50 57 51 26 24 50 34 11 53 39 53 26 81 25 24 24 64 68 26 17 27 49 25 74 33 0 62 55 59 52 73 73 44 34 57 76 71 73 8 37 28 42 60 
57 45 58 80 87 80 78 58 11 34 88 86 24 70 24 76 28 52 97 72 80 47 69 30 61 21 89 27 61 83 78 57 85 21 64 87 77 68 14 53 13 64 62 0 23 115 26 73 44 39 34 5 17 51 11 59 40 90 59 18 
70 34 74 94 96 74 86 70 16 41 84 103 43 61 37 56 21 65 102 81 67 50 79 22 50 38 90 4 64 100 65 60 76 43 80 78 72 52 26 56 27 69 55 23 0 113 3 89 65 51 41 24 40 71 30 50 23 82 39 38 
76 81 83 74 50 43 53 73 108 81 30 94 102 57 94 94 93 77 33 60 65 68 61 92 68 99 27 112 55 86 66 58 48 109 85 47 42 78 100 63 128 54 59 115 113 0 111 84 105 82 81 110 126 100 126 66 96 40 98 106 
70 31 74 94 95 71 85 70 17 40 82 104 44 58 37 53 19 65 101 81 63 49 78 19 47 39 87 2 62 100 61 58 73 44 80 75 69 49 27 54 30 68 52 26 3 111 0 89 66 50 40 25 42 71 33 47 19 79 35 39 
21 78 15 11 34 78 31 22 75 52 74 16 49 80 52 115 74 25 52 25 99 51 26 75 82 52 60 91 47 10 98 49 90 54 9 91 72 99 63 49 84 41 73 73 89 84 89 0 35 39 52 69 72 26 79 78 89 88 105 56 
30 68 25 45 62 85 55 33 49 40 87 44 22 81 31 106 56 28 78 47 98 49 45 58 78 28 79 68 54 44 97 53 95 23 27 97 80 92 40 50 53 52 73 44 65 105 66 35 0 29 40 42 38 9 47 75 73 96 92 27 
20 42 24 44 49 57 39 20 37 13 60 54 20 53 15 80 35 14 60 33 70 20 30 36 50 18 55 52 28 50 68 26 66 27 31 68 52 65 26 22 51 28 44 39 51 82 50 39 29 0 13 34 45 28 47 47 51 68 68 25 
31 29 37 55 55 50 46 31 29 0 56 67 24 43 14 67 23 26 64 41 59 14 38 24 39 19 55 41 26 62 57 23 58 30 44 60 46 53 20 19 47 30 34 34 41 81 40 52 40 13 0 29 45 41 45 35 38 61 55 26 
53 41 54 76 82 75 73 53 9 29 83 82 21 65 19 74 24 48 93 67 77 42 64 27 57 17 84 27 56 80 75 52 81 19 60 83 72 65 9 48 18 59 57 5 24 110 25 69 42 34 29 0 20 48 16 55 38 85 57 15 
59 61 58 81 92 94 83 61 28 45 100 82 25 85 32 93 44 55 105 76 96 58 73 47 77 27 99 43 70 81 94 68 100 18 63 102 90 85 28 63 17 73 76 17 40 126 42 72 38 45 45 20 0 47 11 75 58 104 77 20 
24 69 17 37 55 83 48 27 55 41 83 35 27 80 35 108 60 24 71 40 98 47 39 62 78 33 73 73 51 35 96 50 93 31 18 94 77 93 45 48 60 48 71 51 71 100 71 26 9 28 41 48 47 0 55 75 76 93 95 34 
65 56 65 87 96 91 86 66 21 45 99 90 30 81 33 85 39 60 107 80 91 58 77 41 72 29 99 34 71 89 89 68 96 25 70 98 88 78 25 63 6 74 73 11 30 126 33 79 47 47 45 16 11 55 0 70 50 101 68 23 
58 16 66 77 66 24 58 56 50 35 36 94 59 11 47 38 32 55 64 58 23 28 56 30 4 53 47 48 33 87 22 30 26 64 72 28 24 21 47 30 70 40 8 59 50 66 47 78 75 47 35 55 75 75 70 0 30 32 34 59 
69 16 74 92 87 54 78 68 30 37 66 105 52 41 42 36 17 64 90 75 44 41 73 15 29 46 75 19 53 99 42 49 55 54 81 57 54 30 35 46 48 60 37 40 23 96 19 89 73 51 38 38 58 76 50 30 0 61 19 49 
72 48 80 83 63 11 60 69 81 60 17 103 84 21 74 54 63 70 54 63 25 48 63 62 32 79 34 79 43 95 26 43 7 91 85 6 16 39 77 46 101 47 28 90 82 40 79 88 96 68 61 85 104 93 101 32 61 0 59 87 
85 27 91 106 99 55 90 83 49 54 69 121 71 41 61 17 36 80 98 89 36 55 86 34 31 65 81 35 64 115 34 61 51 74 98 53 57 20 54 59 65 71 42 59 39 98 35 105 92 68 55 57 77 95 68 34 19 59 0 68 
41 48 41 64 73 76 64 42 22 27 82 68 7 68 13 84 33 37 85 57 82 40 54 35 62 7 79 41 51 66 80 49 83 5 47 85 72 73 14 44 28 53 60 18 38 106 39 56 27 25 26 15 20 34 23 59 49 87 68 0 
0 559 264 1642 131 3000 12 8 142 2954 557 24 495 16 212 8 49 52 501 1728 2401 3000 28 1166 54 674 275 75 60 497 169 429 660 144 186 538 100 9 1043 10 3000 171 11 117 113 16 662 321 217 229 9 0 115 359 3000 400 2222 41 66 8 
559 0 0 0 52 31 0 106 0 0 112 48 22 8 3000 639 120 0 378 3000 102 329 14 48 77 113 80 17 26 3000 145 152 345 0 505 11 0 11 185 50 1487 98 97 0 0 50 25 13 110 0 23 16 0 341 33 116 0 0 0 1269 
264 0 0 24 443 0 123 210 0 0 0 0 10 37 1744 290 669 0 284 567 582 55 3000 0 13 1424 146 0 2185 0 17 26 106 126 0 39 0 0 0 197 11 353 25 194 86 0 66 0 224 74 50 0 0 0 25 32 45 42 544 92 
1642 0 24 0 18 27 0 1102 20 50 296 29 8 300 0 0 0 321 0 0 0 34 28 419 206 26 0 0 199 36 0 534 58 115 0 102 88 20 851 0 0 0 1490 1950 401 10 0 37 7 10 834 0 135 1307 3000 166 0 299 0 828 
131 52 443 18 0 10 110 294 42 61 284 1029 1220 41 128 24 23 46 11 12 134 58 365 136 416 2372 137 109 106 79 15 32 3000 501 288 62 3000 72 14 1532 53 17 1575 296 19 104 327 1921 26 334 16 453 32 267 1222 298 547 1073 379 541 
3000 31 0 27 10 0 0 26 0 0 1636 286 646 169 1085 0 52 1228 137 88 0 207 222 3000 34 126 0 85 36 98 913 35 204 0 357 166 0 85 73 229 41 10 12 0 0 683 0 627 19 0 108 107 0 852 9 11 0 0 0 84 
12 0 123 0 110 0 0 17 0 0 0 0 33 927 0 23 0 0 0 0 37 24 32 0 11 0 87 0 0 0 38 1069 52 250 0 80 0 0 0 0 102 581 0 52 27 0 940 0 12 312 0 0 0 0 23 123 1721 943 17 894 
8 106 210 1102 294 26 17 0 42 162 827 50 34 143 59 70 11 1655 492 485 62 601 146 71 85 3000 11 187 10 7 187 49 9 12 118 135 539 26 823 69 44 17 24 152 35 16 1234 84 140 3000 181 213 66 140 17 1485 15 254 72 10 
142 0 0 20 42 0 0 42 0 16 74 378 132 166 0 0 0 8 0 0 0 0 13 57 15 180 0 0 0 176 0 267 0 3000 0 0 27 354 434 0 0 0 1959 27 20 76 0 12 489 0 338 0 21 15 30 443 0 2209 0 0 
2954 0 0 50 61 0 0 162 16 0 1463 1130 55 857 0 0 0 146 0 0 0 195 14 86 27 119 0 0 0 36 0 3000 0 680 0 16 306 26 3000 0 0 0 59 101 200 169 0 14 128 30 104 0 479 126 245 10 0 12 0 176 
557 112 0 296 284 1636 0 827 74 1463 0 648 227 13 784 0 347 117 1054 66 0 7 1380 1534 1030 352 0 1013 28 37 18 11 899 0 1639 20 95 51 549 12 0 104 58 0 0 64 0 21 170 0 291 1517 378 950 153 64 0 0 0 85 
24 48 0 29 1029 286 0 50 378 1130 648 0 865 43 51 0 0 2057 0 0 0 169 692 12 1264 601 0 0 2313 146 0 119 40 681 717 117 20 20 358 0 0 0 2244 371 769 34 0 131 470 0 199 297 45 137 71 1551 0 0 0 1353 
495 22 10 8 1220 646 33 34 132 55 227 865 0 335 48 56 27 79 0 30 56 11 70 101 17 141 92 0 286 8 28 3000 83 409 0 41 38 7 3000 0 71 31 409 233 715 109 912 11 38 16 1676 0 9 463 61 1486 44 2463 65 2224 
16 8 37 300 41 169 927 143 166 857 13 43 335 0 66 90 46 55 0 9 13 15 2771 398 76 328 1228 0 21 535 283 61 43 246 0 641 180 1010 36 0 46 221 44 162 130 29 1151 65 15 781 43 0 111 8 857 329 8 364 11 10 
212 3000 1744 0 128 1085 0 59 0 0 784 51 48 66 0 42 291 0 46 9 923 1553 10 115 214 37 65 2334 150 47 178 11 33 0 868 157 0 1238 1097 771 15 193 557 3000 0 652 35 3000 89 0 15 46 0 122 109 1533 0 0 0 396 
8 639 290 0 24 0 23 70 0 0 0 0 56 90 42 0 211 0 485 200 1431 183 11 0 120 1549 10 144 40 0 61 67 87 0 14 194 0 0 0 22 416 147 42 65 0 0 2469 476 536 1301 63 0 0 0 64 2613 99 17 350 46 
49 120 669 0 23 52 0 11 0 0 347 0 27 46 291 211 0 0 168 16 3000 27 9 14 47 7 8 2088 97 339 31 25 7 0 92 349 0 0 561 768 404 11 525 84 0 0 8 633 235 0 10 269 0 67 440 407 0 0 0 24 
52 0 0 321 46 1228 0 1655 8 146 117 2057 79 55 0 0 0 0 0 0 0 269 311 481 13 1847 0 0 0 21 0 223 0 62 0 30 126 71 7 0 0 0 3000 342 417 32 0 914 13 0 32 0 36 275 8 305 0 3000 0 748 
501 378 284 0 11 137 0 492 0 0 1054 0 0 0 46 485 168 0 0 299 1274 20 10 21 8 33 61 82 11 303 133 11 577 0 17 38 0 0 43 1324 134 296 98 0 0 0 24 31 63 0 10 2879 0 69 1461 443 0 0 0 265 
1728 3000 567 0 12 88 0 485 0 0 66 0 30 9 9 200 16 0 299 0 202 8 2023 15 11 17 2341 57 91 426 25 139 9 0 49 97 0 1474 421 30 70 19 312 0 0 0 620 115 66 0 7 12 0 21 3000 36 0 0 0 16 
2401 102 582 0 134 0 37 62 0 0 0 0 56 13 923 1431 3000 0 1274 202 0 35 220 0 51 577 153 0 1842 0 79 22 316 31 0 897 0 0 0 189 819 553 10 42 85 0 31 0 450 41 51 0 0 0 228 932 130 78 3000 105 
3000 329 55 34 58 207 24 601 0 195 7 169 11 15 1553 183 27 269 20 8 35 0 23 54 17 77 764 78 192 306 212 167 39 97 3000 246 100 25 201 11 25 40 141 103 1126 10 9 90 62 66 1633 92 0 155 70 1886 1099 112 15 20 
28 14 3000 28 365 222 32 146 13 14 1380 692 70 2771 10 11 9 311 10 2023 220 23 0 338 270 31 485 11 1424 77 150 173 43 230 435 49 1855 27 9 1030 424 19 10 19 646 150 31 618 20 115 155 413 122 163 44 279 20 537 84 43 
1166 48 0 419 136 3000 0 71 57 86 1534 12 101 398 115 0 14 481 21 15 0 54 338 0 442 28 0 39 57 161 3000 70 765 0 18 2512 104 321 981 10 0 31 46 0 0 111 0 2449 51 0 889 40 243 2775 9 497 0 0 0 11 
54 77 13 206 416 34 11 85 15 27 1030 1264 17 76 214 120 47 13 8 11 51 17 270 442 0 1782 118 463 65 47 54 17 71 82 586 17 50 566 108 1912 1111 29 311 17 13 115 18 75 836 49 555 0 70 19 72 23 311 31 95 13 
674 113 1424 26 2372 126 0 3000 180 119 352 601 141 328 37 1549 7 1847 33 17 577 77 31 28 1782 0 532 52 3000 498 118 32 106 58 96 356 1353 24 205 90 17 272 21 21 142 213 169 58 132 0 846 25 370 3000 387 1659 0 0 0 12 
275 80 146 0 137 0 87 11 0 0 0 0 92 1228 65 10 8 0 61 2341 153 764 485 0 118 532 0 121 75 0 139 562 43 21 0 13 0 0 0 157 14 62 9 31 38 0 77 0 21 278 17 0 0 0 130 539 18 268 16 187 
75 17 0 0 109 85 0 187 0 0 1013 0 0 0 2334 144 2088 0 82 57 0 78 11 39 463 52 121 0 69 10 91 29 28 0 1409 2601 0 14 37 848 22 22 34 0 0 0 236 81 9 0 39 3000 0 406 49 20 0 0 0 3000 
60 26 2185 199 106 36 0 10 0 0 28 2313 286 21 150 40 97 0 11 91 1842 192 1424 57 65 3000 75 69 0 448 2378 44 59 96 62 216 0 1229 73 463 27 620 331 192 1673 83 68 2110 116 0 125 652 0 39 3000 17 0 82 0 15 
497 3000 0 36 79 98 0 7 176 36 37 146 8 535 47 0 339 21 303 426 0 306 77 161 47 498 0 10 448 0 13 1683 305 0 181 10 87 114 75 14 43 119 1412 0 0 49 0 278 39 0 9 10 56 117 41 361 0 0 0 31 
169 145 17 0 15 913 38 187 0 0 18 0 28 283 178 61 31 0 133 25 79 212 150 3000 54 118 139 91 2378 13 0 384 17 16 2408 36 0 131 269 39 305 114 836 115 27 0 142 32 34 93 93 1202 0 62 83 28 22 45 194 91 
429 152 26 534 32 35 1069 49 267 3000 11 119 3000 61 11 67 25 223 11 139 22 167 173 70 17 32 562 29 44 1683 384 0 31 8 2390 70 2148 28 48 650 17 31 12 39 1033 95 67 1361 26 309 165 0 48 1086 8 55 135 68 15 16 
660 345 106 58 3000 204 52 9 0 0 899 40 83 43 33 87 7 0 577 9 316 39 43 765 71 106 43 28 59 305 17 31 0 1690 11 1021 0 3000 1144 201 210 45 134 642 368 18 36 492 88 380 15 465 0 22 55 13 22 39 7 74 
144 0 126 115 501 0 250 12 3000 680 0 681 409 246 0 0 0 62 0 0 31 97 230 0 82 58 21 0 96 0 16 8 1690 0 0 110 16 162 7 0 19 43 34 20 107 217 364 36 49 1177 1923 0 110 66 378 443 2045 627 517 969 
186 505 0 0 288 357 0 118 0 0 1639 717 0 0 868 14 92 0 17 49 0 3000 435 18 586 96 0 1409 62 181 2408 2390 11 0 0 3000 0 327 117 13 101 24 25 0 0 0 0 99 447 0 3000 95 0 439 20 52 0 0 0 29 
538 11 39 102 62 166 80 135 0 16 20 117 41 641 157 194 349 30 38 97 897 246 49 2512 17 356 13 2601 216 10 36 70 1021 110 3000 0 135 28 33 1581 874 8 125 97 314 20 58 243 183 506 21 166 0 22 53 31 269 14 149 164 
100 0 0 88 3000 0 0 539 27 306 95 20 38 180 0 0 0 126 0 0 0 100 1855 104 50 1353 0 0 0 87 0 2148 0 16 0 135 0 3000 305 0 0 0 88 160 15 38 0 135 308 764 217 0 3000 81 74 844 0 265 0 1557 
9 11 0 20 72 85 0 26 354 26 51 20 7 1010 1238 0 0 71 0 1474 0 25 27 321 566 24 0 14 1229 114 131 28 3000 162 327 28 3000 0 11 0 1194 93 100 284 192 129 0 138 582 0 9 1736 186 330 521 16 0 177 0 230 
1043 185 0 851 14 73 0 823 434 3000 549 358 3000 36 1097 0 561 7 43 421 0 201 9 981 108 205 0 37 73 75 269 48 1144 7 117 33 305 11 0 96 0 71 102 0 0 17 0 16 3000 0 25 146 68 174 676 101 0 0 0 44 
10 50 197 0 1532 229 0 69 0 0 12 0 0 0 771 22 768 0 1324 30 189 11 1030 10 1912 90 157 848 463 14 39 650 201 0 13 1581 0 0 96 0 23 573 2605 0 0 0 3000 896 66 0 37 37 0 0 69 398 0 0 0 624 
3000 1487 11 0 53 41 102 44 0 0 0 0 71 46 15 416 404 0 134 70 819 25 424 0 1111 17 14 22 27 43 305 17 210 19 101 874 0 1194 0 23 0 36 1357 85 38 0 8 73 9 222 91 0 0 247 191 14 248 75 308 30 
171 98 353 0 17 10 581 17 0 0 104 0 31 221 193 147 11 0 296 19 553 40 19 31 29 272 62 22 620 119 114 31 45 43 24 8 0 93 71 573 36 0 72 1487 97 0 31 9 37 30 77 198 0 53 326 95 664 268 173 2527 
11 97 25 1490 1575 12 0 24 1959 59 58 2244 409 44 557 42 525 3000 98 312 10 141 10 46 311 21 9 34 331 1412 836 12 134 34 25 125 88 100 102 2605 1357 72 0 3000 1083 3000 1859 623 11 706 14 51 10 108 801 589 28 102 0 213 
117 0 194 1950 296 0 52 152 27 101 0 371 233 162 3000 65 84 342 0 0 42 103 19 0 17 21 31 0 192 0 115 39 642 20 0 97 160 284 0 0 85 1487 3000 0 35 361 28 91 51 119 94 0 125 19 791 973 63 1621 18 447 
113 0 86 401 19 0 27 35 20 200 0 769 715 130 0 0 0 417 0 0 85 1126 646 0 13 142 38 0 1673 0 27 1033 368 107 0 314 15 192 0 0 38 97 1083 35 0 111 40 0 15 1860 222 0 19 21 194 384 1002 758 470 33 
16 50 0 10 104 683 0 16 76 169 64 34 109 29 652 0 0 32 0 0 0 10 150 111 115 213 0 0 83 49 0 95 18 217 0 20 38 129 17 0 0 0 3000 361 111 0 0 797 25 0 12 0 8 45 57 95 0 428 0 92 
662 25 66 0 327 0 940 1234 0 0 0 0 912 1151 35 2469 8 0 24 620 31 9 31 0 18 169 77 236 68 0 142 67 36 364 0 58 0 0 0 3000 8 31 1859 28 40 0 0 0 112 90 69 0 0 0 32 241 235 236 523 398 
321 13 0 37 1921 627 0 84 12 14 21 131 11 65 3000 476 633 914 31 115 0 90 618 2449 75 58 0 81 2110 278 32 1361 492 36 99 243 135 138 16 896 73 9 623 91 0 797 0 0 99 0 92 198 9 77 637 8 0 0 0 46 
217 110 224 7 26 19 12 140 489 128 170 470 38 15 89 536 235 13 63 66 450 62 20 51 836 132 21 9 116 39 34 26 88 49 447 183 308 582 3000 66 9 37 11 51 15 25 112 99 0 527 72 3000 98 272 127 283 27 9 18 144 
229 0 74 10 334 0 312 3000 0 30 0 0 16 781 0 1301 0 0 0 0 41 66 115 0 49 0 278 0 0 0 93 309 380 1177 0 506 764 0 0 0 222 30 706 119 1860 0 90 0 527 0 0 0 0 0 3000 83 55 59 291 278 
9 23 50 834 16 108 0 181 338 104 291 199 1676 43 15 63 10 32 10 7 51 1633 155 889 555 846 17 39 125 9 93 165 15 1923 3000 21 217 9 25 37 91 77 14 94 222 12 69 92 72 0 0 21 91 168 81 148 0 593 0 218 
0 16 0 0 453 107 0 213 0 0 1517 297 0 0 46 0 269 0 2879 12 0 92 413 40 0 25 0 3000 652 10 1202 0 465 0 95 166 0 1736 146 37 0 198 51 0 0 0 0 198 3000 0 21 0 0 272 0 0 0 0 0 14 
115 0 0 135 32 0 0 66 21 479 378 45 9 111 0 0 0 36 0 0 0 0 122 243 70 370 0 0 0 56 0 48 0 110 0 0 3000 186 68 0 0 0 10 125 19 8 0 9 98 0 91 0 0 11 8 31 0 0 0 0 
359 341 0 1307 267 852 0 140 15 126 950 137 463 8 122 0 67 275 69 21 0 155 163 2775 19 3000 0 406 39 117 62 1086 22 66 439 22 81 330 174 0 247 53 108 19 21 45 0 77 272 0 168 272 11 0 14 54 0 0 0 17 
3000 33 25 3000 1222 9 23 17 30 245 153 71 61 857 109 64 440 8 1461 3000 228 70 44 9 72 387 130 49 3000 41 83 8 55 378 20 53 74 521 676 69 191 326 801 791 194 57 32 637 127 3000 81 0 8 14 0 50 1337 385 1573 235 
400 116 32 166 298 11 123 1485 443 10 64 1551 1486 329 1533 2613 407 305 443 36 932 1886 279 497 23 1659 539 20 17 361 28 55 13 443 52 31 844 16 101 398 14 95 589 973 384 95 241 8 283 83 148 0 31 54 50 0 932 129 792 246 
2222 0 45 0 547 0 1721 15 0 0 0 0 44 8 0 99 0 0 0 0 130 1099 20 0 311 0 18 0 0 0 22 135 22 2045 0 269 0 0 0 0 248 664 28 63 1002 0 235 0 27 55 0 0 0 0 1337 932 0 508 287 259 
41 0 42 299 1073 0 943 254 2209 12 0 0 2463 364 0 17 0 3000 0 0 78 112 537 0 31 0 268 0 82 0 45 68 39 627 0 14 265 177 0 0 75 268 102 1621 758 428 236 0 9 59 593 0 0 0 385 129 508 0 44 709 
66 0 544 0 379 0 17 72 0 0 0 0 65 11 0 350 0 0 0 0 3000 15 84 0 95 0 16 0 0 0 194 15 7 517 0 149 0 0 0 0 308 173 0 18 470 0 523 0 18 291 0 0 0 0 1573 792 287 44 0 67 
8 1269 92 828 541 84 894 10 0 176 85 1353 2224 10 396 46 24 748 265 16 105 20 43 11 13 12 187 3000 15 31 91 16 74 969 29 164 1557 230 44 624 30 2527 213 447 33 92 398 46 144 278 218 14 0 17 235 246 259 709 67 0 
