80
0 59 32 30 11 76 32 58 12 34 87 56 39 58 29 29 24 58 59 70 25 44 62 52 13 58 60 52 49 55 73 17 62 67 30 21 83 58 67 24 28 37 18 91 37 58 55 32 39 60 33 88 57 59 62 62 66 55 63 25 15 28 69 29 39 63 52 16 49 61 23 36 56 34 18 73 29 61 39 83 
59 0 85 30 57 120 52 64 69 90 73 8 32 83 85 31 43 100 58 44 51 60 105 41 47 25 77 16 79 8 103 71 4 72 33 42 79 60 66 51 35 25 51 89 46 74 98 59 76 108 76 82 92 78 28 106 112 100 92 81 56 36 95 57 51 105 75 73 27 105 37 67 74 49 65 48 41 40 59 92 
32 85 0 58 28 89 63 89 21 42 119 83 70 85 40 57 42 75 91 102 57 75 78 84 39 88 88 81 74 78 95 39 86 98 60 52 114 90 98 35 59 66 50 122 69 87 73 62 64 73 56 119 79 87 93 77 79 70 87 10 29 59 94 60 70 79 80 16 80 76 49 64 85 66 19 104 61 92 69 112 
30 30 58 0 30 93 27 50 40 60 71 26 15 61 55 2 22 73 47 48 24 40 78 32 19 31 59 23 55 27 81 41 34 59 7 12 72 47 55 29 8 9 22 81 25 56 71 33 49 80 48 76 67 59 36 79 84 72 69 53 30 9 74 30 30 79 53 44 23 77 9 42 55 26 39 51 15 39 36 79 
11 57 28 30 0 87 40 66 13 43 94 55 42 68 38 28 17 68 67 75 33 53 72 57 11 60 70 52 59 51 84 27 59 76 32 25 91 66 74 14 31 38 25 100 44 68 66 41 49 70 44 96 68 69 65 72 77 65 73 24 4 31 79 38 46 74 62 16 52 71 21 46 66 41 10 77 34 65 48 93 
76 120 89 93 87 0 69 67 78 48 92 113 89 44 50 94 100 20 75 100 70 62 15 86 87 103 53 105 42 119 29 59 124 67 88 82 79 72 73 100 86 96 72 79 75 55 23 62 44 17 46 83 30 51 105 15 10 22 35 80 91 85 37 64 70 15 50 79 96 16 92 53 53 71 90 99 80 93 62 62 
32 52 63 27 40 69 0 27 43 46 56 44 20 34 41 29 43 49 27 42 7 14 53 24 32 37 32 37 28 51 54 30 56 36 21 19 52 27 35 48 19 27 14 60 8 30 46 7 24 57 26 57 41 32 40 55 60 49 42 55 43 18 47 6 7 54 26 47 29 53 30 16 28 3 49 44 12 33 9 54 
58 64 89 50 66 67 27 0 69 63 32 56 36 23 60 52 69 50 8 33 33 14 54 24 58 41 15 48 27 67 42 52 69 10 43 44 25 5 9 74 42 46 41 33 25 12 48 27 33 61 40 30 38 16 41 56 62 53 33 80 69 42 33 29 21 53 18 72 38 55 55 27 13 26 75 32 36 28 20 29 
12 69 21 40 13 78 43 69 0 32 99 66 50 66 28 39 29 61 70 82 36 55 65 64 22 69 69 63 56 63 79 21 71 78 41 32 94 69 77 25 39 48 29 102 48 68 59 42 46 61 39 99 63 68 74 64 68 57 70 13 16 39 76 39 50 66 61 5 61 63 32 45 65 45 11 84 41 72 49 93 
34 90 42 60 43 48 46 63 32 0 95 85 63 50 5 60 58 34 68 88 42 51 36 70 47 82 57 79 40 86 56 19 93 70 57 48 86 66 72 56 55 65 39 91 53 57 32 40 31 31 24 91 40 55 85 35 37 28 49 32 46 54 56 40 51 38 48 31 73 34 55 37 54 49 43 89 52 79 46 78 
87 73 119 71 94 92 56 32 99 95 0 65 56 51 92 73 92 79 28 29 62 45 82 39 85 48 42 59 58 78 64 83 77 27 65 70 14 30 23 99 66 64 70 21 51 40 77 58 65 90 72 13 66 43 45 85 90 83 58 111 96 65 56 60 49 81 48 103 50 83 78 59 43 54 104 25 60 34 51 34 
56 8 83 26 55 113 44 56 66 85 65 0 24 75 80 27 42 93 50 37 44 52 98 33 44 17 69 8 72 13 95 66 13 64 28 36 71 52 57 50 30 19 45 81 38 66 90 51 69 101 69 74 84 70 21 99 105 93 84 79 54 30 87 50 43 98 67 70 19 98 34 60 66 42 63 41 34 32 51 84 
39 32 70 15 42 89 20 36 50 63 56 24 0 52 58 17 37 69 32 33 21 29 74 17 31 20 47 17 48 32 72 45 36 45 10 18 57 33 41 44 11 10 24 67 14 44 66 27 45 77 46 61 60 48 24 75 81 69 61 63 43 11 64 26 19 74 44 55 11 73 23 36 44 18 52 36 11 24 27 66 
58 83 85 61 68 44 34 23 66 50 51 75 52 0 48 63 76 28 31 56 39 22 32 44 63 62 9 67 11 83 20 46 87 24 55 52 39 28 30 79 53 60 45 42 37 12 27 29 21 39 28 44 15 7 63 34 39 32 10 75 72 52 13 32 32 31 8 69 56 33 64 22 10 35 75 55 46 50 25 28 
29 85 40 55 38 50 41 60 28 5 92 80 58 48 0 55 54 35 65 84 38 47 38 65 42 77 54 74 38 81 56 14 89 67 52 43 84 62 69 52 50 61 34 89 49 54 33 36 28 34 21 89 40 53 81 37 40 30 48 30 42 50 55 35 47 39 46 28 68 36 50 33 52 44 40 85 47 74 42 77 
29 31 57 2 28 94 29 52 39 60 73 27 17 63 55 0 20 74 49 49 25 42 79 34 18 32 60 24 57 26 82 41 34 61 9 13 73 49 57 28 10 10 22 83 27 57 72 35 50 80 49 78 68 60 37 80 85 73 71 52 28 10 75 32 32 80 55 44 25 78 7 43 57 28 38 52 17 40 38 81 
24 43 42 22 17 100 43 69 29 58 92 42 37 76 54 20 0 81 67 69 37 57 85 54 13 52 75 42 68 36 93 41 45 78 27 24 92 67 75 8 27 30 31 102 44 73 78 47 59 84 55 97 78 75 57 85 90 78 82 40 14 28 88 44 48 86 68 33 45 84 14 54 71 43 23 72 33 60 52 97 
58 100 75 73 68 20 49 50 61 34 79 93 69 28 35 74 81 0 57 82 50 44 5 67 68 84 37 86 23 99 24 41 104 52 68 62 67 55 58 82 66 76 52 68 55 39 3 42 24 11 26 71 13 35 86 6 12 6 21 65 72 65 27 44 51 5 32 62 77 5 72 33 37 51 72 81 60 75 43 53 
59 58 91 47 67 75 27 8 70 68 28 50 32 31 65 49 67 57 0 25 34 17 61 17 58 34 23 42 34 61 50 55 62 14 40 43 25 3 8 73 40 42 42 35 23 20 55 29 39 68 45 30 45 24 34 64 69 60 41 82 69 39 41 31 21 61 25 74 32 62 53 32 21 26 76 24 34 20 23 34 
70 44 102 48 75 100 42 33 82 88 29 37 33 56 84 49 69 82 25 0 47 39 86 19 64 20 48 31 59 50 75 72 48 36 43 50 37 28 29 77 44 40 54 47 35 45 80 48 61 92 66 39 70 49 16 88 94 85 66 95 76 44 66 48 36 86 50 87 24 87 56 53 47 40 85 4 42 10 42 54 
25 51 57 24 33 70 7 33 36 42 62 44 21 39 38 25 37 50 34 47 0 20 54 29 26 40 38 38 32 49 57 25 55 43 18 14 58 33 41 42 16 26 8 67 12 36 47 10 26 57 25 63 43 37 43 56 61 49 46 49 36 15 51 7 13 55 31 41 31 54 25 18 34 9 42 49 10 38 15 60 
44 60 75 40 53 62 14 14 55 51 45 52 29 22 47 42 57 44 17 39 20 0 48 24 46 41 19 44 21 61 43 38 65 23 33 33 39 15 23 62 32 38 28 47 15 16 41 13 22 53 27 44 33 19 42 50 56 45 32 66 56 31 35 15 10 48 14 59 34 49 44 14 15 14 62 39 25 31 6 40 
62 105 78 78 72 15 53 54 65 36 82 98 74 32 38 79 85 5 61 86 54 48 0 72 72 88 41 90 28 104 24 45 109 56 72 66 70 59 61 86 71 80 57 71 60 43 7 46 29 9 30 74 16 39 90 3 8 8 24 68 76 70 29 48 55 2 36 65 81 2 77 38 41 56 76 85 64 79 47 55 
52 41 84 32 57 86 24 24 64 70 39 33 17 44 65 34 54 67 17 19 29 24 72 0 47 18 37 25 44 44 64 53 45 31 27 33 40 19 25 61 27 26 35 51 16 34 65 29 45 77 48 44 56 38 19 73 79 69 54 77 59 27 56 30 18 72 37 68 14 72 40 36 35 21 67 20 23 9 25 52 
13 47 39 19 11 87 32 58 22 47 85 44 31 63 42 18 13 68 58 64 26 46 72 47 0 49 63 41 55 42 80 29 50 68 21 15 83 57 66 16 20 27 19 92 34 61 65 35 46 72 42 88 65 63 54 73 77 65 70 35 12 20 75 32 38 73 56 26 41 71 10 41 60 33 21 67 24 55 41 86 
58 25 88 31 60 103 37 41 69 82 48 17 20 62 77 32 52 84 34 20 40 41 88 18 49 0 55 11 61 30 82 64 29 48 28 37 54 37 41 60 30 22 44 64 30 52 81 44 60 93 63 57 74 56 5 90 96 85 72 83 61 30 74 43 33 89 55 74 9 89 40 51 53 34 70 24 31 15 41 68 
60 77 88 59 70 53 32 15 69 57 42 69 47 9 54 60 75 37 23 48 38 19 41 37 63 55 0 61 17 79 27 50 82 15 52 51 30 20 21 80 51 56 45 35 34 3 36 29 26 49 34 35 24 2 56 43 49 41 18 79 73 50 19 32 29 40 9 72 51 42 62 24 4 32 78 46 43 43 23 24 
52 16 81 23 52 105 37 48 63 79 59 8 17 67 74 24 42 86 42 31 38 44 90 25 41 11 61 0 64 20 87 60 21 56 22 32 64 44 50 50 25 15 40 74 31 58 83 44 61 94 63 67 77 62 16 92 98 86 76 76 52 25 79 43 35 91 59 67 11 90 31 53 58 35 62 35 28 25 44 76 
49 79 74 55 59 42 28 27 56 40 58 72 48 11 38 57 68 23 34 59 32 21 28 44 55 61 17 64 0 79 26 35 84 31 49 45 47 32 36 71 47 56 37 52 34 18 21 22 10 34 18 52 13 15 63 30 35 26 15 64 63 47 20 25 29 27 10 59 54 28 56 14 15 30 66 58 40 52 21 39 
55 8 78 27 51 119 51 67 63 86 78 13 32 83 81 26 36 99 61 50 49 61 104 44 42 30 79 20 79 0 104 67 8 75 31 39 83 63 69 44 33 24 48 94 46 76 96 58 75 106 74 87 92 79 34 105 110 98 93 75 50 34 96 56 51 104 75 67 30 103 32 66 75 49 59 54 39 45 59 95 
73 103 95 81 84 29 54 42 79 56 64 95 72 20 56 82 93 24 50 75 57 43 24 64 80 82 27 87 26 104 0 58 107 40 74 71 50 47 47 96 73 80 62 49 58 30 24 48 34 33 40 54 17 26 83 27 30 30 11 85 88 72 9 51 52 22 28 81 77 26 82 40 29 55 90 73 66 70 45 32 
17 71 39 41 27 59 30 52 21 19 83 66 45 46 14 41 41 41 55 72 25 38 45 53 29 64 50 60 35 67 58 0 74 60 38 29 77 54 61 41 36 47 21 84 37 49 39 26 25 43 18 82 42 49 68 45 49 38 49 29 31 36 55 24 36 46 41 23 55 44 36 26 46 32 32 73 33 62 33 73 
62 4 86 34 59 124 56 69 71 93 77 13 36 87 89 34 45 104 62 48 55 65 109 45 50 29 82 21 84 8 107 74 0 76 37 45 83 64 70 52 39 29 55 94 50 78 102 63 80 112 80 86 96 82 32 110 116 104 96 84 58 40 99 61 55 109 79 75 31 109 40 71 79 54 67 52 45 44 63 97 
67 72 98 59 76 67 36 10 78 70 27 64 45 24 67 61 78 52 14 36 43 23 56 31 68 48 15 56 31 75 40 60 76 0 52 54 17 12 7 84 52 55 50 24 34 13 51 36 39 64 46 22 39 17 47 58 63 56 33 89 79 51 31 38 30 55 22 81 45 57 64 34 16 35 85 34 45 33 29 21 
30 33 60 7 32 88 21 43 41 57 65 28 10 55 52 9 27 68 40 43 18 33 72 27 21 28 52 22 49 31 74 38 37 52 0 9 65 40 48 35 2 8 18 75 18 49 65 27 44 75 43 70 61 52 33 74 79 67 63 54 33 3 67 25 23 73 47 46 20 72 13 36 48 20 42 46 9 34 30 72 
21 42 52 12 25 82 19 44 32 48 70 36 18 52 43 13 24 62 43 50 14 33 66 33 15 37 51 32 45 39 71 29 45 54 9 0 68 43 51 30 7 17 10 78 20 48 59 23 38 68 36 73 57 51 42 67 73 61 60 46 26 7 65 20 24 67 45 37 28 66 11 31 47 19 34 53 10 41 28 73 
83 79 114 72 91 79 52 25 94 86 14 71 57 39 84 73 92 67 25 37 58 39 70 40 83 54 30 64 47 83 50 77 83 17 65 68 0 25 17 98 65 66 66 11 48 30 65 52 56 78 63 5 54 32 51 72 77 71 46 105 94 64 42 54 45 69 38 98 54 71 78 51 32 50 100 33 59 39 45 20 
58 60 90 47 66 72 27 5 69 66 30 52 33 28 62 49 67 55 3 28 33 15 59 19 57 37 20 44 32 63 47 54 64 12 40 43 25 0 8 73 40 43 41 34 23 17 53 28 36 65 42 30 42 21 36 61 67 58 38 81 69 40 38 30 20 58 22 73 33 60 53 29 18 25 75 27 34 23 21 33 
67 66 98 55 74 73 35 9 77 72 23 57 41 30 69 57 75 58 8 29 41 23 61 25 66 41 21 50 36 69 47 61 70 7 48 51 17 8 0 81 48 50 49 26 31 18 56 36 42 69 49 22 45 23 40 64 69 61 39 89 77 48 38 38 28 61 26 81 39 63 61 36 21 33 84 26 42 26 28 27 
24 51 35 29 14 100 48 74 25 56 99 50 44 79 52 28 8 82 73 77 42 62 86 61 16 60 80 50 71 44 96 41 52 84 35 30 98 73 81 0 34 38 35 108 50 77 79 51 62 84 57 103 80 79 65 86 90 79 85 34 10 34 91 48 54 87 72 28 53 85 21 57 76 49 17 80 39 68 57 102 
28 35 59 8 31 86 19 42 39 55 66 30 11 53 50 10 27 66 40 44 16 32 71 27 20 30 51 25 47 33 73 36 39 52 2 7 65 40 48 34 0 11 16 75 18 48 63 25 42 73 41 70 59 51 35 72 77 65 62 53 32 1 66 23 22 71 45 44 21 70 13 34 47 18 41 47 7 35 28 71 
37 25 66 9 38 96 27 46 48 65 64 19 10 60 61 10 30 76 42 40 26 38 80 26 27 22 56 15 56 24 80 47 29 55 8 17 66 43 50 38 11 0 26 76 23 53 73 34 51 83 51 70 68 57 27 81 87 75 69 61 38 11 73 32 28 81 52 53 15 80 17 43 53 26 48 43 16 31 36 75 
18 51 50 22 25 72 14 41 29 39 70 45 24 45 34 22 31 52 42 54 8 28 57 35 19 44 45 40 37 48 62 21 55 50 18 10 66 41 49 35 16 26 0 74 19 43 50 16 29 58 26 71 48 44 48 58 63 51 52 42 28 15 57 13 21 58 38 33 35 56 20 23 41 16 34 55 13 44 22 68 
91 89 122 81 100 79 60 33 102 91 21 81 67 42 89 83 102 68 35 47 67 47 71 51 92 64 35 74 52 94 49 84 94 24 75 78 11 34 26 108 75 76 74 0 58 35 67 60 61 80 68 9 56 36 62 73 78 73 47 112 103 74 42 62 54 69 43 105 64 72 88 58 38 59 109 43 68 49 53 17 
37 46 69 25 44 75 8 25 48 53 51 38 14 37 49 27 44 55 23 35 12 15 60 16 34 30 34 31 34 46 58 37 50 34 18 20 48 23 31 50 18 23 19 58 0 31 53 14 31 64 33 53 46 34 32 61 67 56 46 61 46 17 50 14 5 60 29 53 22 60 30 22 30 5 53 37 11 25 13 54 
58 74 87 56 68 55 30 12 68 57 40 66 44 12 54 57 73 39 20 45 36 16 43 34 61 52 3 58 18 76 30 49 78 13 49 48 30 17 18 77 48 53 43 35 31 0 38 27 26 51 34 35 27 4 52 45 51 43 21 78 71 47 22 30 26 42 9 71 47 44 60 23 3 30 76 43 41 40 21 25 
55 98 73 71 66 23 46 48 59 32 77 90 66 27 33 72 78 3 55 80 47 41 7 65 65 81 36 83 21 96 24 39 102 51 65 59 65 53 56 79 63 73 50 67 53 38 0 39 22 13 23 70 12 34 83 9 15 6 21 63 70 63 27 41 48 8 30 60 74 7 70 31 35 48 70 79 57 73 40 52 
32 59 62 33 41 62 7 27 42 40 58 51 27 29 36 35 47 42 29 48 10 13 46 29 35 44 29 44 22 58 48 26 63 36 27 23 52 28 36 51 25 34 16 60 14 27 39 0 17 50 19 57 34 28 47 48 53 42 36 53 44 25 41 3 11 47 22 46 36 46 35 9 25 10 50 48 19 38 7 52 
39 76 64 49 49 44 24 33 46 31 65 69 45 21 28 50 59 24 39 61 26 22 29 45 46 60 26 61 10 75 34 25 80 39 44 38 56 36 42 62 42 51 29 61 31 26 22 17 0 33 8 61 19 25 63 30 36 25 24 54 53 41 30 19 27 30 18 48 53 29 49 9 23 27 56 61 35 53 19 49 
60 108 73 80 70 17 57 61 61 31 90 101 77 39 34 80 84 11 68 92 57 53 9 77 72 93 49 94 34 106 33 43 112 64 75 68 78 65 69 84 73 83 58 80 64 51 13 50 33 0 32 83 24 47 95 7 7 8 33 63 74 72 38 51 60 11 43 62 85 7 77 42 48 59 73 92 67 85 52 64 
33 76 56 48 44 46 26 40 39 24 72 69 46 28 21 49 55 26 45 66 25 27 30 48 42 63 34 63 18 74 40 18 80 46 43 36 63 42 49 57 41 51 26 68 33 34 23 19 8 32 0 68 24 32 66 31 37 24 31 46 48 40 37 20 30 31 25 41 55 30 46 13 31 29 49 66 35 57 23 57 
88 82 119 76 96 83 57 30 99 91 13 74 61 44 89 78 97 71 30 39 63 44 74 44 88 57 35 67 52 87 54 82 86 22 70 73 5 30 22 103 70 70 71 9 53 35 70 57 61 83 68 0 58 37 54 77 81 76 50 110 99 69 46 60 50 73 43 103 58 76 83 56 38 55 105 35 64 42 50 23 
57 92 79 67 68 30 41 38 63 40 66 84 60 15 40 68 78 13 45 70 43 33 16 56 65 74 24 77 13 92 17 42 96 39 61 57 54 42 45 80 59 68 48 56 46 27 12 34 19 24 24 58 0 23 75 19 24 18 9 69 71 59 16 37 41 16 20 65 67 18 68 25 24 43 73 69 53 63 33 41 
59 78 87 59 69 51 32 16 68 55 43 70 48 7 53 60 75 35 24 49 37 19 39 38 63 56 2 62 15 79 26 49 82 17 52 51 32 21 23 79 51 57 44 36 34 4 34 28 25 47 32 37 23 0 57 41 47 39 17 78 72 50 17 31 29 38 7 71 51 40 62 23 4 32 77 48 43 44 23 25 
62 28 93 36 65 105 40 41 74 85 45 21 24 63 81 37 57 86 34 16 43 42 90 19 54 5 56 16 63 34 83 68 32 47 33 42 51 36 40 65 35 27 48 62 32 52 83 47 63 95 66 54 75 57 0 92 98 87 73 87 65 35 74 46 36 90 56 78 13 91 45 54 53 37 75 20 35 14 43 67 
62 106 77 79 72 15 55 56 64 35 85 99 75 34 37 80 85 6 64 88 56 50 3 73 73 90 43 92 30 105 27 45 110 58 74 67 72 61 64 86 72 81 58 73 61 45 9 48 30 7 31 77 19 41 92 0 6 7 27 67 76 71 31 49 57 4 38 65 83 1 77 39 43 57 76 88 66 81 49 57 
66 112 79 84 77 10 60 62 68 37 90 105 81 39 40 85 90 12 69 94 61 56 8 79 77 96 49 98 35 110 30 49 116 63 79 73 77 67 69 90 77 87 63 78 67 51 15 53 36 7 37 81 24 47 98 6 0 12 31 70 81 76 36 55 63 9 44 68 89 7 83 45 49 63 79 93 71 87 55 61 
55 100 70 72 65 22 49 53 57 28 83 93 69 32 30 73 78 6 60 85 49 45 8 69 65 85 41 86 26 98 30 38 104 56 67 61 71 58 61 79 65 75 51 73 56 43 6 42 25 8 24 76 18 39 87 7 12 0 27 60 69 64 33 43 52 9 35 58 77 6 71 34 40 51 68 84 59 77 44 58 
63 92 87 69 73 35 42 33 70 49 58 84 61 10 48 71 82 21 41 66 46 32 24 54 70 72 18 76 15 93 11 49 96 33 63 60 46 38 39 85 62 69 52 47 46 21 21 36 24 33 31 50 9 17 73 27 31 27 0 77 77 61 7 39 41 23 17 72 66 26 71 28 20 44 80 64 54 60 34 31 
25 81 10 53 24 80 55 80 13 32 111 79 63 75 30 52 40 65 82 95 49 66 68 77 35 83 79 76 64 75 85 29 84 89 54 46 105 81 89 34 53 61 42 112 61 78 63 53 54 63 46 110 69 78 87 67 70 60 77 0 26 52 84 51 62 70 70 9 74 66 45 55 75 57 18 97 54 85 60 102 
15 56 29 30 4 91 43 69 16 46 96 54 43 72 42 28 14 72 69 76 36 56 76 59 12 61 73 52 63 50 88 31 58 79 33 26 94 69 77 10 32 38 28 103 46 71 70 44 53 74 48 99 71 72 65 76 81 69 77 26 0 32 83 41 49 78 65 19 53 75 21 50 69 44 10 79 36 67 51 96 
28 36 59 9 31 85 18 42 39 54 65 30 11 52 50 10 28 65 39 44 15 31 70 27 20 30 50 25 47 34 72 36 40 51 3 7 64 40 48 34 1 11 15 74 17 47 63 25 41 72 40 69 59 50 35 71 76 64 61 52 32 0 65 22 21 70 45 44 21 69 14 33 46 18 41 47 6 34 27 71 
69 95 94 74 79 37 47 33 76 56 56 87 64 13 55 75 88 27 41 66 51 35 29 56 75 74 19 79 20 96 9 55 99 31 67 65 42 38 38 91 66 73 57 42 50 22 27 41 30 38 37 46 16 17 74 31 36 33 7 84 83 65 0 44 45 27 21 78 69 31 76 34 21 48 86 64 59 61 38 26 
29 57 60 30 38 64 6 29 39 40 60 50 26 32 35 32 44 44 31 48 7 15 48 30 32 43 32 43 25 56 51 24 61 38 25 20 54 30 38 48 23 32 13 62 14 30 41 3 19 51 20 60 37 31 46 49 55 43 39 51 41 22 44 0 12 49 25 43 35 48 32 11 28 9 47 49 16 39 10 55 
39 51 70 30 46 70 7 21 50 51 49 43 19 32 47 32 48 51 21 36 13 10 55 18 38 33 29 35 29 51 52 36 55 30 23 24 45 20 28 54 22 28 21 54 5 26 48 11 27 60 30 50 41 29 36 57 63 52 41 62 49 21 45 12 0 55 24 54 26 55 34 18 25 5 55 37 15 27 8 49 
63 105 79 79 74 15 54 53 66 38 81 98 74 31 39 80 86 5 61 86 55 48 2 72 73 89 40 91 27 104 22 46 109 55 73 67 69 58 61 87 71 81 58 69 60 42 8 47 30 11 31 73 16 38 90 4 9 9 23 70 78 70 27 49 55 0 36 67 81 4 78 38 40 56 77 85 65 79 47 53 
52 75 80 53 62 50 26 18 61 48 48 67 44 8 46 55 68 32 25 50 31 14 36 37 56 55 9 59 10 75 28 41 79 22 47 45 38 22 26 72 45 52 38 43 29 9 30 22 18 43 25 43 20 7 56 38 44 35 17 70 65 45 21 25 24 36 0 64 49 37 56 16 6 27 70 49 38 44 17 32 
16 73 16 44 16 79 47 72 5 31 103 70 55 69 28 44 33 62 74 87 41 59 65 68 26 74 72 67 59 67 81 23 75 81 46 37 98 73 81 28 44 53 33 105 53 71 60 46 48 62 41 103 65 71 78 65 68 58 72 9 19 44 78 43 54 67 64 0 65 64 37 48 69 49 12 89 45 77 53 96 
49 27 80 23 52 96 29 38 61 73 50 19 11 56 68 25 45 77 32 24 31 34 81 14 41 9 51 11 54 30 77 55 31 45 20 28 54 33 39 53 21 15 35 64 22 47 74 36 53 85 55 58 67 51 13 83 89 77 66 74 53 21 69 35 26 81 49 65 0 81 32 44 48 26 62 28 22 17 34 66 
61 105 76 77 71 16 53 55 63 34 83 98 73 33 36 78 84 5 62 87 54 49 2 72 71 89 42 90 28 103 26 44 109 57 72 66 71 60 63 85 70 80 56 72 60 44 7 46 29 7 30 76 18 40 91 1 7 6 26 66 75 69 31 48 55 4 37 64 81 0 76 38 42 56 75 86 64 80 47 57 
23 37 49 9 21 92 30 55 32 55 78 34 23 64 50 7 14 72 53 56 25 44 77 40 10 40 62 31 56 32 82 36 40 64 13 11 78 53 61 21 13 17 20 88 30 60 70 35 49 77 46 83 68 62 45 77 83 71 71 45 21 14 76 32 34 78 56 37 32 76 0 43 58 30 30 59 19 47 39 84 
36 67 64 42 46 53 16 27 45 37 59 60 36 22 33 43 54 33 32 53 18 14 38 36 41 51 24 53 14 66 40 26 71 34 36 31 51 29 36 57 34 43 23 58 22 23 31 9 9 42 13 56 25 23 54 39 45 34 28 55 50 33 34 11 18 38 16 48 44 38 43 0 21 18 54 53 27 44 10 48 
56 74 85 55 66 53 28 13 65 54 43 66 44 10 52 57 71 37 21 47 34 15 41 35 60 53 4 58 15 75 29 46 79 16 48 47 32 18 21 76 47 53 41 38 30 3 35 25 23 48 31 38 24 4 53 43 49 40 20 75 69 46 21 28 25 40 6 69 48 42 58 21 0 29 74 45 40 41 19 27 
34 49 66 26 41 71 3 26 45 49 54 42 18 35 44 28 43 51 26 40 9 14 56 21 33 34 32 35 30 49 55 32 54 35 20 19 50 25 33 49 18 26 16 59 5 30 48 10 27 59 29 55 43 32 37 57 63 51 44 57 44 18 48 9 5 56 27 49 26 56 30 18 29 0 51 41 11 30 10 54 
18 65 19 39 10 90 49 75 11 43 104 63 52 75 40 38 23 72 76 85 42 62 76 67 21 70 78 62 66 59 90 32 67 85 42 34 100 75 84 17 41 48 34 109 53 76 70 50 56 73 49 105 73 77 75 76 79 68 80 18 10 41 86 47 55 77 70 12 62 75 30 54 74 51 0 87 44 75 56 101 
73 48 104 51 77 99 44 32 84 89 25 41 36 55 85 52 72 81 24 4 49 39 85 20 67 24 46 35 58 54 73 73 52 34 46 53 33 27 26 80 47 43 55 43 37 43 79 48 61 92 66 35 69 48 20 88 93 84 64 97 79 47 64 49 37 85 49 89 28 86 59 53 45 41 87 0 44 12 43 51 
29 41 61 15 34 80 12 36 41 52 60 34 11 46 47 17 33 60 34 42 10 25 64 23 24 31 43 28 40 39 66 33 45 45 9 10 59 34 42 39 7 16 13 68 11 41 57 19 35 67 35 64 53 43 35 66 71 59 54 54 36 6 59 16 15 65 38 45 22 64 19 27 40 11 44 44 0 32 21 64 
61 40 92 39 65 93 33 28 72 79 34 32 24 50 74 40 60 75 20 10 38 31 79 9 55 15 43 25 52 45 70 62 44 33 34 41 39 23 26 68 35 31 44 49 25 40 73 38 53 85 57 42 63 44 14 81 87 77 60 85 67 34 61 39 27 79 44 77 17 80 47 44 41 30 75 12 32 0 34 53 
39 59 69 36 48 62 9 20 49 46 51 51 27 25 42 38 52 43 23 42 15 6 47 25 41 41 23 44 21 59 45 33 63 29 30 28 45 21 28 57 28 36 22 53 13 21 40 7 19 52 23 50 33 23 43 49 55 44 34 60 51 27 38 10 8 47 17 53 34 47 39 10 19 10 56 43 21 34 0 45 
83 92 112 79 93 62 54 29 93 78 34 84 66 28 77 81 97 53 34 54 60 40 55 52 86 68 24 76 39 95 32 73 97 21 72 73 20 33 27 102 71 75 68 17 54 25 52 52 49 64 57 23 41 25 67 57 61 58 31 102 96 71 26 55 49 53 32 96 66 57 84 48 27 54 101 51 64 53 45 0 
0 77 915 111 41 189 12 1628 10 12 14 82 21 1482 477 11 26 1012 0 186 2319 313 1917 27 736 43 552 29 42 0 118 1075 10 193 12 270 10 47 40 116 72 279 108 47 19 3000 7 633 9 3000 29 13 475 47 250 10 676 15 105 51 8 115 910 258 100 1199 22 100 16 22 373 77 1414 65 162 9 294 163 19 0 
77 0 0 21 0 30 664 0 0 113 0 9 182 692 85 200 17 0 0 1486 22 48 0 115 408 70 65 0 37 0 196 0 0 0 706 44 0 0 0 9 0 1004 0 59 19 0 0 861 0 51 253 0 0 8 0 1224 54 0 280 99 0 0 33 1155 0 333 649 0 18 32 0 98 0 501 0 515 293 0 0 0 
915 0 0 668 36 668 0 152 33 0 0 0 43 2223 0 796 0 788 0 101 0 0 397 25 0 0 176 3000 849 0 0 0 67 1365 0 317 0 509 0 0 7 15 167 20 583 274 40 0 22 81 3000 105 50 0 14 1435 0 0 0 36 0 322 2105 24 26 2845 0 438 144 0 671 0 160 0 422 8 0 131 358 0 
111 21 668 0 10 65 597 133 120 122 206 76 114 593 37 2085 1238 154 2633 315 11 314 27 261 96 3000 544 139 288 33 13 64 271 42 24 82 71 1372 223 199 3000 1292 30 26 33 235 597 160 59 8 109 3000 1516 3000 15 974 127 24 16 143 43 2819 33 409 118 248 119 749 2228 57 258 356 237 310 15 117 315 1113 26 0 
41 0 36 10 0 47 0 2498 3000 0 0 0 1011 23 0 98 12 22 0 218 0 0 143 14 0 3000 139 140 102 0 49 34 509 10 0 103 0 16 0 0 42 13 202 26 145 311 44 0 24 14 15 22 87 0 203 3000 0 0 0 117 0 19 114 145 42 3000 0 155 11 0 29 0 28 127 1367 13 0 35 9 0 
189 30 668 65 47 0 71 3000 17 32 9 649 226 40 1995 156 3000 23 126 311 532 53 38 38 61 139 31 219 254 10 80 655 182 8 153 423 1894 18 8 93 205 223 103 689 24 92 34 24 9 48 169 102 178 27 481 651 627 21 128 463 37 23 31 18 2309 95 9 55 20 54 21 388 128 147 292 204 886 204 72 3000 
12 664 0 597 0 71 0 0 3000 88 848 361 266 21 57 118 392 0 83 100 369 215 21 359 34 2670 241 0 65 24 26 78 0 0 31 805 0 360 0 50 416 111 1337 405 43 0 0 79 0 418 3000 0 22 11 0 30 121 79 2238 28 0 24 159 69 0 9 58 110 720 36 0 443 0 7 0 84 897 0 34 12 
1628 0 152 133 2498 3000 0 0 166 144 35 8 1118 894 0 37 155 221 0 325 0 0 623 97 0 173 162 97 543 0 58 63 73 124 0 78 0 38 7 15 8 838 547 320 65 209 27 0 397 19 25 36 1832 0 800 374 0 0 0 407 24 512 361 20 199 38 0 1311 57 18 543 0 28 28 411 278 8 75 15 0 
10 0 33 120 3000 17 3000 166 0 20 730 90 346 193 1217 89 237 0 25 25 0 0 73 0 0 18 66 0 41 275 0 8 120 805 0 11 271 38 44 372 1073 0 24 54 0 32 42 40 56 225 130 11 14 221 68 79 1202 477 3000 0 66 849 0 1377 396 14 0 388 2831 41 12 0 0 1017 7 52 0 17 44 20 
12 113 0 122 0 32 88 144 20 0 309 68 584 428 45 143 7 0 895 14 111 422 26 343 467 16 585 0 47 279 56 1127 182 0 8 2024 0 359 0 621 423 34 1272 12 334 0 191 27 0 216 24 0 14 74 0 18 76 49 1778 278 951 84 1038 2931 0 113 36 35 180 47 571 33 8 1125 0 851 482 8 34 14 
14 0 0 206 0 9 848 35 730 309 0 213 42 688 120 45 618 0 73 29 0 0 76 9 0 8 7 0 1185 85 464 58 148 531 29 17 66 300 35 3000 366 235 55 88 3000 97 285 29 34 78 16 292 34 10 12 138 211 165 185 168 68 16 77 23 1875 34 84 40 41 785 316 28 0 21 1380 162 19 63 24 742 
82 9 0 76 0 649 361 8 90 68 213 0 35 1654 10 2439 153 0 24 40 0 118 129 86 43 1068 73 0 234 510 430 53 712 1072 149 313 173 33 376 426 26 1413 48 207 87 3000 154 576 144 406 473 3000 117 108 0 141 167 21 548 1108 60 8 1038 633 456 3000 261 25 64 15 316 157 0 104 88 27 65 24 71 20 
21 182 43 114 1011 226 266 1118 346 584 42 35 0 217 1303 36 98 32 0 94 63 38 57 13 72 393 116 40 7 0 251 155 426 0 165 1691 0 19 0 1847 1497 226 244 20 186 971 135 215 0 1674 3000 20 119 39 18 379 65 11 33 27 0 40 693 11 219 25 22 2570 70 24 94 267 74 202 39 78 752 49 58 0 
1482 692 2223 593 23 40 21 894 193 428 688 1654 217 0 434 2147 20 0 16 12 16 1093 124 613 42 36 44 90 24 83 811 131 81 43 76 10 19 1124 29 280 110 1765 2032 241 9 14 23 796 76 61 214 20 219 770 34 232 1635 24 8 30 18 352 176 75 1883 211 67 10 318 258 10 188 399 1011 12 896 8 880 9 371 
477 85 0 37 0 1995 57 0 1217 45 120 10 1303 434 0 1528 282 0 287 133 13 35 25 0 9 436 28 0 629 50 857 30 0 0 11 654 70 114 0 96 1459 27 233 0 0 0 0 70 0 518 396 0 0 1949 0 198 129 111 7 0 770 64 17 2210 0 72 92 192 0 36 0 55 0 826 0 13 26 0 982 427 
11 200 796 2085 98 156 118 37 89 143 45 2439 36 2147 1528 0 199 80 0 83 377 9 422 323 50 17 91 17 407 377 834 25 21 0 19 269 0 174 0 11 1750 1328 139 1848 41 146 43 65 0 44 41 286 44 11 38 139 53 1337 1211 3000 0 70 765 188 283 51 94 12 59 38 125 50 19 144 7 509 49 17 3000 0 
26 17 0 1238 12 3000 392 155 237 7 618 153 98 20 282 199 0 0 139 55 8 317 92 8 437 16 91 0 1122 19 12 94 38 1226 17 104 149 17 3000 8 13 3000 89 2273 314 22 187 388 1010 19 85 12 27 110 2735 328 921 35 19 1176 513 142 10 406 9 353 143 1145 211 319 1121 14 236 794 176 52 565 81 1601 305 
1012 0 788 154 22 23 0 221 0 0 0 0 32 0 0 80 0 0 0 11 0 0 0 36 0 0 0 76 0 0 161 0 184 0 0 143 0 0 0 0 9 44 0 2522 296 77 93 0 0 0 26 10 11 0 18 0 0 0 0 24 0 77 535 0 84 47 0 1082 17 0 384 0 8 0 1202 0 0 260 0 0 
0 0 0 2633 0 126 83 0 25 895 73 24 0 16 287 0 139 0 0 0 0 0 119 0 0 10 56 0 78 24 0 118 0 0 81 406 220 10 0 178 0 0 37 0 0 0 0 258 0 12 0 0 0 27 0 42 111 11 128 0 295 0 0 60 0 0 8 86 0 369 0 713 0 81 0 2362 0 0 49 32 
186 1486 101 315 218 311 100 325 25 14 29 40 94 12 133 83 55 11 0 0 12 43 19 131 506 3000 3000 460 1350 1609 1433 9 311 0 299 138 0 166 0 14 7 225 188 242 532 3000 1186 2871 0 1112 32 88 25 29 48 15 977 2537 739 82 149 718 102 175 71 1067 26 136 412 104 8 17 11 3000 77 52 15 388 45 0 
2319 22 0 11 0 532 369 0 0 111 0 0 63 16 13 377 8 0 0 12 0 18 0 188 251 18 133 0 92 0 12 0 0 0 271 25 0 0 0 725 0 27 0 39 40 0 1689 1763 0 34 223 0 237 124 0 635 219 0 399 785 0 0 419 30 0 78 179 92 42 87 0 8 187 516 0 72 187 2008 0 0 
313 48 0 314 0 53 215 0 0 422 0 118 38 1093 35 9 317 0 0 43 18 0 0 450 78 16 2168 0 296 0 14 0 0 0 302 142 0 0 0 37 0 42 0 263 142 0 0 141 0 221 15 0 0 1533 0 57 875 0 129 311 0 0 8 13 0 56 34 122 20 95 0 23 0 642 0 172 35 0 0 0 
1917 0 397 27 143 38 21 623 73 26 76 129 57 124 25 422 92 0 119 19 0 0 0 23 0 2400 44 11 474 28 0 430 60 159 0 16 116 30 87 264 115 16 153 46 53 318 17 1436 324 417 1692 1745 23 39 29 197 173 45 26 0 65 25 992 372 9 13 0 155 17 232 1830 0 17 615 236 17 0 21 20 24 
27 115 25 261 14 38 359 97 0 343 9 86 13 613 0 323 8 36 0 131 188 450 23 0 516 430 32 58 124 0 407 825 8 0 10 115 0 99 0 78 9 161 0 89 83 162 16 42 0 640 210 154 333 2830 362 998 24 0 215 18 0 615 71 2002 35 320 24 259 10 25 40 63 21 96 19 7 14 273 415 0 
736 408 0 96 0 61 34 0 0 467 0 43 72 42 9 50 437 0 0 506 251 78 0 516 0 24 1059 0 343 0 108 0 0 0 29 15 0 0 0 44 0 336 0 405 904 0 0 1506 0 142 90 0 0 62 0 36 11 0 51 1440 0 0 223 210 0 26 104 111 17 31 0 37 111 13 0 97 65 0 0 0 
43 70 0 3000 3000 139 2670 173 18 16 8 1068 393 36 436 17 16 0 10 3000 18 16 2400 430 24 0 74 2313 86 2487 323 12 17 0 148 9 0 87 0 348 916 30 20 43 2316 0 26 886 0 271 96 0 361 809 1206 168 40 1352 42 407 0 24 224 148 0 1178 117 599 2581 25 109 138 1476 995 0 15 8 24 2163 0 
552 65 176 544 139 31 241 162 66 585 7 73 116 44 28 91 91 0 56 3000 133 2168 44 32 1059 74 0 56 10 1165 74 77 1991 74 10 238 107 1105 35 1139 35 811 171 27 667 10 38 786 13 1728 910 116 142 9 22 8 35 170 165 223 30 611 9 35 13 59 302 12 202 123 614 518 129 46 43 420 135 85 337 11 
29 0 3000 139 140 219 0 97 0 0 0 0 40 90 0 17 0 76 0 460 0 0 11 58 0 2313 56 0 8 0 143 0 47 0 0 159 0 858 0 0 62 247 0 32 7 64 8 0 180 488 3000 8 1481 0 101 1826 0 0 0 296 0 37 104 52 892 67 0 176 638 0 69 0 60 1214 287 116 0 137 3000 0 
42 37 849 288 102 254 65 543 41 47 1185 234 7 24 629 407 1122 0 78 1350 92 296 474 124 343 86 10 8 0 242 147 314 24 1025 267 342 33 449 42 21 21 553 11 49 109 8 255 308 106 415 275 2772 18 133 105 54 200 136 15 1000 311 73 13 8 22 72 2498 366 367 34 153 193 28 28 2193 571 19 8 592 21 
0 0 0 33 0 10 24 0 275 279 85 510 0 83 50 377 19 0 24 1609 0 0 28 0 0 2487 1165 0 242 0 13 218 0 0 69 8 3000 68 47 2397 314 83 39 0 0 0 0 913 0 766 0 0 0 22 0 95 23 22 27 0 29 11 0 487 0 0 611 58 0 1113 0 217 0 14 0 23 483 0 321 24 
118 196 0 13 49 80 26 58 0 56 464 430 251 811 857 834 12 161 0 1433 12 14 0 407 108 323 74 143 147 13 0 34 381 0 1261 186 0 2252 0 469 456 121 0 37 524 0 264 52 0 53 176 0 125 233 81 1902 1915 67 197 298 0 41 2846 262 0 58 189 66 104 374 69 129 540 10 0 144 371 1812 144 0 
1075 0 0 64 34 655 78 63 8 1127 58 53 155 131 30 25 94 0 118 9 0 0 430 825 0 12 77 0 314 218 34 0 32 2424 69 130 30 28 825 292 15 25 149 9 593 26 18 592 50 261 864 79 178 58 20 454 34 184 24 0 26 155 9 219 818 13 33 229 208 1853 346 827 0 46 292 55 913 306 67 16 
10 0 67 271 509 182 0 73 120 182 148 712 426 81 0 21 38 184 0 311 0 0 60 8 0 17 1991 47 24 0 381 32 0 69 0 8 49 222 218 9 9 39 1685 46 41 3000 3000 1502 63 162 45 429 32 1363 39 506 97 16 16 796 117 53 849 38 1952 967 0 68 125 549 112 0 17 31 896 67 0 157 546 0 
193 0 1365 42 10 8 0 124 805 0 531 1072 0 43 0 0 1226 0 0 0 0 0 159 0 0 0 74 0 1025 0 0 2424 69 0 0 0 20 34 71 82 3000 0 1284 97 0 345 218 0 223 25 19 11 18 0 404 711 0 10 0 0 1522 149 0 3000 470 15 0 179 0 0 20 0 0 0 372 60 0 407 21 0 
12 706 0 24 0 153 31 0 0 8 29 149 165 76 11 19 17 0 81 299 271 302 0 10 29 148 10 0 267 69 1261 69 0 0 0 105 0 30 0 193 46 3000 0 90 84 0 145 3000 0 57 23 0 33 39 0 77 36 20 23 434 0 1881 8 67 0 13 103 13 30 316 0 17 37 30 0 150 166 692 88 0 
270 44 317 82 103 423 805 78 11 2024 17 313 1691 10 654 269 104 143 406 138 25 142 16 115 15 9 238 159 342 8 186 130 8 0 105 0 0 390 0 9 783 222 3000 2806 3000 0 7 396 0 395 673 145 191 1266 52 29 3000 17 31 12 0 120 449 444 0 103 68 149 1127 105 49 183 436 8 0 91 69 143 8 0 
10 0 0 71 0 1894 0 0 271 0 66 173 0 19 70 0 149 0 220 0 0 0 116 0 0 0 107 0 33 3000 0 30 49 20 0 0 0 112 33 325 19 0 35 0 0 58 0 0 32 351 40 3000 347 28 167 1143 196 176 8 0 847 226 0 2884 14 42 0 13 0 14 240 0 0 0 96 27 0 0 8 17 
47 0 509 1372 16 18 360 38 38 359 300 33 19 1124 114 174 17 0 10 166 0 0 30 99 0 87 1105 858 449 68 2252 28 222 34 30 390 112 0 86 77 2716 1452 414 48 272 104 115 1697 143 406 42 159 55 131 343 148 1167 398 9 493 41 64 79 265 470 3000 324 24 35 31 719 26 2566 146 483 49 419 74 3000 24 
40 0 0 223 0 8 0 7 44 0 35 376 0 29 0 0 3000 0 0 0 0 0 87 0 0 0 35 0 42 47 0 825 218 71 0 0 33 86 0 107 69 0 118 0 0 10 164 0 10 174 439 84 718 0 3000 9 178 30 0 0 236 11 0 11 1034 0 0 177 0 28 2937 0 0 0 14 65 0 0 2288 254 
116 9 0 199 0 93 50 15 372 621 3000 426 1847 280 96 11 8 0 178 14 725 37 264 78 44 348 1139 0 21 2397 469 292 9 82 193 9 325 77 107 0 67 19 772 37 81 1667 216 92 1772 15 15 3000 26 406 14 1508 29 16 79 56 168 31 10 59 27 33 29 16 8 365 1057 201 0 1594 11 485 12 79 148 397 
72 0 7 3000 42 205 416 8 1073 423 366 26 1497 110 1459 1750 13 9 0 7 0 0 115 9 0 916 35 62 21 314 456 15 9 3000 46 783 19 2716 69 67 0 340 21 34 110 172 237 40 328 433 7 75 1383 903 20 141 3000 328 487 36 1375 18 155 722 1760 505 243 1498 1275 1516 221 1255 56 56 77 126 45 51 35 0 
279 1004 15 1292 13 223 111 838 0 34 235 1413 226 1765 27 1328 3000 44 0 225 27 42 16 161 336 30 811 247 553 83 121 25 39 0 3000 222 0 1452 0 19 340 0 0 28 60 0 39 3000 0 352 8 0 275 151 868 731 26 577 76 17 0 336 213 818 0 134 24 114 30 83 565 11 2365 166 0 26 225 828 7 0 
108 0 167 30 202 103 1337 547 24 1272 55 48 244 2032 233 139 89 0 37 188 0 0 153 0 0 20 171 0 11 39 0 149 1685 1284 0 3000 35 414 118 772 21 0 0 57 31 48 96 1164 138 121 492 687 508 18 654 61 27 44 117 0 20 47 0 2654 550 10 0 302 297 399 12 0 0 74 178 82 0 413 263 41 
47 59 20 26 26 689 405 320 54 12 88 207 20 241 0 1848 2273 2522 0 242 39 263 46 89 405 43 27 32 49 0 37 9 46 97 90 2806 0 48 0 37 34 28 57 0 40 233 302 15 27 218 18 26 2781 175 1338 1539 491 251 0 66 256 2012 1117 83 8 697 274 84 28 89 766 234 102 15 145 115 78 34 1968 0 
19 19 583 33 145 24 43 65 0 334 3000 87 186 9 0 41 314 296 0 532 40 142 53 83 904 2316 667 7 109 0 524 593 41 0 84 3000 0 272 0 81 110 60 31 40 0 95 64 79 0 23 12 7 15 31 16 2256 39 134 74 226 0 59 334 141 16 13 994 199 22 151 242 86 176 268 1392 93 97 48 1003 0 
3000 0 274 235 311 92 0 209 32 0 97 3000 971 14 0 146 22 77 0 3000 0 0 318 162 0 0 10 64 8 0 0 26 3000 345 0 0 58 104 10 1667 172 0 48 233 95 0 24 0 43 86 104 344 51 0 194 18 0 3000 0 0 186 121 0 437 55 193 0 202 270 0 665 0 406 0 433 121 0 1194 12 0 
7 0 40 597 44 34 0 27 42 191 285 154 135 23 0 43 187 93 0 1186 1689 0 17 16 0 26 38 8 255 0 264 18 3000 218 145 7 0 115 164 216 237 39 96 302 64 24 0 0 82 3000 399 40 109 0 1594 96 7 0 0 41 167 34 1419 3000 124 150 0 15 121 483 624 0 52 75 36 41 59 367 208 0 
633 861 0 160 0 24 79 0 40 27 29 576 215 796 70 65 388 0 258 2871 1763 141 1436 42 1506 886 786 0 308 913 52 592 1502 0 3000 396 0 1697 0 92 40 3000 1164 15 79 0 0 0 0 13 3000 0 46 3000 0 142 13 20 238 1786 86 62 297 1045 0 47 311 33 690 54 0 15 0 100 0 61 346 0 46 14 
9 0 22 59 24 9 0 397 56 0 34 144 0 76 0 0 1010 0 0 0 0 0 324 0 0 0 13 180 106 0 0 50 63 223 0 0 32 143 10 1772 328 0 138 27 0 43 82 0 0 1352 369 3000 27 0 173 962 0 40 0 0 78 12 0 83 214 25 0 83 65 0 22 0 2762 0 589 318 0 15 167 0 
3000 51 81 8 14 48 418 19 225 216 78 406 1674 61 518 44 19 0 12 1112 34 221 417 640 142 271 1728 488 415 766 53 261 162 25 57 395 351 406 174 15 433 352 121 218 23 86 3000 13 1352 0 25 75 19 86 103 93 339 43 349 641 235 14 69 11 73 626 12 1099 160 559 8 98 58 182 55 44 30 84 1793 8 
29 253 3000 109 15 169 3000 25 130 24 16 473 3000 214 396 41 85 26 0 32 223 15 1692 210 90 96 910 3000 275 0 176 864 45 19 23 673 40 42 439 15 7 8 492 18 12 104 399 3000 369 25 0 18 444 8 42 1059 284 8 43 27 894 1764 304 19 33 19 28 61 18 892 335 24 53 2630 93 9 1248 445 95 0 
13 0 105 3000 22 102 0 36 11 0 292 3000 20 20 0 286 12 10 0 88 0 0 1745 154 0 0 116 8 2772 0 0 79 429 11 0 145 3000 159 84 3000 75 0 687 26 7 344 40 0 3000 75 18 0 241 0 2234 18 55 15 0 0 97 48 0 66 109 149 0 7 909 56 101 0 631 160 25 167 0 156 410 0 
475 0 50 1516 87 178 22 1832 14 14 34 117 119 219 0 44 27 11 0 25 237 0 23 333 0 361 142 1481 18 0 125 178 32 18 33 191 347 55 718 26 1383 275 508 2781 15 51 109 46 27 19 444 241 0 153 18 369 20 461 566 84 798 83 128 102 672 100 675 104 387 7 1834 292 105 300 893 91 62 29 60 0 
47 8 0 3000 0 27 11 0 221 74 10 108 39 770 1949 11 110 0 27 29 124 1533 39 2830 62 809 9 0 133 22 233 58 1363 0 39 1266 28 131 0 406 903 151 18 175 31 0 0 3000 0 86 8 0 153 0 0 9 10 1113 92 696 14 132 24 162 0 174 81 77 0 15 12 108 0 2197 0 11 140 0 33 216 
250 0 14 15 203 481 0 800 68 0 12 0 18 34 0 38 2735 18 0 48 0 0 29 362 0 1206 22 101 105 0 81 20 39 404 0 52 167 343 3000 14 20 868 654 1338 16 194 1594 0 173 103 42 2234 18 0 0 201 0 0 0 263 82 195 1400 59 1563 1401 0 78 20 0 863 0 8 230 84 226 0 3000 153 0 
10 1224 1435 974 3000 651 30 374 79 18 138 141 379 232 198 139 328 0 42 15 635 57 197 998 36 168 8 1826 54 95 1902 454 506 711 77 29 1143 148 9 1508 141 731 61 1539 2256 18 96 142 962 93 1059 18 369 9 201 0 10 79 52 150 10 55 77 348 145 665 93 299 1498 1291 66 227 67 2473 115 61 152 13 464 98 
676 54 0 127 0 627 121 0 1202 76 211 167 65 1635 129 53 921 0 111 977 219 875 173 24 11 40 35 0 200 23 1915 34 97 0 36 3000 196 1167 178 29 3000 26 27 491 39 0 7 13 0 339 284 55 20 10 0 10 0 77 107 57 533 21 36 22 0 11 1883 79 852 1181 95 118 0 100 82 15 2886 0 68 57 
15 0 0 24 0 21 79 0 477 49 165 21 11 24 111 1337 35 0 11 2537 0 0 45 0 0 1352 170 0 136 22 67 184 16 10 20 17 176 398 30 16 328 577 44 251 134 3000 0 20 40 43 8 15 461 1113 0 79 77 0 11 0 1035 65 24 19 381 784 94 35 0 331 188 21 0 383 1069 13 15 0 11 498 
105 280 0 16 0 128 2238 0 3000 1778 185 548 33 8 7 1211 19 0 128 739 399 129 26 215 51 42 165 0 15 27 197 24 16 0 23 31 8 9 0 79 487 76 117 0 74 0 0 238 0 349 43 0 566 92 0 52 107 11 0 14 25 205 114 89 0 2272 39 31 0 111 0 56 0 39 0 445 233 0 134 448 
51 99 36 143 117 463 28 407 0 278 168 1108 27 30 0 3000 1176 24 0 82 785 311 0 18 1440 407 223 296 1000 0 298 0 796 0 434 12 0 493 0 56 36 17 0 66 226 0 41 1786 0 641 27 0 84 696 263 150 57 0 14 0 0 3000 47 344 0 64 3000 53 169 141 154 89 463 325 0 55 90 58 27 0 
8 0 0 43 0 37 0 24 66 951 68 60 0 18 770 0 513 0 295 149 0 0 65 0 0 0 30 0 311 29 0 26 117 1522 0 0 847 41 236 168 1375 0 20 256 0 186 167 86 78 235 894 97 798 14 82 10 533 1035 25 0 0 85 0 121 472 184 0 699 0 51 203 0 0 756 752 2389 0 0 145 1946 
115 0 322 2819 19 23 24 512 849 84 16 8 40 352 64 70 142 77 0 718 0 0 25 615 0 24 611 37 73 11 41 155 53 149 1881 120 226 64 11 31 18 336 47 2012 59 121 34 62 12 14 1764 48 83 132 195 55 21 65 205 3000 85 0 65 3000 562 717 572 89 1643 109 90 88 73 555 36 210 7 26 125 0 
910 33 2105 33 114 31 159 361 0 1038 77 1038 693 176 17 765 10 535 0 102 419 8 992 71 223 224 9 104 13 0 2846 9 849 0 8 449 0 79 0 10 155 213 0 1117 334 0 1419 297 0 69 304 0 128 24 1400 77 36 24 114 47 0 65 0 2866 0 57 1828 398 177 89 12 17 1125 468 0 261 122 28 21 0 
258 1155 24 409 145 18 69 20 1377 2931 23 633 11 75 2210 188 406 0 60 175 30 13 372 2002 210 148 35 52 8 487 262 219 38 3000 67 444 2884 265 11 59 722 818 2654 83 141 437 3000 1045 83 11 19 66 102 162 59 348 22 19 89 344 121 3000 2866 0 171 375 402 201 20 327 50 502 600 48 994 16 223 16 91 36 
100 0 26 118 42 2309 0 199 396 0 1875 456 219 1883 0 283 9 84 0 71 0 0 9 35 0 0 13 892 22 0 0 818 1952 470 0 0 14 470 1034 27 1760 0 550 8 16 55 124 0 214 73 33 109 672 0 1563 145 0 381 0 0 472 562 0 171 0 12 0 110 253 0 11 0 134 126 9 244 0 874 3000 0 
1199 333 2845 248 3000 95 9 38 14 113 34 3000 25 211 72 51 353 47 0 1067 78 56 13 320 26 1178 59 67 72 0 58 13 967 15 13 103 42 3000 0 33 505 134 10 697 13 193 150 47 25 626 19 149 100 174 1401 665 11 784 2272 64 184 717 57 375 12 0 72 40 97 19 92 175 14 52 239 7 11 46 34 0 
22 649 0 119 0 9 58 0 0 36 84 261 22 67 92 94 143 0 8 26 179 34 0 24 104 117 302 0 2498 611 189 33 0 0 103 68 0 324 0 29 243 24 0 274 994 0 0 311 0 12 28 0 675 81 0 93 1883 94 39 3000 0 572 1828 402 0 72 0 28 112 68 0 57 0 190 0 17 1075 0 25 524 
100 0 438 749 155 55 110 1311 388 35 40 25 2570 10 192 12 1145 1082 86 136 92 122 155 259 111 599 12 176 366 58 66 229 68 179 13 149 13 24 177 16 1498 114 302 84 199 202 15 33 83 1099 61 7 104 77 78 299 79 35 31 53 699 89 398 201 110 40 28 0 343 631 506 57 18 8 13 186 8 22 803 11 
16 18 144 2228 11 20 720 57 2831 180 41 64 70 318 0 59 211 17 0 412 42 20 17 10 17 2581 202 638 367 0 104 208 125 0 30 1127 0 35 0 8 1275 30 297 28 22 270 121 690 65 160 18 909 387 0 20 1498 852 0 0 169 0 1643 177 20 253 97 112 343 0 342 200 314 1799 163 28 342 37 11 280 0 
22 32 0 57 0 54 36 18 41 47 785 15 24 258 36 38 319 0 369 104 87 95 232 25 31 25 123 0 34 1113 374 1853 549 0 316 105 14 31 28 365 1516 83 399 89 151 0 483 54 0 559 892 56 7 15 0 1291 1181 331 111 141 51 109 89 327 0 19 68 631 342 0 13 142 0 12 23 17 103 0 72 273 
373 0 671 258 29 21 0 543 12 571 316 316 94 10 0 125 1121 384 0 8 0 0 1830 40 0 109 614 69 153 0 69 346 112 20 0 49 240 719 2937 1057 221 565 12 766 242 665 624 0 22 8 335 101 1834 12 863 66 95 188 0 154 203 90 12 50 11 92 0 506 200 13 0 0 1224 1722 12 414 0 89 780 0 
77 98 0 356 0 388 443 0 0 33 28 157 267 188 55 50 14 0 713 17 8 23 0 63 37 138 518 0 193 217 129 827 0 0 17 183 0 26 0 201 1255 11 0 234 86 0 0 15 0 98 24 0 292 108 0 227 118 21 56 89 0 88 17 502 0 175 57 57 314 142 0 0 0 30 0 26 1493 0 149 309 
1414 0 160 237 28 128 0 28 0 8 0 0 74 399 0 19 236 8 0 11 187 0 17 21 111 1476 129 60 28 0 540 0 17 0 37 436 0 2566 0 0 56 2365 0 102 176 406 52 0 2762 58 53 631 105 0 8 67 0 0 0 463 0 73 1125 600 134 14 0 18 1799 0 1224 0 0 93 2305 91 94 10 32 0 
65 501 0 310 127 147 7 28 1017 1125 21 104 202 1011 826 144 794 0 81 3000 516 642 615 96 13 995 46 1214 28 14 10 46 31 0 30 8 0 146 0 1594 56 166 74 15 268 0 75 100 0 182 2630 160 300 2197 230 2473 100 383 39 325 756 555 468 48 126 52 190 8 163 12 1722 30 93 0 26 17 31 405 728 70 
162 0 422 15 1367 292 0 411 7 0 1380 88 39 12 0 7 176 1202 0 77 0 0 236 19 0 0 43 287 2193 0 0 292 896 372 0 0 96 483 14 11 77 0 178 145 1392 433 36 0 589 55 93 25 893 0 84 115 82 1069 0 0 752 36 0 994 9 239 0 13 28 23 12 0 2305 26 0 340 0 794 85 0 
9 515 8 117 13 204 84 278 52 851 162 27 78 896 13 509 52 0 2362 52 72 172 17 7 97 15 420 116 571 23 144 55 67 60 150 91 27 49 65 485 126 26 82 115 93 121 41 61 318 44 9 167 91 11 226 61 15 13 445 55 2389 210 261 16 244 7 17 186 342 17 414 26 91 17 340 0 41 3000 133 82 
294 293 0 315 0 886 897 8 0 482 19 65 752 8 26 49 565 0 0 15 187 35 0 14 65 8 135 0 19 483 371 913 0 0 166 69 0 419 0 12 45 225 0 78 97 0 59 346 0 30 1248 0 62 140 0 152 2886 15 233 90 0 7 122 223 0 11 1075 8 37 103 0 1493 94 31 0 41 0 267 575 0 
163 0 131 1113 35 204 0 75 17 8 63 24 49 880 0 17 81 260 0 388 2008 0 21 273 0 24 85 137 8 0 1812 306 157 407 692 143 0 74 0 79 51 828 413 34 48 1194 367 0 15 84 445 156 29 0 3000 13 0 0 0 58 0 26 28 16 874 46 0 22 11 0 89 0 10 405 794 3000 267 0 253 0 
19 0 358 26 9 72 34 15 44 34 24 71 58 9 982 3000 1601 0 49 45 0 0 20 415 0 2163 337 3000 592 321 144 67 546 21 88 8 8 3000 2288 148 35 7 263 1968 1003 12 208 46 167 1793 95 410 60 33 153 464 68 11 134 27 145 125 21 91 3000 34 25 803 280 72 780 149 32 728 85 133 575 253 0 29 
