80
0 59 20 63 77 76 77 26 15 34 55 82 28 106 13 8 25 71 82 98 66 63 99 79 39 86 36 61 28 57 80 49 16 71 72 97 78 72 21 73 77 103 66 74 61 19 45 72 83 34 98 48 26 48 73 72 61 78 11 72 64 62 92 44 57 35 65 63 48 24 90 90 95 42 82 62 72 12 22 87 
59 0 41 20 63 59 100 40 62 54 46 42 80 74 49 65 79 85 32 62 48 17 72 94 79 41 26 12 35 78 70 16 44 95 22 61 69 15 41 22 28 64 13 93 89 77 18 14 97 67 75 11 50 87 42 39 46 77 67 28 13 16 65 86 60 29 27 80 23 36 63 46 63 16 66 41 35 69 40 101 
20 41 0 42 75 73 89 23 31 39 51 71 47 99 8 25 45 78 68 90 61 43 94 87 54 74 24 45 8 66 80 35 4 82 57 89 78 55 18 58 63 94 50 84 73 40 32 55 92 46 94 31 31 64 65 63 57 81 26 59 44 42 87 60 59 15 53 71 28 5 85 78 88 25 80 56 61 29 17 95 
63 20 42 0 84 79 117 52 70 68 64 61 88 93 51 67 86 103 49 81 68 3 92 112 91 59 38 32 35 94 90 34 47 112 40 81 89 30 50 40 47 83 32 111 104 82 35 29 116 80 96 26 62 100 62 60 66 97 68 48 8 4 85 98 78 28 48 97 15 39 83 64 83 27 87 61 55 70 49 119 
77 63 75 84 0 5 53 54 67 45 24 34 76 34 77 85 79 37 49 33 16 81 24 42 62 42 54 52 76 41 6 51 75 52 49 32 6 61 59 50 47 39 55 46 52 84 51 62 44 53 21 60 51 63 25 27 19 18 88 40 77 80 20 67 23 76 37 37 80 72 19 41 27 62 5 23 32 89 59 47 
76 59 73 79 5 0 57 52 66 44 22 30 76 33 75 83 79 41 45 30 12 76 24 46 62 37 51 48 73 44 11 47 73 55 45 29 11 56 57 46 42 36 50 50 55 84 48 57 48 53 22 56 50 65 20 22 16 23 86 36 73 75 18 68 23 72 33 40 77 69 17 37 24 58 8 19 28 88 57 51 
77 100 89 117 53 57 0 68 62 50 56 85 58 85 85 82 62 17 98 86 60 115 74 13 40 93 79 92 93 23 49 84 86 7 95 85 48 104 72 96 94 92 97 7 16 71 83 105 14 43 67 91 58 33 75 76 59 36 85 87 113 114 72 38 42 97 81 21 107 88 71 93 80 90 55 65 80 85 73 15 
26 40 23 52 54 52 68 0 23 18 30 56 40 81 24 33 40 56 58 73 41 51 74 65 39 61 15 39 26 45 57 27 22 62 49 71 56 51 5 50 53 77 44 62 54 40 23 51 70 28 73 29 11 48 48 46 36 58 36 47 50 49 67 46 36 29 40 49 40 21 65 65 70 26 58 37 46 38 6 73 
15 62 31 70 67 66 62 23 0 22 46 77 18 98 25 20 17 56 81 91 58 70 90 64 25 82 37 61 38 42 69 49 27 56 71 90 67 74 21 72 75 97 67 59 46 18 46 74 68 20 88 51 17 34 67 67 53 66 23 69 70 69 84 30 45 44 61 49 57 33 82 86 88 46 72 55 67 24 22 72 
34 54 39 68 45 44 50 18 22 0 25 58 34 77 38 41 36 39 64 70 36 67 68 48 26 64 30 49 43 28 47 39 37 44 57 69 45 62 22 58 59 76 55 45 36 40 36 63 53 13 66 44 8 33 47 47 31 45 44 52 65 65 62 33 23 47 45 32 57 38 60 67 66 41 50 35 49 45 23 56 
55 46 51 64 24 22 56 30 46 25 0 35 58 52 54 62 60 40 44 46 12 62 44 49 47 41 31 36 52 36 28 31 51 52 39 44 27 48 35 40 39 51 41 49 48 64 30 49 52 36 43 39 29 52 23 23 7 33 65 32 59 61 38 54 14 53 25 36 59 48 36 44 42 40 28 11 26 67 36 56 
82 42 71 61 34 30 85 56 77 58 35 0 92 32 77 90 93 69 16 20 26 58 31 75 82 8 48 30 68 69 40 37 73 83 21 19 40 33 61 21 16 23 30 78 81 95 40 34 77 71 37 44 60 87 11 11 29 52 92 14 53 57 26 88 46 65 18 66 64 66 24 9 21 49 34 23 10 94 60 80 
28 80 47 88 76 76 58 40 18 34 58 92 0 110 40 29 4 56 97 104 70 87 100 63 18 97 54 78 54 43 77 67 43 51 88 103 75 91 39 89 91 110 84 56 41 14 63 91 67 23 97 69 32 25 81 81 65 71 31 85 88 86 95 19 54 61 77 49 74 50 93 101 99 64 81 69 82 30 40 70 
106 74 99 93 34 33 85 81 98 77 52 32 110 0 104 114 112 70 45 12 41 90 11 73 96 35 76 62 97 76 37 67 100 85 53 13 38 64 86 53 47 13 61 78 86 116 69 65 73 86 18 75 82 98 35 37 46 49 117 45 85 89 15 101 57 95 48 71 96 95 17 30 12 79 31 44 40 119 86 75 
13 49 8 51 77 75 85 24 25 38 54 77 40 104 0 17 37 77 75 94 64 51 97 85 49 80 29 52 16 64 81 41 4 79 64 93 79 63 18 65 70 99 57 81 70 32 38 62 90 42 97 38 29 59 69 68 59 81 18 65 53 50 90 55 59 23 59 69 36 13 88 84 92 33 82 60 66 20 18 93 
8 65 25 67 85 83 82 33 20 41 62 90 29 114 17 0 25 76 90 106 73 67 107 84 43 93 43 68 32 63 88 56 21 75 79 105 86 78 29 80 84 111 73 79 66 17 52 78 89 40 105 54 34 52 81 80 68 85 3 79 69 67 100 47 64 39 72 69 52 30 98 98 103 49 90 70 79 5 29 92 
25 79 45 86 79 79 62 40 17 36 60 93 4 112 37 25 0 60 97 106 72 86 103 67 23 99 54 78 52 46 80 66 41 55 88 105 78 91 38 89 92 111 84 60 46 9 63 91 71 26 100 68 33 29 83 82 67 74 27 86 87 85 97 24 56 59 78 53 72 48 95 102 102 63 84 71 83 26 39 74 
71 85 78 103 37 41 17 56 56 39 40 69 56 70 77 76 60 0 82 70 44 101 59 9 38 76 66 76 82 14 33 70 76 15 79 69 32 88 61 80 78 76 81 9 18 68 68 89 13 37 53 77 48 34 58 59 43 21 79 71 98 99 56 40 26 85 65 8 95 77 56 77 64 77 40 49 64 80 62 17 
82 32 68 49 49 45 98 58 81 64 44 16 97 45 75 90 97 82 0 34 38 46 47 89 90 11 46 23 64 80 55 34 71 95 11 33 55 19 62 10 6 34 19 91 92 98 37 21 91 78 53 38 65 96 24 23 40 67 92 12 41 45 42 96 57 59 20 79 55 63 40 15 36 44 50 33 18 94 61 95 
98 62 90 81 33 30 86 73 91 70 46 20 104 12 94 106 106 70 34 0 34 78 15 74 91 23 66 51 87 74 37 57 91 85 41 1 38 52 77 41 35 6 50 79 85 109 59 53 75 81 23 64 74 95 25 27 39 50 109 34 73 77 14 97 53 85 37 70 84 85 14 19 6 69 30 36 29 110 77 78 
66 48 61 68 16 12 60 41 58 36 12 26 70 41 64 73 72 44 38 34 0 65 33 51 58 33 39 37 61 43 22 35 61 57 36 33 21 46 46 37 34 40 40 53 55 75 35 47 54 47 33 44 41 62 14 15 5 31 76 27 61 64 27 64 20 60 22 41 64 57 25 34 30 46 20 7 20 78 46 57 
63 17 43 3 81 76 115 51 70 67 62 58 87 90 51 67 86 101 46 78 65 0 89 109 90 56 37 29 35 92 87 31 47 110 37 77 86 27 49 37 43 79 29 108 103 82 33 26 113 79 93 23 61 98 59 56 63 94 68 45 5 1 82 96 75 28 45 95 16 38 80 61 79 25 84 58 52 71 48 117 
99 72 94 92 24 24 74 74 90 68 44 31 100 11 97 107 103 59 47 15 33 89 0 62 86 36 70 60 92 65 26 63 94 74 52 15 28 64 79 52 47 20 60 68 76 107 65 65 63 77 8 71 74 88 31 33 38 38 110 44 84 88 7 91 47 91 45 60 92 89 9 33 10 75 20 38 37 111 79 65 
79 94 87 112 42 46 13 65 64 48 49 75 63 73 85 84 67 9 89 74 51 109 62 0 44 83 75 85 91 22 37 78 85 15 86 73 36 96 70 87 85 80 89 8 22 75 77 97 4 45 55 86 57 40 65 66 50 24 87 78 107 108 60 45 34 94 72 16 103 86 60 83 68 86 44 56 71 88 71 8 
39 79 54 91 62 62 40 39 25 26 47 82 18 96 49 43 23 38 90 91 58 90 86 44 0 89 54 75 61 24 61 64 51 33 82 90 59 88 41 84 84 98 80 38 23 31 61 88 48 12 82 68 29 9 71 71 54 53 46 78 89 88 81 7 39 66 70 31 78 55 79 91 86 65 66 59 73 45 42 51 
86 41 74 59 42 37 93 61 82 64 41 8 97 35 80 93 99 76 11 23 33 56 36 83 89 0 51 30 70 76 48 39 76 90 19 22 48 29 65 19 13 24 28 86 88 100 42 31 85 77 43 45 66 94 19 18 36 60 96 15 51 55 32 95 53 66 21 74 64 69 30 5 26 50 42 30 16 98 64 88 
36 26 24 38 54 51 79 15 37 30 31 48 54 76 29 43 54 66 46 66 39 37 70 75 54 51 0 25 22 56 59 13 25 73 36 65 58 37 16 37 41 70 30 73 66 53 9 37 79 42 71 15 25 62 41 39 35 63 46 36 36 35 63 61 42 22 30 59 29 19 61 55 64 12 58 33 37 48 15 82 
61 12 45 32 52 48 92 39 61 49 36 30 78 62 52 68 78 76 23 51 37 29 60 85 75 30 25 0 40 71 58 12 48 87 12 50 57 13 41 13 18 53 6 85 82 78 15 14 88 63 64 15 47 82 30 27 35 67 70 17 25 28 53 82 51 36 15 71 34 40 51 35 51 21 55 30 23 72 40 92 
28 35 8 35 76 73 93 26 38 43 52 68 54 97 16 32 52 82 64 87 61 35 92 91 61 70 22 40 0 71 80 31 12 87 53 86 79 49 22 54 58 91 45 88 78 47 28 49 95 51 93 26 35 70 63 61 56 83 33 55 37 34 85 67 61 7 50 75 20 5 83 75 86 20 80 55 58 36 20 99 
57 78 66 94 41 44 23 45 42 28 36 69 43 76 64 63 46 14 80 74 43 92 65 22 24 76 56 71 71 0 39 62 64 17 75 72 38 83 49 76 75 80 76 17 12 54 60 84 26 23 60 69 36 23 57 58 40 30 66 68 90 91 61 27 23 74 61 7 85 65 60 77 68 68 45 46 62 66 50 30 
80 70 80 90 6 11 49 57 69 47 28 40 77 37 81 88 80 33 55 37 22 87 26 37 61 48 59 58 80 39 0 57 79 48 56 36 2 67 63 57 53 43 61 42 50 86 57 68 39 53 21 65 54 62 32 33 25 13 91 47 83 86 23 66 24 81 44 34 86 76 23 47 31 67 7 29 39 92 63 41 
49 16 35 34 51 47 84 27 49 39 31 37 67 67 41 56 66 70 34 57 35 31 63 78 64 39 13 12 31 62 57 0 37 79 23 56 56 24 29 24 28 60 17 78 73 66 4 25 82 52 66 9 36 72 33 31 32 63 58 25 28 30 57 71 44 28 19 64 30 30 54 44 56 12 55 28 28 60 28 86 
16 44 4 47 75 73 86 22 27 37 51 73 43 100 4 21 41 76 71 91 61 47 94 85 51 76 25 48 12 64 79 37 0 79 60 90 77 58 16 61 65 95 53 81 70 36 34 58 89 43 94 34 28 60 66 64 57 80 22 61 48 46 87 56 58 19 55 69 32 9 85 80 89 28 80 56 63 25 16 93 
71 95 82 112 52 55 7 62 56 44 52 83 51 85 79 75 55 15 95 85 57 110 74 15 33 90 73 87 87 17 48 79 79 0 91 84 47 100 65 92 91 91 92 7 10 64 77 101 18 37 68 86 52 26 72 73 55 36 78 84 108 108 71 32 38 91 77 17 102 82 70 91 79 85 55 62 77 78 67 20 
72 22 57 40 49 45 95 49 71 57 39 21 88 53 64 79 88 79 11 41 36 37 52 86 82 19 36 12 53 75 56 23 60 91 0 40 55 12 52 1 6 42 9 88 87 88 27 13 89 70 57 27 56 89 25 23 36 66 81 9 32 36 46 89 53 48 14 75 45 52 44 24 43 33 51 30 17 84 51 93 
97 61 89 81 32 29 85 71 90 69 44 19 103 13 93 105 105 69 33 1 33 77 15 73 90 22 65 50 86 72 36 56 90 84 40 0 37 51 76 40 34 7 49 78 84 108 58 53 74 80 23 63 73 93 24 25 38 49 107 33 72 76 14 96 51 84 36 68 83 84 14 18 6 68 29 35 28 109 76 77 
78 69 78 89 6 11 48 56 67 45 27 40 75 38 79 86 78 32 55 38 21 86 28 36 59 48 58 57 79 38 2 56 77 47 55 37 0 66 61 56 53 44 60 41 48 84 56 68 38 52 22 64 52 60 31 33 23 12 89 46 82 85 24 64 22 79 43 33 85 74 24 47 32 66 8 28 38 90 62 41 
72 15 55 30 61 56 104 51 74 62 48 33 91 64 63 78 91 88 19 52 46 27 64 96 88 29 37 13 49 83 67 24 58 100 12 51 66 0 53 11 17 53 8 97 95 90 28 1 99 76 69 24 60 95 36 34 46 77 80 21 22 26 58 95 62 44 24 83 37 50 56 34 54 30 63 40 29 83 52 103 
21 41 18 50 59 57 72 5 21 22 35 61 39 86 18 29 38 61 62 77 46 49 79 70 41 65 16 41 22 49 63 29 16 65 52 76 61 53 0 53 56 82 46 66 57 37 25 53 74 30 79 30 14 50 52 51 41 63 31 51 49 48 72 47 41 26 43 54 38 16 70 69 75 25 64 42 50 33 1 78 
73 22 58 40 50 46 96 50 72 58 40 21 89 53 65 80 89 80 10 41 37 37 52 87 84 19 37 13 54 76 57 24 61 92 1 40 56 11 53 0 6 42 9 89 88 89 28 13 90 72 58 28 57 90 25 23 37 67 82 10 32 36 47 90 54 49 15 76 45 53 45 24 43 34 52 31 18 85 52 94 
77 28 63 47 47 42 94 53 75 59 39 16 91 47 70 84 92 78 6 35 34 43 47 85 84 13 41 18 58 75 53 28 65 91 6 34 53 17 56 6 0 36 15 87 87 92 32 18 88 73 52 33 59 91 22 20 36 64 86 7 38 42 41 91 53 54 15 74 51 58 40 18 37 39 48 29 15 89 55 91 
103 64 94 83 39 36 92 77 97 76 51 23 110 13 99 111 111 76 34 6 40 79 20 80 98 24 70 53 91 80 43 60 95 91 42 7 44 53 82 42 36 0 51 85 91 115 63 54 81 87 28 67 80 101 30 31 45 56 113 36 75 79 20 103 59 88 41 76 87 89 21 19 12 72 37 41 33 115 82 84 
66 13 50 32 55 50 97 44 67 55 41 30 84 61 57 73 84 81 19 50 40 29 60 89 80 28 30 6 45 76 61 17 53 92 9 49 60 8 46 9 15 51 0 90 87 83 21 8 92 68 64 19 53 88 31 29 39 70 75 16 24 28 54 87 55 40 18 76 36 45 52 33 51 25 57 33 24 77 45 96 
74 93 84 111 46 50 7 62 59 45 49 78 56 78 81 79 60 9 91 79 53 108 68 8 38 86 73 85 88 17 42 78 81 7 88 78 41 97 66 89 87 85 90 0 15 69 76 98 11 39 61 85 53 32 67 68 52 29 82 80 106 107 65 38 35 92 74 14 101 83 65 86 73 84 49 58 73 82 67 14 
61 89 73 104 52 55 16 54 46 36 48 81 41 86 70 66 46 18 92 85 55 103 76 22 23 88 66 82 78 12 50 73 70 10 87 84 48 95 57 88 87 91 87 15 0 55 71 95 26 27 70 79 43 17 69 70 52 38 68 80 101 101 72 23 35 83 73 15 94 73 71 89 79 78 56 58 74 68 58 29 
19 77 40 82 84 84 71 40 18 40 64 95 14 116 32 17 9 68 98 109 75 82 107 75 31 100 53 78 47 54 86 66 36 64 88 108 84 90 37 89 92 115 83 69 55 0 62 90 79 33 105 66 35 39 85 84 70 81 18 87 83 81 101 33 62 54 79 61 67 44 100 104 105 61 89 73 85 17 38 83 
45 18 32 35 51 48 83 23 46 36 30 40 63 69 38 52 63 68 37 59 35 33 65 77 61 42 9 15 28 60 57 4 34 77 27 58 56 28 25 28 32 63 21 76 71 62 0 28 81 49 67 9 32 69 35 33 32 63 55 28 30 31 58 68 43 26 22 62 29 27 56 47 58 11 55 29 30 57 24 85 
72 14 55 29 62 57 105 51 74 63 49 34 91 65 62 78 91 89 21 53 47 26 65 97 88 31 37 14 49 84 68 25 58 101 13 53 68 1 53 13 18 54 8 98 95 90 28 0 100 76 70 24 60 96 38 35 47 78 80 22 21 25 59 95 63 43 25 84 36 49 58 36 55 30 64 41 30 83 52 104 
83 97 92 116 44 48 14 70 68 53 52 77 67 73 90 89 71 13 91 75 54 113 63 4 48 85 79 88 95 26 39 82 89 18 89 74 38 99 74 90 88 81 92 11 26 79 81 100 0 49 55 90 61 43 67 69 53 26 92 81 111 112 61 49 38 98 76 21 108 90 61 85 69 90 45 60 74 92 75 4 
34 67 46 80 53 53 43 28 20 13 36 71 23 86 42 40 26 37 78 81 47 79 77 45 12 77 42 63 51 23 53 52 43 37 70 80 52 76 30 72 73 87 68 39 27 33 49 76 49 0 73 56 18 20 60 59 43 48 43 66 78 77 71 19 30 56 58 29 68 46 70 80 76 53 57 47 62 43 32 52 
98 75 94 96 21 22 67 73 88 66 43 37 97 18 97 105 100 53 53 23 33 93 8 55 82 43 71 64 93 60 21 66 94 68 57 23 22 69 79 58 52 28 64 61 70 105 67 70 55 73 0 74 72 83 34 36 38 32 108 48 88 92 11 86 43 93 48 55 95 90 13 40 18 77 16 38 41 110 79 57 
48 11 31 26 60 56 91 29 51 44 39 44 69 75 38 54 68 77 38 64 44 23 71 86 68 45 15 15 26 69 65 9 34 86 27 63 64 24 30 28 33 67 19 85 79 66 9 24 90 56 74 0 39 76 41 39 41 72 56 31 22 22 65 75 52 21 27 71 21 26 63 50 64 6 63 37 35 59 28 94 
26 50 31 62 51 50 58 11 17 8 29 60 32 82 29 34 33 48 65 74 41 61 74 57 29 66 25 47 35 36 54 36 28 52 56 73 52 60 14 57 59 80 53 53 43 35 32 60 61 18 72 39 0 37 50 50 36 53 37 53 60 60 67 36 31 39 45 40 51 30 65 69 71 36 56 38 50 38 15 65 
48 87 64 100 63 65 33 48 34 33 52 87 25 98 59 52 29 34 96 95 62 98 88 40 9 94 62 82 70 23 62 72 60 26 89 93 60 95 50 90 91 101 88 32 17 39 69 96 43 20 83 76 37 0 76 76 58 53 54 84 98 97 83 6 42 75 76 29 87 65 82 96 89 73 67 64 79 54 51 46 
73 42 65 62 25 20 75 48 67 47 23 11 81 35 69 81 83 58 24 25 14 59 31 65 71 19 41 30 63 57 32 33 66 72 25 24 31 36 52 25 22 30 31 67 69 85 35 38 67 60 34 41 50 76 0 2 18 43 84 16 54 58 24 77 35 61 14 55 62 60 22 20 23 45 27 12 8 86 52 70 
72 39 63 60 27 22 76 46 67 47 23 11 81 37 68 80 82 59 23 27 15 56 33 66 71 18 39 27 61 58 33 31 64 73 23 25 33 34 51 23 20 31 29 68 70 84 33 35 69 59 36 39 50 76 2 0 18 44 82 13 52 55 26 77 35 59 12 56 60 58 24 20 25 43 29 12 5 84 51 72 
61 46 57 66 19 16 59 36 53 31 7 29 65 46 59 68 67 43 40 39 5 63 38 50 54 36 35 35 56 40 25 32 57 55 36 38 23 46 41 37 36 45 39 52 52 70 32 47 53 43 38 41 36 58 18 18 0 31 71 28 59 62 32 60 18 56 22 39 61 53 30 38 35 43 24 6 22 73 41 57 
78 77 81 97 18 23 36 58 66 45 33 52 71 49 81 85 74 21 67 50 31 94 38 24 53 60 63 67 83 30 13 63 80 36 66 49 12 77 63 67 64 56 70 29 38 81 63 78 26 48 32 72 53 53 43 44 31 0 88 57 91 93 36 57 22 84 53 24 91 78 35 59 44 73 20 37 50 89 64 28 
11 67 26 68 88 86 85 36 23 44 65 92 31 117 18 3 27 79 92 109 76 68 110 87 46 96 46 70 33 66 91 58 22 78 81 107 89 80 31 82 86 113 75 82 68 18 55 80 92 43 108 56 37 54 84 82 71 88 0 82 70 68 103 49 67 40 75 72 53 31 101 100 106 50 93 73 82 2 32 95 
72 28 59 48 40 36 87 47 69 52 32 14 85 45 65 79 86 71 12 34 27 45 44 78 78 15 36 17 55 68 47 25 61 84 9 33 46 21 51 10 7 36 16 80 80 87 28 22 81 66 48 31 53 84 16 13 28 57 82 0 40 44 38 84 46 52 8 67 50 54 36 19 35 36 42 22 8 84 50 85 
64 13 44 8 77 73 113 50 70 65 59 53 88 85 53 69 87 98 41 73 61 5 84 107 89 51 36 25 37 90 83 28 48 108 32 72 82 22 49 32 38 75 24 106 101 83 30 21 111 78 88 22 60 98 54 52 59 91 70 40 0 5 78 96 73 30 40 92 19 40 76 56 75 24 80 54 47 73 48 114 
62 16 42 4 80 75 114 49 69 65 61 57 86 89 50 67 85 99 45 77 64 1 88 108 88 55 35 28 34 91 86 30 46 108 36 76 85 26 48 36 42 79 28 107 101 81 31 25 112 77 92 22 60 97 58 55 62 93 68 44 5 0 81 95 74 27 43 93 15 38 79 60 78 24 83 57 51 70 47 116 
92 65 87 85 20 18 72 67 84 62 38 26 95 15 90 100 97 56 42 14 27 82 7 60 81 32 63 53 85 61 23 57 87 71 46 14 24 58 72 47 41 20 54 65 72 101 58 59 61 71 11 65 67 83 24 26 32 36 103 38 78 81 0 86 42 84 38 57 86 82 2 29 8 68 17 31 31 104 72 63 
44 86 60 98 67 68 38 46 30 33 54 88 19 101 55 47 24 40 96 97 64 96 91 45 7 95 61 82 67 27 66 71 56 32 89 96 64 95 47 90 91 103 87 38 23 33 68 95 49 19 86 75 36 6 77 77 60 57 49 84 96 95 86 0 45 72 77 34 85 62 85 97 92 72 71 65 80 49 49 51 
57 60 59 78 23 23 42 36 45 23 14 46 54 57 59 64 56 26 57 53 20 75 47 34 39 53 42 51 61 23 24 44 58 38 53 51 22 62 41 54 53 59 55 35 35 62 43 63 38 30 43 52 31 42 35 35 18 22 67 46 73 74 42 45 0 63 39 21 71 56 40 55 47 52 27 24 39 68 42 42 
35 29 15 28 76 72 97 29 44 47 53 65 61 95 23 39 59 85 59 85 60 28 91 94 66 66 22 36 7 74 81 28 19 91 48 84 79 44 26 49 54 88 40 92 83 54 26 43 98 56 93 21 39 75 61 59 56 84 40 52 30 27 84 72 63 0 47 78 13 11 82 71 84 16 80 54 56 43 25 102 
65 27 53 48 37 33 81 40 61 45 25 18 77 48 59 72 78 65 20 37 22 45 45 72 70 21 30 15 50 61 44 19 55 77 14 36 43 24 43 15 15 41 18 74 73 79 22 25 76 58 48 27 45 76 14 12 22 53 75 8 40 43 38 77 39 47 0 61 48 48 36 25 37 31 40 16 8 77 43 79 
63 80 71 97 37 40 21 49 49 32 36 66 49 71 69 69 53 8 79 70 41 95 60 16 31 74 59 71 75 7 34 64 69 17 75 68 33 83 54 76 74 76 76 14 15 61 62 84 21 29 55 71 40 29 55 56 39 24 72 67 92 93 57 34 21 78 61 0 88 70 56 75 64 70 40 45 60 72 55 24 
48 23 28 15 80 77 107 40 57 57 59 64 74 96 36 52 72 95 55 84 64 16 92 103 78 64 29 34 20 85 86 30 32 102 45 83 85 37 38 45 51 87 36 101 94 67 29 36 108 68 95 21 51 87 62 60 61 91 53 50 19 15 86 85 71 13 48 88 0 24 84 69 84 19 84 58 56 55 36 111 
24 36 5 39 72 69 88 21 33 38 48 66 50 95 13 30 48 77 63 85 57 38 89 86 55 69 19 40 5 65 76 30 9 82 52 84 74 50 16 53 58 89 45 83 73 44 27 49 90 46 90 26 30 65 60 58 53 78 31 54 40 38 82 62 56 11 48 70 24 0 80 73 83 20 76 52 56 33 15 94 
90 63 85 83 19 17 71 65 82 60 36 24 93 17 88 98 95 56 40 14 25 80 9 60 79 30 61 51 83 60 23 54 85 70 44 14 24 56 70 45 40 21 52 65 71 100 56 58 61 70 13 63 65 82 22 24 30 35 101 36 76 79 2 85 40 82 36 56 84 80 0 28 8 66 16 29 29 103 70 63 
90 46 78 64 41 37 93 65 86 67 44 9 101 30 84 98 102 77 15 19 34 61 33 83 91 5 55 35 75 77 47 44 80 91 24 18 47 34 69 24 18 19 33 86 89 104 47 36 85 80 40 50 69 96 20 20 38 59 100 19 56 60 29 97 55 71 25 75 69 73 28 0 22 55 40 32 19 102 68 88 
95 63 88 83 27 24 80 70 88 66 42 21 99 12 92 103 102 64 36 6 30 79 10 68 86 26 64 51 86 68 31 56 89 79 43 6 32 54 75 43 37 12 51 73 79 105 58 55 69 76 18 64 71 89 23 25 35 44 106 35 75 78 8 92 47 84 37 64 84 83 8 22 0 68 24 33 29 107 74 71 
42 16 25 27 62 58 90 26 46 41 40 49 64 79 33 49 63 77 44 69 46 25 75 86 65 50 12 21 20 68 67 12 28 85 33 68 66 30 25 34 39 72 25 84 78 61 11 30 90 53 77 6 36 73 45 43 43 73 50 36 24 24 68 72 52 16 31 70 19 20 66 55 68 0 66 40 40 53 24 93 
82 66 80 87 5 8 55 58 72 50 28 34 81 31 82 90 84 40 50 30 20 84 20 44 66 42 58 55 80 45 7 55 80 55 51 29 8 63 64 52 48 37 57 49 56 89 55 64 45 57 16 63 56 67 27 29 24 20 93 42 80 83 17 71 27 80 40 40 84 76 16 40 24 66 0 26 34 94 64 48 
62 41 56 61 23 19 65 37 55 35 11 23 69 44 60 70 71 49 33 36 7 58 38 56 59 30 33 30 55 46 29 28 56 62 30 35 28 40 42 31 29 41 33 58 58 73 29 41 60 47 38 37 38 64 12 12 6 37 73 22 54 57 31 65 24 54 16 45 58 52 29 32 33 40 26 0 15 75 42 63 
72 35 61 55 32 28 80 46 67 49 26 10 82 40 66 79 83 64 18 29 20 52 37 71 73 16 37 23 58 62 39 28 63 77 17 28 38 29 50 18 15 33 24 73 74 85 30 30 74 62 41 35 50 79 8 5 22 50 82 8 47 51 31 80 39 56 8 60 56 56 29 19 29 40 34 15 0 84 50 77 
12 69 29 70 89 88 85 38 24 45 67 94 30 119 20 5 26 80 94 110 78 71 111 88 45 98 48 72 36 66 92 60 25 78 84 109 90 83 33 85 89 115 77 82 68 17 57 83 92 43 110 59 38 54 86 84 73 89 2 84 73 70 104 49 68 43 77 72 55 33 103 102 107 53 94 75 84 0 34 95 
22 40 17 49 59 57 73 6 22 23 36 60 40 86 18 29 39 62 61 77 46 48 79 71 42 64 15 40 20 50 63 28 16 67 51 76 62 52 1 52 55 82 45 67 58 38 24 52 75 32 79 28 15 51 52 51 41 64 32 50 48 47 72 49 42 25 43 55 36 15 70 68 74 24 64 42 50 34 0 79 
87 101 95 119 47 51 15 73 72 56 56 80 70 75 93 92 74 17 95 78 57 117 65 8 51 88 82 92 99 30 41 86 93 20 93 77 41 103 78 94 91 84 96 14 29 83 85 104 4 52 57 94 65 46 70 72 57 28 95 85 114 116 63 51 42 102 79 24 111 94 63 88 71 93 48 63 77 95 79 0 
0 48 21 15 161 161 147 1497 69 10 12 437 338 794 200 677 227 15 59 0 67 736 433 1542 57 12 76 24 0 96 23 1896 67 447 2579 494 37 78 671 8 177 1098 2314 78 26 8 11 307 335 663 439 9 216 38 867 169 60 0 0 21 55 133 75 0 13 2432 0 24 20 72 21 47 133 119 356 0 73 22 85 47 
48 0 15 49 62 72 134 0 412 573 0 0 0 40 412 240 0 41 192 0 24 23 43 0 130 319 34 0 0 107 15 718 36 459 0 222 0 0 183 0 226 0 9 500 2426 22 104 186 0 10 231 547 1278 16 979 75 27 0 0 112 239 70 472 0 47 0 0 414 0 9 3000 7 24 11 0 0 0 0 349 26 
21 15 0 18 239 28 64 11 23 3000 16 0 693 441 674 81 26 98 35 0 0 54 370 846 511 130 59 0 0 288 370 2248 60 69 17 0 133 0 10 141 136 232 0 23 63 74 90 0 8 270 21 18 750 51 0 0 111 0 0 43 10 146 19 0 3000 0 0 815 0 0 12 523 158 0 8 0 21 153 50 22 
15 49 18 0 767 37 895 0 120 17 249 29 365 422 30 154 0 59 58 103 29 13 19 78 693 319 35 131 2191 348 33 170 173 396 0 23 2939 51 103 0 355 40 428 0 2387 36 46 111 17 36 139 15 84 270 52 997 1245 1370 97 99 18 77 309 193 83 823 416 22 31 3000 14 22 43 12 11 483 0 43 27 363 
161 62 239 767 0 2327 2503 0 149 149 10 56 0 74 66 157 0 2408 0 27 122 136 129 148 76 14 105 0 0 1852 191 0 41 179 0 437 0 64 11 0 13 0 313 0 318 27 1903 8 0 85 380 13 266 56 30 316 664 0 0 3000 2197 108 324 330 36 0 0 61 258 318 280 36 974 22 0 0 0 0 36 182 
161 72 28 37 2327 0 396 15 1020 17 97 678 2575 27 41 487 29 22 16 0 0 47 20 113 211 500 123 236 217 63 8 29 564 93 9 0 51 0 117 175 55 69 0 65 640 67 431 0 12 246 885 604 550 28 0 0 0 0 0 276 121 111 487 0 35 17 0 10 0 0 79 158 165 0 593 0 40 3000 412 14 
147 134 64 895 2503 396 0 0 8 689 78 113 213 147 16 318 0 37 3000 106 11 28 140 19 10 788 14 422 0 92 22 916 407 17 0 2031 772 631 8 0 996 1098 60 178 239 534 499 914 200 84 13 19 26 820 248 169 88 0 0 313 1055 1884 19 26 74 1158 0 66 29 53 8 126 22 281 18 0 23 590 26 151 
1497 0 11 0 0 15 0 0 0 2237 7 0 45 0 709 0 1609 369 292 0 0 10 153 16 0 259 47 57 119 199 32 228 3000 981 180 0 19 0 16 57 0 175 0 56 0 0 385 0 11 0 27 68 0 0 0 0 0 0 0 515 93 75 99 0 299 10 0 94 0 0 142 0 0 0 51 0 12 1313 0 0 
69 412 23 120 149 1020 8 0 0 25 60 140 716 29 609 454 41 13 54 978 41 250 546 408 33 409 30 1022 0 46 20 731 9 8 0 3000 62 201 48 0 115 605 1242 1615 666 1850 137 442 101 21 11 8 733 229 28 140 94 0 0 20 204 49 3000 22 397 559 0 123 180 107 50 16 259 474 9 0 116 110 214 93 
10 573 3000 17 149 17 689 2237 25 0 1647 422 78 199 46 686 2509 1051 56 0 0 614 224 23 433 32 215 802 0 431 280 30 44 211 1015 0 383 0 2857 2470 8 19 57 78 639 2020 17 0 8 297 3000 11 270 80 285 0 112 0 0 399 375 51 597 0 99 0 0 24 0 35 35 24 383 0 310 0 98 187 21 39 
12 0 16 249 10 97 78 7 60 1647 0 19 9 22 152 623 732 279 14 1855 54 192 3000 20 1104 299 325 27 8 75 259 60 1419 1458 46 36 223 125 11 66 21 8 110 9 791 13 225 7 356 191 1311 261 9 531 3000 63 233 11 14 52 100 431 1142 228 851 383 622 352 177 659 19 26 65 17 412 3000 28 1120 0 42 
437 0 0 29 56 678 113 0 140 422 19 0 12 1721 0 24 0 434 66 118 12 26 93 2222 668 9 2459 584 479 612 125 13 338 0 0 172 313 77 16 0 666 518 16 0 1916 21 252 114 362 63 0 221 1489 1407 156 215 140 678 25 53 303 1914 0 152 45 17 226 18 38 3000 67 129 1753 17 23 66 0 962 0 2176 
338 0 693 365 0 2575 213 45 716 78 9 12 0 85 3000 0 11 25 33 0 0 2506 21 27 26 30 22 59 39 117 294 95 775 70 31 0 91 60 89 13 485 863 0 405 9 166 1080 0 104 0 99 8 0 71 0 0 0 828 9 322 51 35 36 0 16 512 1692 16 0 0 129 17 398 0 32 23 717 172 0 40 
794 40 441 422 74 27 147 0 29 199 22 1721 85 0 80 62 37 826 32 37 163 334 12 45 40 2071 194 2750 0 294 136 248 570 138 0 210 53 469 283 248 20 2417 3000 9 285 13 92 189 21 601 61 3000 30 18 3000 13 1068 0 0 172 10 25 490 146 33 0 0 10 273 624 145 110 94 12 15 0 493 24 59 18 
200 412 674 30 66 41 16 709 609 46 152 0 3000 80 0 964 9 29 2331 0 0 84 3000 111 54 37 42 0 0 78 338 79 49 73 44 0 20 0 60 136 3000 408 19 2930 66 149 132 0 320 66 426 51 46 34 0 0 71 0 0 13 177 11 535 0 1670 0 0 184 0 0 3000 294 9 0 0 0 61 0 114 318 
677 240 81 154 157 487 318 0 454 686 623 24 0 62 964 0 0 14 70 60 324 8 21 55 593 1968 199 0 0 11 549 761 25 787 0 343 0 0 15 0 13 0 34 1061 1755 416 197 293 0 1390 26 85 16 25 11 17 29 0 0 53 21 133 2062 699 417 0 0 1731 16 10 15 109 52 7 0 0 0 0 951 103 
227 0 26 0 0 29 0 1609 41 2509 732 0 11 37 9 0 0 1778 220 0 0 330 102 65 0 89 81 227 10 91 279 56 23 226 900 0 642 0 91 28 242 37 0 35 0 101 76 0 1204 0 575 350 0 0 0 0 0 0 0 111 46 23 75 0 271 263 0 290 0 0 124 0 45 0 3000 0 33 363 0 1628 
15 41 98 59 2408 22 37 369 13 1051 279 434 25 826 29 14 1778 0 543 2544 10 275 65 143 84 171 342 7 275 11 9 15 3000 34 8 59 140 15 142 202 324 473 71 258 650 438 9 3000 732 23 39 104 774 86 58 16 124 1118 98 323 35 542 374 338 19 461 452 81 478 19 28 408 53 33 47 229 30 44 192 31 
59 192 35 58 0 16 3000 292 54 56 14 66 33 32 2331 70 220 543 0 0 0 31 31 281 84 52 669 132 9 54 49 335 20 51 44 0 123 0 1290 1185 23 17 0 554 0 27 86 0 28 0 3000 1899 0 139 0 0 0 0 0 28 204 28 145 0 12 41 0 168 0 0 410 81 724 0 2239 0 16 1298 2076 413 
0 0 0 103 27 0 106 0 978 0 1855 118 0 37 0 60 0 2544 0 0 8 0 0 409 147 0 0 0 0 0 13 0 0 0 0 195 0 490 706 0 49 0 377 0 23 293 1950 25 0 51 0 0 767 901 1503 1033 36 0 0 2550 120 0 0 50 0 0 0 0 1517 27 0 29 51 437 0 175 0 0 0 551 
67 24 0 29 122 0 11 0 41 0 54 12 0 163 0 324 0 10 0 8 0 18 44 453 9 1377 0 0 0 21 367 0 0 0 0 51 0 741 410 0 47 542 12 0 56 721 1734 228 0 88 0 403 606 16 66 1234 110 0 0 1098 14 29 0 12 0 0 0 0 90 284 1571 1251 716 1677 0 19 0 173 0 125 
736 23 54 13 136 47 28 10 250 614 192 26 2506 334 84 8 330 275 31 0 18 0 256 23 36 294 13 42 929 15 164 124 71 333 8 28 10 552 646 169 21 56 249 2142 209 119 38 3000 266 24 416 8 127 17 15 290 18 0 0 843 28 20 459 0 308 3000 0 89 402 276 709 103 82 2765 17 157 197 292 564 19 
433 43 370 19 129 20 140 153 546 224 3000 93 21 12 3000 21 102 65 31 0 44 256 0 971 28 13 3000 16 0 588 93 101 23 9 206 0 95 0 3000 611 77 1068 8 93 13 575 706 0 684 61 180 19 90 2075 175 0 293 0 0 77 451 24 578 0 51 1317 0 36 0 25 591 48 503 34 1166 0 8 1629 77 190 
1542 0 846 78 148 113 19 16 408 23 20 2222 27 45 111 55 65 143 281 409 453 23 971 0 86 63 28 3000 656 11 373 133 441 28 105 471 2419 42 448 8 26 1157 8 16 36 43 39 80 9 0 45 767 190 68 83 1282 91 133 1169 73 150 304 628 992 205 1150 275 14 162 762 9 87 2410 25 256 166 325 9 0 22 
57 130 511 693 76 211 10 0 33 433 1104 668 26 40 54 593 0 84 84 147 9 36 28 86 0 11 1333 0 0 67 1155 8 226 511 0 136 0 14 42 0 73 1626 113 0 2238 3000 49 195 0 621 66 41 192 92 601 30 141 0 0 439 3000 15 51 61 1995 1079 0 955 42 76 45 11 1272 243 0 250 0 32 105 3000 
12 319 130 319 14 500 788 259 409 32 299 9 30 2071 37 1968 89 171 52 0 1377 294 13 63 11 0 449 23 0 41 483 29 197 166 206 279 167 141 2295 14 133 59 193 184 168 866 1260 55 555 1602 326 81 47 530 3000 680 38 0 0 1204 112 28 392 0 190 215 0 9 0 130 3000 607 259 716 881 0 832 1911 50 487 
76 34 59 35 105 123 14 47 30 215 325 2459 22 194 42 199 81 342 669 0 0 13 3000 28 1333 449 0 53 59 43 18 25 760 198 289 0 19 881 73 1632 255 1716 169 245 170 15 16 0 970 3000 218 184 0 35 1159 0 0 10 404 1779 157 651 8 0 121 424 24 251 0 79 78 12 504 0 8 463 109 1219 0 757 
24 0 0 131 0 236 422 57 1022 802 27 584 59 2750 0 0 227 7 132 0 0 42 16 3000 0 23 53 0 81 8 806 57 10 194 356 0 427 64 27 724 57 380 0 346 28 593 378 0 11 0 0 1634 0 29 0 0 0 82 16 392 1400 243 0 0 14 92 602 2644 0 0 28 0 428 0 316 1316 16 3000 0 51 
0 0 0 2191 0 217 0 119 0 0 8 479 39 0 0 0 10 275 9 0 0 929 0 656 0 0 59 81 0 0 40 3000 763 0 1189 0 366 3000 231 359 0 695 0 98 0 1723 137 0 208 0 0 66 0 0 0 0 0 1336 20 113 3000 763 0 0 3000 105 268 0 47 0 0 0 0 0 440 29 8 134 0 0 
96 107 288 348 1852 63 92 199 46 431 75 612 117 294 78 11 91 11 54 0 21 15 588 11 67 41 43 8 0 0 97 116 64 980 115 0 14 0 39 285 3000 9 108 261 110 1088 369 0 25 346 352 353 497 780 324 0 477 0 0 18 44 232 2550 0 27 0 0 9 0 127 11 231 3000 56 1173 0 11 1671 501 210 
23 15 370 33 191 8 22 32 20 280 259 125 294 136 338 549 279 9 49 13 367 164 93 373 1155 483 18 806 40 97 0 361 26 2116 1940 92 21 18 341 218 46 71 1016 201 181 280 454 69 27 226 30 446 2176 680 197 7 286 33 25 106 27 154 500 10 3000 242 112 98 170 334 730 12 37 41 88 12 771 243 133 29 
1896 718 2248 170 0 29 916 228 731 30 60 13 95 248 79 761 56 15 335 0 0 124 101 133 8 29 25 57 3000 116 361 0 41 1513 115 0 3000 0 31 85 852 848 0 10 9 23 257 0 140 159 2182 508 0 302 0 0 0 0 0 11 23 203 8 0 23 879 0 50 0 0 3000 9 10 0 801 0 7 1055 75 1319 
67 36 60 173 41 564 407 3000 9 44 1419 338 775 570 49 25 23 3000 20 0 0 71 23 441 226 197 760 10 763 64 26 41 0 1173 379 0 40 19 298 379 556 25 15 214 319 1237 1001 0 50 216 1552 9 77 1221 1154 0 3000 153 75 31 20 12 64 0 169 62 31 797 0 492 28 109 67 0 488 555 3000 12 203 593 
447 459 69 396 179 93 17 981 8 211 1458 0 70 138 73 787 226 34 51 0 0 333 9 28 511 166 198 194 0 980 2116 1513 1173 0 40 0 10 0 12 823 43 118 0 15 55 71 40 0 402 22 244 196 116 961 0 0 3000 0 0 922 11 11 344 0 98 0 0 437 0 0 232 395 188 0 269 0 2842 124 167 173 
2579 0 17 0 0 9 0 180 0 1015 46 0 31 0 44 0 900 8 44 0 0 8 206 105 0 206 289 356 1189 115 1940 115 379 40 0 0 709 0 12 14 0 157 0 103 0 0 159 0 25 0 8 322 0 0 0 0 0 0 0 276 452 58 74 0 473 488 0 76 0 0 45 0 0 0 44 0 1711 449 0 0 
494 222 0 23 437 0 2031 0 3000 0 36 172 0 210 0 343 0 59 0 195 51 28 0 471 136 279 0 0 0 0 92 0 0 0 0 0 0 77 1051 0 126 0 464 0 575 868 1127 136 0 27 0 33 51 11 2382 118 265 0 0 10 1042 173 0 449 0 0 0 0 143 19 267 18 73 314 0 1338 0 0 0 64 
37 0 133 2939 0 51 772 19 62 383 223 313 91 53 20 0 642 140 123 0 0 10 95 2419 0 167 19 427 366 14 21 3000 40 10 709 0 0 0 303 180 564 24 0 401 0 131 18 0 7 0 1148 11 0 117 0 0 0 295 0 723 16 306 129 0 11 108 0 87 0 0 70 114 124 0 3000 16 1423 1208 0 134 
78 0 0 51 64 0 631 0 201 0 125 77 60 469 0 0 0 15 0 490 741 552 0 42 14 141 881 64 3000 0 18 0 19 0 0 77 0 0 9 0 2678 223 1107 0 648 47 1147 17 178 0 0 293 110 800 126 52 61 17 24 803 32 224 0 14 0 164 56 0 401 64 0 0 923 1263 1709 559 0 66 0 95 
671 183 10 103 11 117 8 16 48 2857 11 16 89 283 60 15 91 142 1290 706 410 646 3000 448 42 2295 73 27 231 39 341 31 298 12 12 1051 303 9 0 1469 20 621 148 70 44 21 35 70 2842 56 43 295 49 133 374 24 134 1401 464 72 31 2666 57 614 27 15 196 925 34 122 212 433 1024 240 27 2159 54 72 0 110 
8 0 141 0 0 175 0 57 0 2470 66 0 13 248 136 0 28 202 1185 0 0 169 611 8 0 14 1632 724 359 285 218 85 379 823 14 0 180 0 1469 0 0 23 0 300 0 0 395 0 1529 0 183 83 0 0 0 0 0 0 0 210 178 31 80 0 1031 22 0 248 0 0 593 0 11 0 507 0 21 368 0 33 
177 226 136 355 13 55 996 0 115 8 21 666 485 20 3000 13 242 324 23 49 47 21 77 26 73 133 255 57 0 3000 46 852 556 43 0 126 564 2678 20 0 0 63 38 92 692 36 23 259 125 517 138 156 9 1765 20 1679 193 0 0 107 20 33 33 954 28 163 0 3000 80 2000 172 771 89 12 523 3000 195 137 374 322 
1098 0 232 40 0 69 1098 175 605 19 8 518 863 2417 408 0 37 473 17 0 542 56 1068 1157 1626 59 1716 380 695 9 71 848 25 118 157 0 24 223 621 23 63 0 23 66 24 108 19 0 1631 0 472 40 0 12 213 0 0 3000 442 26 1437 45 342 0 24 8 1123 12 33 77 1437 414 26 0 169 29 303 45 0 557 
2314 9 0 428 313 0 60 0 1242 57 110 16 0 3000 19 34 0 71 0 377 12 249 8 8 113 193 169 0 0 108 1016 0 15 0 0 464 0 1107 148 0 38 23 0 0 39 37 192 250 0 83 8 58 56 165 38 3000 235 0 0 310 9 2260 218 1265 0 0 0 80 3000 2515 64 41 81 37 0 667 0 2038 42 64 
78 500 23 0 0 65 178 56 1615 78 9 0 405 9 2930 1061 35 258 554 0 0 2142 93 16 0 184 245 346 98 261 201 10 214 15 103 0 401 0 70 300 92 66 0 0 0 1443 836 0 693 0 11 132 0 900 0 0 0 0 0 94 210 700 26 0 13 42 0 195 0 0 1042 101 3000 0 761 0 342 437 66 968 
26 2426 63 2387 318 640 239 0 666 639 791 1916 9 285 66 1755 0 650 0 23 56 209 13 36 2238 168 170 28 0 110 181 9 319 55 0 575 0 648 44 0 692 24 39 0 0 130 84 362 0 12 137 73 93 90 1035 1264 1601 20 3000 118 124 97 88 332 14 17 344 53 16 13 286 222 143 11 0 16 0 321 141 15 
8 22 74 36 27 67 534 0 1850 2020 13 21 166 13 149 416 101 438 27 293 721 119 575 43 3000 866 15 593 1723 1088 280 23 1237 71 0 868 131 47 21 0 36 108 37 1443 130 0 132 8 19 57 2213 103 55 270 23 91 1538 55 9 47 25 939 330 441 56 14 649 19 2687 192 11 431 101 474 67 217 495 35 353 14 
11 104 90 46 1903 431 499 385 137 17 225 252 1080 92 132 197 76 9 86 1950 1734 38 706 39 49 1260 16 378 137 369 454 257 1001 40 159 1127 18 1147 35 395 23 19 192 836 84 132 0 341 57 346 32 2330 18 26 56 152 138 759 216 42 184 71 1208 70 9 32 33 13 1972 92 3000 63 1541 342 2121 119 153 449 381 17 
307 186 0 111 8 0 914 0 442 0 7 114 0 189 0 293 0 3000 0 25 228 3000 0 80 195 55 0 0 0 0 69 0 0 0 0 136 0 17 70 0 259 0 250 0 362 8 341 0 0 1258 0 268 15 281 107 187 488 0 0 290 48 104 0 632 0 0 0 0 13 892 0 1748 169 9 0 0 0 0 0 312 
335 0 8 17 0 12 200 11 101 8 356 362 104 21 320 0 1204 732 28 0 0 266 684 9 0 555 970 11 208 25 27 140 50 402 25 0 7 178 2842 1529 125 1631 0 693 0 19 57 0 0 0 12 3000 0 155 0 0 0 32 95 37 115 15 754 0 10 229 20 165 0 0 345 0 30 0 243 10 104 30 0 835 
663 10 270 36 85 246 84 0 21 297 191 63 0 601 66 1390 0 23 0 51 88 24 61 0 621 1602 3000 0 0 346 226 159 216 22 0 27 0 0 56 0 517 0 83 0 12 57 346 1258 0 0 616 2035 424 27 7 106 47 0 0 117 59 65 154 678 1485 0 0 635 0 80 162 8 229 19 0 0 0 0 3000 10 
439 231 21 139 380 885 13 27 11 3000 1311 0 99 61 426 26 575 39 3000 0 0 416 180 45 66 326 218 0 0 352 30 2182 1552 244 8 0 1148 0 43 183 138 472 8 11 137 2213 32 0 12 616 0 14 240 134 1499 0 364 0 0 104 50 52 10 0 80 0 0 8 0 29 159 2829 81 0 0 0 3000 0 763 8 
9 547 18 15 13 604 19 68 8 11 261 221 8 3000 51 85 350 104 1899 0 403 8 19 767 41 81 184 1634 66 353 446 508 9 196 322 33 11 293 295 83 156 40 58 132 73 103 2330 268 3000 2035 14 0 21 17 598 2036 27 630 849 21 259 92 383 45 619 40 167 863 9 31 75 9 8 33 120 3000 176 113 201 55 
216 1278 750 84 266 550 26 0 733 270 9 1489 0 30 46 16 0 774 0 767 606 127 90 190 192 47 0 0 0 497 2176 0 77 116 0 51 0 110 49 0 9 0 56 0 93 55 18 15 0 424 240 21 0 41 47 8 361 0 0 520 198 3000 2030 2280 22 0 0 213 88 3000 1100 236 50 93 0 0 0 0 18 16 
38 16 51 270 56 28 820 0 229 80 531 1407 71 18 34 25 0 86 139 901 16 17 2075 68 92 530 35 29 0 780 680 302 1221 961 0 11 117 800 133 0 1765 12 165 900 90 270 26 281 155 27 134 17 41 0 1054 8 1203 0 0 3000 43 51 152 14 80 17 0 9 64 194 32 83 140 24 19 0 59 49 360 16 
867 979 0 52 30 0 248 0 28 285 3000 156 0 3000 0 11 0 58 0 1503 66 15 175 83 601 3000 1159 0 0 324 197 0 1154 0 0 2382 0 126 374 0 20 213 38 0 1035 23 56 107 0 7 1499 598 47 1054 0 121 554 0 379 47 235 104 0 993 0 3000 37 557 111 1047 1872 70 18 1425 0 76 0 592 0 52 
169 75 0 997 316 0 169 0 140 0 63 215 0 13 0 17 0 16 0 1033 1234 290 0 1282 30 680 0 0 0 0 7 0 0 0 0 118 0 52 24 0 1679 0 3000 0 1264 91 152 187 0 106 0 2036 8 8 121 0 72 0 0 2738 2330 102 0 29 0 0 0 0 28 17 0 567 152 1713 0 0 0 0 0 52 
60 27 111 1245 664 0 88 0 94 112 233 140 0 1068 71 29 0 124 0 36 110 18 293 91 141 38 0 0 0 477 286 0 3000 3000 0 265 0 61 134 0 193 0 235 0 1601 1538 138 488 0 47 364 27 361 1203 554 72 0 0 0 24 9 263 26 21 85 0 0 86 91 135 46 1594 12 27 0 0 0 0 225 122 
0 0 0 1370 0 0 0 0 0 0 11 678 828 0 0 0 0 1118 0 0 0 0 0 133 0 0 10 82 1336 0 33 0 153 0 0 0 295 17 1401 0 0 3000 0 0 20 55 759 0 32 0 0 630 0 0 0 0 0 0 766 38 0 0 0 0 0 145 618 0 62 58 0 0 0 0 8 59 0 19 0 0 
0 0 0 97 0 0 0 0 0 0 14 25 9 0 0 0 0 98 0 0 0 0 0 1169 0 0 404 16 20 0 25 0 75 0 0 0 0 24 464 0 0 442 0 0 3000 9 216 0 95 0 0 849 0 0 379 0 0 766 0 94 0 0 0 0 0 13 60 0 592 25 0 0 0 0 197 237 0 139 0 0 
21 112 43 99 3000 276 313 515 20 399 52 53 322 172 13 53 111 323 28 2550 1098 843 77 73 439 1204 1779 392 113 18 106 11 31 922 276 10 723 803 72 210 107 26 310 94 118 47 42 290 37 117 104 21 520 3000 47 2738 24 38 94 0 449 519 573 15 82 1691 420 206 172 38 511 24 334 506 95 25 108 106 75 254 
55 239 10 18 2197 121 1055 93 204 375 100 303 51 10 177 21 46 35 204 120 14 28 451 150 3000 112 157 1400 3000 44 27 23 20 11 452 1042 16 32 31 178 20 1437 9 210 124 25 184 48 115 59 50 259 198 43 235 2330 9 0 0 449 0 167 139 266 523 1101 0 197 764 246 14 147 43 42 74 292 134 64 420 12 
133 70 146 77 108 111 1884 75 49 51 431 1914 35 25 11 133 23 542 28 0 29 20 24 304 15 28 651 243 763 232 154 203 12 11 58 173 306 224 2666 31 33 45 2260 700 97 939 71 104 15 65 52 92 3000 51 104 102 263 0 0 519 167 0 517 0 124 584 0 28 12 127 573 687 59 313 11 0 17 273 362 134 
75 472 19 309 324 487 19 99 3000 597 1142 0 36 490 535 2062 75 374 145 0 0 459 578 628 51 392 8 0 0 2550 500 8 64 344 74 0 129 0 57 80 33 342 218 26 88 330 1208 0 754 154 10 383 2030 152 0 0 26 0 0 573 139 517 0 0 929 0 0 290 0 0 55 177 326 0 170 0 18 0 91 38 
0 0 0 193 330 0 26 0 22 0 228 152 0 146 0 699 0 338 0 50 12 0 0 992 61 0 0 0 0 0 10 0 0 0 0 449 0 14 614 0 954 0 1265 0 332 441 70 632 0 678 0 45 2280 14 993 29 21 0 0 15 266 0 0 0 0 0 0 0 600 98 0 1225 54 321 0 1518 0 0 0 271 
13 47 3000 83 36 35 74 299 397 99 851 45 16 33 1670 417 271 19 12 0 0 308 51 205 1995 190 121 14 3000 27 3000 23 169 98 473 0 11 0 27 1031 28 24 0 13 14 56 9 0 10 1485 80 619 22 80 0 0 85 0 0 82 523 124 929 0 0 17 0 170 0 0 159 112 307 0 3000 0 419 263 2749 222 
2432 0 0 823 0 17 1158 10 559 0 383 17 512 0 0 0 263 461 41 0 0 3000 1317 1150 1079 215 424 92 105 0 242 879 62 0 488 0 108 164 15 22 163 8 0 42 17 14 32 0 229 0 0 40 0 17 3000 0 0 145 13 1691 1101 584 0 0 17 0 23 0 44 77 0 0 0 0 10 604 88 18 0 7 
0 0 0 416 0 0 0 0 0 0 622 226 1692 0 0 0 0 452 0 0 0 0 0 275 0 0 24 602 268 0 112 0 31 0 0 0 0 56 196 0 0 1123 0 0 344 649 33 0 20 0 0 167 0 0 37 0 0 618 60 420 0 0 0 0 0 23 0 0 73 451 0 0 0 0 172 8 0 54 0 0 
24 414 815 22 61 10 66 94 123 24 352 18 16 10 184 1731 290 81 168 0 0 89 36 14 955 9 251 2644 0 9 98 50 797 437 76 0 87 0 925 248 3000 12 80 195 53 19 13 0 165 635 8 863 213 9 557 0 86 0 0 206 197 28 290 0 170 0 0 0 0 0 210 2326 266 0 17 0 48 19 104 49 
20 0 0 31 258 0 29 0 180 0 177 38 0 273 0 16 0 478 0 1517 90 402 0 162 42 0 0 0 47 0 170 0 0 0 0 143 0 401 34 0 80 33 3000 0 16 2687 1972 13 0 0 0 9 88 64 111 28 91 62 592 172 764 12 0 600 0 44 73 0 0 214 0 25 126 100 0 80 0 196 0 13 
72 9 0 3000 318 0 53 0 107 35 659 3000 0 624 0 10 0 19 0 27 284 276 25 762 76 130 79 0 0 127 334 0 492 0 0 19 0 64 122 0 2000 77 2515 0 13 192 92 892 0 80 29 31 3000 194 1047 17 135 58 25 38 246 127 0 98 0 77 451 0 214 0 44 233 70 50 0 582 0 294 0 405 
21 3000 12 14 280 79 8 142 50 35 19 67 129 145 3000 15 124 28 410 0 1571 709 591 9 45 3000 78 28 0 11 730 3000 28 232 45 267 70 0 212 593 172 1437 64 1042 286 11 3000 0 345 162 159 75 1100 32 1872 0 46 0 0 511 14 573 55 0 159 0 0 210 0 44 0 65 19 247 1041 0 495 214 13 232 
47 7 523 22 36 158 126 0 16 24 26 129 17 110 294 109 0 408 81 29 1251 103 48 87 11 607 12 0 0 231 12 9 109 395 0 18 114 0 433 0 771 414 41 101 222 431 63 1748 0 8 2829 9 236 83 70 567 1594 0 0 24 147 687 177 1225 112 0 0 2326 25 233 65 0 1012 750 0 0 74 0 487 154 
133 24 158 43 974 165 22 0 259 383 65 1753 398 94 9 52 45 53 724 51 716 82 503 2410 1272 259 504 428 0 3000 37 10 67 188 0 73 124 923 1024 11 89 26 81 3000 143 101 1541 169 30 229 81 8 50 140 18 152 12 0 0 334 43 59 326 54 307 0 0 266 126 70 19 1012 0 117 136 0 155 28 89 15 
119 11 0 12 22 0 281 0 474 0 17 17 0 12 0 7 0 33 0 437 1677 2765 34 25 243 716 0 0 0 56 41 0 0 0 0 314 0 1263 240 0 12 0 37 0 11 474 342 9 0 19 0 33 93 24 1425 1713 27 0 0 506 42 313 0 321 0 0 0 0 100 50 247 750 117 0 0 318 0 0 0 531 
356 0 8 11 0 593 18 51 9 310 412 23 32 15 0 0 3000 47 2239 0 0 17 1166 256 0 881 8 316 440 1173 88 801 488 269 44 0 3000 1709 27 507 523 169 0 761 0 67 2121 0 243 0 0 120 0 19 0 0 0 8 197 95 74 11 170 0 3000 10 172 17 0 0 1041 0 136 0 0 1092 270 122 0 182 
0 0 0 483 0 0 0 0 0 0 3000 66 23 0 0 0 0 229 0 175 19 157 0 166 250 0 463 1316 29 0 12 0 555 0 0 1338 16 559 2159 0 3000 29 667 0 16 217 119 0 10 0 0 3000 0 0 76 0 0 59 237 25 292 0 0 1518 0 604 8 0 80 582 0 0 0 318 1092 0 0 12 0 0 
73 0 21 0 0 40 23 12 116 98 28 0 717 493 61 0 33 30 16 0 0 197 8 325 0 832 109 16 8 11 771 7 3000 2842 1711 0 1423 0 54 21 195 303 0 342 0 495 153 0 104 0 3000 176 0 59 0 0 0 0 0 108 134 17 18 0 419 88 0 48 0 0 495 74 155 0 270 0 0 15 0 224 
22 0 153 43 0 3000 590 1313 110 187 1120 962 172 24 0 0 363 44 1298 0 173 292 1629 9 32 1911 1219 3000 134 1671 243 1055 12 124 449 0 1208 66 72 368 137 45 2038 437 321 35 449 0 30 0 0 113 0 49 592 0 0 19 139 106 64 273 0 0 263 18 54 19 196 294 214 0 28 0 122 12 15 0 0 220 
85 349 50 27 36 412 26 0 214 21 0 0 0 59 114 951 0 192 2076 0 0 564 77 0 105 50 0 0 0 501 133 75 203 167 0 0 0 0 0 0 374 0 42 66 141 353 381 0 0 3000 763 201 18 360 0 0 225 0 0 75 420 362 91 0 2749 0 0 104 0 0 13 487 89 0 0 0 0 0 0 1536 
47 26 22 363 182 14 151 0 93 39 42 2176 40 18 318 103 1628 31 413 551 125 19 190 22 3000 487 757 51 0 210 29 1319 593 173 0 64 134 95 110 33 322 557 64 968 15 14 17 312 835 10 8 55 16 16 52 52 122 0 0 254 12 134 38 271 222 7 0 49 13 405 232 154 15 531 182 0 224 220 1536 0 
