80
0 73 94 82 47 67 45 22 47 107 27 4 65 102 53 46 31 25 81 62 91 24 55 82 23 24 31 59 44 73 75 96 48 53 85 69 21 77 38 26 34 30 80 57 41 24 66 66 92 80 22 25 42 65 98 52 58 42 54 50 28 57 100 50 21 37 26 90 9 63 75 35 31 108 79 51 69 39 45 67 
73 0 67 64 27 8 29 82 69 36 58 77 32 29 33 35 77 59 18 30 60 50 30 50 56 55 48 57 75 13 68 23 67 26 44 57 68 20 50 81 54 54 61 57 42 55 59 62 39 45 73 58 32 48 68 21 30 44 44 54 88 51 29 32 81 49 57 24 69 48 22 58 44 35 29 31 5 36 29 59 
94 67 0 13 75 62 72 85 54 90 99 96 95 69 90 55 73 98 51 92 6 81 49 17 92 93 66 115 61 53 24 75 50 81 23 118 104 87 57 81 61 97 15 38 92 92 29 30 34 22 77 97 67 30 3 65 46 94 101 108 88 38 64 53 85 57 97 87 96 31 88 104 69 86 38 87 64 64 76 120 
82 64 13 0 68 58 64 72 40 92 89 84 90 72 83 46 60 87 50 86 14 70 42 16 82 82 54 108 47 51 11 77 37 74 24 112 93 84 45 67 49 87 3 25 83 82 16 17 39 21 64 87 59 20 17 58 39 86 94 100 75 26 67 44 72 46 87 87 85 21 85 94 59 88 38 80 61 54 68 113 
47 27 75 68 0 23 5 59 57 60 31 51 25 56 15 23 58 32 40 21 70 24 26 59 29 28 29 40 60 31 67 49 55 8 56 44 41 31 35 60 37 28 65 51 18 28 57 59 57 54 52 31 11 48 78 11 29 20 26 33 67 46 55 24 59 33 31 43 42 47 29 33 22 60 44 12 23 18 2 45 
67 8 62 58 23 0 23 74 62 44 54 71 34 35 32 27 69 54 18 31 56 44 22 45 51 51 41 57 67 10 61 30 59 24 40 58 63 26 42 73 46 50 55 50 39 50 52 55 37 40 66 53 25 41 64 15 22 42 43 53 81 43 33 24 74 41 53 31 63 41 27 55 37 43 25 30 3 29 25 60 
45 29 72 64 5 23 0 55 52 63 32 49 30 57 20 19 54 32 40 26 67 21 23 56 28 28 24 44 55 31 63 51 50 13 54 48 40 35 31 55 32 28 61 47 20 27 53 55 56 52 48 30 7 44 75 9 26 23 30 36 63 42 56 20 55 29 30 47 40 44 33 34 18 63 43 16 24 13 4 49 
22 82 85 72 59 74 55 0 32 117 48 20 81 108 69 49 13 45 85 77 84 37 57 77 42 43 33 80 27 78 63 105 35 66 81 89 42 90 35 6 30 50 71 48 58 42 56 55 91 76 9 45 50 59 89 61 59 60 72 70 7 50 106 52 1 36 46 102 30 57 89 56 38 117 80 66 77 45 57 87 
47 69 54 40 57 62 52 32 0 105 63 47 82 91 71 36 19 61 66 78 53 45 40 48 55 56 30 90 7 61 31 90 4 65 54 98 63 84 21 27 21 63 39 18 65 56 25 23 66 48 26 60 45 31 57 52 41 67 79 81 34 22 87 38 33 23 61 93 52 30 84 70 37 103 57 68 65 39 56 97 
107 36 90 92 60 44 63 117 105 0 88 111 49 22 58 70 113 89 41 51 84 84 65 76 87 87 84 74 110 44 98 15 102 55 68 69 98 32 86 116 89 84 89 91 71 86 91 94 56 71 109 88 67 80 90 57 64 72 65 76 124 85 27 68 117 85 87 18 102 80 35 85 79 5 54 59 41 72 62 73 
27 58 99 89 31 54 32 48 63 88 0 31 41 87 29 44 54 3 71 38 94 19 51 84 7 7 35 32 62 62 84 79 63 33 84 42 11 56 45 51 43 4 86 66 17 7 74 75 87 80 45 3 33 69 102 41 55 17 27 23 55 63 87 47 47 44 2 70 19 68 53 8 30 89 74 29 55 35 29 39 
4 77 96 84 51 71 49 20 47 111 31 0 69 105 56 49 31 28 85 66 93 27 58 85 26 27 33 63 44 76 76 100 49 57 87 73 23 81 40 25 36 34 81 59 45 27 67 67 95 83 22 29 46 67 99 56 61 45 58 53 26 59 104 53 20 40 30 94 12 65 79 38 34 111 82 55 72 43 49 70 
65 32 95 90 25 34 30 81 82 49 41 69 0 55 13 48 82 43 50 4 89 44 49 78 43 42 53 27 85 43 90 45 80 17 74 25 52 18 60 82 61 37 87 75 25 42 81 83 70 73 75 42 36 71 97 32 51 25 16 27 89 70 57 48 81 58 41 31 58 70 15 37 46 52 59 15 32 43 26 28 
102 29 69 72 56 35 57 108 91 22 87 105 55 0 60 59 102 88 24 55 63 78 52 56 85 84 75 82 97 31 79 11 87 54 48 79 97 38 74 106 78 83 70 75 71 84 74 77 35 51 99 87 60 63 69 49 50 73 70 81 114 69 5 56 108 73 86 28 98 64 41 87 72 17 35 59 33 63 58 82 
53 33 90 83 15 32 20 69 71 58 29 56 13 60 0 39 69 31 50 9 84 32 41 73 30 30 42 26 73 42 82 52 69 9 70 29 40 26 49 70 50 26 80 66 12 30 72 75 69 69 62 30 26 63 92 25 44 13 11 21 76 61 61 39 68 48 29 40 46 63 24 27 35 60 57 3 31 33 16 30 
46 35 55 46 23 27 19 49 36 70 44 49 48 59 39 0 43 43 37 44 50 27 8 40 38 38 16 62 41 29 44 57 33 31 40 67 50 48 16 47 19 42 43 28 37 38 34 36 46 36 40 42 13 26 58 17 12 40 49 54 55 23 57 3 49 14 42 57 45 25 48 49 16 69 33 35 30 9 23 68 
31 77 73 60 58 69 54 13 19 113 54 31 82 102 69 43 0 51 78 78 72 39 49 65 47 48 29 84 14 71 50 99 22 65 70 93 51 88 27 8 23 55 58 36 61 47 44 42 82 65 9 51 48 48 76 57 51 63 75 75 15 39 99 46 14 28 52 99 39 46 87 61 36 112 71 67 72 41 56 91 
25 59 98 87 32 54 32 45 61 89 3 28 43 88 31 43 51 0 71 40 93 17 50 83 5 5 33 35 60 63 83 80 61 34 83 45 9 57 44 48 41 6 85 64 18 5 73 74 86 79 42 1 33 68 101 41 54 18 30 25 52 62 87 46 45 42 2 71 17 66 55 10 29 90 73 30 55 34 29 42 
81 18 51 50 40 18 40 85 66 41 71 85 50 24 50 37 78 71 0 48 44 59 29 35 68 67 53 75 72 9 56 26 63 42 28 75 80 38 51 83 55 68 48 50 58 67 50 53 20 30 76 70 40 39 52 31 26 60 61 71 91 45 21 33 85 50 70 37 79 40 40 73 51 39 13 48 19 42 42 77 
62 30 92 86 21 31 26 77 78 51 38 66 4 55 9 44 78 40 48 0 86 41 45 75 40 39 49 27 81 41 87 45 76 13 71 27 49 18 56 79 57 35 83 72 22 39 77 79 68 70 71 39 32 67 94 28 47 22 15 26 85 66 56 44 77 54 38 32 55 67 16 35 42 53 56 11 30 39 22 29 
91 60 6 14 70 56 67 84 53 84 94 93 89 63 84 50 72 93 44 86 0 76 44 11 88 88 62 110 60 47 25 69 49 75 16 113 100 80 53 79 58 92 14 36 87 88 28 30 28 16 75 92 62 26 8 60 41 89 96 103 87 35 58 48 84 54 93 81 93 28 82 99 65 80 32 81 58 59 71 114 
24 50 81 70 24 44 21 37 45 84 19 27 44 78 32 27 39 17 59 41 76 0 35 66 12 12 16 46 45 50 65 73 44 30 67 55 23 54 26 38 24 18 67 47 22 12 55 56 72 63 31 17 19 51 84 29 38 24 36 37 44 44 77 30 36 25 17 67 20 49 52 26 11 84 59 29 45 18 22 53 
55 30 49 42 26 22 23 57 40 65 51 58 49 52 41 8 49 50 29 45 44 35 0 33 45 46 25 66 45 22 42 51 37 33 32 70 58 46 22 54 26 49 39 28 42 45 32 35 38 29 47 49 18 22 52 17 4 45 52 59 62 22 49 5 56 21 50 53 54 22 46 55 24 64 25 38 25 16 27 71 
82 50 17 16 59 45 56 77 48 76 84 85 78 56 73 40 65 83 35 75 11 66 33 0 78 78 52 99 55 37 25 61 44 64 8 102 90 70 44 72 49 82 14 30 76 78 23 26 23 5 68 82 52 17 19 49 30 78 84 92 80 27 51 37 77 45 82 72 83 19 72 88 55 73 22 70 48 48 60 103 
23 56 92 82 29 51 28 42 55 87 7 26 43 85 30 38 47 5 68 40 88 12 45 78 0 1 28 38 55 59 77 78 55 32 78 48 13 56 38 44 36 8 79 59 18 1 67 68 82 74 38 5 28 63 95 37 49 19 31 28 49 56 84 41 41 37 6 70 15 61 54 15 23 88 69 29 52 29 26 45 
24 55 93 82 28 51 28 43 56 87 7 27 42 84 30 38 48 5 67 39 88 12 46 78 1 0 29 37 56 58 78 77 56 32 78 47 13 55 39 45 36 7 80 59 18 0 68 69 82 75 39 4 28 63 96 36 49 18 30 28 50 57 84 41 42 37 5 69 16 62 53 14 24 88 69 29 52 30 26 44 
31 48 66 54 29 41 24 33 30 84 35 33 53 75 42 16 29 33 53 49 62 16 25 52 28 29 0 61 32 45 49 71 29 36 54 68 38 58 10 32 9 34 52 31 35 28 39 40 62 50 25 33 18 36 69 28 28 38 49 52 40 29 73 20 33 9 33 70 31 34 58 42 7 84 49 38 43 12 27 67 
59 57 115 108 40 57 44 80 90 74 32 63 27 82 26 62 84 35 75 27 110 46 66 99 38 37 61 0 92 67 106 72 90 35 96 11 40 44 70 83 69 30 105 89 26 37 96 98 94 94 76 34 49 88 118 50 69 23 14 10 87 85 84 63 79 68 33 57 51 87 41 25 54 77 82 29 56 55 39 7 
44 75 61 47 60 67 55 27 7 110 62 44 85 97 73 41 14 60 72 81 60 45 45 55 55 56 32 92 0 67 37 96 11 68 61 99 61 88 25 21 23 63 46 25 67 56 32 30 73 55 21 60 49 38 64 57 47 69 81 82 28 30 93 43 27 27 61 98 50 37 88 70 39 109 64 70 70 42 59 98 
73 13 53 51 31 10 31 78 61 44 62 76 43 31 42 29 71 63 9 41 47 50 22 37 59 58 45 67 67 0 55 29 58 33 31 68 71 33 44 76 48 59 48 46 49 58 48 51 27 32 69 61 31 36 55 22 20 51 53 63 84 40 28 26 77 43 61 36 70 37 35 64 42 42 16 40 11 34 33 70 
75 68 24 11 67 61 63 63 31 98 84 76 90 79 82 44 50 83 56 87 25 65 42 25 77 78 49 106 37 55 0 83 28 74 33 111 87 86 39 58 42 83 11 19 81 78 10 9 47 28 56 82 57 20 27 58 40 84 93 98 65 22 74 43 63 41 83 91 78 20 87 91 55 95 44 79 64 52 67 112 
96 23 75 77 49 30 51 105 90 15 79 100 45 11 52 57 99 80 26 45 69 73 51 61 78 77 71 72 96 29 83 0 87 46 53 68 90 28 72 103 76 76 74 76 63 77 76 79 42 56 96 79 55 65 76 44 50 64 60 71 111 70 15 54 104 71 79 17 92 65 31 78 67 13 39 51 28 59 52 72 
48 67 50 37 55 59 50 35 4 102 63 49 80 87 69 33 22 61 63 76 49 44 37 44 55 56 29 90 11 58 28 87 0 63 50 97 63 82 20 30 20 63 36 14 64 56 21 20 62 44 28 60 44 28 54 50 38 67 78 81 37 19 83 35 35 22 61 90 53 26 81 70 36 100 54 66 62 37 54 96 
53 26 81 74 8 24 13 66 65 55 33 57 17 54 9 31 65 34 42 13 75 30 33 64 32 32 36 35 68 33 74 46 63 0 61 38 43 24 43 67 44 29 71 59 17 31 64 67 60 60 59 33 19 55 83 16 35 19 20 30 74 53 54 31 66 41 33 38 47 54 23 33 30 56 48 6 23 26 9 39 
85 44 23 24 56 40 54 81 54 68 84 87 74 48 70 40 70 83 28 71 16 67 32 8 78 78 54 96 61 31 33 53 50 61 0 98 90 64 47 77 52 81 22 36 74 78 31 33 14 6 72 82 51 22 24 46 29 76 81 90 85 32 43 37 81 48 82 65 85 24 66 88 56 65 16 67 42 49 58 100 
69 57 118 112 44 58 48 89 98 69 42 73 25 79 29 67 93 45 75 27 113 55 70 102 48 47 68 11 99 68 111 68 97 38 98 0 51 41 77 92 77 40 109 95 33 47 101 103 95 97 85 44 55 92 121 54 73 31 19 19 96 90 81 68 89 75 43 52 61 92 38 35 61 72 83 32 57 61 44 5 
21 68 104 93 41 63 40 42 63 98 11 23 52 97 40 50 51 9 80 49 100 23 58 90 13 13 38 40 61 71 87 90 63 43 90 51 0 66 48 46 45 15 90 69 28 13 77 78 95 86 41 10 41 74 107 49 61 27 38 31 49 67 96 53 42 47 11 80 12 72 64 16 35 100 81 40 64 42 39 47 
77 20 87 84 31 26 35 90 84 32 56 81 18 38 26 48 88 57 38 18 80 54 46 70 56 55 58 44 88 33 86 28 82 24 64 41 66 0 63 90 65 52 81 74 39 55 77 80 58 65 82 56 40 67 88 32 47 39 33 44 97 68 40 47 89 61 56 14 71 67 3 53 53 34 49 27 23 47 33 44 
38 50 57 45 35 42 31 35 21 86 45 40 60 74 49 16 27 44 51 56 53 26 22 44 38 39 10 70 25 44 39 72 20 43 47 77 48 63 0 32 5 44 42 21 45 38 29 30 57 43 26 43 24 27 60 31 24 47 58 61 40 19 71 18 35 2 44 73 40 25 63 52 16 85 45 46 45 17 34 76 
26 81 81 67 60 73 55 6 27 116 51 25 82 106 70 47 8 48 83 79 79 38 54 72 44 45 32 83 21 76 58 103 30 67 77 92 46 90 32 0 28 53 66 43 60 45 51 50 88 72 8 48 50 55 84 60 57 62 74 73 8 46 103 50 6 33 49 102 34 53 89 59 38 116 77 67 76 44 58 90 
34 54 61 49 37 46 32 30 21 89 43 36 61 78 50 19 23 41 55 57 58 24 26 49 36 36 9 69 23 48 42 76 20 44 52 77 45 65 5 28 0 43 46 24 44 36 33 33 61 47 21 41 25 32 64 34 29 46 58 60 36 23 76 22 30 5 41 76 36 30 65 50 16 89 49 47 49 19 35 76 
30 54 97 87 28 50 28 50 63 84 4 34 37 83 26 42 55 6 68 35 92 18 49 82 8 7 34 30 63 59 83 76 63 29 81 40 15 52 44 53 43 0 84 65 13 7 73 74 84 78 46 5 31 68 100 37 52 13 24 20 57 62 83 44 49 43 4 66 22 66 49 7 29 85 71 25 51 33 26 37 
80 61 15 3 65 55 61 71 39 89 86 81 87 70 80 43 58 85 48 83 14 67 39 14 79 80 52 105 46 48 11 74 36 71 22 109 90 81 42 66 46 84 0 23 80 79 14 16 37 18 62 84 56 17 18 55 36 83 91 97 73 23 65 41 71 43 84 84 82 18 82 91 56 86 35 77 58 51 65 110 
57 57 38 25 51 50 47 48 18 91 66 59 75 75 66 28 36 64 50 72 36 47 28 30 59 59 31 89 25 46 19 76 14 59 36 95 69 74 21 43 24 65 23 0 64 59 9 9 48 30 39 64 40 13 41 44 27 66 76 81 51 6 71 28 48 22 64 81 60 12 74 72 36 89 40 63 52 34 51 95 
41 42 92 83 18 39 20 58 65 71 17 45 25 71 12 37 61 18 58 22 87 22 42 76 18 18 35 26 67 49 81 63 64 17 74 33 28 39 45 60 44 13 80 64 0 18 71 73 75 71 53 18 25 63 94 28 46 3 14 17 66 59 71 39 58 43 17 53 34 62 36 16 28 72 62 12 40 30 16 32 
24 55 92 82 28 50 27 42 56 86 7 27 42 84 30 38 47 5 67 39 88 12 45 78 1 0 28 37 56 58 78 77 56 31 78 47 13 55 38 45 36 7 79 59 18 0 67 69 82 74 39 5 28 63 95 36 49 18 30 28 50 56 84 41 42 37 5 69 16 61 53 14 23 88 68 28 51 29 26 45 
66 59 29 16 57 52 53 56 25 91 74 67 81 74 72 34 44 73 50 77 28 55 32 23 67 68 39 96 32 48 10 76 21 64 31 101 77 77 29 51 33 73 14 9 71 67 0 3 44 25 48 72 47 12 33 49 30 73 82 88 59 11 69 33 56 31 73 83 69 11 78 80 44 89 38 69 55 41 57 102 
66 62 30 17 59 55 55 55 23 94 75 67 83 77 75 36 42 74 53 79 30 56 35 26 68 69 40 98 30 51 9 79 20 67 33 103 78 80 30 50 33 74 16 9 73 69 3 0 47 28 47 73 49 15 34 51 33 75 85 90 57 13 73 36 55 32 74 86 69 14 81 82 46 92 42 71 58 43 59 104 
92 39 34 39 57 37 56 91 66 56 87 95 70 35 69 46 82 86 20 68 28 72 38 23 82 82 62 94 73 27 47 42 62 60 14 95 95 58 57 88 61 84 37 48 75 82 44 47 0 19 82 86 54 35 35 47 34 77 80 90 96 44 30 43 91 56 86 55 91 37 60 90 62 52 13 66 38 54 59 97 
80 45 22 21 54 40 52 76 48 71 80 83 73 51 69 36 65 79 30 70 16 63 29 5 74 75 50 94 55 32 28 56 44 60 6 97 86 65 43 72 47 78 18 30 71 74 25 28 19 0 67 79 48 17 24 44 26 74 80 88 80 26 47 34 76 43 79 67 81 19 66 85 52 68 17 65 42 45 55 98 
22 73 77 64 52 66 48 9 26 109 45 22 75 99 62 40 9 42 76 71 75 31 47 68 38 39 25 76 21 69 56 96 28 59 72 85 41 82 26 8 21 46 62 39 53 39 48 47 82 67 0 42 42 50 81 52 50 55 67 66 15 41 96 43 9 26 43 94 29 48 81 53 30 108 71 60 68 37 50 83 
25 58 97 87 31 53 30 45 60 88 3 29 42 87 30 42 51 1 70 39 92 17 49 82 5 4 33 34 60 61 82 79 60 33 82 44 10 56 43 48 41 5 84 64 18 5 72 73 86 79 42 0 32 67 100 39 53 17 29 25 53 61 86 45 45 41 1 70 17 66 54 10 28 89 72 29 54 34 28 42 
42 32 67 59 11 25 7 50 45 67 33 46 36 60 26 13 48 33 40 32 62 19 18 52 28 28 18 49 49 31 57 55 44 19 51 55 41 40 24 50 25 31 56 40 25 28 47 49 54 48 42 32 0 39 70 10 22 27 36 42 57 35 58 14 50 22 32 52 39 38 39 37 13 67 41 23 27 7 11 55 
65 48 30 20 48 41 44 59 31 80 69 67 71 63 63 26 48 68 39 67 26 51 22 17 63 63 36 88 38 36 20 65 28 55 22 92 74 67 27 55 32 68 17 13 63 63 12 15 35 17 50 67 39 0 33 39 20 66 74 80 63 9 58 25 59 28 68 72 67 2 67 75 39 77 27 60 44 34 49 93 
98 68 3 17 78 64 75 89 57 90 102 99 97 69 92 58 76 101 52 94 8 84 52 19 95 96 69 118 64 55 27 76 54 83 24 121 107 88 60 84 64 100 18 41 94 95 33 34 35 24 81 100 70 33 0 68 49 97 104 111 91 41 64 56 89 61 100 89 100 35 90 107 72 87 40 89 66 67 79 122 
52 21 65 58 11 15 9 61 52 57 41 56 32 49 25 17 57 41 31 28 60 29 17 49 37 36 28 50 57 22 58 44 50 16 46 54 49 32 31 60 34 37 55 44 28 36 49 51 47 44 52 39 10 39 68 0 19 31 36 44 68 38 48 16 60 30 39 42 49 39 32 43 23 56 34 22 16 15 12 55 
58 30 46 39 29 22 26 59 41 64 55 61 51 50 44 12 51 54 26 47 41 38 4 30 49 49 28 69 47 20 40 50 38 35 29 73 61 47 24 57 29 52 36 27 46 49 30 33 34 26 50 53 22 20 49 19 0 49 55 62 65 21 47 9 59 24 53 54 57 20 48 59 28 62 21 41 25 20 30 74 
42 44 94 86 20 42 23 60 67 72 17 45 25 73 13 40 63 18 60 22 89 24 45 78 19 18 38 23 69 51 84 64 67 19 76 31 27 39 47 62 46 13 83 66 3 18 73 75 77 74 55 17 27 66 97 31 49 0 13 14 67 62 73 42 59 45 17 53 34 65 37 14 31 73 64 13 42 32 19 30 
54 44 101 94 26 43 30 72 79 65 27 58 16 70 11 49 75 30 61 15 96 36 52 84 31 30 49 14 81 53 93 60 78 20 81 19 38 33 58 74 58 24 91 76 14 30 82 85 80 80 67 29 36 74 104 36 55 13 0 11 80 71 71 50 72 56 28 47 46 73 30 22 42 67 68 14 42 42 26 19 
50 54 108 100 33 53 36 70 81 76 23 53 27 81 21 54 75 25 71 26 103 37 59 92 28 28 52 10 82 63 98 71 81 30 90 19 31 44 61 73 60 20 97 81 17 28 88 90 90 88 66 25 42 80 111 44 62 14 11 0 77 77 82 56 69 59 24 58 41 79 41 15 45 78 77 23 52 47 32 17 
28 88 88 75 67 81 63 7 34 124 55 26 89 114 76 55 15 52 91 85 87 44 62 80 49 50 40 87 28 84 65 111 37 74 85 96 49 97 40 8 36 57 73 51 66 50 59 57 96 80 15 53 57 63 91 68 65 67 80 77 0 54 112 58 8 41 53 109 37 61 96 63 45 124 85 74 83 52 64 94 
57 51 38 26 46 43 42 50 22 85 63 59 70 69 61 23 39 62 45 66 35 44 22 27 56 57 29 85 30 40 22 70 19 53 32 90 67 68 19 46 23 62 23 6 59 56 11 13 44 26 41 61 35 9 41 38 21 62 71 77 54 0 65 22 50 20 62 75 59 7 69 69 33 83 35 58 46 30 46 90 
100 29 64 67 55 33 56 106 87 27 87 104 57 5 61 57 99 87 21 56 58 77 49 51 84 84 73 84 93 28 74 15 83 54 43 81 96 40 71 103 76 83 65 71 71 84 69 73 30 47 96 86 58 58 64 48 47 73 71 82 112 65 0 53 105 70 86 32 97 59 43 87 70 23 31 60 32 61 58 84 
50 32 53 44 24 24 20 52 38 68 47 53 48 56 39 3 46 46 33 44 48 30 5 37 41 41 20 63 43 26 43 54 35 31 37 68 53 47 18 50 22 44 41 28 39 41 33 36 43 34 43 45 14 25 56 16 9 42 50 56 58 22 53 0 52 17 45 55 49 24 47 51 19 67 30 36 27 11 24 69 
21 81 85 72 59 74 55 1 33 117 47 20 81 108 68 49 14 45 85 77 84 36 56 77 41 42 33 79 27 77 63 104 35 66 81 89 42 89 35 6 30 49 71 48 58 42 56 55 91 76 9 45 50 59 89 60 59 59 72 69 8 50 105 52 0 35 46 102 30 57 88 55 37 117 80 66 76 45 57 86 
37 49 57 46 33 41 29 36 23 85 44 40 58 73 48 14 28 42 50 54 54 25 21 45 37 37 9 68 27 43 41 71 22 41 48 75 47 61 2 33 5 43 43 22 43 37 31 32 56 43 26 41 22 28 61 30 24 45 56 59 41 20 70 17 35 0 42 71 39 26 61 50 14 84 44 44 44 15 32 75 
26 57 97 87 31 53 30 46 61 87 2 30 41 86 29 42 52 2 70 38 93 17 50 82 6 5 33 33 61 61 83 79 61 33 82 43 11 56 44 49 41 4 84 64 17 5 73 74 86 79 43 1 32 68 100 39 53 17 28 24 53 62 86 45 46 42 0 69 18 66 53 10 28 89 72 29 54 34 28 41 
90 24 87 87 43 31 47 102 93 18 70 94 31 28 40 57 99 71 37 32 81 67 53 72 70 69 70 57 98 36 91 17 90 38 65 52 80 14 73 102 76 66 84 81 53 69 83 86 55 67 94 70 52 72 89 42 54 53 47 58 109 75 32 55 102 71 69 0 84 72 17 67 64 21 49 41 28 57 45 56 
9 69 96 85 42 63 40 30 52 102 19 12 58 98 46 45 39 17 79 55 93 20 54 83 15 16 31 51 50 70 78 92 53 47 85 61 12 71 40 34 36 22 82 60 34 16 69 69 91 81 29 17 39 67 100 49 57 34 46 41 37 59 97 49 30 39 18 84 0 65 69 26 29 103 78 44 65 38 40 58 
63 48 31 21 47 41 44 57 30 80 68 65 70 64 63 25 46 66 40 67 28 49 22 19 61 62 34 87 37 37 20 65 26 54 24 92 72 67 25 53 30 66 18 12 62 61 11 14 37 19 48 66 38 2 35 39 20 65 73 79 61 7 59 24 57 26 66 72 65 0 67 73 38 78 29 59 44 33 48 92 
75 22 88 85 29 27 33 89 84 35 53 79 15 41 24 48 87 55 40 16 82 52 46 72 54 53 58 41 88 35 87 31 81 23 66 38 64 3 63 89 65 49 82 74 36 53 78 81 60 66 81 54 39 67 90 32 48 37 30 41 96 69 43 47 88 61 53 17 69 67 0 50 51 37 51 25 24 46 31 41 
35 58 104 94 33 55 34 56 70 85 8 38 37 87 27 49 61 10 73 35 99 26 55 88 15 14 42 25 70 64 91 78 70 33 88 35 16 53 52 59 50 7 91 72 16 14 80 82 90 85 53 10 37 75 107 43 59 14 22 15 63 69 87 51 55 50 10 67 26 73 50 0 36 87 77 27 55 40 31 32 
31 44 69 59 22 37 18 38 37 79 30 34 46 72 35 16 36 29 51 42 65 11 24 55 23 24 7 54 39 42 55 67 36 30 56 61 35 53 16 38 16 29 56 36 28 23 44 46 62 52 30 28 13 39 72 23 28 31 42 45 45 33 70 19 37 14 28 64 29 38 51 36 0 79 49 32 39 9 21 60 
108 35 86 88 60 43 63 117 103 5 89 111 52 17 60 69 112 90 39 53 80 84 64 73 88 88 84 77 109 42 95 13 100 56 65 72 100 34 85 116 89 85 86 89 72 88 89 92 52 68 108 89 67 77 87 56 62 73 67 78 124 83 23 67 117 84 89 21 103 78 37 87 79 0 51 60 40 72 63 76 
79 29 38 38 44 25 43 80 57 54 74 82 59 35 57 33 71 73 13 56 32 59 25 22 69 69 49 82 64 16 44 39 54 48 16 83 81 49 45 77 49 71 35 40 62 68 38 42 13 17 71 72 41 27 40 34 21 64 68 77 85 35 31 30 80 44 72 49 78 29 51 77 49 51 0 54 27 40 46 85 
51 31 87 80 12 30 16 66 68 59 29 55 15 59 3 35 67 30 48 11 81 29 38 70 29 29 38 29 70 40 79 51 66 6 67 32 40 27 46 67 47 25 77 63 12 28 69 71 66 65 60 29 23 60 89 22 41 13 14 23 74 58 60 36 66 44 29 41 44 59 25 27 32 60 54 0 29 29 12 33 
69 5 64 61 23 3 24 77 65 41 55 72 32 33 31 30 72 55 19 30 58 45 25 48 52 52 43 56 70 11 64 28 62 23 42 57 64 23 45 76 49 51 58 52 40 51 55 58 38 42 68 54 27 44 66 16 25 42 42 52 83 46 32 27 76 44 54 28 65 44 24 55 39 40 27 29 0 31 26 59 
39 36 64 54 18 29 13 45 39 72 35 43 43 63 33 9 41 34 42 39 59 18 16 48 29 30 12 55 42 34 52 59 37 26 49 61 42 47 17 44 19 33 51 34 30 29 41 43 54 45 37 34 7 34 67 15 20 32 42 47 52 30 61 11 45 15 34 57 38 33 46 40 9 72 40 29 31 0 17 61 
45 29 76 68 2 25 4 57 56 62 29 49 26 58 16 23 56 29 42 22 71 22 27 60 26 26 27 39 59 33 67 52 54 9 58 44 39 33 34 58 35 26 65 51 16 26 57 59 59 55 50 28 11 49 79 12 30 19 26 32 64 46 58 24 57 32 28 45 40 48 31 31 21 63 46 12 26 17 0 45 
67 59 120 113 45 60 49 87 97 73 39 70 28 82 30 68 91 42 77 29 114 53 71 103 45 44 67 7 98 70 112 72 96 39 100 5 47 44 76 90 76 37 110 95 32 45 102 104 97 98 83 42 55 93 122 55 74 30 19 17 94 90 84 69 86 75 41 56 58 92 41 32 60 76 85 33 59 61 45 0 
0 713 11 77 909 50 8 145 19 301 374 13 103 413 102 24 189 28 937 43 288 495 85 138 22 0 2000 14 84 116 1327 144 457 56 164 21 306 127 45 8 106 97 14 349 3000 51 254 80 35 8 42 283 76 18 773 10 1288 236 10 197 67 59 22 44 495 166 3000 441 16 81 444 51 714 49 139 35 1505 2348 1436 1738 
713 0 293 25 180 0 0 630 18 896 136 0 108 0 3000 10 31 93 14 60 21 49 9 45 78 0 0 98 0 0 31 34 18 89 24 77 225 176 70 152 10 317 0 1369 0 0 3000 193 66 213 1069 1225 342 18 56 0 121 0 63 193 50 13 169 45 478 0 53 76 60 336 0 385 8 0 16 0 584 94 13 0 
11 293 0 8 21 51 496 704 40 1434 1917 7 35 26 0 62 224 10 557 229 96 2481 331 320 147 0 147 1776 46 9 0 54 181 11 0 24 0 467 1281 970 148 1581 111 846 28 102 125 134 659 0 182 127 0 16 35 2460 20 1472 268 1485 967 122 2847 452 569 1492 10 673 356 833 10 35 630 9 1321 794 162 110 10 9 
77 25 8 0 141 601 3000 37 73 12 275 0 30 74 144 674 426 38 394 717 1383 328 55 2843 9 264 549 60 265 314 1689 157 791 39 89 34 1140 2028 0 0 45 60 53 272 1490 0 40 1237 198 141 419 17 204 3000 18 180 121 3000 9 0 9 0 36 264 370 49 18 1044 1088 67 35 58 68 16 13 92 3000 95 40 42 
909 180 21 141 0 45 0 47 227 39 155 0 16 33 51 88 164 373 13 0 398 3000 203 27 33 182 1272 12 12 0 412 48 108 14 16 299 984 20 375 0 184 0 0 18 170 0 15 18 20 16 49 907 109 0 107 191 451 15 0 0 662 0 476 24 49 0 36 478 96 127 31 78 1482 854 12 0 142 10 1438 155 
50 0 51 601 45 0 155 0 557 22 74 14 0 47 0 921 949 12 18 0 82 0 530 62 24 11 10 637 178 1092 0 0 261 540 0 1929 12 13 0 0 0 43 27 21 3000 16 0 1065 235 0 0 374 148 108 14 250 270 455 57 0 102 0 36 234 0 584 0 73 91 116 94 224 708 9 57 1076 860 0 31 20 
8 0 496 3000 0 155 0 0 0 21 66 729 0 10 0 104 210 3000 101 8 131 0 211 1633 0 107 66 221 882 144 0 0 8 46 0 0 0 0 0 353 0 107 780 75 65 313 0 16 0 0 0 8 0 951 2063 104 2334 358 53 0 51 0 21 132 0 1428 41 239 16 19 530 13 50 128 137 15 1281 0 173 294 
145 630 704 37 47 0 0 0 494 1798 427 181 13 1992 201 197 675 73 274 12 781 449 0 260 28 0 0 0 0 1346 108 2088 608 184 156 785 17 60 713 3000 905 1595 0 0 56 425 39 9 228 27 24 3000 11 15 929 0 137 0 11 44 509 98 860 47 65 0 17 44 0 8 9 29 1473 0 0 96 0 133 90 0 
19 18 40 73 227 557 0 494 0 26 70 0 923 289 50 7 302 11 24 46 30 468 716 943 142 222 171 576 91 0 222 103 950 22 268 286 1432 1311 509 0 1721 0 0 96 8 0 180 72 9 261 389 44 106 0 375 17 11 0 0 20 13 0 365 0 1130 0 637 16 643 10 0 179 37 92 141 0 82 59 297 807 
301 896 1434 12 39 22 21 1798 26 0 67 13 209 180 0 22 121 152 17 7 147 1225 31 49 27 0 14 56 230 39 0 109 138 3000 388 95 204 41 84 10 20 947 659 8 132 145 16 931 59 0 103 8 0 16 27 726 260 11 1898 896 173 16 16 42 31 86 791 251 259 54 8 10 169 18 105 82 10 260 564 98 
374 136 1917 275 155 74 66 427 70 67 0 302 253 13 14 35 541 62 1263 2073 1256 2829 0 83 77 0 16 110 0 438 359 427 71 191 3000 1051 7 27 122 27 30 1348 33 0 32 758 790 39 3000 90 1401 288 423 225 1207 0 45 0 113 27 9 93 212 18 384 1115 102 165 68 397 602 908 55 0 0 759 0 1569 169 0 
13 0 7 0 0 14 729 181 0 13 302 0 731 141 0 13 911 46 76 3000 1138 2247 0 666 234 0 195 0 0 95 0 9 1074 1458 0 205 0 0 2147 21 0 26 30 0 224 97 19 222 997 0 1332 115 0 19 1365 0 16 12 315 67 2506 27 1596 105 25 72 244 74 87 100 12 45 268 0 0 30 0 133 7 0 
103 108 35 30 16 0 0 13 923 209 253 731 0 1959 38 12 357 18 231 360 164 13 0 321 8 0 0 216 0 0 11 627 25 13 87 370 13 359 1692 1449 9 485 0 0 0 0 21 968 557 475 16 53 2704 103 33 0 46 0 3000 3000 407 42 310 9 716 0 173 36 0 480 0 76 74 0 0 79 93 8 224 0 
413 0 26 74 33 47 10 1992 289 180 13 141 1959 0 0 27 154 39 329 70 1969 1906 127 1275 1468 67 12 952 54 16 0 1959 11 26 0 1159 0 57 98 298 103 26 39 277 72 119 0 85 45 0 153 337 0 593 16 18 1774 422 38 38 157 601 19 420 179 50 120 249 19 22 12 53 390 170 66 80 19 177 509 480 
102 3000 0 144 51 0 0 201 50 0 14 0 38 0 0 0 0 0 0 0 47 48 52 0 9 0 0 40 0 0 114 9 575 135 486 100 3000 91 568 0 39 0 0 0 0 0 393 31 15 279 18 20 115 0 18 0 17 0 0 0 0 0 3000 0 15 0 42 0 0 0 0 802 52 0 2273 0 231 830 19 0 
24 10 62 674 88 921 104 197 7 22 35 13 12 27 0 0 97 836 34 11 41 9 27 250 22 70 335 145 517 40 0 209 9 28 0 187 41 143 180 102 14 8 118 8 168 1161 320 36 116 482 67 68 3000 91 536 159 11 81 3000 754 321 29 29 24 342 717 867 396 13 94 284 42 66 19 254 100 169 157 311 25 
189 31 224 426 164 949 210 675 302 121 541 911 357 154 0 97 0 276 372 130 651 1058 129 603 223 175 204 57 7 151 0 673 132 579 0 9 13 31 109 2780 3000 31 164 9 3000 1181 1090 849 59 212 571 9 161 1442 16 266 472 69 1321 48 1043 612 222 1558 92 207 2521 20 120 560 184 219 45 10 54 483 14 25 314 62 
28 93 10 38 373 12 3000 73 11 152 62 46 18 39 0 836 276 0 30 3000 237 81 14 24 85 0 2292 64 68 71 0 204 18 10 1915 20 67 66 24 254 307 16 29 3000 122 1808 728 66 2159 0 12 415 0 55 45 10 300 25 215 70 1718 44 792 15 533 66 65 241 314 54 11 44 853 13 95 14 86 165 104 8 
937 14 557 394 13 18 101 274 24 17 1263 76 231 329 0 34 372 30 0 272 1108 156 803 1075 47 36 29 125 443 483 0 29 47 1357 0 14 41 49 337 383 595 101 42 20 295 12 983 53 1646 194 22 119 18 22 1466 124 220 99 185 3000 31 255 8 1175 198 2811 568 340 422 45 70 49 150 841 39 29 21 10 73 1528 
43 60 229 717 0 0 8 12 46 7 2073 3000 360 70 0 11 130 3000 272 0 3000 443 0 361 29 0 0 0 0 1059 0 294 597 232 2253 60 154 551 43 2895 12 399 0 0 123 86 54 61 222 313 22 3000 0 184 15 0 130 0 28 156 150 832 1945 1395 19 484 485 9 0 248 36 129 67 0 0 2195 0 749 401 0 
288 21 96 1383 398 82 131 781 30 147 1256 1138 164 1969 47 41 651 237 1108 3000 0 7 0 15 332 0 20 336 0 9 394 73 53 318 341 578 2477 281 32 201 70 1904 0 485 39 12 98 474 393 22 104 43 210 232 3000 0 2425 0 12 8 43 422 920 76 3000 105 32 352 422 11 229 50 148 0 0 51 147 880 132 0 
495 49 2481 328 3000 0 0 449 468 1225 2829 2247 13 1906 48 9 1058 81 156 443 7 0 0 40 435 0 0 9 0 0 2709 956 601 450 39 475 820 110 3000 1784 15 7 0 0 76 8 2208 391 34 195 46 1886 175 60 181 0 568 0 3000 134 307 25 1019 81 11 0 861 659 0 192 377 867 35 0 0 1305 0 216 1526 0 
85 9 331 55 203 530 211 0 716 31 0 0 0 127 52 27 129 14 803 0 0 0 0 0 136 196 8 948 47 0 10 0 33 27 0 105 351 183 0 0 80 0 92 82 32 0 0 0 93 27 0 8 11 0 34 261 184 102 0 0 746 0 150 0 0 57 0 778 123 775 327 18 339 20 23 0 15 0 23 521 
138 45 320 2843 27 62 1633 260 943 49 83 666 321 1275 0 250 603 24 1075 361 15 40 0 0 422 0 159 34 0 206 0 38 181 54 674 1019 15 3000 22 15 17 15 9 272 559 44 388 279 132 0 428 100 0 16 3000 0 164 38 76 54 186 1625 1263 2683 88 302 1552 58 39 36 30 663 389 0 0 96 0 106 197 0 
22 78 147 9 33 24 0 28 142 27 77 234 8 1468 9 22 223 85 47 29 332 435 136 422 0 0 2886 36 548 0 155 350 1498 29 225 148 630 57 3000 17 39 18 0 18 413 25 58 8 491 2587 47 74 215 24 22 275 45 0 35 49 56 148 15 333 329 0 70 300 620 14 162 517 56 688 841 68 22 261 39 40 
0 0 0 264 182 11 107 0 222 0 0 0 0 67 0 70 175 0 36 0 0 0 196 0 0 0 17 159 1800 0 0 0 8 0 0 0 0 0 0 0 0 0 122 22 301 0 0 0 0 0 0 7 12 0 0 37 18 396 0 0 310 0 16 0 0 14 0 0 325 45 109 71 58 40 272 0 49 0 0 63 
2000 0 147 549 1272 10 66 0 171 14 16 195 0 12 0 335 204 2292 29 0 20 0 8 159 2886 17 0 13 96 16 0 0 80 181 0 17 861 1550 0 0 151 310 980 45 152 693 0 10 66 316 0 517 439 380 292 25 9 67 85 0 7 0 2905 3000 0 49 0 54 115 13 2183 345 110 10 330 21 76 0 280 83 
14 98 1776 60 12 637 221 0 576 56 110 0 216 952 40 145 57 64 125 0 336 9 948 34 36 159 13 0 28 94 254 78 3000 155 203 15 193 99 0 0 57 0 17 47 38 0 0 11 20 133 0 36 310 317 747 62 252 120 10 0 28 0 24 314 532 14 0 35 77 13 638 24 1059 14 34 0 7 0 425 167 
84 0 46 265 12 178 882 0 91 230 0 0 0 54 0 517 7 68 443 0 0 0 47 0 548 1800 96 28 0 158 0 0 3000 1716 0 0 559 18 0 0 0 0 15 21 3000 106 0 0 0 0 0 138 59 108 621 16 275 140 31 0 3000 0 8 33 0 121 0 267 12 43 86 43 1732 11 1030 2575 73 0 1495 461 
116 0 9 314 0 1092 144 1346 0 39 438 95 0 16 0 40 151 71 483 1059 9 0 0 206 0 0 16 94 158 0 0 0 980 29 0 0 0 0 0 3000 0 153 2054 43 89 45 0 48 0 0 0 318 0 59 275 0 23 9 9 0 33 0 22 37 0 55 16 1502 45 13 58 154 120 1138 0 305 0 0 18 0 
1327 31 0 1689 412 0 0 108 222 0 359 0 11 0 114 0 0 0 0 0 394 2709 10 0 155 0 0 254 0 0 0 79 1265 9 782 81 36 42 852 0 17 0 0 0 0 0 543 59 45 46 59 56 297 0 53 56 76 0 0 0 0 0 455 0 323 0 42 0 0 249 0 3000 12 0 472 0 15 581 26 205 
144 34 54 157 48 0 0 2088 103 109 427 9 627 1959 9 209 673 204 29 294 73 956 0 38 350 0 0 78 0 0 79 0 675 1086 3000 540 578 26 2850 3000 27 409 0 0 489 8 3000 133 86 16 155 1521 187 91 141 0 190 0 1684 98 60 213 30 586 2277 0 266 889 0 109 359 91 60 0 0 40 113 350 60 0 
457 18 181 791 108 261 8 608 950 138 71 1074 25 11 575 9 132 18 47 597 53 601 33 181 1498 8 80 3000 3000 980 1265 675 0 93 45 153 123 54 19 10 37 82 923 76 414 85 10 90 69 144 74 973 128 42 262 19 363 197 287 56 471 0 34 135 68 143 25 96 40 439 47 36 304 1504 87 1220 545 238 32 1070 
56 89 11 39 14 540 46 184 22 3000 191 1458 13 26 135 28 579 10 1357 232 318 450 27 54 29 0 181 155 1716 29 9 1086 93 0 109 396 105 1184 35 36 949 39 297 30 91 57 1113 67 219 1458 106 43 1325 40 168 64 862 30 926 11 328 135 14 42 44 88 925 185 331 9 178 185 15 138 50 88 120 48 42 560 
164 24 0 89 16 0 0 156 268 388 3000 0 87 0 486 0 0 1915 0 2253 341 39 0 674 225 0 0 203 0 0 782 3000 45 109 0 1787 1009 44 11 1520 70 0 0 0 0 0 254 286 198 8 46 419 137 0 26 0 34 0 0 9 0 123 263 0 1208 0 17 345 0 9 0 237 80 0 0 0 173 1461 9 0 
21 77 24 34 299 1929 0 785 286 95 1051 205 370 1159 100 187 9 20 14 60 578 475 105 1019 148 0 17 15 0 0 81 540 153 396 1787 0 16 881 376 49 51 41 0 783 925 21 1132 158 2358 260 115 17 3000 152 51 0 114 0 99 99 1408 11 22 64 86 0 460 227 64 9 143 22 152 0 31 379 71 390 269 0 
306 225 0 1140 984 12 0 17 1432 204 7 0 13 0 3000 41 13 67 41 154 2477 820 351 15 630 0 861 193 559 0 36 578 123 105 1009 16 0 74 3000 77 61 0 0 11 1921 0 9 590 458 18 26 18 302 0 111 122 33 0 0 95 143 0 126 0 469 0 362 341 55 8 0 62 133 13 10 0 38 116 27 53 
127 176 467 2028 20 13 0 60 1311 41 27 0 359 57 91 143 31 66 49 551 281 110 183 3000 57 0 1550 99 18 0 42 26 54 1184 44 881 74 0 49 307 39 425 0 2489 923 0 1085 52 83 525 1240 18 17 191 60 992 2903 0 100 48 18 0 278 43 313 0 1488 463 186 72 73 37 127 181 215 0 28 124 72 9 
45 70 1281 0 375 0 0 713 509 84 122 2147 1692 98 568 180 109 24 337 43 32 3000 0 22 3000 0 0 0 0 0 852 2850 19 35 11 376 3000 49 0 52 577 66 0 0 0 3000 527 46 45 60 22 3000 166 31 55 0 649 0 44 49 0 99 0 43 332 0 365 21 0 1194 0 271 21 0 0 2595 0 9 84 0 
8 152 970 0 0 0 353 3000 0 10 27 21 1449 298 0 102 2780 254 383 2895 201 1784 0 15 17 0 0 0 0 3000 0 3000 10 36 1520 49 77 307 52 0 125 921 814 0 929 113 111 12 9 0 48 106 0 2699 179 0 119 0 48 265 3000 7 13 344 13 91 59 47 0 108 14 419 56 0 0 116 0 528 8 0 
106 10 148 45 184 0 0 905 1721 20 30 0 9 103 39 14 3000 307 595 12 70 15 80 17 39 0 151 57 0 0 17 27 37 949 70 51 61 39 577 125 0 75 0 124 0 0 3000 18 101 50 10 34 422 870 24 3000 32 0 62 326 695 68 79 123 7 0 20 17 86 51 0 8 52 0 2920 0 45 202 517 21 
97 317 1581 60 0 43 107 1595 0 947 1348 26 485 26 0 8 31 16 101 399 1904 7 0 15 18 0 310 0 0 153 0 409 82 39 0 41 0 425 66 921 75 0 126 0 257 40 47 62 51 0 37 88 0 130 9 0 2885 8 44 2070 42 20 31 13 1698 118 10 341 1870 907 11 113 49 0 0 67 0 31 3000 0 
14 0 111 53 0 27 780 0 0 659 33 30 0 39 0 118 164 29 42 0 0 0 92 9 0 122 980 17 15 2054 0 0 923 297 0 0 0 0 0 814 0 126 0 195 12 18 0 188 0 0 0 445 0 21 31 139 542 385 15 0 3000 0 36 31 0 703 0 145 2612 744 13 92 863 138 66 907 44 0 127 58 
349 1369 846 272 18 21 75 0 96 8 0 0 0 277 0 8 9 3000 20 0 485 0 82 272 18 22 45 47 21 43 0 0 76 30 0 783 11 2489 0 0 124 0 195 0 3000 14 0 304 8 3000 0 77 8 956 48 811 3000 418 2334 0 519 0 2507 35 0 3000 0 19 31 8 201 365 481 375 7 8 211 0 26 167 
3000 0 28 1490 170 3000 65 56 8 132 32 224 0 72 0 168 3000 122 295 123 39 76 32 559 413 301 152 38 3000 89 0 489 414 91 0 925 1921 923 0 929 0 257 12 3000 0 65 0 849 22 0 0 155 0 9 12 731 47 45 130 0 758 0 52 759 351 15 662 634 358 259 20 32 2531 35 68 173 68 355 55 14 
51 0 102 0 0 16 313 425 0 145 758 97 0 119 0 1161 1181 1808 12 86 12 8 0 44 25 0 693 0 106 45 0 8 85 57 0 21 0 0 3000 113 0 40 18 14 65 0 0 372 0 0 0 10 0 13 32 0 35 499 3000 146 8 11 223 25 43 75 72 136 10 11 53 28 22 0 0 1738 0 123 17 0 
254 3000 125 40 15 0 0 39 180 16 790 19 21 0 393 320 1090 728 983 54 98 2208 0 388 58 0 0 0 0 0 543 3000 10 1113 254 1132 9 1085 527 111 3000 47 0 0 0 0 0 34 111 67 11 57 16 27 260 0 317 0 263 3000 0 1517 181 32 600 0 359 18 0 200 0 9 702 0 0 20 933 12 111 0 
80 193 134 1237 18 1065 16 9 72 931 39 222 968 85 31 36 849 66 53 61 474 391 0 279 8 0 10 11 0 48 59 133 90 67 286 158 590 52 46 12 18 62 188 304 849 372 34 0 51 3000 493 98 89 40 226 0 626 0 37 71 113 80 361 52 181 36 174 25 92 109 1191 33 1101 0 0 237 39 76 88 0 
35 66 659 198 20 235 0 228 9 59 3000 997 557 45 15 116 59 2159 1646 222 393 34 93 132 491 0 66 20 0 0 45 86 69 219 198 2358 458 83 45 9 101 51 0 8 22 0 111 51 0 612 51 22 236 83 1000 0 73 0 34 11 3000 288 75 410 805 0 3000 243 9 33 107 12 15 0 1124 134 137 75 2303 0 
8 213 0 141 16 0 0 27 261 0 90 0 475 0 279 482 212 0 194 313 22 195 27 0 2587 0 316 133 0 0 46 16 144 1458 8 260 18 525 60 0 50 0 0 3000 0 0 67 3000 612 0 27 53 8 0 35 866 2833 0 0 0 39 0 380 0 177 0 11 1019 46 1888 0 633 169 159 934 0 26 792 7 369 
42 1069 182 419 49 0 0 24 389 103 1401 1332 16 153 18 67 571 12 22 22 104 46 0 428 47 0 0 0 0 0 59 155 74 106 46 115 26 1240 22 48 10 37 0 0 0 0 11 493 51 27 0 3000 1041 69 385 0 15 0 25 214 152 88 585 311 329 0 52 80 0 20 0 1817 1758 0 0 10 0 146 389 0 
283 1225 127 17 907 374 8 3000 44 8 288 115 53 337 20 68 9 415 119 3000 43 1886 8 100 74 7 517 36 138 318 56 1521 973 43 419 17 18 18 3000 106 34 88 445 77 155 10 57 98 22 53 3000 0 21 73 3000 12 2077 73 15 119 225 43 543 141 29 3000 1780 142 24 12 173 107 29 2021 876 59 8 8 167 164 
76 342 0 204 109 148 0 11 106 0 423 0 2704 0 115 3000 161 0 18 0 210 175 11 0 215 12 439 310 59 0 297 187 128 1325 137 3000 302 17 166 0 422 0 0 8 0 0 16 89 236 8 1041 21 0 0 343 29 50 0 0 0 822 0 160 0 801 0 130 19 66 325 0 547 35 70 236 0 189 86 30 67 
18 18 16 3000 0 108 951 15 0 16 225 19 103 593 0 91 1442 55 22 184 232 60 0 16 24 0 380 317 108 59 0 91 42 40 0 152 0 191 31 2699 870 130 21 956 9 13 27 40 83 0 69 73 0 0 122 0 9 83 56 296 10 20 1911 413 124 209 81 91 185 3000 17 629 179 0 0 283 0 1058 3000 0 
773 56 35 18 107 14 2063 929 375 27 1207 1365 33 16 18 536 16 45 1466 15 3000 181 34 3000 22 0 292 747 621 275 53 141 262 168 26 51 111 60 55 179 24 9 31 48 12 32 260 226 1000 35 385 3000 343 122 0 31 69 849 349 218 1437 42 109 271 33 198 246 51 449 393 57 16 71 149 169 35 46 203 123 2853 
10 0 2460 180 191 250 104 0 17 726 0 0 0 18 0 159 266 10 124 0 0 0 261 0 275 37 25 62 16 0 56 0 19 64 0 0 122 992 0 0 3000 0 139 811 731 0 0 0 0 866 0 12 29 0 31 0 2795 2904 0 0 651 0 138 0 0 31 0 10 50 163 32 59 321 681 159 0 9 0 9 8 
1288 121 20 121 451 270 2334 137 11 260 45 16 46 1774 17 11 472 300 220 130 2425 568 184 164 45 18 9 252 275 23 76 190 363 862 34 114 33 2903 649 119 32 2885 542 3000 47 35 317 626 73 2833 15 2077 50 9 69 2795 0 1611 28 26 851 1134 86 52 84 101 29 521 3000 3000 2610 884 1136 10 20 10 17 344 21 67 
236 0 1472 3000 15 455 358 0 0 11 0 12 0 422 0 81 69 25 99 0 0 0 102 38 0 396 67 120 140 9 0 0 197 30 0 0 0 0 0 0 0 8 385 418 45 499 0 0 0 0 0 73 0 83 849 2904 1611 0 658 0 1113 0 705 20 0 75 0 390 30 20 237 8 45 22 97 126 142 0 130 457 
10 63 268 9 0 57 53 11 0 1898 113 315 3000 38 0 3000 1321 215 185 28 12 3000 0 76 35 0 85 10 31 9 0 1684 287 926 0 99 0 100 44 48 62 44 15 2334 130 3000 263 37 34 0 25 15 0 56 349 0 28 658 0 152 3000 286 369 27 59 49 146 1006 145 18 8 609 102 0 0 415 0 1707 611 0 
197 193 1485 0 0 0 0 44 20 896 27 67 3000 38 0 754 48 70 3000 156 8 134 0 54 49 0 0 0 0 0 0 98 56 11 9 99 95 48 49 265 326 2070 0 0 0 146 3000 71 11 0 214 119 0 296 218 0 26 0 152 0 0 1080 0 123 41 0 293 184 0 62 2830 49 297 0 0 35 0 596 172 0 
67 50 967 9 662 102 51 509 13 173 9 2506 407 157 0 321 1043 1718 31 150 43 307 746 186 56 310 7 28 3000 33 0 60 471 328 0 1408 143 18 0 3000 695 42 3000 519 758 8 0 113 3000 39 152 225 822 10 1437 651 851 1113 3000 0 0 0 86 454 299 635 197 326 440 218 94 24 195 639 241 18 408 26 104 137 
59 13 122 0 0 0 0 98 0 16 93 27 42 601 0 29 612 44 255 832 422 25 0 1625 148 0 0 0 0 0 0 213 0 135 123 11 0 0 99 7 68 20 0 0 0 11 1517 80 288 0 88 43 0 20 42 0 1134 0 286 1080 0 0 0 24 27 0 215 8 0 281 285 1311 269 0 0 964 0 181 1063 0 
22 169 2847 36 476 36 21 860 365 16 212 1596 310 19 3000 29 222 792 8 1945 920 1019 150 1263 15 16 2905 24 8 22 455 30 34 14 263 22 126 278 0 13 79 31 36 2507 52 223 181 361 75 380 585 543 160 1911 109 138 86 705 369 0 86 0 0 242 959 434 32 1579 414 61 697 1240 33 65 233 3000 12 10 3000 152 
44 45 452 264 24 234 132 47 0 42 18 105 9 420 0 24 1558 15 1175 1395 76 81 0 2683 333 0 3000 314 33 37 0 586 135 42 0 64 0 43 43 344 123 13 31 35 759 25 32 52 410 0 311 141 0 413 271 0 52 20 27 123 454 24 242 0 48 13 221 78 74 844 193 27 507 0 0 21 0 81 45 0 
495 478 569 370 49 0 0 65 1130 31 384 25 716 179 15 342 92 533 198 19 3000 11 0 88 329 0 0 532 0 0 323 2277 68 44 1208 86 469 313 332 13 7 1698 0 0 351 43 600 181 805 177 329 29 801 124 33 0 84 0 59 41 299 27 959 48 0 0 151 1245 0 2456 48 43 15 0 0 1434 0 650 199 0 
166 0 1492 49 0 584 1428 0 0 86 1115 72 0 50 0 717 207 66 2811 484 105 0 57 302 0 14 49 14 121 55 0 0 143 88 0 0 0 0 0 91 0 118 703 3000 15 75 0 36 0 0 0 3000 0 209 198 31 101 75 49 0 635 0 434 13 0 0 94 472 20 20 8 26 10 93 311 182 0 0 115 39 
3000 53 10 18 36 0 41 17 637 791 102 244 173 120 42 867 2521 65 568 485 32 861 0 1552 70 0 0 0 0 16 42 266 25 925 17 460 362 1488 365 59 20 10 0 0 662 72 359 174 3000 11 52 1780 130 81 246 0 29 0 146 293 197 215 32 221 151 94 0 995 0 189 50 103 13 0 0 377 0 39 12 0 
441 76 673 1044 478 73 239 44 16 251 165 74 36 249 0 396 20 241 340 9 352 659 778 58 300 0 54 35 267 1502 0 889 96 185 345 227 341 463 21 47 17 341 145 19 634 136 18 25 243 1019 80 142 19 91 51 10 521 390 1006 184 326 8 1579 78 1245 472 995 0 122 587 60 27 398 50 489 90 3000 974 111 114 
16 60 356 1088 96 91 16 0 643 259 68 87 0 19 0 13 120 314 422 0 422 0 123 39 620 325 115 77 12 45 0 0 40 331 0 64 55 186 0 0 86 1870 2612 31 358 10 0 92 9 46 0 24 66 185 449 50 3000 30 145 0 440 0 414 74 0 20 0 122 0 50 145 44 9 219 3000 213 140 0 16 31 
81 336 833 67 127 116 19 8 10 54 397 100 480 22 0 94 560 54 45 248 11 192 775 36 14 45 13 13 43 13 249 109 439 9 9 9 8 72 1194 108 51 907 744 8 259 11 200 109 33 1888 20 12 325 3000 393 163 3000 20 18 62 218 281 61 844 2456 20 189 587 50 0 19 10 142 124 13 17 200 101 699 11 
444 0 10 35 31 94 530 9 0 8 602 12 0 12 0 284 184 11 70 36 229 377 327 30 162 109 2183 638 86 58 0 359 47 178 0 143 0 73 0 14 0 11 13 201 20 53 0 1191 107 0 0 173 0 17 57 32 2610 237 8 2830 94 285 697 193 48 8 50 60 145 19 0 333 2619 30 190 7 48 41 222 18 
51 385 35 58 78 224 13 29 179 10 908 45 76 53 802 42 219 44 49 129 50 867 18 663 517 71 345 24 43 154 3000 91 36 185 237 22 62 37 271 419 8 113 92 365 32 28 9 33 12 633 1817 107 547 629 16 59 884 8 609 49 24 1311 1240 27 43 26 103 27 44 10 333 0 321 1096 9 95 16 1057 156 295 
714 8 630 68 1482 708 50 1473 37 169 55 268 74 390 52 66 45 853 150 67 148 35 339 389 56 58 110 1059 1732 120 12 60 304 15 80 152 133 127 21 56 52 49 863 481 2531 22 702 1101 15 169 1758 29 35 179 71 321 1136 45 102 297 195 269 33 507 15 10 13 398 9 142 2619 321 0 456 38 1119 1622 210 100 250 
49 0 9 16 854 9 128 0 92 18 0 0 0 170 0 19 10 13 841 0 0 0 20 0 688 40 10 14 11 1138 0 0 1504 138 0 0 13 181 0 0 0 0 138 375 35 0 0 0 0 159 0 2021 70 0 149 681 10 22 0 0 639 0 65 0 0 93 0 50 219 124 30 1096 456 0 33 0 386 0 0 2172 
139 16 1321 13 12 57 137 0 141 105 0 0 0 66 2273 254 54 95 39 0 0 0 23 0 841 272 330 34 1030 0 472 0 87 50 0 31 10 215 0 0 2920 0 66 7 68 0 0 0 1124 934 0 876 236 0 169 159 20 97 0 0 241 0 233 0 0 311 0 489 3000 13 190 9 38 33 0 0 289 0 82 62 
35 0 794 92 0 1076 15 96 0 82 759 30 79 80 0 100 483 14 29 2195 51 1305 0 96 68 0 21 0 2575 305 0 40 1220 88 0 379 0 0 2595 116 0 67 907 8 173 1738 20 237 134 0 10 59 0 283 35 0 10 126 415 35 18 964 3000 21 1434 182 377 90 213 17 7 95 1119 0 0 0 0 1696 213 0 
1505 584 162 3000 142 860 1281 0 82 10 0 0 93 19 231 169 14 86 21 0 147 0 15 0 22 49 76 7 73 0 15 113 545 120 173 71 38 28 0 0 45 0 44 211 68 0 933 39 137 26 0 8 189 0 46 9 17 142 0 0 408 0 12 0 0 0 0 3000 140 200 48 16 1622 386 289 0 0 0 933 2804 
2348 94 110 95 10 0 0 133 59 260 1569 133 8 177 830 157 25 165 10 749 880 216 0 106 261 0 0 0 0 0 581 350 238 48 1461 390 116 124 9 528 202 31 0 0 355 123 12 76 75 792 146 8 86 1058 203 0 344 0 1707 596 26 181 10 81 650 0 39 974 0 101 41 1057 210 0 0 1696 0 0 91 0 
1436 13 10 40 1438 31 173 90 297 564 169 7 224 509 19 311 314 104 73 401 132 1526 23 197 39 0 280 425 1495 18 26 60 32 42 9 269 27 72 84 8 517 3000 127 26 55 17 111 88 2303 7 389 167 30 3000 123 9 21 130 611 172 104 1063 3000 45 199 115 12 111 16 699 222 156 100 0 82 213 933 91 0 3000 
