80
0 66 49 93 96 96 95 111 63 86 36 98 91 44 82 97 41 100 38 84 92 76 49 74 82 50 22 88 76 101 80 105 38 88 50 43 86 71 61 90 91 50 90 43 75 72 118 98 60 67 73 99 81 47 31 70 105 53 89 58 80 71 112 82 105 89 119 66 40 84 48 101 96 60 72 79 87 93 105 74 
66 0 24 28 36 31 48 61 9 41 38 33 44 37 33 51 56 35 49 69 77 55 18 12 54 55 59 52 10 52 34 41 34 48 17 37 38 20 68 31 28 25 25 39 57 69 59 59 46 49 10 66 18 20 60 37 50 15 41 35 15 14 48 36 56 46 65 63 29 21 39 58 63 31 31 13 40 50 48 59 
49 24 0 48 47 49 47 63 28 62 35 52 66 12 33 49 32 58 25 52 61 39 21 27 42 31 37 44 35 53 32 57 32 42 9 39 60 22 45 41 44 1 49 15 40 49 69 53 25 31 28 57 43 21 36 25 56 10 41 16 35 37 64 34 57 67 71 42 26 37 16 55 54 15 50 35 62 47 56 41 
93 28 48 0 19 8 43 48 33 46 65 6 46 59 32 45 78 13 72 76 83 64 46 21 59 75 85 53 19 42 35 16 61 47 44 62 42 30 85 19 10 48 12 61 67 82 39 55 61 61 21 64 20 47 84 47 34 41 37 52 13 30 22 36 45 51 48 77 57 12 60 52 63 48 45 14 44 46 32 70 
96 36 47 19 0 11 25 29 44 64 73 16 65 56 19 26 73 32 68 61 67 50 53 24 44 67 83 36 31 23 22 13 69 30 46 72 60 26 75 6 10 46 31 58 53 69 24 37 52 50 26 46 36 55 80 37 16 43 20 45 23 44 19 22 25 69 30 66 64 15 54 33 45 41 61 25 62 28 13 56 
96 31 49 8 11 0 36 40 39 54 69 5 54 59 27 37 77 20 72 71 77 59 50 22 54 73 85 47 24 34 30 10 66 41 46 68 50 29 82 13 5 48 20 61 62 78 31 48 59 57 22 57 27 51 83 44 26 42 30 50 17 36 16 31 37 59 40 74 61 12 59 44 56 46 52 19 52 39 24 65 
95 48 47 43 25 36 0 16 58 85 80 40 86 51 16 2 62 56 60 39 44 31 61 37 23 55 77 14 49 7 16 36 77 9 51 82 81 29 58 24 32 46 54 52 34 50 30 13 39 34 39 22 56 63 72 25 17 48 8 36 41 61 40 14 11 90 26 49 71 34 47 10 21 35 79 44 83 4 19 37 
111 61 63 48 29 40 16 0 70 94 95 44 94 67 30 15 78 60 77 50 52 45 76 49 36 70 94 27 60 10 31 36 92 24 66 96 89 44 72 32 39 62 61 68 47 62 20 20 55 50 51 27 65 77 88 42 14 63 22 53 51 72 38 29 6 99 11 62 86 43 63 13 28 51 89 54 92 18 17 51 
63 9 28 33 44 39 58 70 0 34 31 39 38 40 42 60 59 38 52 76 85 62 14 21 63 60 59 61 14 61 43 48 28 57 20 29 32 29 73 39 36 29 28 42 65 76 68 68 52 56 19 74 19 16 61 45 58 19 50 42 22 9 55 45 65 39 74 69 24 29 44 67 72 38 23 20 33 59 57 66 
86 41 62 46 64 54 85 94 34 0 50 52 5 74 70 87 92 39 85 109 118 95 44 49 95 93 89 91 36 86 72 62 48 86 53 44 4 60 107 62 55 63 34 76 98 110 84 96 86 89 47 104 28 45 93 78 80 53 78 76 43 26 65 74 89 5 94 103 48 51 78 94 102 72 14 41 2 87 77 100 
36 38 35 65 73 69 80 95 31 50 0 71 55 40 65 83 53 68 45 86 95 73 20 49 77 58 43 79 46 85 64 79 4 77 30 7 50 52 72 67 66 37 59 42 74 80 97 88 59 65 48 92 49 18 49 60 86 32 73 51 52 38 86 67 89 53 101 72 9 59 46 89 89 50 36 51 51 81 85 75 
98 33 52 6 16 5 40 44 39 52 71 0 51 62 32 42 81 16 75 76 82 64 51 25 59 77 89 51 25 38 35 10 67 45 48 68 47 33 86 18 10 51 18 65 67 82 33 53 63 62 25 62 26 53 87 48 30 45 35 54 18 36 15 36 41 56 42 78 62 15 63 49 61 50 51 20 50 44 27 70 
91 44 66 46 65 54 86 94 38 5 55 51 0 78 72 88 97 37 89 112 121 98 49 51 97 98 94 93 38 87 74 61 53 88 57 49 6 63 111 63 55 67 34 80 101 113 84 98 90 93 49 106 30 49 97 81 80 57 79 79 45 30 64 76 90 5 94 107 53 52 82 96 104 75 19 43 5 89 78 103 
44 37 12 59 56 59 51 67 40 74 40 62 78 0 39 53 20 70 13 46 55 34 31 38 39 20 27 44 47 57 37 67 38 44 20 45 71 30 34 50 54 12 61 2 35 40 76 54 19 25 39 56 55 31 25 26 63 22 45 15 46 49 74 39 61 78 76 32 33 48 6 57 53 16 61 47 73 49 63 35 
82 33 33 32 19 27 16 30 42 70 65 32 72 39 0 18 55 46 51 44 51 32 46 21 27 48 67 21 34 20 3 32 62 16 36 66 66 14 55 15 23 32 42 41 35 51 36 26 33 31 24 34 42 47 63 17 23 33 8 27 27 46 38 4 24 75 37 47 56 21 37 26 32 23 63 29 69 18 23 38 
97 51 49 45 26 37 2 15 60 87 83 42 88 53 18 0 64 58 62 39 43 31 64 39 23 56 79 14 51 7 18 37 79 10 53 84 83 32 58 26 34 48 56 54 34 50 29 11 41 35 42 20 59 65 73 27 17 50 10 38 43 63 41 16 9 92 24 49 73 36 49 8 20 37 81 46 85 4 19 38 
41 56 32 78 73 77 62 78 59 92 53 81 97 20 55 64 0 89 8 43 51 37 49 58 45 9 19 52 66 70 52 84 52 54 40 59 91 49 21 67 72 32 81 18 36 32 90 62 23 29 59 61 75 48 10 38 77 41 59 28 66 69 91 53 73 97 88 25 48 66 19 67 58 32 79 67 92 60 77 34 
100 35 58 13 32 20 56 60 38 39 68 16 37 70 46 58 89 0 83 90 97 77 51 32 73 86 94 66 24 54 49 24 65 60 52 65 34 43 97 32 24 58 10 72 80 95 47 68 74 74 31 78 19 53 94 60 46 50 50 64 23 31 27 50 57 43 58 90 61 25 71 65 76 60 42 23 37 59 43 83 
38 49 25 72 68 72 60 77 52 85 45 75 89 13 51 62 8 83 0 47 55 38 41 51 45 14 17 51 59 67 48 79 44 53 32 51 83 43 28 62 67 25 74 11 37 37 87 61 23 29 52 61 68 40 12 35 74 34 56 24 60 61 86 50 71 89 86 29 40 61 14 66 59 28 71 60 84 59 74 36 
84 69 52 76 61 71 39 50 76 109 86 76 112 46 44 39 43 90 47 0 9 14 73 62 17 34 62 26 75 45 41 74 84 31 60 90 106 50 27 58 67 51 85 45 12 15 68 30 27 21 64 24 84 73 54 32 56 59 41 36 69 83 79 40 47 115 61 19 78 65 40 37 22 38 99 71 108 35 58 11 
92 77 61 83 67 77 44 52 85 118 95 82 121 55 51 43 51 97 55 9 0 22 81 69 24 42 70 31 83 49 48 79 93 37 69 99 114 58 33 65 73 60 92 54 21 20 71 33 36 30 72 25 92 82 61 40 60 68 47 45 77 92 84 47 50 123 63 26 87 72 49 39 24 47 108 79 117 40 62 20 
76 55 39 64 50 59 31 45 62 95 73 64 98 34 32 31 37 77 38 14 22 0 59 48 8 28 55 18 61 38 29 63 71 22 47 77 92 36 27 46 54 38 72 34 3 19 60 26 16 9 50 24 70 60 47 18 48 46 31 22 56 69 68 28 40 101 55 18 65 52 29 32 21 25 85 58 94 27 49 6 
49 18 21 46 53 50 61 76 14 44 20 51 49 31 46 64 49 51 41 73 81 59 0 29 61 51 46 61 27 66 45 59 17 58 12 21 42 32 65 47 46 22 42 33 61 69 76 70 46 51 28 75 32 2 49 43 66 14 54 37 33 23 66 48 70 49 81 62 11 39 36 71 73 34 31 31 44 62 65 62 
74 12 27 21 24 22 37 49 21 49 49 25 51 38 21 39 58 32 51 62 69 48 29 0 46 54 64 42 13 39 23 31 46 37 24 49 46 12 66 18 17 27 24 41 51 64 47 48 42 43 3 55 22 31 63 30 37 21 29 32 9 24 38 25 43 54 53 59 40 10 39 46 53 28 42 10 48 39 36 53 
82 54 42 59 44 54 23 36 63 95 77 59 97 39 27 23 45 73 45 17 24 8 61 46 0 35 62 10 59 30 24 57 74 15 49 80 91 34 36 41 50 40 68 39 11 27 53 18 22 16 48 16 68 62 55 18 40 47 24 26 53 69 62 23 32 100 47 26 68 48 34 24 14 27 85 55 93 19 42 14 
50 55 31 75 67 73 55 70 60 93 58 77 98 20 48 56 9 86 14 34 42 28 51 54 35 0 28 43 65 62 45 79 57 46 40 64 91 44 15 62 67 31 79 18 26 23 83 53 15 21 56 51 73 50 20 31 70 41 52 23 63 68 86 46 65 98 80 16 52 62 16 58 49 27 81 64 93 52 70 24 
22 59 37 85 83 85 77 94 59 89 43 89 94 27 67 79 19 94 17 62 70 55 46 64 62 28 0 68 70 84 64 94 43 70 42 50 88 58 39 77 80 37 85 26 54 50 103 78 40 46 64 78 77 45 9 52 90 44 72 41 72 68 101 66 88 93 103 44 41 74 30 83 76 44 75 71 89 75 90 52 
88 52 44 53 36 47 14 27 61 91 79 51 93 44 21 14 52 66 51 26 31 18 61 42 10 43 68 0 55 20 19 48 76 6 49 81 87 31 45 34 43 42 63 44 20 36 43 10 29 23 44 14 63 62 62 19 31 47 16 29 48 66 53 17 23 96 38 35 69 42 39 15 12 29 83 50 90 10 33 24 
76 10 35 19 31 24 49 60 14 36 46 25 38 47 34 51 66 24 59 75 83 61 27 13 59 65 70 55 0 51 36 34 42 50 28 44 32 25 77 28 22 35 15 49 64 77 55 61 54 56 11 68 9 29 70 43 47 26 42 44 9 12 40 38 55 41 62 71 38 17 49 59 67 39 30 6 34 52 45 66 
101 52 53 42 23 34 7 10 61 86 85 38 87 57 20 7 70 54 67 45 49 38 66 39 30 62 84 20 51 0 21 32 82 16 56 86 82 34 65 24 32 52 53 58 41 57 23 16 47 42 42 26 57 67 79 32 11 53 12 43 43 63 35 19 4 91 19 56 76 35 54 11 25 41 81 45 84 11 13 44 
80 34 32 35 22 30 16 31 43 72 64 35 74 37 3 18 52 49 48 41 48 29 45 23 24 45 64 19 36 21 0 35 61 14 35 66 68 14 52 18 26 31 44 38 32 47 39 25 30 28 26 32 44 47 60 14 26 32 9 24 29 47 41 2 25 77 39 44 55 24 34 25 30 21 64 32 71 17 26 35 
105 41 57 16 13 10 36 36 48 62 79 10 61 67 32 37 84 24 79 74 79 63 59 31 57 79 94 48 34 32 35 0 75 42 55 77 57 36 87 18 14 56 28 69 66 82 23 48 65 63 32 57 36 61 91 49 22 52 32 57 27 46 7 35 34 66 33 79 70 21 66 43 57 53 61 28 60 40 20 69 
38 34 32 61 69 66 77 92 28 48 4 67 53 38 62 79 52 65 44 84 93 71 17 46 74 57 43 76 42 82 61 75 0 73 26 7 48 48 71 64 62 34 55 40 72 78 93 85 56 62 44 89 46 15 49 57 82 29 70 49 49 34 82 63 86 51 97 71 6 55 44 86 87 47 34 47 49 78 81 72 
88 48 42 47 30 41 9 24 57 86 77 45 88 44 16 10 54 60 53 31 37 22 58 37 15 46 70 6 50 16 14 42 73 0 47 79 82 27 49 28 37 41 57 45 25 41 38 11 31 26 40 18 58 60 64 18 26 45 10 29 43 61 47 12 19 91 34 40 67 37 40 13 16 28 79 45 85 6 27 29 
50 17 9 44 46 46 51 66 20 53 30 48 57 20 36 53 40 52 32 60 69 47 12 24 49 40 42 49 28 56 35 55 26 47 0 32 51 22 54 40 41 10 43 23 48 57 69 58 34 39 23 63 36 13 42 31 57 3 44 24 30 29 62 37 60 58 72 51 20 34 24 60 61 22 41 30 53 51 57 49 
43 37 39 62 72 68 82 96 29 44 7 68 49 45 66 84 59 65 51 90 99 77 21 49 80 64 50 81 44 86 66 77 7 79 32 0 44 53 78 67 65 40 55 47 79 85 96 90 63 69 47 95 45 19 55 63 86 34 75 55 51 34 84 68 90 47 101 77 12 58 51 91 92 53 30 49 45 83 85 79 
86 38 60 42 60 50 81 89 32 4 50 47 6 71 66 83 91 34 83 106 114 92 42 46 91 91 88 87 32 82 68 57 48 82 51 44 0 57 105 58 50 60 30 74 95 107 80 93 83 86 43 101 24 43 91 74 76 50 74 73 40 23 61 70 85 9 90 100 48 47 75 90 99 69 14 37 2 84 73 97 
71 20 22 30 26 29 29 44 29 60 52 33 63 30 14 32 49 43 43 50 58 36 32 12 34 44 58 31 25 34 14 36 48 27 22 53 57 0 55 20 24 21 36 32 39 53 47 39 31 32 14 45 34 34 55 18 35 19 22 21 20 34 43 16 38 65 50 48 42 18 30 39 43 17 51 22 59 31 34 41 
61 68 45 85 75 82 58 72 73 107 72 86 111 34 55 58 21 97 28 27 33 27 65 66 36 15 39 45 77 65 52 87 71 49 54 78 105 55 0 70 77 44 90 32 25 13 87 53 23 25 67 49 86 65 30 38 74 55 57 33 74 82 93 52 67 112 83 9 66 72 30 59 47 38 95 75 107 54 76 21 
90 31 41 19 6 13 24 32 39 62 67 18 63 50 15 26 67 32 62 58 65 46 47 18 41 62 77 34 28 24 18 18 64 28 40 67 58 20 70 0 9 40 30 52 49 65 29 36 47 45 20 45 34 49 74 32 19 37 18 39 19 40 24 18 27 67 35 62 58 11 49 33 44 35 57 22 60 27 18 53 
91 28 44 10 10 5 32 39 36 55 66 10 55 54 23 34 72 24 67 67 73 54 46 17 50 67 80 43 22 32 26 14 62 37 41 65 50 24 77 9 0 43 22 56 57 73 32 45 53 52 18 54 27 48 78 39 25 38 27 45 14 35 21 26 35 60 40 69 57 7 53 41 53 40 52 16 53 36 23 60 
50 25 1 48 46 48 46 62 29 63 37 51 67 12 32 48 32 58 25 51 60 38 22 27 40 31 37 42 35 52 31 56 34 41 10 40 60 21 44 40 43 0 49 14 39 48 68 52 24 29 27 56 43 22 36 23 55 10 40 15 35 38 63 33 56 68 69 41 28 37 15 54 53 13 51 35 62 46 55 40 
90 25 49 12 31 20 54 61 28 34 59 18 34 61 42 56 81 10 74 85 92 72 42 24 68 79 85 63 15 53 44 28 55 57 43 55 30 36 90 30 22 49 0 63 74 89 51 66 67 68 23 75 10 43 85 54 46 40 47 57 16 21 32 46 57 38 60 84 52 20 63 63 73 52 34 15 32 57 44 77 
43 39 15 61 58 61 52 68 42 76 42 65 80 2 41 54 18 72 11 45 54 34 33 41 39 18 26 44 49 58 38 69 40 45 23 47 74 32 32 52 56 14 63 0 34 38 77 54 18 25 41 56 57 33 23 27 64 24 47 15 49 51 76 40 62 81 77 31 35 50 5 58 53 18 63 49 75 50 64 34 
75 57 40 67 53 62 34 47 65 98 74 67 101 35 35 34 36 80 37 12 21 3 61 51 11 26 54 20 64 41 32 66 72 25 48 79 95 39 25 49 57 39 74 34 0 16 63 28 16 10 53 25 73 61 46 20 51 47 34 24 59 72 71 31 43 103 58 15 66 55 29 34 23 27 88 60 97 30 52 3 
72 69 49 82 69 78 50 62 76 110 80 82 113 40 51 50 32 95 37 15 20 19 69 64 27 23 50 36 77 57 47 82 78 41 57 85 107 53 13 65 73 48 89 38 16 0 79 43 23 21 66 38 86 69 41 35 67 57 50 34 73 83 88 47 58 115 73 7 73 70 34 49 36 38 98 74 109 46 68 13 
118 59 69 39 24 31 30 20 68 84 97 33 84 76 36 29 90 47 87 68 71 60 76 47 53 83 103 43 55 23 39 23 93 38 69 96 80 47 87 29 32 68 51 77 63 79 0 38 68 63 49 47 58 78 99 52 13 66 31 63 46 67 21 37 21 89 12 78 87 39 73 31 47 60 83 48 83 33 13 67 
98 59 53 55 37 48 13 20 68 96 88 53 98 54 26 11 62 68 61 30 33 26 70 48 18 53 78 10 61 16 25 48 85 11 58 90 93 39 53 36 45 52 66 54 28 43 38 0 39 33 50 9 68 71 72 29 27 56 19 39 53 72 52 23 17 102 30 44 78 46 49 6 9 39 89 55 95 9 30 32 
60 46 25 61 52 59 39 55 52 86 59 63 90 19 33 41 23 74 23 27 36 16 46 42 22 15 40 29 54 47 30 65 56 31 34 63 83 31 23 47 53 24 67 18 16 23 68 39 0 7 44 39 63 47 33 16 54 34 36 11 51 60 71 31 50 91 65 17 51 49 13 44 36 15 75 52 85 37 55 16 
67 49 31 61 50 57 34 50 56 89 65 62 93 25 31 35 29 74 29 21 30 9 51 43 16 21 46 23 56 42 28 63 62 26 39 69 86 32 25 45 52 29 68 25 10 21 63 33 7 0 45 32 65 52 39 14 50 38 32 14 52 63 69 28 45 95 60 16 56 49 19 38 29 17 79 53 88 32 51 11 
73 10 28 21 26 22 39 51 19 47 48 25 49 39 24 42 59 31 52 64 72 50 28 3 48 56 64 44 11 42 26 32 44 40 23 47 43 14 67 20 18 27 23 41 53 66 49 50 44 45 0 58 20 29 63 32 39 20 32 34 8 22 39 27 46 52 55 61 39 11 40 49 56 29 39 8 45 42 38 55 
99 66 57 64 46 57 22 27 74 104 92 62 106 56 34 20 61 78 61 24 25 24 75 55 16 51 78 14 68 26 32 57 89 18 63 95 101 45 49 45 54 56 75 56 25 38 47 9 39 32 58 0 76 76 71 32 37 61 28 42 61 79 61 30 25 110 38 40 83 55 50 15 3 42 97 64 103 18 39 28 
81 18 43 20 36 27 56 65 19 28 49 26 30 55 42 59 75 19 68 84 92 70 32 22 68 73 77 63 9 57 44 36 46 58 36 45 24 34 86 34 27 43 10 57 73 86 58 68 63 65 20 76 0 34 78 52 52 34 49 53 15 11 41 46 61 33 66 80 42 23 57 66 75 48 25 13 27 59 50 75 
47 20 21 47 55 51 63 77 16 45 18 53 49 31 47 65 48 53 40 73 82 60 2 31 62 50 45 62 29 67 47 61 15 60 13 19 43 34 65 49 48 22 43 33 61 69 78 71 47 52 29 76 34 0 48 44 67 15 56 37 35 24 68 49 71 49 83 62 9 41 36 72 74 35 31 33 45 64 66 62 
31 60 36 84 80 83 72 88 61 93 49 87 97 25 63 73 10 94 12 54 61 47 49 63 55 20 9 62 70 79 60 91 49 64 42 55 91 55 30 74 78 36 85 23 46 41 99 72 33 39 63 71 78 48 0 47 85 44 68 36 71 70 98 61 82 97 97 35 46 72 26 77 68 39 79 71 92 70 86 44 
70 37 25 47 37 44 25 42 45 78 60 48 81 26 17 27 38 60 35 32 40 18 43 30 18 31 52 19 43 32 14 49 57 18 31 63 74 18 38 32 39 23 54 27 20 35 52 29 16 14 32 32 52 44 47 0 39 30 21 11 38 52 55 15 36 83 51 30 51 35 22 32 29 10 68 40 77 24 40 23 
105 50 56 34 16 26 17 14 58 80 86 30 80 63 23 17 77 46 74 56 60 48 66 37 40 70 90 31 47 11 26 22 82 26 57 86 76 35 74 19 25 55 46 64 51 67 13 27 54 50 39 37 52 67 85 39 0 54 18 49 38 59 25 24 12 85 15 65 76 30 60 22 37 46 76 41 78 21 3 54 
53 15 10 41 43 42 48 63 19 53 32 45 57 22 33 50 41 50 34 59 68 46 14 21 47 41 44 47 26 53 32 52 29 45 3 34 50 19 55 37 38 10 40 24 47 57 66 56 34 38 20 61 34 15 44 30 54 0 41 24 27 27 59 34 57 58 69 51 23 31 25 57 59 21 41 27 52 49 53 49 
89 41 41 37 20 30 8 22 50 78 73 35 79 45 8 10 59 50 56 41 47 31 54 29 24 52 72 16 42 12 9 32 70 10 44 75 74 22 57 18 27 40 47 47 34 50 31 19 36 32 32 28 49 56 68 21 18 41 0 32 34 53 38 7 16 83 30 48 64 27 42 17 26 29 71 37 76 10 19 37 
58 35 16 52 45 50 36 53 42 76 51 54 79 15 27 38 28 64 24 36 45 22 37 32 26 23 41 29 44 43 24 57 49 29 24 55 73 21 33 39 45 15 57 15 24 34 63 39 11 14 34 42 53 37 36 11 49 24 32 0 41 50 63 25 47 81 62 28 43 40 11 43 39 4 64 42 75 35 50 25 
80 15 35 13 23 17 41 51 22 43 52 18 45 46 27 43 66 23 60 69 77 56 33 9 53 63 72 48 9 43 29 27 49 43 30 51 40 20 74 19 14 35 16 49 59 73 46 53 51 52 8 61 15 35 71 38 38 27 34 41 0 21 33 31 46 49 53 68 44 8 48 51 59 37 38 2 42 44 36 61 
71 14 37 30 44 36 61 72 9 26 38 36 30 49 46 63 69 31 61 83 92 69 23 24 69 68 68 66 12 63 47 46 34 61 29 34 23 34 82 40 35 38 21 51 72 83 67 72 60 63 22 79 11 24 70 52 59 27 53 50 21 0 51 49 67 31 74 77 31 29 52 71 77 46 18 19 25 63 57 74 
112 48 64 22 19 16 40 38 55 65 86 15 64 74 38 41 91 27 86 79 84 68 66 38 62 86 101 53 40 35 41 7 82 47 62 84 61 43 93 24 21 63 32 76 71 88 21 52 71 69 39 61 41 68 98 55 25 59 38 63 33 51 0 41 36 69 33 85 77 28 73 46 61 59 66 35 63 44 22 75 
82 36 34 36 22 31 14 29 45 74 67 36 76 39 4 16 53 50 50 40 47 28 48 25 23 46 66 17 38 19 2 35 63 12 37 68 70 16 52 18 26 33 46 40 31 47 37 23 31 28 27 30 46 49 61 15 24 34 7 25 31 49 41 0 23 79 37 44 57 25 36 23 29 22 66 33 72 15 25 34 
105 56 57 45 25 37 11 6 65 89 89 41 90 61 24 9 73 57 71 47 50 40 70 43 32 65 88 23 55 4 25 34 86 19 60 90 85 38 67 27 35 56 57 62 43 58 21 17 50 45 46 25 61 71 82 36 12 57 16 47 46 67 36 23 0 94 15 58 80 38 58 10 26 45 84 49 87 13 15 46 
89 46 67 51 69 59 90 99 39 5 53 56 5 78 75 92 97 43 89 115 123 101 49 54 100 98 93 96 41 91 77 66 51 91 58 47 9 65 112 67 60 68 38 81 103 115 89 102 91 95 52 110 33 49 97 83 85 58 83 81 49 31 69 79 94 0 99 108 52 56 83 100 108 77 18 46 7 93 82 105 
119 65 71 48 30 40 26 11 74 94 101 42 94 76 37 24 88 58 86 61 63 55 81 53 47 80 103 38 62 19 39 33 97 34 72 101 90 50 83 35 40 69 60 77 58 73 12 30 65 60 55 38 66 83 97 51 15 69 30 62 53 74 33 37 15 99 0 73 92 45 72 24 39 59 91 56 92 28 17 61 
66 63 42 77 66 74 49 62 69 103 72 78 107 32 47 49 25 90 29 19 26 18 62 59 26 16 44 35 71 56 44 79 71 40 51 77 100 48 9 62 69 41 84 31 15 7 78 44 17 16 61 40 80 62 35 30 65 51 48 28 68 77 85 44 58 108 73 0 65 65 27 50 37 32 91 69 102 45 66 12 
40 29 26 57 64 61 71 86 24 48 9 62 53 33 56 73 48 61 40 78 87 65 11 40 68 52 41 69 38 76 55 70 6 67 20 12 48 42 66 58 57 28 52 35 66 73 87 78 51 56 39 83 42 9 46 51 76 23 64 43 44 31 77 57 80 52 92 65 0 50 39 80 80 41 34 43 49 71 75 67 
84 21 37 12 15 12 34 43 29 51 59 15 52 48 21 36 66 25 61 65 72 52 39 10 48 62 74 42 17 35 24 21 55 37 34 58 47 18 72 11 7 37 20 50 55 70 39 46 49 49 11 55 23 41 72 35 30 31 27 40 8 29 28 25 38 56 45 65 50 0 48 44 53 35 46 10 49 37 28 58 
48 39 16 60 54 59 47 63 44 78 46 63 82 6 37 49 19 71 14 40 49 29 36 39 34 16 30 39 49 54 34 66 44 40 24 51 75 30 30 49 53 15 63 5 29 34 73 49 13 19 40 50 57 36 26 22 60 25 42 11 48 52 73 36 58 83 72 27 39 48 0 53 48 14 65 48 77 45 60 29 
101 58 55 52 33 44 10 13 67 94 89 49 96 57 26 8 67 65 66 37 39 32 71 46 24 58 83 15 59 11 25 43 86 13 60 91 90 39 59 33 41 54 63 58 34 49 31 6 44 38 49 15 66 72 77 32 22 57 17 43 51 71 46 23 10 100 24 50 80 44 53 0 15 42 88 53 93 8 24 38 
96 63 54 63 45 56 21 28 72 102 89 61 104 53 32 20 58 76 59 22 24 21 73 53 14 49 76 12 67 25 30 57 87 16 61 92 99 43 47 44 53 53 73 53 23 36 47 9 36 29 56 3 75 74 68 29 37 59 26 39 59 77 61 29 26 108 39 37 80 53 48 15 0 40 95 62 101 17 39 26 
60 31 15 48 41 46 35 51 38 72 50 50 75 16 23 37 32 60 28 38 47 25 34 28 27 27 44 29 39 41 21 53 47 28 22 53 69 17 38 35 40 13 52 18 27 38 60 39 15 17 29 42 48 35 39 10 46 21 29 4 37 46 59 22 45 77 59 32 41 35 14 42 40 0 61 38 71 34 47 28 
72 31 50 45 61 52 79 89 23 14 36 51 19 61 63 81 79 42 71 99 108 85 31 42 85 81 75 83 30 81 64 61 34 79 41 30 14 51 95 57 52 51 34 63 88 98 83 89 75 79 39 97 25 31 79 68 76 41 71 64 38 18 66 66 84 18 91 91 34 46 65 88 95 61 0 36 15 81 74 89 
79 13 35 14 25 19 44 54 20 41 51 20 43 47 29 46 67 23 60 71 79 58 31 10 55 64 71 50 6 45 32 28 47 45 30 49 37 22 75 22 16 35 15 49 60 74 48 55 52 53 8 64 13 33 71 40 41 27 37 42 2 19 35 33 49 46 56 69 43 10 48 53 62 38 36 0 40 46 39 63 
87 40 62 44 62 52 83 92 33 2 51 50 5 73 69 85 92 37 84 108 117 94 44 48 93 93 89 90 34 84 71 60 49 85 53 45 2 59 107 60 53 62 32 75 97 109 83 95 85 88 45 103 27 45 92 77 78 52 76 75 42 25 63 72 87 7 92 102 49 49 77 93 101 71 15 40 0 86 76 99 
93 50 47 46 28 39 4 18 59 87 81 44 89 49 18 4 60 59 59 35 40 27 62 39 19 52 75 10 52 11 17 40 78 6 51 83 84 31 54 27 36 46 57 50 30 46 33 9 37 32 42 18 59 64 70 24 21 49 10 35 44 63 44 15 13 93 28 45 71 37 45 8 17 34 81 46 86 0 23 33 
105 48 56 32 13 24 19 17 57 77 85 27 78 63 23 19 77 43 74 58 62 49 65 36 42 70 90 33 45 13 26 20 81 27 57 85 73 34 76 18 23 55 44 64 52 68 13 30 55 51 38 39 50 66 86 40 3 53 19 50 36 57 22 25 15 82 17 66 75 28 60 24 39 47 74 39 76 23 0 56 
74 59 41 70 56 65 37 51 66 100 75 70 103 35 38 38 34 83 36 11 20 6 62 53 14 24 52 24 66 44 35 69 72 29 49 79 97 41 21 53 60 40 77 34 3 13 67 32 16 11 55 28 75 62 44 23 54 49 37 25 61 74 75 34 46 105 61 12 67 58 29 38 26 28 89 63 99 33 56 0 
0 470 458 48 140 99 608 98 54 78 37 10 29 17 31 300 730 79 3000 37 28 20 1317 51 477 460 17 225 154 10 12 1261 19 29 625 117 284 745 42 32 16 43 16 29 2631 211 38 18 19 19 37 61 0 7 378 104 1479 138 2646 169 361 29 62 99 58 2066 21 18 1103 779 52 21 21 74 83 3000 9 196 32 63 
470 0 504 31 0 0 3000 56 19 10 0 458 0 136 337 447 0 530 62 0 9 48 244 0 1387 0 20 59 547 37 48 0 0 73 0 0 0 54 0 580 342 809 32 0 345 0 488 0 36 44 0 0 65 11 94 70 358 18 1499 150 0 78 35 297 204 0 0 830 0 0 599 0 0 0 494 83 23 0 91 0 
458 504 0 99 551 355 24 0 60 225 0 0 690 255 111 879 609 22 13 348 194 1465 1150 19 8 0 0 13 0 112 107 58 0 299 147 0 43 356 0 103 1523 0 8 53 396 3000 173 21 1352 16 2301 0 45 397 68 18 11 15 97 248 43 0 537 10 3000 156 0 110 193 28 11 3000 0 2093 60 28 54 0 289 0 
48 31 99 0 13 556 46 0 0 0 0 0 235 41 122 54 10 29 15 287 17 479 20 36 149 282 0 3000 0 10 0 143 812 767 23 0 562 3000 0 225 94 0 188 114 45 9 276 82 538 231 24 0 0 1736 1418 11 247 530 809 81 130 0 0 1451 8 30 0 94 3000 414 0 12 0 10 155 695 110 0 95 0 
140 0 551 13 0 12 3000 0 0 0 0 0 181 577 496 149 191 71 339 511 1569 0 366 12 2395 196 0 926 0 0 0 31 0 11 37 0 96 11 0 65 0 0 32 22 3000 809 28 1191 12 8 695 0 0 132 44 10 0 100 0 3000 369 0 0 0 67 1043 0 25 432 364 0 724 0 56 61 0 24 0 0 0 
99 0 355 556 12 0 37 0 0 0 0 0 8 15 0 102 588 211 398 33 34 0 49 41 8 130 0 40 0 0 0 601 0 146 293 0 47 1075 0 23 0 0 0 240 97 9 41 98 1034 98 82 0 0 400 129 17 0 45 0 48 11 0 0 0 54 97 0 216 48 51 0 35 0 759 14 0 70 0 0 0 
608 3000 24 46 3000 37 0 694 2350 905 239 16 292 7 14 41 346 200 42 45 169 52 727 51 234 2435 143 96 25 83 10 322 82 175 14 13 20 353 274 15 8 18 93 271 285 56 590 941 110 101 8 46 38 44 253 1489 152 2823 288 702 138 631 138 122 297 1735 1402 43 107 75 76 75 164 1271 22 125 12 596 344 1766 
98 56 0 0 0 0 694 0 20 24 17 16 0 14 9 24 731 86 0 203 377 864 2170 11 11 8 322 10 3000 203 2385 56 13 97 0 67 13 843 2133 0 21 34 1179 59 0 0 0 0 40 39 1990 94 70 168 39 353 172 47 3000 1368 0 1209 151 33 551 1189 8 48 57 3000 14 0 139 0 0 17 40 764 136 57 
54 19 60 0 0 0 2350 20 0 106 234 21 0 256 16 162 0 1285 22 0 506 1697 93 17 20 0 2292 1616 34 234 830 0 18 178 0 20 0 116 1772 0 15 264 1290 0 0 0 18 0 42 92 0 54 43 10 11 740 56 447 89 138 0 109 11 100 100 0 690 3000 0 0 386 0 83 0 0 594 925 29 25 0 
78 10 225 0 0 0 905 24 106 0 27 518 0 12 841 262 0 0 112 0 16 12 231 9 0 0 17 16 24 722 65 0 20 684 0 0 0 0 36 0 981 97 24 0 0 0 206 0 771 112 0 1982 22 113 38 139 176 3000 8 493 0 978 129 100 47 0 269 3000 0 0 1654 0 22 0 0 67 64 324 2751 0 
37 0 0 0 0 0 239 17 234 27 0 45 0 3000 13 320 43 1016 0 40 70 1210 9 114 179 483 62 44 38 593 70 12 3000 57 0 15 120 0 80 0 7 7 186 11 0 0 0 0 0 79 84 302 0 961 77 21 0 2065 1267 0 0 13 49 0 35 658 117 29 18 156 710 0 1627 0 0 89 0 163 0 1359 
10 458 0 0 0 0 16 16 21 518 45 0 0 659 56 13 254 42 0 15 206 38 64 670 107 34 15 70 2551 57 505 7 160 417 0 30 38 154 45 0 33 1266 73 27 0 0 0 0 304 454 10 189 52 2982 674 45 936 1479 168 21 0 3000 30 262 176 1124 23 504 900 404 900 0 96 0 0 54 25 904 17 16 
29 0 690 235 181 8 292 0 0 0 0 0 0 0 0 9 583 91 1061 43 223 0 80 46 3000 0 0 15 0 0 0 334 0 64 166 0 400 727 0 353 0 0 0 0 3000 20 967 218 87 66 0 0 0 148 33 121 0 21 0 2128 1131 0 0 53 918 0 0 131 319 80 0 93 0 354 369 0 24 0 0 0 
17 136 255 41 577 15 7 14 256 12 3000 659 0 0 92 295 38 43 9 19 17 19 23 15 101 58 26 148 20 18 1184 9 3000 152 0 59 3000 3000 28 76 7 17 253 78 3000 0 504 307 79 1100 85 170 80 10 80 190 269 1534 42 3000 682 831 32 874 131 1609 851 37 56 28 145 271 284 0 61 9 32 586 1166 537 
31 337 111 122 496 0 14 9 16 841 13 56 0 92 0 17 1872 512 0 13 310 111 54 23 27 19 28 20 409 45 69 175 97 300 38 107 10 1939 207 85 7 23 23 322 0 0 97 897 18 348 2216 18 33 48 49 46 3000 38 432 332 0 489 26 16 843 35 622 523 337 578 98 345 256 0 0 119 13 353 403 3000 
300 447 879 54 149 102 41 24 162 262 320 13 9 295 17 0 523 20 18 355 120 384 810 51 394 130 0 50 368 124 145 116 374 112 9 0 21 63 23 69 1243 19 20 57 366 34 1279 133 171 186 41 1598 0 2045 95 156 187 46 368 15 78 15 32 308 179 79 14 46 705 17 24 699 40 47 11 15 2640 14 150 42 
730 0 609 10 191 588 346 731 0 0 43 254 583 38 1872 523 0 147 7 352 263 88 132 84 3000 66 0 32 18 0 0 25 20 72 640 398 307 27 24 270 233 29 18 1042 26 1165 1088 469 52 79 52 84 0 3000 247 3000 0 343 0 47 489 0 0 0 402 21 89 2333 1018 78 9 230 311 94 49 34 455 46 0 527 
79 530 22 29 71 211 200 86 1285 0 1016 42 91 43 512 20 147 0 2945 61 53 186 2947 1044 174 76 0 3000 33 16 220 386 898 258 174 0 52 182 29 13 59 30 304 130 19 18 107 47 19 1273 185 0 0 667 479 17 33 2099 39 3000 808 0 80 20 2006 13 274 35 73 13 130 36 0 25 19 12 926 87 663 84 
3000 62 13 15 339 398 42 0 22 112 0 0 1061 9 0 18 7 2945 0 0 50 0 164 0 36 0 0 15 0 65 157 19 0 587 0 0 0 260 0 47 0 0 8 0 65 183 3000 68 347 47 0 0 883 133 19 30 87 29 94 167 15 0 2134 910 419 0 0 215 0 0 0 0 0 115 486 53 7 0 11 0 
37 0 348 287 511 33 45 203 0 0 40 15 43 19 13 355 352 61 0 0 16 58 250 9 875 14 0 747 822 0 0 19 104 32 168 277 1415 135 39 24 1185 93 13 7 424 722 119 330 41 1334 426 1066 0 37 1082 23 0 387 0 21 627 0 0 0 230 1058 18 66 17 934 15 58 837 16 18 47 535 50 0 12 
28 9 194 17 1569 34 169 377 506 16 70 206 223 17 310 120 263 53 50 16 0 53 211 872 24 288 687 11 46 197 204 49 30 1770 46 0 131 17 109 39 3000 22 248 9 425 716 149 109 245 220 1270 0 123 17 8 327 70 522 74 40 28 612 75 187 33 42 17 63 10 156 45 62 0 15 132 517 755 0 81 0 
20 48 1465 479 0 0 52 864 1697 12 1210 38 0 19 111 384 88 186 0 58 53 0 846 80 36 29 173 1049 15 162 61 2352 1493 65 0 190 47 574 341 0 42 88 388 151 0 0 91 0 194 29 175 187 199 303 19 541 122 109 3000 344 0 20 852 443 51 960 195 23 18 50 37 0 298 0 0 13 29 20 106 44 
1317 244 1150 20 366 49 727 2170 93 231 9 64 80 23 54 810 132 2947 164 250 211 846 0 640 197 48 909 194 137 36 13 22 184 918 1095 27 427 37 67 614 93 166 335 81 10 41 104 208 8 140 31 35 9 119 78 10 32 11 1067 16 674 338 398 111 229 1712 101 959 314 2783 1158 26 12 1115 1409 471 24 90 207 3000 
51 0 19 36 12 41 51 11 17 9 114 670 46 15 23 51 84 1044 0 9 872 80 640 0 648 3000 17 121 1103 962 117 50 69 374 635 19 217 43 30 90 251 254 23 38 14 21 16 30 27 371 74 171 0 261 226 12 0 80 187 11 86 476 83 0 262 39 68 73 447 466 1524 572 32 451 95 2604 43 3000 0 20 
477 1387 8 149 2395 8 234 11 20 0 179 107 3000 101 27 394 3000 174 36 875 24 36 197 648 0 2713 0 746 72 345 0 531 45 147 495 0 126 441 16 18 1261 15 37 48 38 2925 304 368 11 333 29 91 0 123 14 347 68 35 1457 37 9 0 0 355 394 15 85 17 25 153 62 102 41 310 95 631 22 19 33 165 
460 0 0 282 196 130 2435 8 0 0 483 34 0 58 19 130 66 76 0 14 288 29 48 3000 2713 0 0 90 0 0 0 125 104 0 1407 311 3000 44 463 182 73 0 0 9 313 0 1392 247 227 11 29 22 0 0 298 0 0 0 0 0 116 0 0 0 16 416 661 320 85 2367 283 183 14 15 1666 0 0 164 0 585 
17 20 0 0 0 0 143 322 2292 17 62 15 0 26 28 0 0 0 0 0 687 173 909 17 0 0 0 997 248 31 11 0 93 75 0 40 0 0 12 0 770 64 944 0 0 0 0 0 0 537 0 1811 48 26 126 78 829 77 75 249 0 20 104 1004 29 0 116 0 0 0 55 0 32 0 0 10 7 28 552 0 
225 59 13 3000 926 40 96 10 1616 16 44 70 15 148 20 50 32 3000 15 747 11 1049 194 121 746 90 997 0 155 8 201 55 279 7 15 0 145 90 1925 242 2216 58 105 228 418 174 198 83 190 1154 19 171 17 48 2266 377 43 199 664 20 124 82 106 11 171 201 32 162 36 73 2893 39 22 22 3000 234 713 26 481 17 
154 547 0 0 0 0 25 3000 34 24 38 2551 0 20 409 368 18 33 0 822 46 15 137 1103 72 0 248 155 0 3000 20 0 3000 3000 0 650 233 0 164 0 39 3000 200 210 0 0 0 0 0 37 209 72 1346 125 95 170 352 14 190 10 0 10 640 32 29 1620 198 81 30 0 17 0 484 0 0 774 513 807 42 2648 
10 37 112 10 0 0 83 203 234 722 593 57 0 18 45 124 0 16 65 0 197 162 36 962 345 0 31 8 3000 0 9 34 149 26 0 2018 1810 789 319 13 44 10 110 0 0 0 48 0 500 382 0 13 184 491 10 10 19 895 95 481 0 105 200 17 150 0 193 54 0 0 169 0 593 0 1543 692 17 1407 163 0 
12 48 107 0 0 0 10 2385 830 65 70 505 0 1184 69 145 0 220 157 0 204 61 13 117 0 0 11 201 20 9 0 0 211 348 0 0 0 0 198 0 507 229 82 0 0 0 1221 0 627 83 0 167 27 22 123 38 362 41 345 35 0 3000 1819 97 524 0 0 10 0 0 113 0 1727 0 0 447 15 3000 67 0 
1261 0 58 143 31 601 322 56 0 0 12 7 334 9 175 116 25 386 19 19 49 2352 22 50 531 125 0 55 0 34 0 0 39 53 24 0 1138 85 15 235 275 0 18 7 15 65 1100 63 34 100 36 0 0 127 66 208 0 1275 522 46 246 0 0 3000 1388 71 208 776 144 38 754 13 0 34 1256 117 191 560 0 41 
19 0 0 812 0 0 82 13 18 20 3000 160 0 3000 97 374 20 898 0 104 30 1493 184 69 45 104 93 279 3000 149 211 39 0 129 32 965 188 130 2384 0 9 1525 7 720 0 0 0 301 11 348 44 28 0 53 9 63 25 91 253 313 0 28 187 0 31 9 12 18 2143 555 24 327 20 0 0 41 1258 32 348 3000 
29 73 299 767 11 146 175 97 178 684 57 417 64 152 300 112 72 258 587 32 1770 65 918 374 147 0 75 7 3000 26 348 53 129 0 0 0 149 76 73 1223 24 3000 98 9 110 45 20 0 27 64 0 432 693 132 1624 116 804 171 500 228 103 131 307 8 83 347 27 306 8 0 1473 0 132 0 513 15 156 14 374 0 
625 0 147 23 37 293 14 0 0 0 0 0 166 0 38 9 640 174 0 168 46 0 1095 635 495 1407 0 15 0 0 0 24 32 0 0 0 216 86 0 65 0 0 0 18 52 3000 8 16 143 21 24 0 0 0 0 0 0 0 0 0 1707 0 0 0 1935 404 327 928 1159 35 0 112 0 153 256 0 0 0 0 14 
117 0 0 0 0 0 13 67 20 0 15 30 0 59 107 0 398 0 0 277 0 190 27 19 0 311 40 0 650 2018 0 0 965 0 0 0 12 0 668 0 19 1597 382 68 0 0 0 0 0 70 749 2620 0 0 605 229 0 600 388 0 0 11 8 0 161 16 243 208 253 89 1097 0 411 0 0 1216 0 12 0 370 
284 0 43 562 96 47 20 13 0 0 120 38 400 3000 10 21 307 52 0 1415 131 47 427 217 126 3000 0 145 233 1810 0 1138 188 149 216 12 0 114 52 519 94 186 28 112 21 90 113 1565 7 274 26 13 0 765 209 67 0 492 81 273 71 41 0 0 39 55 41 1980 3000 267 254 429 110 3000 40 1195 10 1255 0 171 
745 54 356 3000 11 1075 353 843 116 0 0 154 727 3000 1939 63 27 182 260 135 17 574 37 43 441 44 0 90 0 789 0 85 130 76 86 0 114 0 1991 92 455 0 877 1236 619 1601 56 21 36 53 214 0 0 3000 271 3000 515 36 386 144 96 0 0 1222 139 381 1132 234 7 189 77 714 0 199 612 89 495 0 175 1083 
42 0 0 0 0 0 274 2133 1772 36 80 45 0 28 207 23 24 29 0 39 109 341 67 30 16 463 12 1925 164 319 198 15 2384 73 0 668 52 1991 0 0 308 418 7 119 0 0 0 33 0 9 203 43 0 524 31 736 0 127 399 0 0 9 133 0 156 24 13 26 277 52 345 100 2029 0 0 19 0 38 0 1597 
32 580 103 225 65 23 15 0 0 0 0 0 353 76 85 69 270 13 47 24 39 0 614 90 18 182 0 242 0 13 0 235 0 1223 65 0 519 92 0 0 0 0 3000 113 2918 108 57 81 53 3000 981 0 0 399 220 1133 3000 20 492 248 1002 0 0 20 10 691 0 135 47 51 0 60 0 74 21 15 30 0 41 0 
16 342 1523 94 0 0 8 21 15 981 7 33 0 7 7 1243 233 59 0 1185 3000 42 93 251 1261 73 770 2216 39 44 507 275 9 24 0 19 94 455 308 0 0 98 832 50 0 0 486 0 379 23 132 13 355 195 303 35 43 32 81 102 0 75 68 29 106 36 16 1034 48 13 1016 0 12 0 0 14 84 16 55 288 
43 809 0 0 0 0 18 34 264 97 7 1266 0 17 23 19 29 30 0 93 22 88 166 254 15 0 64 58 3000 10 229 0 1525 3000 0 1597 186 0 418 0 98 0 3000 33 0 0 0 0 34 101 0 18 14 43 2773 214 44 1135 26 29 0 733 118 90 45 120 71 136 401 0 9 0 13 0 0 50 301 46 91 405 
16 32 8 188 32 0 93 1179 1290 24 186 73 0 253 23 20 18 304 8 13 248 388 335 23 37 0 944 105 200 110 82 18 7 98 0 382 28 877 7 3000 832 3000 0 78 1187 0 126 0 112 872 0 13 29 38 261 225 182 131 28 31 11 132 38 8 273 0 22 277 72 0 430 0 10 0 52 113 48 18 43 0 
29 0 53 114 22 240 271 59 0 0 11 27 0 78 322 57 1042 130 0 7 9 151 81 38 48 9 0 228 210 0 0 7 720 9 18 68 112 1236 119 113 50 33 78 0 0 0 639 412 12 161 512 7 0 9 210 651 0 354 0 0 62 104 0 0 8 145 34 57 94 20 242 8 10 107 37 37 0 82 0 716 
2631 345 396 45 3000 97 285 0 0 0 0 0 3000 3000 0 366 26 19 65 424 425 0 10 14 38 313 0 418 0 0 0 15 0 110 52 0 21 619 0 2918 0 0 1187 0 0 312 46 140 198 54 20 0 0 408 76 11 398 779 0 13 12 0 0 931 35 0 0 49 1518 238 0 1261 0 15 382 526 574 0 787 0 
211 0 3000 9 809 9 56 0 0 0 0 0 20 0 0 34 1165 18 183 722 716 0 41 21 2925 0 0 174 0 0 0 65 0 45 3000 0 90 1601 0 108 0 0 0 0 312 0 66 173 413 1634 0 0 0 1469 32 194 0 201 0 125 63 0 0 220 7 0 0 17 8 625 0 329 0 12 1722 0 17 0 0 0 
38 488 173 276 28 41 590 0 18 206 0 0 967 504 97 1279 1088 107 3000 119 149 91 104 16 304 1392 0 198 0 48 1221 1100 0 20 8 0 113 56 0 57 486 0 126 639 46 66 0 10 109 35 84 0 170 81 9 13 70 16 102 10 96 0 308 26 3000 8 0 1088 43 7 163 44 0 291 21 240 39 0 243 0 
18 0 21 82 1191 98 941 0 0 0 0 0 218 307 897 133 469 47 68 330 109 0 208 30 368 247 0 83 0 0 0 63 301 0 16 0 1565 21 33 81 0 0 0 412 140 173 10 0 71 13 143 0 0 0 25 3000 0 94 0 0 103 0 0 0 10 11 212 125 26 19 0 3000 0 28 1176 0 460 0 0 155 
19 36 1352 538 12 1034 110 40 42 771 0 304 87 79 18 171 52 19 347 41 245 194 8 27 11 227 0 190 0 500 627 34 11 27 143 0 7 36 0 53 379 34 112 12 198 413 109 71 0 24 10 0 0 10 75 107 258 199 163 23 116 0 309 454 27 20 15 32 96 43 819 246 0 15 248 126 39 0 27 452 
19 44 16 231 8 98 101 39 92 112 79 454 66 1100 348 186 79 1273 47 1334 220 29 140 371 333 11 537 1154 37 382 83 100 348 64 21 70 274 53 9 3000 23 101 872 161 54 1634 35 13 24 0 3000 131 100 631 272 256 56 9 847 19 1119 2098 126 9 204 12 20 20 3000 19 50 916 11 225 1709 187 20 301 119 473 
37 0 2301 24 695 82 8 1990 0 0 84 10 0 85 2216 41 52 185 0 426 1270 175 31 74 29 29 0 19 209 0 0 36 44 0 24 749 26 214 203 981 132 0 0 512 20 0 84 143 10 3000 0 922 0 0 246 357 0 842 0 0 2354 0 0 0 1986 11 2336 488 9 151 53 338 857 124 8 0 0 1930 0 43 
61 0 0 0 0 0 46 94 54 1982 302 189 0 170 18 1598 84 0 0 1066 0 187 35 171 91 22 1811 171 72 13 167 0 28 432 0 2620 13 0 43 0 13 18 13 7 0 0 0 0 0 131 922 0 0 227 1057 75 0 123 36 0 0 92 864 0 104 9 25 491 73 80 171 0 3000 0 0 568 0 594 0 71 
0 65 45 0 0 0 38 70 43 22 0 52 0 80 33 0 0 0 883 0 123 199 9 0 0 0 48 17 1346 184 27 0 0 693 0 0 0 0 0 0 355 14 29 0 0 0 170 0 0 100 0 0 0 45 26 8 31 183 87 491 0 63 22 16 8 0 0 0 0 0 81 0 0 0 0 1500 3000 0 3000 0 
7 11 397 1736 132 400 44 168 10 113 961 2982 148 10 48 2045 3000 667 133 37 17 303 119 261 123 0 26 48 125 491 22 127 53 132 0 0 765 3000 524 399 195 43 38 9 408 1469 81 0 10 631 0 227 45 0 22 397 289 137 18 33 18 10 12 549 1120 19 445 496 270 0 3000 0 21 0 118 11 349 170 151 0 
378 94 68 1418 44 129 253 39 11 38 77 674 33 80 49 95 247 479 19 1082 8 19 78 226 14 298 126 2266 95 10 123 66 9 1624 0 605 209 271 31 220 303 2773 261 210 76 32 9 25 75 272 246 1057 26 22 0 23 17 284 115 87 115 59 1489 201 215 1239 1164 75 184 64 77 41 620 0 30 573 180 311 3000 361 
104 70 18 11 10 17 1489 353 740 139 21 45 121 190 46 156 3000 17 30 23 327 541 10 12 347 0 78 377 170 10 38 208 63 116 0 229 67 3000 736 1133 35 214 225 651 11 194 13 3000 107 256 357 75 8 397 23 0 243 32 37 162 53 459 143 120 12 95 44 74 182 300 2135 0 212 0 24 200 165 117 15 38 
1479 358 11 247 0 0 152 172 56 176 0 936 0 269 3000 187 0 33 87 0 70 122 32 0 68 0 829 43 352 19 362 0 25 804 0 0 0 515 0 3000 43 44 182 0 398 0 70 0 258 56 0 0 31 289 17 243 0 30 11 19 0 17 207 13 25 0 0 74 0 0 891 0 0 0 29 484 661 0 765 0 
138 18 15 530 100 45 2823 47 447 3000 2065 1479 21 1534 38 46 343 2099 29 387 522 109 11 80 35 0 77 199 14 895 41 1275 91 171 0 600 492 36 127 20 32 1135 131 354 779 201 16 94 199 9 842 123 183 137 284 32 30 0 1159 2305 95 50 13 1259 9 14 66 1140 133 3000 100 0 8 0 11 793 38 2740 235 24 
2646 1499 97 809 0 0 288 3000 89 8 1267 168 0 42 432 368 0 39 94 0 74 3000 1067 187 1457 0 75 664 190 95 345 522 253 500 0 388 81 386 399 492 81 26 28 0 0 0 102 0 163 847 0 36 87 18 115 37 11 1159 0 1453 0 45 918 962 204 0 40 23 0 0 27 0 276 0 9 27 83 328 2194 0 
169 150 248 81 3000 48 702 1368 138 493 0 21 2128 3000 332 15 47 3000 167 21 40 344 16 11 37 0 249 20 10 481 35 46 313 228 0 0 273 144 0 248 102 29 31 0 13 125 10 0 23 19 0 0 491 33 87 162 19 2305 1453 0 28 3000 284 1206 1270 0 0 14 1804 0 111 0 0 0 54 40 140 0 11 0 
361 0 43 130 369 11 138 0 0 0 0 0 1131 682 0 78 489 808 15 627 28 0 674 86 9 116 0 124 0 0 0 246 0 103 1707 0 71 96 0 1002 0 0 11 62 12 63 96 103 116 1119 2354 0 0 18 115 53 0 95 0 28 0 0 0 314 29 135 0 484 12 225 0 11 0 1268 52 23 80 0 0 0 
29 78 0 0 0 0 631 1209 109 978 13 3000 0 831 489 15 0 0 0 0 612 20 338 476 0 0 20 82 10 105 3000 0 28 131 0 11 41 0 9 0 75 733 132 104 0 0 0 0 0 2098 0 92 63 10 59 459 17 50 45 3000 0 0 11 970 73 70 3000 1935 0 0 12 0 24 0 0 81 564 3000 700 227 
62 35 537 0 0 0 138 151 11 129 49 30 0 32 26 32 0 80 2134 0 75 852 398 83 0 0 104 106 640 200 1819 0 187 307 0 8 0 0 133 0 68 118 38 0 0 0 308 0 309 126 0 864 22 12 1489 143 207 13 918 284 0 11 0 7 9 0 33 567 0 0 17 0 84 0 0 13 19 14 154 0 
99 297 10 1451 0 0 122 33 100 100 0 262 53 874 16 308 0 20 910 0 187 443 111 0 355 0 1004 11 32 17 97 3000 0 8 0 0 0 1222 0 20 29 90 8 0 931 220 26 0 454 9 0 0 16 549 201 120 13 1259 962 1206 314 970 7 0 29 0 0 20 0 0 78 0 0 0 257 28 43 0 17 0 
58 204 3000 8 67 54 297 551 100 47 35 176 918 131 843 179 402 2006 419 230 33 51 229 262 394 16 29 171 29 150 524 1388 31 83 1935 161 39 139 156 10 106 45 273 8 35 7 3000 10 27 204 1986 104 8 1120 215 12 25 9 204 1270 29 73 9 29 0 880 274 25 2279 32 28 2764 76 135 581 137 334 25 320 61 
2066 0 156 30 1043 97 1735 1189 0 0 658 1124 0 1609 35 79 21 13 0 1058 42 960 1712 39 15 416 0 201 1620 0 0 71 9 347 404 16 55 381 24 691 36 120 0 145 0 0 8 11 20 12 11 9 0 19 1239 95 0 14 0 0 135 70 0 0 880 0 100 19 81 15 189 715 14 44 0 0 0 32 0 293 
21 0 0 0 0 0 1402 8 690 269 117 23 0 851 622 14 89 274 0 18 17 195 101 68 85 661 116 32 198 193 0 208 12 27 327 243 41 1132 13 0 16 71 22 34 0 0 0 212 15 20 2336 25 0 445 1164 44 0 66 40 0 0 3000 33 0 274 100 0 40 463 385 195 226 1069 0 0 262 0 152 0 999 
18 830 110 94 25 216 43 48 3000 3000 29 504 131 37 523 46 2333 35 215 66 63 23 959 73 17 320 0 162 81 54 10 776 18 306 928 208 1980 234 26 135 1034 136 277 57 49 17 1088 125 32 20 488 491 0 496 75 74 74 1140 23 14 484 1935 567 20 25 19 40 0 82 42 59 32 112 115 3000 684 2457 61 920 666 
1103 0 193 3000 432 48 107 57 0 0 18 900 319 56 337 705 1018 73 0 17 10 18 314 447 25 85 0 36 30 0 0 144 2143 8 1159 253 3000 7 277 47 48 401 72 94 1518 8 43 26 96 3000 9 73 0 270 184 182 0 133 0 1804 12 0 0 0 2279 81 463 82 0 1232 75 18 8 235 67 2761 37 668 0 31 
779 0 28 414 364 51 75 3000 0 0 156 404 80 28 578 17 78 13 0 934 156 50 2783 466 153 2367 0 73 0 0 0 38 555 0 35 89 267 189 52 51 13 0 0 20 238 625 7 19 43 19 151 80 0 0 64 300 0 3000 0 0 225 0 0 0 32 15 385 42 1232 0 0 267 204 431 60 0 0 183 0 34 
52 599 11 0 0 0 76 14 386 1654 710 900 0 145 98 24 9 130 0 15 45 37 1158 1524 62 283 55 2893 17 169 113 754 24 1473 0 1097 254 77 345 0 1016 9 430 242 0 0 163 0 819 50 53 171 81 3000 77 2135 891 100 27 111 0 12 17 78 28 189 195 59 75 0 0 0 7 0 0 20 9 25 27 119 
21 0 3000 12 724 35 75 0 0 0 0 0 93 271 345 699 230 36 0 58 62 0 26 572 102 183 0 39 0 0 0 13 327 0 112 0 429 714 100 60 0 0 0 8 1261 329 44 3000 246 916 338 0 0 0 41 0 0 0 0 0 11 0 0 0 2764 715 226 32 18 267 0 0 0 1526 225 0 11 124 0 40 
21 0 0 0 0 0 164 139 83 22 1627 96 0 284 256 40 311 0 0 837 0 298 12 32 41 14 32 22 484 593 1727 0 20 132 0 411 110 0 2029 0 12 13 10 10 0 0 0 0 0 11 857 3000 0 21 620 212 0 8 276 0 0 24 84 0 76 14 1069 112 8 204 7 0 0 0 0 438 0 1042 0 51 
74 0 2093 10 56 759 1271 0 0 0 0 0 354 0 0 47 94 25 115 16 15 0 1115 451 310 15 0 22 0 0 0 34 0 0 153 0 3000 199 0 74 0 0 0 107 15 12 291 28 15 225 124 0 0 0 0 0 0 0 0 0 1268 0 0 0 135 44 0 115 235 431 0 1526 0 0 19 0 104 0 0 13 
83 494 60 155 61 14 22 0 0 0 0 0 369 61 0 11 49 19 486 18 132 0 1409 95 95 1666 0 3000 0 1543 0 1256 0 513 256 0 40 612 0 21 0 0 52 37 382 1722 21 1176 248 1709 8 0 0 118 30 24 29 11 9 54 52 0 0 257 581 0 0 3000 67 60 0 225 0 19 0 12 129 0 89 0 
3000 83 28 695 0 0 125 17 594 67 89 54 0 9 119 15 34 12 53 47 517 13 471 2604 631 0 10 234 774 692 447 117 41 15 0 1216 1195 89 19 15 14 50 113 37 526 0 240 0 126 187 0 568 1500 11 573 200 484 793 27 40 23 81 13 28 137 0 262 684 2761 0 20 0 438 0 12 0 1069 12 15 0 
9 23 54 110 24 70 12 40 925 64 0 25 24 32 13 2640 455 926 7 535 755 29 24 43 22 0 7 713 513 17 15 191 1258 156 0 0 10 495 0 30 84 301 48 0 574 17 39 460 39 20 0 0 3000 349 180 165 661 38 83 140 80 564 19 43 334 0 0 2457 37 0 9 11 0 104 129 1069 0 0 107 0 
196 0 0 0 0 0 596 764 29 324 163 904 0 586 353 14 46 87 0 50 0 20 90 3000 19 164 28 26 807 1407 3000 560 32 14 0 12 1255 0 38 0 16 46 18 82 0 0 0 0 0 301 1930 594 0 170 311 117 0 2740 328 0 0 3000 14 0 25 32 152 61 668 183 25 124 1042 0 0 12 0 0 0 3000 
32 91 289 95 0 0 344 136 25 2751 0 17 0 1166 403 150 0 663 11 0 81 106 207 0 33 0 552 481 42 163 67 0 348 374 0 0 0 175 0 41 55 91 43 0 787 0 243 0 27 119 0 0 3000 151 3000 15 765 235 2194 11 0 700 154 17 320 0 0 920 0 0 27 0 0 0 89 15 107 0 0 0 
63 0 0 0 0 0 1766 57 0 0 1359 16 0 537 3000 42 527 84 0 12 0 44 3000 20 165 585 0 17 2648 0 0 41 3000 0 14 370 171 1083 1597 0 288 405 0 716 0 0 0 155 452 473 43 71 0 0 361 38 0 24 0 0 0 227 0 0 61 293 999 666 31 34 119 40 51 13 0 0 0 3000 0 0 
