80
0 21 48 13 95 47 69 22 38 101 47 17 44 92 33 48 52 39 76 72 79 66 49 87 73 80 55 37 64 93 103 63 65 84 55 61 29 55 53 60 59 37 19 27 60 49 43 50 74 62 52 49 49 11 65 54 84 28 91 95 87 77 87 35 61 90 72 89 28 95 77 71 97 18 74 32 92 25 55 91 
21 0 31 23 77 39 55 4 41 82 41 15 24 72 22 31 42 20 57 54 70 46 28 70 64 63 41 24 49 82 82 47 51 63 35 55 11 35 36 55 39 42 10 12 44 42 40 44 58 41 32 29 31 17 52 33 65 14 83 85 67 59 78 23 44 81 55 68 43 79 57 52 77 12 54 22 74 29 38 71 
48 31 0 54 75 62 66 33 70 73 64 45 24 57 45 42 59 10 54 54 86 35 18 71 81 67 54 44 58 95 64 16 62 44 34 76 20 14 6 77 25 72 30 21 51 64 65 66 63 32 28 12 3 48 24 20 56 21 100 98 56 57 93 44 13 96 58 47 73 82 33 48 66 42 43 47 72 58 45 59 
13 23 54 0 88 35 59 22 25 96 34 10 43 89 25 42 42 43 70 66 67 64 49 80 61 72 46 29 55 81 100 69 56 83 51 49 34 57 59 47 58 24 27 33 52 37 30 38 66 60 50 51 54 6 73 54 80 35 79 83 84 71 75 28 67 79 64 88 20 86 78 66 92 13 72 23 85 11 49 87 
95 77 75 88 0 59 33 74 81 16 62 79 56 31 63 47 50 73 21 23 47 40 58 9 49 17 43 59 34 43 40 82 35 43 44 58 77 62 79 60 50 85 86 81 36 59 68 59 22 43 49 63 72 86 94 55 21 83 56 45 25 19 48 60 79 48 23 48 102 15 55 27 21 77 34 65 3 81 40 25 
47 39 62 35 59 0 27 35 22 71 4 30 39 71 18 24 10 52 47 41 32 51 48 51 26 42 17 18 26 46 83 77 25 70 38 16 48 57 68 16 51 25 49 50 27 3 9 4 37 48 41 53 60 36 86 50 58 52 45 48 63 45 40 18 74 44 37 77 44 54 71 45 70 31 56 17 57 25 27 67 
69 55 66 59 33 27 0 52 48 47 29 52 42 52 36 25 18 60 27 22 22 41 49 25 19 16 14 33 8 29 64 79 4 56 33 25 60 56 72 27 46 52 66 63 15 26 35 26 12 40 39 55 64 58 90 48 38 65 35 31 44 24 27 34 76 30 16 63 70 27 62 28 47 51 41 37 31 51 21 47 
22 4 33 22 74 35 52 0 38 80 37 12 22 70 18 28 38 22 55 51 66 44 28 67 60 60 37 20 45 78 81 49 48 63 33 51 14 35 38 51 38 39 14 15 40 38 36 39 55 40 30 29 33 17 55 33 63 18 79 81 66 56 74 19 46 77 52 68 41 76 57 50 75 9 53 18 71 26 35 69 
38 41 70 25 81 22 48 38 0 93 19 27 52 91 27 42 31 60 68 62 49 69 60 72 42 64 39 31 48 63 103 87 46 89 55 29 53 69 76 27 67 3 49 53 48 23 13 23 59 65 57 64 70 28 93 64 79 55 58 65 84 67 56 30 84 60 59 95 24 75 87 65 91 30 75 25 78 14 47 88 
101 82 73 96 16 71 47 80 93 0 74 86 59 20 71 54 61 73 26 31 63 39 59 23 64 31 54 67 45 59 25 78 47 34 47 72 80 60 77 74 48 96 90 84 45 71 79 71 35 42 51 63 70 93 90 54 17 85 72 61 17 26 64 68 75 64 34 38 112 31 48 30 8 84 31 73 17 91 47 15 
47 41 64 34 62 4 29 37 19 74 0 31 43 74 20 28 13 55 50 45 33 55 51 54 26 45 21 21 29 47 87 80 28 74 42 15 50 60 71 14 54 22 51 52 30 4 6 4 40 51 45 56 63 36 89 53 62 54 44 49 67 49 40 21 77 44 41 81 42 56 75 49 73 32 59 19 60 24 31 71 
17 15 45 10 79 30 52 12 27 86 31 0 33 79 17 32 36 35 61 56 63 54 39 71 56 63 38 20 47 76 90 61 48 73 41 46 26 47 50 45 48 28 22 26 44 33 28 34 58 49 40 41 45 7 66 44 70 28 75 78 74 61 70 19 58 74 56 78 30 78 68 56 82 3 61 15 76 14 39 77 
44 24 24 43 56 39 42 22 52 59 43 33 0 48 25 18 36 18 35 33 62 22 8 51 57 45 30 22 35 71 58 39 38 40 13 53 21 18 30 54 16 55 31 25 28 42 44 43 41 18 8 14 22 38 48 12 42 26 76 74 44 37 69 23 35 72 36 45 62 61 36 30 53 30 30 27 53 43 22 48 
92 72 57 89 31 71 52 70 91 20 74 79 48 0 66 49 62 59 25 30 72 26 45 34 71 38 53 62 47 71 12 59 50 14 38 76 67 44 60 78 34 94 78 71 44 71 79 72 40 30 40 48 54 85 71 40 14 72 83 74 8 28 75 63 57 75 36 18 107 46 28 26 12 76 18 68 30 86 44 6 
33 22 45 25 63 18 36 18 27 71 20 17 25 66 0 17 20 35 46 41 48 42 33 55 42 47 21 4 31 61 78 61 32 62 29 33 30 42 51 33 39 30 32 33 27 21 20 22 42 38 30 37 44 23 69 37 56 35 61 63 60 46 56 3 58 59 39 68 41 61 60 42 68 16 49 2 60 20 24 64 
48 31 42 42 47 24 25 28 42 54 28 32 18 49 17 0 19 35 29 24 44 27 25 40 39 32 12 13 18 54 61 56 21 47 14 36 34 34 48 37 27 45 41 38 12 26 31 27 27 24 17 31 40 39 66 26 38 40 58 56 43 29 51 14 53 54 24 53 58 48 47 25 51 30 33 19 44 37 7 47 
52 42 59 42 50 10 18 38 31 61 13 36 36 62 20 19 0 51 37 32 28 44 44 41 22 32 9 18 16 41 74 74 15 62 32 17 49 53 66 18 45 35 52 51 18 10 18 10 27 41 36 49 58 42 84 45 49 54 42 43 55 36 36 19 71 39 28 69 53 45 65 36 60 35 47 21 47 33 20 58 
39 20 10 43 73 52 60 22 60 73 55 35 18 59 35 35 51 0 52 50 78 35 15 68 73 62 47 34 52 88 68 27 55 48 30 67 10 17 16 68 25 61 21 13 45 55 55 56 58 31 24 11 10 38 34 19 56 13 93 91 57 54 86 34 24 89 54 52 63 79 39 46 67 32 43 37 70 48 39 60 
76 57 54 70 21 47 27 55 68 26 50 61 35 25 46 29 37 52 0 5 47 20 37 17 46 16 29 41 22 49 37 63 25 30 23 51 56 41 59 53 29 71 66 60 20 47 55 48 15 22 28 43 51 67 75 34 11 62 60 52 17 3 52 43 60 53 11 37 86 29 39 6 23 59 17 48 18 65 22 20 
72 54 54 66 23 41 22 51 62 31 45 56 33 30 41 24 32 50 5 0 43 22 36 17 41 13 24 37 17 46 43 64 20 35 21 45 54 41 59 47 29 66 63 58 15 42 50 42 11 22 27 42 51 63 75 34 17 60 56 49 23 5 48 38 61 49 6 41 81 29 42 7 28 54 20 43 20 60 17 26 
79 70 86 67 47 32 22 66 49 63 33 63 62 72 48 44 28 78 47 43 0 62 69 40 6 33 31 46 29 15 83 100 25 77 54 19 77 77 92 21 67 52 80 80 36 30 37 29 32 61 60 75 84 68 110 69 57 82 14 16 64 44 8 47 96 11 36 84 73 34 84 50 65 63 63 48 46 56 41 66 
66 46 35 64 40 51 41 44 69 39 55 54 22 26 42 27 44 35 20 22 62 0 20 37 60 35 36 38 34 68 37 42 38 20 14 60 41 21 39 62 9 72 52 45 28 52 58 53 33 4 14 24 32 60 54 15 22 46 76 70 22 24 68 39 39 70 28 26 82 50 22 15 32 51 9 45 37 62 24 26 
49 28 18 49 58 48 49 28 60 59 51 39 8 45 33 25 44 15 37 36 69 20 0 54 64 49 38 31 41 77 55 31 45 35 16 61 22 9 24 62 11 63 33 26 34 50 53 51 45 16 10 6 15 44 41 5 41 27 83 80 42 40 76 31 27 78 40 40 69 65 29 31 52 36 28 35 55 51 28 46 
87 70 71 80 9 51 25 67 72 23 54 71 51 34 55 40 41 68 17 17 40 37 54 0 41 9 35 51 25 37 45 80 26 44 38 49 71 58 76 52 46 76 80 75 28 50 59 50 14 39 44 59 68 78 92 51 21 77 49 40 27 14 42 52 77 41 16 50 93 13 55 23 26 70 33 57 7 73 32 28 
73 64 81 61 49 26 19 60 42 64 26 56 57 71 42 39 22 73 46 41 6 60 64 41 0 34 27 41 26 21 83 95 22 76 50 13 71 73 87 15 63 46 74 74 32 23 31 22 31 58 56 70 79 62 105 65 57 76 20 22 63 43 14 41 92 18 35 82 66 37 81 48 66 56 61 42 47 50 37 66 
80 63 67 72 17 42 16 60 64 31 45 63 45 38 47 32 32 62 16 13 33 35 49 9 34 0 26 43 17 34 50 77 17 46 33 41 65 55 72 44 43 67 73 69 20 41 50 42 5 36 39 55 64 70 89 47 24 71 45 37 31 12 37 44 74 37 9 52 85 16 55 20 32 62 32 48 15 65 25 33 
55 41 54 46 43 17 14 37 39 54 21 38 30 53 21 12 9 47 29 24 31 36 38 35 27 26 0 18 9 42 66 69 10 54 24 25 46 46 61 26 38 42 51 49 9 18 26 19 21 33 29 44 52 44 79 38 40 51 46 44 46 28 39 19 65 42 20 61 59 40 57 28 52 37 39 23 40 38 12 49 
37 24 44 29 59 18 33 20 31 67 21 20 22 62 4 13 18 34 41 37 46 38 31 51 41 43 18 0 27 59 74 60 29 58 25 33 31 40 50 33 36 33 34 33 23 21 22 22 38 35 26 35 42 27 68 34 51 36 60 61 56 41 54 1 56 58 35 64 45 58 57 38 64 19 45 6 56 24 20 60 
64 49 58 55 34 26 8 45 48 45 29 47 35 47 31 18 16 52 22 17 29 34 41 25 26 17 9 27 0 37 59 71 4 50 25 29 53 48 64 31 38 51 59 56 7 26 34 26 11 32 31 47 56 54 82 40 33 58 43 39 40 20 35 28 68 38 12 57 68 31 55 22 44 46 35 32 31 48 13 43 
93 82 95 81 43 46 29 78 63 59 47 76 71 71 61 54 41 88 49 46 15 68 77 37 21 34 42 59 37 0 82 108 33 80 62 34 88 85 101 36 74 67 93 91 43 44 52 43 35 67 68 83 92 82 118 76 57 93 14 3 64 46 9 60 104 6 40 86 87 28 88 53 63 76 66 61 43 71 50 65 
103 82 64 100 40 83 64 81 103 25 87 90 58 12 78 61 74 68 37 43 83 37 55 45 83 50 66 74 59 82 0 63 63 20 50 88 76 51 66 90 44 106 87 80 56 84 91 84 52 41 51 56 61 96 74 49 26 81 94 85 20 40 86 75 62 86 48 18 118 55 32 38 19 87 29 80 39 98 56 17 
63 47 16 69 82 77 79 49 87 78 80 61 39 59 61 56 74 27 63 64 100 42 31 80 95 77 69 60 71 108 63 0 75 45 46 91 35 23 11 92 34 88 44 36 64 80 81 81 74 41 40 25 17 64 12 31 62 35 114 110 60 66 106 60 3 109 69 45 89 92 31 57 70 58 49 63 80 75 59 63 
65 51 62 56 35 25 4 48 46 47 28 48 38 50 32 21 15 55 25 20 25 38 45 26 22 17 10 29 4 33 63 75 0 54 29 26 55 52 68 28 42 50 61 59 11 24 33 24 13 36 35 50 60 55 86 44 37 61 39 36 43 23 31 30 72 34 14 61 68 30 59 26 47 47 39 33 32 48 17 46 
84 63 44 83 43 70 56 63 89 34 74 73 40 14 62 47 62 48 30 35 77 20 35 44 76 46 54 58 50 80 20 45 54 0 33 78 57 32 46 80 25 91 68 60 45 71 78 72 46 24 33 37 42 79 56 30 23 61 90 83 18 34 82 59 43 83 41 7 102 57 14 28 26 70 15 64 41 82 43 19 
55 35 34 51 44 38 33 33 55 47 42 41 13 38 29 14 32 30 23 21 54 14 16 38 50 33 24 25 25 62 50 46 29 33 0 49 33 23 40 50 14 58 43 37 18 40 45 41 29 10 6 22 31 47 57 15 30 39 68 64 33 25 61 26 43 63 24 40 69 49 33 17 42 38 21 31 40 49 13 37 
61 55 76 49 58 16 25 51 29 72 15 46 53 76 33 36 17 67 51 45 19 60 61 49 13 41 25 33 29 34 88 91 26 78 49 0 64 70 83 2 62 33 65 66 33 13 19 12 37 58 53 66 74 50 101 62 62 68 30 35 68 49 26 34 88 30 40 85 53 49 82 51 72 46 63 33 56 38 36 71 
29 11 20 34 77 48 60 14 53 80 50 26 21 67 30 34 49 10 56 54 77 41 22 71 71 65 46 31 53 88 76 35 55 57 33 64 0 26 25 64 33 54 11 4 46 51 50 52 60 37 28 20 20 29 40 27 62 6 91 90 64 58 84 30 33 87 56 61 54 81 48 51 73 23 50 31 74 40 40 67 
55 35 14 57 62 57 56 35 69 60 60 47 18 44 42 34 53 17 41 41 77 21 9 58 73 55 46 40 48 85 51 23 52 32 23 70 26 0 18 71 12 72 38 30 42 59 62 60 51 19 17 6 11 52 34 8 43 30 91 87 42 44 84 40 20 86 46 35 77 70 22 35 52 44 29 44 59 59 36 46 
53 36 6 59 79 68 72 38 76 77 71 50 30 60 51 48 66 16 59 59 92 39 24 76 87 72 61 50 64 101 66 11 68 46 40 83 25 18 0 83 30 78 34 26 58 71 71 72 69 37 33 18 9 53 18 25 60 25 106 104 59 62 99 50 8 102 63 48 78 88 34 53 69 48 46 53 76 64 51 63 
60 55 77 47 60 16 27 51 27 74 14 45 54 78 33 37 18 68 53 47 21 62 62 52 15 44 26 33 31 36 90 92 28 80 50 2 64 71 83 0 63 30 65 66 35 13 17 11 40 59 54 67 75 49 101 63 64 68 31 37 70 51 28 34 89 32 42 87 51 51 83 53 75 46 65 33 58 36 38 73 
59 39 25 58 50 51 46 38 67 48 54 48 16 34 39 27 45 25 29 29 67 9 11 46 63 43 38 36 38 74 44 34 42 25 14 62 33 12 30 63 0 69 44 37 31 53 57 54 40 7 10 14 22 54 46 6 31 38 81 77 32 32 73 37 31 75 34 30 77 58 21 23 42 45 18 41 46 58 26 35 
37 42 72 24 85 25 52 39 3 96 22 28 55 94 30 45 35 61 71 66 52 72 63 76 46 67 42 33 51 67 106 88 50 91 58 33 54 72 78 30 69 0 49 54 51 26 17 26 62 68 59 66 71 28 94 66 82 56 61 68 87 70 59 32 85 63 62 98 21 78 90 69 94 31 78 28 82 14 50 91 
19 10 30 27 86 49 66 14 49 90 51 22 31 78 32 41 52 21 66 63 80 52 33 80 74 73 51 34 59 93 87 44 61 68 43 65 11 38 34 65 44 49 0 8 53 52 49 53 68 48 39 32 31 22 47 38 72 9 94 95 74 67 88 33 42 91 64 72 45 89 60 60 84 20 61 32 83 35 48 78 
27 12 21 33 81 50 63 15 53 84 52 26 25 71 33 38 51 13 60 58 80 45 26 75 74 69 49 33 56 91 80 36 59 60 37 66 4 30 26 66 37 54 8 0 50 53 51 54 64 41 33 24 23 28 40 31 66 2 93 94 68 62 87 33 34 91 60 64 52 85 52 55 78 24 54 33 78 40 44 71 
60 44 51 52 36 27 15 40 48 45 30 44 28 44 27 12 18 45 20 15 36 28 34 28 32 20 9 23 7 43 56 64 11 45 18 33 46 42 58 35 31 51 53 50 0 27 35 28 15 26 24 40 49 50 75 33 31 52 50 46 37 19 42 25 61 44 12 52 67 35 49 19 43 42 30 29 33 46 6 40 
49 42 64 37 59 3 26 38 23 71 4 33 42 71 21 26 10 55 47 42 30 52 50 50 23 41 18 21 26 44 84 80 24 71 40 13 51 59 71 13 53 26 52 53 27 0 9 1 36 49 43 55 63 38 88 52 58 55 42 46 64 46 37 21 77 41 37 78 45 52 73 46 70 34 57 20 56 27 29 67 
43 40 65 30 68 9 35 36 13 79 6 28 44 79 20 31 18 55 55 50 37 58 53 59 31 50 26 22 34 52 91 81 33 78 45 19 50 62 71 17 57 17 49 51 35 9 0 9 45 55 47 57 64 32 89 55 66 53 48 53 72 54 45 22 78 49 46 84 36 62 78 53 78 29 63 19 65 19 35 75 
50 44 66 38 59 4 26 39 23 71 4 34 43 72 22 27 10 56 48 42 29 53 51 50 22 42 19 22 26 43 84 81 24 72 41 12 52 60 72 11 54 26 53 54 28 1 9 0 37 50 44 56 64 39 90 53 59 57 41 45 65 46 37 22 78 40 38 79 46 52 74 47 70 35 58 21 56 28 30 68 
74 58 63 66 22 37 12 55 59 35 40 58 41 40 42 27 27 58 15 11 32 33 45 14 31 5 21 38 11 35 52 74 13 46 29 37 60 51 69 40 40 62 68 64 15 36 45 37 0 33 35 51 60 65 85 43 26 66 44 38 32 12 36 39 71 37 5 52 80 21 53 19 35 56 31 43 20 59 20 35 
62 41 32 60 43 48 40 40 65 42 51 49 18 30 38 24 41 31 22 22 61 4 16 39 58 36 33 35 32 67 41 41 36 24 10 58 37 19 37 59 7 68 48 41 26 49 55 50 33 0 10 21 29 56 53 12 25 43 75 70 26 25 67 36 38 69 28 30 78 51 24 16 36 47 13 41 39 58 21 30 
52 32 28 50 49 41 39 30 57 51 45 40 8 40 30 17 36 24 28 27 60 14 10 44 56 39 29 26 31 68 51 40 35 33 6 53 28 17 33 54 10 59 39 33 24 43 47 44 35 10 0 16 25 46 51 9 34 34 74 70 36 30 66 27 37 69 30 39 69 55 31 22 45 37 23 32 46 49 18 40 
49 29 12 51 63 53 55 29 64 63 56 41 14 48 37 31 49 11 43 42 75 24 6 59 70 55 44 35 47 83 56 25 50 37 22 66 20 6 18 67 14 66 32 24 40 55 57 56 51 21 16 0 9 46 35 9 46 24 89 86 46 45 82 36 22 84 46 40 71 71 28 37 56 38 32 39 60 54 34 49 
49 31 3 54 72 60 64 33 70 70 63 45 22 54 44 40 58 10 51 51 84 32 15 68 79 64 52 42 56 92 61 17 60 42 31 74 20 11 9 75 22 71 31 23 49 63 64 64 60 29 25 9 0 48 26 17 54 22 98 95 53 54 91 42 14 93 55 44 73 80 31 45 63 42 40 46 69 58 43 56 
11 17 48 6 86 36 58 17 28 93 36 7 38 85 23 39 42 38 67 63 68 60 44 78 62 70 44 27 54 82 96 64 55 79 47 50 29 52 53 49 54 28 22 28 50 38 32 39 65 56 46 46 48 0 68 49 76 29 80 84 80 68 76 25 61 79 62 84 25 85 73 63 89 9 68 22 83 15 46 84 
65 52 24 73 94 86 90 55 93 90 89 66 48 71 69 66 84 34 75 75 110 54 41 92 105 89 79 68 82 118 74 12 86 56 57 101 40 34 18 101 46 94 47 40 75 88 89 90 85 53 51 35 26 68 0 42 74 39 124 121 72 78 117 68 15 119 80 56 92 104 43 69 82 63 60 70 91 80 69 75 
54 33 20 54 55 50 48 33 64 54 53 44 12 40 37 26 45 19 34 34 69 15 5 51 65 47 38 34 40 76 49 31 44 30 15 62 27 8 25 63 6 66 38 31 33 52 55 53 43 12 9 9 17 49 42 0 37 32 83 79 38 37 75 34 28 78 38 35 73 62 24 28 48 41 24 39 52 55 28 41 
84 65 56 80 21 58 38 63 79 17 62 70 42 14 56 38 49 56 11 17 57 22 41 21 57 24 40 51 33 57 26 62 37 23 30 62 62 43 60 64 31 82 72 66 31 58 66 59 26 25 34 46 54 76 74 37 0 67 69 60 6 13 61 53 60 61 22 29 96 34 35 14 12 68 14 58 18 76 32 9 
28 14 21 35 83 52 65 18 55 85 54 28 26 72 35 40 54 13 62 60 82 46 27 77 76 71 51 36 58 93 81 35 61 61 39 68 6 30 25 68 38 56 9 2 52 55 53 57 66 43 34 24 22 29 39 32 67 0 96 96 69 64 89 35 33 93 62 65 54 87 52 56 79 26 55 35 79 42 46 72 
91 83 100 79 56 45 35 79 58 72 44 75 76 83 61 58 42 93 60 56 14 76 83 49 20 45 46 60 43 14 94 114 39 90 68 30 91 91 106 31 81 61 94 93 50 42 48 41 44 75 74 89 98 80 124 83 69 96 0 12 75 57 8 61 111 8 49 97 82 41 97 63 76 76 76 61 55 67 55 77 
95 85 98 83 45 48 31 81 65 61 49 78 74 74 63 56 43 91 52 49 16 70 80 40 22 37 44 61 39 3 85 110 36 83 64 35 90 87 104 37 77 68 95 94 46 46 53 45 38 70 70 86 95 84 121 79 60 96 12 0 67 49 9 62 107 5 43 89 88 30 91 56 66 78 69 63 45 72 52 68 
87 67 56 84 25 63 44 66 84 17 67 74 44 8 60 43 55 57 17 23 64 22 42 27 63 31 46 56 40 64 20 60 43 18 33 68 64 42 59 70 32 87 74 68 37 64 72 65 32 26 36 46 53 80 72 38 6 69 75 67 0 20 67 57 58 68 29 23 101 39 31 19 10 71 14 62 23 80 37 4 
77 59 57 71 19 45 24 56 67 26 49 61 37 28 46 29 36 54 3 5 44 24 40 14 43 12 28 41 20 46 40 66 23 34 25 49 58 44 62 51 32 70 67 62 19 46 54 46 12 25 30 45 54 68 78 37 13 64 57 49 20 0 48 43 63 49 9 40 86 26 42 9 24 59 20 48 16 65 22 23 
87 78 93 75 48 40 27 74 56 64 40 70 69 75 56 51 36 86 52 48 8 68 76 42 14 37 39 54 35 9 86 106 31 82 61 26 84 84 99 28 73 59 88 87 42 37 45 37 36 67 66 82 91 76 117 75 61 89 8 9 67 48 0 55 103 4 41 89 79 34 89 55 68 70 68 56 48 64 48 69 
35 23 44 28 60 18 34 19 30 68 21 19 23 63 3 14 19 34 43 38 47 39 31 52 41 44 19 1 28 60 75 60 30 59 26 34 30 40 50 34 37 32 33 33 25 21 22 22 39 36 27 36 42 25 68 34 53 35 61 62 57 43 55 0 56 59 37 65 44 59 57 39 65 17 46 5 57 23 21 61 
61 44 13 67 79 74 76 46 84 75 77 58 35 57 58 53 71 24 60 61 96 39 27 77 92 74 65 56 68 104 62 3 72 43 43 88 33 20 8 89 31 85 42 34 61 77 78 78 71 38 37 22 14 61 15 28 60 33 111 107 58 63 103 56 0 105 66 43 86 89 29 54 67 55 46 60 77 72 55 60 
90 81 96 79 48 44 30 77 60 64 44 74 72 75 59 54 39 89 53 49 11 70 78 41 18 37 42 58 38 6 86 109 34 83 63 30 87 86 102 32 75 63 91 91 44 41 49 40 37 69 69 84 93 79 119 78 61 93 8 5 68 49 4 59 105 0 42 89 83 33 91 56 68 74 69 60 47 68 50 69 
72 55 58 64 23 37 16 52 59 34 41 56 36 36 39 24 28 54 11 6 36 28 40 16 35 9 20 35 12 40 48 69 14 41 24 40 56 46 63 42 34 62 64 60 12 37 46 38 5 28 30 46 55 62 80 38 22 62 49 43 29 9 41 37 66 42 0 48 79 25 48 13 33 54 26 41 20 58 17 31 
89 68 47 88 48 77 63 68 95 38 81 78 45 18 68 53 69 52 37 41 84 26 40 50 82 52 61 64 57 86 18 45 61 7 40 85 61 35 48 87 30 98 72 64 52 78 84 79 52 30 39 40 44 84 56 35 29 65 97 89 23 40 89 65 43 89 48 0 107 62 14 35 29 75 22 70 47 88 50 24 
28 43 73 20 102 44 70 41 24 112 42 30 62 107 41 58 53 63 86 81 73 82 69 93 66 85 59 45 68 87 118 89 68 102 69 53 54 77 78 51 77 21 45 52 67 45 36 46 80 78 69 71 73 25 92 73 96 54 82 88 101 86 79 44 86 83 79 107 0 97 97 83 109 33 90 39 99 21 64 105 
95 79 82 86 15 54 27 76 75 31 56 78 61 46 61 48 45 79 29 29 34 50 65 13 37 16 40 58 31 28 55 92 30 57 49 49 81 70 88 51 58 78 89 85 35 52 62 52 21 51 55 71 80 85 104 62 34 87 41 30 39 26 34 59 89 33 25 62 97 0 67 35 36 77 45 63 16 78 41 40 
77 57 33 78 55 71 62 57 87 48 75 68 36 28 60 47 65 39 39 42 84 22 29 55 81 55 57 57 55 88 32 31 59 14 33 82 48 22 34 83 21 90 60 52 49 73 78 74 53 24 31 28 31 73 43 24 35 52 97 91 31 42 89 57 29 91 48 14 97 67 0 35 39 65 22 62 53 79 45 33 
71 52 48 66 27 45 28 50 65 30 49 56 30 26 42 25 36 46 6 7 50 15 31 23 48 20 28 38 22 53 38 57 26 28 17 51 51 35 53 53 23 69 60 55 19 46 53 47 19 16 22 37 45 63 69 28 14 56 63 56 19 9 55 39 54 56 13 35 83 35 35 0 26 54 13 44 24 62 18 22 
97 77 66 92 21 70 47 75 91 8 73 82 53 12 68 51 60 67 23 28 65 32 52 26 66 32 52 64 44 63 19 70 47 26 42 72 73 52 69 75 42 94 84 78 43 70 78 70 35 36 45 56 63 89 82 48 12 79 76 66 10 24 68 65 67 68 33 29 109 36 39 26 0 80 24 70 20 88 44 7 
18 12 42 13 77 31 51 9 30 84 32 3 30 76 16 30 35 32 59 54 63 51 36 70 56 62 37 19 46 76 87 58 47 70 38 46 23 44 48 46 45 31 20 24 42 34 29 35 56 47 37 38 42 9 63 41 68 26 76 78 71 59 70 17 55 74 54 75 33 77 65 54 80 0 59 15 74 17 38 75 
74 54 43 72 34 56 41 53 75 31 59 61 30 18 49 33 47 43 17 20 63 9 28 33 61 32 39 45 35 66 29 49 39 15 21 63 50 29 46 65 18 78 61 54 30 57 63 58 31 13 23 32 40 68 60 24 14 55 76 69 14 20 68 46 46 69 26 22 90 45 22 13 24 59 0 51 31 69 28 17 
32 22 47 23 65 17 37 18 25 73 19 15 27 68 2 19 21 37 48 43 48 45 35 57 42 48 23 6 32 61 80 63 33 64 31 33 31 44 53 33 41 28 32 33 29 20 19 21 43 41 32 39 46 22 70 39 58 35 61 63 62 48 56 5 60 60 41 70 39 63 62 44 70 15 51 0 62 18 26 66 
92 74 72 85 3 57 31 71 78 17 60 76 53 30 60 44 47 70 18 20 46 37 55 7 47 15 40 56 31 43 39 80 32 41 40 56 74 59 76 58 46 82 83 78 33 56 65 56 20 39 46 60 69 83 91 52 18 79 55 45 23 16 48 57 77 47 20 47 99 16 53 24 20 74 31 62 0 78 37 24 
25 29 58 11 81 25 51 26 14 91 24 14 43 86 20 37 33 48 65 60 56 62 51 73 50 65 38 24 48 71 98 75 48 82 49 38 40 59 64 36 58 14 35 40 46 27 19 28 59 58 49 54 58 15 80 55 76 42 67 72 80 65 64 23 72 68 58 88 21 78 79 62 88 17 69 18 78 0 44 84 
55 38 45 49 40 27 21 35 47 47 31 39 22 44 24 7 20 39 22 17 41 24 28 32 37 25 12 20 13 50 56 59 17 43 13 36 40 36 51 38 26 50 48 44 6 29 35 30 20 21 18 34 43 46 69 28 32 46 55 52 37 22 48 21 55 50 17 50 64 41 45 18 44 38 28 26 37 44 0 41 
91 71 59 87 25 67 47 69 88 15 71 77 48 6 64 47 58 60 20 26 66 26 46 28 66 33 49 60 43 65 17 63 46 19 37 71 67 46 63 73 35 91 78 71 40 67 75 68 35 30 40 49 56 84 75 41 9 72 77 68 4 23 69 61 60 69 31 24 105 40 33 22 7 75 17 66 24 84 41 0 
0 27 26 352 0 81 0 1253 121 0 20 21 160 414 72 308 0 207 39 8 121 33 507 375 0 90 0 82 25 239 3000 0 208 42 162 105 176 55 22 26 60 37 0 1912 1704 3000 835 422 49 0 0 494 0 190 13 329 0 0 507 13 25 65 8 0 63 122 243 8 0 17 123 72 0 10 67 19 225 30 23 81 
27 0 448 56 0 430 0 2031 74 0 7 32 1094 366 1176 14 0 603 202 93 8 9 241 430 0 61 0 344 198 399 22 0 256 80 2321 58 188 54 1009 170 117 544 0 61 154 9 276 767 417 27 0 1345 0 10 7 329 315 0 37 104 320 98 19 0 117 16 2720 0 0 69 41 14 44 237 0 100 541 264 1889 143 
26 448 0 0 0 1638 12 1121 756 0 296 16 374 33 34 3000 16 31 191 40 988 97 20 10 0 0 41 0 0 150 59 465 670 13 10 1231 550 1634 246 133 216 1391 0 14 155 128 167 29 42 0 0 247 0 80 0 300 0 358 0 129 278 411 12 0 27 7 132 1491 809 20 19 61 0 0 90 69 0 0 127 0 
352 56 0 0 85 0 23 52 162 8 166 25 487 724 0 1438 18 26 340 281 1424 0 60 38 324 22 3000 105 149 66 0 1405 0 0 0 0 162 18 0 0 157 124 1176 175 423 0 56 0 455 11 188 53 10 156 0 0 725 17 127 37 9 38 76 3000 314 21 60 7 40 61 0 0 24 0 1369 467 12 318 3000 3000 
0 0 0 85 0 0 120 744 0 95 39 166 0 0 0 39 8 3000 0 0 0 0 70 0 543 859 0 118 117 1393 0 1772 0 0 0 0 356 1653 0 0 13 0 502 232 0 0 1535 0 0 425 382 28 58 27 0 0 194 0 75 0 88 1920 2008 762 1577 27 44 0 25 0 0 0 3000 0 0 0 3000 137 0 58 
81 430 1638 0 0 0 0 112 87 0 18 333 172 103 89 25 0 0 83 290 3000 1450 2220 275 0 46 0 8 751 78 1313 0 131 1064 134 597 25 23 234 530 35 8 0 90 367 185 632 58 73 0 0 110 0 33 24 1761 0 0 0 144 2527 32 0 0 637 3000 133 0 0 111 11 249 0 635 0 124 0 37 25 3000 
0 0 12 23 120 0 0 0 558 39 284 9 0 9 21 147 15 175 435 0 184 0 136 0 20 17 325 0 0 0 46 217 0 0 1983 3000 879 25 0 1207 290 226 1163 3000 2654 0 10 41 9 1667 47 2729 26 13 0 32 19 64 0 0 234 130 473 12 863 75 74 126 41 66 0 0 345 0 57 506 188 0 359 0 
1253 2031 1121 52 744 112 0 0 233 18 56 66 40 32 3000 154 71 24 152 134 8 0 804 142 41 585 0 110 88 20 2225 11 1570 23 118 93 1253 11 192 2041 79 10 886 405 116 154 14 11 109 61 305 29 9 389 12 83 2012 0 16 361 83 405 232 10 516 34 17 0 56 310 27 31 2588 70 25 114 378 316 130 25 
121 74 756 162 0 87 558 233 0 0 277 21 273 16 227 142 11 390 3000 2270 218 72 16 403 0 9 15 209 322 38 123 27 27 14 54 172 442 162 448 115 738 426 0 18 147 22 619 66 59 0 0 35 0 285 30 11 0 202 0 80 194 513 20 0 3000 312 851 77 142 69 451 20 28 150 192 44 66 3000 25 24 
0 0 0 8 95 0 39 18 0 0 307 405 0 59 0 12 37 160 0 0 0 0 101 0 3000 1309 0 65 131 0 0 398 0 0 0 0 65 886 0 0 232 0 45 16 0 0 32 0 0 1126 20 370 19 109 0 0 46 0 329 0 31 13 101 16 57 30 30 0 76 0 0 0 62 0 0 0 29 96 0 1920 
20 7 296 166 39 18 284 56 277 307 0 122 49 7 227 32 1001 220 9 41 933 372 199 1809 39 61 700 18 9 50 46 34 433 45 556 13 1374 200 27 15 416 352 48 840 56 10 511 277 26 181 0 74 42 58 305 23 449 32 705 386 1065 235 58 15 296 129 10 114 41 166 165 344 759 402 155 502 487 31 17 85 
21 32 16 25 166 333 9 66 21 405 122 0 11 29 10 12 8 9 665 126 112 23 13 459 25 26 70 34 9 41 68 107 1657 16 1650 8 15 269 1355 8 2827 574 13 164 803 91 40 7 66 721 47 160 27 249 222 2057 9 35 1342 93 93 1840 12 111 26 1156 41 84 11 26 10 142 194 13 57 10 572 65 595 12 
160 1094 374 487 0 172 0 40 273 0 49 11 0 645 56 251 0 283 24 219 926 148 3000 40 0 367 0 62 15 133 10 39 23 15 364 2019 208 62 21 233 241 40 0 139 852 21 1112 217 183 308 0 36 0 9 350 35 0 0 425 179 173 123 22 0 3000 3000 35 439 0 302 8 734 60 344 690 225 46 457 665 284 
414 366 33 724 0 103 9 32 16 59 7 29 645 0 13 2032 7 57 355 156 351 69 37 326 63 511 98 0 123 70 175 37 170 108 53 17 42 47 491 131 11 542 355 1939 13 728 146 60 624 11 0 262 23 64 0 59 112 280 3000 804 141 32 59 103 829 14 99 16 15 38 155 85 287 0 122 99 596 0 58 0 
72 1176 34 0 0 89 21 3000 227 0 227 10 56 13 0 1044 700 1556 221 11 28 556 14 198 0 25 367 0 0 281 94 0 3000 16 160 32 897 663 810 338 12 347 0 1164 13 74 31 376 26 0 0 9 0 223 370 25 0 1368 0 15 118 18 431 0 11 16 95 108 0 75 720 192 0 0 16 460 0 0 106 0 
308 14 3000 1438 39 25 147 154 142 12 32 12 251 2032 1044 0 131 416 45 46 26 0 17 57 95 101 199 9 224 22 10 298 57 34 33 33 63 8 230 661 316 294 14 74 236 19 18 3000 84 152 34 51 44 170 17 9 16 17 7 426 55 69 547 17 631 435 16 15 68 315 0 561 1107 0 755 57 17 106 210 584 
0 0 16 18 8 0 15 71 11 37 1001 8 0 7 700 131 0 1260 49 0 533 0 322 0 40 83 9 0 27 0 293 2308 0 0 176 0 158 620 0 0 8 61 11 2508 254 0 9 139 38 17 37 22 24 57 0 1401 906 73 157 0 19 84 57 821 1423 11 203 445 21 23 0 0 528 0 170 152 121 0 184 0 
207 603 31 26 3000 0 175 24 390 160 220 9 283 57 1556 416 1260 0 77 58 432 0 2705 33 99 27 100 410 106 2088 290 120 0 0 122 21 49 12 9 3000 1090 48 763 168 123 0 429 1175 28 47 120 36 2121 192 0 91 139 3000 11 0 154 68 62 495 30 133 2106 36 28 1219 0 0 75 0 71 167 118 0 1856 0 
39 202 191 340 0 83 435 152 3000 0 9 665 24 355 221 45 49 77 0 3000 16 161 697 161 0 10 87 0 24 9 275 35 11 8 126 150 26 40 83 37 3000 147 18 108 40 9 66 8 55 0 0 243 0 106 586 335 0 31 0 694 40 23 55 43 26 94 187 11 321 1556 23 31 3000 0 701 40 250 0 8 0 
8 93 40 281 0 290 0 134 2270 0 41 126 219 156 11 46 0 58 3000 0 288 634 8 230 0 92 0 59 16 20 21 860 47 30 7 66 7 173 19 109 471 1094 0 43 75 19 149 90 18 0 0 261 0 45 42 11 0 0 23 135 132 178 3000 0 51 175 108 603 0 871 24 50 44 182 265 166 97 57 141 10 
121 8 988 1424 0 3000 184 8 218 0 933 112 926 351 28 26 533 432 16 288 0 33 64 587 0 161 44 0 3000 94 238 1064 152 18 642 93 138 28 23 483 73 9 0 42 47 1374 156 143 95 0 0 11 0 22 14 106 0 179 0 295 1023 22 77 0 329 8 350 8 34 197 320 176 0 0 74 197 65 0 11 0 
33 9 97 0 0 1450 0 0 72 0 372 23 148 69 556 0 0 0 161 634 33 0 0 16 0 0 0 0 0 8 675 0 570 166 27 10 0 51 289 1583 42 24 0 356 2348 53 0 7 187 0 0 135 0 22 489 22 0 0 0 17 57 283 0 0 3000 0 0 1326 0 1679 83 41 0 0 72 455 0 0 27 0 
507 241 20 60 70 2220 136 804 16 101 199 13 3000 37 14 17 322 2705 697 8 64 0 0 8 50 3000 0 52 165 8 1349 150 17 243 49 12 515 13 480 17 200 285 60 72 60 334 222 235 149 37 385 27 57 83 275 59 83 11 172 2452 1015 13 28 9 28 28 8 91 524 309 461 133 120 1019 86 23 13 81 21 90 
375 430 10 38 0 275 0 142 403 0 1809 459 40 326 198 57 0 33 161 230 587 16 8 0 0 9 0 271 8 299 32 0 142 23 76 13 11 895 12 263 41 320 0 3000 154 20 1679 46 382 0 0 403 0 246 1065 346 0 0 181 146 272 46 18 0 82 12 302 0 0 312 8 1189 1000 554 3000 27 9 19 107 181 
0 0 0 324 543 0 20 41 0 3000 39 25 0 63 0 95 40 99 0 0 0 0 50 0 0 16 0 39 220 49 0 9 0 0 0 0 2463 60 0 0 10 3000 14 15 0 0 84 0 0 190 16 33 69 3000 0 0 927 19 47 0 16 372 65 446 21 118 282 0 646 11 0 0 1258 0 0 0 12 1675 0 523 
90 61 0 22 859 46 17 585 9 1309 61 26 367 511 25 101 83 27 10 92 161 0 3000 9 16 0 0 147 882 476 0 11 79 1305 0 21 148 43 89 12 164 733 49 46 233 9 3000 140 539 953 96 7 153 3000 114 0 10 0 18 767 17 214 19 47 29 57 112 0 224 119 0 441 46 57 729 233 20 3000 167 52 
0 0 41 3000 0 0 325 0 15 0 700 70 0 98 367 199 9 100 87 0 44 0 0 0 0 0 0 0 0 0 629 307 0 0 180 132 47 11 0 922 0 26 1132 67 1700 0 2634 599 1457 0 0 17 0 28 0 52 0 149 0 0 113 7 115 212 263 0 260 173 72 26 0 0 209 0 35 268 0 0 462 0 
82 344 0 105 118 8 0 110 209 65 18 34 62 0 0 9 0 410 0 59 0 0 52 271 39 147 0 0 38 9 0 79 0 10 0 0 595 10 0 0 127 180 403 29 2024 644 450 0 0 59 303 49 201 89 27 0 25 0 48 56 524 92 12 55 139 76 11 0 283 86 0 0 14 1411 0 0 142 280 0 1727 
25 198 0 149 117 751 0 88 322 131 9 9 15 123 0 224 27 106 24 16 3000 0 165 8 220 882 0 38 0 13 0 154 0 126 0 0 71 271 0 0 42 14 213 52 61 13 335 0 0 47 594 74 10 181 1950 0 13 0 351 53 26 119 97 945 41 40 1145 0 143 216 0 0 95 13 0 0 23 3000 0 247 
239 399 150 66 1393 78 0 20 38 0 50 41 133 70 281 22 0 2088 9 20 94 8 8 299 49 476 0 9 13 0 1796 1436 37 33 12 107 1459 101 355 37 215 257 0 163 1138 151 53 337 88 879 0 246 0 426 2062 3000 21 0 40 121 874 256 283 0 1555 29 185 70 524 16 35 108 14 73 10 13 65 313 812 1132 
3000 22 59 0 0 1313 46 2225 123 0 46 68 10 175 94 10 293 290 275 21 238 675 1349 32 0 0 629 0 0 1796 0 0 150 426 996 249 21 335 131 695 216 128 0 648 835 118 453 121 41 0 0 166 0 257 17 148 0 67 0 73 93 29 117 0 76 655 85 95 0 12 536 40 0 0 63 2096 0 0 89 0 
0 0 465 1405 1772 0 217 11 27 398 34 107 39 37 0 298 2308 120 35 860 1064 0 150 0 9 11 307 79 154 1436 0 0 0 0 1745 0 178 167 0 0 55 9 1451 203 47 0 9 9 84 209 214 483 32 35 0 0 32 54 20 0 60 12 92 22 14 334 10 523 100 58 0 0 9 0 304 119 25 0 9 0 
208 256 670 0 0 131 0 1570 27 0 433 1657 23 170 3000 57 0 0 11 47 152 570 17 142 0 79 0 0 0 37 150 0 0 93 1085 670 0 36 36 465 398 89 0 43 102 29 99 42 59 0 0 1905 0 2060 12 497 0 0 0 89 214 83 0 0 813 83 11 24 0 385 43 41 0 74 38 196 0 0 230 0 
42 80 13 0 0 1064 0 23 14 0 45 16 15 108 16 34 0 0 8 30 18 166 243 23 0 1305 0 10 126 33 426 0 93 0 123 34 1025 339 40 1520 36 104 0 41 33 104 283 86 14 0 0 150 0 68 113 432 0 0 451 776 41 2876 0 0 89 197 187 0 0 22 32 124 0 345 0 27 0 1429 12 69 
162 2321 10 0 0 134 1983 118 54 0 556 1650 364 53 160 33 176 122 126 7 642 27 49 76 0 0 180 0 0 12 996 1745 1085 123 0 20 2782 2871 31 426 118 74 0 45 76 20 81 18 14 0 0 33 0 234 55 32 0 252 0 14 95 87 79 0 36 1779 160 684 0 17 44 257 0 0 39 3000 0 0 405 0 
105 58 1231 0 0 597 3000 93 172 0 13 8 2019 17 32 33 0 21 150 66 93 10 12 13 0 21 132 0 0 107 249 0 670 34 20 0 58 1468 18 134 771 67 0 30 94 1298 1061 285 95 0 0 59 0 110 1161 216 0 2180 0 863 179 475 0 0 34 97 36 122 0 110 131 24 0 0 242 32 0 0 306 0 
176 188 550 162 356 25 879 1253 442 65 1374 15 208 42 897 63 158 49 26 7 138 0 515 11 2463 148 47 595 71 1459 21 178 0 1025 2782 58 0 314 446 14 842 41 32 12 14 2121 99 3000 28 42 339 436 634 3000 135 39 103 16 574 344 14 701 15 1153 66 1648 223 37 13 100 0 0 9 10 66 137 23 74 1869 55 
55 54 1634 18 1653 23 25 11 162 886 200 269 62 47 663 8 620 12 40 173 28 51 13 895 60 43 11 10 271 101 335 167 36 339 2871 1468 314 0 80 1267 41 10 292 2026 46 159 39 839 3000 57 0 593 179 10 2409 56 8 462 47 59 582 147 78 311 622 32 3000 484 118 12 11 46 8 1500 310 147 16 483 119 8 
22 1009 246 0 0 234 0 192 448 0 27 1355 21 491 810 230 0 9 83 19 23 289 480 12 0 89 0 0 0 355 131 0 36 40 31 18 446 80 0 3000 55 180 0 148 8 10 312 15 206 0 0 136 0 147 90 734 0 397 0 190 712 1307 0 0 22 65 103 10 0 21 418 32 0 63 2653 241 0 0 653 0 
26 170 133 0 0 530 1207 2041 115 0 15 8 233 131 338 661 0 3000 37 109 483 1583 17 263 0 12 922 0 0 37 695 0 465 1520 426 134 14 1267 3000 0 564 22 0 1682 394 29 490 408 957 0 0 1460 0 22 10 17 0 12 0 56 35 709 218 0 81 48 962 341 0 745 1819 840 0 0 18 20 0 0 19 0 
60 117 216 157 13 35 290 79 738 232 416 2827 241 11 12 316 8 1090 3000 471 73 42 200 41 10 164 0 127 42 215 216 55 398 36 118 771 842 41 55 564 0 56 20 685 15 465 264 1328 150 1045 1282 889 267 31 127 10 53 1529 29 51 564 30 108 400 720 138 8 1444 870 2153 210 27 95 65 681 825 17 18 14 39 
37 544 1391 124 0 8 226 10 426 0 352 574 40 542 347 294 61 48 147 1094 9 24 285 320 3000 733 26 180 14 257 128 9 89 104 74 67 41 10 180 22 56 0 24 1320 47 128 678 129 35 1900 0 69 0 44 41 2393 294 10 18 53 43 275 73 56 59 247 54 842 1334 7 607 1220 231 392 257 792 25 509 890 250 
0 0 0 1176 502 0 1163 886 0 45 48 13 0 355 0 14 11 763 18 0 0 0 60 0 14 49 1132 403 213 0 0 1451 0 0 0 0 32 292 0 0 20 24 0 116 0 0 143 0 0 919 15 50 90 987 0 0 2117 15 19 0 12 3000 25 3000 13 68 255 0 49 638 0 0 331 0 30 15 18 0 0 0 
1912 61 14 175 232 90 3000 405 18 16 840 164 139 1939 1164 74 2508 168 108 43 42 356 72 3000 15 46 67 29 52 163 648 203 43 41 45 30 12 2026 148 1682 685 1320 116 0 354 2608 9 21 47 13 114 65 13 25 1437 25 35 657 10 73 28 19 445 91 520 94 321 589 225 105 449 124 16 726 926 55 22 48 2406 2416 
1704 154 155 423 0 367 2654 116 147 0 56 803 852 13 13 236 254 123 40 75 47 2348 60 154 0 233 1700 2024 61 1138 835 47 102 33 76 94 14 46 8 394 15 47 0 354 0 8 13 210 327 11 0 63 0 121 313 673 56 122 78 8 374 573 256 161 118 35 8 214 148 678 53 45 2041 25 82 335 9 50 127 74 
3000 9 128 0 0 185 0 154 22 0 10 91 21 728 74 19 0 0 9 19 1374 53 334 20 0 9 0 644 13 151 118 0 29 104 20 1298 2121 159 10 29 465 128 0 2608 8 0 50 1518 682 0 0 292 0 126 37 78 0 0 0 2288 1285 1709 0 0 40 1522 50 0 0 55 49 9 0 14 0 32 0 97 282 70 
835 276 167 56 1535 632 10 14 619 32 511 40 1112 146 31 18 9 429 66 149 156 0 222 1679 84 3000 2634 450 335 53 453 9 99 283 81 1061 99 39 312 490 264 678 143 9 13 50 0 260 556 13 45 85 392 97 7 18 1269 52 513 232 1887 3000 19 80 1390 579 17 445 217 54 1239 351 215 121 59 482 396 50 2643 48 
422 767 29 0 0 58 41 11 66 0 277 7 217 60 376 3000 139 1175 8 90 143 7 235 46 0 140 599 0 0 337 121 9 42 86 18 285 3000 839 15 408 1328 129 0 21 210 1518 260 0 198 0 0 393 0 428 3000 38 0 267 0 126 179 42 49 0 713 10 10 23 0 3000 360 2690 0 0 15 91 0 0 235 0 
49 417 42 455 0 73 9 109 59 0 26 66 183 624 26 84 38 28 55 18 95 187 149 382 0 539 1457 0 0 88 41 84 59 14 14 95 28 3000 206 957 150 35 0 47 327 682 556 198 0 0 0 33 0 13 31 538 0 118 0 31 29 10 21 0 518 40 794 14 2124 22 184 9 0 0 13 176 0 0 2489 0 
0 27 0 11 425 0 1667 61 0 1126 181 721 308 11 0 152 17 47 0 0 0 0 37 0 190 953 0 59 47 879 0 209 0 0 0 0 42 57 0 0 1045 1900 919 13 11 0 13 0 0 0 2544 105 9 63 0 0 1031 0 337 0 125 634 3000 196 37 167 132 0 14 98 0 0 19 0 0 0 3000 122 0 71 
0 0 0 188 382 0 47 305 0 20 0 47 0 0 0 34 37 120 0 0 0 0 385 0 16 96 0 303 594 0 0 214 0 0 0 0 339 0 0 0 1282 0 15 114 0 0 45 0 0 2544 0 0 145 0 0 0 2845 0 274 0 0 0 117 77 0 245 8 0 947 0 0 0 791 0 0 0 114 0 0 0 
494 1345 247 53 28 110 2729 29 35 370 74 160 36 262 9 51 22 36 243 261 11 135 27 403 33 7 17 49 74 246 166 483 1905 150 33 59 436 593 136 1460 889 69 50 65 63 292 85 393 33 105 0 0 83 17 947 817 286 18 465 12 3000 128 372 51 100 182 153 491 31 102 908 295 585 0 1899 96 448 215 95 272 
0 0 0 10 58 0 26 9 0 19 42 27 0 23 0 44 24 2121 0 0 0 0 57 0 69 153 0 201 10 0 0 32 0 0 0 0 634 179 0 0 267 0 90 13 0 0 392 0 0 9 145 83 0 1367 0 0 22 1457 25 0 3000 81 115 620 15 295 1035 0 146 0 0 0 58 0 0 0 150 0 0 0 
190 10 80 156 27 33 13 389 285 109 58 249 9 64 223 170 57 192 106 45 22 22 83 246 3000 3000 28 89 181 426 257 35 2060 68 234 110 3000 10 147 22 31 44 987 25 121 126 97 428 13 63 0 17 1367 0 1105 506 320 14 533 73 8 33 134 15 69 90 508 132 40 56 48 71 3000 148 1027 225 3000 51 8 257 
13 7 0 0 0 24 0 12 30 0 305 222 350 0 370 17 0 0 586 42 14 489 275 1065 0 114 0 27 1950 2062 17 0 12 113 55 1161 135 2409 90 10 127 41 0 1437 313 37 7 3000 31 0 0 947 0 1105 0 637 0 0 35 842 163 1382 0 0 46 101 1186 0 0 68 120 283 0 106 0 0 0 207 90 132 
329 329 300 0 0 1761 32 83 11 0 23 2057 35 59 25 9 1401 91 335 11 106 22 59 346 0 0 52 0 0 3000 148 0 497 432 32 216 39 56 734 17 10 2393 0 25 673 78 18 38 538 0 0 817 0 506 637 0 0 3000 0 84 9 306 33 0 3000 72 36 3000 0 408 597 13 0 0 18 126 0 0 47 0 
0 315 0 725 194 0 19 2012 0 46 449 9 0 112 0 16 906 139 0 0 0 0 83 0 927 10 0 25 13 21 0 32 0 0 0 0 103 8 0 0 53 294 2117 35 56 0 1269 0 0 1031 2845 286 22 320 0 0 0 14 16 0 842 1271 3000 58 870 371 19 0 368 59 0 0 350 0 0 0 11 123 0 1143 
0 0 358 17 0 0 64 0 202 0 32 35 0 280 1368 17 73 3000 31 0 179 0 11 0 19 0 149 0 0 0 67 54 0 0 252 2180 16 462 397 12 1529 10 15 657 122 0 52 267 118 0 0 18 1457 14 0 3000 14 0 0 0 101 10 90 21 31 438 3000 547 34 474 0 0 10 0 157 83 136 0 30 0 
507 37 0 127 75 0 0 16 0 329 705 1342 425 3000 0 7 157 11 0 23 0 0 172 181 47 18 0 48 351 40 0 20 0 451 0 0 574 47 0 0 29 18 19 10 78 0 513 0 0 337 274 465 25 533 35 0 16 0 0 121 579 192 22 304 88 387 722 0 2441 1797 0 0 82 336 0 0 93 86 0 20 
13 104 129 37 0 144 0 361 80 0 386 93 179 804 15 426 0 0 694 135 295 17 2452 146 0 767 0 56 53 121 73 0 89 776 14 863 344 59 190 56 51 53 0 73 8 2288 232 126 31 0 0 12 0 73 842 84 0 0 121 0 30 119 0 0 370 804 596 0 0 37 185 16 0 437 0 196 161 120 227 341 
25 320 278 9 88 2527 234 83 194 31 1065 93 173 141 118 55 19 154 40 132 1023 57 1015 272 16 17 113 524 26 874 93 60 214 41 95 179 14 582 712 35 564 43 12 28 374 1285 1887 179 29 125 0 3000 3000 8 163 9 842 101 579 30 0 81 275 273 18 2637 1329 14 43 278 260 92 152 2136 24 22 10 618 8 76 
65 98 411 38 1920 32 130 405 513 13 235 1840 123 32 18 69 84 68 23 178 22 283 13 46 372 214 7 92 119 256 29 12 83 2876 87 475 701 147 1307 709 30 275 3000 19 573 1709 3000 42 10 634 0 128 81 33 1382 306 1271 10 192 119 81 0 111 11 172 687 1675 280 284 37 1032 571 51 3000 502 279 15 948 52 12 
8 19 12 76 2008 0 473 232 20 101 58 12 22 59 431 547 57 62 55 3000 77 0 28 18 65 19 115 12 97 283 117 92 0 0 79 0 15 78 0 218 108 73 25 445 256 0 19 49 21 3000 117 372 115 134 0 33 3000 90 22 0 275 111 0 894 54 13 80 325 649 12 0 0 77 0 1843 126 14 36 750 2291 
0 0 0 3000 762 0 12 10 0 16 15 111 0 103 0 17 821 495 43 0 0 0 9 0 446 47 212 55 945 0 0 22 0 0 0 0 1153 311 0 0 400 56 3000 91 161 0 80 0 0 196 77 51 620 15 0 0 58 21 304 0 273 11 894 0 138 59 24 10 995 9 0 0 11 0 31 316 14 0 0 0 
63 117 27 314 1577 637 863 516 3000 57 296 26 3000 829 11 631 1423 30 26 51 329 3000 28 82 21 29 263 139 41 1555 76 14 813 89 36 34 66 622 22 81 720 59 13 520 118 40 1390 713 518 37 0 100 15 69 46 3000 870 31 88 370 18 172 54 138 0 305 154 149 20 307 132 65 243 0 184 538 28 0 140 0 
122 16 7 21 27 3000 75 34 312 30 129 1156 3000 14 16 435 11 133 94 175 8 0 28 12 118 57 0 76 40 29 655 334 83 197 1779 97 1648 32 65 48 138 247 68 94 35 1522 579 10 40 167 245 182 295 90 101 72 371 438 387 804 2637 687 13 59 305 0 263 183 409 10 38 657 68 15 151 3000 59 381 188 2005 
243 2720 132 60 44 133 74 17 851 30 10 41 35 99 95 16 203 2106 187 108 350 0 8 302 282 112 260 11 1145 185 85 10 11 187 160 36 223 3000 103 962 8 54 255 321 8 50 17 10 794 132 8 153 1035 508 1186 36 19 3000 722 596 1329 1675 80 24 154 263 0 21 521 706 0 1055 47 12 288 826 258 14 3000 10 
8 0 1491 7 0 0 126 0 77 0 114 84 439 16 108 15 445 36 11 603 8 1326 91 0 0 0 173 0 0 70 95 523 24 0 684 122 37 484 10 341 1444 842 0 589 214 0 445 23 14 0 0 491 0 132 0 3000 0 547 0 0 14 280 325 10 149 183 21 0 227 12 130 148 0 0 9 1014 0 0 138 0 
0 0 809 40 25 0 41 56 142 76 41 11 0 15 0 68 21 28 321 0 34 0 524 0 646 224 72 283 143 524 0 100 0 0 0 0 13 118 0 0 870 1334 49 225 148 0 217 0 2124 14 947 31 146 40 0 0 368 34 2441 0 43 284 649 995 20 409 521 227 0 509 0 0 170 0 32 417 168 0 2354 0 
17 69 20 61 0 111 66 310 69 0 166 26 302 38 75 315 23 1219 1556 871 197 1679 309 312 11 119 26 86 216 16 12 58 385 22 17 110 100 12 21 745 2153 7 638 105 678 55 54 3000 22 98 0 102 0 56 68 408 59 474 1797 37 278 37 12 9 307 10 706 12 509 0 12 259 45 0 26 1298 551 0 20 0 
123 41 19 0 0 11 0 27 451 0 165 10 8 155 720 0 0 0 23 24 320 83 461 8 0 0 0 0 0 35 536 0 43 32 44 131 0 11 418 1819 210 607 0 449 53 49 1239 360 184 0 0 908 0 48 120 597 0 0 0 185 260 1032 0 0 132 38 0 130 0 12 0 84 0 0 101 350 0 0 844 0 
72 14 61 0 0 249 0 31 20 0 344 142 734 85 192 561 0 0 31 50 176 41 133 1189 0 441 0 0 0 108 40 0 41 124 257 24 0 46 32 840 27 1220 0 124 45 9 351 2690 9 0 0 295 0 71 283 13 0 0 0 16 92 571 0 0 65 657 1055 148 0 259 84 0 0 795 921 438 0 0 13 0 
0 44 0 24 3000 0 345 2588 28 62 759 194 60 287 0 1107 528 75 3000 44 0 0 120 1000 1258 46 209 14 95 14 0 9 0 0 0 0 9 8 0 0 95 231 331 16 2041 0 215 0 0 19 791 585 58 3000 0 0 350 10 82 0 152 51 77 11 243 68 47 0 170 45 0 0 0 0 84 493 88 994 0 13 
10 237 0 0 0 635 0 70 150 0 402 13 344 0 0 0 0 0 0 182 0 0 1019 554 0 57 0 1411 13 73 0 0 74 345 0 0 10 1500 63 0 65 392 0 726 25 14 121 0 0 0 0 0 0 148 106 0 0 0 336 437 2136 3000 0 0 0 15 12 0 0 0 0 795 0 0 0 0 0 838 0 218 
67 0 90 1369 0 0 57 25 192 0 155 57 690 122 16 755 170 71 701 265 74 72 86 3000 0 729 35 0 0 10 63 304 38 0 39 242 66 310 2653 18 681 257 30 926 82 0 59 15 13 0 0 1899 0 1027 0 18 0 157 0 0 24 502 1843 31 184 151 288 9 32 26 101 921 84 0 0 219 122 0 56 0 
19 100 69 467 0 124 506 114 44 0 502 10 225 99 460 57 152 167 40 166 197 455 23 27 0 233 268 0 0 13 2096 119 196 27 3000 32 137 147 241 20 825 792 15 55 335 32 482 91 176 0 0 96 0 225 0 126 0 83 0 196 22 279 126 316 538 3000 826 1014 417 1298 350 438 493 0 219 0 427 0 30 0 
225 541 0 12 3000 0 188 378 66 29 487 572 46 596 0 17 121 118 250 97 65 0 13 9 12 20 0 142 23 65 0 25 0 0 0 0 23 16 0 0 17 25 18 22 9 0 396 0 0 3000 114 448 150 3000 0 0 11 136 93 161 10 15 14 14 28 59 258 0 168 551 0 0 88 0 122 427 0 174 0 601 
30 264 0 318 137 37 0 316 3000 96 31 65 457 0 0 106 0 0 0 57 0 0 81 19 1675 3000 0 280 3000 313 0 0 0 1429 0 0 74 483 0 0 18 509 0 48 50 97 50 0 0 122 0 215 0 51 207 0 123 0 86 120 618 948 36 0 0 381 14 0 0 0 0 0 994 838 0 0 174 0 0 569 
23 1889 127 3000 0 25 359 130 25 0 17 595 665 58 106 210 184 1856 8 141 11 27 21 107 0 167 462 0 0 812 89 9 230 12 405 306 1869 119 653 19 14 890 0 2406 127 282 2643 235 2489 0 0 95 0 8 90 47 0 30 0 227 8 52 750 0 140 188 3000 138 2354 20 844 13 0 0 56 30 0 0 0 0 
81 143 0 3000 58 3000 0 25 24 1920 85 12 284 0 0 584 0 0 0 10 0 0 90 181 523 52 0 1727 247 1132 0 0 0 69 0 0 55 8 0 0 39 250 0 2416 74 70 48 0 0 71 0 272 0 257 132 0 1143 0 20 341 76 12 2291 0 0 2005 10 0 0 0 0 0 13 218 0 0 601 569 0 0 
