80
0 22 41 70 63 74 65 49 74 34 45 72 66 38 55 36 44 80 42 71 34 29 28 21 46 24 63 44 48 10 39 91 40 84 24 53 37 62 46 52 51 22 47 51 38 55 66 41 73 54 33 76 39 11 13 25 84 58 53 48 12 27 23 35 34 70 51 8 46 74 16 23 21 77 56 26 22 70 49 44 
22 0 21 48 44 52 57 29 59 31 45 53 49 17 42 15 51 60 34 49 17 39 20 32 38 29 45 22 30 27 22 77 23 63 33 33 25 42 56 53 39 23 62 36 23 64 44 53 57 32 38 65 34 22 19 41 71 45 34 55 31 8 28 16 41 48 44 25 33 54 27 13 43 69 49 47 6 49 34 42 
41 21 0 31 39 35 47 8 42 33 46 32 30 5 30 10 57 39 45 35 11 58 35 52 49 47 25 4 11 44 27 61 27 49 44 27 20 33 64 53 28 32 74 21 13 70 25 64 40 20 45 51 47 39 39 55 55 33 31 73 48 15 47 20 49 32 37 42 40 43 47 30 62 60 43 64 24 36 21 56 
70 48 31 0 29 4 67 27 49 63 74 30 35 32 50 34 86 29 56 10 42 79 54 76 58 68 31 27 32 74 39 66 39 20 75 25 49 20 94 80 51 63 105 41 42 99 10 94 48 18 76 65 60 69 64 86 62 52 30 89 78 45 68 37 79 3 61 72 47 22 71 52 91 77 66 94 49 14 43 69 
63 44 39 29 0 31 85 41 73 70 84 56 59 36 67 33 93 57 33 20 49 61 38 60 33 52 54 35 47 70 24 92 23 28 76 12 58 9 99 91 66 65 106 58 52 106 35 97 72 19 81 86 37 66 53 85 87 70 10 66 74 45 51 28 83 26 76 68 24 14 57 40 83 96 81 89 41 17 58 45 
74 52 35 4 31 0 68 30 49 66 77 30 36 36 52 38 90 28 60 12 46 83 58 80 61 72 33 31 35 78 43 66 43 18 78 29 52 23 98 83 53 66 108 44 46 102 12 98 49 22 79 65 64 73 68 90 63 53 34 93 82 49 72 42 82 5 64 76 51 23 76 56 95 78 68 98 53 15 45 72 
65 57 47 67 85 68 0 44 25 31 26 42 33 51 17 56 40 49 90 75 41 93 77 85 94 84 36 50 38 59 74 31 73 86 47 73 32 78 48 26 19 43 64 27 36 46 57 53 25 66 39 14 90 55 72 58 25 15 78 111 62 49 83 65 41 69 14 59 86 86 79 70 76 13 9 72 63 78 27 99 
49 29 8 27 41 30 44 0 35 36 48 24 22 13 27 18 60 31 52 33 16 67 43 61 56 56 17 8 7 51 34 55 33 46 49 29 22 34 68 54 26 37 79 17 16 72 18 68 34 21 49 46 54 46 47 61 49 29 35 81 55 23 55 27 53 28 36 49 46 43 55 38 69 56 41 71 32 35 18 63 
74 59 42 49 73 49 25 35 0 45 47 20 14 47 20 52 62 25 87 59 41 97 76 91 90 87 19 43 30 72 69 20 68 67 62 63 37 65 70 49 24 54 85 23 36 70 39 74 1 54 57 17 88 66 77 75 14 18 69 114 75 51 86 61 60 52 30 70 81 71 85 70 90 30 31 88 64 62 25 98 
34 31 33 63 70 66 31 36 45 0 14 50 42 35 25 38 24 59 66 68 22 63 51 55 69 55 42 37 31 29 53 59 52 82 17 58 14 66 32 22 21 12 43 27 21 36 54 32 44 53 13 43 64 24 42 30 52 27 62 81 31 26 54 45 17 64 18 28 64 77 49 43 46 43 22 43 37 70 24 72 
45 45 46 74 84 77 26 48 47 14 0 57 48 48 28 51 15 65 79 80 35 74 64 66 83 67 49 50 42 37 66 57 66 93 23 72 26 79 23 8 26 24 39 34 33 25 65 27 46 66 13 40 78 34 54 32 51 30 75 93 38 40 66 58 15 76 17 37 78 89 61 57 52 35 17 46 50 82 32 85 
72 53 32 30 56 30 42 24 20 50 57 0 9 37 29 42 72 8 75 40 38 91 67 85 78 80 9 32 23 72 56 36 56 48 67 47 38 47 80 61 31 56 94 24 34 82 21 82 19 38 64 36 77 66 71 79 33 29 54 105 76 46 79 50 67 33 41 70 68 52 80 62 91 49 44 91 57 43 26 87 
66 49 30 35 59 36 33 22 14 42 48 9 0 35 20 40 63 17 74 45 32 87 65 81 78 77 5 30 19 66 56 33 55 54 59 49 31 51 72 53 23 49 85 16 28 73 25 74 13 40 56 29 76 60 67 72 28 20 55 103 69 41 76 49 59 38 32 64 68 57 76 60 84 41 35 84 53 48 19 86 
38 17 5 32 36 36 51 13 47 35 48 37 35 0 35 5 58 44 40 35 13 54 30 48 44 43 30 6 16 42 23 66 22 49 43 24 22 31 65 56 32 32 74 26 16 71 27 64 45 19 46 56 42 37 35 54 60 37 28 68 46 13 42 15 49 33 41 40 35 42 43 25 59 64 46 62 20 36 25 51 
55 42 30 50 67 52 17 27 20 25 28 29 20 35 0 40 43 37 74 59 25 80 61 73 78 70 21 33 20 52 57 36 57 70 42 56 18 61 52 33 4 34 66 10 20 53 40 55 19 48 37 22 75 46 59 55 29 3 61 97 54 34 70 49 40 53 12 50 70 69 67 55 70 29 16 67 48 61 9 83 
36 15 10 34 33 38 56 18 52 38 51 42 40 5 40 0 60 48 35 35 17 49 25 44 39 38 35 10 22 41 18 71 17 49 44 21 26 29 67 59 37 33 74 31 21 73 30 65 51 18 48 61 37 36 31 54 65 42 24 63 45 13 38 10 51 34 45 39 30 41 39 21 57 69 51 61 16 35 30 46 
44 51 57 86 93 90 40 60 62 24 15 72 63 58 43 60 0 80 83 92 46 73 68 65 87 68 63 61 54 35 73 71 73 106 20 81 38 89 9 15 40 28 24 48 44 13 78 13 61 77 13 53 81 34 56 24 65 44 84 92 34 48 67 66 11 88 32 36 84 100 60 61 45 47 31 37 56 93 46 87 
80 60 39 29 57 28 49 31 25 59 65 8 17 44 37 48 80 0 79 40 45 97 73 92 82 86 17 38 31 80 61 38 60 45 75 50 46 49 89 70 40 64 102 32 42 90 22 91 25 41 72 41 82 75 78 88 36 36 56 111 84 53 86 56 75 32 49 78 72 51 86 69 99 55 52 99 63 43 35 92 
42 34 45 56 33 60 90 52 87 66 79 75 74 40 74 35 83 79 0 50 49 30 15 31 4 23 70 44 57 52 19 106 19 61 63 31 58 38 88 87 71 56 89 66 54 96 58 83 86 39 71 96 5 50 30 68 100 77 26 34 55 41 23 26 73 54 78 50 9 47 31 23 59 103 83 67 29 48 65 13 
71 49 35 10 20 12 75 33 59 68 80 40 45 35 59 35 92 40 50 0 47 76 51 73 52 66 41 31 39 76 36 76 35 14 78 20 54 13 100 87 58 67 109 49 48 105 20 99 58 17 80 74 55 71 63 89 72 60 24 84 80 48 65 36 84 7 69 74 41 12 70 51 92 86 74 96 49 4 50 63 
34 17 11 42 49 46 41 16 41 22 35 38 32 13 25 17 46 45 49 47 0 56 36 49 53 46 29 15 14 35 33 60 33 60 33 37 9 44 53 43 22 21 63 18 5 58 35 52 40 31 34 47 50 29 35 45 53 28 40 73 39 10 45 25 37 43 29 33 46 55 44 30 53 53 34 54 23 48 17 58 
29 39 58 79 61 83 93 67 97 63 74 91 87 54 80 49 73 97 30 76 56 0 26 8 31 11 83 59 68 38 40 116 41 88 53 56 62 65 74 81 77 51 70 75 61 83 79 68 96 61 62 102 25 40 21 51 109 83 53 19 39 47 12 42 63 78 79 37 38 75 13 28 35 105 84 45 34 74 73 22 
28 20 35 54 38 58 77 43 76 51 64 67 65 30 61 25 68 73 15 51 36 26 0 23 19 15 60 35 46 37 15 96 16 63 48 31 45 40 72 72 58 41 74 54 42 81 53 68 75 36 56 84 14 35 16 53 89 65 28 38 40 27 15 17 58 53 64 35 18 51 20 7 46 89 69 54 14 49 53 22 
21 32 52 76 60 80 85 61 91 55 66 85 81 48 73 44 65 92 31 73 49 8 23 0 33 9 77 54 62 30 38 109 38 86 45 53 55 62 66 73 69 43 64 68 54 76 74 60 89 58 54 95 26 32 14 44 102 76 51 27 31 40 9 38 55 75 71 29 38 73 6 23 29 97 76 39 28 72 66 27 
46 38 49 58 33 61 94 56 90 69 83 78 78 44 78 39 87 82 4 52 53 31 19 33 0 25 73 48 60 56 22 110 22 61 67 33 62 39 91 91 75 60 93 70 58 100 61 87 89 41 75 100 7 54 33 71 104 81 28 33 58 45 26 29 77 56 81 54 10 47 34 26 62 106 87 70 33 49 69 12 
24 29 47 68 52 72 84 56 87 55 67 80 77 43 70 38 68 86 23 66 46 11 15 9 25 0 73 48 58 34 30 106 30 78 47 46 52 54 70 75 67 43 69 64 51 79 67 65 86 50 56 93 18 34 13 48 99 74 43 27 36 36 1 31 57 68 70 32 29 65 9 17 37 96 76 46 23 64 63 20 
63 45 25 31 54 33 36 17 19 42 49 9 5 30 21 35 63 17 70 41 29 83 60 77 73 73 0 26 15 63 51 38 50 51 58 44 29 46 72 54 23 47 85 15 25 74 21 74 18 35 55 33 72 58 63 71 33 22 50 98 67 38 72 44 58 34 33 62 63 52 72 55 82 45 37 82 49 44 18 81 
44 22 4 27 35 31 50 8 43 37 50 32 30 6 33 10 61 38 44 31 15 59 35 54 48 48 26 0 13 47 26 62 25 45 47 23 23 29 68 57 31 35 77 23 17 73 22 67 42 17 49 54 46 42 40 59 56 35 28 73 51 18 47 19 52 28 40 45 38 40 49 31 64 62 46 67 25 33 23 55 
48 30 11 32 47 35 38 7 30 31 42 23 19 16 20 22 54 31 57 39 14 68 46 62 60 58 15 13 0 49 39 50 38 52 45 36 17 40 63 48 19 34 74 11 11 66 23 63 29 28 44 40 58 43 48 58 44 23 41 84 53 22 57 31 48 34 29 47 51 50 57 41 68 49 35 68 34 42 11 67 
10 27 44 74 70 78 59 51 72 29 37 72 66 42 52 41 35 80 52 76 35 38 37 30 56 34 63 47 49 0 47 87 47 90 15 60 35 69 37 44 48 18 37 50 38 46 69 31 70 59 24 71 49 6 22 16 80 54 60 57 4 29 33 42 25 75 46 2 55 81 26 31 19 71 50 20 29 76 48 54 
39 22 27 39 24 43 74 34 69 53 66 56 56 23 57 18 73 61 19 36 33 40 15 38 22 30 51 26 39 47 0 88 1 48 55 16 43 25 79 74 55 45 84 48 38 86 40 76 68 22 61 79 21 44 29 62 82 60 14 50 51 27 29 8 63 38 62 45 13 36 34 17 59 86 68 66 19 34 48 31 
91 77 61 66 92 66 31 55 20 59 57 36 33 66 36 71 71 38 106 76 60 116 96 109 110 106 38 62 50 87 88 0 88 83 76 82 54 83 79 57 40 70 95 42 55 77 57 84 21 73 69 18 108 82 95 88 7 33 88 133 90 70 105 81 72 69 42 86 101 88 103 90 105 27 40 102 83 80 43 117 
40 23 27 39 23 43 73 33 68 52 66 56 55 22 57 17 73 60 19 35 33 41 16 38 22 30 50 25 38 47 1 88 0 48 55 15 42 24 79 74 54 45 84 48 38 86 40 76 67 21 61 78 22 44 30 63 82 60 13 51 51 27 30 8 63 37 62 45 13 35 35 17 60 86 68 66 19 34 47 31 
84 63 49 20 28 18 86 46 67 82 93 48 54 49 70 49 106 45 61 14 60 88 63 86 61 78 51 45 52 90 48 83 48 0 92 33 68 24 113 100 70 81 123 61 61 118 30 113 67 31 94 83 65 85 77 103 80 71 35 94 94 62 78 50 97 18 81 88 52 15 83 64 106 96 86 110 63 14 63 73 
24 33 44 75 76 78 47 49 62 17 23 67 59 43 42 44 20 75 63 78 33 53 48 45 67 47 58 47 45 15 55 76 55 92 0 65 29 73 24 29 38 12 30 43 34 32 68 21 61 62 10 59 61 14 35 13 70 45 67 72 15 31 47 48 10 76 34 16 65 85 40 41 30 58 37 25 37 79 40 67 
53 33 27 25 12 29 73 29 63 58 72 47 49 24 56 21 81 50 31 20 37 56 31 53 33 46 44 23 36 60 16 82 15 33 65 0 46 9 88 79 55 53 94 46 40 94 28 85 62 9 69 76 35 55 44 74 77 58 6 64 63 34 45 18 72 23 64 57 23 21 50 32 74 85 69 79 31 18 47 44 
37 25 20 49 58 52 32 22 37 14 26 38 31 22 18 26 38 46 58 54 9 62 45 55 62 52 29 23 17 35 43 54 42 68 29 46 0 52 46 34 15 18 57 15 6 50 40 46 36 40 27 40 58 29 41 41 48 21 50 79 38 17 52 34 31 50 19 34 55 63 49 38 54 45 25 53 31 56 13 66 
62 42 33 20 9 23 78 34 65 66 79 47 51 31 61 29 89 49 38 13 44 65 40 62 39 54 46 29 40 69 25 83 24 24 73 9 52 0 96 86 60 62 103 51 46 102 27 94 64 13 77 79 42 64 53 83 79 63 12 72 73 42 54 27 80 18 69 66 29 12 59 41 83 89 75 88 40 10 51 51 
46 56 64 94 99 98 48 68 70 32 23 80 72 65 52 67 9 89 88 100 53 74 72 66 91 70 72 68 63 37 79 79 79 113 24 88 46 96 0 22 49 34 16 57 52 9 86 8 69 84 19 61 85 37 59 23 73 53 90 93 35 54 70 72 16 96 40 38 89 107 62 65 43 54 40 34 61 101 54 90 
52 53 53 80 91 83 26 54 49 22 8 61 53 56 33 59 15 70 87 87 43 81 72 73 91 75 54 57 48 44 74 57 74 100 29 79 34 86 22 0 31 32 39 40 40 21 71 28 48 74 19 39 86 41 62 37 51 33 83 100 45 48 74 66 20 82 21 44 86 97 68 65 57 32 18 50 58 89 38 93 
51 39 28 51 66 53 19 26 24 21 26 31 23 32 4 37 40 40 71 58 22 77 58 69 75 67 23 31 19 48 55 40 54 70 38 55 15 60 49 31 0 30 63 9 17 51 41 52 23 47 33 26 72 43 55 51 33 7 60 94 51 31 66 47 37 53 11 47 68 69 63 52 66 31 15 64 45 61 8 80 
22 23 32 63 65 66 43 37 54 12 24 56 49 32 34 33 28 64 56 67 21 51 41 43 60 43 47 35 34 18 45 70 45 81 12 53 18 62 34 32 30 0 42 33 22 41 56 32 53 50 16 54 54 13 31 24 63 37 56 69 21 20 42 38 18 64 29 17 56 73 37 33 36 55 34 35 27 67 30 61 
47 62 74 105 106 108 64 79 85 43 39 94 85 74 66 74 24 102 89 109 63 70 74 64 93 69 85 77 74 37 84 95 84 123 30 94 57 103 16 39 63 42 0 70 63 22 97 11 84 92 30 78 86 40 59 21 89 68 96 88 34 61 69 77 27 106 55 39 92 115 61 68 36 71 56 25 65 109 67 89 
51 36 21 41 58 44 27 17 23 27 34 24 16 26 10 31 48 32 66 49 18 75 54 68 70 64 15 23 11 50 48 42 48 61 43 46 15 51 57 40 9 33 70 0 13 59 31 59 22 38 40 30 67 44 54 56 35 12 52 91 53 28 64 40 43 43 20 49 61 60 62 48 69 39 25 68 41 52 3 76 
38 23 13 42 52 46 36 16 36 21 33 34 28 16 20 21 44 42 54 48 5 61 42 54 58 51 25 17 11 38 38 55 38 61 34 40 6 46 52 40 17 22 63 13 0 57 34 52 35 34 33 42 55 32 40 46 48 23 44 78 42 15 50 30 37 44 24 36 51 57 49 35 57 48 30 57 28 49 12 64 
55 64 70 99 106 102 46 72 70 36 25 82 73 71 53 73 13 90 96 105 58 83 81 76 100 79 74 73 66 46 86 77 86 118 32 94 50 102 9 21 51 41 22 59 57 0 90 17 69 90 26 59 93 46 67 33 71 54 97 102 44 60 79 79 23 100 41 47 97 113 71 73 52 50 39 43 68 106 57 99 
66 44 25 10 35 12 57 18 39 54 65 21 25 27 40 30 78 22 58 20 35 79 53 74 61 67 21 22 23 69 40 57 40 30 68 28 40 27 86 71 41 56 97 31 34 90 0 86 38 19 67 54 61 63 61 79 53 41 34 90 73 39 67 36 71 13 51 67 50 32 69 50 86 66 56 88 46 23 33 71 
41 53 64 94 97 98 53 68 74 32 27 82 74 64 55 65 13 91 83 99 52 68 68 60 87 65 74 67 63 31 76 84 76 113 21 85 46 94 8 28 52 32 11 59 52 17 86 0 73 83 19 67 80 33 54 17 78 56 87 86 29 52 64 69 16 95 44 33 85 106 57 61 36 60 44 26 57 100 56 85 
73 57 40 48 72 49 25 34 1 44 46 19 13 45 19 51 61 25 86 58 40 96 75 89 89 86 18 42 29 70 68 21 67 67 61 62 36 64 69 48 23 53 84 22 35 69 38 73 0 53 56 17 87 65 75 74 15 17 68 112 73 50 85 60 59 51 29 69 80 70 84 69 89 30 30 86 63 61 24 96 
54 32 20 18 19 22 66 21 54 53 66 38 40 19 48 18 77 41 39 17 31 61 36 58 41 50 35 17 28 59 22 73 21 31 62 9 40 13 84 74 47 50 92 38 34 90 19 83 53 0 65 67 42 54 47 72 68 50 15 72 63 31 50 20 68 17 57 57 31 23 54 35 75 77 62 79 32 17 39 52 
33 38 45 76 81 79 39 49 57 13 13 64 56 46 37 48 13 72 71 80 34 62 56 54 75 56 55 49 44 24 61 69 61 94 10 69 27 77 19 19 33 16 30 40 33 26 67 19 56 65 0 52 69 23 44 19 62 39 71 81 25 35 56 53 3 77 27 25 71 88 49 48 39 49 29 33 43 82 37 75 
76 65 51 65 86 65 14 46 17 43 40 36 29 56 22 61 53 41 96 74 47 102 84 95 100 93 33 54 40 71 79 18 78 83 59 76 40 79 61 39 26 54 78 30 42 59 54 67 17 67 52 0 97 67 81 71 12 19 81 120 74 57 92 71 54 67 25 71 91 86 89 77 89 14 23 84 70 77 31 106 
39 34 47 60 37 64 90 54 88 64 78 77 76 42 75 37 81 82 5 55 50 25 14 26 7 18 72 46 58 49 21 108 22 65 61 35 58 42 85 86 72 54 86 67 55 93 61 80 87 42 69 97 0 48 27 64 102 78 30 30 52 41 18 27 71 58 77 47 14 51 26 21 55 103 83 63 28 52 66 9 
11 22 39 69 66 73 55 46 66 24 34 66 60 37 46 36 34 75 50 71 29 40 35 32 54 34 58 42 43 6 44 82 44 85 14 55 29 64 37 41 43 13 40 44 32 46 63 33 65 54 23 67 48 0 22 19 75 49 56 59 9 24 33 38 23 70 42 4 52 76 27 29 24 67 46 25 25 71 42 53 
13 19 39 64 53 68 72 47 77 42 54 71 67 35 59 31 56 78 30 63 35 21 16 14 33 13 63 40 48 22 29 95 30 77 35 44 41 53 59 62 55 31 59 54 40 67 61 54 75 47 44 81 27 22 0 38 88 62 43 39 25 26 12 27 45 64 58 21 34 65 8 12 31 84 63 38 15 62 52 31 
25 41 55 86 85 90 58 61 75 30 32 79 72 54 55 54 24 88 68 89 45 51 53 44 71 48 71 59 58 16 62 88 63 103 13 74 41 83 23 37 51 24 21 56 46 33 79 17 74 72 19 71 64 19 38 0 82 57 75 70 13 42 48 57 17 87 46 18 70 95 40 47 21 68 49 13 44 90 53 68 
84 71 55 62 87 63 25 49 14 52 51 33 28 60 29 65 65 36 100 72 53 109 89 102 104 99 33 56 44 80 82 7 82 80 70 77 48 79 73 51 33 63 89 35 48 71 53 78 15 68 62 12 102 75 88 82 0 26 83 126 83 63 98 75 65 65 35 80 95 84 96 83 98 23 34 95 76 76 37 111 
58 45 33 52 70 53 15 29 18 27 30 29 20 37 3 42 44 36 77 60 28 83 65 76 81 74 22 35 23 54 60 33 60 71 45 58 21 63 53 33 7 37 68 12 23 54 41 56 17 50 39 19 78 49 62 57 26 0 64 100 57 38 73 52 42 54 13 53 73 71 70 58 73 27 15 70 51 63 12 87 
53 34 31 30 10 34 78 35 69 62 75 54 55 28 61 24 84 56 26 24 40 53 28 51 28 43 50 28 41 60 14 88 13 35 67 6 50 12 90 83 60 56 96 52 44 97 34 87 68 15 71 81 30 56 43 75 83 64 0 60 64 36 43 19 74 28 68 58 17 22 48 31 73 90 74 79 31 22 52 39 
48 55 73 89 66 93 111 81 114 81 93 105 103 68 97 63 92 111 34 84 73 19 38 27 33 27 98 73 84 57 50 133 51 94 72 64 79 72 93 100 94 69 88 91 78 102 90 86 112 72 81 120 30 59 39 70 126 100 60 0 58 63 28 55 82 88 97 56 43 80 32 43 52 123 102 63 50 82 89 21 
12 31 48 78 74 82 62 55 75 31 38 76 69 46 54 45 34 84 55 80 39 39 40 31 58 36 67 51 53 4 51 90 51 94 15 63 38 73 35 45 51 21 34 53 42 44 73 29 73 63 25 74 52 9 25 13 83 57 64 58 0 33 35 46 25 79 49 6 58 85 27 35 15 73 52 16 33 80 51 56 
27 8 15 45 45 49 49 23 51 26 40 46 41 13 34 13 48 53 41 48 10 47 27 40 45 36 38 18 22 29 27 70 27 62 31 34 17 42 54 48 31 20 61 28 15 60 39 52 50 31 35 57 41 24 26 42 63 38 36 63 33 0 36 19 38 46 37 27 39 54 34 20 47 62 42 49 14 48 26 49 
23 28 47 68 51 72 83 55 86 54 66 79 76 42 70 38 67 86 23 65 45 12 15 9 26 1 72 47 57 33 29 105 30 78 47 45 52 54 70 74 66 42 69 64 50 79 67 64 85 50 56 92 18 33 12 48 98 73 43 28 35 36 0 31 57 67 69 32 29 65 8 17 36 95 75 45 23 64 62 21 
35 16 20 37 28 42 65 27 61 45 58 50 49 15 49 10 66 56 26 36 25 42 17 38 29 31 44 19 31 42 8 81 8 50 48 18 34 27 72 66 47 38 77 40 30 79 36 69 60 20 53 71 27 38 27 57 75 52 19 55 46 19 31 0 56 37 54 40 21 39 34 15 56 78 60 61 13 35 40 37 
34 41 49 79 83 82 41 53 60 17 15 67 59 49 40 51 11 75 73 84 37 63 58 55 77 57 58 52 48 25 63 72 63 97 10 72 31 80 16 20 37 18 27 43 37 23 71 16 59 68 3 54 71 23 45 17 65 42 74 82 25 38 57 56 0 80 30 26 73 91 50 50 37 50 32 31 45 85 41 77 
70 48 32 3 26 5 69 28 52 64 76 33 38 33 53 34 88 32 54 7 43 78 53 75 56 68 34 28 34 75 38 69 37 18 76 23 50 18 96 82 53 64 106 43 44 100 13 95 51 17 77 67 58 70 64 87 65 54 28 88 79 46 67 37 80 0 63 73 46 19 71 52 91 79 68 95 49 11 45 67 
51 44 37 61 76 64 14 36 30 18 17 41 32 41 12 45 32 49 78 69 29 79 64 71 81 70 33 40 29 46 62 42 62 81 34 64 19 69 40 21 11 29 55 20 24 41 51 44 29 57 27 25 77 42 58 46 35 13 68 97 49 37 69 54 30 63 0 46 75 79 66 57 64 26 6 60 50 71 18 86 
8 25 42 72 68 76 59 49 70 28 37 70 64 40 50 39 36 78 50 74 33 37 35 29 54 32 62 45 47 2 45 86 45 88 16 57 34 66 38 44 47 17 39 49 36 47 67 33 69 57 25 71 47 4 21 18 80 53 58 56 6 27 32 40 26 73 46 0 53 78 25 29 20 71 50 22 27 74 46 52 
46 33 40 47 24 51 86 46 81 64 78 68 68 35 70 30 84 72 9 41 46 38 18 38 10 29 63 38 51 55 13 101 13 52 65 23 55 29 89 86 68 56 92 61 51 97 50 85 80 31 71 91 14 52 34 70 95 73 17 43 58 39 29 21 73 46 75 53 0 38 36 23 64 99 80 71 28 39 61 22 
74 54 43 22 14 23 86 43 71 77 89 52 57 42 69 41 100 51 47 12 55 75 51 73 47 65 52 40 50 81 36 88 35 15 85 21 63 12 107 97 69 73 115 60 57 113 32 106 70 23 88 86 51 76 65 95 84 71 22 80 85 54 65 39 91 19 79 78 38 0 70 52 95 97 84 100 52 9 61 59 
16 27 47 71 57 76 79 55 85 49 61 80 76 43 67 39 60 86 31 70 44 13 20 6 34 9 72 49 57 26 34 103 35 83 40 50 49 59 62 68 63 37 61 62 49 71 69 57 84 54 49 89 26 27 8 40 96 70 48 32 27 34 8 34 50 71 66 25 36 70 0 19 28 92 71 37 23 68 60 29 
23 13 30 52 40 56 70 38 70 43 57 62 60 25 55 21 61 69 23 51 30 28 7 23 26 17 55 31 41 31 17 90 17 64 41 32 38 41 65 65 52 33 68 48 35 73 50 61 69 35 48 77 21 29 12 47 83 58 31 43 35 20 17 15 50 52 57 29 23 52 19 0 43 82 62 49 7 50 47 29 
21 43 62 91 83 95 76 69 90 46 52 91 84 59 70 57 45 99 59 92 53 35 46 29 62 37 82 64 68 19 59 105 60 106 30 74 54 83 43 57 66 36 36 69 57 52 86 36 89 75 39 89 55 24 31 21 98 73 73 52 15 47 36 56 37 91 64 20 64 95 28 43 0 87 67 10 43 91 66 56 
77 69 60 77 96 78 13 56 30 43 35 49 41 64 29 69 47 55 103 86 53 105 89 97 106 96 45 62 49 71 86 27 86 96 58 85 45 89 54 32 31 55 71 39 48 50 66 60 30 77 49 14 103 67 84 68 23 27 90 123 73 62 95 78 50 79 26 71 99 97 92 82 87 0 21 81 75 89 39 111 
56 49 43 66 81 68 9 41 31 22 17 44 35 46 16 51 31 52 83 74 34 84 69 76 87 76 37 46 35 50 68 40 68 86 37 69 25 75 40 18 15 34 56 25 30 39 56 44 30 62 29 23 83 46 63 49 34 15 74 102 52 42 75 60 32 68 6 50 80 84 71 62 67 21 0 62 55 76 24 91 
26 47 64 94 89 98 72 71 88 43 46 91 84 62 67 61 37 99 67 96 54 45 54 39 70 46 82 67 68 20 66 102 66 110 25 79 53 88 34 50 64 35 25 68 57 43 88 26 86 79 33 84 63 25 38 13 95 70 79 63 16 49 45 61 31 95 60 22 71 100 37 49 10 81 62 0 48 96 65 66 
22 6 24 49 41 53 63 32 64 37 50 57 53 20 48 16 56 63 29 49 23 34 14 28 33 23 49 25 34 29 19 83 19 63 37 31 31 40 61 58 45 27 65 41 28 68 46 57 63 32 43 70 28 25 15 44 76 51 31 50 33 14 23 13 45 49 50 27 28 52 23 7 43 75 55 48 0 49 40 36 
70 49 36 14 17 15 78 35 62 70 82 43 48 36 61 35 93 43 48 4 48 74 49 72 49 64 44 33 42 76 34 80 34 14 79 18 56 10 101 89 61 67 109 52 49 106 23 100 61 17 82 77 52 71 62 90 76 63 22 82 80 48 64 35 85 11 71 74 39 9 68 50 91 89 76 96 49 0 53 60 
49 34 21 43 58 45 27 18 25 24 32 26 19 25 9 30 46 35 65 50 17 73 53 66 69 63 18 23 11 48 48 43 47 63 40 47 13 51 54 38 8 30 67 3 12 57 33 56 24 39 37 31 66 42 52 53 37 12 52 89 51 26 62 40 41 45 18 46 61 61 60 47 66 39 24 65 40 53 0 75 
44 42 56 69 45 72 99 63 98 72 85 87 86 51 83 46 87 92 13 63 58 22 22 27 12 20 81 55 67 54 31 117 31 73 67 44 66 51 90 93 80 61 89 76 64 99 71 85 96 52 75 106 9 53 31 68 111 87 39 21 56 49 21 37 77 67 86 52 22 59 29 29 56 111 91 66 36 60 75 0 
0 296 0 115 0 167 0 133 0 865 0 0 751 64 9 1729 313 0 0 922 37 51 0 0 0 947 0 0 0 152 0 1074 74 107 8 0 0 0 23 31 0 28 0 402 11 47 0 0 0 65 10 0 0 17 3000 751 0 0 21 0 703 2334 892 0 124 0 11 0 0 0 280 58 18 0 104 0 298 122 188 148 
296 0 1228 43 14 223 165 2693 26 108 0 55 29 1999 181 18 27 352 47 19 55 731 27 167 440 70 26 23 64 3000 869 131 184 1538 337 230 44 74 61 235 50 3000 12 39 1839 550 65 12 41 394 26 107 15 150 12 988 47 32 16 26 633 296 49 23 73 83 90 250 123 59 59 558 20 98 288 225 21 548 30 27 
0 1228 0 0 8 188 436 1535 0 0 0 18 22 338 9 0 683 0 36 128 0 2183 0 14 172 29 18 71 24 0 1362 0 0 193 0 0 32 1673 10 0 252 2177 27 329 0 682 37 24 3000 0 24 0 328 347 0 0 0 396 247 164 166 64 9 116 131 106 66 0 0 0 0 0 0 297 1103 0 0 75 89 211 
115 43 0 0 0 101 0 16 38 37 0 0 0 21 342 1286 19 221 20 0 725 0 63 0 0 0 0 0 0 13 0 26 1034 59 3000 177 0 0 9 357 0 0 0 542 484 18 0 0 0 39 207 0 0 7 15 79 37 12 15 1635 100 23 101 0 0 0 0 387 0 31 124 442 9 0 0 529 29 147 188 21 
0 14 8 0 0 148 0 30 0 0 0 69 612 3000 1002 0 1922 0 1171 272 55 280 0 30 23 76 134 91 254 0 1335 0 0 72 0 0 507 260 2000 0 75 261 535 654 0 25 903 3000 157 0 36 0 33 10 0 0 0 14 3000 1286 59 296 84 607 17 28 114 0 0 0 0 0 0 232 518 0 0 21 256 97 
167 223 188 101 148 0 0 31 481 10 0 120 35 736 889 443 138 0 10 24 1843 35 1606 16 35 37 68 16 118 9 71 123 85 2128 563 0 281 0 25 43 13 148 0 17 21 11 0 305 16 539 745 0 46 260 93 405 0 0 10 105 3000 18 53 470 459 0 10 0 0 0 160 1005 76 40 904 0 10 68 45 233 
0 165 436 0 0 0 0 358 610 0 12 8 0 33 0 0 0 0 371 0 0 0 15 122 13 377 99 40 2279 0 0 0 0 0 0 201 48 29 14 0 0 39 2066 0 0 0 23 21 17 0 0 677 280 156 0 0 24 20 0 8 641 0 0 3000 0 43 121 86 219 230 0 0 0 3000 0 591 0 38 25 0 
133 2693 1535 16 30 31 358 0 11 276 458 81 113 13 783 9 35 76 2218 8 128 134 267 45 52 74 497 13 63 551 44 50 200 12 102 54 151 2886 2158 24 146 339 211 324 116 86 120 383 47 1036 616 1259 898 60 181 84 118 36 107 8 461 21 13 14 81 268 77 263 1564 37 50 2241 38 24 3000 28 410 1436 437 1382 
0 26 0 38 0 481 610 11 0 26 9 180 2863 178 3000 44 36 36 45 41 420 21 308 7 21 44 23 226 14 90 0 158 330 228 10 56 119 26 132 497 0 51 138 10 8 13 73 0 74 596 161 46 13 232 42 1849 206 90 79 1216 24 172 34 1365 12 148 1312 395 3000 205 16 0 1276 184 277 42 38 107 336 21 
865 108 0 37 0 10 0 276 26 0 0 0 458 51 740 9 23 42 123 496 190 952 1475 0 0 14 3000 0 153 56 0 518 486 11 340 322 0 0 10 162 0 501 0 8 1882 392 0 0 241 260 227 0 0 15 103 28 792 141 99 125 10 22 468 0 626 0 53 1126 0 0 1386 21 66 976 373 125 110 773 515 946 
0 0 0 0 0 0 12 458 9 0 0 475 0 339 0 10 0 1125 90 0 0 0 141 297 23 2928 62 728 1252 0 0 0 0 0 0 534 47 317 380 0 0 85 90 165 0 0 95 0 45 0 0 1138 21 0 0 0 198 14 0 82 101 0 0 2249 0 91 0 130 137 59 0 0 0 115 0 39 0 210 280 0 
0 55 18 0 69 120 8 81 180 0 475 0 481 11 9 63 716 0 46 8 0 578 329 1050 14 139 1010 188 3000 0 2197 0 0 10 0 9 989 31 13 45 73 218 14 209 0 228 10 289 317 0 2792 566 41 157 894 855 0 236 261 10 190 214 2370 14 18 22 3000 10 125 11 0 0 734 13 28 638 0 340 180 274 
751 29 22 0 612 35 0 113 2863 458 0 481 0 140 492 260 58 0 20 173 2014 80 69 39 26 36 76 9 56 450 225 0 12 94 12 10 27 714 140 865 507 54 187 311 9 65 33 190 1711 72 98 0 631 882 482 36 0 290 150 199 9 32 431 25 38 168 9 0 0 0 42 7 694 48 13 222 37 55 205 389 
64 1999 338 21 3000 736 33 13 178 51 339 11 140 0 73 1755 18 8 1509 2428 29 136 456 380 65 68 21 29 1225 18 9 14 701 157 244 87 515 43 57 76 0 68 239 46 8 20 33 137 51 101 159 395 8 18 1121 169 189 135 136 13 10 13 1213 938 34 970 3000 19 1293 17 17 177 7 34 34 521 21 27 520 440 
9 181 9 342 1002 889 0 783 3000 740 0 9 492 73 0 2652 395 1124 90 1755 17 106 258 507 69 214 190 0 12 165 640 230 564 57 11 31 2425 0 63 77 0 141 0 208 540 302 0 0 16 165 74 0 0 17 1311 25 74 25 56 172 41 639 1032 0 98 0 20 183 0 0 101 335 1057 13 16 408 88 228 53 171 
1729 18 0 1286 0 443 0 9 44 9 10 63 260 1755 2652 0 10 97 20 0 45 0 86 0 0 236 0 0 39 115 0 52 1585 79 471 152 583 243 3000 400 0 56 93 21 482 70 74 0 0 59 47 2204 0 48 75 316 10 40 149 316 33 30 574 0 0 508 0 1152 318 3000 10 7 22 154 18 74 87 60 64 56 
313 27 683 19 1922 138 0 35 36 23 0 716 58 18 395 10 0 25 46 35 28 898 7 106 71 96 200 11 15 430 3000 52 87 101 14 48 36 18 380 52 0 22 9 2299 42 50 490 182 28 52 20 202 480 19 64 128 11 153 3000 39 32 18 196 9 58 33 26 130 1229 21 29 311 9 1486 31 2328 213 1355 9 37 
0 352 0 221 0 0 0 76 36 42 1125 0 0 8 1124 97 25 0 73 0 0 0 223 0 0 0 0 0 0 2943 0 488 9 0 453 127 0 179 138 12 0 0 78 169 500 55 106 0 0 0 0 917 0 598 70 380 16 3000 151 1608 48 35 271 0 0 559 0 87 211 29 2004 0 13 0 0 1350 0 23 400 430 
0 47 36 20 1171 10 371 2218 45 123 90 46 20 1509 90 20 46 73 0 815 222 1277 1025 26 128 43 8 567 533 93 888 699 222 178 133 148 41 21 216 249 27 2240 293 220 58 17 1245 9 385 23 48 23 1055 75 39 687 479 163 570 261 1994 8 173 84 7 84 79 15 321 33 498 0 50 361 1417 31 9 1278 28 2316 
922 19 128 0 272 24 0 8 41 496 0 8 173 2428 1755 0 35 0 815 0 112 361 0 77 309 470 10 11 140 0 243 0 0 7 162 0 42 160 300 0 112 166 7 114 0 687 595 103 59 386 56 0 17 32 1278 635 0 153 759 10 7 20 320 137 33 576 38 0 0 0 84 1849 0 3000 912 0 627 646 630 499 
37 55 0 725 55 1843 0 128 420 190 0 0 2014 29 17 45 28 0 222 112 0 19 58 0 0 294 230 0 127 11 73 46 576 2066 602 0 0 0 93 208 0 181 0 552 13 291 0 0 573 9 41 0 0 15 1482 167 0 0 15 15 3000 83 35 0 15 0 25 0 0 0 380 13 78 9 173 46 196 10 431 40 
51 731 2183 0 280 35 0 134 21 952 0 578 80 136 106 0 898 0 1277 361 19 0 0 305 77 32 276 10 39 49 39 0 332 256 75 0 3000 0 191 275 221 38 0 111 0 213 0 3000 43 29 26 0 279 152 17 8 0 677 155 82 185 606 9 12 1374 0 1545 0 0 0 9 640 3000 444 20 0 154 12 562 172 
0 27 0 63 0 1606 15 267 308 1475 141 329 69 456 258 86 7 223 1025 0 58 0 0 31 163 18 299 91 9 1284 0 10 467 1896 199 39 7 53 17 301 0 162 12 15 70 34 11 0 52 155 20 394 0 45 64 3000 1338 85 31 13 22 1100 9 0 0 31 483 210 15 19 1022 0 3000 27 10 599 58 79 110 20 
0 167 14 0 30 16 122 45 7 0 297 1050 39 380 507 0 106 0 26 77 0 305 31 0 218 44 13 34 14 0 8 0 0 942 0 71 82 15 55 178 527 234 55 224 0 89 189 1238 17 0 23 3000 54 315 14 884 0 103 653 161 19 187 8 296 61 23 19 0 22 8 0 0 0 2776 40 0 0 71 109 43 
0 440 172 0 23 35 13 52 21 0 23 14 26 65 69 0 71 0 128 309 0 77 163 218 0 15 72 376 88 0 9 0 0 90 268 12 33 1072 322 293 674 28 169 78 0 81 72 176 369 0 215 525 18 769 93 180 0 11 155 46 305 3000 23 30 3000 3000 1254 0 3000 0 0 0 0 116 143 0 0 18 58 3000 
947 70 29 0 76 37 377 74 44 14 2928 139 36 68 214 236 96 0 43 470 294 32 18 44 15 0 17 28 48 81 3000 0 68 937 1269 3000 2655 601 124 169 313 14 543 77 0 1235 609 3000 1363 860 203 39 87 277 1346 244 0 34 9 267 627 2157 1011 44 56 1170 13 24 234 54 27 3000 1682 517 39 3000 1902 130 25 249 
0 26 18 0 134 68 99 497 23 3000 62 1010 76 21 190 0 200 0 8 10 230 276 299 13 72 17 0 145 11 0 80 0 0 241 14 894 576 71 216 34 244 441 319 136 0 89 1214 792 347 15 26 1555 238 33 137 107 0 118 774 62 55 460 71 47 113 24 58 0 829 0 89 1064 68 508 12 0 34 20 20 978 
0 23 71 0 91 16 40 13 226 0 728 188 9 29 0 0 11 0 567 11 0 10 91 34 376 28 145 0 70 0 188 0 0 337 0 834 28 64 1397 0 192 41 15 66 0 39 892 632 158 0 9 1753 18 66 0 0 0 943 115 141 689 324 439 40 113 59 346 0 58 0 0 0 0 18 100 0 0 351 63 16 
0 64 24 0 254 118 2279 63 14 153 1252 3000 56 1225 12 39 15 0 533 140 127 39 9 14 88 48 11 70 0 0 176 0 30 173 7 319 17 9 132 38 17 359 15 265 0 47 106 208 60 82 40 53 941 20 41 53 0 65 84 152 44 61 8 266 50 197 22 26 412 38 171 399 483 13 61 3000 65 22 173 20 
152 3000 0 13 0 9 0 551 90 56 0 0 450 18 165 115 430 2943 93 0 11 49 1284 0 0 81 0 0 0 0 0 241 78 15 98 3000 0 0 17 447 0 1133 0 14 58 1811 0 0 0 1906 60 0 0 19 33 400 159 0 1989 100 39 23 14 0 0 0 0 275 0 0 17 11 2127 0 52 171 87 994 12 184 
0 869 1362 0 1335 71 0 44 0 0 0 2197 225 9 640 0 3000 0 888 243 73 39 0 8 9 3000 80 188 176 0 0 0 0 37 77 0 10 0 30 0 920 388 0 684 0 3000 0 48 9 0 345 0 55 2018 1204 66 0 34 483 62 34 54 63 3000 39 238 8 0 0 0 0 205 0 2901 90 0 505 36 695 779 
1074 131 0 26 0 123 0 50 158 518 0 0 0 14 230 52 52 488 699 0 46 0 10 0 0 0 0 0 0 241 0 0 426 56 430 67 0 506 1216 414 0 0 8 3000 67 1997 0 0 0 231 62 14 0 709 38 191 93 70 116 20 2344 11 160 0 0 72 0 17 0 251 1072 51 862 0 0 36 13 232 362 65 
74 184 0 1034 0 85 0 200 330 486 0 0 12 701 564 1585 87 9 222 0 576 332 467 0 0 68 0 0 30 78 0 426 0 80 306 935 0 44 121 1228 0 477 34 1198 39 83 0 0 0 70 58 761 0 21 89 235 102 113 796 189 3000 101 857 0 0 140 496 8 0 411 40 722 220 21 14 77 73 10 855 116 
107 1538 193 59 72 2128 0 12 228 11 0 10 94 157 57 79 101 0 178 7 2066 256 1896 942 90 937 241 337 173 15 37 56 80 0 18 2598 3000 3000 1356 3000 60 162 47 66 329 22 0 1245 13 11 752 0 34 705 1001 395 0 42 548 217 38 615 16 18 10 79 33 295 0 0 62 352 86 25 214 623 56 73 105 9 
8 337 0 3000 0 563 0 102 10 340 0 0 12 244 11 471 14 453 133 162 602 75 199 0 268 1269 14 0 7 98 77 430 306 18 0 143 0 0 255 161 0 183 0 153 10 9 0 0 479 12 15 0 0 338 21 643 1739 571 123 2049 55 204 202 0 87 0 142 569 0 0 196 439 404 26 80 188 3000 1075 1256 63 
0 230 0 177 0 0 201 54 56 322 534 9 10 87 31 152 48 127 148 0 0 0 39 71 12 3000 894 834 319 3000 0 67 935 2598 143 0 63 38 30 48 0 62 130 3000 14 23 163 0 103 0 13 42 340 321 209 110 16 334 853 18 1067 739 12 3000 0 29 771 1555 1389 9 27 0 701 10 0 2899 0 31 30 14 
0 44 32 0 507 281 48 151 119 0 47 989 27 515 2425 583 36 0 41 42 0 3000 7 82 33 2655 576 28 17 0 10 0 0 3000 0 63 0 24 144 580 3000 24 1568 340 0 26 436 355 12 0 22 10 28 16 197 167 0 985 229 314 249 24 1176 229 3000 15 10 1076 14 2887 0 0 15 10 118 276 0 23 2974 128 
0 74 1673 0 260 0 29 2886 26 0 317 31 714 43 0 243 18 179 21 160 0 0 53 15 1072 601 71 64 9 0 0 506 44 3000 0 38 24 0 1965 122 0 36 64 36 0 401 46 8 492 0 0 73 86 16 1633 856 1399 172 120 210 1856 278 149 755 11 3000 55 102 541 71 0 0 229 507 0 119 0 90 169 259 
23 61 10 9 2000 25 14 2158 132 10 380 13 140 57 63 3000 380 138 216 300 93 191 17 55 322 124 216 1397 132 17 30 1216 121 1356 255 30 144 1965 0 90 0 301 17 41 28 19 49 24 54 589 145 47 16 3000 72 30 252 137 53 23 356 9 61 36 280 1537 47 25 78 449 335 31 21 94 108 63 354 12 68 400 
31 235 0 357 0 43 0 24 497 162 0 45 865 76 77 400 52 12 249 0 208 275 301 178 293 169 34 0 38 447 0 414 1228 3000 161 48 580 122 90 0 0 576 10 1519 107 221 516 0 425 26 122 47 0 369 438 43 112 15 8 3000 85 142 1864 0 0 54 21 108 24 1144 30 15 300 1563 11 10 2834 43 185 909 
0 50 252 0 75 13 0 146 0 0 0 73 507 0 0 0 0 0 27 112 0 221 0 527 674 313 244 192 17 0 920 0 0 60 0 0 3000 0 0 0 0 10 0 0 0 0 0 532 369 0 0 0 534 0 0 0 0 0 85 21 0 0 36 404 141 198 795 0 0 0 0 0 0 25 34 0 0 39 0 0 
28 3000 2177 0 261 148 39 339 51 501 85 218 54 68 141 56 22 0 2240 166 181 38 162 234 28 14 441 41 359 1133 388 0 477 162 183 62 24 36 301 576 10 0 887 1093 0 40 409 739 614 101 344 91 59 26 137 592 0 200 919 17 37 392 17 161 333 44 28 0 2970 0 358 24 457 38 314 26 187 292 543 496 
0 12 27 0 535 0 2066 211 138 0 90 14 187 239 0 93 9 78 293 7 0 0 12 55 169 543 319 15 15 0 0 8 34 47 0 130 1568 64 17 10 0 887 0 3000 0 1140 16 17 510 0 0 24 64 7 93 52 10 999 89 180 28 19 18 2707 40 83 1514 8 64 16 0 0 156 333 0 159 0 559 195 43 
402 39 329 542 654 17 0 324 10 8 165 209 311 46 208 21 2299 169 220 114 552 111 15 224 78 77 136 66 265 14 684 3000 1198 66 153 3000 340 36 41 1519 0 1093 3000 0 1204 25 20 0 68 44 194 68 3000 29 34 136 40 11 189 194 11 21 342 45 27 11 12 24 449 53 64 1181 286 20 216 9 1362 321 34 342 
11 1839 0 484 0 21 0 116 8 1882 0 0 9 8 540 482 42 500 58 0 13 0 70 0 0 0 0 0 0 58 0 67 39 329 10 14 0 0 28 107 0 0 0 1204 0 1933 0 0 0 637 3000 0 0 545 45 88 74 29 46 32 24 148 40 0 0 0 0 55 0 1152 11 16 137 0 0 18 48 94 258 1344 
47 550 682 18 25 11 0 86 13 392 0 228 65 20 302 70 50 55 17 687 291 213 34 89 81 1235 89 39 47 1811 3000 1997 83 22 9 23 26 401 19 221 0 40 1140 25 1933 0 95 0 318 1578 13 84 0 378 50 26 14 40 1063 286 21 170 167 76 50 338 12 383 0 40 424 299 18 12 87 67 11 26 13 28 
0 65 37 0 903 0 23 120 73 0 95 10 33 33 0 74 490 106 1245 595 0 0 11 189 72 609 1214 892 106 0 0 0 0 0 0 163 436 46 49 516 0 409 16 20 0 95 0 50 441 0 0 14 157 99 2059 1083 130 7 17 1080 14 93 157 2780 35 508 48 26 293 2552 0 0 958 79 0 333 0 2112 17 2048 
0 12 24 0 3000 305 21 383 0 0 0 289 190 137 0 0 182 0 9 103 0 3000 0 1238 176 3000 792 632 208 0 48 0 0 1245 0 0 355 8 24 0 532 739 17 0 0 0 50 0 155 0 0 0 725 13 0 0 0 555 225 1723 1065 0 108 459 125 1943 262 0 0 0 0 0 0 243 11 0 0 701 0 0 
0 41 3000 0 157 16 17 47 74 241 45 317 1711 51 16 0 28 0 385 59 573 43 52 17 369 1363 347 158 60 0 9 0 0 13 479 103 12 492 54 425 369 614 510 68 0 318 441 155 0 402 346 65 15 13 140 31 0 196 255 459 12 22 574 1350 11 274 119 0 227 0 1254 9 298 49 3000 0 8 200 16 67 
65 394 0 39 0 539 0 1036 596 260 0 0 72 101 165 59 52 0 23 386 9 29 155 0 0 860 15 0 82 1906 0 231 70 11 12 0 0 0 589 26 0 101 0 44 637 1578 0 0 402 0 15 0 0 474 270 20 0 0 38 147 10 191 150 0 80 0 206 0 0 0 42 90 148 0 65 13 167 31 93 136 
10 26 24 207 36 745 0 616 161 227 0 2792 98 159 74 47 20 0 48 56 41 26 20 23 215 203 26 9 40 60 345 62 58 752 15 13 22 0 145 122 0 344 0 194 3000 13 0 0 346 15 0 0 0 787 39 156 0 471 37 144 67 268 24 0 32 0 113 272 0 0 36 115 22 298 1991 1596 261 54 402 25 
0 107 0 0 0 0 677 1259 46 0 1138 566 0 395 0 2204 202 917 23 0 0 0 394 3000 525 39 1555 1753 53 0 0 14 761 0 0 42 10 73 47 47 0 91 24 68 0 84 14 0 65 0 0 0 26 13 75 207 37 10 12 234 38 438 239 18 0 1151 403 543 2363 103 0 0 173 464 0 199 0 148 36 59 
0 15 328 0 33 46 280 898 13 0 21 41 631 8 0 0 480 0 1055 17 0 279 0 54 18 87 238 18 941 0 55 0 0 34 0 340 28 86 16 0 534 59 64 3000 0 0 157 725 15 0 0 26 0 1043 0 0 0 14 703 1526 9 0 127 9 62 452 14 0 408 0 0 0 0 1065 12 0 0 649 60 22 
17 150 347 7 10 260 156 60 232 15 0 157 882 18 17 48 19 598 75 32 15 152 45 315 769 277 33 66 20 19 2018 709 21 705 338 321 16 16 3000 369 0 26 7 29 545 378 99 13 13 474 787 13 1043 0 540 175 3000 16 69 106 15 14 17 17 141 181 2811 93 23 34 404 92 83 3000 408 210 229 61 927 450 
3000 12 0 15 0 93 0 181 42 103 0 894 482 1121 1311 75 64 70 39 1278 1482 17 64 14 93 1346 137 0 41 33 1204 38 89 1001 21 209 197 1633 72 438 0 137 93 34 45 50 2059 0 140 270 39 75 0 540 0 202 8 1633 621 128 172 3000 14 0 271 30 9 51 0 349 41 32 161 35 264 183 741 553 40 2515 
751 988 0 79 0 405 0 84 1849 28 0 855 36 169 25 316 128 380 687 635 167 8 3000 884 180 244 107 0 53 400 66 191 235 395 643 110 167 856 30 43 0 592 52 136 88 26 1083 0 31 20 156 207 0 175 202 0 344 601 28 51 7 36 17 0 1388 345 75 30 198 145 300 44 1679 539 186 90 1867 138 93 32 
0 47 0 37 0 0 24 118 206 792 198 0 0 189 74 10 11 16 479 0 0 0 1338 0 0 0 0 0 0 159 0 93 102 0 1739 16 0 1399 252 112 0 0 10 40 74 14 130 0 0 0 0 37 0 3000 8 344 0 55 3000 133 44 581 1839 0 0 784 0 262 57 685 34 0 67 11 0 537 0 16 224 1951 
0 32 396 12 14 0 20 36 90 141 14 236 290 135 25 40 153 3000 163 153 0 677 85 103 11 34 118 943 65 0 34 70 113 42 571 334 985 172 137 15 0 200 999 11 29 40 7 555 196 0 471 10 14 16 1633 601 55 0 1555 330 78 221 210 9 17 9 11 112 116 216 384 0 28 10 900 2458 0 113 34 17 
21 16 247 15 3000 10 0 107 79 99 0 261 150 136 56 149 3000 151 570 759 15 155 31 653 155 9 774 115 84 1989 483 116 796 548 123 853 229 120 53 8 85 919 89 189 46 1063 17 225 255 38 37 12 703 69 621 28 3000 1555 0 52 134 156 69 193 71 9 43 14 18 42 489 139 1798 923 61 263 82 152 2118 136 
0 26 164 1635 1286 105 8 8 1216 125 82 10 199 13 172 316 39 1608 261 10 15 82 13 161 46 267 62 141 152 100 62 20 189 217 2049 18 314 210 23 3000 21 17 180 194 32 286 1080 1723 459 147 144 234 1526 106 128 51 133 330 52 0 59 27 129 105 10 33 40 138 210 223 45 77 104 55 418 98 115 167 1439 392 
703 633 166 100 59 3000 641 461 24 10 101 190 9 10 41 33 32 48 1994 7 3000 185 22 19 305 627 55 689 44 39 34 2344 3000 38 55 1067 249 1856 356 85 0 37 28 11 24 21 14 1065 12 10 67 38 9 15 172 7 44 78 134 59 0 41 44 73 90 31 15 125 2492 350 189 413 8 2074 31 236 248 13 32 145 
2334 296 64 23 296 18 0 21 172 22 0 214 32 13 639 30 18 35 8 20 83 606 1100 187 3000 2157 460 324 61 23 54 11 101 615 204 739 24 278 9 142 0 392 19 21 148 170 93 0 22 191 268 438 0 14 3000 36 581 221 156 27 41 0 10 461 49 45 14 1107 117 9 13 69 82 149 373 11 48 169 121 28 
892 49 9 101 84 53 0 13 34 468 0 2370 431 1213 1032 574 196 271 173 320 35 9 9 8 23 1011 71 439 8 14 63 160 857 16 202 12 1176 149 61 1864 36 17 18 342 40 167 157 108 574 150 24 239 127 17 14 17 1839 210 69 129 44 10 0 572 12 60 177 40 576 109 479 42 337 2368 10 23 25 48 19 38 
0 23 116 0 607 470 3000 14 1365 0 2249 14 25 938 0 0 9 0 84 137 0 12 0 296 30 44 47 40 266 0 3000 0 0 18 0 3000 229 755 36 0 404 161 2707 45 0 76 2780 459 1350 0 0 18 9 17 0 0 0 9 193 105 73 461 572 0 14 3000 78 0 294 0 0 0 0 219 135 0 0 1257 135 32 
124 73 131 0 17 459 0 81 12 626 0 18 38 34 98 0 58 0 7 33 15 1374 0 61 3000 56 113 113 50 0 39 0 0 10 87 0 3000 11 280 0 141 333 40 27 0 50 35 125 11 80 32 0 62 141 271 1388 0 17 71 10 90 49 12 14 0 3000 146 0 0 0 13 39 0 118 487 0 10 10 3000 239 
0 83 106 0 28 0 43 268 148 0 91 22 168 970 0 508 33 559 84 576 0 0 31 23 3000 1170 24 59 197 0 238 72 140 79 0 29 15 3000 1537 54 198 44 83 11 0 338 508 1943 274 0 0 1151 452 181 30 345 784 9 9 33 31 45 60 3000 3000 0 10 78 2894 30 0 0 1844 200 0 1030 0 21 11 27 
11 90 66 0 114 10 121 77 1312 53 0 3000 9 3000 20 0 26 0 79 38 25 1545 483 19 1254 13 58 346 22 0 8 0 496 33 142 771 10 55 47 21 795 28 1514 12 0 12 48 262 119 206 113 403 14 2811 9 75 0 11 43 40 15 14 177 78 146 10 0 0 41 0 3000 3000 247 161 20 0 3000 104 54 191 
0 250 0 387 0 0 86 263 395 1126 130 10 0 19 183 1152 130 87 15 0 0 0 210 0 0 24 0 0 26 275 0 17 8 295 569 1555 1076 102 25 108 0 0 8 24 55 383 26 0 0 0 272 543 0 93 51 30 262 112 14 138 125 1107 40 0 0 78 0 0 27 147 177 0 252 62 0 3000 0 486 20 349 
0 123 0 0 0 0 219 1564 3000 0 137 125 0 1293 0 318 1229 211 321 0 0 0 15 22 3000 234 829 58 412 0 0 0 0 0 0 1389 14 541 78 24 0 2970 64 449 0 0 293 0 227 0 0 2363 408 23 0 198 57 116 18 210 2492 117 576 294 0 2894 41 27 0 16 0 0 10 173 0 1655 0 30 361 1529 
0 59 0 31 0 0 230 37 205 0 59 11 0 17 0 3000 21 29 33 0 0 0 19 8 0 54 0 0 38 0 0 251 411 0 0 9 2887 71 449 1144 0 0 16 53 1152 40 2552 0 0 0 0 103 0 34 349 145 685 216 42 223 350 9 109 0 0 30 0 147 16 0 0 0 26 290 0 10 0 67 3000 65 
280 59 0 124 0 160 0 50 16 1386 0 0 42 17 101 10 29 2004 498 84 380 9 1022 0 0 27 89 0 171 17 0 1072 40 62 196 27 0 0 335 30 0 358 0 64 11 424 0 0 1254 42 36 0 0 404 41 300 34 384 489 45 189 13 479 0 13 0 3000 177 0 0 0 212 26 573 14 12 996 73 695 235 
58 558 0 442 0 1005 0 2241 0 21 0 0 7 177 335 7 311 0 0 1849 13 640 0 0 0 3000 1064 0 399 11 205 51 722 352 439 0 0 0 31 15 0 24 0 1181 16 299 0 0 9 90 115 0 0 92 32 44 0 0 139 77 413 69 42 0 39 0 3000 0 0 0 212 0 337 0 402 0 214 150 289 157 
18 20 0 9 0 76 0 38 1276 66 0 734 694 7 1057 22 9 13 50 0 78 3000 3000 0 0 1682 68 0 483 2127 0 862 220 86 404 701 15 229 21 300 0 457 156 286 137 18 958 0 298 148 22 173 0 83 161 1679 67 28 1798 104 8 82 337 0 0 1844 247 252 10 26 26 337 0 36 11 67 213 501 15 63 
0 98 297 0 232 40 3000 24 184 976 115 13 48 34 13 154 1486 0 361 3000 9 444 27 2776 116 517 508 18 13 0 2901 0 21 25 26 10 10 507 94 1563 25 38 333 20 0 12 79 243 49 0 298 464 1065 3000 35 539 11 10 923 55 2074 149 2368 219 118 200 161 62 173 290 573 0 36 0 3000 124 0 80 50 666 
104 288 1103 0 518 904 0 3000 277 373 0 28 13 34 16 18 31 0 1417 912 173 20 10 40 143 39 12 100 61 52 90 0 14 214 80 0 118 0 108 11 34 314 0 216 0 87 0 11 3000 65 1991 0 12 408 264 186 0 900 61 418 31 373 10 135 487 0 20 0 0 0 14 402 11 3000 0 0 34 33 8 303 
0 225 0 529 0 0 591 28 42 125 39 638 222 521 408 74 2328 1350 31 0 46 0 599 0 0 3000 0 0 3000 171 0 36 77 623 188 2899 276 119 63 10 0 26 159 9 18 67 333 0 0 13 1596 199 0 210 183 90 537 2458 263 98 236 11 23 0 0 1030 0 3000 1655 10 12 0 67 124 0 0 1238 453 1414 11 
298 21 0 29 0 10 0 410 38 110 0 0 37 21 88 87 213 0 9 627 196 154 58 0 0 1902 34 0 65 87 505 13 73 56 3000 0 0 0 354 2834 0 187 0 1362 48 11 0 0 8 167 261 0 0 229 741 1867 0 0 82 115 248 48 25 0 10 0 3000 0 0 0 996 214 213 0 34 1238 0 216 631 16 
122 548 75 147 21 68 38 1436 107 773 210 340 55 27 228 60 1355 23 1278 646 10 12 79 71 18 130 20 351 22 994 36 232 10 73 1075 31 23 90 12 43 39 292 559 321 94 26 2112 701 200 31 54 148 649 61 553 138 16 113 152 167 13 169 48 1257 10 21 104 486 30 67 73 150 501 80 33 453 216 0 183 739 
188 30 89 188 256 45 25 437 336 515 280 180 205 520 53 64 9 400 28 630 431 562 110 109 58 25 20 63 173 12 695 362 855 105 1256 30 2974 169 68 185 0 543 195 34 258 13 17 0 16 93 402 36 60 927 40 93 224 34 2118 1439 32 121 19 135 3000 11 54 20 361 3000 695 289 15 50 8 1414 631 183 0 14 
