60
0 36 60 42 9 16 43 15 37 58 55 56 67 29 69 66 60 19 72 69 24 49 5 67 20 28 67 31 82 15 44 47 26 37 53 23 18 48 35 42 29 52 45 36 71 64 36 32 84 66 10 70 39 74 26 31 48 63 63 37 
36 0 52 11 44 27 34 21 14 68 36 64 39 50 46 61 29 42 59 50 38 32 35 34 16 38 58 61 60 44 31 50 61 33 61 39 37 62 22 34 36 37 30 60 42 44 37 14 59 31 27 37 6 39 28 52 40 29 48 41 
60 52 0 62 64 45 18 52 38 31 20 26 87 87 26 9 43 78 13 19 37 84 55 77 52 33 7 59 32 53 82 17 79 82 25 39 44 33 72 19 81 16 22 48 40 19 23 64 38 72 53 78 57 65 73 42 91 49 12 88 
42 11 62 0 50 35 45 28 25 79 46 75 28 49 54 71 33 42 69 59 47 22 42 25 23 48 68 70 67 52 23 61 65 28 72 49 46 72 16 45 33 47 40 70 47 53 48 11 66 24 33 29 5 37 26 62 32 32 58 37 
9 44 64 50 0 22 48 24 45 58 62 57 75 29 76 70 68 22 76 75 27 56 11 75 29 31 71 26 89 13 51 50 18 43 54 25 20 48 43 47 34 58 51 33 79 70 41 40 91 74 18 79 48 83 33 30 54 71 69 41 
16 27 45 35 22 0 28 10 24 49 40 46 63 42 54 52 47 32 57 53 13 50 12 60 13 16 52 35 67 18 46 34 40 42 43 14 11 40 36 27 38 37 29 34 57 48 22 29 69 58 8 63 31 63 31 27 53 50 48 45 
43 34 18 45 48 28 0 34 21 37 15 32 71 70 29 27 33 60 29 26 24 66 38 63 34 20 25 49 41 39 64 17 65 64 30 26 29 33 54 1 62 10 7 42 37 22 10 45 44 59 36 65 40 55 54 33 73 39 20 69 
15 21 52 28 24 10 34 0 23 58 43 55 55 36 57 60 45 27 63 57 23 40 14 53 5 26 59 42 70 24 36 43 41 32 52 24 20 50 26 33 29 42 33 43 57 52 30 20 71 51 6 56 25 59 22 36 43 48 53 36 
37 14 38 25 45 24 21 23 0 56 23 52 51 58 35 47 23 49 45 37 30 46 35 44 20 29 44 57 48 41 45 37 63 46 49 32 32 51 35 20 47 23 16 53 34 31 25 27 49 40 28 46 19 41 39 44 54 27 34 53 
58 68 31 79 58 49 37 58 56 0 48 6 107 86 57 28 70 77 41 51 35 97 53 100 61 33 34 40 63 45 94 20 68 90 7 36 41 10 84 37 86 43 44 28 71 50 32 76 69 96 56 101 74 92 80 28 101 76 43 93 
55 36 20 46 62 40 15 43 23 48 0 43 68 79 14 29 23 70 24 14 38 68 51 58 41 35 24 65 27 53 67 29 79 69 41 41 43 47 58 16 70 6 11 57 23 9 25 49 29 53 47 58 40 45 61 49 76 29 12 76 
56 64 26 75 57 46 32 55 52 6 43 0 102 85 52 23 65 76 36 45 33 94 51 95 58 30 28 42 58 44 91 15 68 88 3 34 39 11 80 32 83 37 39 30 65 44 27 72 63 91 54 97 70 87 77 28 98 70 38 91 
67 39 87 28 75 63 71 55 51 107 68 102 0 65 73 96 49 62 91 79 76 23 68 13 50 76 92 97 84 79 29 88 89 39 100 77 74 100 33 71 48 71 66 98 60 74 75 36 80 19 60 16 33 37 44 90 33 45 80 47 
29 50 87 49 29 42 70 36 58 86 79 85 65 0 93 94 78 10 99 94 52 42 34 70 38 56 94 54 106 42 36 76 31 26 82 52 46 77 34 69 17 78 70 62 91 88 64 38 107 71 34 74 50 86 23 59 35 79 89 19 
69 46 26 54 76 54 29 57 35 57 14 52 73 93 0 33 24 83 22 8 52 76 65 61 54 49 27 78 14 67 77 40 93 80 51 55 58 58 68 30 82 19 25 70 16 8 39 60 15 56 60 61 50 43 73 62 86 29 14 87 
66 61 9 71 70 52 27 60 47 28 29 23 96 94 33 0 51 85 13 25 43 93 61 86 60 39 6 61 36 57 91 20 84 90 24 45 49 32 81 28 89 25 31 50 48 26 30 72 42 81 60 87 66 73 81 45 100 57 19 96 
60 29 43 33 68 47 33 45 23 70 23 65 49 78 24 51 0 70 44 31 51 54 58 37 41 49 46 79 35 64 56 50 86 61 63 54 54 67 49 34 65 28 26 73 13 26 42 42 33 32 51 37 30 22 56 65 65 6 33 69 
19 42 78 42 22 32 60 27 49 77 70 76 62 10 83 85 70 0 89 84 43 40 25 65 29 47 84 47 97 33 34 66 28 25 73 42 37 68 30 59 15 68 60 54 82 79 55 31 98 66 24 69 43 79 18 50 35 71 80 20 
72 59 13 69 76 57 29 63 45 41 24 36 91 99 22 13 44 89 0 14 50 91 67 81 62 46 8 72 22 65 90 30 92 91 36 52 56 45 81 30 91 22 30 61 38 17 36 72 29 75 65 81 64 64 83 55 99 49 11 97 
69 50 19 59 75 53 26 57 37 51 14 45 79 94 8 25 31 84 14 0 50 81 64 68 56 46 19 75 14 65 81 35 91 83 45 52 56 52 72 27 84 16 24 65 24 6 35 63 19 62 60 68 54 51 76 58 90 36 7 90 
24 38 37 47 27 13 24 23 30 35 38 33 76 52 52 43 51 43 50 50 0 63 19 71 26 4 44 27 64 15 59 24 42 55 30 2 6 27 49 23 50 34 28 23 59 46 15 42 67 68 21 74 43 71 44 14 66 56 43 58 
49 32 84 22 56 50 66 40 46 97 68 94 23 42 76 93 54 40 91 81 63 0 51 31 37 65 90 80 89 63 6 80 68 16 91 64 60 89 14 65 26 69 62 83 68 75 67 21 87 34 44 35 27 52 24 76 12 52 80 24 
5 35 55 42 11 12 38 14 35 53 51 51 68 34 65 61 58 25 67 64 19 51 0 67 19 23 62 29 78 11 47 42 28 40 48 18 12 43 37 37 34 48 41 32 68 59 31 33 80 66 8 71 39 73 29 27 52 61 59 41 
67 34 77 25 75 60 63 53 44 100 58 95 13 70 61 86 37 65 81 68 71 31 67 0 48 71 82 95 72 77 36 80 90 45 93 73 71 94 36 63 53 62 57 94 48 63 68 36 68 6 59 4 29 24 48 86 42 32 70 54 
20 16 52 23 29 13 34 5 20 61 41 58 50 38 54 60 41 29 62 56 26 37 19 48 0 28 59 47 68 29 33 45 46 30 55 27 24 53 23 33 29 40 32 47 53 50 31 16 69 46 11 51 19 54 21 40 41 44 52 36 
28 38 33 48 31 16 20 26 29 33 35 30 76 56 49 39 49 47 46 46 4 65 23 71 28 0 40 30 60 20 62 19 46 58 27 6 11 25 51 19 53 30 25 24 56 42 11 44 64 68 24 74 43 69 47 15 68 54 39 61 
67 58 7 68 71 52 25 59 44 34 24 28 92 94 27 6 46 84 8 19 44 90 62 82 59 40 0 64 30 59 89 23 86 89 29 46 51 37 79 26 87 21 28 54 42 20 30 70 36 77 60 82 63 68 80 48 97 52 13 94 
31 61 59 70 26 35 49 42 57 40 65 42 97 54 78 61 79 47 72 75 27 80 29 95 47 30 64 0 89 18 75 42 29 68 40 25 25 31 66 49 60 60 55 12 86 71 40 61 93 93 37 98 66 97 57 17 79 83 67 67 
82 60 32 67 89 67 41 70 48 63 27 58 84 106 14 36 35 97 22 14 64 89 78 72 68 60 30 89 0 79 90 49 105 93 58 66 70 65 82 42 95 30 37 80 24 19 50 74 6 66 74 71 63 51 87 72 99 39 22 101 
15 44 53 52 13 18 39 24 41 45 53 44 79 42 67 57 64 33 65 65 15 63 11 77 29 20 59 18 79 0 58 38 27 51 41 13 10 35 48 38 44 49 43 21 72 61 30 44 82 75 19 80 48 81 40 17 63 67 59 51 
44 31 82 23 51 46 64 36 45 94 67 91 29 36 77 91 56 34 90 81 59 6 47 36 33 62 89 75 90 58 0 78 62 10 88 60 56 86 11 64 20 68 61 78 70 75 64 19 89 38 40 40 27 56 18 72 9 55 79 18 
47 50 17 61 50 34 17 43 37 20 29 15 88 76 40 20 50 66 30 35 24 80 42 80 45 19 23 42 49 38 78 0 64 75 13 25 30 17 67 17 72 24 24 31 52 32 13 59 53 76 43 82 55 72 65 25 85 56 27 79 
26 61 79 65 18 40 65 41 63 68 79 68 89 31 93 84 86 28 92 91 42 68 28 90 46 46 86 29 105 27 62 64 0 52 66 40 36 58 56 64 43 75 68 40 96 87 57 55 108 90 35 94 64 100 44 41 63 89 85 48 
37 33 82 28 43 42 64 32 46 90 69 88 39 26 80 90 61 25 91 83 55 16 40 45 30 58 89 68 93 51 10 75 52 0 85 55 51 82 12 63 10 69 61 72 74 77 62 20 92 47 35 49 31 63 11 66 11 60 80 9 
53 61 25 72 54 43 30 52 49 7 41 3 100 82 51 24 63 73 36 45 30 91 48 93 55 27 29 40 58 41 88 13 66 85 0 31 36 9 77 30 80 36 37 28 64 43 25 70 63 88 51 94 67 85 74 25 95 69 37 88 
23 39 39 49 25 14 26 24 32 36 41 34 77 52 55 45 54 42 52 52 2 64 18 73 27 6 46 25 66 13 60 25 40 55 31 0 5 27 50 25 50 36 31 21 61 48 17 43 70 70 20 75 44 73 44 13 66 58 46 57 
18 37 44 46 20 11 29 20 32 41 43 39 74 46 58 49 54 37 56 56 6 60 12 71 24 11 51 25 70 10 56 30 36 51 36 5 0 31 46 28 45 39 33 24 63 51 21 39 72 68 16 74 42 73 40 16 62 59 49 53 
48 62 33 72 48 40 33 50 51 10 47 11 100 77 58 32 67 68 45 52 27 89 43 94 53 25 37 31 65 35 86 17 58 82 9 27 31 0 75 33 77 41 41 19 69 50 26 68 70 90 47 96 67 89 71 18 93 72 44 84 
35 22 72 16 43 36 54 26 35 84 58 80 33 34 68 81 49 30 81 72 49 14 37 36 23 51 79 66 82 48 11 67 56 12 77 50 46 75 0 53 18 58 51 69 62 66 54 9 81 37 30 40 19 52 12 62 19 48 70 21 
42 34 19 45 47 27 1 33 20 37 16 32 71 69 30 28 34 59 30 27 23 65 37 63 33 19 26 49 42 38 64 17 64 63 30 25 28 33 53 0 61 11 7 41 38 23 9 45 45 59 35 64 39 55 54 33 72 39 21 68 
29 36 81 33 34 38 62 29 47 86 70 83 48 17 82 89 65 15 91 84 50 26 34 53 29 53 87 60 95 44 20 72 43 10 80 50 45 77 18 61 0 69 61 65 78 78 59 23 95 55 30 58 35 70 8 60 20 65 81 7 
52 37 16 47 58 37 10 42 23 43 6 37 71 78 19 25 28 68 22 16 34 69 48 62 40 30 21 60 30 49 68 24 75 69 36 36 39 41 58 11 69 0 8 52 28 12 20 50 33 57 44 62 42 50 61 44 77 33 12 75 
45 30 22 40 51 29 7 33 16 44 11 39 66 70 25 31 26 60 30 24 28 62 41 57 32 25 28 55 37 43 61 24 68 61 37 31 33 41 51 7 61 8 0 48 31 19 16 42 40 52 36 58 35 48 53 40 69 32 20 67 
36 60 48 70 33 34 42 43 53 28 57 30 98 62 70 50 73 54 61 65 23 83 32 94 47 24 54 12 80 21 78 31 40 72 28 21 24 19 69 41 65 52 48 0 79 62 32 63 84 91 39 97 65 93 62 9 84 78 58 73 
71 42 40 47 79 57 37 57 34 71 23 65 60 91 16 48 13 82 38 24 59 68 68 48 53 56 42 86 24 72 70 52 96 74 64 61 63 69 62 38 78 28 31 79 0 22 47 55 20 42 62 47 43 28 69 71 78 16 29 82 
64 44 19 53 70 48 22 52 31 50 9 44 74 88 8 26 26 79 17 6 46 75 59 63 50 42 20 71 19 61 75 32 87 77 43 48 51 50 66 23 78 12 19 62 22 0 31 58 22 58 55 63 48 47 70 54 84 32 7 84 
36 37 23 48 41 22 10 30 25 32 25 27 75 64 39 30 42 55 36 35 15 67 31 68 31 11 30 40 50 30 64 13 57 62 25 17 21 26 54 9 59 20 16 32 47 31 0 45 53 64 30 70 42 63 52 24 72 47 29 66 
32 14 64 11 40 29 45 20 27 76 49 72 36 38 60 72 42 31 72 63 42 21 33 36 16 44 70 61 74 44 19 59 55 20 70 43 39 68 9 45 23 50 42 63 55 58 45 0 73 35 25 39 12 48 15 55 27 42 61 28 
84 59 38 66 91 69 44 71 49 69 29 63 80 107 15 42 33 98 29 19 67 87 80 68 69 64 36 93 6 82 89 53 108 92 63 70 72 70 81 45 95 33 40 84 20 22 53 73 0 62 75 67 62 46 87 76 98 36 26 100 
66 31 72 24 74 58 59 51 40 96 53 91 19 71 56 81 32 66 75 62 68 34 66 6 46 68 77 93 66 75 38 76 90 47 88 70 68 90 37 59 55 57 52 91 42 58 64 35 62 0 57 6 27 19 49 83 46 27 64 56 
10 27 53 33 18 8 36 6 28 56 47 54 60 34 60 60 51 24 65 60 21 44 8 59 11 24 60 37 74 19 40 43 35 35 51 20 16 47 30 35 30 44 36 39 62 55 30 25 75 57 0 62 30 65 24 32 46 53 56 37 
70 37 78 29 79 63 65 56 46 101 58 97 16 74 61 87 37 69 81 68 74 35 71 4 51 74 82 98 71 80 40 82 94 49 94 75 74 96 40 64 58 62 58 97 47 63 70 39 67 6 62 0 32 22 52 88 46 32 70 58 
39 6 57 5 48 31 40 25 19 74 40 70 33 50 50 66 30 43 64 54 43 27 39 29 19 43 63 66 63 48 27 55 64 31 67 44 42 67 19 39 35 42 35 65 43 48 42 12 62 27 30 32 0 36 27 57 36 30 52 39 
74 39 65 37 83 63 55 59 41 92 45 87 37 86 43 73 22 79 64 51 71 52 73 24 54 69 68 97 51 81 56 72 100 63 85 73 73 89 52 55 70 50 48 93 28 47 63 48 46 19 65 22 36 0 63 85 64 16 54 72 
26 28 73 26 33 31 54 22 39 80 61 77 44 23 73 81 56 18 83 76 44 24 29 48 21 47 80 57 87 40 18 65 44 11 74 44 40 71 12 54 8 61 53 62 69 70 52 15 87 49 24 52 27 63 0 56 22 57 72 15 
31 52 42 62 30 27 33 36 44 28 49 28 90 59 62 45 65 50 55 58 14 76 27 86 40 15 48 17 72 17 72 25 41 66 25 13 16 18 62 33 60 44 40 9 71 54 24 55 76 83 32 88 57 85 56 0 78 70 51 68 
48 40 91 32 54 53 73 43 54 101 76 98 33 35 86 100 65 35 99 90 66 12 52 42 41 68 97 79 99 63 9 85 63 11 95 66 62 93 19 72 20 77 69 84 78 84 72 27 98 46 46 46 36 64 22 78 0 63 88 16 
63 29 49 32 71 50 39 48 27 76 29 70 45 79 29 57 6 71 49 36 56 52 61 32 44 54 52 83 39 67 55 56 89 60 69 58 59 72 48 39 65 33 32 78 16 32 47 42 36 27 53 32 30 16 57 70 63 0 39 69 
63 48 12 58 69 48 20 53 34 43 12 38 80 89 14 19 33 80 11 7 43 80 59 70 52 39 13 67 22 59 79 27 85 80 37 46 49 44 70 21 81 12 20 58 29 7 29 61 26 64 56 70 52 54 72 51 88 39 0 87 
37 41 88 37 41 45 69 36 53 93 76 91 47 19 87 96 69 20 97 90 58 24 41 54 36 61 94 67 101 51 18 79 48 9 88 57 53 84 21 68 7 75 67 73 82 84 66 28 100 56 37 58 39 72 15 68 16 69 87 0 
0 63 0 8 27 0 588 0 140 0 47 98 89 24 53 446 32 42 60 9 141 338 0 215 38 41 406 31 0 0 37 17 249 0 790 67 87 1299 852 7 0 161 164 31 42 0 0 9 511 172 0 0 463 9 9 17 36 14 10 960 
63 0 0 278 0 0 0 1764 549 0 1230 68 15 877 79 488 1181 12 8 50 13 146 0 34 0 457 216 0 0 21 82 27 0 0 365 8 71 360 1340 0 0 392 250 0 43 0 0 0 38 415 0 0 420 207 344 179 16 17 89 25 
0 0 0 0 66 85 11 361 770 95 115 264 383 72 0 0 0 32 110 1386 0 2018 363 8 0 0 18 130 777 86 263 79 126 3000 23 0 0 79 0 12 70 0 0 1240 0 54 25 16 17 0 102 70 0 326 687 0 373 1098 0 95 
8 278 0 0 0 0 0 70 1562 0 18 0 102 1282 12 839 283 692 177 57 1086 1168 0 67 29 402 61 79 0 0 34 41 10 0 642 138 100 285 21 87 0 176 238 0 13 0 0 7 13 26 0 0 74 13 1932 23 1090 9 263 10 
27 0 66 0 0 87 113 0 26 18 337 201 33 8 0 0 140 0 29 11 0 0 103 0 2428 0 30 318 0 1312 0 200 11 24 61 942 1928 3000 0 215 259 0 0 198 0 29 992 19 193 0 0 20 15 731 191 0 2736 0 0 187 
0 0 85 0 87 0 374 346 23 90 16 44 0 144 0 0 0 18 94 336 18 12 17 240 0 0 0 0 22 67 3000 139 0 10 14 0 0 14 0 20 24 0 0 1362 0 205 815 58 0 0 398 48 0 1651 257 0 101 113 0 0 
588 0 11 0 113 374 0 0 8 18 3000 485 8 506 0 0 42 0 85 3000 0 0 3000 0 23 0 61 145 0 796 0 8 628 254 730 8 10 18 0 26 130 0 0 128 0 283 347 3000 3000 0 0 148 112 79 12 0 40 0 0 3000 
0 1764 361 70 0 346 0 0 37 0 563 180 0 48 28 34 0 244 706 460 1895 152 0 12 0 907 0 0 3000 109 54 151 0 10 11 35 0 267 496 227 136 511 0 0 351 0 48 0 13 22 3000 22 0 120 56 61 140 187 24 0 
140 549 770 1562 26 23 8 37 0 223 444 100 57 83 76 103 75 77 149 274 564 661 1936 8 314 899 818 841 99 108 22 130 43 207 206 285 41 408 421 384 671 754 404 1039 291 14 389 787 111 23 105 37 580 483 50 690 134 13 70 17 
0 0 95 0 18 90 18 0 223 0 383 483 19 302 0 0 24 366 92 42 0 0 116 567 0 0 39 94 46 254 15 21 630 676 1381 0 0 99 0 76 10 0 0 162 0 49 1738 145 3000 0 3000 227 0 82 325 0 182 0 0 518 
47 1230 115 18 337 16 3000 563 444 383 0 281 10 384 1281 30 845 10 27 17 3000 36 106 41 161 38 18 82 40 248 8 652 3000 28 127 21 10 96 36 298 16 152 105 69 501 70 15 119 108 24 29 111 162 34 179 15 571 87 12 75 
98 68 264 0 201 44 485 180 100 483 281 0 19 62 0 268 146 17 238 1005 185 817 418 128 0 0 13 45 74 78 82 181 71 437 65 34 0 140 0 120 57 0 0 11 56 258 288 165 155 0 63 201 0 120 95 34 721 2791 0 44 
89 15 383 102 33 0 8 0 57 19 10 19 0 224 12 2506 3000 117 852 391 25 24 192 302 11 15 214 62 0 0 9 245 694 430 172 1330 202 78 13 1524 0 38 1011 1158 230 40 17 16 594 39 0 2061 545 28 73 84 2958 11 154 120 
24 877 72 1282 8 144 506 48 83 302 384 62 224 0 179 810 223 89 51 7 1321 273 71 118 10 8 55 95 1512 709 3000 208 12 243 289 13 118 1571 16 22 297 514 35 3000 705 145 632 67 67 38 166 83 192 62 195 28 113 381 338 1014 
53 79 0 12 0 0 0 28 76 0 1281 0 12 179 0 478 174 25 768 25 34 600 0 120 2871 154 982 27 0 0 214 10 1912 0 405 30 11 67 8 9 0 52 785 0 21 0 0 857 641 10 0 0 30 80 21 880 147 35 406 219 
446 488 0 839 0 0 0 34 103 0 30 268 2506 810 478 0 3000 435 229 27 3000 921 0 3000 998 395 183 0 0 61 668 14 0 0 1028 15 55 2788 38 0 0 20 1224 0 14 0 0 0 19 23 0 0 3000 9 192 10 591 15 11 354 
32 1181 0 283 140 0 42 0 75 24 845 146 3000 223 174 3000 0 564 16 137 15 165 221 0 19 455 1423 56 0 0 39 16 27 159 40 395 20 35 2664 66 0 7 634 18 62 9 29 399 230 430 0 1809 10 346 2792 15 253 43 416 99 
42 12 32 692 0 18 0 244 77 366 10 17 117 89 25 435 564 0 72 829 40 10 16 54 159 16 128 35 820 42 23 87 24 3000 1899 41 19 61 370 1368 62 83 505 246 240 0 343 73 1032 427 145 276 1553 189 42 370 11 9 46 298 
60 8 110 177 29 94 85 706 149 92 27 238 852 51 768 229 16 72 0 2377 3000 346 43 277 162 304 1758 46 32 9 2697 775 111 202 550 605 8 117 38 94 66 0 61 147 0 67 1589 22 26 1188 52 333 9 59 201 28 3000 117 1027 134 
9 50 1386 57 11 336 3000 460 274 42 17 1005 391 7 25 27 137 829 2377 0 11 2342 9 822 1152 1105 62 9 1198 472 68 461 1455 12 33 75 19 2732 64 68 31 42 172 1228 559 42 287 22 778 10 82 469 29 14 54 208 55 74 138 18 
141 13 0 1086 0 18 0 1895 564 0 3000 185 25 1321 34 3000 15 40 3000 11 0 961 0 45 0 80 0 0 119 1119 43 52 0 0 18 154 22 25 147 0 0 69 76 0 218 0 0 0 14 241 39 0 0 1530 149 25 209 753 223 1557 
338 146 2018 1168 0 12 0 152 661 0 36 817 24 273 600 921 165 10 346 2342 961 0 0 25 0 474 21 0 356 130 14 133 0 0 43 28 8 12 22 148 1065 1768 40 0 2619 0 0 0 110 1189 226 0 0 2206 9 151 78 9 97 2122 
0 0 363 0 103 17 3000 0 1936 116 106 418 192 71 0 0 221 16 43 9 0 0 0 251 0 0 100 3000 527 30 17 795 52 141 167 0 0 34 0 132 476 0 0 195 0 8 8 204 185 0 138 51 0 1461 426 0 167 0 0 25 
215 34 8 67 0 240 0 12 8 567 41 128 302 118 120 3000 0 54 277 822 45 25 251 0 0 14 841 0 1658 231 544 325 0 527 319 136 0 1374 7 744 17 931 26 367 344 0 59 46 8 11 9 676 0 52 594 28 270 45 285 565 
38 0 0 29 2428 0 23 0 314 0 161 0 11 10 2871 998 19 159 162 1152 0 0 0 0 0 342 20 149 0 0 60 544 35 0 3000 215 221 26 11 91 0 98 554 186 0 1231 0 30 149 14 0 0 301 3000 8 694 0 0 438 7 
41 457 0 402 0 0 0 907 899 0 38 0 15 8 154 395 455 16 304 1105 80 474 0 14 342 0 596 459 0 0 379 642 165 0 1062 1292 11 3000 60 0 0 186 663 0 76 0 0 47 10 64 0 0 624 215 46 385 124 9 3000 167 
406 216 18 61 30 0 61 0 818 39 18 13 214 55 982 183 1423 128 1758 62 0 21 100 841 20 596 0 1150 0 0 10 34 59 58 22 3000 3000 145 135 542 0 46 52 104 0 274 96 107 628 1454 0 16 39 690 56 54 124 14 122 14 
31 0 130 79 318 0 145 0 841 94 82 45 62 95 27 0 56 35 46 9 0 0 3000 0 149 459 1150 0 0 0 18 235 216 819 222 361 116 45 367 14 0 0 1426 275 0 62 83 15 918 0 0 62 45 30 379 0 11 0 0 42 
0 0 777 0 0 22 0 3000 99 46 40 74 0 1512 0 0 0 820 32 1198 119 356 527 1658 0 0 0 0 0 7 18 0 0 117 0 0 0 38 0 13 3000 0 0 0 0 0 110 0 0 0 334 165 0 12 504 0 30 869 0 0 
0 21 86 0 1312 67 796 109 108 254 248 78 0 709 0 61 0 42 9 472 1119 130 30 231 0 0 0 0 7 0 61 17 0 173 206 0 0 22 0 85 146 0 0 300 16 1314 276 199 0 0 1861 314 0 21 122 2776 13 8 0 0 
37 82 263 34 0 3000 0 54 22 15 8 82 9 3000 214 668 39 23 2697 68 43 14 17 544 60 379 10 18 18 61 0 20 112 285 153 1699 63 110 1265 3000 31 80 25 118 29 0 8 28 448 3000 22 121 134 8 67 208 440 19 849 16 
17 27 79 41 200 139 8 151 130 21 652 181 245 208 10 14 16 87 775 461 52 133 795 325 544 642 34 235 0 17 20 0 10 1954 7 31 2666 320 1349 353 0 22 2302 44 42 0 21 1226 79 305 0 8 19 92 184 60 616 36 1023 9 
249 0 126 10 11 0 628 0 43 630 3000 71 694 12 1912 0 27 24 111 1455 0 0 52 0 35 165 59 216 0 0 112 10 0 84 30 29 19 612 1162 155 0 0 382 108 0 534 144 213 1277 183 0 778 17 85 89 0 0 0 0 51 
0 0 3000 0 24 10 254 10 207 676 28 437 430 243 0 0 159 3000 202 12 0 0 141 527 0 0 58 819 117 173 285 1954 84 0 19 0 0 141 0 3000 18 0 0 1860 0 315 148 31 8 0 108 3000 0 2764 1025 0 159 711 0 296 
790 365 23 642 61 14 730 11 206 1381 127 65 172 289 405 1028 40 1899 550 33 18 43 167 319 3000 1062 22 222 0 206 153 7 30 19 0 77 71 13 208 289 8 12 129 178 65 250 40 874 125 1111 0 35 22 1203 44 368 100 7 1403 156 
67 8 0 138 942 0 8 35 285 0 21 34 1330 13 30 15 395 41 605 75 154 28 0 136 215 1292 3000 361 0 0 1699 31 29 0 77 0 796 179 194 15 0 2003 308 893 694 0 0 64 96 1798 0 0 2248 34 812 87 401 145 1735 34 
87 71 0 100 1928 0 10 0 41 0 10 0 202 118 11 55 20 19 8 19 22 8 0 0 221 11 3000 116 0 0 63 2666 19 0 71 796 0 3000 17 3000 0 23 1359 16 29 0 0 31 21 95 0 0 51 11 3000 76 0 0 1486 223 
1299 360 79 285 3000 14 18 267 408 99 96 140 78 1571 67 2788 35 61 117 2732 25 12 34 1374 26 3000 145 45 38 22 110 320 612 141 13 179 3000 0 43 3000 742 90 1122 1672 43 237 604 292 78 947 50 16 277 505 285 420 105 36 333 58 
852 1340 0 21 0 0 0 496 421 0 36 0 13 16 8 38 2664 370 38 64 147 22 0 7 11 60 135 367 0 0 1265 1349 1162 0 208 194 17 43 0 626 0 1486 198 115 49 0 0 3000 229 2288 0 0 114 213 380 294 158 77 30 719 
7 0 12 87 215 20 26 227 384 76 298 120 1524 22 9 0 66 1368 94 68 0 148 132 744 91 0 542 14 13 85 3000 353 155 3000 289 15 3000 3000 626 0 645 0 295 25 0 60 46 39 75 0 23 23 69 128 53 0 148 17 0 3000 
0 0 70 0 259 24 130 136 671 10 16 57 0 297 0 0 0 62 66 31 0 1065 476 17 0 0 0 0 3000 146 31 0 0 18 8 0 0 742 0 645 0 0 0 41 0 10 1761 19 0 0 83 3000 0 20 18 0 572 294 0 0 
161 392 0 176 0 0 0 511 754 0 152 0 38 514 52 20 7 83 0 42 69 1768 0 931 98 186 46 0 0 0 80 22 0 0 12 2003 23 90 1486 0 0 0 175 0 432 0 0 0 34 105 0 0 1232 390 2207 234 930 74 536 359 
164 250 0 238 0 0 0 0 404 0 105 0 1011 35 785 1224 634 505 61 172 76 40 0 26 554 663 52 1426 0 0 25 2302 382 0 129 308 1359 1122 198 295 0 175 0 132 175 0 0 33 11 24 0 0 25 15 68 46 1070 306 1289 333 
31 0 1240 0 198 1362 128 0 1039 162 69 11 1158 3000 0 0 18 246 147 1228 0 0 195 367 186 0 104 275 0 300 118 44 108 1860 178 893 16 1672 115 25 41 0 132 0 0 14 15 1299 154 0 442 8 1473 48 1800 0 38 0 0 11 
42 43 0 13 0 0 0 351 291 0 501 56 230 705 21 14 62 240 0 559 218 2619 0 344 0 76 0 0 0 16 29 42 0 0 65 694 29 43 49 0 0 432 175 0 0 0 0 0 28 80 0 0 0 21 536 940 278 235 112 2324 
0 0 54 0 29 205 283 0 14 49 70 258 40 145 0 0 9 0 67 42 0 0 8 0 1231 0 274 62 0 1314 0 0 534 315 250 0 0 237 0 60 10 0 0 14 0 0 158 66 60 0 0 39 25 164 1409 0 1087 0 0 70 
0 0 25 0 992 815 347 48 389 1738 15 288 17 632 0 0 29 343 1589 287 0 0 8 59 0 0 96 83 110 276 8 21 144 148 40 0 0 604 0 46 1761 0 0 15 0 158 0 39 98 0 1363 13 0 357 270 0 109 484 0 503 
9 0 16 7 19 58 3000 0 787 145 119 165 16 67 857 0 399 73 22 22 0 0 204 46 30 47 107 15 0 199 28 1226 213 31 874 64 31 292 3000 39 19 0 33 1299 0 66 39 0 2605 0 0 20 1966 3000 192 0 10 0 0 110 
511 38 17 13 193 0 3000 13 111 3000 108 155 594 67 641 19 230 1032 26 778 14 110 185 8 149 10 628 918 0 0 448 79 1277 8 125 96 21 78 229 75 0 34 11 154 28 60 98 2605 0 89 0 1388 58 96 32 75 873 582 961 481 
172 415 0 26 0 0 0 22 23 0 24 0 39 38 10 23 430 427 1188 10 241 1189 0 11 14 64 1454 0 0 0 3000 305 183 0 1111 1798 95 947 2288 0 0 105 24 0 80 0 0 0 89 0 0 0 70 13 82 29 299 172 94 156 
0 0 102 0 0 398 0 3000 105 3000 29 63 0 166 0 0 0 145 52 82 39 226 138 9 0 0 0 0 334 1861 22 0 0 108 0 0 0 50 0 23 83 0 0 442 0 0 1363 0 0 0 0 79 0 64 38 0 219 442 0 0 
0 0 70 0 20 48 148 22 37 227 111 201 2061 83 0 0 1809 276 333 469 0 0 51 676 0 0 16 62 165 314 121 8 778 3000 35 0 0 16 0 23 3000 0 0 8 0 39 13 20 1388 0 79 0 0 1674 96 0 49 0 0 2121 
463 420 0 74 15 0 112 0 580 0 162 0 545 192 30 3000 10 1553 9 29 0 0 0 0 301 624 39 45 0 0 134 19 17 0 22 2248 51 277 114 69 0 1232 25 1473 0 25 0 1966 58 70 0 0 0 2721 13 191 0 0 87 102 
9 207 326 13 731 1651 79 120 483 82 34 120 28 62 80 9 346 189 59 14 1530 2206 1461 52 3000 215 690 30 12 21 8 92 85 2764 1203 34 11 505 213 128 20 390 15 48 21 164 357 3000 96 13 64 1674 2721 0 476 14 316 226 198 9 
9 344 687 1932 191 257 12 56 50 325 179 95 73 195 21 192 2792 42 201 54 149 9 426 594 8 46 56 379 504 122 67 184 89 1025 44 812 3000 285 380 53 18 2207 68 1800 536 1409 270 192 32 82 38 96 13 476 0 277 1254 30 18 146 
17 179 0 23 0 0 0 61 690 0 15 34 84 28 880 10 15 370 28 208 25 151 0 28 694 385 54 0 0 2776 208 60 0 0 368 87 76 420 294 0 0 234 46 0 940 0 0 0 75 29 0 0 191 14 277 0 23 92 11 175 
36 16 373 1090 2736 101 40 140 134 182 571 721 2958 113 147 591 253 11 3000 55 209 78 167 270 0 124 124 11 30 13 440 616 0 159 100 401 0 105 158 148 572 930 1070 38 278 1087 109 10 873 299 219 49 0 316 1254 23 0 52 565 236 
14 17 1098 9 0 113 0 187 13 0 87 2791 11 381 35 15 43 9 117 74 753 9 0 45 0 9 14 0 869 8 19 36 0 711 7 145 0 36 77 17 294 74 306 0 235 0 484 0 582 172 442 0 0 226 30 92 52 0 310 494 
10 89 0 263 0 0 0 24 70 0 12 0 154 338 406 11 416 46 1027 138 223 97 0 285 438 3000 122 0 0 0 849 1023 0 0 1403 1735 1486 333 30 0 0 536 1289 0 112 0 0 0 961 94 0 0 87 198 18 11 565 310 0 343 
960 25 95 10 187 0 3000 0 17 518 75 44 120 1014 219 354 99 298 134 18 1557 2122 25 565 7 167 14 42 0 0 16 9 51 296 156 34 223 58 719 3000 0 359 333 11 2324 70 503 110 481 156 0 2121 102 9 146 175 236 494 343 0 
