80
0 22 62 47 33 53 45 58 36 46 5 17 9 53 15 63 50 38 73 43 14 63 33 49 26 24 40 30 39 42 46 6 6 33 29 35 44 64 39 10 62 51 15 57 48 45 36 56 33 20 45 76 40 17 27 30 45 35 15 47 48 21 64 47 49 41 40 47 67 14 46 52 44 66 57 31 34 5 22 58 
22 0 75 66 54 63 53 62 24 60 21 10 30 37 31 63 31 33 71 59 26 77 53 53 48 41 57 38 61 58 54 27 24 39 35 40 23 74 59 32 61 73 35 73 62 60 58 75 18 38 26 97 61 9 47 21 29 47 33 67 26 43 59 69 71 48 18 49 87 31 46 73 55 86 78 51 53 18 17 77 
62 75 0 27 41 105 26 32 64 15 58 64 64 76 47 43 83 53 50 20 74 4 38 31 55 75 25 38 51 87 26 57 56 92 41 94 85 11 36 57 45 50 64 13 15 17 51 27 92 42 82 49 57 76 70 91 74 89 69 34 89 52 53 62 61 29 87 37 37 71 42 46 96 35 39 39 73 61 59 30 
47 66 27 0 17 81 36 50 65 20 46 57 46 81 35 61 84 57 70 14 57 26 15 44 31 53 11 38 24 62 38 42 43 73 41 75 83 37 10 39 62 23 44 15 17 16 24 8 80 28 82 33 30 64 46 77 76 66 49 7 87 30 68 35 34 37 82 48 21 52 52 19 72 20 16 17 48 49 55 11 
33 54 41 17 0 65 40 56 58 28 33 46 30 76 24 65 77 54 75 22 41 40 4 48 15 37 17 35 12 47 42 28 30 56 37 58 74 48 6 24 66 20 28 30 27 25 11 24 66 18 74 43 18 51 30 62 70 50 32 14 78 14 71 24 25 39 71 49 34 36 52 20 56 33 24 4 32 36 47 26 
53 63 105 81 65 0 96 110 85 91 57 66 45 100 64 116 93 90 126 85 39 105 68 100 51 31 81 82 59 20 97 55 58 24 81 23 83 111 71 52 115 68 42 96 91 89 58 88 55 66 88 96 54 54 35 48 91 18 39 77 86 54 116 54 57 92 76 99 93 38 99 72 9 93 81 66 34 57 73 88 
45 53 26 36 40 96 0 15 39 18 41 42 51 51 32 25 58 27 35 22 59 29 36 8 50 65 26 16 52 80 1 42 39 78 18 80 60 21 39 44 26 58 53 31 20 20 51 41 71 30 57 67 58 56 63 71 49 78 56 43 64 44 32 65 65 4 63 12 55 58 17 54 86 53 52 37 67 43 36 45 
58 62 32 50 56 110 15 0 43 31 53 52 65 49 46 12 59 30 20 36 72 36 51 9 65 79 41 28 67 95 14 55 52 91 29 93 64 23 54 58 13 72 68 42 33 34 66 54 80 45 60 79 73 67 78 81 50 92 70 57 67 59 21 80 80 18 68 13 66 72 16 69 100 65 65 52 83 55 44 57 
36 24 64 65 58 85 39 43 0 53 32 19 45 18 35 41 19 12 48 53 46 68 56 37 58 59 54 28 68 77 39 37 33 62 25 63 22 60 61 43 39 79 50 67 55 54 66 73 41 40 18 98 71 32 63 44 11 68 50 69 25 51 36 79 80 35 25 31 86 49 27 78 77 85 79 55 69 31 13 76 
46 60 15 20 28 91 18 31 53 0 43 50 49 66 32 42 72 43 51 6 59 17 25 25 41 60 12 25 39 73 19 41 41 77 28 79 73 20 25 41 43 42 50 14 3 3 39 24 77 26 71 50 46 61 56 76 63 74 54 26 77 37 50 52 51 20 74 30 37 56 34 38 81 35 35 26 60 46 46 27 
5 21 58 46 33 57 41 53 32 43 0 14 14 49 12 58 47 34 68 40 19 60 32 44 28 28 38 26 40 46 42 6 3 38 24 40 42 60 38 12 57 52 19 54 45 42 37 54 35 18 43 76 41 19 31 32 41 40 19 46 46 22 59 49 51 37 38 42 66 19 41 52 48 65 57 30 38 3 18 57 
17 10 64 57 46 66 42 52 19 50 14 0 27 36 22 54 32 25 63 49 27 67 44 43 43 40 47 27 54 58 43 21 17 44 24 45 28 63 51 26 52 66 32 63 52 50 52 65 29 29 28 89 56 15 44 29 28 49 32 59 32 36 52 63 65 38 25 39 78 30 37 66 58 77 69 43 51 13 8 68 
9 30 64 46 30 45 51 65 45 49 14 27 0 62 19 71 59 47 81 44 11 65 31 55 20 15 40 37 33 33 52 9 13 29 36 31 52 67 36 7 70 45 5 57 49 47 30 54 38 22 54 72 32 23 18 33 54 27 6 44 56 16 72 39 42 47 48 54 64 7 54 47 36 63 53 29 24 14 32 56 
53 37 76 81 76 100 51 49 18 66 49 36 62 0 52 43 12 24 47 68 62 80 73 46 76 76 70 43 86 93 50 55 51 77 40 77 22 70 78 61 40 96 67 81 69 68 83 88 50 58 16 114 89 46 80 56 9 84 67 85 23 69 35 96 98 47 29 40 102 66 35 95 92 100 96 72 87 48 31 92 
15 31 47 35 24 64 32 46 35 32 12 22 19 52 0 52 52 32 62 28 28 49 22 36 24 33 26 18 33 50 33 10 9 47 18 49 49 49 29 13 52 44 22 43 33 31 31 43 46 7 49 66 37 30 33 44 46 46 25 36 53 17 55 44 46 28 47 35 56 26 36 44 55 55 47 21 39 14 22 46 
63 63 43 61 65 116 25 12 41 42 58 54 71 43 52 0 54 29 10 47 77 48 61 18 74 85 51 34 77 102 24 61 58 96 35 97 61 34 64 65 3 83 74 53 44 45 76 65 81 53 56 91 83 69 85 83 46 98 77 68 63 67 10 90 90 26 66 17 78 77 17 80 106 76 77 62 91 60 46 69 
50 31 83 84 77 93 58 59 19 72 47 32 59 12 52 54 0 30 59 73 57 87 74 54 75 71 73 48 86 88 58 53 49 69 44 70 11 78 80 59 51 97 64 86 74 73 83 92 40 59 5 117 88 40 76 46 9 77 63 88 11 68 46 95 97 54 19 48 106 61 43 96 86 104 98 73 83 45 30 95 
38 33 53 57 54 90 27 30 12 43 34 25 47 24 32 29 30 0 38 45 51 57 50 24 57 62 46 20 65 80 28 38 34 69 17 70 34 48 56 43 27 74 52 57 45 44 63 64 51 36 30 90 68 40 64 54 21 73 53 62 37 50 26 76 77 24 38 18 78 53 14 72 82 77 72 50 70 34 18 68 
73 71 50 70 75 126 35 20 48 51 68 63 81 47 62 10 59 38 0 56 87 54 71 28 84 95 61 45 87 112 34 71 68 105 45 107 67 40 74 75 11 92 84 61 53 54 86 74 89 63 62 98 93 78 95 92 51 108 87 77 69 78 13 100 100 36 73 27 86 87 27 89 116 84 85 72 101 69 55 77 
43 59 20 14 22 85 22 36 53 6 40 49 44 68 28 47 73 45 56 0 55 21 18 30 35 55 5 25 33 67 23 37 37 73 28 75 73 26 19 37 48 36 44 14 6 4 32 20 75 22 71 46 39 59 50 72 64 68 48 21 77 32 54 45 45 23 73 34 34 51 38 33 76 32 30 19 53 43 45 24 
14 26 74 57 41 39 59 72 46 59 19 27 11 62 28 77 57 51 87 55 0 75 41 63 29 14 51 44 42 31 60 18 20 19 43 21 49 77 47 18 76 55 13 68 60 58 40 65 29 33 52 82 41 18 22 23 54 22 10 55 52 27 77 47 50 55 43 61 75 6 60 57 31 74 63 40 28 17 34 66 
63 77 4 26 40 105 29 36 68 17 60 67 65 80 49 48 87 57 54 21 75 0 37 35 55 75 25 41 49 87 30 58 58 93 44 95 89 15 35 57 49 48 65 11 15 18 49 24 94 43 86 45 56 78 70 92 78 89 69 32 92 52 57 60 59 33 90 41 33 72 46 43 96 31 36 39 72 63 62 27 
33 53 38 15 4 68 36 51 56 25 32 44 31 73 22 61 74 50 71 18 41 37 0 44 17 39 13 31 16 50 38 27 29 58 33 60 72 44 6 24 62 24 29 28 24 22 15 23 66 16 71 44 22 50 33 62 67 52 34 14 76 15 67 28 29 35 70 46 35 37 49 22 59 34 25 2 35 35 44 25 
49 53 31 44 48 100 8 9 37 25 44 43 55 46 36 18 54 24 28 30 63 35 44 0 56 70 34 19 59 86 6 46 43 82 20 84 58 24 47 49 18 65 58 38 28 28 58 49 72 36 54 75 65 58 68 73 45 82 61 50 62 50 24 72 72 9 61 6 62 62 11 62 91 60 60 44 74 46 36 52 
26 48 55 31 15 51 50 65 58 41 28 43 20 76 24 74 75 57 84 35 29 55 17 56 0 22 30 40 13 32 51 22 26 42 41 44 70 61 21 16 74 26 16 45 41 39 11 38 57 22 71 53 13 43 15 52 69 35 20 27 74 7 78 21 23 48 66 57 46 24 59 28 41 46 35 16 18 30 45 39 
24 41 75 53 37 31 65 79 59 60 28 40 15 76 33 85 71 62 95 55 14 75 39 70 22 0 51 51 34 18 66 24 28 20 51 22 63 80 43 21 85 46 11 66 61 58 32 61 42 35 66 74 31 32 9 36 67 13 9 50 67 24 87 35 38 61 57 68 69 10 69 49 22 68 57 37 14 28 46 62 
40 57 25 11 17 81 26 41 54 12 38 47 40 70 26 51 73 46 61 5 51 25 13 34 30 51 0 26 28 63 27 34 35 69 30 71 73 31 13 33 52 32 40 17 11 9 27 18 73 20 71 44 34 56 45 70 65 64 44 17 77 27 58 40 40 26 72 37 32 47 41 28 71 31 27 14 48 41 45 22 
30 38 38 38 35 82 16 28 28 25 26 27 37 43 18 34 48 20 45 25 44 41 31 19 40 51 26 0 46 68 17 27 24 63 3 65 48 36 36 30 34 54 40 39 27 26 44 45 56 19 46 71 51 41 51 55 39 64 42 42 52 33 37 58 59 11 49 17 59 44 19 52 72 57 53 31 56 28 22 48 
39 61 51 24 12 59 52 67 68 39 40 54 33 86 33 77 86 65 87 33 42 49 16 59 13 34 28 46 0 40 53 34 37 54 48 56 81 59 15 29 78 13 29 39 38 36 3 29 70 28 82 40 7 56 26 65 79 46 33 18 86 18 82 13 13 51 78 61 35 37 64 15 50 34 23 16 25 42 56 29 
42 58 87 62 47 20 80 95 77 73 46 58 33 93 50 102 88 80 112 67 31 87 50 86 32 18 63 68 40 0 82 42 46 26 68 27 80 93 52 38 102 48 28 77 73 71 38 68 56 51 83 76 34 49 18 49 85 14 27 57 83 37 104 35 37 77 74 85 73 28 86 53 12 73 61 48 14 46 64 68 
46 54 26 38 42 97 1 14 39 19 42 43 52 50 33 24 58 28 34 23 60 30 38 6 51 66 27 17 53 82 0 43 40 80 19 81 61 21 40 45 25 59 55 32 21 21 52 42 72 31 57 68 59 57 64 72 49 79 58 44 64 45 31 66 66 5 63 11 56 59 16 56 87 54 53 38 69 44 37 46 
6 27 57 42 28 55 42 55 37 41 6 21 9 55 10 61 53 38 71 37 18 58 27 46 22 24 34 27 34 42 43 0 4 37 27 39 48 59 33 6 61 46 13 51 42 40 31 50 39 15 49 71 35 23 26 36 48 37 15 41 52 16 63 43 45 38 44 44 62 16 44 47 45 61 51 25 32 8 24 52 
6 24 56 43 30 58 39 52 33 41 3 17 13 51 9 58 49 34 68 37 20 58 29 43 26 28 35 24 37 46 40 4 0 39 23 41 44 58 35 10 57 49 18 52 42 40 35 51 38 15 45 73 39 22 30 35 43 40 19 44 48 20 59 47 49 35 41 41 64 20 41 50 49 62 54 28 37 6 20 54 
33 39 92 73 56 24 78 91 62 77 38 44 29 77 47 96 69 69 105 73 19 93 58 82 42 20 69 63 54 26 80 37 39 0 62 2 60 96 62 36 95 66 28 85 78 76 52 80 32 51 64 94 51 30 29 24 68 13 24 70 62 42 95 55 58 74 52 80 89 21 79 69 18 88 77 56 32 36 51 81 
29 35 41 41 37 81 18 29 25 28 24 24 36 40 18 35 44 17 45 28 43 44 33 20 41 51 30 3 48 68 19 27 23 62 0 64 45 39 38 30 34 57 40 42 30 29 46 48 53 20 43 74 52 38 51 53 36 63 42 45 49 34 37 60 61 13 46 18 62 43 18 55 72 60 55 33 57 26 19 51 
35 40 94 75 58 23 80 93 63 79 40 45 31 77 49 97 70 70 107 75 21 95 60 84 44 22 71 65 56 27 81 39 41 2 64 0 60 98 65 38 96 68 30 87 80 78 54 82 32 53 64 96 53 31 31 24 69 14 26 72 62 44 97 57 60 76 52 81 91 23 80 71 19 90 79 58 34 38 53 83 
44 23 85 83 74 83 60 64 22 73 42 28 52 22 49 61 11 34 67 73 49 89 72 58 70 63 73 48 81 80 61 48 44 60 45 60 0 82 78 53 58 93 58 87 75 74 79 91 30 56 6 115 83 31 70 36 15 69 56 86 4 64 54 90 93 56 8 52 105 54 48 93 77 103 96 70 76 40 28 94 
64 74 11 37 48 111 21 23 60 20 60 63 67 70 49 34 78 48 40 26 77 15 44 24 61 80 31 36 59 93 21 59 58 96 39 98 82 0 44 60 36 60 69 24 21 23 58 37 92 45 78 60 65 77 76 91 69 93 72 44 85 57 43 71 70 26 84 30 48 75 35 55 101 46 50 46 79 62 57 40 
39 59 36 10 6 71 39 54 61 25 38 51 36 78 29 64 80 56 74 19 47 35 6 47 21 43 13 36 15 52 40 33 35 62 38 65 78 44 0 30 65 19 34 25 24 22 14 18 72 22 77 38 21 56 36 68 73 56 39 8 82 20 70 27 26 39 76 49 28 42 53 16 62 27 18 8 38 41 50 19 
10 32 57 39 24 52 44 58 43 41 12 26 7 61 13 65 59 43 75 37 18 57 24 49 16 21 33 30 29 38 45 6 10 36 30 38 53 60 30 0 64 41 9 50 42 40 26 47 43 15 55 67 30 27 21 38 53 34 13 38 57 11 67 37 39 41 50 48 58 15 48 42 42 57 47 22 27 14 30 49 
62 61 45 62 66 115 26 13 39 43 57 52 70 40 52 3 51 27 11 48 76 49 62 18 74 85 52 34 78 102 25 61 57 95 34 96 58 36 65 64 0 84 74 55 46 46 76 67 79 52 53 92 83 67 85 81 43 97 76 69 61 67 8 90 91 27 64 17 80 76 16 80 106 78 78 62 90 59 44 70 
51 73 50 23 20 68 58 72 79 42 52 66 45 96 44 83 97 74 92 36 55 48 24 65 26 46 32 54 13 48 59 46 49 66 57 68 93 60 19 41 84 0 42 37 40 39 15 25 83 38 94 28 15 68 37 78 90 56 45 16 97 30 89 14 12 57 90 68 25 49 72 5 60 26 14 24 35 54 67 23 
15 35 64 44 28 42 53 68 50 50 19 32 5 67 22 74 64 52 84 44 13 65 29 58 16 11 40 40 29 28 55 13 18 28 40 30 58 69 34 9 74 42 0 57 50 48 27 52 42 24 60 69 28 28 13 36 59 25 4 42 61 14 76 34 37 50 53 57 62 8 58 44 33 61 50 28 19 19 37 54 
57 73 13 15 30 96 31 42 67 14 54 63 57 81 43 53 86 57 61 14 68 11 28 38 45 66 17 39 39 77 32 51 52 85 42 87 87 24 25 50 55 37 57 0 12 13 39 13 89 36 85 37 45 73 60 87 78 80 61 22 91 43 62 49 48 34 87 43 25 64 48 32 86 23 26 30 63 57 59 17 
48 62 15 17 27 91 20 33 55 3 45 52 49 69 33 44 74 45 53 6 60 15 24 28 41 61 11 27 38 73 21 42 42 78 30 80 75 21 24 42 46 40 50 12 0 2 38 21 79 27 73 47 45 63 56 77 66 74 54 24 79 37 52 50 50 22 76 32 34 57 37 36 81 33 32 25 59 47 48 25 
45 60 17 16 25 89 20 34 54 3 42 50 47 68 31 45 73 44 54 4 58 18 22 28 39 58 9 26 36 71 21 40 40 76 29 78 74 23 22 40 46 39 48 13 2 0 36 21 77 25 72 47 43 61 54 75 65 72 52 23 78 35 52 48 48 22 74 32 35 54 37 35 79 33 32 23 57 45 46 25 
36 58 51 24 11 58 51 66 66 39 37 52 30 83 31 76 83 63 86 32 40 49 15 58 11 32 27 44 3 38 52 31 35 52 46 54 79 58 14 26 76 15 27 39 38 36 0 30 68 26 80 42 7 53 24 63 77 44 31 19 83 16 81 14 15 50 76 60 36 34 62 17 49 36 24 14 24 40 53 30 
56 75 27 8 24 88 41 54 73 24 54 65 54 88 43 65 92 64 74 20 65 24 23 49 38 61 18 45 29 68 42 50 51 80 48 82 91 37 18 47 67 25 52 13 21 21 30 0 89 36 90 26 35 73 53 85 84 73 56 11 95 38 73 38 36 43 90 53 14 60 58 20 79 12 13 25 54 57 63 4 
33 18 92 80 66 55 71 80 41 77 35 29 38 50 46 81 40 51 89 75 29 94 66 72 57 42 73 56 70 56 72 39 38 32 53 32 30 92 72 43 79 83 42 89 79 77 68 89 0 53 35 109 69 16 51 7 42 43 38 80 32 53 77 76 78 66 22 67 101 35 64 84 50 99 90 64 56 32 36 91 
20 38 42 28 18 66 30 45 40 26 18 29 22 58 7 53 59 36 63 22 33 43 16 36 22 35 20 19 28 51 31 15 15 51 20 53 56 45 22 15 52 38 24 36 27 25 26 36 53 0 56 59 32 37 33 50 51 49 28 30 60 15 56 40 41 27 54 36 49 30 37 38 57 48 40 15 38 21 29 39 
45 26 82 82 74 88 57 60 18 71 43 28 54 16 49 56 5 30 62 71 52 86 71 54 71 66 71 46 82 83 57 49 45 64 43 64 6 78 77 55 53 94 60 85 73 72 80 90 35 56 0 115 84 35 72 41 10 72 59 85 8 64 49 92 94 53 14 48 104 56 44 93 81 102 96 70 79 41 27 93 
76 97 49 33 43 96 67 79 98 50 76 89 72 114 66 91 117 90 98 46 82 45 44 75 53 74 44 71 40 76 68 71 73 94 74 96 115 60 38 67 92 28 69 37 47 47 42 26 109 59 115 0 44 94 65 105 109 85 73 30 120 56 99 42 39 69 114 79 13 77 84 25 88 14 20 46 64 79 88 23 
40 61 57 30 18 54 58 73 71 46 41 56 32 89 37 83 88 68 93 39 41 56 22 65 13 31 34 51 7 34 59 35 39 51 52 53 83 65 21 30 83 15 28 45 45 43 7 35 69 32 84 44 0 56 22 64 82 41 31 24 87 20 88 8 10 56 79 67 40 35 69 19 45 39 28 21 20 43 58 35 
17 9 76 64 51 54 56 67 32 61 19 15 23 46 30 69 40 40 78 59 18 78 50 58 43 32 56 41 56 49 57 23 22 30 38 31 31 77 56 27 67 68 28 73 63 61 53 73 16 37 35 94 56 0 39 15 38 38 26 65 35 38 67 62 65 52 25 54 85 23 52 69 46 84 74 49 46 16 23 75 
27 47 70 46 30 35 63 78 63 56 31 44 18 80 33 85 76 64 95 50 22 70 33 68 15 9 45 51 26 18 64 26 30 29 51 31 70 76 36 21 85 37 13 60 56 54 24 53 51 33 72 65 22 39 0 44 72 20 13 42 73 19 87 26 29 60 64 68 60 16 69 40 26 60 48 31 7 32 49 54 
30 21 91 77 62 48 71 81 44 76 32 29 33 56 44 83 46 54 92 72 23 92 62 73 52 36 70 55 65 49 72 36 35 24 53 24 36 91 68 38 81 78 36 87 77 75 63 85 7 50 41 105 64 15 44 0 47 36 33 76 38 49 80 70 73 67 29 69 97 29 66 80 43 96 86 61 50 30 37 88 
45 29 74 76 70 91 49 50 11 63 41 28 54 9 46 46 9 21 51 64 54 78 67 45 69 67 65 39 79 85 49 48 43 68 36 69 15 69 73 53 43 90 59 78 66 65 77 84 42 51 10 109 82 38 72 47 0 75 59 80 18 62 39 89 91 45 22 39 98 58 34 89 84 96 91 66 79 40 24 87 
35 47 89 66 50 18 78 92 68 74 40 49 27 84 46 98 77 73 108 68 22 89 52 82 35 13 64 64 46 14 79 37 40 13 63 14 69 93 56 34 97 56 25 80 74 72 44 73 43 49 72 85 41 38 20 36 75 0 21 62 72 37 98 44 47 74 62 81 80 20 81 60 9 80 68 50 21 39 56 74 
15 33 69 49 32 39 56 70 50 54 19 32 6 67 25 77 63 53 87 48 10 69 34 61 20 9 44 42 33 27 58 15 19 24 42 26 56 72 39 13 76 45 4 61 54 52 31 56 38 28 59 73 31 26 13 33 59 21 0 46 60 18 78 37 40 53 51 60 66 4 60 48 30 65 54 32 20 20 37 58 
47 67 34 7 14 77 43 57 69 26 46 59 44 85 36 68 88 62 77 21 55 32 14 50 27 50 17 42 18 57 44 41 44 70 45 72 86 44 8 38 69 16 42 22 24 23 19 11 80 30 85 30 24 65 42 76 80 62 46 0 90 28 75 28 27 43 84 54 20 50 58 12 68 19 11 16 43 49 58 12 
48 26 89 87 78 86 64 67 25 77 46 32 56 23 53 63 11 37 69 77 52 92 76 62 74 67 77 52 86 83 64 52 48 62 49 62 4 85 82 57 61 97 61 91 79 78 83 95 32 60 8 120 87 35 73 38 18 72 60 90 0 68 56 94 97 60 10 56 109 57 51 97 80 107 100 75 80 44 32 98 
21 43 52 30 14 54 44 59 51 37 22 36 16 69 17 67 68 50 78 32 27 52 15 50 7 24 27 33 18 37 45 16 20 42 34 44 64 57 20 11 67 30 14 43 37 35 16 38 53 15 64 56 20 38 19 49 62 37 18 28 68 0 71 27 29 42 60 51 48 22 52 31 44 47 37 14 23 24 38 40 
64 59 53 68 71 116 32 21 36 50 59 52 72 35 55 10 46 26 13 54 77 57 67 24 78 87 58 37 82 104 31 63 59 95 37 97 54 43 70 67 8 89 76 62 52 52 81 73 77 56 49 99 88 67 87 80 39 98 78 75 56 71 0 95 96 32 60 21 86 78 19 86 107 85 84 67 93 60 44 77 
47 69 62 35 24 54 65 80 79 52 49 63 39 96 44 90 95 76 100 45 47 60 28 72 21 35 40 58 13 35 66 43 47 55 60 57 90 71 27 37 90 14 34 49 50 48 14 38 76 40 92 42 8 62 26 70 89 44 37 28 94 27 95 0 3 64 86 74 40 41 76 19 47 40 28 28 23 51 66 37 
49 71 61 34 25 57 65 80 80 51 51 65 42 98 46 90 97 77 100 45 50 59 29 72 23 38 40 59 13 37 66 45 49 58 61 60 93 70 26 39 91 12 37 48 50 48 15 36 78 41 94 39 10 65 29 73 91 47 40 27 97 29 96 3 0 64 89 74 37 44 77 17 50 38 26 29 26 53 68 35 
41 48 29 37 39 92 4 18 35 20 37 38 47 47 28 26 54 24 36 23 55 33 35 9 48 61 26 11 51 77 5 38 35 74 13 76 56 26 39 41 27 57 50 34 22 22 50 43 66 27 53 69 56 52 60 67 45 74 53 43 60 42 32 64 64 0 58 11 57 54 15 54 83 55 53 35 65 39 32 47 
40 18 87 82 71 76 63 68 25 74 38 25 48 29 47 66 19 38 73 73 43 90 70 61 66 57 72 49 78 74 63 44 41 52 46 52 8 84 76 50 64 90 53 87 76 74 76 90 22 54 14 114 79 25 64 29 22 62 51 84 10 60 60 86 89 58 0 56 103 48 52 91 70 102 94 68 71 36 28 93 
47 49 37 48 49 99 12 13 31 30 42 39 54 40 35 17 48 18 27 34 61 41 46 6 57 68 37 17 61 85 11 44 41 80 18 81 52 30 49 48 17 68 57 43 32 32 60 53 67 36 48 79 67 54 68 69 39 81 60 54 56 51 21 74 74 11 56 0 67 61 5 65 90 65 63 46 74 43 32 57 
67 87 37 21 34 93 55 66 86 37 66 78 64 102 56 78 106 78 86 34 75 33 35 62 46 69 32 59 35 73 56 62 64 89 62 91 105 48 28 58 80 25 62 25 34 35 36 14 101 49 104 13 40 85 60 97 98 80 66 20 109 48 86 40 37 57 103 67 0 70 71 21 85 2 12 36 60 69 77 10 
14 31 71 52 36 38 58 72 49 56 19 30 7 66 26 77 61 53 87 51 6 72 37 62 24 10 47 44 37 28 59 16 20 21 43 23 54 75 42 15 76 49 8 64 57 54 34 60 35 30 56 77 35 23 16 29 58 20 4 50 57 22 78 41 44 54 48 61 70 0 60 51 29 69 58 35 23 19 36 61 
46 46 42 52 52 99 17 16 27 34 41 37 54 35 36 17 43 14 27 38 60 46 49 11 59 69 41 19 64 86 16 44 41 79 18 80 48 35 53 48 16 72 58 48 37 37 62 58 64 37 44 84 69 52 69 66 34 81 60 58 51 52 19 76 77 15 52 5 71 60 0 69 90 70 67 49 75 43 29 61 
52 73 46 19 20 72 54 69 78 38 52 66 47 95 44 80 96 72 89 33 57 43 22 62 28 49 28 52 15 53 56 47 50 69 55 71 93 55 16 42 80 5 44 32 36 35 17 20 84 38 93 25 19 69 40 80 89 60 48 12 97 31 86 19 17 54 91 65 21 51 69 0 64 21 9 23 39 55 66 18 
44 55 96 72 56 9 86 100 77 81 48 58 36 92 55 106 86 82 116 76 31 96 59 91 41 22 71 72 50 12 87 45 49 18 72 19 77 101 62 42 106 60 33 86 81 79 49 79 50 57 81 88 45 46 26 43 84 9 30 68 80 44 107 47 50 83 70 90 85 29 90 64 0 85 73 57 25 48 65 79 
66 86 35 20 33 93 53 65 85 35 65 77 63 100 55 76 104 77 84 32 74 31 34 60 46 68 31 57 34 73 54 61 62 88 60 90 103 46 27 57 78 26 61 23 33 33 36 12 99 48 102 14 39 84 60 96 96 80 65 19 107 47 85 40 38 55 102 65 2 69 70 21 85 0 12 35 59 68 75 9 
57 78 39 16 24 81 52 65 79 35 57 69 53 96 47 77 98 72 85 30 63 36 25 60 35 57 27 53 23 61 53 51 54 77 55 79 96 50 18 47 78 14 50 26 32 32 24 13 90 40 96 20 28 74 48 86 91 68 54 11 100 37 84 28 26 53 94 63 12 58 67 9 73 12 0 26 48 59 69 10 
31 51 39 17 4 66 37 52 55 26 30 43 29 72 21 62 73 50 72 19 40 39 2 44 16 37 14 31 16 48 38 25 28 56 33 58 70 46 8 22 62 24 28 30 25 23 14 25 64 15 70 46 21 49 31 61 66 50 32 16 75 14 67 28 29 35 68 46 36 35 49 23 57 35 26 0 34 33 43 27 
34 53 73 48 32 34 67 83 69 60 38 51 24 87 39 91 83 70 101 53 28 72 35 74 18 14 48 56 25 14 69 32 37 32 57 34 76 79 38 27 90 35 19 63 59 57 24 54 56 38 79 64 20 46 7 50 79 21 20 43 80 23 93 23 26 65 71 74 60 23 75 39 25 59 48 34 0 38 56 54 
5 18 61 49 36 57 43 55 31 46 3 13 14 48 14 60 45 34 69 43 17 63 35 46 30 28 41 28 42 46 44 8 6 36 26 38 40 62 41 14 59 54 19 57 47 45 40 57 32 21 41 79 43 16 32 30 40 39 20 49 44 24 60 51 53 39 36 43 69 19 43 55 48 68 59 33 38 0 18 60 
22 17 59 55 47 73 36 44 13 46 18 8 32 31 22 46 30 18 55 45 34 62 44 36 45 46 45 22 56 64 37 24 20 51 19 53 28 57 50 30 44 67 37 59 48 46 53 63 36 29 27 88 58 23 49 37 24 56 37 58 32 38 44 66 68 32 28 32 77 36 29 66 65 75 69 43 56 18 0 66 
58 77 30 11 26 88 45 57 76 27 57 68 56 92 46 69 95 68 77 24 66 27 25 52 39 62 22 48 29 68 46 52 54 81 51 83 94 40 19 49 70 23 54 17 25 25 30 4 91 39 93 23 35 75 54 88 87 74 58 12 98 40 77 37 35 47 93 57 10 61 61 18 79 9 10 27 54 60 66 0 
0 0 0 0 26 0 1045 49 0 79 280 155 404 304 54 306 29 664 23 0 0 0 0 136 1427 45 424 192 0 0 42 0 117 0 273 44 87 0 11 0 0 10 0 0 60 0 37 3000 7 21 168 7 49 0 713 1356 0 0 782 0 0 676 477 11 0 0 0 238 134 194 26 262 224 63 157 330 3000 25 0 446 
0 0 7 184 72 9 0 0 351 0 280 442 695 1564 104 948 0 0 0 426 365 10 1919 0 0 0 1496 82 77 10 0 3000 41 25 565 0 417 1819 271 447 1126 0 616 176 0 141 0 372 471 1249 164 42 249 134 81 83 44 1165 0 43 191 8 0 0 863 8 51 0 0 1778 90 509 0 0 979 12 0 737 143 564 
0 7 0 39 58 77 0 0 3000 30 841 654 95 11 72 14 29 12 0 710 20 63 302 0 14 55 15 427 152 0 0 547 9 20 518 297 11 0 177 1307 92 0 28 1146 0 60 0 348 321 95 43 3000 304 30 0 145 22 1488 32 107 38 102 29 0 23 1612 20 0 0 0 303 20 0 0 1602 28 0 208 756 1455 
0 184 39 0 45 99 0 0 754 87 18 9 223 42 218 84 0 0 0 10 125 67 27 0 9 0 11 31 123 338 0 1202 701 89 27 239 994 679 8 19 242 0 113 718 0 13 0 84 39 245 3000 34 718 577 0 1502 179 37 0 86 11 10 1149 0 149 54 204 0 0 0 31 38 0 0 184 138 0 1728 39 199 
26 72 58 45 0 641 23 288 403 0 21 186 64 3000 2780 772 0 0 2442 0 417 142 44 0 144 286 42 71 35 28 211 167 38 0 28 1076 128 241 1567 1339 135 713 62 0 28 266 70 656 90 880 23 3000 64 0 26 407 0 3000 17 0 0 3000 34 122 28 68 128 49 0 122 105 1686 32 68 98 60 0 10 120 2752 
0 9 77 99 641 0 0 0 0 0 0 0 49 12 1079 110 0 0 0 0 18 93 76 0 0 0 41 130 85 140 0 55 52 0 88 0 28 91 335 37 801 0 26 0 0 39 0 307 25 372 0 26 41 0 311 287 0 1914 0 0 0 0 0 0 1160 68 19 0 0 109 16 22 0 0 78 0 0 0 10 63 
1045 0 0 0 23 0 0 547 314 38 21 12 23 81 710 977 179 62 381 0 0 0 275 188 2848 2790 9 241 328 413 98 78 47 0 19 36 9 28 109 0 180 7 0 0 37 0 133 20 59 157 412 256 33 0 11 74 448 0 27 0 0 1636 20 32 0 0 0 500 377 193 1514 308 13 94 1621 178 23 10 0 27 
49 0 0 0 288 0 547 0 0 0 419 1676 117 57 90 517 0 31 252 0 0 0 0 473 144 239 11 0 21 21 81 0 1274 0 22 367 18 314 19 0 0 800 0 0 640 0 274 127 19 123 127 44 24 0 574 83 0 0 126 0 0 0 922 2855 0 0 0 385 0 11 0 408 144 14 16 0 0 0 0 1477 
0 351 3000 754 403 0 314 0 0 502 1799 57 115 13 49 20 52 38 0 360 96 12 3000 90 386 89 14 15 160 0 0 1172 254 48 9 24 937 0 15 104 31 0 77 532 0 0 0 107 1436 84 203 95 27 11 349 91 17 371 13 12 792 2167 86 92 34 1551 19 0 300 0 21 92 0 0 101 9 42 59 37 17 
79 0 30 87 0 0 38 0 502 0 21 42 85 0 625 862 94 352 133 15 79 20 1010 139 116 344 61 11 0 0 0 84 112 44 33 18 705 0 231 1149 13 0 61 31 0 0 156 26 32 72 287 8 71 64 938 569 70 0 57 2991 70 741 65 776 0 0 0 0 9 345 141 0 0 289 93 69 119 97 0 19 
280 280 841 18 21 0 21 419 1799 21 0 3000 1088 58 88 46 823 55 3000 73 315 112 2834 163 208 1018 1080 14 1155 142 298 24 193 225 18 374 72 24 15 84 26 624 8 364 648 0 27 8 231 8 1962 40 378 346 15 39 1103 1161 3000 1218 127 2270 648 22 93 198 321 131 124 62 67 9 1872 223 904 1556 74 15 0 164 
155 442 654 9 186 0 12 1676 57 42 3000 0 17 32 395 144 49 542 600 111 116 97 190 955 17 61 10 230 12 198 56 97 16 1492 2120 26 252 18 942 231 211 33 112 1134 20 1846 143 25 1220 60 831 78 9 89 109 21 15 96 18 28 68 209 3000 29 98 14 73 274 129 357 961 78 98 353 1817 284 310 14 42 70 
404 695 95 223 64 49 23 117 115 85 1088 17 0 14 56 11 51 150 769 649 25 3000 15 140 1540 334 9 37 595 54 199 291 545 179 29 1321 289 478 491 109 260 1089 48 311 3000 3000 124 343 9 201 45 1052 80 193 14 797 82 3000 261 1532 438 66 180 201 49 16 285 733 0 23 94 17 23 22 25 11 0 44 48 605 
304 1564 11 42 3000 12 81 57 13 0 58 32 14 0 882 24 0 53 23 0 157 13 1426 69 63 422 42 65 729 1348 198 109 1174 0 1357 41 1411 72 62 466 20 41 72 0 580 39 98 37 31 565 147 129 446 0 3000 14 0 3000 15 0 0 85 2160 169 180 92 34 8 0 366 584 75 1112 234 52 1494 0 197 22 516 
54 104 72 218 2780 1079 710 90 49 625 88 395 56 882 0 85 2246 10 61 0 22 43 182 44 124 12 18 319 70 425 150 265 1278 0 207 15 63 145 1645 120 14 20 74 0 26 103 9 446 338 9 8 9 743 0 284 471 91 21 144 0 0 22 30 3000 18 2426 49 233 1383 559 294 12 17 64 355 10 165 45 110 1110 
306 948 14 84 772 110 977 517 20 862 46 144 11 24 85 0 96 813 48 574 129 770 38 9 62 1015 28 212 160 1785 1091 1062 758 741 7 157 53 446 63 1441 578 12 39 23 57 39 66 1215 136 3000 224 325 1191 121 345 41 204 198 154 36 33 379 57 99 26 46 30 34 19 39 51 183 825 1871 15 117 2944 64 986 164 
29 0 29 0 0 0 179 0 52 94 823 49 51 0 2246 96 0 262 114 423 0 0 99 30 58 3000 48 163 0 0 0 0 0 12 23 3000 0 0 0 263 0 0 0 13 0 0 21 0 260 0 292 0 219 1887 0 86 56 0 590 14 47 551 11 88 0 0 0 0 735 0 1232 0 109 25 0 55 199 68 0 0 
664 0 12 0 0 0 62 31 38 352 55 542 150 53 10 813 262 0 1204 2885 0 0 36 376 230 602 27 239 0 0 67 112 457 0 67 32 105 0 445 402 0 558 0 357 9 0 223 26 209 448 3000 791 739 216 294 15 18 0 37 41 243 69 39 415 0 0 0 0 148 49 606 0 1019 10 146 764 54 156 0 19 
23 0 0 0 2442 0 381 252 0 133 3000 600 769 23 61 48 114 1204 0 0 0 0 0 22 20 791 28 219 10 559 69 26 94 0 349 604 1125 8 130 0 16 100 0 0 1127 0 2747 116 32 80 1026 72 12 0 48 2116 0 123 1117 0 0 9 79 47 0 308 45 15 25 1901 9 41 170 867 9 7 9 17 0 11 
0 426 710 10 0 0 0 0 360 15 73 111 649 0 0 574 423 2885 0 0 20 91 137 0 11 329 91 12 24 0 0 9 237 192 298 113 355 0 74 2697 764 0 308 919 0 0 0 29 15 0 181 0 52 31 0 992 116 394 0 19 867 44 14 0 975 3000 26 0 0 0 675 60 0 0 66 49 0 122 423 0 
0 365 20 125 417 18 0 0 96 79 315 116 25 157 22 129 0 0 0 20 0 41 1187 0 87 704 493 47 50 212 0 25 451 17 72 94 1033 105 73 25 63 0 155 531 0 2587 0 580 10 639 34 459 16 644 3000 366 30 94 0 493 103 195 30 0 3000 182 740 0 0 207 1270 59 0 0 882 554 0 112 3000 403 
0 10 63 67 142 93 0 0 12 20 112 97 3000 13 43 770 0 0 0 91 41 0 123 0 0 0 3000 54 429 93 0 608 55 23 45 0 580 8 301 302 33 0 2070 508 0 656 0 9 432 1038 713 41 73 35 20 62 268 10 0 24 488 427 0 0 338 167 1056 0 0 9 173 28 0 0 127 294 0 45 236 10 
0 1919 302 27 44 76 275 0 3000 1010 2834 190 15 1426 182 38 99 36 0 137 1187 123 0 0 53 1632 10 619 884 0 0 9 63 18 47 82 201 13 11 33 8 0 60 641 0 145 0 66 219 607 200 57 2895 280 176 31 20 350 13 289 709 1871 586 228 71 9 118 0 0 0 16 286 0 0 96 154 0 25 104 367 
136 0 0 0 0 0 188 473 90 139 163 955 140 69 44 9 30 376 22 0 0 0 0 0 447 3000 473 558 0 0 478 0 208 0 506 953 0 0 0 0 0 387 0 0 21 0 1779 391 41 43 494 1379 99 0 41 95 128 0 578 0 0 14 9 39 0 0 0 613 3000 20 2144 0 2189 27 0 34 1061 45 0 425 
1427 0 14 9 144 0 2848 144 386 116 208 17 1540 63 124 62 58 230 20 11 87 0 53 447 0 45 866 117 35 24 15 15 178 0 198 364 665 31 1206 357 35 44 0 10 69 0 244 899 773 19 776 211 317 12 17 297 2337 0 14 236 134 65 10 1536 0 45 0 1725 13 2014 52 76 183 1484 155 171 76 28 0 54 
45 0 55 0 286 0 2790 239 89 344 1018 61 334 422 12 1015 3000 602 791 329 704 0 1632 3000 45 0 10 117 99 152 1241 171 19 0 61 379 669 124 145 48 155 222 0 3000 36 0 65 566 54 671 109 1681 9 139 336 358 209 0 729 0 139 159 34 124 0 24 0 23 11 28 366 62 1114 10 63 15 111 27 0 42 
424 1496 15 11 42 41 9 11 14 61 1080 10 9 42 18 28 48 27 28 91 493 3000 10 473 866 10 0 19 3000 130 740 63 35 911 521 13 8 8 13 462 12 65 38 7 1610 323 9 122 21 517 670 3000 224 59 785 131 24 241 15 49 546 8 276 75 77 207 163 58 138 48 60 1986 158 225 264 67 99 3000 314 1301 
192 82 427 31 71 130 241 0 15 11 14 230 37 65 319 212 163 239 219 12 47 54 619 558 117 117 19 0 832 59 0 1088 26 100 598 225 141 11 74 12 126 0 312 2865 81 409 13 108 13 14 203 211 185 34 3000 10 742 140 120 1265 2684 286 32 10 22 32 1163 891 0 23 38 14 1629 49 319 125 0 33 51 144 
0 77 152 123 35 85 328 21 160 0 1155 12 595 729 70 160 0 0 10 24 50 429 884 0 35 99 3000 832 0 311 9 2837 166 345 28 22 363 1536 10 367 949 3000 34 0 89 104 14 760 50 95 70 128 237 0 10 308 0 1137 1128 0 0 34 755 639 677 10 137 29 0 240 27 225 822 0 1699 222 0 68 9 15 
0 10 0 338 28 140 413 21 0 0 142 198 54 1348 425 1785 0 0 559 0 212 93 0 0 24 152 130 59 311 0 82 79 32 0 8 75 8 17 309 0 128 15 317 0 335 12 417 248 96 48 897 3000 40 0 13 9 0 658 0 0 0 0 1156 1125 1132 74 340 331 0 126 16 7 0 0 43 0 0 0 39 1292 
42 0 0 0 211 0 98 81 0 0 298 56 199 198 150 1091 0 67 69 0 0 0 0 478 15 1241 740 0 9 82 0 0 317 0 140 123 140 754 389 0 0 889 0 0 62 0 19 12 28 250 52 13 8 0 225 158 0 0 1195 0 0 0 964 221 0 0 0 250 0 53 0 119 76 182 176 0 0 0 0 878 
0 3000 547 1202 167 55 78 0 1172 84 24 97 291 109 265 1062 0 112 26 9 25 608 9 0 15 171 63 1088 2837 79 0 0 124 269 428 284 478 47 40 11 52 0 305 29 0 78 253 21 120 988 81 1270 196 22 103 88 511 8 987 2002 3000 89 1149 1760 2274 666 48 0 0 12 15 31 0 0 187 218 0 52 183 32 
117 41 9 701 38 52 47 1274 254 112 193 16 545 1174 1278 758 0 457 94 237 451 55 63 208 178 19 35 26 166 32 317 124 0 399 23 514 302 273 16 77 23 497 89 40 52 3000 21 215 332 94 76 27 650 334 345 8 17 87 29 207 27 10 203 144 26 2772 220 257 0 113 962 955 38 124 904 363 0 838 23 284 
0 25 20 89 0 0 0 0 48 44 225 1492 179 0 0 741 12 0 0 192 17 23 18 0 0 0 911 100 345 0 0 269 399 0 309 2433 203 0 33 436 471 0 165 60 0 0 0 596 23 0 444 0 9 13 0 64 3000 308 0 34 383 10 146 0 262 45 3000 0 0 0 485 198 0 0 12 468 0 428 33 0 
273 565 518 27 28 88 19 22 9 33 18 2120 29 1357 207 7 23 67 349 298 72 45 47 506 198 61 521 598 28 8 140 428 23 309 0 9 220 642 185 79 2009 533 9 416 443 20 25 1152 15 340 522 212 81 72 436 2815 10 44 433 7 25 28 30 239 54 35 92 410 0 188 23 89 348 11 27 14 0 1284 432 656 
44 0 297 239 1076 0 36 367 24 18 374 26 1321 41 15 157 3000 32 604 113 94 0 82 953 364 379 13 225 22 75 123 284 514 2433 9 0 110 22 72 105 153 227 12 396 53 0 205 150 151 17 3000 1767 23 313 166 8 149 0 163 48 58 99 2971 23 0 47 0 1121 99 69 12 118 134 137 543 205 93 9 0 38 
87 417 11 994 128 28 9 18 937 705 72 252 289 1411 63 53 0 105 1125 355 1033 580 201 0 665 669 8 141 363 8 140 478 302 203 220 110 0 196 134 49 10 73 616 1521 13 95 475 146 1220 68 208 243 65 25 28 24 76 43 237 353 16 3000 402 279 120 941 437 24 0 112 162 307 218 74 53 445 0 12 131 86 
0 1819 0 679 241 91 28 314 0 0 24 18 478 72 145 446 0 0 8 0 105 8 13 0 31 124 8 11 1536 17 754 47 273 0 642 22 196 0 129 0 28 122 87 0 783 269 2376 1397 38 79 851 466 24 0 26 17 0 45 0 0 0 0 0 290 59 56 16 149 0 93 3000 295 0 0 285 0 0 0 114 12 
11 271 177 8 1567 335 109 19 15 231 15 942 491 62 1645 63 0 445 130 74 73 301 11 0 1206 145 13 74 10 309 389 40 16 33 185 72 134 129 0 1980 125 23 15 494 22 304 26 75 887 161 215 53 51 347 282 2111 48 3000 75 9 14 1593 476 10 1677 368 47 457 0 155 13 373 37 556 540 23 0 269 22 37 
0 447 1307 19 1339 37 0 0 104 1149 84 231 109 466 120 1441 263 402 0 2697 25 302 33 0 357 48 462 12 367 0 0 11 77 436 79 105 49 0 1980 0 1989 0 41 204 0 3000 0 462 88 1397 751 158 416 185 0 162 126 352 0 1152 396 163 11 0 533 11 43 0 0 0 590 115 0 0 735 407 0 666 540 19 
0 1126 92 242 135 801 180 0 31 13 26 211 260 20 14 578 0 0 16 764 63 33 8 0 35 155 12 126 949 128 0 52 23 471 2009 153 10 28 125 1989 0 0 241 60 0 1009 30 291 8 113 376 115 121 22 804 1414 22 3000 0 99 61 64 18 38 38 1661 20 0 0 546 111 2296 0 0 727 644 0 15 39 204 
10 0 0 0 713 0 7 800 0 0 624 33 1089 41 20 12 0 558 100 0 0 0 0 387 44 222 65 0 3000 15 889 0 497 0 533 227 73 122 23 0 0 0 0 0 66 0 38 139 100 13 110 531 2621 0 71 2067 0 0 204 0 0 0 86 291 0 0 0 842 0 42 0 33 188 419 72 0 0 0 0 108 
0 616 28 113 62 26 0 0 77 61 8 112 48 72 74 39 0 0 0 308 155 2070 60 0 0 0 38 312 34 317 0 305 89 165 9 12 616 87 15 41 241 0 0 2594 0 18 0 22 59 52 174 18 59 31 504 8 499 18 0 3000 45 365 0 0 667 3000 46 0 0 151 20 359 0 0 14 22 0 23 46 26 
0 176 1146 718 0 0 0 0 532 31 364 1134 311 0 0 23 13 357 0 919 531 508 641 0 10 3000 7 2865 0 0 0 29 40 60 416 396 1521 0 494 204 60 0 2594 0 0 0 0 296 376 0 45 0 21 3000 0 595 134 0 33 103 3000 7 9 0 0 0 0 0 26 0 333 0 0 0 25 12 11 78 0 0 
60 0 0 0 28 0 37 640 0 0 648 20 3000 580 26 57 0 9 1127 0 0 0 0 21 69 36 1610 81 89 335 62 0 52 0 443 53 13 783 22 0 0 66 0 0 0 0 47 69 1296 112 51 56 14 0 308 71 0 0 847 0 0 0 421 12 0 0 0 1236 0 403 128 15 154 183 15 0 0 0 0 496 
0 141 60 13 266 39 0 0 0 0 0 1846 3000 39 103 39 0 0 0 0 2587 656 145 0 0 0 323 409 104 12 0 78 3000 0 20 0 95 269 304 3000 1009 0 18 0 0 0 0 986 14 391 0 61 3000 0 102 21 0 222 0 0 0 0 0 0 48 446 116 0 0 63 10 38 0 0 25 0 0 0 625 349 
37 0 0 0 70 0 133 274 0 156 27 143 124 98 9 66 21 223 2747 0 0 0 0 1779 244 65 9 13 14 417 19 253 21 0 25 205 475 2376 26 0 30 38 0 0 47 0 0 400 18 3000 126 1165 14 0 824 1554 0 0 67 0 0 125 109 24 0 337 0 915 96 44 24 109 12 40 842 17 10 849 0 290 
3000 372 348 84 656 307 20 127 107 26 8 25 343 37 446 1215 0 26 116 29 580 9 66 391 899 566 122 108 760 248 12 21 215 596 1152 150 146 1397 75 462 291 139 22 296 69 986 400 0 16 43 437 1001 371 120 20 23 477 19 116 3000 24 40 149 119 67 76 55 38 0 128 52 272 390 46 544 108 0 307 481 171 
7 471 321 39 90 25 59 19 1436 32 231 1220 9 31 338 136 260 209 32 15 10 432 219 41 773 54 21 13 50 96 28 120 332 23 15 151 1220 38 887 88 8 100 59 376 1296 14 18 16 0 234 3000 8 258 74 87 3000 621 7 163 261 85 35 31 40 181 266 44 20 0 132 191 40 19 634 25 9 0 2937 138 485 
21 1249 95 245 880 372 157 123 84 72 8 60 201 565 9 3000 0 448 80 0 639 1038 607 43 19 671 517 14 95 48 250 988 94 0 340 17 68 79 161 1397 113 13 52 0 112 391 3000 43 234 0 26 328 119 0 8 20 1208 12 570 0 0 220 16 409 153 7 455 389 0 532 64 146 38 257 22 142 0 918 21 9 
168 164 43 3000 23 0 412 127 203 287 1962 831 45 147 8 224 292 3000 1026 181 34 713 200 494 776 109 670 203 70 897 52 81 76 444 522 3000 208 851 215 751 376 110 174 45 51 0 126 437 3000 26 0 632 11 109 45 307 9 246 23 10 230 15 217 8 63 955 3000 1559 756 31 126 3000 268 40 1045 13 46 106 20 488 
7 42 3000 34 3000 26 256 44 95 8 40 78 1052 129 9 325 0 791 72 0 459 41 57 1379 211 1681 3000 211 128 3000 13 1270 27 0 212 1767 243 466 53 158 115 531 18 0 56 61 1165 1001 8 328 632 0 73 0 87 24 0 79 27 0 0 41 636 284 27 10 2171 18 0 199 466 558 1057 401 1448 27 0 392 123 231 
49 249 304 718 64 41 33 24 27 71 378 9 80 446 743 1191 219 739 12 52 16 73 2895 99 317 9 224 185 237 40 8 196 650 9 81 23 65 24 51 416 121 2621 59 21 14 3000 14 371 258 119 11 73 0 220 933 41 2845 58 24 612 558 13 2252 27 205 3000 731 28 2684 9 3000 8 23 64 105 111 66 307 111 87 
0 134 30 577 0 0 0 0 11 64 346 89 193 0 0 121 1887 216 0 31 644 35 280 0 12 139 59 34 0 0 0 22 334 13 72 313 25 0 347 185 22 0 31 3000 0 0 0 120 74 0 109 0 220 0 0 15 182 0 400 37 1792 43 94 0 0 34 1110 0 3000 0 42 0 0 0 53 84 19 45 0 0 
713 81 0 0 26 311 11 574 349 938 15 109 14 3000 284 345 0 294 48 0 3000 20 176 41 17 336 785 3000 10 13 225 103 345 0 436 166 28 26 282 0 804 71 504 0 308 102 824 20 87 8 45 87 933 0 0 97 0 61 70 0 0 78 544 29 30 2154 1035 32 0 805 665 227 31 124 71 82 0 45 22 330 
1356 83 145 1502 407 287 74 83 91 569 39 21 797 14 471 41 86 15 2116 992 366 62 31 95 297 358 131 10 308 9 158 88 8 64 2815 8 24 17 2111 162 1414 2067 8 595 71 21 1554 23 3000 20 307 24 41 15 97 0 72 425 58 9 147 3000 241 796 110 26 99 133 32 58 10 84 1640 3000 144 19 822 317 517 30 
0 44 22 179 0 0 448 0 17 70 1103 15 82 0 91 204 56 18 0 116 30 268 20 128 2337 209 24 742 0 0 0 511 17 3000 10 149 76 0 48 126 22 0 499 134 0 0 0 477 621 1208 9 0 2845 182 0 72 0 0 958 14 49 285 268 366 0 34 0 0 72 0 52 484 0 0 13 107 47 90 0 0 
0 1165 1488 37 3000 1914 0 0 371 0 1161 96 3000 3000 21 198 0 0 123 394 94 10 350 0 0 0 241 140 1137 658 0 8 87 308 44 0 43 45 3000 352 3000 0 18 0 0 222 0 19 7 12 246 79 58 0 61 425 0 0 0 0 0 47 0 0 190 15 33 0 0 12 38 23 0 0 1173 139 0 0 314 51 
782 0 32 0 17 0 27 126 13 57 3000 18 261 15 144 154 590 37 1117 0 0 0 13 578 14 729 15 120 1128 0 1195 987 29 0 433 163 237 0 75 0 0 204 0 33 847 0 67 116 163 570 23 27 24 400 70 58 958 0 0 0 0 1107 16 174 0 0 0 168 2842 546 25 124 9 126 176 1226 35 1109 0 126 
0 43 107 86 0 0 0 0 12 2991 1218 28 1532 0 0 36 14 41 0 19 493 24 289 0 236 0 49 1265 0 0 0 2002 207 34 7 48 353 0 9 1152 99 0 3000 103 0 0 0 3000 261 0 10 0 612 37 0 9 14 0 0 0 651 730 46 0 0 0 0 0 0 0 38 0 0 0 202 531 698 203 0 0 
0 191 38 11 0 0 0 0 792 70 127 68 438 0 0 33 47 243 0 867 103 488 709 0 134 139 546 2684 0 0 0 3000 27 383 25 58 16 0 14 396 61 0 45 3000 0 0 0 24 85 0 230 0 558 1792 0 147 49 0 0 651 0 618 620 0 256 1491 58 0 0 0 664 26 0 0 9 59 0 273 27 0 
676 8 102 10 3000 0 1636 0 2167 741 2270 209 66 85 22 379 551 69 9 44 195 427 1871 14 65 159 8 286 34 0 0 89 10 10 28 99 3000 0 1593 163 64 0 365 7 0 0 125 40 35 220 15 41 13 43 78 3000 285 47 1107 730 618 0 51 396 437 259 3000 0 280 546 454 543 0 102 41 8 13 11 715 32 
477 0 29 1149 34 0 20 922 86 65 648 3000 180 2160 30 57 11 39 79 14 30 0 586 9 10 34 276 32 755 1156 964 1149 203 146 30 2971 402 0 476 11 18 86 0 9 421 0 109 149 31 16 217 636 2252 94 544 241 268 0 16 46 620 51 0 13 0 10 0 152 1207 213 223 53 518 9 658 21 14 14 0 336 
11 0 0 0 122 0 32 2855 92 776 22 29 201 169 3000 99 88 415 47 0 0 0 228 39 1536 124 75 10 639 1125 221 1760 144 0 239 23 279 290 10 0 38 291 0 0 12 0 24 119 40 409 8 284 27 0 29 796 366 0 174 0 0 396 13 0 0 0 0 25 112 74 9 890 816 799 1507 509 41 30 0 123 
0 863 23 149 28 1160 0 0 34 0 93 98 49 180 18 26 0 0 0 975 3000 338 71 0 0 0 77 22 677 1132 0 2274 26 262 54 0 120 59 1677 533 38 0 667 0 0 48 0 67 181 153 63 27 205 0 30 110 0 190 0 0 256 437 0 0 0 14 158 0 0 126 222 12 0 0 362 23 0 0 268 8 
0 8 1612 54 68 68 0 0 1551 0 198 14 16 92 2426 46 0 0 308 3000 182 167 9 0 45 24 207 32 10 74 0 666 2772 45 35 47 941 56 368 11 1661 0 3000 0 0 446 337 76 266 7 955 10 3000 34 2154 26 34 15 0 0 1491 259 10 0 14 0 62 1906 0 13 10 1288 0 0 7 346 0 28 1749 11 
0 51 20 204 128 19 0 0 19 0 321 73 285 34 49 30 0 0 45 26 740 1056 118 0 0 0 163 1163 137 340 0 48 220 3000 92 0 437 16 47 43 20 0 46 0 0 116 0 55 44 455 3000 2171 731 1110 1035 99 0 33 0 0 58 3000 0 0 158 62 0 0 0 135 162 1108 0 0 154 17 0 0 131 1774 
238 0 0 0 49 0 500 385 0 0 131 274 733 8 233 34 0 0 15 0 0 0 0 613 1725 23 58 891 29 331 250 0 257 0 410 1121 24 149 457 0 0 842 0 0 1236 0 915 38 20 389 1559 18 28 0 32 133 0 0 168 0 0 0 152 25 0 1906 0 0 0 721 0 87 48 25 2418 0 0 0 0 23 
134 0 0 0 0 0 377 0 300 9 124 129 0 0 1383 19 735 148 25 0 0 0 0 3000 13 11 138 0 0 0 0 0 0 0 0 99 0 0 0 0 0 0 0 26 0 0 96 0 0 0 756 0 2684 3000 0 32 72 0 2842 0 0 280 1207 112 0 0 0 0 0 0 30 0 491 24 0 17 10 45 0 0 
194 1778 0 0 122 109 193 11 0 345 62 357 23 366 559 39 0 49 1901 0 207 9 0 20 2014 28 48 23 240 126 53 12 113 0 188 69 112 93 155 0 546 42 151 0 403 63 44 128 132 532 31 199 9 0 805 58 0 12 546 0 0 546 213 74 126 13 135 721 0 0 130 3000 256 85 26 2354 0 55 553 25 
26 90 303 31 105 16 1514 0 21 141 67 961 94 584 294 51 1232 606 9 675 1270 173 16 2144 52 366 60 38 27 16 0 15 962 485 23 12 162 3000 13 590 111 0 20 333 128 10 24 52 191 64 126 466 3000 42 665 10 52 38 25 38 664 454 223 9 222 10 162 0 30 130 0 1133 42 40 32 16 102 65 308 3000 
262 509 20 38 1686 22 308 408 92 0 9 78 17 75 12 183 0 0 41 60 59 28 286 0 76 62 1986 14 225 7 119 31 955 198 89 118 307 295 373 115 2296 33 359 0 15 38 109 272 40 146 3000 558 8 0 227 84 484 23 124 0 26 543 53 890 12 1288 1108 87 0 3000 1133 0 47 1582 150 56 0 318 14 10 
224 0 0 0 32 0 13 144 0 0 1872 98 23 1112 17 825 109 1019 170 0 0 0 0 2189 183 1114 158 1629 822 0 76 0 38 0 348 134 218 0 37 0 0 188 0 0 154 0 12 390 19 38 268 1057 23 0 31 1640 0 0 9 0 0 0 518 816 0 0 0 48 491 256 42 47 0 12 980 0 188 494 0 156 
63 0 0 0 68 0 94 14 0 289 223 353 22 234 64 1871 25 10 867 0 0 0 0 27 1484 10 225 49 0 0 182 0 124 0 11 137 74 0 556 0 0 419 0 0 183 0 40 46 634 257 40 401 64 0 124 3000 0 0 126 0 0 102 9 799 0 0 0 25 24 85 40 1582 12 0 30 110 3000 581 0 95 
157 979 1602 184 98 78 1621 16 101 93 904 1817 25 52 355 15 0 146 9 66 882 127 96 0 155 63 264 319 1699 43 176 187 904 12 27 543 53 285 540 735 727 72 14 25 15 25 842 544 25 22 1045 1448 105 53 71 144 13 1173 176 202 9 41 658 1507 362 7 154 2418 0 26 32 150 980 30 0 275 0 9 672 330 
330 12 28 138 60 0 178 0 9 69 1556 284 11 1494 10 117 55 764 7 49 554 294 154 34 171 15 67 125 222 0 0 218 363 468 14 205 445 0 23 407 644 0 22 12 0 0 17 108 9 142 13 27 111 84 82 19 107 139 1226 531 59 8 21 509 23 346 17 0 17 2354 16 56 0 110 275 0 227 57 14 37 
3000 0 0 0 0 0 23 0 42 119 74 310 0 0 165 2944 199 54 9 0 0 0 0 1061 76 111 99 0 0 0 0 0 0 0 0 93 0 0 0 0 0 0 0 11 0 0 10 0 0 0 46 0 66 19 0 822 47 0 35 698 0 13 14 41 0 0 0 0 10 0 102 0 188 3000 0 227 0 221 0 0 
25 737 208 1728 10 0 10 0 59 97 15 14 44 197 45 64 68 156 17 122 112 45 25 45 28 27 3000 33 68 0 0 52 838 428 1284 9 12 0 269 666 15 0 23 78 0 0 849 307 2937 918 106 392 307 45 45 317 90 0 1109 203 273 11 14 30 0 28 0 0 45 55 65 318 494 581 9 57 221 0 0 28 
0 143 756 39 120 10 0 0 37 0 0 42 48 22 110 986 0 0 0 423 3000 236 104 0 0 0 314 51 9 39 0 183 23 33 432 0 131 114 22 540 39 0 46 0 0 625 0 481 138 21 20 123 111 0 22 517 0 314 0 0 27 715 0 0 268 1749 131 0 0 553 308 14 0 0 672 14 0 0 0 63 
446 564 1455 199 2752 63 27 1477 17 19 164 70 605 516 1110 164 0 19 11 0 403 10 367 425 54 42 1301 144 15 1292 878 32 284 0 656 38 86 12 37 19 204 108 26 0 496 349 290 171 485 9 488 231 87 0 330 30 0 51 126 0 0 32 336 123 8 11 1774 23 0 25 3000 10 156 95 330 37 0 28 63 0 
