80
0 81 43 50 15 25 51 63 75 53 53 59 89 56 6 71 21 108 53 83 16 7 80 35 70 76 69 39 77 74 105 71 81 72 43 92 93 49 33 71 59 57 92 97 47 97 89 47 13 57 62 62 111 66 84 88 80 90 21 41 37 14 71 35 97 20 72 72 89 54 40 40 43 52 95 44 88 71 40 107 
81 0 48 43 65 98 31 33 7 38 41 51 47 51 75 10 75 28 56 54 77 75 54 76 11 16 34 45 7 13 25 22 59 52 71 67 24 66 62 47 34 44 22 17 58 21 9 58 73 34 26 21 31 60 42 16 36 64 76 53 63 75 52 69 17 74 33 10 13 61 67 60 57 54 21 38 42 11 48 31 
43 48 0 44 29 53 30 22 41 11 46 18 47 57 39 42 50 76 58 41 48 41 39 59 41 38 56 9 48 37 72 31 41 69 61 52 68 62 47 29 17 14 66 61 13 68 56 54 43 16 44 27 78 28 72 49 66 50 30 46 51 32 30 21 64 48 58 38 60 63 19 12 10 14 56 15 45 43 39 79 
50 43 44 0 38 73 17 49 41 44 4 60 77 13 43 33 36 65 15 77 40 42 76 33 32 48 20 35 37 44 63 47 80 25 28 90 46 24 21 66 47 53 46 60 57 53 50 15 38 44 17 36 69 71 34 56 31 87 56 11 21 51 69 58 57 35 23 39 46 21 60 54 53 57 63 30 73 32 10 62 
15 65 29 38 0 36 36 49 60 39 42 47 76 47 10 56 22 93 45 71 19 12 68 35 55 61 57 24 62 58 89 56 70 62 40 80 79 44 27 58 45 44 78 82 36 82 74 39 14 42 48 47 96 55 72 72 68 78 19 32 31 13 59 28 82 21 60 57 74 48 32 30 32 40 79 29 74 56 28 92 
25 98 53 73 36 0 71 74 92 64 77 64 96 81 31 90 46 126 78 87 41 33 83 60 89 90 93 53 96 89 123 84 83 97 68 92 114 74 59 77 70 65 113 113 51 117 107 72 39 69 84 78 129 67 108 102 104 91 23 66 62 24 75 35 115 46 96 89 108 80 40 44 48 56 109 60 95 91 64 127 
51 31 30 17 36 71 0 32 27 27 18 44 59 30 45 21 44 57 33 60 46 45 59 46 20 32 26 23 27 28 54 30 63 39 43 73 43 41 33 49 30 37 42 48 43 46 39 32 42 27 14 19 60 55 41 42 36 70 50 25 34 47 52 48 47 43 28 24 38 38 48 42 40 43 49 16 55 21 18 56 
63 33 22 49 49 74 32 0 26 10 50 18 29 62 59 31 67 59 64 28 66 60 27 73 30 18 53 25 35 20 54 12 31 69 72 42 56 72 60 18 4 12 54 42 27 53 40 63 61 7 41 16 60 28 67 29 61 39 51 55 62 53 22 41 47 65 54 23 46 70 37 31 28 23 35 23 26 32 47 63 
75 7 41 41 60 92 27 26 0 31 39 44 43 51 69 9 71 35 55 49 72 70 49 73 9 11 35 39 10 7 31 15 54 53 68 62 31 65 59 41 28 37 28 22 51 27 15 56 68 27 25 14 37 53 45 16 39 59 69 50 60 68 46 62 23 69 35 3 20 60 60 53 50 47 22 32 38 10 44 38 
53 38 11 44 39 64 27 10 31 0 45 16 38 57 49 33 57 66 58 35 56 50 33 65 32 26 52 15 39 26 62 20 36 66 65 47 60 65 52 23 6 9 58 50 20 58 46 56 51 4 39 18 67 28 66 38 61 44 41 48 54 43 26 32 53 56 53 28 50 64 29 22 19 17 45 14 35 34 40 69 
53 41 46 4 42 77 18 50 39 45 0 61 77 12 47 31 40 62 16 78 43 46 77 36 30 48 16 37 35 43 60 47 81 22 30 91 43 26 24 67 47 54 43 58 59 50 47 17 41 45 15 36 66 73 31 55 27 88 59 14 24 54 70 61 54 39 19 38 43 21 62 57 55 59 61 32 73 30 13 58 
59 51 18 60 47 64 44 18 44 16 61 0 32 73 56 48 68 76 74 24 66 58 21 77 47 36 68 27 53 38 72 29 23 83 79 34 74 79 65 13 17 7 71 59 13 71 58 71 60 18 55 32 77 11 82 46 77 32 42 63 68 47 13 29 64 66 69 41 64 79 24 20 16 8 52 29 32 49 55 81 
89 47 47 77 76 96 59 29 43 38 77 32 0 89 86 51 95 63 92 12 94 87 15 102 51 32 77 53 53 37 60 30 19 94 101 22 71 100 89 19 32 32 68 46 45 63 50 91 89 35 66 41 63 31 88 34 82 19 74 83 91 78 21 61 53 93 77 42 59 97 56 52 48 39 35 51 5 52 76 71 
56 51 57 13 47 81 30 62 51 57 12 73 89 0 50 42 39 70 5 90 43 49 88 31 41 59 21 48 45 55 68 59 93 16 23 103 49 16 23 79 59 66 50 68 70 58 57 11 43 57 25 48 74 84 30 66 29 100 66 15 21 60 82 70 64 38 23 49 51 10 71 66 66 70 72 43 85 41 20 65 
6 75 39 43 10 31 45 59 69 49 47 56 86 50 0 65 17 102 47 80 12 3 77 31 64 71 63 34 71 68 98 66 79 66 38 89 87 44 28 68 55 53 86 91 45 91 83 41 9 52 56 57 105 64 78 82 74 87 22 35 31 14 68 34 91 16 66 66 82 49 39 38 40 49 89 39 84 65 34 101 
71 10 42 33 56 90 21 31 9 33 31 48 51 42 65 0 65 37 47 56 67 65 55 66 1 19 26 38 6 14 33 22 60 44 61 69 27 57 52 47 31 41 25 28 53 27 18 48 63 30 17 16 40 58 37 24 31 66 68 43 53 66 52 63 26 64 26 9 18 52 61 54 51 50 30 30 46 1 38 37 
21 75 50 36 22 46 44 67 71 57 40 68 95 39 17 65 0 100 34 91 6 15 89 14 64 75 56 42 70 71 97 71 91 54 22 102 82 28 16 79 63 64 82 92 59 88 83 28 9 60 52 61 104 77 68 85 66 100 39 26 18 31 80 50 91 2 59 68 80 35 54 52 54 62 92 44 92 65 28 97 
108 28 76 65 93 126 57 59 35 66 62 76 63 70 102 37 100 0 75 73 103 102 75 99 38 40 49 73 31 39 4 47 80 64 92 85 23 86 86 70 61 70 21 18 85 13 20 79 99 61 48 49 4 84 48 31 45 82 104 76 86 103 75 97 12 99 47 38 20 80 94 88 85 81 28 66 58 37 72 10 
53 56 58 15 45 78 33 64 55 58 16 74 92 5 47 47 34 75 0 92 39 45 91 26 46 63 26 48 50 59 73 62 95 20 17 105 54 11 19 81 62 67 55 73 70 63 62 6 39 59 30 51 79 85 35 71 34 102 64 13 16 57 84 69 69 34 29 53 56 6 71 66 66 71 77 44 88 46 19 70 
83 54 41 77 71 87 60 28 49 35 78 24 12 90 80 56 91 73 92 0 89 82 3 100 56 38 81 49 59 42 69 34 7 97 100 14 78 99 87 12 31 27 75 55 37 72 58 91 84 34 69 43 73 20 93 43 87 10 66 83 90 71 12 52 63 90 81 47 67 98 47 44 41 32 45 49 16 57 75 81 
16 77 48 40 19 41 46 66 72 56 43 66 94 43 12 67 6 103 39 89 0 10 87 19 65 75 59 41 72 72 99 71 89 59 28 100 85 34 20 77 62 62 85 94 56 91 85 33 5 59 55 61 106 75 73 86 70 97 34 30 23 26 78 46 93 5 62 69 83 40 50 49 51 59 93 44 91 67 31 100 
7 75 41 42 12 33 45 60 70 50 46 58 87 49 3 65 15 102 45 82 10 0 79 29 64 71 62 35 71 69 99 67 81 64 36 92 86 42 26 70 56 55 86 92 47 91 83 39 6 54 56 58 105 66 77 83 73 89 24 34 29 16 70 36 92 14 65 67 83 47 41 40 42 51 90 40 85 66 33 101 
80 54 39 76 68 83 59 27 49 33 77 21 15 88 77 55 89 75 91 3 87 79 0 97 55 38 80 46 59 42 71 34 5 96 98 15 79 97 84 10 29 25 76 57 33 73 59 89 81 32 68 42 74 17 93 44 87 12 63 81 87 68 9 49 64 87 81 47 67 96 43 41 37 28 47 47 18 57 73 82 
35 76 59 33 35 60 46 73 73 65 36 77 102 31 31 66 14 99 26 100 19 29 97 0 65 78 51 51 70 75 96 76 100 45 10 111 79 17 14 87 70 73 79 93 69 86 83 21 23 67 50 65 102 88 61 88 60 109 53 23 13 45 89 63 90 15 54 70 79 25 66 64 65 72 95 51 99 65 28 94 
70 11 41 32 55 89 20 30 9 32 30 47 51 41 64 1 64 38 46 56 65 64 55 65 0 19 26 36 8 15 35 22 60 44 60 69 28 56 51 47 31 40 26 29 52 28 19 47 62 29 16 15 41 57 37 25 32 66 67 42 52 65 52 62 27 62 26 9 19 51 60 53 50 49 31 29 46 2 37 38 
76 16 38 48 61 90 32 18 11 26 48 36 32 59 71 19 75 40 63 38 75 71 38 78 19 0 45 38 21 5 36 7 43 63 75 51 41 72 65 31 21 30 38 24 45 36 22 63 71 22 35 14 42 44 56 12 50 48 67 57 66 68 36 58 28 73 45 10 29 69 55 49 45 41 19 32 27 20 50 45 
69 34 56 20 57 93 26 53 35 52 16 68 77 21 63 26 56 49 26 81 59 62 80 51 26 45 0 48 27 40 47 47 84 18 43 94 28 37 40 71 52 60 29 49 69 37 38 31 58 50 13 38 53 79 16 49 11 91 74 30 39 69 75 74 43 55 3 35 31 31 74 68 66 68 54 41 72 25 29 44 
39 45 9 35 24 53 23 25 39 15 37 27 53 48 34 38 42 73 48 49 41 35 46 51 36 38 48 0 44 36 70 32 49 60 52 60 63 53 38 37 21 22 62 60 22 64 54 45 36 18 36 25 76 38 64 50 59 58 31 36 42 30 38 26 62 41 50 36 56 53 26 19 18 23 57 8 50 38 29 75 
77 7 48 37 62 96 27 35 10 39 35 53 53 45 71 6 70 31 50 59 72 71 59 70 8 21 27 44 0 17 27 25 64 45 65 72 21 60 57 51 36 46 19 23 59 20 13 52 69 36 20 21 34 63 35 23 30 69 74 48 57 73 56 69 20 69 26 12 12 55 67 60 57 56 27 36 48 6 43 31 
74 13 37 44 58 89 28 20 7 26 43 38 37 55 68 14 71 39 59 42 72 69 42 75 15 5 40 36 17 0 35 9 47 58 71 56 37 68 61 35 22 31 34 24 46 33 20 59 68 22 30 11 41 47 51 14 46 52 66 53 62 66 39 58 27 70 41 6 26 64 55 49 45 42 21 30 32 16 46 43 
105 25 72 63 89 123 54 54 31 62 60 72 60 68 98 33 97 4 73 69 99 99 71 96 35 36 47 70 27 35 0 43 76 63 90 81 22 84 83 66 57 66 20 14 81 11 16 77 96 57 46 45 6 80 47 27 44 78 100 74 83 99 71 93 8 96 45 34 17 78 91 84 81 77 24 62 55 33 70 12 
71 22 31 47 56 84 30 12 15 20 47 29 30 59 66 22 71 47 62 34 71 67 34 76 22 7 47 32 25 9 43 0 39 64 73 48 46 71 62 26 15 23 43 31 38 42 28 62 66 15 36 11 48 38 59 18 53 44 61 55 64 62 31 52 35 69 47 13 35 68 48 42 38 34 25 27 26 23 48 52 
81 59 41 80 70 83 63 31 54 36 81 23 19 93 79 60 91 80 95 7 89 81 5 100 60 43 84 49 64 47 76 39 0 101 101 11 84 101 88 14 33 28 81 62 34 78 64 92 83 36 72 47 79 16 97 49 92 9 63 84 91 69 11 49 69 89 85 52 72 100 44 42 39 30 52 51 22 62 77 87 
72 52 69 25 62 97 39 69 53 66 22 83 94 16 66 44 54 64 20 97 59 64 96 45 44 63 18 60 45 58 63 64 101 0 36 111 41 28 39 87 68 75 43 66 82 52 55 26 58 66 29 54 68 94 18 67 19 108 81 30 36 75 91 84 60 54 19 52 47 21 85 79 78 81 72 54 90 43 34 57 
43 71 61 28 40 68 43 72 68 65 30 79 101 23 38 61 22 92 17 100 28 36 98 10 60 75 43 52 65 71 90 73 101 36 0 112 71 7 14 88 69 73 72 88 72 79 77 13 30 66 44 62 96 89 52 84 51 109 59 18 10 51 90 67 84 23 46 66 72 15 70 67 67 74 90 50 98 60 25 87 
92 67 52 90 80 92 73 42 62 47 91 34 22 103 89 69 102 85 105 14 100 92 15 111 69 51 94 60 72 56 81 48 11 111 112 0 92 112 99 25 44 39 88 67 45 85 71 103 94 46 82 57 84 26 107 55 101 3 73 95 102 79 22 59 75 100 95 61 80 111 53 52 49 40 57 62 27 71 88 93 
93 24 68 46 79 114 43 56 31 60 43 74 71 49 87 27 82 23 54 78 85 86 79 79 28 41 28 63 21 37 22 46 84 41 71 92 0 65 67 72 58 67 3 29 80 11 21 58 83 57 31 42 27 84 25 37 22 88 93 57 66 90 77 89 22 81 25 33 12 58 87 81 78 77 39 56 66 26 55 16 
49 66 62 24 44 74 41 72 65 65 26 79 100 16 44 57 28 86 11 99 34 42 97 17 56 72 37 53 60 68 84 71 101 28 7 112 65 0 17 87 69 73 66 83 74 74 73 9 35 66 40 60 90 90 46 81 45 109 63 17 13 56 90 70 79 29 40 63 67 8 73 69 69 76 87 50 96 56 24 81 
33 62 47 21 27 59 33 60 59 52 24 65 89 23 28 52 16 86 19 87 20 26 84 14 51 65 40 38 57 61 83 62 88 39 14 99 67 17 0 75 56 60 67 80 58 74 70 13 20 54 38 51 90 76 53 74 50 96 46 10 4 39 77 54 77 15 43 57 66 21 57 53 54 61 81 38 85 52 14 83 
71 47 29 66 58 77 49 18 41 23 67 13 19 79 68 47 79 70 81 12 77 70 10 87 47 31 71 37 51 35 66 26 14 87 88 25 72 87 75 0 19 15 69 53 26 67 53 79 72 22 58 33 71 14 84 39 78 22 55 71 77 59 5 42 59 77 72 39 60 86 37 33 29 21 43 37 19 49 63 76 
59 34 17 47 45 70 30 4 28 6 47 17 32 59 55 31 63 61 62 31 62 56 29 70 31 21 52 21 36 22 57 15 33 68 69 44 58 69 56 19 0 9 55 45 24 55 42 60 57 3 40 16 63 27 66 33 60 41 47 52 59 49 23 37 49 61 54 25 47 67 34 27 24 20 39 19 30 33 44 65 
57 44 14 53 44 65 37 12 37 9 54 7 32 66 53 41 64 70 67 27 62 55 25 73 40 30 60 22 46 31 66 23 28 75 73 39 67 73 60 15 9 0 64 54 16 64 51 65 57 11 48 25 71 19 75 41 69 36 43 57 63 46 17 31 58 62 62 34 57 73 26 21 17 11 47 23 31 42 49 74 
92 22 66 46 78 113 42 54 28 58 43 71 68 50 86 25 82 21 55 75 85 86 76 79 26 38 29 62 19 34 20 43 81 43 72 88 3 66 67 69 55 64 0 26 77 8 18 59 82 54 30 40 25 81 28 34 24 85 92 57 67 89 74 87 19 81 27 30 9 59 85 79 76 74 36 54 63 24 54 15 
97 17 61 60 82 113 48 42 22 50 58 59 46 68 91 28 92 18 73 55 94 92 57 93 29 24 49 60 23 24 14 31 62 66 88 67 29 83 80 53 45 54 26 0 69 19 11 75 90 46 43 35 18 66 53 13 48 64 90 71 80 90 57 82 8 91 47 25 19 78 79 73 69 65 11 53 41 28 65 26 
47 58 13 57 36 51 43 27 51 20 59 13 45 70 45 53 59 85 70 37 56 47 33 69 52 45 69 22 59 46 81 38 34 82 72 45 80 74 58 26 24 16 77 69 0 78 66 66 50 24 57 37 86 19 84 56 79 43 29 58 62 34 25 16 73 57 71 48 70 75 11 7 5 5 62 28 45 54 51 88 
97 21 68 53 82 117 46 53 27 58 50 71 63 58 91 27 88 13 63 72 91 91 73 86 28 36 37 64 20 33 11 42 78 52 79 85 11 74 74 67 55 64 8 19 78 0 14 66 88 55 36 41 16 80 36 30 33 82 95 64 74 93 72 89 11 87 35 30 9 67 87 80 77 75 30 57 58 26 61 10 
89 9 56 50 74 107 39 40 15 46 47 58 50 57 83 18 83 20 62 58 85 83 59 83 19 22 38 54 13 20 16 28 64 55 77 71 21 73 70 53 42 51 18 11 66 14 0 64 81 42 33 29 22 66 43 17 38 68 84 60 70 83 58 78 8 82 36 18 9 67 75 68 65 62 18 47 45 18 56 23 
47 58 54 15 39 72 32 63 56 56 17 71 91 11 41 48 28 79 6 91 33 39 89 21 47 63 31 45 52 59 77 62 92 26 13 103 58 9 13 79 60 65 59 75 66 66 64 0 33 57 32 51 83 82 41 72 39 100 58 9 10 52 82 64 71 28 33 54 60 9 67 62 62 68 78 42 87 47 16 74 
13 73 43 38 14 39 42 61 68 51 41 60 89 43 9 63 9 99 39 84 5 6 81 23 62 71 58 36 69 68 96 66 83 58 30 94 83 35 20 72 57 57 82 90 50 88 81 33 0 54 52 56 102 69 71 82 68 92 30 28 23 22 73 41 89 8 60 65 79 41 45 44 46 54 89 39 86 63 28 97 
57 34 16 44 42 69 27 7 27 4 45 18 35 57 52 30 60 61 59 34 59 54 32 67 29 22 50 18 36 22 57 15 36 66 66 46 57 66 54 22 3 11 54 46 24 55 42 57 54 0 38 14 63 29 65 34 59 43 46 49 56 47 25 36 49 59 52 24 47 64 33 27 23 20 40 16 32 31 42 65 
62 26 44 17 48 84 14 41 25 39 15 55 66 25 56 17 52 48 30 69 55 56 68 50 16 35 13 36 20 30 46 36 72 29 44 82 31 40 38 58 40 48 30 43 57 36 33 32 52 38 0 26 52 67 28 41 22 79 64 28 38 60 62 62 40 51 14 25 29 35 62 56 54 55 47 29 61 16 24 46 
62 21 27 36 47 78 19 16 14 18 36 32 41 48 57 16 61 49 51 43 61 58 42 65 15 14 38 25 21 11 45 11 47 54 62 57 42 60 51 33 16 25 40 35 37 41 29 51 56 14 26 0 51 43 51 25 45 53 55 44 52 55 37 48 37 59 39 11 33 57 46 39 36 35 33 18 37 17 37 51 
111 31 78 69 96 129 60 60 37 67 66 77 63 74 105 40 104 4 79 73 106 105 74 102 41 42 53 76 34 41 6 48 79 68 96 84 27 90 90 71 63 71 25 18 86 16 22 83 102 63 52 51 0 85 52 31 49 81 106 80 90 105 76 99 14 102 51 40 23 84 96 90 86 82 28 69 58 39 76 14 
66 60 28 71 55 67 55 28 53 28 73 11 31 84 64 58 77 84 85 20 75 66 17 88 57 44 79 38 63 47 80 38 16 94 89 26 84 90 76 14 27 19 81 66 19 80 66 82 69 29 67 43 85 0 93 53 88 24 47 74 79 53 10 33 72 76 81 51 73 90 28 26 24 15 58 41 33 59 66 90 
84 42 72 34 72 108 41 67 45 66 31 82 88 30 78 37 68 48 35 93 73 77 93 61 37 56 16 64 35 51 47 59 97 18 52 107 25 46 53 84 66 75 28 53 84 36 43 41 71 65 28 51 52 93 0 57 6 103 89 43 51 85 88 89 46 68 13 46 34 38 89 83 81 83 61 57 83 36 44 40 
88 16 49 56 72 102 42 29 16 38 55 46 34 66 82 24 85 31 71 43 86 83 44 88 25 12 49 50 23 14 27 18 49 67 84 55 37 81 74 39 33 41 34 13 56 30 17 72 82 34 41 25 31 53 57 0 52 52 79 66 76 80 44 70 20 84 49 18 26 76 66 60 57 52 7 44 29 25 60 38 
80 36 66 31 68 104 36 61 39 61 27 77 82 29 74 31 66 45 34 87 70 73 87 60 32 50 11 59 30 46 44 53 92 19 51 101 22 45 50 78 60 69 24 48 79 33 38 39 68 59 22 45 49 88 6 52 0 98 85 40 49 80 83 84 42 65 8 40 29 37 84 78 76 77 56 51 77 30 40 38 
90 64 50 87 78 91 70 39 59 44 88 32 19 100 87 66 100 82 102 10 97 89 12 109 66 48 91 58 69 52 78 44 9 108 109 3 88 109 96 22 41 36 85 64 43 82 68 100 92 43 79 53 81 24 103 52 98 0 72 92 99 77 19 57 72 98 92 58 76 108 52 50 47 38 54 59 24 68 85 90 
21 76 30 56 19 23 50 51 69 41 59 42 74 66 22 68 39 104 64 66 34 24 63 53 67 67 74 31 74 66 100 61 63 81 59 73 93 63 46 55 47 43 92 90 29 95 84 58 30 46 64 55 106 47 89 79 85 72 0 51 50 8 54 14 92 38 77 66 86 67 20 22 26 35 86 38 73 69 47 105 
41 53 46 11 32 66 25 55 50 48 14 63 83 15 35 43 26 76 13 83 30 34 81 23 42 57 30 36 48 53 74 55 84 30 18 95 57 17 10 71 52 57 57 71 58 64 60 9 28 49 28 44 80 74 43 66 40 92 51 0 10 45 73 56 68 25 33 48 56 17 58 54 53 59 73 34 80 43 7 73 
37 63 51 21 31 62 34 62 60 54 24 68 91 21 31 53 18 86 16 90 23 29 87 13 52 66 39 42 57 62 83 64 91 36 10 102 66 13 4 77 59 63 67 80 62 74 70 10 23 56 38 52 90 79 51 76 49 99 50 10 0 43 80 58 78 18 42 58 66 18 61 57 57 64 82 40 88 52 16 82 
14 75 32 51 13 24 47 53 68 43 54 47 78 60 14 66 31 103 57 71 26 16 68 45 65 68 69 30 73 66 99 62 69 75 51 79 90 56 39 59 49 46 89 90 34 93 83 52 22 47 60 55 105 53 85 80 80 77 8 45 43 0 59 21 91 30 72 65 84 60 26 27 30 39 87 37 77 67 41 103 
71 52 30 69 59 75 52 22 46 26 70 13 21 82 68 52 80 75 84 12 78 70 9 89 52 36 75 38 56 39 71 31 11 91 90 22 77 90 77 5 23 17 74 57 25 72 58 82 73 25 62 37 76 10 88 44 83 19 54 73 80 59 0 40 64 79 76 44 65 89 35 32 29 20 48 40 23 53 66 81 
35 69 21 58 28 35 48 41 62 32 61 29 61 70 34 63 50 97 69 52 46 36 49 63 62 58 74 26 69 58 93 52 49 84 67 59 89 70 54 42 37 31 87 82 16 89 78 64 41 36 62 48 99 33 89 70 84 57 14 56 58 21 40 0 85 49 76 59 81 73 5 10 14 21 76 34 61 64 50 100 
97 17 64 57 82 115 47 47 23 53 54 64 53 64 91 26 91 12 69 63 93 92 64 90 27 28 43 62 20 27 8 35 69 60 84 75 22 79 77 59 49 58 19 8 73 11 8 71 89 49 40 37 14 72 46 20 42 72 92 68 78 91 64 85 0 90 42 26 13 73 82 76 73 69 19 55 48 26 63 18 
20 74 48 35 21 46 43 65 69 56 39 66 93 38 16 64 2 99 34 90 5 14 87 15 62 73 55 41 69 70 96 69 89 54 23 100 81 29 15 77 61 62 81 91 57 87 82 28 8 59 51 59 102 76 68 84 65 98 38 25 18 30 79 49 90 0 58 67 79 35 53 51 52 61 91 43 91 63 27 96 
72 33 58 23 60 96 28 54 35 53 19 69 77 23 66 26 59 47 29 81 62 65 81 54 26 45 3 50 26 41 45 47 85 19 46 95 25 40 43 72 54 62 27 47 71 35 36 33 60 52 14 39 51 81 13 49 8 92 77 33 42 72 76 76 42 58 0 35 29 33 76 70 68 70 53 43 72 25 32 41 
72 10 38 39 57 89 24 23 3 28 38 41 42 49 66 9 68 38 53 47 69 67 47 70 9 10 35 36 12 6 34 13 52 52 66 61 33 63 57 39 25 34 30 25 48 30 18 54 65 24 25 11 40 51 46 18 40 58 66 48 58 65 44 59 26 67 35 0 22 59 57 50 47 45 24 29 38 10 42 41 
89 13 60 46 74 108 38 46 20 50 43 64 59 51 82 18 80 20 56 67 83 83 67 79 19 29 31 56 12 26 17 35 72 47 72 80 12 67 66 60 47 57 9 19 70 9 9 60 79 47 29 33 23 73 34 26 29 76 86 56 66 84 65 81 13 79 29 22 0 61 79 72 69 67 28 48 54 18 53 19 
54 61 63 21 48 80 38 70 60 64 21 79 97 10 49 52 35 80 6 98 40 47 96 25 51 69 31 53 55 64 78 68 100 21 15 111 58 8 21 86 67 73 59 78 75 67 67 9 41 64 35 57 84 90 38 76 37 108 67 17 18 60 89 73 73 35 33 59 61 0 75 71 70 76 82 50 93 51 24 74 
40 67 19 60 32 40 48 37 60 29 62 24 56 71 39 61 54 94 71 47 50 41 43 66 60 55 74 26 67 55 91 48 44 85 70 53 87 73 57 37 34 26 85 79 11 87 75 67 45 33 62 46 96 28 89 66 84 52 20 58 61 26 35 5 82 53 76 57 79 75 0 7 10 16 73 33 56 62 52 97 
40 60 12 54 30 44 42 31 53 22 57 20 52 66 38 54 52 88 66 44 49 40 41 64 53 49 68 19 60 49 84 42 42 79 67 52 81 69 53 33 27 21 79 73 7 80 68 62 44 27 56 39 90 26 83 60 78 50 22 54 57 27 32 10 76 51 70 50 72 71 7 0 4 12 67 26 51 55 47 91 
43 57 10 53 32 48 40 28 50 19 55 16 48 66 40 51 54 85 66 41 51 42 37 65 50 45 66 18 57 45 81 38 39 78 67 49 78 69 54 29 24 17 76 69 5 77 65 62 46 23 54 36 86 24 81 57 76 47 26 53 57 30 29 14 73 52 68 47 69 70 10 4 0 9 63 24 47 52 47 88 
52 54 14 57 40 56 43 23 47 17 59 8 39 70 49 50 62 81 71 32 59 51 28 72 49 41 68 23 56 42 77 34 30 81 74 40 77 76 61 21 20 11 74 65 5 75 62 68 54 20 55 35 82 15 83 52 77 38 35 59 64 39 20 21 69 61 70 45 67 76 16 12 9 0 58 27 39 51 52 85 
95 21 56 63 79 109 49 35 22 45 61 52 35 72 89 30 92 28 77 45 93 90 47 95 31 19 54 57 27 21 24 25 52 72 90 57 39 87 81 43 39 47 36 11 62 30 18 78 89 40 47 33 28 58 61 7 56 54 86 73 82 87 48 76 19 91 53 24 28 82 73 67 63 58 0 51 30 31 67 36 
44 38 15 30 29 60 16 23 32 14 32 29 51 43 39 30 44 66 44 49 44 40 47 51 29 32 41 8 36 30 62 27 51 54 50 62 56 50 38 37 19 23 54 53 28 57 47 42 39 16 29 18 69 41 57 44 51 59 38 34 40 37 40 34 55 43 43 29 48 50 33 26 24 27 51 0 48 31 26 67 
88 42 45 73 74 95 55 26 38 35 73 32 5 85 84 46 92 58 88 16 91 85 18 99 46 27 72 50 48 32 55 26 22 90 98 27 66 96 85 19 30 31 63 41 45 58 45 87 86 32 61 37 58 33 83 29 77 24 73 80 88 77 23 61 48 91 72 38 54 93 56 51 47 39 30 48 0 48 72 66 
71 11 43 32 56 91 21 32 10 34 30 49 52 41 65 1 65 37 46 57 67 66 57 65 2 20 25 38 6 16 33 23 62 43 60 71 26 56 52 49 33 42 24 28 54 26 18 47 63 31 16 17 39 59 36 25 30 68 69 43 52 67 53 64 26 63 25 10 18 51 62 55 52 51 31 31 48 0 37 37 
40 48 39 10 28 64 18 47 44 40 13 55 76 20 34 38 28 72 19 75 31 33 73 28 37 50 29 29 43 46 70 48 77 34 25 88 55 24 14 63 44 49 54 65 51 61 56 16 28 42 24 37 76 66 44 60 40 85 47 7 16 41 66 50 63 27 32 42 53 24 52 47 47 52 67 26 72 37 0 70 
107 31 79 62 92 127 56 63 38 69 58 81 71 65 101 37 97 10 70 81 100 101 82 94 38 45 44 75 31 43 12 52 87 57 87 93 16 81 83 76 65 74 15 26 88 10 23 74 97 65 46 51 14 90 40 38 38 90 105 73 82 103 81 100 18 96 41 41 19 74 97 91 88 85 36 67 66 37 70 0 
0 335 1649 828 24 103 0 69 102 528 12 2109 80 47 54 2102 82 125 1241 149 686 18 3000 21 200 38 14 2472 14 81 0 9 15 60 662 0 122 8 68 99 0 28 10 40 8 1026 34 0 221 300 43 226 31 449 2189 78 3000 17 232 517 172 13 31 2427 59 63 71 24 674 9 30 176 11 9 16 49 329 3000 62 102 
335 0 213 0 16 299 0 3000 23 43 282 50 210 176 172 138 1781 648 0 0 42 18 0 27 153 1182 25 3000 25 17 0 12 73 234 31 0 7 145 21 21 0 14 36 743 123 1712 232 0 75 313 16 10 47 313 157 24 39 391 1321 29 10 834 0 339 24 28 2643 3000 130 232 22 54 228 33 264 401 12 26 1320 638 
1649 213 0 0 47 60 25 0 93 632 408 1614 9 112 0 10 9 0 0 0 571 123 0 350 42 28 75 0 537 0 177 58 132 3000 0 64 8 1191 0 0 50 8 0 149 90 0 0 65 1241 493 361 117 185 35 134 105 195 230 641 24 0 72 0 28 3000 58 1247 8 17 16 165 258 1055 618 44 19 8 3000 142 8 
828 0 0 0 58 0 0 162 1169 0 3000 164 19 0 0 0 2279 29 28 24 0 941 85 0 39 3000 493 158 0 30 0 0 0 13 757 0 544 94 921 49 0 0 33 0 36 20 51 0 0 0 0 177 8 218 0 190 0 13 38 404 146 208 410 80 0 66 285 688 0 0 0 13 439 0 0 0 3000 0 677 0 
24 16 47 58 0 109 84 113 1508 560 584 24 14 200 0 175 38 219 866 3000 173 83 13 42 16 1171 671 0 407 143 37 1000 49 190 0 136 26 57 68 263 55 53 356 218 788 212 2337 128 90 21 59 56 152 386 2959 25 130 688 36 155 510 17 170 1640 30 810 1435 58 40 42 77 78 109 1163 50 13 389 88 1506 109 
103 299 60 0 109 0 0 0 7 106 60 1690 155 333 0 50 1210 0 0 0 0 0 0 78 36 131 89 0 650 0 0 1834 0 273 0 0 0 492 0 23 0 217 0 766 236 0 0 0 26 3000 13 419 26 1199 240 58 108 57 0 0 0 18 0 61 360 36 0 69 109 89 688 0 138 37 0 45 794 950 80 87 
0 0 25 0 84 0 0 0 0 0 3000 0 37 0 0 339 0 0 0 24 197 0 0 42 262 197 0 0 62 0 81 0 14 671 0 89 0 0 0 0 222 0 0 98 0 0 0 53 0 0 0 0 0 0 0 0 0 207 84 16 0 277 0 22 10 367 213 57 765 11 0 3000 11 19 8 61 9 122 10 1687 
69 3000 0 162 113 0 0 0 748 0 1237 10 0 9 28 0 121 147 116 292 0 71 672 64 267 8 63 10 0 16 0 70 0 276 43 0 10 62 214 51 0 203 258 0 221 609 510 0 737 1598 1057 469 11 154 384 182 877 0 9 311 19 0 35 48 0 96 0 63 0 0 11 495 776 0 0 0 139 0 197 0 
102 23 93 1169 1508 7 0 748 0 22 21 73 55 58 15 135 478 17 82 986 31 58 18 657 10 41 285 60 14 10 0 1899 63 76 7 0 11 12 229 87 0 347 17 0 39 269 39 0 197 89 579 1711 22 23 161 3000 24 3000 31 18 28 168 38 1080 33 13 486 851 501 20 619 23 1415 16 0 0 13 27 350 139 
528 43 632 0 560 106 0 0 22 0 27 52 3000 88 0 30 2576 0 0 0 30 90 0 1246 528 1483 734 0 124 23 390 2005 23 332 0 98 15 632 30 12 0 768 0 118 42 0 0 26 241 43 2400 799 10 66 175 278 439 1305 227 11 0 39 0 407 58 42 3000 130 204 2261 55 0 33 378 13 43 9 614 8 95 
12 282 408 3000 584 60 3000 1237 21 27 0 9 260 1398 2669 12 964 343 174 82 395 269 35 96 237 9 66 27 124 19 26 28 45 1551 805 36 19 106 701 624 688 20 12 11 36 1211 31 90 470 66 838 1127 17 293 138 2203 293 3000 78 350 9 264 1850 100 293 227 35 1113 218 48 449 20 246 23 286 266 206 63 532 3000 
2109 50 1614 164 24 1690 0 10 73 52 9 0 123 199 32 351 621 3000 3000 45 346 56 36 12 127 30 220 9 46 1016 39 7 591 70 49 645 608 263 634 1370 158 104 107 47 3000 123 102 8 17 19 133 1361 1026 132 196 24 27 291 209 72 12 7 15 57 32 41 22 57 15 52 205 493 10 220 2123 265 78 834 209 171 
80 210 9 19 14 155 37 0 55 3000 260 123 0 21 0 2050 15 0 40 149 43 89 30 65 32 11 22 0 26 0 226 89 27 31 0 447 0 0 0 0 1305 74 70 1500 23 940 0 21 103 8 0 674 140 204 0 1342 0 2037 364 1113 197 16 460 195 12 15 357 408 1069 7 0 36 864 40 130 43 14 1327 145 80 
47 176 112 0 200 333 0 9 58 88 1398 199 21 0 343 819 294 632 0 0 0 570 0 46 30 469 77 77 3000 196 0 226 0 54 102 0 35 22 69 688 0 134 402 66 376 18 94 0 603 12 1103 43 16 154 2200 3000 37 124 74 14 152 1189 0 45 66 149 0 284 3000 286 40 0 17 64 0 270 47 11 22 142 
54 172 0 0 0 0 0 28 15 0 2669 32 0 343 0 0 24 249 603 0 0 212 0 0 26 678 13 150 0 1033 0 41 0 0 225 0 511 9 953 22 0 94 1708 0 74 64 20 0 46 320 174 894 38 18 3000 21 55 0 0 0 56 0 0 0 0 107 0 0 0 0 113 0 0 0 0 0 0 0 0 0 
2102 138 10 0 175 50 339 0 135 30 12 351 2050 819 0 0 3000 0 0 0 234 11 0 39 167 60 9 0 26 0 767 795 26 1609 0 194 35 56 173 0 10 68 0 52 85 0 0 755 26 43 585 160 65 27 47 19 18 360 61 217 0 137 0 8 145 36 19 107 2554 294 8 2246 589 542 9 405 25 73 759 26 
82 1781 9 2279 38 1210 0 121 478 2576 964 621 15 294 24 3000 0 126 23 97 0 50 0 52 411 132 20 70 103 173 0 3000 0 32 42 0 3000 150 40 43 0 3000 299 0 1590 178 16 0 3000 171 171 159 42 354 15 249 8 62 1360 401 715 119 0 297 0 148 938 17 12 586 320 60 40 16 0 0 1283 105 551 16 
125 648 0 29 219 0 0 147 17 0 343 3000 0 632 249 0 126 0 199 0 0 96 48 0 24 95 16 363 0 75 0 47 0 315 27 0 8 1222 126 91 0 3000 50 0 89 329 186 0 16 995 12 1571 16 36 271 40 34 0 0 29 45 0 18 336 0 32 0 43 0 0 81 0 143 0 0 0 0 0 0 0 
1241 0 0 28 866 0 0 116 82 0 174 3000 40 0 603 0 23 199 0 295 980 174 78 2212 488 7 352 115 0 415 0 405 0 99 128 0 30 14 1159 116 0 63 123 0 350 434 95 0 10 0 39 1235 11 19 23 126 0 1012 26 133 34 111 191 25 0 56 16 25 0 0 15 49 51 0 0 0 2372 0 237 0 
149 0 0 24 3000 0 24 292 986 0 82 45 149 0 0 0 97 0 295 0 53 9 1278 240 370 327 532 0 0 201 10 255 2885 11 0 27 91 0 327 0 584 0 525 17 432 198 73 21 8 0 0 1654 52 309 0 1336 0 1120 46 23 10 2415 547 561 344 173 202 1177 0 0 0 1871 99 15 49 13 104 1764 152 29 
686 42 571 0 173 0 197 0 31 30 395 346 43 0 0 234 0 0 980 53 0 163 88 506 866 9 296 0 7 0 17 11 2661 360 0 344 0 0 0 0 18 449 0 311 105 0 0 49 35 1247 0 18 25 195 0 147 0 3000 34 443 0 16 57 23 362 144 16 302 210 439 0 11 18 110 97 777 32 64 12 174 
18 18 123 941 83 0 0 71 58 90 269 56 89 570 212 11 50 96 174 9 163 0 33 606 73 10 114 134 8 9 0 1364 191 338 33 48 381 38 213 19 29 19 115 145 328 1316 12 46 45 38 32 59 686 259 68 20 20 135 2836 62 47 59 682 34 14 94 90 293 247 12 177 163 569 25 20 343 2452 163 109 50 
3000 0 0 85 13 0 0 672 18 0 35 36 30 0 0 0 0 48 78 1278 88 33 0 0 58 61 39 0 0 24 0 0 67 33 0 0 62 0 148 0 475 0 148 0 60 20 13 0 0 0 0 32 1071 9 0 114 0 30 28 274 9 31 263 912 22 15 110 106 0 0 0 13 7 321 17 0 88 0 871 0 
21 27 350 0 42 78 42 64 657 1246 96 12 65 46 0 39 52 0 2212 240 506 606 0 0 29 189 29 0 10 710 271 1139 1216 84 0 140 202 103 12 23 365 15 502 323 7 381 375 1721 74 66 20 2836 114 69 25 831 45 15 210 33 79 25 0 94 3000 880 18 20 618 1508 751 986 568 409 208 55 71 177 22 88 
200 153 42 39 16 36 262 267 10 528 237 127 32 30 26 167 411 24 488 370 866 73 58 29 0 61 93 20 763 1545 572 113 1068 508 157 36 27 2598 32 3000 150 293 638 19 3000 57 115 216 3000 825 123 10 22 24 220 95 178 16 103 21 37 152 0 1494 2296 12 756 1176 471 236 294 57 49 22 41 18 254 280 12 328 
38 1182 28 3000 1171 131 197 8 41 1483 9 30 11 469 678 60 132 95 7 327 9 10 61 189 61 0 165 31 64 33 203 67 668 1253 34 16 21 262 299 13 20 111 11 94 18 1157 257 361 79 3000 54 82 263 59 2358 45 636 29 65 527 61 12 9 924 12 3000 37 9 10 771 7 267 10 51 8 351 8 35 203 171 
14 25 75 493 671 89 0 63 285 734 66 220 22 77 13 9 20 16 352 532 296 114 39 29 93 165 0 488 61 46 494 1193 99 33 407 300 465 14 2771 19 467 737 450 1018 15 478 24 709 47 3000 25 1480 433 30 270 43 10 177 3000 1181 116 43 154 1686 119 17 3000 49 8 1152 284 955 174 34 39 22 3000 66 2897 281 
2472 3000 0 158 0 0 0 10 60 0 27 9 0 77 150 0 70 363 115 0 0 134 0 0 20 31 488 0 0 79 0 102 0 40 330 0 3000 3000 9 277 0 883 16 0 10 133 10 0 8 35 100 63 17 1530 1697 10 642 0 0 0 228 0 0 0 0 11 0 80 0 0 1781 0 0 0 0 0 0 0 0 0 
14 25 537 0 407 650 62 0 14 124 124 46 26 3000 0 26 103 0 0 0 7 8 0 10 763 64 61 0 0 0 90 75 16 30 0 41 0 15 0 0 676 23 0 36 16 0 0 73 699 96 553 26 925 8 858 34 53 151 706 54 0 10 0 1111 2543 223 12 512 251 113 1765 251 3000 396 46 99 41 41 30 142 
81 17 0 30 143 0 0 16 10 23 19 1016 0 196 1033 0 173 75 415 201 0 9 24 710 1545 33 46 79 0 0 0 11 0 162 3000 0 3000 154 483 17 0 172 22 0 55 444 161 0 58 655 27 47 56 134 38 3000 257 0 0 94 3000 0 0 53 0 186 0 26 0 0 19 0 7 0 0 0 68 0 22 0 
0 0 177 0 37 0 81 0 0 390 26 39 226 0 0 767 0 0 0 10 17 0 0 271 572 203 494 0 90 0 0 1860 64 171 0 9 0 0 0 0 422 0 0 2307 208 0 0 132 781 0 0 47 0 0 0 24 0 8 9 554 0 17 0 398 91 25 724 138 132 240 0 65 1513 16 981 18 151 37 81 276 
9 12 58 0 1000 1834 0 70 1899 2005 28 7 89 226 41 795 3000 47 405 255 11 1364 0 1139 113 67 1193 102 75 11 1860 0 64 230 311 245 43 125 110 1731 448 17 33 13 55 12 336 606 292 1022 87 85 98 174 37 15 49 18 1353 41 47 81 0 93 508 46 13 19 74 154 157 269 340 68 18 545 8 815 163 137 
15 73 132 0 49 0 14 0 63 23 45 591 27 0 0 26 0 0 0 2885 2661 191 67 1216 1068 668 99 0 16 0 64 64 0 11 0 162 0 0 0 0 351 507 0 42 14 0 0 40 454 10 0 46 0 569 0 8 0 307 10 413 0 422 0 177 47 183 1268 1412 512 795 0 3000 42 166 1120 210 1108 46 557 10 
60 234 3000 13 190 273 671 276 76 332 1551 70 31 54 0 1609 32 315 99 11 360 338 33 84 508 1253 33 40 30 162 171 230 11 0 197 75 7 8 85 577 399 19 1745 129 26 250 128 269 247 167 383 163 463 31 15 16 73 40 1057 17 447 54 65 10 29 176 1900 176 37 23 562 97 70 1395 9 16 79 1389 13 56 
662 31 0 757 0 0 0 43 7 0 805 49 0 102 225 0 42 27 128 0 0 33 0 0 157 34 407 330 0 3000 0 311 0 197 0 0 576 33 358 483 0 739 155 0 146 174 247 0 113 64 32 2435 16 8 398 953 298 0 0 0 13 0 0 0 0 10 0 44 0 0 848 0 284 0 0 0 0 0 0 0 
0 0 64 0 136 0 89 0 0 98 36 645 447 0 0 194 0 0 0 27 344 48 0 140 36 16 300 0 41 0 9 245 162 75 0 0 0 0 0 0 384 0 0 8 38 0 0 9 0 0 0 259 0 0 0 30 0 81 11 10 0 62 0 26 117 82 89 97 148 31 0 246 183 162 28 67 1354 19 2466 149 
122 7 8 544 26 0 0 10 11 15 19 608 0 35 511 35 3000 8 30 91 0 381 62 202 27 21 465 3000 0 3000 0 43 0 7 576 0 0 74 11 71 0 772 128 0 117 20 1436 0 437 15 583 20 145 35 3000 50 128 16 1185 251 36 23 18 232 0 3000 86 19 0 0 453 22 551 0 0 0 9 0 227 412 
8 145 1191 94 57 492 0 62 12 632 106 263 0 22 9 56 150 1222 14 0 0 38 0 103 2598 262 14 3000 15 154 0 125 0 8 33 0 74 0 273 64 0 93 136 0 15 41 19 0 754 1117 137 20 53 231 11 221 52 0 0 0 66 0 0 9 0 770 0 138 209 0 837 0 13 0 0 0 188 0 41 434 
68 21 0 921 68 0 0 214 229 30 701 634 0 69 953 173 40 126 1159 327 0 213 148 12 32 299 2771 9 0 483 0 110 0 85 358 0 11 273 0 12 0 660 550 0 292 28 63 0 19 924 328 172 1510 277 3000 186 384 0 21 160 54 45 38 87 0 19 0 140 0 0 705 443 331 0 0 0 26 0 156 39 
99 21 0 49 263 23 0 51 87 12 624 1370 0 688 22 0 43 91 116 0 0 19 0 23 3000 13 19 277 0 17 0 1731 0 577 483 0 71 64 12 0 0 10 75 0 191 81 29 0 8 42 57 1935 691 56 16 15 58 0 0 0 69 0 0 26 0 199 0 20 0 0 3000 0 59 0 0 0 1919 0 0 0 
0 0 50 0 55 0 222 0 0 0 688 158 1305 0 0 10 0 0 0 584 18 29 475 365 150 20 467 0 676 0 422 448 351 399 0 384 0 0 0 0 0 0 0 327 210 0 0 71 0 0 0 698 0 0 0 94 0 19 22 175 0 1499 0 17 59 352 1643 26 265 12 0 265 88 17 1460 22 194 89 44 1517 
28 14 8 0 53 217 0 203 347 768 20 104 74 134 94 68 3000 3000 63 0 449 19 0 15 293 111 737 883 23 172 0 17 507 19 739 0 772 93 660 10 0 0 422 23 44 104 460 0 13 330 252 723 108 100 335 58 329 244 9 1486 38 2287 0 2094 21 103 1619 58 83 269 1043 148 60 379 10 2053 403 17 67 48 
10 36 0 33 356 0 0 258 17 0 12 107 70 402 1708 0 299 50 123 525 0 115 148 502 638 11 450 16 0 22 0 33 0 1745 155 0 128 136 550 75 0 422 0 0 3000 9 7 0 301 0 3000 28 13 1779 662 2950 0 26 1164 503 195 40 1531 83 0 11 256 94 0 0 172 277 278 0 0 0 614 0 1185 0 
40 743 149 0 218 766 98 0 0 118 11 47 1500 66 0 52 0 0 0 17 311 145 0 323 19 94 1018 0 36 0 2307 13 42 129 0 8 0 0 0 0 327 23 0 0 13 0 0 49 163 26 0 362 0 100 0 46 0 3000 333 2537 0 66 0 557 2263 354 2108 654 7 1614 0 36 18 102 16 143 9 143 58 11 
8 123 90 36 788 236 0 221 39 42 36 3000 23 376 74 85 1590 89 350 432 105 328 60 7 3000 18 15 10 16 55 208 55 14 26 146 38 117 15 292 191 210 44 3000 13 0 423 53 209 67 1324 45 3000 240 637 77 97 17 109 11 8 415 726 20 89 31 29 547 7 9 806 320 252 13 45 740 391 59 10 626 2330 
1026 1712 0 20 212 0 0 609 269 0 1211 123 940 18 64 0 178 329 434 198 0 1316 20 381 57 1157 478 133 0 444 0 12 0 250 174 0 20 41 28 81 0 104 9 0 423 0 15 0 33 1879 9 240 52 12 82 47 631 3000 97 18 28 29 38 109 0 116 557 8 0 0 1914 926 112 92 0 0 910 0 704 707 
34 232 0 51 2337 0 0 510 39 0 31 102 0 94 20 0 16 186 95 73 0 12 13 375 115 257 24 10 0 161 0 336 0 128 247 0 1436 19 63 29 0 460 7 0 53 15 0 0 172 38 169 676 16 383 12 95 2313 0 0 829 75 0 8 260 0 90 0 27 0 0 660 485 1238 0 0 0 142 0 3000 0 
0 0 65 0 128 0 53 0 0 26 90 8 21 0 0 755 0 0 0 21 49 46 0 1721 216 361 709 0 73 0 132 606 40 269 0 9 0 0 0 0 71 0 0 49 209 0 0 0 27 0 0 36 0 0 0 121 0 35 59 40 0 431 0 12 644 227 870 7 264 18 0 449 14 145 177 103 132 24 31 639 
221 75 1241 0 90 26 0 737 197 241 470 17 103 603 46 26 3000 16 10 8 35 45 0 74 3000 79 47 8 699 58 781 292 454 247 113 0 437 754 19 8 0 13 301 163 67 33 172 27 0 3000 170 18 14 325 1764 8 73 77 113 35 3000 71 0 112 126 247 45 3000 1288 9 11 15 130 1648 50 13 63 36 596 27 
300 313 493 0 21 3000 0 1598 89 43 66 19 8 12 320 43 171 995 0 0 1247 38 0 66 825 3000 3000 35 96 655 0 1022 10 167 64 0 15 1117 924 42 0 330 0 26 1324 1879 38 0 3000 0 29 8 66 21 179 174 17 11 805 145 134 9 0 1882 317 159 57 749 624 88 17 65 325 16 1751 1507 27 880 17 76 
43 16 361 0 59 13 0 1057 579 2400 838 133 0 1103 174 585 171 12 39 0 0 32 0 20 123 54 25 100 553 27 0 87 0 383 32 0 583 137 328 57 0 252 3000 0 45 9 169 0 170 29 0 284 2504 2252 196 2287 141 0 0 0 3000 0 0 10 0 421 0 71 1907 297 1200 0 85 0 0 0 1126 1355 16 40 
226 10 117 177 56 419 0 469 1711 799 1127 1361 674 43 894 160 159 1571 1235 1654 18 59 32 2836 10 82 1480 63 26 47 47 85 46 163 2435 259 20 20 172 1935 698 723 28 362 3000 240 676 36 18 8 284 0 23 40 31 29 369 9 9 257 844 111 0 350 1002 13 25 10 22 117 195 11 2004 83 652 2846 124 87 1069 299 
31 47 185 8 152 26 0 11 22 10 17 1026 140 16 38 65 42 16 11 52 25 686 1071 114 22 263 433 17 925 56 0 98 0 463 16 0 145 53 1510 691 0 108 13 0 240 52 16 0 14 66 2504 23 0 259 229 24 17 16 29 110 31 49 510 36 65 56 34 1448 325 3000 983 15 91 728 0 0 12 3000 73 282 
449 313 35 218 386 1199 0 154 23 66 293 132 204 154 18 27 354 36 19 309 195 259 9 69 24 59 30 1530 8 134 0 174 569 31 8 0 35 231 277 56 0 100 1779 100 637 12 383 0 325 21 2252 40 259 0 165 252 39 390 76 367 219 16 293 136 2209 23 69 141 495 128 23 231 1414 41 81 849 200 99 45 479 
2189 157 134 0 2959 240 0 384 161 175 138 196 0 2200 3000 47 15 271 23 0 0 68 0 25 220 2358 270 1697 858 38 0 37 0 15 398 0 3000 11 3000 16 0 335 662 0 77 82 12 0 1764 179 196 31 229 165 0 117 11 0 0 0 16 0 0 116 0 834 0 59 270 41 16 0 123 135 0 0 275 2510 1582 1038 
78 24 105 190 25 58 0 182 3000 278 2203 24 1342 3000 21 19 249 40 126 1336 147 20 114 831 95 45 43 10 34 3000 24 15 8 16 953 30 50 221 186 15 94 58 2950 46 97 47 95 121 8 174 2287 29 24 252 117 0 3000 210 110 24 473 332 0 552 25 15 493 12 8 8 117 86 266 489 3000 477 38 63 35 9 
3000 39 195 0 130 108 0 877 24 439 293 27 0 37 55 18 8 34 0 0 0 20 0 45 178 636 10 642 53 257 0 49 0 73 298 0 128 52 384 58 0 329 0 0 17 631 2313 0 73 17 141 369 17 39 11 3000 0 0 0 0 9 0 0 31 0 92 0 327 861 602 1073 0 29 150 0 0 17 9 3000 569 
17 391 230 13 688 57 207 0 3000 1305 3000 291 2037 124 0 360 62 0 1012 1120 3000 135 30 15 16 29 177 0 151 0 8 18 307 40 0 81 16 0 0 0 19 244 26 3000 109 3000 0 35 77 11 0 9 16 390 0 210 0 0 130 71 490 404 637 27 85 3000 51 81 60 2740 0 12 20 74 920 288 10 27 31 57 
232 1321 641 38 36 0 84 9 31 227 78 209 364 74 0 61 1360 0 26 46 34 2836 28 210 103 65 3000 0 706 0 9 1353 10 1057 0 11 1185 0 21 0 22 9 1164 333 11 97 0 59 113 805 0 9 29 76 0 110 0 130 0 952 17 12 55 49 579 1222 2044 22 3000 132 0 175 40 26 48 65 538 90 172 7 
517 29 24 404 155 0 16 311 18 11 350 72 1113 14 0 217 401 29 133 23 443 62 274 33 21 527 1181 0 54 94 554 41 413 17 0 10 251 0 160 0 175 1486 503 2537 8 18 829 40 35 145 0 257 110 367 0 24 0 71 952 0 507 157 3000 60 59 38 18 10 140 484 0 57 1664 82 53 23 198 24 257 60 
172 10 0 146 510 0 0 19 28 0 9 12 197 152 56 0 715 45 34 10 0 47 9 79 37 61 116 228 0 3000 0 47 0 447 13 0 36 66 54 69 0 38 195 0 415 28 75 0 3000 134 3000 844 31 219 16 473 9 490 17 507 0 60 93 463 0 14 147 496 0 0 1257 32 21 12 0 0 14 0 21 0 
13 834 72 208 17 18 277 0 168 39 264 7 16 1189 0 137 119 0 111 2415 16 59 31 25 152 12 43 0 10 0 17 81 422 54 0 62 23 0 45 0 1499 2287 40 66 726 29 0 431 71 9 0 111 49 16 0 332 0 404 12 157 60 0 855 144 372 506 18 141 666 183 0 631 155 303 12 384 8 17 113 1720 
31 0 0 410 170 0 0 35 38 0 1850 15 460 0 0 0 0 18 191 547 57 682 263 0 0 9 154 0 0 0 0 0 0 65 0 0 18 0 38 0 0 0 1531 0 20 38 8 0 0 0 0 0 510 293 0 0 0 637 55 3000 93 855 0 0 0 1830 52 0 0 0 0 365 2550 0 0 0 507 0 2940 0 
2427 339 28 80 1640 61 22 48 1080 407 100 57 195 45 0 8 297 336 25 561 23 34 912 94 1494 924 1686 0 1111 53 398 93 177 10 0 26 232 9 87 26 17 2094 83 557 89 109 260 12 112 1882 10 350 36 136 116 552 31 27 49 60 463 144 0 0 36 15 61 56 75 635 3000 40 1538 86 390 88 125 51 251 49 
59 24 3000 0 30 360 10 0 33 58 293 32 12 66 0 145 0 0 0 344 362 14 22 3000 2296 12 119 0 2543 0 91 508 47 29 0 117 0 0 0 0 59 21 0 2263 31 0 0 644 126 317 0 1002 65 2209 0 25 0 85 579 59 0 372 0 36 0 76 138 617 64 18 0 599 61 44 41 670 3000 375 66 8 
63 28 58 66 810 36 367 96 13 42 227 41 15 149 107 36 148 32 56 173 144 94 15 880 12 3000 17 11 223 186 25 46 183 176 10 82 3000 770 19 199 352 103 11 354 29 116 90 227 247 159 421 13 56 23 834 15 92 3000 1222 38 14 506 1830 15 76 0 97 733 311 83 1046 32 8 139 187 460 37 940 14 34 
71 2643 1247 285 1435 0 213 0 486 3000 35 22 357 0 0 19 938 0 16 202 16 90 110 18 756 37 3000 0 12 0 724 13 1268 1900 0 89 86 0 0 0 1643 1619 256 2108 547 557 0 870 45 57 0 25 34 69 0 493 0 51 2044 18 147 18 52 61 138 97 0 28 673 285 0 116 73 69 1032 39 1867 192 19 9 
24 3000 8 688 58 69 57 63 851 130 1113 57 408 284 0 107 17 43 25 1177 302 293 106 20 1176 9 49 80 512 26 138 19 1412 176 44 97 19 138 140 20 26 58 94 654 7 8 27 7 3000 749 71 10 1448 141 59 12 327 81 22 10 496 141 0 56 617 733 28 0 111 84 30 14 234 79 747 245 21 21 27 17 
674 130 17 0 40 109 765 0 501 204 218 15 1069 3000 0 2554 12 0 0 0 210 247 0 618 471 10 8 0 251 0 132 74 512 37 0 148 0 209 0 0 265 83 0 7 9 0 0 264 1288 624 1907 22 325 495 270 8 861 60 3000 140 0 666 0 75 64 311 673 111 0 37 12 0 39 1586 39 623 148 23 132 8 
9 232 16 0 42 89 11 0 20 2261 48 52 7 286 0 294 586 0 0 0 439 12 0 1508 236 771 1152 0 113 0 240 154 795 23 0 31 0 0 0 0 12 269 0 1614 806 0 0 18 9 88 297 117 3000 128 41 8 602 2740 132 484 0 183 0 635 18 83 285 84 37 0 826 15 1190 586 23 63 85 37 209 275 
30 22 165 0 77 688 0 11 619 55 449 205 0 40 113 8 320 81 15 0 0 177 0 751 294 7 284 1781 1765 19 0 157 0 562 848 0 453 837 705 3000 0 1043 172 0 320 1914 660 0 11 17 1200 195 983 23 16 117 1073 0 0 0 1257 0 0 3000 0 1046 0 30 12 826 0 0 73 266 0 0 27 2196 398 43 
176 54 258 13 78 0 3000 495 23 0 20 493 36 0 0 2246 60 0 49 1871 11 163 13 986 57 267 955 0 251 0 65 269 3000 97 0 246 22 0 443 0 265 148 277 36 252 926 485 449 15 65 0 11 15 231 0 86 0 12 175 57 32 631 365 40 599 32 116 14 0 15 0 0 3000 563 7 3000 24 3000 360 347 
11 228 1055 439 109 138 11 776 1415 33 246 10 864 17 0 589 40 143 51 99 18 569 7 568 49 10 174 0 3000 7 1513 340 42 70 284 183 551 13 331 59 88 60 278 18 13 112 1238 14 130 325 85 2004 91 1414 123 266 29 20 40 1664 21 155 2550 1538 61 8 73 234 39 1190 73 3000 0 8 148 577 43 238 395 45 
9 33 618 0 1163 37 19 0 16 378 23 220 40 64 0 542 16 0 0 15 110 25 321 409 22 51 34 0 396 0 16 68 166 1395 0 162 0 0 0 0 17 379 0 102 45 92 0 145 1648 16 0 83 728 41 135 489 150 74 26 82 12 303 0 86 44 139 69 79 1586 586 266 563 8 0 11 25 174 538 302 462 
16 264 44 0 50 0 8 0 0 13 286 2123 130 0 0 9 0 0 0 49 97 20 17 208 41 8 39 0 46 0 981 18 1120 9 0 28 0 0 0 0 1460 10 0 16 740 0 0 177 50 1751 0 652 0 81 0 3000 0 920 48 53 0 12 0 390 41 187 1032 747 39 23 0 7 148 11 0 434 102 293 70 10 
49 401 19 0 13 45 61 0 0 43 266 265 43 270 0 405 0 0 0 13 777 343 0 55 18 351 22 0 99 0 18 545 210 16 0 67 0 0 0 0 22 2053 0 143 391 0 0 103 13 1507 0 2846 0 849 0 477 0 288 65 23 0 384 0 88 670 460 39 245 623 63 0 3000 577 25 434 0 180 61 35 67 
329 12 8 3000 389 794 9 139 13 9 206 78 14 47 0 25 1283 0 2372 104 32 2452 88 71 254 8 3000 0 41 68 151 8 1108 79 0 1354 9 188 26 1919 194 403 614 9 59 910 142 132 63 27 1126 124 12 200 275 38 17 10 538 198 14 8 507 125 3000 37 1867 21 148 85 27 24 43 174 102 180 0 12 22 1958 
3000 26 3000 0 88 950 122 0 27 614 63 834 1327 11 0 73 105 0 0 1764 64 163 0 177 280 35 66 0 41 0 37 815 46 1389 0 19 0 0 0 0 89 17 0 143 10 0 0 24 36 880 1355 87 3000 99 2510 63 9 27 90 24 0 17 0 51 375 940 192 21 23 37 2196 3000 238 538 293 61 12 0 58 533 
62 1320 142 677 1506 80 10 197 350 8 532 209 145 22 0 759 551 0 237 152 12 109 871 22 12 203 2897 0 30 22 81 163 557 13 0 2466 227 41 156 0 44 67 1185 58 626 704 3000 31 596 17 16 1069 73 45 1582 35 3000 31 172 257 21 113 2940 251 66 14 19 27 132 209 398 360 395 302 70 35 22 58 0 9 
102 638 8 0 109 87 1687 0 139 95 3000 171 80 142 0 26 16 0 0 29 174 50 0 88 328 171 281 0 142 0 276 137 10 56 0 149 412 434 39 0 1517 48 0 11 2330 707 0 639 27 76 40 299 282 479 1038 9 569 57 7 60 0 1720 0 49 8 34 9 17 8 275 43 347 45 462 10 67 1958 533 9 0 
