80
0 90 39 20 39 75 66 4 27 20 24 43 70 38 31 23 75 64 25 47 34 37 74 57 63 69 74 39 26 36 88 81 87 33 18 14 64 41 40 56 42 11 64 41 30 44 46 19 72 79 83 41 25 43 4 65 49 65 77 79 60 29 39 51 64 52 54 62 59 67 34 24 81 18 20 8 13 23 71 15 
90 0 102 95 54 16 71 95 117 84 87 101 30 128 103 103 90 77 105 80 65 80 54 54 53 49 55 79 64 92 12 9 18 96 83 102 61 61 72 36 54 94 26 54 77 74 45 87 89 23 9 76 105 88 88 74 51 51 29 17 35 114 52 59 51 88 77 53 68 40 80 101 18 77 105 92 99 87 21 79 
39 102 0 19 50 86 100 39 47 24 19 5 74 46 11 60 46 100 20 85 66 22 63 51 93 62 63 23 49 10 95 94 91 72 27 32 97 72 76 76 70 49 77 68 67 29 67 23 43 83 93 78 19 16 36 101 77 95 99 96 82 27 62 83 94 90 33 92 43 93 72 62 87 52 26 47 50 61 81 50 
20 95 19 0 41 79 83 20 32 11 10 23 70 36 11 41 59 83 10 67 49 24 66 51 78 63 67 26 35 18 90 87 88 53 12 14 80 56 58 65 55 30 69 53 48 32 55 8 56 79 87 60 10 26 17 84 63 80 87 87 70 19 49 67 79 71 41 77 48 80 54 43 83 35 12 28 31 43 75 32 
39 54 50 41 0 38 61 43 65 30 33 50 32 74 50 57 59 63 51 54 30 30 41 24 48 35 41 30 15 41 50 45 49 56 29 48 54 33 42 26 26 45 28 24 40 28 19 33 56 40 46 47 51 40 36 63 33 49 49 46 32 60 17 41 48 62 37 48 34 45 46 56 43 30 51 43 50 44 34 31 
75 16 86 79 38 0 63 79 102 68 71 86 19 112 87 88 79 68 90 68 51 65 45 41 44 39 46 64 48 77 16 7 19 82 67 86 53 48 59 22 40 79 11 40 63 60 30 71 78 17 9 63 89 74 73 66 39 42 25 14 23 98 37 48 43 76 64 44 55 33 67 87 14 61 89 77 83 72 7 63 
66 71 100 83 61 63 0 68 84 76 81 103 75 98 94 60 120 6 90 21 35 87 97 83 18 90 98 87 53 94 78 64 82 44 74 79 10 29 26 44 35 60 58 37 36 88 45 78 117 78 70 24 91 97 67 3 29 21 43 54 41 95 44 20 20 24 98 18 95 31 32 57 77 49 85 61 63 46 66 51 
4 95 39 20 43 79 68 0 23 22 25 43 74 34 30 22 78 66 23 49 37 40 78 61 66 73 78 41 30 37 92 85 91 33 21 11 67 44 42 60 46 10 68 45 32 46 51 21 74 83 88 44 24 45 7 68 53 69 81 83 64 27 43 54 68 53 57 66 62 71 36 23 85 21 17 8 11 24 76 18 
27 117 47 32 65 102 84 23 0 40 41 52 97 13 36 26 91 81 27 64 58 56 97 81 86 94 98 58 53 49 115 108 114 42 40 18 85 64 60 83 68 25 91 66 50 64 73 38 88 105 110 60 28 58 29 83 74 89 102 106 86 21 66 74 87 65 73 85 80 92 52 28 108 42 21 26 21 39 98 40 
20 84 24 11 30 68 76 22 40 0 5 27 59 47 20 43 56 76 22 61 42 18 57 41 69 54 57 19 25 18 79 75 77 51 2 22 72 48 51 54 46 30 58 44 43 25 45 3 52 68 76 54 21 24 15 77 54 71 77 76 60 31 39 59 70 67 35 68 41 70 49 44 71 29 22 28 33 40 63 27 
24 87 19 10 33 71 81 25 41 5 0 22 61 46 16 47 52 81 20 66 47 15 57 42 74 54 57 17 30 13 81 78 79 56 8 23 77 53 57 58 51 34 61 49 48 23 49 5 49 70 79 60 19 20 20 82 58 76 81 79 64 29 43 64 75 72 32 73 39 75 54 48 74 34 22 32 36 44 66 32 
43 101 5 23 50 86 103 43 52 27 22 0 72 51 15 65 41 103 25 88 68 21 60 49 95 59 60 22 51 9 93 93 89 76 29 36 99 74 78 77 71 53 76 69 70 27 68 26 38 81 92 81 24 13 39 103 79 96 99 96 82 32 63 85 95 93 29 94 40 94 75 66 85 55 31 51 54 65 80 53 
70 30 74 70 32 19 75 74 97 59 61 72 0 105 76 88 61 79 80 76 55 52 27 24 58 21 27 51 46 64 21 25 18 85 59 80 66 54 66 31 46 77 17 45 66 45 34 62 60 9 21 70 80 60 67 78 47 56 42 32 35 90 39 58 56 84 47 57 38 48 72 87 13 61 81 74 81 74 12 62 
38 128 46 36 74 112 98 34 13 47 46 51 105 0 36 39 92 95 28 77 70 60 103 88 99 100 103 62 64 51 124 118 123 55 47 26 98 77 73 94 80 38 101 78 63 68 84 44 88 114 120 73 29 60 39 97 86 101 114 117 98 19 77 87 100 78 76 98 85 105 65 41 117 54 25 39 34 52 108 52 
31 103 11 11 50 87 94 30 36 20 16 15 76 36 0 50 56 94 9 78 60 26 69 55 89 67 69 28 45 15 97 95 94 63 22 21 91 67 69 75 66 40 77 64 60 34 65 18 52 86 95 71 8 24 28 95 73 91 97 96 80 17 59 78 90 82 40 88 50 90 65 52 89 46 16 38 40 53 82 43 
23 103 60 41 57 88 60 22 26 43 47 65 88 39 50 0 99 56 42 39 38 61 95 78 64 90 96 62 42 59 103 94 103 16 41 29 62 44 37 67 49 13 78 49 28 67 58 42 95 96 97 36 43 66 28 58 55 67 84 89 69 42 51 52 66 39 78 63 82 72 28 2 97 27 36 15 11 17 86 25 
75 90 46 59 59 79 120 78 91 56 52 41 61 92 56 99 0 122 65 111 87 38 36 40 106 41 36 37 69 42 79 86 74 106 58 74 113 91 100 81 85 86 74 83 94 34 77 57 4 67 82 103 64 33 71 122 91 107 100 92 87 73 76 100 106 118 22 106 25 101 100 99 72 80 70 83 88 94 72 80 
64 77 100 83 63 68 6 66 81 76 81 103 79 95 94 56 122 0 89 17 35 88 101 86 24 94 101 88 54 94 83 69 87 40 74 77 16 31 25 48 37 58 63 39 34 89 48 77 119 83 76 23 89 98 66 3 33 26 49 60 46 93 47 22 26 18 100 24 98 36 30 54 82 48 84 58 61 43 71 50 
25 105 20 10 51 90 90 23 27 22 20 25 80 28 9 42 65 89 0 72 57 32 76 61 86 73 76 34 44 23 100 97 98 56 23 13 88 64 65 75 64 33 79 62 55 41 65 19 61 90 98 66 1 32 23 90 72 88 97 97 80 9 59 75 87 76 48 86 57 89 59 44 93 42 7 31 32 47 85 39 
47 80 85 67 54 68 21 49 64 61 66 88 76 77 78 39 111 17 72 0 24 75 94 78 30 87 95 76 42 79 84 72 87 23 59 60 25 22 11 47 31 41 61 32 18 78 42 62 108 81 77 7 73 84 50 19 30 33 55 64 46 76 39 21 32 8 88 29 88 42 13 36 81 33 67 41 43 26 70 35 
34 65 66 49 30 51 35 37 58 42 47 68 55 70 60 38 87 35 57 24 0 53 71 54 29 64 71 53 19 59 67 56 68 31 39 48 31 7 12 29 11 33 42 11 12 55 22 43 84 62 60 16 57 62 34 36 17 32 46 51 31 63 16 18 31 31 65 28 64 35 17 37 62 16 53 32 37 22 51 19 
37 80 22 24 30 65 87 40 56 18 15 21 52 60 26 61 38 88 32 75 53 0 43 30 77 41 43 2 34 12 73 72 69 68 19 38 82 58 64 57 54 48 56 52 57 8 49 19 35 61 71 68 31 10 33 88 61 78 79 75 63 42 45 68 77 82 17 76 25 75 63 61 65 43 36 45 50 56 59 42 
74 54 63 66 41 45 97 78 97 57 57 60 27 103 69 95 36 101 76 94 71 43 0 17 81 7 0 41 55 54 43 51 38 97 58 79 89 72 83 54 64 83 43 63 81 35 53 60 36 32 46 87 74 47 70 100 68 80 69 59 59 85 55 78 80 102 30 81 20 73 87 95 36 71 78 80 87 85 39 71 
57 54 51 51 24 41 83 61 81 41 42 49 24 88 55 78 40 86 61 78 54 30 17 0 68 12 18 28 38 42 45 48 41 80 42 63 75 56 67 42 49 66 34 47 64 22 39 44 37 32 45 71 60 36 53 85 54 68 61 53 48 70 40 64 68 86 23 68 15 62 70 78 37 53 63 63 70 68 34 54 
63 53 93 78 48 44 18 66 86 69 74 95 58 99 89 64 106 24 86 30 29 77 81 68 0 74 82 77 44 85 60 46 64 51 67 77 8 22 27 27 23 61 40 26 36 76 30 71 104 60 52 29 86 87 64 22 16 3 25 36 23 92 32 12 2 36 85 1 81 13 36 62 58 45 82 60 65 48 48 48 
69 49 62 63 35 39 90 73 94 54 54 59 21 100 67 90 41 94 73 87 64 41 7 12 74 0 8 39 49 53 39 45 34 91 54 75 82 65 76 47 57 78 36 56 74 33 46 56 40 27 41 80 72 46 66 93 61 73 62 53 52 82 49 71 73 95 31 74 20 66 80 90 31 65 75 75 82 79 32 65 
74 55 63 67 41 46 98 78 98 57 57 60 27 103 69 96 36 101 76 95 71 43 0 18 82 8 0 41 56 54 44 52 38 97 58 79 89 72 83 55 65 83 43 63 81 35 54 60 35 32 47 87 75 47 70 100 69 81 69 60 59 85 56 79 81 102 30 81 20 73 87 95 37 71 78 81 87 85 39 71 
39 79 23 26 30 64 87 41 58 19 17 22 51 62 28 62 37 88 34 76 53 2 41 28 77 39 41 0 34 14 71 71 68 69 21 40 82 58 65 56 54 49 55 52 58 6 48 21 34 59 70 68 33 10 34 89 61 78 78 74 62 44 45 68 77 82 16 76 23 75 64 63 63 44 38 47 52 57 58 43 
26 64 49 35 15 48 53 30 53 25 30 51 46 64 45 42 69 54 44 42 19 34 55 38 44 49 56 34 0 41 62 55 62 42 23 38 48 24 31 31 21 31 38 19 26 36 21 27 65 54 57 35 44 44 24 54 28 46 52 53 35 52 14 35 45 49 46 43 46 45 32 41 56 15 42 29 36 29 46 17 
36 92 10 18 41 77 94 37 49 18 13 9 64 51 15 59 42 94 23 79 59 12 54 42 85 53 54 14 41 0 85 84 82 69 20 32 89 65 69 67 62 47 67 60 61 20 59 17 39 73 84 72 22 9 32 94 69 87 90 87 73 32 54 76 86 85 26 85 35 85 67 60 77 47 28 44 48 57 71 45 
88 12 95 90 50 16 78 92 115 79 81 93 21 124 97 103 79 83 100 84 67 73 43 45 60 39 44 71 62 85 0 15 6 98 78 98 68 64 75 38 56 93 25 56 79 66 45 82 78 12 8 79 100 80 86 81 55 58 37 25 39 110 52 64 58 92 68 60 58 48 83 102 8 76 101 91 98 88 17 78 
81 9 94 87 45 7 64 85 108 75 78 93 25 118 95 94 86 69 97 72 56 72 51 48 46 45 52 71 55 84 15 0 20 86 74 93 54 52 63 27 45 85 18 45 68 67 36 78 84 20 7 67 96 81 79 67 42 43 23 10 26 105 43 51 44 79 71 46 62 33 71 92 17 67 96 83 90 78 14 69 
87 18 91 88 49 19 82 91 114 77 79 89 18 123 94 103 74 87 98 87 68 69 38 41 64 34 38 68 62 82 6 20 0 99 76 97 72 66 77 40 58 93 26 57 80 62 47 80 73 9 13 81 97 77 84 85 57 62 42 30 42 107 53 67 62 95 63 64 53 52 84 102 6 76 99 91 97 88 17 78 
33 96 72 53 56 82 44 33 42 51 56 76 85 55 63 16 106 40 56 23 31 68 97 80 51 91 97 69 42 69 98 86 99 0 49 43 48 35 25 60 42 23 73 42 19 73 52 51 103 92 91 22 57 75 37 43 45 54 73 81 61 57 46 40 53 23 84 50 86 61 16 14 93 27 50 25 24 13 81 27 
18 83 27 12 29 67 74 21 40 2 8 29 59 47 22 41 58 74 23 59 39 19 58 42 67 54 58 21 23 20 78 74 76 49 0 21 70 46 49 53 44 28 57 42 41 26 43 4 54 68 75 52 22 26 14 74 51 69 75 74 58 31 37 57 68 65 37 66 42 68 47 42 71 26 22 26 31 37 63 25 
14 102 32 14 48 86 79 11 18 22 23 36 80 26 21 29 74 77 13 60 48 38 79 63 77 75 79 40 38 32 98 93 97 43 21 0 78 55 53 69 56 20 75 54 43 46 59 19 70 88 95 55 14 41 14 79 63 79 90 91 73 16 52 65 78 64 55 76 62 81 47 31 91 32 7 19 19 35 82 29 
64 61 97 80 54 53 10 67 85 72 77 99 66 98 91 62 113 16 88 25 31 82 89 75 8 82 89 82 48 89 68 54 72 48 70 78 0 24 25 35 28 60 49 30 35 82 37 74 110 68 60 26 88 92 65 13 22 11 33 45 31 93 37 14 10 30 91 8 88 21 34 60 67 47 84 60 64 46 56 49 
41 61 72 56 33 48 29 44 64 48 53 74 54 77 67 44 91 31 64 22 7 58 72 56 22 65 72 58 24 65 64 52 66 35 46 55 24 0 12 25 8 39 39 10 17 59 20 50 88 60 57 16 64 68 41 30 10 25 40 46 26 70 17 11 24 30 69 21 67 28 19 42 60 23 60 38 43 28 48 26 
40 72 76 58 42 59 26 42 60 51 57 78 66 73 69 37 100 25 65 11 12 64 83 67 27 76 83 65 31 69 75 63 77 25 49 53 25 12 0 37 20 35 51 21 10 66 32 53 96 71 68 4 65 74 42 26 21 30 49 57 37 69 28 15 29 19 77 26 76 36 9 35 71 23 60 35 39 21 60 26 
56 36 76 65 26 22 44 60 83 54 58 77 31 94 75 67 81 48 75 47 29 57 54 42 27 47 55 56 31 67 38 27 40 60 53 69 35 25 37 0 18 59 15 18 41 54 10 57 79 35 31 41 75 67 55 47 17 26 22 23 6 83 17 27 26 54 62 27 56 20 45 65 34 41 73 57 63 51 23 43 
42 54 70 55 26 40 35 46 68 46 51 71 46 80 66 49 85 37 64 31 11 54 64 49 23 57 65 54 21 62 56 45 58 42 44 56 28 8 20 18 0 43 31 2 23 54 12 48 82 51 49 24 64 64 42 37 8 25 35 40 20 71 10 15 24 39 63 23 61 25 27 48 52 25 61 41 47 33 40 28 
11 94 49 30 45 79 60 10 25 30 34 53 77 38 40 13 86 58 33 41 33 48 83 66 61 78 83 49 31 47 93 85 93 23 28 20 60 39 35 59 43 0 69 42 25 54 49 30 83 85 88 36 34 54 15 60 49 63 78 82 62 35 42 49 62 44 65 60 69 67 28 13 87 18 27 3 5 15 77 16 
64 26 77 69 28 11 58 68 91 58 61 76 17 101 77 78 74 63 79 61 42 56 43 34 40 36 43 55 38 67 25 18 26 73 57 75 49 39 51 15 31 69 0 31 54 51 20 61 72 21 19 55 79 65 62 61 31 39 27 20 17 88 27 41 39 69 56 40 49 31 58 77 20 51 78 67 73 63 9 53 
41 54 68 53 24 40 37 45 66 44 49 69 45 78 64 49 83 39 62 32 11 52 63 47 26 56 63 52 19 60 56 45 57 42 42 54 30 10 21 18 2 42 31 0 23 51 11 46 80 51 49 25 62 61 40 39 10 27 36 40 20 69 7 17 26 40 61 25 58 27 27 47 51 24 59 40 46 33 39 27 
30 77 67 48 40 63 36 32 50 43 48 70 66 63 60 28 94 34 55 18 12 57 81 64 36 74 81 58 26 61 79 68 80 19 41 43 35 17 10 41 23 25 54 23 0 60 33 44 91 73 72 12 55 66 32 35 27 39 56 62 43 59 28 24 38 24 71 36 72 44 6 26 74 14 50 25 29 11 63 16 
44 74 29 32 28 60 88 46 64 25 23 27 45 68 34 67 34 89 41 78 55 8 35 22 76 33 35 6 36 20 66 67 62 73 26 46 82 59 66 54 54 54 51 51 60 0 47 26 30 54 65 70 40 14 39 89 60 77 75 71 60 50 44 69 76 85 11 76 16 73 67 67 58 47 44 51 57 60 53 46 
46 45 67 55 19 30 45 51 73 45 49 68 34 84 65 58 77 48 65 42 22 49 53 39 30 46 54 48 21 59 45 36 47 52 43 59 37 20 32 10 12 49 20 11 33 47 0 47 74 40 39 36 65 59 45 47 15 30 32 33 15 73 7 25 30 50 56 29 51 26 38 57 40 31 63 47 54 42 29 34 
19 87 23 8 33 71 78 21 38 3 5 26 62 44 18 42 57 77 19 62 43 19 60 44 71 56 60 21 27 17 82 78 80 51 4 19 74 50 53 57 48 30 61 46 44 26 47 0 53 71 79 55 18 24 15 78 56 73 79 78 62 28 41 61 72 68 36 70 43 72 50 43 74 30 19 27 32 40 66 28 
72 89 43 56 56 78 117 74 88 52 49 38 60 88 52 95 4 119 61 108 84 35 36 37 104 40 35 34 65 39 78 84 73 103 54 70 110 88 96 79 82 83 72 80 91 30 74 53 0 66 80 100 60 30 68 119 88 104 98 91 85 69 73 97 104 115 19 103 23 99 97 96 71 77 67 80 85 90 71 76 
79 23 83 79 40 17 78 83 105 68 70 81 9 114 86 96 67 83 90 81 62 61 32 32 60 27 32 59 54 73 12 20 9 92 68 88 68 60 71 35 51 85 21 51 73 54 40 71 66 0 15 75 89 68 76 81 52 58 41 30 37 99 46 62 59 89 55 60 45 49 78 95 5 68 90 83 90 81 12 70 
83 9 93 87 46 9 70 88 110 76 79 92 21 120 95 97 82 76 98 77 60 71 46 45 52 41 47 70 57 84 8 7 13 91 75 95 60 57 68 31 49 88 19 49 72 65 39 79 80 15 0 72 97 80 81 74 48 50 30 17 31 106 46 57 50 85 68 52 59 40 76 96 11 71 97 86 93 82 13 73 
41 76 78 60 47 63 24 44 60 54 60 81 70 73 71 36 103 23 66 7 16 68 87 71 29 80 87 68 35 72 79 67 81 22 52 55 26 16 4 41 24 36 55 25 12 70 36 55 100 75 72 0 67 77 44 24 25 32 52 60 41 70 32 18 31 15 81 28 80 39 8 34 75 26 61 36 39 21 64 28 
25 105 19 10 51 89 91 24 28 21 19 24 80 29 8 43 64 89 1 73 57 31 74 60 86 72 75 33 44 22 100 96 97 57 22 14 88 64 65 75 64 34 79 62 55 40 65 18 60 89 97 67 0 31 23 90 72 88 96 96 80 10 58 75 87 77 47 86 56 89 60 45 92 42 8 32 33 48 84 39 
43 88 16 26 40 74 97 45 58 24 20 13 60 60 24 66 33 98 32 84 62 10 47 36 87 46 47 10 44 9 80 81 77 75 26 41 92 68 74 67 64 54 65 61 66 14 59 24 30 68 80 77 31 0 39 98 71 88 89 84 72 41 55 78 87 90 17 86 27 85 72 67 73 52 37 52 56 63 68 50 
4 88 36 17 36 73 67 7 29 15 20 39 67 39 28 28 71 66 23 50 34 33 70 53 64 66 70 34 24 32 86 79 84 37 14 14 65 41 42 55 42 15 62 40 32 39 45 15 68 76 81 44 23 39 0 67 49 66 76 78 59 29 38 52 65 55 50 63 55 67 37 28 79 19 19 12 18 26 69 16 
65 74 101 84 63 66 3 68 83 77 82 103 78 97 95 58 122 3 90 19 36 88 100 85 22 93 100 89 54 94 81 67 85 43 74 79 13 30 26 47 37 60 61 39 35 89 47 78 119 81 74 24 90 98 67 0 32 24 46 58 44 94 46 22 23 21 100 21 97 34 32 56 80 49 85 60 63 45 69 51 
49 51 77 63 33 39 29 53 74 54 58 79 47 86 73 55 91 33 72 30 17 61 68 54 16 61 69 61 28 69 55 42 57 45 51 63 22 10 21 17 8 49 31 10 27 60 15 56 88 52 48 25 72 71 49 32 0 17 29 36 16 78 16 10 16 38 70 15 66 18 29 53 51 32 68 48 53 38 40 35 
65 51 95 80 49 42 21 69 89 71 76 96 56 101 91 67 107 26 88 33 32 78 80 68 3 73 81 78 46 87 58 43 62 54 69 79 11 25 30 26 25 63 39 27 39 77 30 73 104 58 50 32 88 88 66 24 17 0 23 34 22 95 33 15 1 39 86 4 81 10 39 65 57 48 85 63 67 50 46 50 
77 29 99 87 49 25 43 81 102 77 81 99 42 114 97 84 100 49 97 55 46 79 69 61 25 62 69 78 52 90 37 23 42 73 75 90 33 40 49 22 35 78 27 36 56 75 32 79 98 41 30 52 96 89 76 46 29 23 0 12 17 104 38 34 23 61 82 26 75 13 58 82 38 60 94 76 82 67 31 63 
79 17 96 87 46 14 54 83 106 76 79 96 32 117 96 89 92 60 97 64 51 75 59 53 36 53 60 74 53 87 25 10 30 81 74 91 45 46 57 23 40 82 20 40 62 71 33 78 91 30 17 60 96 84 78 58 36 34 12 0 20 105 40 43 34 71 76 37 68 24 65 87 26 64 95 80 86 73 20 66 
60 35 82 70 32 23 41 64 86 60 64 82 35 98 80 69 87 46 80 46 31 63 59 48 23 52 59 62 35 73 39 26 42 61 58 73 31 26 37 6 20 62 17 20 43 60 15 62 85 37 31 41 80 72 59 44 16 22 17 20 0 87 21 25 22 53 67 23 62 14 46 68 36 44 78 61 67 53 25 47 
29 114 27 19 60 98 95 27 21 31 29 32 90 19 17 42 73 93 9 76 63 42 85 70 92 82 85 44 52 32 110 105 107 57 31 16 93 70 69 83 71 35 88 69 59 50 73 28 69 99 106 70 10 41 29 94 78 95 104 105 87 0 66 81 93 79 57 91 66 96 63 44 102 47 10 34 33 50 94 44 
39 52 62 49 17 37 44 43 66 39 43 63 39 77 59 51 76 47 59 39 16 45 55 40 32 49 56 45 14 54 52 43 53 46 37 52 37 17 28 17 10 42 27 7 28 44 7 41 73 46 46 32 58 55 38 46 16 33 38 40 21 66 0 25 32 47 54 31 51 31 33 50 47 24 56 40 47 36 36 27 
51 59 83 67 41 48 20 54 74 59 64 85 58 87 78 52 100 22 75 21 18 68 78 64 12 71 79 68 35 76 64 51 67 40 57 65 14 11 15 27 15 49 41 17 24 69 25 61 97 62 57 18 75 78 52 22 10 15 34 43 25 81 25 0 14 28 79 11 76 21 24 50 61 34 71 48 53 35 50 36 
64 51 94 79 48 43 20 68 87 70 75 95 56 100 90 66 106 26 87 32 31 77 80 68 2 73 81 77 45 86 58 44 62 53 68 78 10 24 29 26 24 62 39 26 38 76 30 72 104 59 50 31 87 87 65 23 16 1 23 34 22 93 32 14 0 38 85 3 81 11 38 64 57 47 84 62 66 49 47 49 
52 88 90 71 62 76 24 53 65 67 72 93 84 78 82 39 118 18 76 8 31 82 102 86 36 95 102 82 49 85 92 79 95 23 65 64 30 30 19 54 39 44 69 40 24 85 50 68 115 89 85 15 77 90 55 21 38 39 61 71 53 79 47 28 38 0 95 36 95 48 18 37 89 39 70 45 46 29 78 40 
54 77 33 41 37 64 98 57 73 35 32 29 47 76 40 78 22 100 48 88 65 17 30 23 85 31 30 16 46 26 68 71 63 84 37 55 91 69 77 62 63 65 56 61 71 11 56 36 19 55 68 81 47 17 50 100 70 86 82 76 67 57 54 79 85 95 0 85 11 81 78 78 60 58 53 62 68 71 57 57 
62 53 92 77 48 44 18 66 85 68 73 94 57 98 88 63 106 24 86 29 28 76 81 68 1 74 81 76 43 85 60 46 64 50 66 76 8 21 26 27 23 60 40 25 36 76 29 70 103 60 52 28 86 86 63 21 15 4 26 37 23 91 31 11 3 36 85 0 81 13 35 61 58 45 82 59 64 47 48 47 
59 68 43 48 34 55 95 62 80 41 39 40 38 85 50 82 25 98 57 88 64 25 20 15 81 20 20 23 46 35 58 62 53 86 42 62 88 67 76 56 61 69 49 58 72 16 51 43 23 45 59 80 56 27 55 97 66 81 75 68 62 66 51 76 81 95 11 81 0 76 78 82 50 60 60 66 72 74 48 60 
67 40 93 80 45 33 31 71 92 70 75 94 48 105 90 72 101 36 89 42 35 75 73 62 13 66 73 75 45 85 48 33 52 61 68 81 21 28 36 20 25 67 31 27 44 73 26 72 99 49 40 39 89 85 67 34 18 10 13 24 14 96 31 21 11 48 81 13 76 0 45 70 47 50 86 66 71 55 37 53 
34 80 72 54 46 67 32 36 52 49 54 75 72 65 65 28 100 30 59 13 17 63 87 70 36 80 87 64 32 67 83 71 84 16 47 47 34 19 9 45 27 28 58 27 6 67 38 50 97 78 76 8 60 72 37 32 29 39 58 65 46 63 33 24 38 18 78 35 78 45 0 26 78 20 54 29 31 13 67 22 
24 101 62 43 56 87 57 23 28 44 48 66 87 41 52 2 99 54 44 36 37 61 95 78 62 90 95 63 41 60 102 92 102 14 42 31 60 42 35 65 48 13 77 47 26 67 57 43 96 95 96 34 45 67 28 56 53 65 82 87 68 44 50 50 64 37 78 61 82 70 26 0 96 26 37 16 12 15 85 25 
81 18 87 83 43 14 77 85 108 71 74 85 13 117 89 97 72 82 93 81 62 65 36 37 58 31 37 63 56 77 8 17 6 93 71 91 67 60 71 34 52 87 20 51 74 58 40 74 71 5 11 75 92 73 79 80 51 57 38 26 36 102 47 61 57 89 60 58 50 47 78 96 0 70 93 85 91 82 11 72 
18 77 52 35 30 61 49 21 42 29 34 55 61 54 46 27 80 48 42 33 16 43 71 53 45 65 71 44 15 47 76 67 76 27 26 32 47 23 23 41 25 18 51 24 14 47 31 30 77 68 71 26 42 52 19 49 32 48 60 64 44 47 24 34 47 39 58 45 60 50 20 26 70 0 37 16 22 14 59 3 
20 105 26 12 51 89 85 17 21 22 22 31 81 25 16 36 70 84 7 67 53 36 78 63 82 75 78 38 42 28 101 96 99 50 22 7 84 60 60 73 61 27 78 59 50 44 63 19 67 90 97 61 8 37 19 85 68 85 94 95 78 10 56 71 84 70 53 82 60 86 54 37 93 37 0 26 26 41 85 35 
8 92 47 28 43 77 61 8 26 28 32 51 74 39 38 15 83 58 31 41 32 45 80 63 60 75 81 47 29 44 91 83 91 25 26 19 60 38 35 57 41 3 67 40 25 51 47 27 80 83 86 36 32 52 12 60 48 63 76 80 61 34 40 48 62 45 62 59 66 66 29 16 85 16 26 0 7 16 74 14 
13 99 50 31 50 83 63 11 21 33 36 54 81 34 40 11 88 61 32 43 37 50 87 70 65 82 87 52 36 48 98 90 97 24 31 19 64 43 39 63 47 5 73 46 29 57 54 32 85 90 93 39 33 56 18 63 53 67 82 86 67 33 47 53 66 46 68 64 72 71 31 12 91 22 26 7 0 18 81 20 
23 87 61 43 44 72 46 24 39 40 44 65 74 52 53 17 94 43 47 26 22 56 85 68 48 79 85 57 29 57 88 78 88 13 37 35 46 28 21 51 33 15 63 33 11 60 42 40 90 81 82 21 48 63 26 45 38 50 67 73 53 50 36 35 49 29 71 47 74 55 13 15 82 14 41 16 18 0 71 14 
71 21 81 75 34 7 66 76 98 63 66 80 12 108 82 86 72 71 85 70 51 59 39 34 48 32 39 58 46 71 17 14 17 81 63 82 56 48 60 23 40 77 9 39 63 53 29 66 71 12 13 64 84 68 69 69 40 46 31 20 25 94 36 50 47 78 57 48 48 37 67 85 11 59 85 74 81 71 0 61 
15 79 50 32 31 63 51 18 40 27 32 53 62 52 43 25 80 50 39 35 19 42 71 54 48 65 71 43 17 45 78 69 78 27 25 29 49 26 26 43 28 16 53 27 16 46 34 28 76 70 73 28 39 50 16 51 35 50 63 66 47 44 27 36 49 40 57 47 60 53 22 25 72 3 35 14 20 14 61 0 
0 20 0 0 0 332 49 150 2766 215 0 0 231 168 0 2270 1373 106 60 0 16 10 2102 1741 23 610 981 150 119 0 0 119 47 481 25 458 27 1701 14 0 30 0 21 0 47 52 34 36 60 83 0 168 871 90 34 0 15 24 2419 383 36 116 27 32 0 0 743 938 8 916 0 0 69 0 814 379 274 113 166 131 
20 0 16 0 0 405 0 3000 0 109 141 234 50 0 0 112 0 662 1991 178 19 160 136 1017 3000 284 43 68 0 32 0 0 30 160 220 0 352 0 0 0 14 0 1866 126 0 69 30 3000 114 3000 123 1926 14 451 54 0 127 0 106 126 96 0 464 182 0 37 1837 64 2984 1625 0 0 0 0 0 394 1599 134 0 0 
0 16 0 2510 76 67 0 0 0 120 40 29 15 0 55 0 0 0 46 942 34 575 0 3000 497 55 2300 0 0 89 113 11 0 129 162 460 37 0 0 0 3000 165 357 25 0 273 10 1591 96 0 72 10 0 0 15 697 18 0 38 248 0 0 788 176 193 16 49 154 7 0 397 64 730 2928 557 369 0 0 0 0 
0 0 2510 0 80 11 0 28 148 18 60 7 678 2713 41 21 101 0 210 34 11 16 0 18 364 2550 285 1612 0 45 16 17 0 39 53 12 239 174 0 160 631 488 30 0 110 96 841 0 703 0 37 82 0 0 62 110 54 0 18 1898 0 86 37 0 1950 104 87 333 76 493 29 139 283 59 435 0 0 0 74 318 
0 0 76 80 0 1078 0 0 24 0 0 68 19 44 51 0 303 0 23 92 8 380 0 322 37 1131 0 66 0 208 671 2832 0 0 383 18 3000 0 0 212 0 34 12 0 0 0 97 0 11 0 535 0 0 0 302 269 256 0 164 116 0 382 127 0 140 1170 94 255 922 0 3000 259 67 1674 15 0 0 0 0 448 
332 405 67 11 1078 0 0 1108 0 75 12 14 581 0 579 546 0 0 1199 24 96 40 404 22 164 36 572 2854 0 12 323 790 979 804 432 103 563 0 0 0 166 57 149 27 0 16 102 119 686 271 17 10 11 0 389 41 305 0 543 72 1036 0 44 56 8 37 283 67 30 1603 142 1459 31 58 110 469 0 721 0 0 
49 0 0 0 0 0 0 210 77 0 0 0 173 14 0 1029 3000 402 13 0 0 0 0 22 2188 25 45 48 1864 0 0 76 1003 56 1204 486 0 30 304 151 489 0 76 0 81 0 0 28 198 118 0 0 24 148 0 0 22 45 230 849 0 11 353 0 3000 0 39 0 0 444 0 0 200 0 101 0 606 12 960 78 
150 3000 0 28 0 1108 210 0 103 71 0 0 28 164 0 15 78 104 401 0 872 3000 440 11 44 203 258 717 11 0 0 68 47 2165 717 139 43 71 88 0 285 0 1193 0 95 458 3000 187 621 14 0 156 204 32 8 0 169 151 90 28 365 2030 265 43 126 0 11 17 173 10 0 0 9 0 91 1645 1589 58 92 10 
2766 0 0 148 24 0 77 103 0 0 0 0 141 241 1144 144 151 98 221 0 106 32 0 1032 166 12 7 228 997 403 90 2813 117 3000 98 102 864 557 17 548 14 14 61 0 90 0 0 23 30 156 0 0 46 0 0 1677 502 86 95 140 0 529 45 0 62 105 303 2712 1304 27 391 41 43 11 389 0 111 331 207 2669 
215 109 120 18 0 75 0 71 0 0 249 42 58 0 0 12 9 73 82 171 25 18 21 132 46 548 116 215 0 54 8 67 39 43 66 0 7 0 14 0 25 0 17 591 0 1772 21 82 46 12 203 46 1710 3000 214 2287 566 46 8 741 12 17 64 13 0 49 49 2275 83 76 0 0 0 2601 15 30 36 186 0 0 
0 141 40 60 0 12 0 0 0 249 0 902 320 0 0 0 0 0 667 75 607 1191 26 28 284 9 8 0 0 722 41 57 0 50 53 0 1429 0 0 0 255 180 12 8 0 100 998 20 3000 0 916 41 653 0 1400 22 43 0 312 242 13 0 35 21 0 77 17 163 439 0 0 176 0 277 0 293 0 0 0 0 
0 234 29 7 68 14 0 0 0 42 902 0 2162 0 1099 0 0 0 74 738 10 326 0 19 2181 59 21 0 0 794 111 8 0 0 218 0 3000 0 0 0 42 36 425 120 0 1234 74 0 186 0 13 25 0 0 339 107 3000 0 11 160 0 0 33 53 8 25 67 216 81 0 56 437 0 46 174 166 0 0 0 0 
231 50 15 678 19 581 173 28 141 58 320 2162 0 1521 32 749 12 71 15 89 967 826 23 420 81 42 645 15 66 813 70 1209 45 2211 47 769 56 78 688 279 40 11 22 0 1003 50 156 134 48 72 409 100 347 173 438 24 44 776 225 157 47 234 308 23 10 668 32 128 140 11 88 440 62 13 24 1532 23 82 41 66 
168 0 0 2713 44 0 14 164 241 0 0 0 1521 0 10 9 343 36 8 0 0 200 0 3000 18 208 120 111 11 0 40 299 1721 26 553 166 50 360 7 96 33 84 21 0 23 0 0 656 472 60 0 0 327 134 0 354 147 42 74 17 0 13 85 0 39 0 38 10 0 105 78 44 755 34 225 0 94 18 26 115 
0 0 55 41 51 579 0 0 1144 0 0 1099 32 10 0 0 180 0 361 146 92 510 0 18 16 24 0 36 0 9 131 68 0 0 217 1524 1388 0 0 438 60 16 1260 0 0 132 32 0 1031 0 594 0 0 0 395 1436 614 0 1878 72 0 9 308 0 109 204 1014 785 31 0 26 26 391 106 3000 0 0 0 0 2666 
2270 112 0 21 0 546 1029 15 144 12 0 0 749 9 0 0 603 84 33 0 353 93 124 22 230 1945 13 89 767 0 188 433 203 269 10 674 97 1106 2422 97 144 28 62 0 12 189 222 143 69 107 0 19 347 35 326 266 62 48 35 54 226 8 120 195 36 1218 130 116 28 702 0 0 772 2602 28 638 215 116 20 59 
1373 0 0 101 303 0 3000 78 151 9 0 0 12 343 180 603 0 643 69 0 1518 55 1511 717 882 191 3000 13 343 377 73 128 221 26 1261 8 211 166 302 437 228 12 90 0 515 0 0 125 257 49 0 37 241 1381 0 18 30 1768 3000 853 21 557 205 0 436 15 33 218 548 65 38 2612 150 7 61 0 154 11 116 2675 
106 662 0 0 0 0 402 104 98 73 0 0 71 36 0 84 643 0 211 0 0 122 58 192 175 1280 837 1292 718 0 0 3000 99 12 3000 19 623 9 118 0 85 0 75 0 48 72 0 673 982 172 0 54 454 162 0 0 118 182 189 171 7 11 344 13 113 0 56 0 118 436 0 0 37 0 131 194 11 13 49 30 
60 1991 46 210 23 1199 13 401 221 82 667 74 15 8 361 33 69 211 0 654 344 341 851 189 97 65 127 21 108 47 139 11 636 3000 3000 656 14 139 1571 205 77 150 136 0 241 40 63 33 17 84 106 346 365 174 85 439 58 7 10 260 636 110 53 57 246 318 365 51 1251 26 81 140 196 1126 60 82 23 3000 164 3000 
0 178 942 34 92 24 0 0 0 171 75 738 89 0 146 0 0 0 654 0 3000 8 0 37 401 15 156 0 0 70 227 7 0 0 292 57 47 0 0 3000 79 65 95 81 0 57 48 0 818 0 16 184 0 0 643 164 335 0 165 18 0 0 254 591 11 306 3000 20 1377 0 3000 8 133 498 1145 1780 0 0 0 0 
16 19 34 11 8 96 0 872 106 25 607 10 967 0 92 353 1518 0 344 3000 0 129 161 21 153 49 20 13 0 1547 24 200 296 1191 25 46 340 0 0 8 2901 41 31 3000 0 3000 76 891 508 72 22 263 102 0 136 220 814 0 1699 38 1300 255 915 637 129 94 152 9 7 523 415 505 321 93 452 139 0 54 0 244 
10 160 575 16 380 40 0 3000 32 18 1191 326 826 200 510 93 55 122 341 8 129 0 54 141 101 3000 973 306 0 535 224 46 78 24 514 259 241 136 47 342 32 47 10 1139 0 195 11 402 155 3000 31 229 18 1332 26 1583 1589 1687 91 232 137 14 222 240 55 84 1041 165 97 386 14 137 963 52 1526 8 344 90 3000 9 
2102 136 0 0 0 404 0 440 0 21 26 0 23 0 0 124 1511 58 851 0 161 54 0 306 2952 12 171 31 0 0 0 0 857 93 337 0 238 12 336 0 252 0 257 0 0 452 32 194 334 366 11 537 52 8 50 0 84 691 202 9 130 21 1113 134 0 0 10 31 40 117 0 0 0 0 8 30 152 121 557 0 
1741 1017 3000 18 322 22 22 11 1032 132 28 19 420 3000 18 22 717 192 189 37 21 141 306 0 530 442 143 350 41 58 3000 89 326 29 2775 805 421 56 22 164 1197 26 322 0 395 10 12 238 783 33 21 83 453 9 294 10 8 2065 1912 20 1632 38 355 81 177 325 46 10 298 861 12 526 61 26 182 31 343 1896 1104 24 
23 3000 497 364 37 164 2188 44 166 46 284 2181 81 18 16 230 882 175 97 401 153 101 2952 530 0 3000 1064 10 0 3000 32 33 66 105 22 86 1666 390 178 3000 55 45 415 8 0 23 41 17 1001 180 45 2267 3000 88 364 432 401 2062 28 124 1109 385 16 41 771 44 565 190 458 61 56 37 85 242 89 110 8 3000 226 1310 
610 284 55 2550 1131 36 25 203 12 548 9 59 42 208 24 1945 191 1280 65 15 49 3000 12 442 3000 0 1735 22 59 8 1087 1461 340 102 395 436 442 42 9 479 52 21 26 17 110 74 683 17 344 77 59 30 62 61 8 153 103 3000 8 52 3000 241 21 543 164 1198 39 53 288 75 386 631 450 267 112 129 33 227 299 723 
981 43 2300 285 0 572 45 258 7 116 8 21 645 120 0 13 3000 837 127 156 20 973 171 143 1064 1735 0 2585 563 2631 19 403 209 1079 34 14 21 36 69 0 431 22 18 0 8 203 2454 50 13 1546 22 24 141 13 47 8 86 1322 1279 1076 206 65 44 78 81 18 15 15 10 7 0 0 115 27 279 13 182 1352 45 12 
150 68 0 1612 66 2854 48 717 228 215 0 0 15 111 36 89 13 1292 21 0 13 306 31 350 10 22 2585 0 43 335 2317 190 1280 60 65 17 493 167 11 8 21 44 217 0 2965 2947 27 69 87 124 0 7 46 478 7 773 21 1225 11 251 479 310 250 12 60 11 540 9 13 54 1415 0 129 10 112 278 72 493 292 35 
119 0 0 0 0 0 1864 11 997 0 0 0 66 11 0 767 343 718 108 0 0 0 0 41 0 59 563 43 0 0 0 629 132 56 135 37 0 1081 11 34 273 0 91 0 48 0 0 25 309 72 0 0 29 23 0 0 23 64 27 30 0 3000 309 0 20 0 35 0 0 10 0 0 17 0 1128 0 477 92 409 58 
0 32 89 45 208 12 0 0 403 54 722 794 813 0 9 0 377 0 47 70 1547 535 0 58 3000 8 2631 335 0 0 84 211 0 0 56 113 12 0 0 8 1055 109 732 20 0 172 676 0 98 0 13 827 0 0 793 7 96 0 14 504 0 0 244 0 22 859 141 1828 77 0 22 44 53 378 178 10 0 0 0 1075 
0 0 113 16 671 323 0 0 90 8 41 111 70 40 131 188 73 0 139 227 24 224 0 3000 32 1087 19 2317 0 84 0 3000 0 0 190 48 801 0 0 515 426 53 15 1794 0 194 2787 0 185 0 349 11 0 0 93 17 526 0 75 44 0 17 3000 0 40 370 424 378 478 34 81 49 36 18 624 19 0 0 0 85 
119 0 11 17 2832 790 76 68 2813 67 57 8 1209 299 68 433 128 3000 11 7 200 46 0 89 33 1461 403 190 629 211 3000 0 76 1382 209 1211 615 35 30 18 206 13 17 0 11 87 2883 157 141 264 15 204 263 0 556 29 33 761 27 22 0 12 8 12 844 17 67 10 10 123 102 14 1608 660 286 710 0 0 410 89 
47 30 0 0 0 979 1003 47 117 39 0 0 45 1721 0 203 221 99 636 0 296 78 857 326 66 340 209 1280 132 0 0 76 0 49 52 0 50 46 403 0 119 0 23 0 181 167 68 84 255 33 0 807 733 403 234 0 199 14 487 39 27 23 45 193 0 0 21 0 135 35 0 0 0 0 56 3000 181 44 342 230 
481 160 129 39 0 804 56 2165 3000 43 50 0 2211 26 0 269 26 12 3000 0 1191 24 93 29 105 102 1079 60 56 0 0 1382 49 0 111 164 491 215 310 0 15 0 390 0 2719 309 195 106 141 1078 205 9 155 875 15 0 15 16 1331 78 242 402 210 96 192 13 10 155 776 49 0 0 1104 49 82 14 83 319 10 176 
25 220 162 53 383 432 1204 717 98 66 53 218 47 553 217 10 1261 3000 3000 292 25 514 337 2775 22 395 34 65 135 56 190 209 52 111 0 741 118 333 158 3000 26 47 178 0 14 387 328 134 13 71 186 89 18 9 397 32 58 11 349 99 34 9 17 149 220 282 65 105 2313 773 1482 184 3000 35 27 66 103 598 18 531 
458 0 460 12 18 103 486 139 102 0 0 0 769 166 1524 674 8 19 656 57 46 259 0 805 86 436 14 17 37 113 48 1211 0 164 741 0 51 3000 28 275 3000 42 152 0 12 0 58 0 245 69 0 0 321 0 344 720 106 73 55 1300 0 168 3000 0 7 225 3000 790 111 47 237 1721 13 109 34 0 0 0 1454 42 
27 352 37 239 3000 563 0 43 864 7 1429 3000 56 50 1388 97 211 623 14 47 340 241 238 421 1666 442 21 493 0 12 801 615 50 491 118 51 0 16 0 1326 192 234 15 10 0 484 2022 102 145 302 98 112 174 0 128 39 594 0 71 15 248 136 23 40 51 2469 41 12 421 409 31 9 172 9 37 112 0 221 400 2778 
1701 0 0 174 0 0 30 71 557 0 0 0 78 360 0 1106 166 9 139 0 0 136 12 56 390 42 36 167 1081 0 0 35 46 215 333 3000 16 0 11 245 3000 0 323 0 24 0 0 1070 164 54 0 0 33 750 0 63 69 39 115 174 12 597 1040 0 3000 0 125 0 0 1061 179 0 28 0 956 0 3000 3000 37 32 
14 0 0 0 0 0 304 88 17 14 0 0 688 7 0 2422 302 118 1571 0 0 47 336 22 178 9 69 11 11 0 0 30 403 310 158 28 0 11 0 0 13 0 55 0 597 0 0 1586 201 298 0 55 496 28 0 0 35 14 13 3000 1494 1079 8 29 32 0 39 0 0 18 0 0 62 0 23 0 82 220 1180 95 
0 0 0 160 212 0 151 0 548 0 0 0 279 96 438 97 437 0 205 3000 8 342 0 164 3000 479 0 8 34 8 515 18 0 0 3000 275 1326 245 0 0 8 7 97 0 40 0 33 0 57 0 0 0 0 0 0 10 23 0 94 162 0 18 59 0 393 10 1034 336 9 382 139 168 26 1402 60 0 0 0 101 83 
30 14 3000 631 0 166 489 285 14 25 255 42 40 33 60 144 228 85 77 79 2901 32 252 1197 55 52 431 21 273 1055 426 206 119 15 26 3000 192 3000 13 8 0 54 8 1113 129 9 45 67 34 53 256 21 8 8 62 58 8 2138 1694 65 36 8 14 228 246 612 2485 38 759 271 62 31 159 297 714 121 25 96 7 330 
0 0 165 488 34 57 0 0 14 0 180 36 11 84 16 28 12 0 150 65 41 47 0 26 45 21 22 44 0 109 53 13 0 0 47 42 234 0 0 7 54 0 271 389 0 19 56 0 39 0 692 8 0 0 400 44 914 0 140 578 0 84 229 0 1494 28 13 251 109 9 57 14 215 117 40 10 0 0 0 89 
21 1866 357 30 12 149 76 1193 61 17 12 425 22 21 1260 62 90 75 136 95 31 10 257 322 415 26 18 217 91 732 15 17 23 390 178 152 15 323 55 97 8 271 0 201 538 259 14 301 31 3000 58 61 17 211 258 15 174 39 17 8 1320 134 903 48 216 7 21 671 271 37 23 1853 556 35 108 22 374 1377 3000 178 
0 126 25 0 0 27 0 0 0 591 8 120 0 0 0 0 0 0 0 81 3000 1139 0 0 8 17 0 0 0 20 1794 0 0 0 0 0 10 0 0 0 1113 389 201 0 0 184 261 0 0 0 219 168 0 0 7 222 256 0 54 0 0 0 0 8 0 2872 0 24 21 0 0 0 0 212 0 110 0 0 0 0 
47 0 0 110 0 0 81 95 90 0 0 0 1003 23 0 12 515 48 241 0 0 0 0 395 0 110 8 2965 48 0 0 11 181 2719 14 12 0 24 597 40 129 0 538 0 0 0 0 0 66 34 0 0 7 27 0 0 123 371 1722 190 0 135 174 0 1700 0 412 0 0 14 0 0 29 0 3000 0 467 165 3000 1513 
52 69 273 96 0 16 0 458 0 1772 100 1234 50 0 132 189 0 72 40 57 3000 195 452 10 23 74 203 2947 0 172 194 87 167 309 387 0 484 0 0 0 9 19 259 184 0 0 513 2393 3000 36 1109 62 86 253 836 62 16 157 88 118 64 0 270 9 38 25 1069 73 46 359 0 977 59 41 8 94 331 116 0 0 
34 30 10 841 97 102 0 3000 0 21 998 74 156 0 32 222 0 0 63 48 76 11 32 12 41 683 2454 27 0 676 2787 2883 68 195 328 58 2022 0 0 33 45 56 14 261 0 513 0 3000 32 0 221 38 546 0 711 27 458 0 1095 10 100 0 11 44 9 17 151 69 68 21 143 77 1321 96 13 201 0 12 0 0 
36 3000 1591 0 0 119 28 187 23 82 20 0 134 656 0 143 125 673 33 0 891 402 194 238 17 17 50 69 25 0 0 157 84 106 134 0 102 1070 1586 0 67 0 301 0 0 2393 3000 0 1421 723 33 330 27 334 882 0 204 139 11 716 13 23 2016 18 0 49 43 239 42 972 0 0 0 0 22 50 67 1039 67 376 
60 114 96 703 11 686 198 621 30 46 3000 186 48 472 1031 69 257 982 17 818 508 155 334 783 1001 344 13 87 309 98 185 141 255 141 13 245 145 164 201 57 34 39 31 0 66 3000 32 1421 0 98 457 80 72 1024 70 8 15 35 269 208 17 342 328 13 180 1055 159 10 402 98 123 194 2324 93 506 44 11 206 45 84 
83 3000 0 0 0 271 118 14 156 12 0 0 72 60 0 107 49 172 84 0 72 3000 366 33 180 77 1546 124 72 0 0 264 33 1078 71 69 302 54 298 0 53 0 3000 0 34 36 0 723 98 0 0 763 394 50 0 0 1902 529 912 1224 91 412 62 125 14 0 176 2032 3000 688 0 0 27 0 115 1894 18 15 78 375 
0 123 72 37 535 17 0 0 0 203 916 13 409 0 594 0 0 0 106 16 22 31 11 21 45 59 22 0 0 13 349 15 0 205 186 0 98 0 0 0 256 692 58 219 0 1109 221 33 457 0 0 56 0 0 122 32 344 0 1694 380 16 0 174 2279 10 279 91 1309 79 0 42 8 0 208 373 15 0 0 0 0 
168 1926 10 82 0 10 0 156 0 46 41 25 100 0 0 19 37 54 346 184 263 229 537 83 2267 30 24 7 0 827 11 204 807 9 89 0 112 0 55 0 21 8 61 168 0 62 38 330 80 763 56 0 36 355 194 16 25 56 44 21 9 116 273 341 0 889 10 23 20 8 0 0 0 318 236 16 118 3000 0 0 
871 14 0 0 0 11 24 204 46 1710 653 0 347 327 0 347 241 454 365 0 102 18 52 453 3000 62 141 46 29 0 0 263 733 155 18 321 174 33 496 0 8 0 17 0 7 86 546 27 72 394 0 36 0 70 19 0 10 48 383 11 81 197 209 231 683 17 12 35 253 319 0 0 2095 0 37 880 2296 83 217 217 
90 451 0 0 0 0 148 32 0 3000 0 0 173 134 0 35 1381 162 174 0 0 1332 8 9 88 61 13 478 23 0 0 0 403 875 9 0 0 750 28 0 8 0 211 0 27 253 0 334 1024 50 0 355 70 0 0 0 16 152 9 244 8 325 11 89 0 0 349 0 23 47 0 0 0 0 0 209 14 235 75 0 
34 54 15 62 302 389 0 8 0 214 1400 339 438 0 395 326 0 0 85 643 136 26 50 294 364 8 47 7 0 793 93 556 234 15 397 344 128 0 0 0 62 400 258 7 0 836 711 882 70 0 122 194 19 0 0 7 580 0 67 30 2218 0 42 10 362 1575 574 13 86 49 1023 30 2281 62 20 59 0 894 0 0 
0 0 697 110 269 41 0 0 1677 2287 22 107 24 354 1436 266 18 0 439 164 220 1583 0 10 432 153 8 773 0 7 17 29 0 0 32 720 39 63 0 10 58 44 15 222 0 62 27 0 8 0 32 16 0 0 7 0 183 0 26 8 0 378 33 0 2836 76 9 45 89 286 225 3000 136 116 20 765 0 0 0 194 
15 127 18 54 256 305 22 169 502 566 43 3000 44 147 614 62 30 118 58 335 814 1589 84 8 401 103 86 21 23 96 526 33 199 15 58 106 594 69 35 23 8 914 174 256 123 16 458 204 15 1902 344 25 10 16 580 183 0 35 30 1937 134 470 1045 110 28 59 41 703 11 935 28 14 1115 19 1035 61 171 82 7 12 
24 0 0 0 0 0 45 151 86 46 0 0 776 42 0 48 1768 182 7 0 0 1687 691 2065 2062 3000 1322 1225 64 0 0 761 14 16 11 73 0 39 14 0 2138 0 39 0 371 157 0 139 35 529 0 56 48 152 0 0 35 0 529 783 79 25 246 14 0 0 199 0 136 792 0 0 47 0 28 0 264 29 2547 1749 
2419 106 38 18 164 543 230 90 95 8 312 11 225 74 1878 35 3000 189 10 165 1699 91 202 1912 28 8 1279 11 27 14 75 27 487 1331 349 55 71 115 13 94 1694 140 17 54 1722 88 1095 11 269 912 1694 44 383 9 67 26 30 529 0 17 26 1779 53 44 33 10 35 1579 222 16 123 59 562 102 8 141 177 15 779 854 
383 126 248 1898 116 72 849 28 140 741 242 160 157 17 72 54 853 171 260 18 38 232 9 20 124 52 1076 251 30 504 44 22 39 78 99 1300 15 174 3000 162 65 578 8 0 190 118 10 716 208 1224 380 21 11 244 30 8 1937 783 17 0 26 130 12 864 169 1044 81 8 148 85 664 34 43 1198 75 54 391 208 20 126 
36 96 0 0 0 1036 0 365 0 12 13 0 47 0 0 226 21 7 636 0 1300 137 130 1632 1109 3000 206 479 0 0 0 0 27 242 34 0 248 12 1494 0 36 0 1320 0 0 64 100 13 17 91 16 9 81 8 2218 0 134 79 26 26 0 766 268 2209 0 0 704 10 18 2455 0 0 0 0 38 869 339 85 3000 0 
116 0 0 86 382 0 11 2030 529 17 0 0 234 13 9 8 557 11 110 0 255 14 21 38 385 241 65 310 3000 0 17 12 23 402 9 168 136 597 1079 18 8 84 134 0 135 0 0 23 342 412 0 116 197 325 0 378 470 25 1779 130 766 0 97 0 150 474 1646 135 139 441 3000 12 154 74 3000 0 499 11 129 2258 
27 464 788 37 127 44 353 265 45 64 35 33 308 85 308 120 205 344 53 254 915 222 1113 355 16 21 44 250 309 244 3000 8 45 210 17 3000 23 1040 8 59 14 229 903 0 174 270 11 2016 328 62 174 273 209 11 42 33 1045 246 53 12 268 97 0 9 57 59 19 304 1393 1428 219 744 129 25 111 14 69 101 24 749 
32 182 176 0 0 56 0 43 0 13 21 53 23 0 0 195 0 13 57 591 637 240 134 81 41 543 78 12 0 0 0 12 193 96 149 0 40 0 29 0 228 0 48 8 0 9 44 18 13 125 2279 341 231 89 10 0 110 14 44 864 2209 0 9 0 0 10 136 49 1180 164 0 0 0 0 24 143 72 100 0 0 
0 0 193 1950 140 8 3000 126 62 0 0 8 10 39 109 36 436 113 246 11 129 55 0 177 771 164 81 60 20 22 40 844 0 192 220 7 51 3000 32 393 246 1494 216 0 1700 38 9 0 180 14 10 0 683 0 362 2836 28 0 33 169 0 150 57 0 0 109 52 137 21 28 1093 12 56 1101 63 0 0 0 70 124 
0 37 16 104 1170 37 0 0 105 49 77 25 668 0 204 1218 15 0 318 306 94 84 0 325 44 1198 18 11 0 859 370 17 0 13 282 225 2469 0 0 10 612 28 7 2872 0 25 17 49 1055 0 279 889 17 0 1575 76 59 0 10 1044 0 474 59 10 109 0 48 12 30 908 47 171 168 233 3000 260 0 0 0 86 
743 1837 49 87 94 283 39 11 303 49 17 67 32 38 1014 130 33 56 365 3000 152 1041 10 46 565 39 15 540 35 141 424 67 21 10 65 3000 41 125 39 1034 2485 13 21 0 412 1069 151 43 159 176 91 10 12 349 574 9 41 199 35 81 704 1646 19 136 52 48 0 98 64 40 137 19 25 12 1584 318 826 107 28 570 
938 64 154 333 255 67 0 17 2712 2275 163 216 128 10 785 116 218 0 51 20 9 165 31 10 190 53 15 9 0 1828 378 10 0 155 105 790 12 0 0 336 38 251 671 24 0 73 69 239 10 2032 1309 23 35 0 13 45 703 0 1579 8 10 135 304 49 137 12 98 0 16 71 1866 38 66 129 665 49 0 0 0 50 
8 2984 7 76 922 30 0 173 1304 83 439 81 140 0 31 28 548 118 1251 1377 7 97 40 298 458 288 10 13 0 77 478 10 135 776 2313 111 421 0 0 9 759 109 271 21 0 46 68 42 402 3000 79 20 253 23 86 89 11 136 222 148 18 139 1393 1180 21 30 64 16 0 15 450 375 2207 1584 25 21 126 3000 0 418 
916 1625 0 493 0 1603 444 10 27 76 0 0 11 105 0 702 65 436 26 0 523 386 117 861 61 75 7 54 10 0 34 123 35 49 773 47 409 1061 18 382 271 9 37 0 14 359 21 972 98 688 0 8 319 47 49 286 935 792 16 85 2455 441 1428 164 28 908 40 71 15 0 19 0 8 1143 924 1041 149 451 31 30 
0 0 397 29 3000 142 0 0 391 0 0 56 88 78 26 0 38 0 81 3000 415 14 0 12 56 386 0 1415 0 22 81 102 0 0 1482 237 31 179 0 139 62 57 23 0 0 0 143 0 123 0 42 0 0 0 1023 225 28 0 123 664 0 3000 219 0 1093 47 137 1866 450 19 0 117 34 46 46 0 0 0 0 115 
0 0 64 139 259 1459 0 0 41 0 176 437 440 44 26 0 2612 0 140 8 505 137 0 526 37 631 0 0 0 44 49 14 0 0 184 1721 9 0 0 168 31 14 1853 0 0 977 77 0 194 0 8 0 0 0 30 3000 14 0 59 34 0 12 744 0 12 171 19 38 375 0 117 0 39 17 31 0 0 0 0 3000 
69 0 730 283 67 31 200 9 43 0 0 0 62 755 391 772 150 37 196 133 321 963 0 61 85 450 115 129 17 53 36 1608 0 1104 3000 13 172 28 62 26 159 215 556 0 29 59 1321 0 2324 27 0 0 2095 0 2281 136 1115 47 562 43 0 154 129 0 56 168 25 66 2207 8 34 39 0 238 8 0 0 0 127 123 
0 0 2928 59 1674 58 0 0 11 2601 277 46 13 34 106 2602 7 0 1126 498 93 52 0 26 242 267 27 10 0 378 18 660 0 49 35 109 9 0 0 1402 297 117 35 212 0 41 96 0 93 0 208 318 0 0 62 116 19 0 102 1198 0 74 25 0 1101 233 12 129 1584 1143 46 17 238 0 664 35 0 0 0 472 
814 0 557 435 15 110 101 91 389 15 0 174 24 225 3000 28 61 131 60 1145 452 1526 8 182 89 112 279 112 1128 178 624 286 56 82 27 34 37 956 23 60 714 40 108 0 3000 8 13 22 506 115 373 236 37 0 20 20 1035 28 8 75 38 3000 111 24 63 3000 1584 665 25 924 46 31 8 664 0 23 263 490 8 12 
379 394 369 0 0 469 0 1645 0 30 293 166 1532 0 0 638 0 194 82 1780 139 8 30 31 110 129 13 278 0 10 19 710 3000 14 66 0 112 0 0 0 121 10 22 110 0 94 201 50 44 1894 15 16 880 209 59 765 61 0 141 54 869 0 14 143 0 260 318 49 21 1041 0 0 0 35 23 0 528 19 0 0 
274 1599 0 0 0 0 606 1589 111 36 0 0 23 94 0 215 154 11 23 0 0 344 152 343 8 33 182 72 477 0 0 0 181 83 103 0 0 3000 82 0 25 0 374 0 467 331 0 67 11 18 0 118 2296 14 0 0 171 264 177 391 339 499 69 72 0 0 826 0 126 149 0 0 0 0 263 528 0 3000 137 23 
113 134 0 0 0 721 12 58 331 186 0 0 82 18 0 116 11 13 3000 0 54 90 121 1896 3000 227 1352 493 92 0 0 0 44 319 598 0 221 3000 220 0 96 0 1377 0 165 116 12 1039 206 15 0 3000 83 235 894 0 82 29 15 208 85 11 101 100 0 0 107 0 3000 451 0 0 0 0 490 19 3000 0 533 0 
166 0 0 74 0 0 960 92 207 0 0 0 41 26 0 20 116 49 164 0 0 3000 557 1104 226 299 45 292 409 0 0 410 342 10 18 1454 400 37 1180 101 7 0 3000 0 3000 0 0 67 45 78 0 0 217 75 0 0 7 2547 779 20 3000 129 24 0 70 0 28 0 0 31 0 0 127 0 8 0 137 533 0 13 
