80
0 69 86 60 58 84 24 19 88 81 58 42 66 78 83 16 68 38 68 96 91 65 89 85 70 44 89 13 32 60 45 63 76 59 33 86 45 59 81 72 49 24 82 54 15 56 54 93 45 80 60 86 21 54 31 11 41 14 68 69 22 66 86 86 69 81 91 15 70 91 91 14 76 23 46 43 77 83 32 73 
69 0 41 18 12 70 55 60 42 52 37 58 37 11 14 59 72 66 4 53 39 36 21 21 83 31 21 77 62 64 46 59 44 17 47 76 67 64 39 53 25 68 14 16 55 51 33 31 25 34 76 18 52 16 40 63 61 55 23 75 47 10 57 36 24 43 24 54 9 45 22 59 71 66 38 39 62 15 39 72 
86 41 0 32 41 37 84 70 1 18 77 53 21 48 39 84 50 63 38 12 8 77 36 56 62 44 51 98 63 47 44 40 14 33 78 44 60 48 80 27 60 73 47 42 77 38 33 22 48 8 60 38 65 51 67 85 57 74 22 52 65 52 19 75 65 84 55 75 33 5 49 73 44 72 74 74 31 38 67 47 
60 18 32 0 10 53 53 48 33 37 47 41 20 29 27 54 54 50 14 43 33 49 31 39 65 17 38 71 47 46 29 41 29 2 47 59 50 46 55 36 29 55 31 10 49 33 16 32 18 24 58 30 41 20 36 57 45 47 10 57 38 25 43 53 38 58 41 47 12 36 38 49 54 53 43 42 45 27 36 55 
58 12 41 10 0 63 47 49 41 47 37 46 30 23 24 50 63 55 10 52 41 38 31 32 73 19 33 67 51 55 35 50 40 9 40 69 56 55 45 46 19 57 26 5 45 41 24 37 14 33 66 28 41 10 31 53 50 44 19 66 36 16 53 44 29 48 36 44 12 45 34 48 63 55 34 34 55 25 30 64 
84 70 37 53 63 0 92 65 38 20 99 41 33 80 72 88 21 48 66 35 45 101 71 89 30 54 85 96 52 25 41 21 26 55 90 7 42 26 108 17 79 63 80 62 81 29 42 59 63 40 34 73 65 72 78 87 44 76 47 22 68 79 18 106 92 112 89 78 61 39 84 70 11 63 91 90 8 71 78 16 
24 55 84 53 47 92 0 34 85 83 35 54 66 62 69 8 80 54 56 95 86 42 77 67 85 41 72 25 47 71 50 72 77 52 10 95 60 70 58 77 32 43 67 44 13 62 53 84 36 76 75 73 29 40 17 13 54 18 63 82 24 50 89 65 49 58 73 15 59 89 75 28 86 41 23 21 84 70 17 84 
19 60 70 48 49 65 34 0 71 63 61 23 49 71 73 28 49 20 58 79 76 67 78 79 52 31 81 32 14 41 26 44 58 47 39 67 26 40 82 53 46 10 74 44 21 37 38 79 36 64 41 77 8 48 31 25 22 16 54 50 16 60 68 85 67 83 84 19 59 75 83 7 56 8 48 46 58 73 32 54 
88 42 1 33 41 38 85 71 0 19 78 54 23 49 39 85 51 64 38 11 7 78 36 56 63 45 51 99 65 48 46 41 16 34 79 44 61 49 80 28 61 75 47 43 79 39 34 22 50 9 61 38 67 51 68 87 58 75 23 54 66 52 20 76 66 84 55 76 33 4 49 74 45 73 75 75 32 38 68 48 
81 52 18 37 47 20 83 63 19 0 84 42 18 61 53 82 33 51 48 19 26 86 52 70 45 43 66 93 53 32 36 25 8 39 80 26 47 33 91 11 65 64 61 47 74 27 30 40 51 20 44 53 60 57 68 82 46 70 29 35 62 61 6 88 75 95 70 72 43 20 64 67 27 63 78 78 14 52 68 30 
58 37 77 47 37 99 35 61 78 84 0 71 66 37 48 42 94 76 40 89 76 8 56 39 102 46 46 60 70 85 63 82 76 45 25 104 80 84 24 82 20 70 42 37 44 73 57 68 36 70 93 52 53 27 30 48 73 47 56 96 45 27 90 31 18 23 45 44 45 81 49 56 97 68 12 15 90 49 29 96 
42 58 53 41 46 41 54 23 54 42 71 0 32 69 67 49 26 10 54 60 60 76 71 78 32 28 78 55 12 17 11 21 39 41 55 43 10 17 88 31 53 22 71 42 42 15 26 67 38 49 22 70 25 50 44 47 4 36 42 28 30 62 47 89 72 90 82 39 53 57 79 29 33 22 61 59 36 67 45 31 
66 37 21 20 30 33 66 49 23 18 66 32 0 48 42 65 36 42 33 31 28 69 43 57 48 25 54 77 42 30 23 24 11 22 62 39 40 31 75 16 47 52 48 29 58 18 12 36 32 17 43 44 45 39 50 65 36 54 15 39 45 46 24 73 59 79 59 55 29 26 54 52 34 51 60 60 25 41 50 36 
78 11 48 29 23 80 62 71 49 61 37 69 48 0 12 66 83 78 15 59 45 34 19 10 94 42 11 85 73 75 58 70 54 28 52 86 78 75 32 63 30 79 5 27 64 62 45 33 35 42 87 15 63 24 47 71 73 64 33 86 57 12 66 27 20 36 13 62 19 51 13 69 82 77 41 43 72 13 46 83 
83 14 39 27 24 72 69 73 39 53 48 67 42 12 0 73 78 77 15 49 34 45 8 18 89 42 13 91 74 71 56 65 46 27 60 79 77 71 43 57 38 80 8 29 69 58 42 22 38 33 84 4 65 30 53 77 71 68 27 81 61 21 57 38 32 47 17 68 15 41 12 73 76 78 51 52 65 1 53 77 
16 59 84 54 50 88 8 28 85 82 42 49 65 66 73 0 76 48 59 95 87 50 80 73 80 40 77 19 41 66 47 68 76 53 17 92 54 66 66 74 36 36 71 46 8 59 52 86 37 77 69 77 24 43 19 5 49 13 63 77 20 54 88 72 55 66 79 10 62 89 79 22 82 35 30 28 81 74 20 80 
68 72 50 54 63 21 80 49 51 33 94 26 36 83 78 76 0 30 68 52 58 98 79 93 12 48 91 80 36 9 32 13 36 55 81 20 24 10 108 24 75 45 84 60 68 22 39 71 58 50 13 80 51 70 69 74 27 63 51 3 57 79 35 107 91 111 95 66 65 53 90 55 9 45 85 83 20 78 70 5 
38 66 63 50 55 48 54 20 64 51 76 10 42 78 77 48 30 0 63 70 70 82 81 87 32 36 87 50 7 23 21 28 49 50 57 49 6 22 95 41 59 15 80 51 41 25 36 78 44 59 21 80 25 57 47 45 6 36 52 31 32 69 56 97 79 97 91 39 62 68 88 27 39 15 65 63 44 77 48 35 
68 4 38 14 10 66 56 58 38 48 40 54 33 15 15 59 68 63 0 49 36 40 21 25 79 28 24 77 60 60 43 55 40 14 48 72 64 60 43 49 26 66 17 14 55 47 30 29 23 30 72 18 51 17 40 62 58 54 19 71 46 14 53 40 28 47 28 53 5 41 25 58 67 64 40 40 57 15 39 68 
96 53 12 43 52 35 95 79 11 19 89 60 31 59 49 95 52 70 49 0 15 89 45 66 63 55 61 108 71 51 53 44 21 45 90 41 66 52 91 30 72 82 57 54 88 45 43 29 60 20 64 48 75 63 79 96 64 85 34 54 76 63 17 86 77 95 65 86 44 8 58 83 45 81 86 86 32 48 79 48 
91 39 8 33 41 45 86 76 7 26 76 60 28 45 34 87 58 70 36 15 0 76 30 52 70 47 46 102 70 55 51 48 23 35 80 52 67 56 77 35 60 80 42 43 81 46 38 15 51 11 68 33 71 51 70 89 64 78 24 61 69 50 27 71 63 81 50 79 31 7 43 78 53 78 75 75 40 33 69 56 
65 36 77 49 38 101 42 67 78 86 8 76 69 34 45 50 98 82 40 89 76 0 53 34 107 50 41 68 76 89 67 86 78 47 32 107 85 89 16 84 24 77 39 39 51 76 60 67 40 70 98 49 59 29 36 55 79 54 57 101 52 26 91 24 14 16 40 51 45 81 44 63 100 75 20 22 93 47 35 100 
89 21 36 31 31 71 77 78 36 52 56 71 43 19 8 80 79 81 21 45 30 53 0 23 91 48 16 98 78 73 60 67 45 32 68 78 80 73 50 57 45 86 15 35 76 60 45 16 44 31 86 4 71 37 61 84 75 75 29 82 67 29 55 43 39 54 20 74 20 37 14 78 76 84 58 59 64 7 60 78 
85 21 56 39 32 89 67 79 56 70 39 78 57 10 18 73 93 87 25 66 52 34 23 0 103 51 8 91 83 85 67 80 63 38 57 95 88 85 27 73 36 88 9 36 71 72 54 39 44 50 97 19 71 32 54 77 82 71 43 95 65 19 74 20 21 31 6 70 28 58 11 77 91 86 45 47 81 19 53 93 
70 83 62 65 73 30 85 52 63 45 102 32 48 94 89 80 12 32 79 63 70 107 91 103 0 57 102 82 38 18 40 24 48 66 87 26 26 19 117 35 83 46 95 70 72 32 49 82 67 62 10 91 56 79 76 77 31 67 62 9 62 89 46 117 101 120 106 70 76 65 101 58 19 47 92 90 31 89 76 15 
44 31 44 17 19 54 41 31 45 43 46 28 25 42 42 40 48 36 28 55 47 50 48 51 57 0 52 55 32 39 17 36 36 16 37 58 37 39 61 37 27 38 45 15 34 26 13 49 10 37 49 46 24 22 25 42 31 31 24 51 22 34 49 62 44 63 55 32 28 49 53 32 51 36 38 36 45 43 25 50 
89 21 51 38 33 85 72 81 51 66 46 78 54 11 13 77 91 87 24 61 46 41 16 8 102 52 0 96 84 83 67 78 59 37 63 92 88 84 35 70 41 90 7 37 75 70 53 32 46 46 96 13 73 35 58 81 82 74 40 93 68 23 69 27 28 39 4 73 26 53 3 80 89 87 51 53 77 14 57 90 
13 77 98 71 67 96 25 32 99 93 60 55 77 85 91 19 80 50 77 108 102 68 98 91 82 55 96 0 45 72 57 75 88 69 36 98 57 71 84 84 55 36 90 63 22 68 65 103 54 91 71 95 33 62 38 14 53 24 79 81 33 73 99 90 74 83 97 24 79 103 98 26 88 35 49 46 90 92 39 85 
32 62 63 47 51 52 47 14 65 53 70 12 42 73 74 41 36 7 60 71 70 76 78 83 38 32 84 45 0 28 20 32 50 47 51 54 13 27 89 43 53 11 77 46 34 27 34 76 39 59 28 77 18 52 41 39 9 29 50 37 26 65 58 91 73 91 87 32 59 68 84 20 43 10 58 56 47 74 42 40 
60 64 47 46 55 25 71 41 48 32 85 17 30 75 71 66 9 23 60 51 55 89 73 85 18 39 83 72 28 0 22 7 32 47 71 26 17 1 99 21 65 38 77 52 59 13 31 66 49 45 13 73 42 61 60 65 19 54 44 12 47 71 35 99 82 102 87 56 57 51 83 47 16 38 75 74 21 71 60 13 
45 46 44 29 35 41 50 26 46 36 63 11 23 58 56 47 32 21 43 53 51 67 60 67 40 17 67 57 20 22 0 21 32 29 50 45 21 22 78 27 44 29 60 31 40 12 15 57 28 39 31 59 24 40 38 47 15 35 31 34 27 51 42 79 61 81 71 37 41 49 67 31 36 28 53 52 34 56 38 34 
63 59 40 41 50 21 72 44 41 25 82 21 24 70 65 68 13 28 55 44 48 86 67 80 24 36 78 75 32 7 21 0 25 42 71 24 23 8 95 14 63 42 71 48 60 10 27 59 47 38 21 67 44 57 59 67 23 55 38 16 48 66 28 95 78 98 82 58 52 43 77 49 14 42 74 72 15 65 59 14 
76 44 14 29 40 26 77 58 16 8 76 39 11 54 46 76 36 49 40 21 23 78 45 63 48 36 59 88 50 32 32 25 0 31 73 33 46 33 83 13 57 61 53 39 69 24 23 35 43 14 46 47 55 49 61 76 43 65 21 39 56 54 13 80 67 87 63 66 35 18 57 62 31 59 71 70 19 45 61 34 
59 17 33 2 9 55 52 47 34 39 45 41 22 28 27 53 55 50 14 45 35 47 32 38 66 16 37 69 47 47 29 42 31 0 45 61 50 47 54 38 27 54 31 9 47 34 16 34 16 26 59 30 40 18 35 55 45 45 12 58 37 24 44 52 37 57 41 45 12 38 38 48 55 52 41 40 46 27 34 56 
33 47 78 47 40 90 10 39 79 80 25 55 62 52 60 17 81 57 48 90 80 32 68 57 87 37 63 36 51 71 50 71 73 45 0 94 62 71 48 74 22 49 57 37 20 61 50 77 30 71 77 64 32 31 12 23 56 24 57 83 25 40 86 55 38 48 64 20 51 83 65 34 86 47 13 11 82 61 12 84 
86 76 44 59 69 7 95 67 44 26 104 43 39 86 79 92 20 49 72 41 52 107 78 95 26 58 92 98 54 26 45 24 33 61 94 0 43 27 114 23 84 64 86 68 84 33 47 66 68 47 32 80 67 77 82 90 45 79 53 20 72 85 25 112 98 118 96 81 68 45 90 73 11 64 96 95 14 78 83 14 
45 67 60 50 56 42 60 26 61 47 80 10 40 78 77 54 24 6 64 66 67 85 80 88 26 37 88 57 13 17 21 23 46 50 62 43 0 16 97 36 62 21 81 52 47 22 35 76 47 57 15 80 30 59 52 51 6 41 51 25 37 71 51 99 81 100 91 44 62 64 88 33 32 22 69 67 38 77 52 29 
59 64 48 46 55 26 70 40 49 33 84 17 31 75 71 66 10 22 60 52 56 89 73 85 19 39 84 71 27 1 22 8 33 47 71 27 16 0 99 22 65 37 77 51 58 13 31 66 49 46 13 74 41 60 59 64 18 53 44 12 46 70 36 99 82 102 88 56 57 51 83 46 17 37 75 73 22 71 60 14 
81 39 80 55 45 108 58 82 80 91 24 88 75 32 43 66 108 95 43 91 77 16 50 27 117 61 35 84 89 99 78 95 83 54 48 114 97 99 0 91 36 91 35 48 67 86 69 65 51 73 109 46 73 39 51 71 91 69 62 110 66 30 96 9 17 4 32 66 48 83 38 78 109 89 36 38 100 44 50 109 
72 53 27 36 46 17 77 53 28 11 82 31 16 63 57 74 24 41 49 30 35 84 57 73 35 37 70 84 43 21 27 14 13 38 74 23 36 22 91 0 62 54 64 45 67 16 25 47 46 27 34 58 51 55 62 74 35 62 30 26 54 62 15 89 75 95 74 64 45 30 69 58 19 53 74 73 9 56 62 21 
49 25 60 29 19 79 32 46 61 65 20 53 47 30 38 36 75 59 26 72 60 24 45 36 83 27 41 55 53 65 44 63 57 27 22 84 62 65 36 62 0 55 35 18 34 53 37 55 16 52 75 42 38 10 18 41 55 35 38 77 31 18 71 39 21 38 42 33 30 64 43 43 77 53 14 14 71 39 17 77 
24 68 73 55 57 63 43 10 75 64 70 22 52 79 80 36 45 15 66 82 80 77 86 88 46 38 90 36 11 38 29 42 61 54 49 64 21 37 91 54 55 0 83 52 30 37 43 85 44 68 36 84 18 56 41 32 19 25 59 46 25 69 69 94 76 92 92 28 66 78 91 15 54 2 58 56 58 81 42 50 
82 14 47 31 26 80 67 74 47 61 42 71 48 5 8 71 84 80 17 57 42 39 15 9 95 45 7 90 77 77 60 71 53 31 57 86 81 77 35 64 35 83 0 30 68 64 47 30 39 41 89 10 66 28 52 75 75 68 34 87 61 17 65 29 25 39 11 67 20 49 8 73 83 80 46 48 72 10 51 84 
54 16 42 10 5 62 44 44 43 47 37 42 29 27 29 46 60 51 14 54 43 39 35 36 70 15 37 63 46 52 31 48 39 9 37 68 52 51 48 45 18 52 30 0 41 38 21 40 9 34 62 33 36 10 27 49 46 40 20 63 32 19 53 47 31 51 40 39 16 47 38 44 61 50 32 32 53 29 27 61 
15 55 77 49 45 81 13 21 79 74 44 42 58 64 69 8 68 41 55 88 81 51 76 71 72 34 75 22 34 59 40 60 69 47 20 84 47 58 67 67 34 30 68 41 0 51 45 81 32 70 62 73 17 40 17 8 41 5 57 70 13 52 80 72 54 67 76 3 57 82 77 15 74 28 31 29 74 70 18 72 
56 51 38 33 41 29 62 37 39 27 73 15 18 62 58 59 22 25 47 45 46 76 60 72 32 26 70 68 27 13 12 10 24 34 61 33 22 13 86 16 53 37 64 38 51 0 17 55 37 35 26 61 36 48 49 58 19 47 31 25 39 57 32 86 69 89 74 49 44 42 70 42 24 36 64 62 22 58 50 24 
54 33 33 16 24 42 53 38 34 30 57 26 12 45 42 52 39 36 30 43 38 60 45 54 49 13 53 65 34 31 15 27 23 16 50 47 35 31 69 25 37 43 47 21 45 17 0 43 22 26 43 45 33 31 38 53 30 42 17 42 33 40 36 68 52 72 57 43 27 38 53 40 40 41 50 49 33 42 38 40 
93 31 22 32 37 59 84 79 22 40 68 67 36 33 22 86 71 78 29 29 15 67 16 39 82 49 32 103 76 66 57 59 35 34 77 66 76 66 65 47 55 85 30 40 81 55 43 0 49 21 79 20 73 46 68 89 72 79 26 73 70 41 42 59 53 69 36 79 25 22 29 81 66 83 69 69 53 21 67 68 
45 25 48 18 14 63 36 36 50 51 36 38 32 35 38 37 58 44 23 60 51 40 44 44 67 10 46 54 39 49 28 47 43 16 30 68 47 49 51 46 16 44 39 9 32 37 22 49 0 41 59 42 28 13 19 40 40 30 27 61 23 25 56 52 34 53 48 30 25 53 47 35 61 42 28 27 55 39 19 60 
80 34 8 24 33 40 76 64 9 20 70 49 17 42 33 77 50 59 30 20 11 70 31 50 62 37 46 91 59 45 39 38 14 26 71 47 57 46 73 27 52 68 41 34 70 35 26 21 41 0 59 33 59 43 60 78 53 67 14 52 58 44 24 69 58 77 50 68 25 12 44 67 45 67 66 66 33 32 60 48 
60 76 60 58 66 34 75 41 61 44 93 22 43 87 84 69 13 21 72 64 68 98 86 97 10 49 96 71 28 13 31 21 46 59 77 32 15 13 109 34 75 36 89 62 62 26 43 79 59 59 0 86 45 71 66 67 21 57 57 12 52 82 47 110 93 112 100 60 70 64 96 48 22 36 83 81 32 84 67 18 
86 18 38 30 28 73 73 77 38 53 52 70 44 15 4 77 80 80 18 48 33 49 4 19 91 46 13 95 77 73 59 67 47 30 64 80 80 74 46 58 42 84 10 33 73 61 45 20 42 33 86 0 69 34 57 81 74 72 29 83 64 25 57 39 35 50 17 71 18 40 11 76 77 82 54 56 66 3 57 79 
21 52 65 41 41 65 29 8 67 60 53 25 45 63 65 24 51 25 51 75 71 59 71 71 56 24 73 33 18 42 24 44 55 40 32 67 30 41 73 51 38 18 66 36 17 36 33 73 28 59 45 69 0 39 23 23 25 12 48 53 8 52 66 77 58 75 76 14 51 71 75 8 58 16 41 38 58 66 24 55 
54 16 51 20 10 72 40 48 51 57 27 50 39 24 30 43 70 57 17 63 51 29 37 32 79 22 35 62 52 61 40 57 49 18 31 77 59 60 39 55 10 56 28 10 40 48 31 46 13 43 71 34 39 0 24 47 53 40 29 72 33 13 62 39 22 41 37 39 20 55 37 46 71 54 24 24 63 30 23 71 
31 40 67 36 31 78 17 31 68 68 30 44 50 47 53 19 69 47 40 79 70 36 61 54 76 25 58 38 41 60 38 59 61 35 12 82 52 59 51 62 18 41 52 27 17 49 38 68 19 60 66 57 23 24 0 23 46 18 46 71 16 35 74 56 38 52 60 16 42 72 60 27 74 39 17 15 70 54 1 72 
11 63 85 57 53 87 13 25 87 82 48 47 65 71 77 5 74 45 62 96 89 55 84 77 77 42 81 14 39 65 47 67 76 55 23 90 51 64 71 74 41 32 75 49 8 58 53 89 40 78 67 81 23 47 23 0 47 12 65 75 20 59 88 77 60 71 83 10 65 90 84 19 80 31 35 33 81 77 24 78 
41 61 57 45 50 44 54 22 58 46 73 4 36 73 71 49 27 6 58 64 64 79 75 82 31 31 82 53 9 19 15 23 43 45 56 45 6 18 91 35 55 19 75 46 41 19 30 72 40 53 21 74 25 53 46 47 0 36 46 29 31 65 50 93 75 93 86 39 56 62 83 28 35 19 63 61 39 71 46 32 
14 55 74 47 44 76 18 16 75 70 47 36 54 64 68 13 63 36 54 85 78 54 75 71 67 31 74 24 29 54 35 55 65 45 24 79 41 53 69 62 35 25 68 40 5 47 42 79 30 67 57 72 12 40 18 12 36 0 55 64 9 52 76 74 56 70 77 3 55 79 76 10 69 23 34 32 69 69 19 67 
68 23 22 10 19 47 63 54 23 29 56 42 15 33 27 63 51 52 19 34 24 57 29 43 62 24 40 79 50 44 31 38 21 12 57 53 51 44 62 30 38 59 34 20 57 31 17 26 27 14 57 29 48 29 46 65 46 55 0 54 46 33 34 59 46 66 44 55 15 26 39 55 49 57 52 52 38 27 46 50 
69 75 52 57 66 22 82 50 54 35 96 28 39 86 81 77 3 31 71 54 61 101 82 95 9 51 93 81 37 12 34 16 39 58 83 20 25 12 110 26 77 46 87 63 70 25 42 73 61 52 12 83 53 72 71 75 29 64 54 0 58 82 37 110 94 113 97 67 67 55 93 57 10 46 87 85 22 80 72 6 
22 47 65 38 36 68 24 16 66 62 45 30 45 57 61 20 57 32 46 76 69 52 67 65 62 22 68 33 26 47 27 48 56 37 25 72 37 46 66 54 31 25 61 32 13 39 33 70 23 58 52 64 8 33 16 20 31 9 46 58 0 46 67 70 51 67 70 10 47 70 69 12 62 23 33 31 61 61 16 60 
66 10 52 25 16 79 50 60 52 61 27 62 46 12 21 54 79 69 14 63 50 26 29 19 89 34 23 73 65 71 51 66 54 24 40 85 71 70 30 62 18 69 17 19 52 57 40 41 25 44 82 25 52 13 35 59 65 52 33 82 46 0 66 28 14 33 24 51 19 55 25 58 79 67 30 31 70 22 34 80 
86 57 19 43 53 18 89 68 20 6 90 47 24 66 57 88 35 56 53 17 27 91 55 74 46 49 69 99 58 35 42 28 13 44 86 25 51 36 96 15 71 69 65 53 80 32 36 42 56 24 47 57 66 62 74 88 50 76 34 37 67 66 0 92 80 100 74 78 48 20 68 72 27 68 84 84 15 56 74 31 
86 36 75 53 44 106 65 85 76 88 31 89 73 27 38 72 107 97 40 86 71 24 43 20 117 62 27 90 91 99 79 95 80 52 55 112 99 99 9 89 39 94 29 47 72 86 68 59 52 69 110 39 77 39 56 77 93 74 59 110 70 28 92 0 18 13 24 71 45 78 31 82 107 92 42 44 98 39 55 108 
69 24 65 38 29 92 49 67 66 75 18 72 59 20 32 55 91 79 28 77 63 14 39 21 101 44 28 74 73 82 61 78 67 37 38 98 81 82 17 75 21 76 25 31 54 69 52 53 34 58 93 35 58 22 38 60 75 56 46 94 51 14 80 18 0 20 27 54 33 69 31 64 92 74 26 28 83 33 37 92 
81 43 84 58 48 112 58 83 84 95 23 90 79 36 47 66 111 97 47 95 81 16 54 31 120 63 39 83 91 102 81 98 87 57 48 118 100 102 4 95 38 92 39 51 67 89 72 69 53 77 112 50 75 41 52 71 93 70 66 113 67 33 100 13 20 0 36 67 52 87 42 79 112 90 36 38 103 49 51 112 
91 24 55 41 36 89 73 84 55 70 45 82 59 13 17 79 95 91 28 65 50 40 20 6 106 55 4 97 87 87 71 82 63 41 64 96 91 88 32 74 42 92 11 40 76 74 57 36 48 50 100 17 76 37 60 83 86 77 44 97 70 24 74 24 27 36 0 75 30 57 7 83 93 90 52 53 82 18 59 94 
15 54 75 47 44 78 15 19 76 72 44 39 55 62 68 10 66 39 53 86 79 51 74 70 70 32 73 24 32 56 37 58 66 45 20 81 44 56 66 64 33 28 67 39 3 49 43 79 30 68 60 71 14 39 16 10 39 3 55 67 10 51 78 71 54 67 75 0 55 80 75 13 72 27 31 29 71 68 17 70 
70 9 33 12 12 61 59 59 33 43 45 53 29 19 15 62 65 62 5 44 31 45 20 28 76 28 26 79 59 57 41 52 35 12 51 68 62 57 48 45 30 66 20 16 57 44 27 25 25 25 70 18 51 20 42 65 56 55 15 67 47 19 48 45 33 52 30 55 0 36 26 59 63 64 44 44 53 15 42 65 
91 45 5 36 45 39 89 75 4 20 81 57 26 51 41 89 53 68 41 8 7 81 37 58 65 49 53 103 68 51 49 43 18 38 83 45 64 51 83 30 64 78 49 47 82 42 38 22 53 12 64 40 71 55 72 90 62 79 26 55 70 55 20 78 69 87 57 80 36 0 50 78 47 77 78 78 34 40 72 50 
91 22 49 38 34 84 75 83 49 64 49 79 54 13 12 79 90 88 25 58 43 44 14 11 101 53 3 98 84 83 67 77 57 38 65 90 88 83 38 69 43 91 8 38 77 70 53 29 47 44 96 11 75 37 60 84 83 76 39 93 69 25 68 31 31 42 7 75 26 50 0 82 88 88 54 56 76 12 59 89 
14 59 73 49 48 70 28 7 74 67 56 29 52 69 73 22 55 27 58 83 78 63 78 77 58 32 80 26 20 47 31 49 62 48 34 73 33 46 78 58 43 15 73 44 15 42 40 81 35 67 48 76 8 46 27 19 28 10 55 57 12 58 72 82 64 79 83 13 59 78 82 0 62 13 44 41 64 73 28 60 
76 71 44 54 63 11 86 56 45 27 97 33 34 82 76 82 9 39 67 45 53 100 76 91 19 51 89 88 43 16 36 14 31 55 86 11 32 17 109 19 77 54 83 61 74 24 40 66 61 45 22 77 58 71 74 80 35 69 49 10 62 79 27 107 92 112 93 72 63 47 88 62 0 53 88 87 13 75 74 4 
23 66 72 53 55 63 41 8 73 63 68 22 51 77 78 35 45 15 64 81 78 75 84 86 47 36 87 35 10 38 28 42 59 52 47 64 22 37 89 53 53 2 80 50 28 36 41 83 42 67 36 82 16 54 39 31 19 23 57 46 23 67 68 92 74 90 90 27 64 77 88 13 53 0 56 54 57 79 39 50 
46 38 74 43 34 91 23 48 75 78 12 61 60 41 51 30 85 65 40 86 75 20 58 45 92 38 51 49 58 75 53 74 71 41 13 96 69 75 36 74 14 58 46 32 31 64 50 69 28 66 83 54 41 24 17 35 63 34 52 87 33 30 84 42 26 36 52 31 44 78 54 44 88 56 0 2 83 52 17 87 
43 39 74 42 34 90 21 46 75 78 15 59 60 43 52 28 83 63 40 86 75 22 59 47 90 36 53 46 56 74 52 72 70 40 11 95 67 73 38 73 14 56 48 32 29 62 49 69 27 66 81 56 38 24 15 33 61 32 52 85 31 31 84 44 28 38 53 29 44 78 56 41 87 54 2 0 82 53 15 86 
77 62 31 45 55 8 84 58 32 14 90 36 25 72 65 81 20 44 57 32 40 93 64 81 31 45 77 90 47 21 34 15 19 46 82 14 38 22 100 9 71 58 72 53 74 22 33 53 55 33 32 66 58 63 70 81 39 69 38 22 61 70 15 98 83 103 82 71 53 34 76 64 13 57 83 82 0 64 70 16 
83 15 38 27 25 71 70 73 38 52 49 67 41 13 1 74 78 77 15 48 33 47 7 19 89 43 14 92 74 71 56 65 45 27 61 78 77 71 44 56 39 81 10 29 70 58 42 21 39 32 84 3 66 30 54 77 71 69 27 80 61 22 56 39 33 49 18 68 15 40 12 73 75 79 52 53 64 0 53 77 
32 39 67 36 30 78 17 32 68 68 29 45 50 46 53 20 70 48 39 79 69 35 60 53 76 25 57 39 42 60 38 59 61 34 12 83 52 60 50 62 17 42 51 27 18 50 38 67 19 60 67 57 24 23 1 24 46 19 46 72 16 34 74 55 37 51 59 17 42 72 59 28 74 39 17 15 70 53 0 73 
73 72 47 55 64 16 84 54 48 30 96 31 36 83 77 80 5 35 68 48 56 100 78 93 15 50 90 85 40 13 34 14 34 56 84 14 29 14 109 21 77 50 84 61 72 24 40 68 60 48 18 79 55 71 72 78 32 67 50 6 60 80 31 108 92 112 94 70 65 50 89 60 4 50 87 86 16 77 73 0 
0 0 0 18 33 0 8 90 47 462 14 32 68 9 65 35 361 0 0 697 19 182 77 336 0 446 331 1274 0 18 242 153 131 0 577 0 75 0 167 461 0 1508 10 0 32 0 1616 1559 12 56 132 247 872 0 311 0 53 0 9 299 19 228 465 0 28 74 16 0 367 627 9 588 0 33 3000 8 10 32 0 126 
0 0 0 0 14 0 1509 11 0 0 53 0 0 125 0 0 48 0 0 0 200 0 89 50 277 0 0 0 388 476 0 0 0 0 16 36 0 139 0 0 0 114 0 0 440 18 0 0 0 30 0 0 113 27 377 117 0 393 0 72 40 3000 97 0 12 7 44 825 0 266 315 0 73 8 123 89 0 638 3000 0 
0 0 0 920 0 683 0 24 0 0 9 1086 370 244 47 0 363 14 795 39 571 588 25 17 51 66 0 0 26 15 167 545 0 24 0 0 56 175 24 0 133 0 327 1212 9 3000 64 457 0 30 194 1042 31 33 28 65 0 262 10 0 1035 14 731 909 163 0 13 2133 265 220 99 0 34 461 9 15 8 0 390 335 
18 0 920 0 140 32 239 19 0 82 13 30 15 25 182 560 209 27 174 26 170 13 240 72 23 960 54 144 0 19 1488 387 8 85 0 0 1251 344 90 0 32 0 28 48 58 0 16 567 0 78 173 78 781 39 44 145 0 200 659 0 44 0 1903 101 47 46 55 1485 3000 387 118 578 3000 272 66 13 34 0 66 58 
33 14 0 140 0 0 41 8 15 0 3000 235 13 333 211 0 119 0 0 0 26 41 372 436 215 0 759 40 10 1027 2321 20 411 0 1321 322 102 1461 13 31 0 10 16 0 7 720 515 1089 65 39 3000 0 66 169 129 21 412 46 0 171 2345 2064 55 0 206 40 202 280 0 16 46 0 768 18 255 42 73 3000 66 100 
0 0 683 32 0 0 0 12 0 102 309 12 74 234 11 180 125 95 72 96 0 3000 97 21 389 22 1984 0 0 35 888 22 0 183 0 0 13 0 439 0 11 0 185 2125 0 0 497 30 0 41 13 334 305 2956 21 958 0 37 2885 0 59 0 101 19 0 0 348 329 110 0 55 592 253 0 0 27 283 0 183 17 
8 1509 0 239 41 0 0 7 8 0 100 873 2021 2437 422 0 20 0 0 9 145 82 20 17 1548 0 23 102 80 9 26 208 270 0 92 223 94 12 569 2240 0 98 62 0 31 43 15 3000 106 12 120 0 77 0 463 53 12 53 491 23 454 134 2968 0 237 176 98 0 1831 54 36 0 0 244 11 76 508 24 744 74 
90 11 24 19 8 12 7 0 0 0 36 21 149 170 27 0 8 8 865 102 29 24 219 196 16 36 3000 53 8 105 304 1067 114 14 601 439 3000 408 367 0 91 1589 444 235 896 457 708 139 0 153 150 1338 152 2089 13 282 0 233 629 46 310 112 10 210 370 31 29 8 19 44 32 0 3000 31 2479 109 1472 223 130 21 
47 0 0 0 15 0 8 0 0 12 113 1274 16 0 94 0 0 0 0 133 74 251 7 1287 0 0 1129 340 0 683 54 866 41 0 355 0 9 0 822 2461 0 76 0 0 125 0 465 26 999 44 208 0 34 0 614 0 8 0 69 449 145 54 3000 0 173 283 0 0 0 20 30 0 0 16 669 258 9 39 0 10 
462 0 0 82 0 102 0 0 12 0 14 169 38 0 8 15 171 12 0 39 0 185 26 0 0 113 2303 814 0 39 688 1780 10 0 0 0 65 0 148 703 196 0 144 23 0 0 72 584 0 0 21 13 398 0 0 0 795 0 21 0 42 0 0 23 0 0 150 0 335 0 50 41 0 0 0 154 36 0 0 95 
14 53 9 13 3000 309 100 36 113 14 0 73 26 711 260 0 17 84 107 303 57 3000 76 388 410 554 12 110 18 780 23 12 204 122 23 58 104 8 8 1361 583 266 1140 135 22 67 118 17 47 24 38 90 329 3000 8 703 484 14 1185 32 15 39 8 822 10 88 198 140 1085 24 659 0 426 15 3000 18 75 115 14 366 
32 0 1086 30 235 12 873 21 1274 169 73 0 93 3000 17 20 126 153 49 22 251 95 1669 3000 109 134 21 161 44 118 216 65 7 10 79 78 18 25 66 70 117 565 2301 224 11 67 161 88 59 7 10 580 8 26 40 158 257 34 83 53 187 318 276 35 28 125 8 655 15 259 229 11 114 20 545 34 36 69 17 30 
68 0 370 15 13 74 2021 149 16 38 26 93 0 159 354 86 27 42 0 174 80 543 46 1855 45 3000 47 19 0 162 71 22 17 0 116 0 10 0 51 127 383 3000 19 268 12 0 46 2546 1692 115 472 93 30 0 326 0 22 0 234 2200 9 8 413 53 1808 67 43 0 16 1762 38 36 0 1199 13 2455 1460 379 0 114 
9 125 244 25 333 234 2437 170 0 0 711 3000 159 0 25 0 18 0 17 0 55 38 61 140 8 0 0 0 349 3000 137 285 822 348 1286 15 10 84 31 0 198 1079 72 290 87 269 11 89 0 15 18 0 888 33 7 10 0 531 0 9 11 23 199 49 707 101 562 55 488 64 1995 0 660 14 204 124 87 15 49 382 
65 0 47 182 211 11 422 27 94 8 260 17 354 25 0 188 10 1726 99 669 985 1452 572 1175 8 342 764 38 0 305 189 17 166 714 0 0 117 0 60 678 13 33 53 94 281 0 138 192 528 393 41 10 567 19 190 95 331 323 3000 1803 170 0 1194 32 64 35 21 396 113 354 60 35 9 0 480 47 212 65 1467 917 
35 0 0 560 0 180 0 0 0 15 0 20 86 0 188 0 445 37 0 80 0 3000 74 0 0 88 32 48 0 0 11 12 20 0 0 0 14 0 11 3000 43 0 141 300 0 0 426 56 0 0 382 541 0 0 0 0 145 0 38 0 112 0 0 25 0 0 23 0 568 0 20 8 0 0 0 43 174 0 0 433 
361 48 363 209 119 125 20 8 0 171 17 126 27 18 10 445 0 52 2226 1992 62 101 113 729 23 48 52 1245 1217 48 9 25 38 21 97 29 229 275 479 0 379 34 256 24 86 162 208 1301 0 15 107 112 13 255 810 3000 0 394 15 84 2153 42 8 58 70 18 11 3000 51 605 268 1798 106 64 711 172 10 35 9 1396 
0 0 14 27 0 95 0 8 0 12 84 153 42 0 1726 37 52 0 34 537 0 16 88 318 11 824 378 239 0 1685 228 24 0 7 0 0 30 0 2572 0 51 0 344 510 0 0 37 596 0 1607 114 10 151 963 0 0 0 0 8 0 256 0 0 33 0 0 785 27 78 0 0 30 54 0 0 73 502 0 41 10 
0 0 795 174 0 72 0 865 0 0 107 49 0 17 99 0 2226 34 0 0 12 59 63 254 2991 0 0 0 9 649 1242 182 0 459 0 0 0 151 169 0 710 0 108 181 59 205 328 8 0 1071 9 0 20 395 3000 1002 0 77 683 0 27 0 55 387 9 0 2474 110 25 0 0 0 1050 15 202 93 362 0 23 0 
697 0 39 26 0 96 9 102 133 39 303 22 174 0 669 80 1992 537 0 0 0 74 85 0 0 620 99 37 0 11 1119 25 25 0 0 0 752 0 595 14 42 7 12 267 0 0 27 64 10 0 10 21 284 0 0 0 359 0 39 18 15 0 0 502 0 65 11 0 1465 0 617 197 0 0 0 1882 23 0 0 116 
19 200 571 170 26 0 145 29 74 0 57 251 80 55 985 0 62 0 12 0 0 77 303 177 1803 0 1404 1157 12 44 196 13 83 0 68 229 59 227 112 154 357 37 92 0 1092 43 41 975 19 82 30 0 25 29 103 53 21 3000 11 9 20 76 28 20 193 116 332 2984 334 1128 1686 0 536 666 485 22 79 184 833 74 
182 0 588 13 41 3000 82 24 251 185 3000 95 543 38 1452 3000 101 16 59 74 77 0 11 74 153 239 98 174 0 9 23 90 144 0 37 0 61 0 31 8 539 532 365 165 390 0 62 9 2967 28 11 122 52 87 7 108 1040 2393 513 103 125 380 59 26 49 132 123 0 175 8 182 70 492 8 32 362 136 243 0 112 
77 89 25 240 372 97 20 219 7 26 76 1669 46 61 572 74 113 88 63 85 303 11 0 349 60 1898 677 36 1212 9 72 106 39 70 1692 16 97 144 167 255 61 342 382 337 14 2936 1062 16 219 36 60 233 121 20 683 392 1223 15 75 31 300 27 116 181 78 26 12 3000 3000 22 2200 12 793 39 26 20 54 15 1783 92 
336 50 17 72 436 21 17 196 1287 0 388 3000 1855 140 1175 0 729 318 254 0 177 74 349 0 35 331 128 16 36 849 17 113 13 98 874 1714 74 51 365 9 78 22 9 33 51 337 146 136 1132 827 401 0 168 14 53 224 292 623 165 17 255 24 11 450 75 168 162 280 35 977 1585 0 26 15 83 8 235 170 160 474 
0 277 51 23 215 389 1548 16 0 0 410 109 45 8 8 0 23 11 2991 0 1803 153 60 35 0 0 0 0 149 3000 949 389 393 9 226 17 7 761 44 0 3000 46 399 512 2331 1689 2093 951 0 19 3000 0 112 17 1155 46 0 193 0 114 123 213 904 12 13 28 25 45 674 2736 323 0 98 288 274 162 16 557 166 25 
446 0 66 960 0 22 0 36 0 113 554 134 3000 0 342 88 48 824 0 620 0 239 1898 331 0 0 7 19 0 181 23 168 1661 0 0 0 285 0 2882 409 26 0 392 18 0 0 400 134 0 1870 190 65 12 0 0 0 506 0 153 0 16 0 0 8 0 0 51 0 114 0 83 50 0 0 0 285 126 0 0 44 
331 0 0 54 759 1984 23 3000 1129 2303 12 21 47 0 764 32 52 378 0 99 1404 98 677 128 0 7 0 25 0 9 9 109 93 0 0 0 2999 0 1205 110 869 9 90 0 0 0 1316 16 13 12 195 21 94 0 557 0 15 0 213 11 42 0 0 0 109 928 3000 0 200 79 47 2303 0 0 0 213 62 1366 0 45 
1274 0 0 144 40 0 102 53 340 814 110 161 19 0 38 48 1245 239 0 37 1157 174 36 16 0 19 25 0 0 126 8 37 1140 0 47 0 784 0 1462 418 0 26 10 0 56 0 25 1059 3000 530 23 302 187 0 370 0 64 0 226 16 97 298 7 0 158 1597 93 0 2737 458 33 22 0 0 27 35 120 74 0 313 
0 388 26 0 10 0 80 8 0 0 18 44 0 349 0 0 1217 0 9 0 12 0 1212 36 149 0 0 0 0 299 48 0 0 0 21 11 0 430 46 0 0 52 8 0 11 261 0 211 0 60 0 0 101 71 878 43 0 266 0 76 91 177 28 0 21 36 1082 635 0 31 192 0 2360 29 990 108 0 12 1104 0 
18 476 15 19 1027 35 9 105 683 39 780 118 162 3000 305 0 48 1685 649 11 44 9 9 849 3000 181 9 126 299 0 12 1923 13 77 322 3000 12 3000 29 104 21 225 51 496 61 13 417 189 233 15 22 0 3000 20 670 254 53 255 1385 997 76 9 29 1729 1618 52 110 9 715 430 232 0 309 46 237 3000 262 21 13 337 
242 0 167 1488 2321 888 26 304 54 688 23 216 71 137 189 11 9 228 1242 1119 196 23 72 17 949 23 9 8 48 12 0 14 1550 42 73 0 23 86 185 41 83 63 11 9 696 3000 3000 66 328 210 376 2967 376 133 9 15 204 245 10 22 1294 161 20 63 52 3000 27 160 69 113 19 251 84 9 8 241 185 3000 32 1211 
153 0 545 387 20 22 208 1067 866 1780 12 65 22 285 17 12 25 24 182 25 13 90 106 113 389 168 109 37 0 1923 14 0 141 643 211 0 205 224 262 254 121 51 19 9 66 75 217 68 341 251 1205 331 123 242 13 51 39 26 507 162 291 45 16 14 307 11 18 381 223 75 1334 10 26 37 253 159 90 2385 266 9 
131 0 0 8 411 0 270 114 41 10 204 7 17 822 166 20 38 0 0 25 83 144 39 13 393 1661 93 1140 0 13 1550 141 0 0 27 0 66 0 92 37 0 164 429 0 226 0 67 172 73 320 603 197 10 0 409 0 3000 0 542 11 871 41 218 0 3000 31 511 0 622 327 270 22 0 34 1876 1559 44 372 0 52 
0 0 24 85 0 183 0 14 0 0 122 10 0 348 714 0 21 7 459 0 0 0 70 98 9 0 0 0 0 77 42 643 0 0 0 0 0 61 21 0 15 0 3000 122 0 0 290 33 0 37 116 0 49 33 33 94 0 37 0 0 158 0 392 140 0 0 84 1330 1460 0 0 0 15 740 0 88 495 0 50 0 
577 16 0 0 1321 0 92 601 355 0 23 79 116 1286 0 0 97 0 0 0 68 37 1692 874 226 0 0 47 21 322 73 211 27 0 0 182 375 8 1500 3000 0 262 58 0 579 98 1867 24 11 532 60 0 1646 16 10 50 82 22 0 1167 96 925 119 0 3000 276 156 21 0 87 229 0 10 275 39 16 130 9 24 176 
0 36 0 0 322 0 223 439 0 0 58 78 0 15 0 0 29 0 0 0 229 0 16 1714 17 0 0 0 11 3000 0 0 0 0 182 0 0 290 19 0 0 982 0 0 325 12 0 43 103 175 0 0 151 587 34 59 0 58 0 152 17 434 223 0 308 203 11 1193 0 14 1316 0 123 1418 69 28 0 12 110 0 
75 0 56 1251 102 13 94 3000 9 65 104 18 10 10 117 14 229 30 0 752 59 61 97 74 7 285 2999 784 0 12 23 205 66 0 375 0 0 0 45 26 10 233 169 110 27 0 22 38 38 191 898 509 110 0 192 0 148 0 891 429 551 299 76 55 18 13 723 0 12 31 492 1418 0 36 24 12 1166 8 0 56 
0 139 175 344 1461 0 12 408 0 0 8 25 0 84 0 0 275 0 151 0 227 0 144 51 761 0 0 0 430 3000 86 224 0 61 8 290 0 0 38 0 0 11 8 0 502 2344 1058 533 0 820 46 0 14 1008 74 8 0 2072 0 8 19 24 177 0 1476 16 492 52 0 29 96 0 2921 1000 32 21 834 264 192 0 
167 0 24 90 13 439 569 367 822 148 8 66 51 31 60 11 479 2572 169 595 112 31 167 365 44 2882 1205 1462 46 29 185 262 92 21 1500 19 45 38 0 52 54 171 248 1403 377 395 121 1475 36 1945 529 10 311 44 1194 107 67 175 2150 8 390 303 325 14 13 12 41 40 11 80 299 105 289 33 11 54 9 455 101 16 
461 0 0 0 31 0 2240 0 2461 703 1361 70 127 0 678 3000 0 0 0 14 154 8 255 9 0 409 110 418 0 104 41 254 37 0 3000 0 26 0 52 0 0 51 0 0 61 0 45 1087 65 770 48 19 17 0 18 0 190 0 16 616 24 7 58 0 831 47 0 0 1789 20 12 380 0 0 63 21 15 13 0 274 
0 0 133 32 0 11 0 91 0 196 583 117 383 198 13 43 379 51 710 42 357 539 61 78 3000 26 869 0 0 21 83 121 0 15 0 0 10 0 54 0 0 0 3000 22 0 0 54 160 0 3000 81 776 61 212 543 119 0 1276 1735 0 1109 0 1935 1390 0 0 55 9 149 0 10 90 49 0 0 3000 26 0 3000 459 
1508 114 0 0 10 0 98 1589 76 0 266 565 3000 1079 33 0 34 0 0 7 37 532 342 22 46 0 9 26 52 225 63 51 164 0 262 982 233 11 171 51 0 0 0 0 174 25 92 19 64 3000 458 0 55 0 68 57 38 205 1685 420 373 42 264 0 17 40 33 0 107 880 232 0 0 745 23 211 1074 54 0 691 
10 0 327 28 16 185 62 444 0 144 1140 2301 19 72 53 141 256 344 108 12 92 365 382 9 399 392 90 10 8 51 11 19 429 3000 58 0 169 8 248 0 3000 0 0 90 22 45 89 3000 0 475 1454 117 168 44 244 7 0 424 2073 0 270 1347 8 24 47 85 9 152 13 119 73 30 30 337 112 328 87 0 1601 404 
0 0 1212 48 0 2125 0 235 0 23 135 224 268 290 94 300 24 510 181 267 0 165 337 33 512 18 0 0 0 496 9 9 0 122 0 0 110 0 1403 0 22 0 90 0 0 0 177 78 0 28 27 34 96 2900 15 75 0 50 12 0 86 0 25 20 0 0 486 33 314 0 0 1536 2345 0 0 50 8 0 209 26 
32 440 9 58 7 0 31 896 125 0 22 11 12 87 281 0 86 0 59 0 1092 390 14 51 2331 0 0 56 11 61 696 66 226 0 579 325 27 502 377 61 0 174 22 0 0 286 55 97 100 364 223 0 7 1715 1282 22 11 1108 0 215 11 408 264 0 241 558 37 65 0 1875 98 0 76 688 1409 101 15 84 202 20 
0 18 3000 0 720 0 43 457 0 0 67 67 0 269 0 0 162 0 205 0 43 0 2936 337 1689 0 0 0 261 13 3000 75 0 0 98 12 0 2344 395 0 0 25 45 0 286 0 3000 13 56 8 0 0 102 16 355 48 0 46 0 417 413 1054 7 0 477 11 21 56 0 33 97 0 1753 120 801 365 454 102 8 0 
1616 0 64 16 515 497 15 708 465 72 118 161 46 11 138 426 208 37 328 27 41 62 1062 146 2093 400 1316 25 0 417 3000 217 67 290 1867 0 22 1058 121 45 54 92 89 177 55 3000 0 3000 30 8 99 33 26 13 36 11 413 16 36 15 1152 8 2272 60 12 386 20 47 9 53 25 13 226 1482 221 12 12 69 10 499 
1559 0 457 567 1089 30 3000 139 26 584 17 88 2546 89 192 56 1301 596 8 64 975 9 16 136 951 134 16 1059 211 189 66 68 172 33 24 43 38 533 1475 1087 160 19 3000 78 97 13 3000 0 91 173 51 459 126 26 15 2776 8 1219 582 184 530 268 110 21 397 14 182 258 521 250 80 47 51 36 96 199 145 73 33 1945 
12 0 0 0 65 0 106 0 999 0 47 59 1692 0 528 0 0 0 0 10 19 2967 219 1132 0 0 13 3000 0 233 328 341 73 0 11 103 38 0 36 65 0 64 0 0 100 56 30 91 0 40 203 0 27 0 3000 0 173 0 24 731 111 116 24 0 226 7 0 0 0 200 111 0 0 9 382 867 25 9 0 8 
56 30 30 78 39 41 12 153 44 0 24 7 115 15 393 0 15 1607 1071 0 82 28 36 827 19 1870 12 530 60 15 210 251 320 37 532 175 191 820 1945 770 3000 3000 475 28 364 8 8 173 40 0 86 0 43 40 158 130 12 43 206 108 1092 18 8 2034 7 43 22 48 24 367 56 0 10 401 50 27 154 30 344 65 
132 0 194 173 3000 13 120 150 208 21 38 10 472 18 41 382 107 114 9 10 30 11 60 401 3000 190 195 23 0 22 376 1205 603 116 60 0 898 46 529 48 81 458 1454 27 223 0 99 51 203 86 0 129 55 438 1098 15 210 62 48 3000 8 141 33 1101 115 281 88 742 29 1132 14 80 945 29 146 993 325 96 10 356 
247 0 1042 78 0 334 0 1338 0 13 90 580 93 0 10 541 112 10 0 21 0 122 233 0 0 65 21 302 0 0 2967 331 197 0 0 0 509 0 10 19 776 0 117 34 0 0 33 459 0 0 129 0 7 0 0 0 52 0 1074 0 3000 0 0 353 0 0 215 0 57 0 3000 431 0 0 0 480 1145 0 0 507 
872 113 31 781 66 305 77 152 34 398 329 8 30 888 567 0 13 151 20 284 25 52 121 168 112 12 94 187 101 3000 376 123 10 49 1646 151 110 14 311 17 61 55 168 96 7 102 26 126 27 43 55 7 0 112 85 789 179 57 16 73 128 153 23 76 406 44 436 7 604 7 212 0 16 59 906 103 261 131 3000 27 
0 27 33 39 169 2956 0 2089 0 0 3000 26 0 33 19 0 255 963 395 0 29 87 20 14 17 0 0 0 71 20 133 242 0 33 16 587 0 1008 44 0 212 0 44 2900 1715 16 13 26 0 40 438 0 112 0 24 1317 0 10 0 0 42 286 91 211 17 0 257 805 1488 14 0 0 17 437 100 58 9 0 46 0 
311 377 28 44 129 21 463 13 614 0 8 40 326 7 190 0 810 0 3000 0 103 7 683 53 1155 0 557 370 878 670 9 13 409 33 10 34 192 74 1194 18 543 68 244 15 1282 355 36 15 3000 158 1098 0 85 24 0 544 194 100 497 254 3000 42 46 378 85 24 10 57 8 272 30 0 15 81 137 56 30 3000 236 41 
0 117 65 145 21 958 53 282 0 0 703 158 0 10 95 0 3000 0 1002 0 53 108 392 224 46 0 0 0 43 254 15 51 0 94 50 59 0 8 107 0 119 57 7 75 22 48 11 2776 0 130 15 0 789 1317 544 0 0 153 0 303 333 62 12 571 16 69 10 3000 30 167 31 0 232 37 51 47 106 262 409 43 
53 0 0 0 412 0 12 0 8 795 484 257 22 0 331 145 0 0 0 359 21 1040 1223 292 0 506 15 64 0 53 204 39 3000 0 82 0 148 0 67 190 0 38 0 0 11 0 413 8 173 12 210 52 179 0 194 0 0 0 882 19 1100 402 35 0 1704 179 0 0 9 90 56 1645 0 0 70 718 333 445 0 1071 
0 393 262 200 46 37 53 233 0 0 14 34 0 531 323 0 394 0 77 0 3000 2393 15 623 193 0 0 0 266 255 245 26 0 37 22 58 0 2072 175 0 1276 205 424 50 1108 46 16 1219 0 43 62 0 57 10 100 153 0 0 0 28 2566 173 2498 119 2356 94 1027 43 35 3000 14 0 42 20 142 71 467 3000 157 21 
9 0 10 659 0 2885 491 629 69 21 1185 83 234 0 3000 38 15 8 683 39 11 513 75 165 0 153 213 226 0 1385 10 507 542 0 0 0 891 0 2150 16 1735 1685 2073 12 0 0 36 582 24 206 48 1074 16 0 497 0 882 0 0 9 49 0 10 12 2733 109 26 0 1915 812 47 261 371 0 0 56 60 0 0 1059 
299 72 0 0 171 0 23 46 449 0 32 53 2200 9 1803 0 84 0 0 18 9 103 31 17 114 0 11 16 76 997 22 162 11 0 1167 152 429 8 8 616 0 420 0 0 215 417 15 184 731 108 3000 0 73 0 254 303 19 28 9 0 27 11 365 0 74 23 916 0 0 58 15 0 0 23 716 1177 301 144 0 232 
19 40 1035 44 2345 59 454 310 145 42 15 187 9 11 170 112 2153 256 27 15 20 125 300 255 123 16 42 97 91 76 1294 291 871 158 96 17 551 19 390 24 1109 373 270 86 11 413 1152 530 111 1092 8 3000 128 42 3000 333 1100 2566 49 27 0 167 3000 38 779 264 47 186 18 100 197 161 9 35 54 33 188 111 7 13 
228 3000 14 0 2064 0 134 112 54 0 39 318 8 23 0 0 42 0 0 0 76 380 27 24 213 0 0 298 177 9 161 45 41 0 925 434 299 24 303 7 0 42 1347 0 408 1054 8 268 116 18 141 0 153 286 42 62 402 173 0 11 167 0 17 0 1125 18 150 23 0 59 968 0 404 255 26 16 21 45 134 13 
465 97 731 1903 55 101 2968 10 3000 0 8 276 413 199 1194 0 8 0 55 0 28 59 116 11 904 0 0 7 28 29 20 16 218 392 119 223 76 177 325 58 1935 264 8 25 264 7 2272 110 24 8 33 0 23 91 46 12 35 2498 10 365 3000 17 0 27 530 99 684 486 89 1432 452 0 53 50 3000 202 85 44 1556 51 
0 0 909 101 0 19 0 210 0 23 822 35 53 49 32 25 58 33 387 502 20 26 181 450 12 8 0 0 0 1729 63 14 0 140 0 0 55 0 14 0 1390 0 24 20 0 0 60 21 0 2034 1101 353 76 211 378 571 0 119 12 0 38 0 27 0 0 0 174 21 20 0 0 1419 8 0 0 1325 404 0 34 262 
28 12 163 47 206 0 237 370 173 0 10 28 1808 707 64 0 70 0 9 0 193 49 78 75 13 0 109 158 21 1618 52 307 3000 0 3000 308 18 1476 13 831 0 17 47 0 241 477 12 397 226 7 115 0 406 17 85 16 1704 2356 2733 74 779 1125 530 0 0 187 21 101 177 2111 175 0 11 593 87 118 18 21 35 65 
74 7 0 46 40 0 176 31 283 0 88 125 67 101 35 0 18 0 0 65 116 132 26 168 28 0 928 1597 36 52 3000 11 31 0 276 203 13 16 12 47 0 40 85 0 558 11 386 14 7 43 281 0 44 0 24 69 179 94 109 23 264 18 99 0 187 0 276 0 38 130 17 0 0 34 34 3000 390 314 60 21 
16 44 13 55 202 348 98 29 0 150 198 8 43 562 21 23 11 785 2474 11 332 123 12 162 25 51 3000 93 1082 110 27 18 511 84 156 11 723 492 41 0 55 33 9 486 37 21 20 182 0 22 88 215 436 257 10 10 0 1027 26 916 47 150 684 174 21 276 0 243 66 145 1885 15 18 7 1031 150 41 307 221 87 
0 825 2133 1485 280 329 0 8 0 0 140 655 0 55 396 0 3000 27 110 0 2984 0 3000 280 45 0 0 0 635 9 160 381 0 1330 21 1193 0 52 40 0 9 0 152 33 65 56 47 258 0 48 742 0 7 805 57 3000 0 43 0 0 186 23 486 21 101 0 243 0 55 0 0 0 946 22 21 619 131 0 10 0 
367 0 265 3000 0 110 1831 19 0 335 1085 15 16 488 113 568 51 78 25 1465 334 175 3000 35 674 114 200 2737 0 715 69 223 622 1460 0 0 12 0 11 1789 149 107 13 314 0 0 9 521 0 24 29 57 604 1488 8 30 9 35 1915 0 18 0 89 20 177 38 66 55 0 713 45 106 1340 0 12 47 176 0 3000 101 
627 266 220 387 16 0 54 44 20 0 24 259 1762 64 354 0 605 0 0 0 1128 8 22 977 2736 0 79 458 31 430 113 75 327 0 87 14 31 29 80 20 0 880 119 0 1875 33 53 250 200 367 1132 0 7 14 272 167 90 3000 812 58 100 59 1432 0 2111 130 145 0 713 0 173 0 92 364 49 1107 3000 330 117 23 
9 315 99 118 46 55 36 32 30 50 659 229 38 1995 60 20 268 0 0 617 1686 182 2200 1585 323 83 47 33 192 232 19 1334 270 0 229 1316 492 96 299 12 10 232 73 0 98 97 25 80 111 56 14 3000 212 0 30 31 56 14 47 15 197 968 452 0 175 17 1885 0 45 173 0 39 0 1185 37 633 1198 15 360 26 
588 0 0 578 0 592 0 0 0 41 0 11 36 0 35 8 1798 30 0 197 0 70 12 0 0 50 2303 22 0 0 251 10 22 0 0 0 1418 0 105 380 90 0 30 1536 0 0 13 47 0 0 80 431 0 0 0 0 1645 0 261 0 161 0 0 1419 0 0 15 0 106 0 39 0 0 0 0 437 37 0 0 54 
0 73 34 3000 768 253 0 3000 0 0 426 114 0 660 9 0 106 54 1050 0 536 492 793 26 98 0 0 0 2360 309 84 26 0 15 10 123 0 2921 289 0 49 0 30 2345 76 1753 226 51 0 10 945 0 16 17 15 232 0 42 371 0 9 404 53 8 11 0 18 946 1340 92 0 0 0 36 191 46 34 0 20 0 
33 8 461 272 18 0 244 31 16 0 15 20 1199 14 0 0 64 0 15 0 666 8 39 15 288 0 0 0 29 46 9 37 34 740 275 1418 36 1000 33 0 0 745 337 0 688 120 1482 36 9 401 29 0 59 437 81 37 0 20 0 23 35 255 50 0 593 34 7 22 0 364 1185 0 36 0 3000 31 1324 293 18 90 
3000 123 9 66 255 0 11 2479 669 0 3000 545 13 204 480 0 711 0 202 0 485 32 26 83 274 0 0 27 990 237 8 253 1876 0 39 69 24 32 11 63 0 23 112 0 1409 801 221 96 382 50 146 0 906 100 137 51 70 142 0 716 54 26 3000 0 87 34 1031 21 12 49 37 0 191 3000 0 1331 1019 246 70 231 
8 89 15 13 42 27 76 109 258 154 18 34 2455 124 47 43 172 73 93 1882 22 362 20 8 162 285 213 35 108 3000 241 159 1559 88 16 28 12 21 54 21 3000 211 328 50 101 365 12 199 867 27 993 480 103 58 56 47 718 71 56 1177 33 16 202 1325 118 3000 150 619 47 1107 633 437 46 31 1331 0 279 184 24 217 
10 0 8 34 73 283 508 1472 9 36 75 36 1460 87 212 174 10 502 362 23 79 136 54 235 16 126 62 120 0 262 185 90 44 495 130 0 1166 834 9 15 26 1074 87 8 15 454 12 145 25 154 325 1145 261 9 30 106 333 467 60 301 188 21 85 404 18 390 41 131 176 3000 1198 37 34 1324 1019 279 0 40 753 8 
32 638 0 0 3000 0 24 223 39 0 115 69 379 15 65 0 35 0 0 0 184 243 15 170 557 0 1366 74 12 21 3000 2385 372 0 9 12 8 264 455 13 0 54 0 0 84 102 69 73 9 30 96 0 131 0 3000 262 445 3000 0 144 111 45 44 0 21 314 307 0 0 330 15 0 0 293 246 184 40 0 320 420 
0 3000 390 66 66 183 744 130 0 0 14 17 0 49 1467 0 9 41 23 0 833 0 1783 160 166 0 0 0 1104 13 32 266 0 50 24 110 0 192 101 0 3000 0 1601 209 202 8 10 33 0 344 10 0 3000 46 236 409 0 157 0 0 7 134 1556 34 35 60 221 10 3000 117 360 0 20 18 70 24 753 320 0 0 
126 0 335 58 100 17 74 21 10 95 366 30 114 382 917 433 1396 10 0 116 74 112 92 474 25 44 45 313 0 337 1211 9 52 0 176 0 56 0 16 274 459 691 404 26 20 0 499 1945 8 65 356 507 27 0 41 43 1071 21 1059 232 13 13 51 262 65 21 87 0 101 23 26 54 0 90 231 217 8 420 0 0 
