80
0 25 34 22 66 59 35 58 17 43 42 27 45 63 32 51 59 64 19 33 26 32 20 35 59 80 24 51 80 14 41 38 74 46 25 53 37 44 64 33 48 70 43 52 76 31 36 5 35 80 62 78 18 56 12 47 48 45 62 57 58 29 83 5 50 41 55 62 47 36 51 47 45 24 70 24 49 49 22 26 
25 0 55 32 90 80 46 84 20 46 64 33 71 84 45 76 81 81 30 58 30 47 19 38 84 104 17 68 100 37 64 42 98 35 38 78 62 58 86 58 66 92 68 75 99 47 38 25 57 104 87 98 42 77 35 43 57 59 85 82 81 55 106 21 74 35 81 82 72 61 46 72 44 24 93 40 70 58 26 44 
34 55 0 26 39 25 22 46 50 36 50 58 31 68 20 26 26 76 27 15 33 15 54 35 36 49 58 66 87 20 12 33 68 80 53 39 16 65 31 19 16 73 36 54 44 13 36 38 3 50 50 84 34 22 35 48 30 20 31 47 27 22 52 35 49 74 35 70 41 20 51 38 43 37 38 18 15 75 33 48 
22 32 26 0 65 49 14 66 36 21 59 49 51 80 13 51 51 83 3 35 7 15 39 14 61 75 41 71 98 17 38 16 86 64 47 60 38 65 56 37 34 86 53 67 69 15 15 27 29 76 70 95 36 46 32 27 26 26 57 66 53 37 77 19 63 60 59 80 58 40 31 56 25 12 64 8 40 72 8 47 
66 90 39 65 0 25 60 27 80 74 53 82 26 60 58 14 22 75 65 33 71 53 84 73 11 18 88 71 77 54 27 71 48 107 75 26 29 76 20 33 40 61 35 49 20 52 75 68 36 16 28 74 55 27 61 86 64 52 12 31 15 38 20 69 43 100 15 66 36 30 89 30 81 76 13 56 29 89 72 66 
59 80 25 49 25 0 41 47 75 53 64 82 36 77 39 22 3 89 51 31 55 35 79 54 30 27 83 82 95 45 21 51 70 104 76 42 28 84 7 34 18 80 46 63 20 34 56 62 24 29 49 92 55 4 59 66 41 30 14 49 11 39 29 61 57 98 32 81 49 32 68 44 60 61 17 41 10 95 57 69 
35 46 22 14 60 41 0 67 50 14 66 62 52 86 3 48 42 92 17 36 17 7 53 14 58 67 55 80 105 25 34 11 89 78 60 61 38 76 48 39 23 92 56 72 60 9 15 39 25 69 71 102 45 37 43 26 13 13 50 68 47 41 70 33 68 74 57 87 61 41 30 58 21 23 56 11 32 83 20 58 
58 84 46 66 27 47 67 0 69 82 30 66 15 33 65 25 44 48 66 32 73 60 72 78 17 45 76 46 50 51 34 78 23 92 58 7 30 54 45 29 55 34 16 23 47 59 80 59 43 41 4 47 42 47 49 92 76 65 36 4 36 30 46 63 17 84 14 39 13 27 96 11 88 76 40 60 44 66 73 48 
17 20 50 36 80 75 50 69 0 55 46 15 57 65 48 66 75 62 33 48 37 48 4 47 72 95 8 49 80 30 56 51 80 29 18 63 52 38 80 47 64 73 52 57 92 47 47 13 51 95 72 78 27 72 20 56 62 61 77 66 74 42 98 17 57 25 68 62 56 50 60 58 56 33 85 40 65 40 33 25 
43 46 36 21 74 53 14 82 55 0 79 69 66 99 17 62 55 104 24 50 18 22 58 8 73 80 59 92 118 37 49 5 103 81 68 75 52 86 60 53 35 105 70 86 72 23 8 47 40 82 86 115 56 49 53 13 14 23 64 82 60 54 82 39 82 78 72 100 75 55 16 72 8 23 69 23 45 92 22 68 
42 64 50 59 53 64 66 30 46 79 0 39 29 21 63 44 62 27 57 35 65 60 48 73 43 71 52 18 39 42 44 74 35 64 31 29 37 23 65 32 64 28 19 11 72 58 74 40 48 69 33 37 24 62 30 86 77 69 57 27 56 27 73 47 14 56 38 21 18 32 90 23 83 65 64 55 57 36 62 21 
27 33 58 49 82 82 62 66 15 69 39 0 57 56 59 69 81 49 46 52 51 59 14 61 73 99 17 37 69 39 61 64 73 26 8 62 56 25 86 50 73 64 50 50 96 58 61 23 59 97 69 67 27 79 23 70 75 71 81 63 78 45 101 30 52 18 69 52 53 53 74 56 70 47 89 51 72 25 47 18 
45 71 31 51 26 36 52 15 57 66 29 57 0 40 49 15 34 53 51 16 58 45 61 63 16 43 65 47 59 36 20 63 37 83 50 9 15 51 36 14 42 44 10 27 43 44 65 46 28 41 19 56 31 36 38 77 61 50 29 16 27 16 45 50 21 76 11 44 13 11 81 7 73 61 36 44 32 63 58 41 
63 84 68 80 60 77 86 33 65 99 21 56 40 0 83 55 75 17 78 52 86 79 67 93 50 77 71 21 20 62 60 94 22 79 49 35 53 33 76 48 81 8 32 14 80 78 95 61 65 74 33 16 45 76 51 107 97 88 67 29 67 45 79 68 20 71 46 7 28 48 111 33 104 86 73 75 72 44 83 40 
32 45 20 13 58 39 3 65 48 17 63 59 49 83 0 46 41 89 15 33 16 5 51 15 56 66 53 77 102 22 32 14 86 76 57 58 35 73 46 36 22 89 53 69 59 6 17 37 23 67 69 99 42 36 40 28 16 14 49 65 45 38 68 31 65 72 55 84 58 38 32 55 24 23 55 9 31 81 19 55 
51 76 26 51 14 22 48 25 66 62 44 69 15 55 46 0 20 68 52 18 58 41 70 61 11 30 74 62 73 39 14 59 48 93 62 20 14 65 22 19 32 58 25 42 28 39 62 54 23 29 28 70 41 22 47 74 54 42 14 27 12 24 32 55 35 87 11 59 27 16 77 22 69 62 21 43 20 77 58 53 
59 81 26 51 22 3 42 44 75 55 62 81 34 75 41 20 0 87 52 30 57 37 79 56 28 25 83 80 93 45 20 53 67 104 75 40 27 82 5 33 20 78 44 61 18 36 58 63 24 27 47 90 54 6 58 68 43 32 11 47 9 38 27 61 55 98 30 79 47 31 70 42 62 62 14 42 11 94 58 68 
64 81 76 83 75 89 92 48 62 104 27 49 53 17 89 68 87 0 81 62 89 86 62 97 65 93 66 13 20 67 71 99 39 69 44 50 63 24 89 58 91 22 43 26 95 84 99 61 74 90 49 19 48 88 52 110 104 96 81 45 80 54 94 69 33 61 61 10 41 58 114 46 108 88 87 81 83 31 86 38 
19 30 27 3 65 51 17 66 33 24 57 46 51 78 15 52 52 81 0 35 8 17 36 16 61 76 38 69 96 16 38 19 85 61 44 59 38 63 58 37 36 85 52 65 70 18 17 24 30 77 70 94 34 48 29 29 29 29 58 66 54 36 79 16 62 57 59 78 57 40 33 55 27 11 65 10 42 69 7 44 
33 58 15 35 33 31 36 32 48 50 35 52 16 52 33 18 30 62 35 0 42 29 52 47 26 47 56 53 72 21 10 46 53 76 46 25 4 53 34 4 29 58 21 39 44 27 49 36 13 47 36 69 25 28 29 61 45 35 30 32 26 9 50 37 33 70 24 55 26 5 64 23 57 46 37 28 22 64 42 38 
26 30 33 7 71 55 17 73 37 18 65 51 58 86 16 58 57 89 8 42 0 20 40 10 68 81 41 76 104 24 44 13 93 63 51 67 45 70 62 45 39 93 60 73 75 21 10 30 36 82 78 102 41 51 37 21 27 29 63 73 59 44 84 22 70 61 66 86 65 47 25 63 19 7 70 15 46 75 4 52 
32 47 15 15 53 35 7 60 48 22 60 59 45 79 5 41 37 86 17 29 20 0 52 20 51 62 54 75 99 21 27 18 82 77 56 54 31 71 42 32 19 85 49 66 55 2 22 37 18 63 64 96 40 32 38 33 18 13 44 61 40 34 64 31 61 73 50 81 54 34 37 51 28 26 51 8 26 79 22 53 
20 19 54 39 84 79 53 72 4 58 48 14 61 67 51 70 79 62 36 52 40 52 0 50 76 99 5 50 81 34 60 53 83 25 19 67 56 39 84 51 68 75 56 59 96 51 50 17 55 99 75 79 30 76 23 58 65 64 81 70 78 46 102 20 60 21 72 64 59 54 62 61 58 35 89 43 69 39 36 27 
35 38 35 14 73 54 14 78 47 8 73 61 63 93 15 61 56 97 16 47 10 20 50 0 71 81 51 85 112 31 47 4 99 73 60 72 49 79 61 50 36 100 66 80 74 21 2 39 38 83 82 109 50 50 46 14 19 25 64 79 60 50 83 32 77 70 69 94 71 52 18 69 10 15 70 19 46 85 14 61 
59 84 36 61 11 30 58 17 72 73 43 73 16 50 56 11 28 65 61 26 68 51 76 71 0 28 80 60 67 48 24 70 40 98 66 15 23 66 27 26 42 52 24 38 30 50 73 61 33 26 19 64 46 31 53 84 64 53 18 21 19 30 30 63 32 91 5 55 25 23 88 20 80 72 23 53 30 78 68 56 
80 104 49 75 18 27 67 45 95 80 71 99 43 77 66 30 25 93 76 47 81 62 99 81 28 0 103 89 93 67 40 78 63 123 92 43 44 94 20 49 45 78 53 67 8 61 83 83 47 5 45 90 71 31 77 93 68 57 18 48 22 54 2 83 60 117 33 83 53 46 95 48 87 86 11 67 35 106 83 83 
24 17 58 41 88 83 55 76 8 59 52 17 65 71 53 74 83 66 38 56 41 54 5 51 80 103 0 53 85 38 64 54 87 23 23 71 60 42 88 55 71 79 60 64 99 54 51 20 59 103 80 83 35 79 28 58 67 66 85 74 82 50 106 23 64 20 76 68 64 58 61 66 59 36 93 46 73 42 37 31 
51 68 66 71 71 82 80 46 49 92 18 37 47 21 77 62 80 13 69 53 76 75 50 85 60 89 53 0 32 55 62 87 43 58 31 46 55 12 83 49 81 29 37 23 89 73 86 48 65 86 47 30 36 80 40 97 92 85 75 42 74 44 91 56 29 50 56 16 35 50 101 41 95 75 82 69 75 23 73 25 
80 100 87 98 77 95 105 50 80 118 39 69 59 20 102 73 93 20 96 72 104 99 81 112 67 93 85 32 0 81 79 113 31 88 63 54 72 44 94 68 100 16 51 33 97 97 114 78 85 89 49 3 63 95 69 125 116 107 85 47 85 65 95 86 39 81 64 19 47 67 129 52 123 104 90 94 91 50 102 56 
14 37 20 17 54 45 25 51 30 37 42 39 36 62 22 39 45 67 16 21 24 21 34 31 48 67 38 55 81 0 27 32 69 60 35 44 25 51 50 22 34 69 36 50 62 20 33 18 21 67 55 78 19 42 18 45 38 33 49 50 45 21 69 16 46 55 45 63 41 25 49 40 42 25 56 14 35 59 22 32 
41 64 12 38 27 21 34 34 56 49 44 61 20 60 32 14 20 71 38 10 44 27 60 47 24 40 64 62 79 27 0 46 57 85 55 28 7 63 24 13 21 64 28 46 35 26 49 44 9 40 38 76 35 18 39 60 41 30 21 36 18 19 42 44 40 79 23 63 32 12 64 28 56 49 29 30 13 74 45 48 
38 42 33 16 71 51 11 78 51 5 74 64 63 94 14 59 53 99 19 46 13 18 53 4 70 78 54 87 113 32 46 0 99 77 63 72 49 81 58 49 33 101 66 81 71 20 5 42 37 80 82 111 51 48 48 15 15 22 62 78 58 50 81 35 77 74 68 95 71 52 18 69 10 19 68 19 43 87 17 63 
74 98 68 86 48 70 89 23 80 103 35 73 37 22 86 48 67 39 85 53 93 82 83 99 40 63 87 43 31 69 57 99 0 98 66 29 52 54 67 50 78 18 33 24 67 80 101 73 65 59 20 29 56 70 63 113 98 88 58 21 59 49 64 79 24 90 37 29 28 48 117 31 109 94 61 80 68 65 91 56 
46 35 80 64 107 104 78 92 29 81 64 26 83 79 76 93 104 69 61 76 63 77 25 73 98 123 23 58 88 60 85 77 98 0 34 88 80 46 109 75 93 86 76 75 120 76 72 42 81 122 95 87 52 101 47 78 90 89 106 89 102 69 126 46 77 8 94 74 79 77 81 82 80 58 113 69 95 38 59 43 
25 38 53 47 75 76 60 58 18 68 31 8 50 49 57 62 75 44 44 46 51 56 19 60 66 92 23 31 63 35 55 63 66 34 0 54 49 21 79 43 69 57 43 42 90 55 61 21 53 90 61 61 21 73 18 71 72 68 75 55 72 38 94 29 44 26 61 45 45 46 75 48 70 48 82 48 67 24 47 10 
53 78 39 60 26 42 61 7 63 75 29 62 9 35 58 20 40 50 59 25 67 54 67 72 15 43 71 46 54 44 28 72 29 88 54 0 23 52 41 22 49 38 11 23 45 52 74 53 36 40 11 50 37 42 44 86 69 59 32 8 32 24 45 57 17 80 11 40 10 20 90 6 82 70 38 53 39 64 66 45 
37 62 16 38 29 28 38 30 52 52 37 56 15 53 35 14 27 63 38 4 45 31 56 49 23 44 60 55 72 25 7 49 52 80 49 23 0 56 30 6 28 57 21 39 40 29 51 40 13 43 33 69 28 26 33 63 46 36 26 30 23 12 46 41 33 73 20 56 25 5 67 21 59 49 34 31 20 67 45 42 
44 58 65 65 76 84 76 54 38 86 23 25 51 33 73 65 82 24 63 53 70 71 39 79 66 94 42 12 44 51 63 81 54 46 21 52 56 0 86 50 80 41 42 32 94 70 80 40 64 92 56 42 32 82 34 91 89 83 79 50 77 45 96 48 37 38 61 28 42 52 94 46 89 67 86 65 76 13 66 18 
64 86 31 56 20 7 48 45 80 60 65 86 36 76 46 22 5 89 58 34 62 42 84 61 27 20 88 83 94 50 24 58 67 109 79 41 30 86 0 36 25 78 46 63 13 41 63 67 29 22 47 91 59 11 63 73 48 37 9 48 9 42 22 66 57 103 30 81 49 34 75 43 67 68 10 48 16 97 64 72 
33 58 19 37 33 34 39 29 47 53 32 50 14 48 36 19 33 58 37 4 45 32 51 50 26 49 55 49 68 22 13 49 50 75 43 22 6 50 36 0 33 54 17 35 46 31 51 35 17 48 33 65 23 32 28 64 49 39 31 29 28 6 51 37 30 68 23 51 22 3 67 19 60 47 39 31 26 61 44 36 
48 66 16 34 40 18 23 55 64 35 64 73 42 81 22 32 20 91 36 29 39 19 68 36 42 45 71 81 100 34 21 33 78 93 69 49 28 80 25 33 0 86 49 67 38 18 38 52 17 47 59 97 49 14 51 48 23 12 30 57 26 37 47 48 62 88 42 84 54 33 50 49 42 45 34 26 12 90 41 64 
70 92 73 86 61 80 92 34 73 105 28 64 44 8 89 58 78 22 85 58 93 85 75 100 52 78 79 29 16 69 64 101 18 86 57 38 57 41 78 54 86 0 36 20 81 84 102 68 70 74 33 13 52 80 59 114 102 93 70 31 70 51 79 76 24 78 48 13 32 53 118 37 111 93 74 82 76 51 90 48 
43 68 36 53 35 46 56 16 52 70 19 50 10 32 53 25 44 43 52 21 60 49 56 66 24 53 60 37 51 36 28 66 33 76 43 11 21 42 46 17 49 36 0 18 53 48 68 43 34 50 20 48 26 45 33 80 66 56 39 14 37 16 55 48 12 69 20 35 5 16 84 5 76 62 45 47 40 54 58 33 
52 75 54 67 49 63 72 23 57 86 11 50 27 14 69 42 61 26 65 39 73 66 59 80 38 67 64 23 33 50 46 81 24 75 42 23 39 32 63 35 67 20 18 0 68 64 82 50 51 63 24 30 33 63 40 94 83 74 55 19 54 32 68 57 6 67 34 17 14 34 98 20 91 74 61 62 58 45 71 33 
76 99 44 69 20 20 60 47 92 72 72 96 43 80 59 28 18 95 70 44 75 55 96 74 30 8 99 89 97 62 35 71 67 120 90 45 40 94 13 46 38 81 53 68 0 54 76 79 41 12 48 94 69 23 74 85 60 49 15 51 18 52 10 78 62 114 34 85 54 44 88 49 80 80 7 61 29 106 76 81 
31 47 13 15 52 34 9 59 47 23 58 58 44 78 6 39 36 84 18 27 21 2 51 21 50 61 54 73 97 20 26 20 80 76 55 52 29 70 41 31 18 84 48 64 54 0 23 36 17 62 63 94 38 31 37 35 19 13 43 59 39 32 63 31 60 72 49 79 53 32 38 50 30 27 50 8 25 78 23 52 
36 38 36 15 75 56 15 80 47 8 74 61 65 95 17 62 58 99 17 49 10 22 50 2 73 83 51 86 114 33 49 5 101 72 61 74 51 80 63 51 38 102 68 82 76 23 0 40 40 84 84 111 51 52 47 12 20 27 66 80 62 52 85 32 78 70 71 95 73 54 16 70 9 15 72 21 48 85 14 62 
5 25 38 27 68 62 39 59 13 47 40 23 46 61 37 54 63 61 24 36 30 37 17 39 61 83 20 48 78 18 44 42 73 42 21 53 40 40 67 35 52 68 43 50 79 36 40 0 39 83 63 75 17 59 10 51 52 49 65 57 61 31 85 8 49 37 57 59 47 38 54 48 49 27 73 29 53 45 26 23 
35 57 3 29 36 24 25 43 51 40 48 59 28 65 23 23 24 74 30 13 36 18 55 38 33 47 59 65 85 21 9 37 65 81 53 36 13 64 29 17 17 70 34 51 41 17 40 39 0 47 46 82 33 20 36 51 33 23 28 44 24 21 49 37 46 75 32 68 38 17 55 35 47 40 36 21 14 74 36 48 
80 104 50 76 16 29 69 41 95 82 69 97 41 74 67 29 27 90 77 47 82 63 99 83 26 5 103 86 89 67 40 80 59 122 90 40 43 92 22 48 47 74 50 63 12 62 84 83 47 0 41 86 70 33 76 95 70 59 19 45 23 53 5 83 57 116 30 80 51 45 97 46 89 88 13 68 37 104 84 82 
62 87 50 70 28 49 71 4 72 86 33 69 19 33 69 28 47 49 70 36 78 64 75 82 19 45 80 47 49 55 38 82 20 95 61 11 33 56 47 33 59 33 20 24 48 63 84 63 46 41 0 45 46 50 53 96 79 68 38 6 38 34 46 67 19 87 17 39 16 31 100 15 92 80 42 64 48 68 77 51 
78 98 84 95 74 92 102 47 78 115 37 67 56 16 99 70 90 19 94 69 102 96 79 109 64 90 83 30 3 78 76 111 29 87 61 50 69 42 91 65 97 13 48 30 94 94 111 75 82 86 45 0 60 92 66 123 113 104 82 43 82 62 91 83 36 80 61 16 44 64 127 49 120 101 87 92 88 50 99 54 
18 42 34 36 55 55 45 42 27 56 24 27 31 45 42 41 54 48 34 25 41 40 30 50 46 71 35 36 63 19 35 51 56 52 21 37 28 32 59 23 49 52 26 33 69 38 51 17 33 70 46 60 0 52 7 63 57 51 54 40 51 17 74 24 32 45 42 44 30 25 67 31 60 41 62 33 46 41 39 14 
56 77 22 46 27 4 37 47 72 49 62 79 36 76 36 22 6 88 48 28 51 32 76 50 31 31 79 80 95 42 18 48 70 101 73 42 26 82 11 32 14 80 45 63 23 31 52 59 20 33 50 92 52 0 56 62 38 27 16 49 13 37 33 57 57 95 33 80 48 30 65 43 57 57 20 38 7 93 53 66 
12 35 35 32 61 59 43 49 20 53 30 23 38 51 40 47 58 52 29 29 37 38 23 46 53 77 28 40 69 18 39 48 63 47 18 44 33 34 63 28 51 59 33 40 74 37 47 10 36 76 53 66 7 56 0 58 55 50 59 47 56 23 79 17 39 40 49 50 37 31 62 38 56 35 67 31 49 41 34 15 
47 43 48 27 86 66 26 92 56 13 86 70 77 107 28 74 68 110 29 61 21 33 58 14 84 93 58 97 125 45 60 15 113 78 71 86 63 91 73 64 48 114 80 94 85 35 12 51 51 95 96 123 63 62 58 0 26 36 76 93 72 64 95 42 91 77 83 107 85 66 4 83 5 23 82 33 58 95 24 73 
48 57 30 26 64 41 13 76 62 14 77 75 61 97 16 54 43 104 29 45 27 18 65 19 64 68 67 92 116 38 41 15 98 90 72 69 46 89 48 49 23 102 66 83 60 19 20 52 33 70 79 113 57 38 55 26 0 11 53 77 49 51 70 45 78 86 64 98 71 50 28 67 21 33 58 24 35 96 30 70 
45 59 20 26 52 30 13 65 61 23 69 71 50 88 14 42 32 96 29 35 29 13 64 25 53 57 66 85 107 33 30 22 88 89 68 59 36 83 37 39 12 93 56 74 49 13 27 49 23 59 68 104 51 27 50 36 11 0 42 66 38 42 59 44 69 85 53 90 61 40 38 57 30 36 47 21 24 91 33 65 
62 85 31 57 12 14 50 36 77 64 57 81 29 67 49 14 11 81 58 30 63 44 81 64 18 18 85 75 85 49 21 62 58 106 75 32 26 79 9 31 30 70 39 55 15 43 66 65 28 19 38 82 54 16 59 76 53 42 0 39 4 37 21 65 49 99 21 72 41 29 79 35 71 69 8 49 18 91 65 67 
57 82 47 66 31 49 68 4 66 82 27 63 16 29 65 27 47 45 66 32 73 61 70 79 21 48 74 42 47 50 36 78 21 89 55 8 30 50 48 29 57 31 14 19 51 59 80 57 44 45 6 43 40 49 47 93 77 66 39 0 39 29 50 62 13 81 17 35 10 27 96 10 89 75 44 60 47 63 72 45 
58 81 27 53 15 11 47 36 74 60 56 78 27 67 45 12 9 80 54 26 59 40 78 60 19 22 82 74 85 45 18 58 59 102 72 32 23 77 9 28 26 70 37 54 18 39 62 61 24 23 38 82 51 13 56 72 49 38 4 39 0 34 25 61 48 96 22 72 40 26 75 34 67 65 11 45 15 89 61 64 
29 55 22 37 38 39 41 30 42 54 27 45 16 45 38 24 38 54 36 9 44 34 46 50 30 54 50 44 65 21 19 50 49 69 38 24 12 45 42 6 37 51 16 32 52 32 52 31 21 53 34 62 17 37 23 64 51 42 37 29 34 0 56 34 27 63 26 48 21 8 68 19 60 46 45 31 31 56 43 30 
83 106 52 77 20 29 70 46 98 82 73 101 45 79 68 32 27 94 79 50 84 64 102 83 30 2 106 91 95 69 42 81 64 126 94 45 46 96 22 51 47 79 55 68 10 63 85 85 49 5 46 91 74 33 79 95 70 59 21 50 25 56 0 85 62 119 35 85 55 48 97 50 89 89 13 69 38 108 85 85 
5 21 35 19 69 61 33 63 17 39 47 30 50 68 31 55 61 69 16 37 22 31 20 32 63 83 23 56 86 16 44 35 79 46 29 57 41 48 66 37 48 76 48 57 78 31 32 8 37 83 67 83 24 57 17 42 45 44 65 62 61 34 85 0 56 41 60 67 52 40 46 52 41 19 72 23 51 53 18 31 
50 74 49 63 43 57 68 17 57 82 14 52 21 20 65 35 55 33 62 33 70 61 60 77 32 60 64 29 39 46 40 77 24 77 44 17 33 37 57 30 62 24 12 6 62 60 78 49 46 57 19 36 32 57 39 91 78 69 49 13 48 27 62 56 0 69 28 24 8 29 95 14 87 71 55 58 53 49 68 34 
41 35 74 60 100 98 74 84 25 78 56 18 76 71 72 87 98 61 57 70 61 73 21 70 91 117 20 50 81 55 79 74 90 8 26 80 73 38 103 68 88 78 69 67 114 72 70 37 75 116 87 80 45 95 40 77 86 85 99 81 96 63 119 41 69 0 87 66 71 71 80 74 78 56 107 64 89 31 57 36 
55 81 35 59 15 32 57 14 68 72 38 69 11 46 55 11 30 61 59 24 66 50 72 69 5 33 76 56 64 45 23 68 37 94 61 11 20 61 30 23 42 48 20 34 34 49 71 57 32 30 17 61 42 33 49 83 64 53 21 17 22 26 35 60 28 87 0 51 20 19 87 15 79 69 27 51 31 74 66 52 
62 82 70 80 66 81 87 39 62 100 21 52 44 7 84 59 79 10 78 55 86 81 64 94 55 83 68 16 19 63 63 95 29 74 45 40 56 28 81 51 84 13 35 17 85 79 95 59 68 80 39 16 44 80 50 107 98 90 72 35 72 48 85 67 24 66 51 0 32 51 111 37 104 85 78 76 76 38 83 38 
47 72 41 58 36 49 61 13 56 75 18 53 13 28 58 27 47 41 57 26 65 54 59 71 25 53 64 35 47 41 32 71 28 79 45 10 25 42 49 22 54 32 5 14 54 53 73 47 38 51 16 44 30 48 37 85 71 61 41 10 40 21 55 52 8 71 20 32 0 21 89 5 81 67 47 52 44 54 63 35 
36 61 20 40 30 32 41 27 50 55 32 53 11 48 38 16 31 58 40 5 47 34 54 52 23 46 58 50 67 25 12 52 48 77 46 20 5 52 34 3 33 53 16 34 44 32 54 38 17 45 31 64 25 30 31 66 50 40 29 27 26 8 48 40 29 71 19 51 21 0 70 17 62 50 37 33 25 63 47 38 
51 46 51 31 89 68 30 96 60 16 90 74 81 111 32 77 70 114 33 64 25 37 62 18 88 95 61 101 129 49 64 18 117 81 75 90 67 94 75 67 50 118 84 98 88 38 16 54 55 97 100 127 67 65 62 4 28 38 79 96 75 68 97 46 95 80 87 111 89 70 0 86 8 27 85 37 61 99 28 77 
47 72 38 56 30 44 58 11 58 72 23 56 7 33 55 22 42 46 55 23 63 51 61 69 20 48 66 41 52 40 28 69 31 82 48 6 21 46 43 19 49 37 5 20 49 50 70 48 35 46 15 49 31 43 38 83 67 57 35 10 34 19 50 52 14 74 15 37 5 17 86 0 79 65 42 50 39 59 62 38 
45 44 43 25 81 60 21 88 56 8 83 70 73 104 24 69 62 108 27 57 19 28 58 10 80 87 59 95 123 42 56 10 109 80 70 82 59 89 67 60 42 111 76 91 80 30 9 49 47 89 92 120 60 57 56 5 21 30 71 89 67 60 89 41 87 78 79 104 81 62 8 79 0 23 77 29 53 94 23 71 
24 24 37 12 76 61 23 76 33 23 65 47 61 86 23 62 62 88 11 46 7 26 35 15 72 86 36 75 104 25 49 19 94 58 48 70 49 67 68 47 45 93 62 74 80 27 15 27 40 88 80 101 41 57 35 23 33 36 69 75 65 46 89 19 71 56 69 85 67 50 27 65 23 0 75 20 51 72 4 50 
70 93 38 64 13 17 56 40 85 69 64 89 36 73 55 21 14 87 65 37 70 51 89 70 23 11 93 82 90 56 29 68 61 113 82 38 34 86 10 39 34 74 45 61 7 50 72 73 36 13 42 87 62 20 67 82 58 47 8 44 11 45 13 72 55 107 27 78 47 37 85 42 77 75 0 56 24 99 72 74 
24 40 18 8 56 41 11 60 40 23 55 51 44 75 9 43 42 81 10 28 15 8 43 19 53 67 46 69 94 14 30 19 80 69 48 53 31 65 48 31 26 82 47 62 61 8 21 29 21 68 64 92 33 38 31 33 24 21 49 60 45 31 69 23 58 64 51 76 52 33 37 50 29 20 56 0 32 72 16 46 
49 70 15 40 29 10 32 44 65 45 57 72 32 72 31 20 11 83 42 22 46 26 69 46 30 35 73 75 91 35 13 43 68 95 67 39 20 76 16 26 12 76 40 58 29 25 48 53 14 37 48 88 46 7 49 58 35 24 18 47 15 31 38 51 53 89 31 76 44 25 61 39 53 51 24 32 0 87 48 60 
49 58 75 72 89 95 83 66 40 92 36 25 63 44 81 77 94 31 69 64 75 79 39 85 78 106 42 23 50 59 74 87 65 38 24 64 67 13 97 61 90 51 54 45 106 78 85 45 74 104 68 50 41 93 41 95 96 91 91 63 89 56 108 53 49 31 74 38 54 63 99 59 94 72 99 72 87 0 71 27 
22 26 33 8 72 57 20 73 33 22 62 47 58 83 19 58 58 86 7 42 4 22 36 14 68 83 37 73 102 22 45 17 91 59 47 66 45 66 64 44 41 90 58 71 76 23 14 26 36 84 77 99 39 53 34 24 30 33 65 72 61 43 85 18 68 57 66 83 63 47 28 62 23 4 72 16 48 71 0 48 
26 44 48 47 66 69 58 48 25 68 21 18 41 40 55 53 68 38 44 38 52 53 27 61 56 83 31 25 56 32 48 63 56 43 10 45 42 18 72 36 64 48 33 33 81 52 62 23 48 82 51 54 14 66 15 73 70 65 67 45 64 30 85 31 34 36 52 38 35 38 77 38 71 50 74 46 60 27 48 0 
0 1978 44 989 293 235 231 241 12 839 3000 943 53 92 17 25 1734 125 113 1120 27 867 7 8 489 2291 0 11 13 24 10 44 458 157 94 9 311 0 366 432 48 535 109 1226 86 9 14 130 86 522 14 3000 18 1639 196 202 15 426 16 353 91 260 56 32 316 46 553 55 155 1339 8 33 133 41 86 13 102 82 83 96 
1978 0 20 146 23 141 216 43 74 64 0 599 14 16 0 24 3000 68 54 512 0 54 0 206 194 642 0 501 95 0 2890 75 0 8 828 12 181 0 0 1632 12 82 404 629 448 0 1245 26 69 54 103 61 0 1352 0 17 56 92 1098 339 0 18 0 121 170 11 203 0 150 321 0 9 53 0 24 49 35 18 62 126 
44 20 0 39 413 1318 259 10 0 13 1336 459 70 1288 80 37 0 55 324 40 0 29 11 19 1538 29 0 38 110 1115 0 233 274 88 106 326 23 0 35 77 127 27 28 56 1442 234 811 10 59 17 0 621 968 27 261 108 21 44 454 23 717 9 94 73 213 25 141 0 0 245 1545 996 236 698 12 100 73 124 8 258 
989 146 39 0 42 37 27 144 54 38 0 88 25 232 0 532 25 9 7 149 240 864 32 158 3000 56 72 26 400 0 13 591 0 61 9 70 53 226 9 364 177 353 9 21 61 0 120 32 63 819 10 705 537 708 9 8 644 16 48 127 20 19 0 40 112 1117 142 0 133 29 0 176 1168 0 131 25 144 127 80 81 
293 23 413 42 0 11 127 43 3000 211 159 29 90 1695 81 56 641 266 130 466 1048 82 477 1327 19 728 47 548 139 17 23 14 26 82 45 35 173 3000 12 48 38 24 14 311 7 110 31 7 241 92 958 105 3000 334 204 319 13 53 375 12 3000 8 51 157 14 860 237 12 902 41 3000 34 107 24 24 57 3000 15 13 26 
235 141 1318 37 11 0 570 204 54 1468 32 87 0 26 762 1327 10 723 39 44 10 87 14 570 82 1871 1114 8 92 60 183 28 25 0 130 44 12 23 31 452 16 28 23 62 0 7 198 258 1116 228 2785 105 554 57 922 59 2022 76 28 13 117 1868 115 560 128 133 401 64 92 980 1512 501 186 482 58 203 17 47 1269 113 
231 216 259 27 127 570 0 269 10 353 0 253 0 155 0 125 12 665 0 18 187 0 293 32 20 245 169 131 435 0 146 82 0 0 238 136 630 85 0 388 37 72 2827 109 0 0 33 0 56 136 59 24 0 7 0 0 17 290 7 17 136 3000 0 11 3000 402 3000 0 1702 1543 0 32 96 0 71 11 0 568 14 77 
241 43 10 144 43 204 269 0 0 186 0 10 168 17 364 175 0 1415 42 241 0 301 0 1330 10 396 0 143 15 0 0 132 0 26 22 0 42 0 0 200 206 2241 73 3000 82 0 0 2003 13 698 0 407 43 633 0 1195 0 24 195 19 0 86 0 400 1938 302 116 0 0 580 0 340 203 0 0 2475 123 0 1694 59 
12 74 0 54 3000 54 10 0 0 913 51 0 0 48 0 902 330 88 0 447 702 0 263 223 75 0 26 0 0 270 248 9 197 0 628 30 9 210 53 145 26 0 260 384 0 490 9 0 0 3000 29 0 434 0 84 0 19 0 159 0 1286 39 1042 66 366 213 72 36 271 67 137 39 274 220 25 41 0 100 53 0 
839 64 13 38 211 1468 353 186 913 0 65 26 28 90 49 28 0 1103 35 17 41 78 252 3000 388 0 0 66 102 19 0 110 704 11 27 28 391 0 3000 204 8 30 681 8 13 1790 855 36 41 119 0 231 62 202 29 27 0 0 1444 0 200 22 25 114 146 13 17 94 0 324 3000 14 175 606 142 893 19 40 0 65 
3000 0 1336 0 159 32 0 0 51 65 0 0 0 139 2271 0 0 8 98 0 158 32 812 0 0 0 0 317 0 10 0 0 420 0 16 16 95 0 1213 0 0 53 97 0 0 37 0 11 0 37 0 0 27 0 18 663 0 0 0 0 597 12 15 0 0 0 1422 18 0 0 9 3000 0 161 15 73 642 77 0 0 
943 599 459 88 29 87 253 10 0 26 0 0 90 103 792 56 0 52 51 91 0 78 473 246 39 8 0 2940 168 198 0 221 2423 116 164 0 15 0 28 1219 318 23 167 109 613 223 0 9 27 16 0 44 472 14 11 148 104 183 115 12 0 28 0 44 440 68 241 0 0 656 0 15 31 11 3000 7 103 598 459 167 
53 14 70 25 90 0 0 168 0 28 0 90 0 35 27 17 0 81 69 0 0 21 0 0 444 0 0 511 728 0 0 57 0 76 30 0 197 0 0 14 0 8 56 1154 211 0 0 381 1267 1133 0 584 141 127 0 81 0 0 0 0 0 85 0 3000 156 172 359 0 0 95 0 42 25 0 0 72 60 0 0 552 
92 16 1288 232 1695 26 155 17 48 90 139 103 35 0 36 1247 0 25 1788 3000 0 22 139 542 327 242 0 2274 9 79 0 246 32 19 133 474 222 0 23 16 1180 59 25 96 97 1418 84 12 173 1260 0 70 51 2950 204 741 167 51 208 349 123 681 55 81 478 38 93 0 0 268 96 974 559 170 125 574 102 11 39 294 
17 0 80 0 81 762 0 364 0 49 2271 792 27 36 0 0 0 1103 33 0 0 320 28 0 110 0 0 15 0 20 0 0 10 3000 74 0 55 0 8 184 0 293 403 9 13 284 0 1039 69 96 0 187 954 51 496 3000 0 0 0 0 15 99 31 0 0 335 384 143 0 0 267 39 739 13 199 83 182 0 0 8 
25 24 37 532 56 1327 125 175 902 28 0 56 17 1247 0 0 420 8 85 1197 972 0 45 108 1218 83 90 83 1146 0 779 24 0 59 1287 184 3000 8 108 66 91 3000 1020 19 0 0 489 0 16 36 39 238 0 994 354 13 269 570 2145 67 338 219 0 1104 232 44 28 0 83 69 0 950 80 0 1062 148 11 420 55 121 
1734 3000 0 25 641 10 12 0 330 0 0 0 0 0 0 420 0 238 0 23 444 0 2917 3000 1481 28 3000 0 98 0 20 68 0 0 262 2868 13 53 251 414 52 0 11 19 0 0 16 0 0 11 44 0 0 0 1336 0 51 52 413 9 101 319 1395 63 319 30 2183 202 80 2172 0 427 20 0 135 479 0 398 64 0 
125 68 55 9 266 723 665 1415 88 1103 8 52 81 25 1103 8 238 0 207 12 13 208 149 406 229 1539 0 25 170 368 127 20 771 24 179 31 17 0 59 1961 1002 563 576 59 33 73 36 178 77 50 16 448 7 2622 17 433 45 0 39 0 192 51 31 64 33 162 326 199 57 20 255 19 213 26 1540 1830 148 54 1722 55 
113 54 324 7 130 39 0 42 0 35 98 51 69 1788 33 85 0 207 0 10 0 120 0 0 643 0 0 72 0 45 0 891 1753 1725 84 0 741 0 3000 46 0 18 35 80 23 87 0 193 32 45 0 321 1192 375 8 211 0 0 0 0 0 1613 273 108 324 10 380 0 0 710 100 39 9 3000 168 15 80 0 0 103 
1120 512 40 149 466 44 18 241 447 17 0 91 0 3000 0 1197 23 12 10 0 12 0 488 56 35 55 69 151 17 0 1579 80 27 0 2552 2765 29 136 172 84 940 20 409 1903 0 0 3000 0 25 17 27 0 1918 10 10 0 29 31 217 99 44 361 142 48 143 73 14 166 84 659 0 603 439 51 39 15 0 101 491 67 
27 0 0 240 1048 10 187 0 702 41 158 0 0 0 0 972 444 13 0 12 0 0 24 14 75 0 358 0 0 8 162 37 42 0 76 40 34 352 668 17 708 0 331 0 0 22 491 0 0 289 266 0 18 0 12 0 30 0 290 0 19 227 1121 19 554 14 113 11 640 64 33 27 217 203 1523 183 0 612 415 0 
867 54 29 864 82 87 0 301 0 78 32 78 21 22 320 0 0 208 120 0 0 0 176 0 183 0 0 53 0 22 0 61 793 76 21 0 8 0 114 15 0 150 14 125 194 10 0 107 48 1009 0 56 91 224 397 201 0 0 0 0 12 8 9 0 302 29 11 0 0 8 914 101 129 38 174 930 58 0 0 7 
7 0 11 32 477 14 293 0 263 252 812 473 0 139 28 45 2917 149 0 488 24 176 0 8 521 0 2449 56 0 9 495 899 1645 0 219 485 491 1837 131 51 81 0 400 183 0 86 251 75 0 1494 39 0 141 0 58 0 463 0 928 0 44 128 109 11 2330 25 2136 2231 9 8 10 569 11 2004 35 954 0 56 612 0 
8 206 19 158 1327 570 32 1330 223 3000 0 246 0 542 0 108 3000 406 0 56 14 0 8 0 28 749 43 103 75 0 17 724 0 0 21 124 35 102 1228 395 185 18 614 405 0 0 11 0 551 297 8 921 0 311 449 0 32 228 261 324 82 90 0 105 3000 119 3000 0 235 65 0 2282 53 0 51 1169 0 172 26 59 
489 194 1538 3000 19 82 20 10 75 388 0 39 444 327 110 1218 1481 229 643 35 75 183 521 28 0 606 0 110 18 0 117 22 36 138 34 462 39 0 29 29 69 10 2340 2435 21 0 49 3000 25 8 10 45 49 33 36 79 89 25 27 97 235 8 0 76 337 63 197 0 12 537 0 233 70 490 30 3000 48 1392 498 500 
2291 642 29 56 728 1871 245 396 0 0 0 8 0 242 0 83 28 1539 0 55 0 0 0 749 606 0 249 8 581 0 792 2809 0 0 48 373 0 0 0 184 13 0 32 272 0 0 13 0 1410 0 253 0 0 279 0 0 11 99 130 241 0 0 0 945 57 357 0 0 14 8 0 62 92 0 487 3000 0 1051 3000 97 
0 0 0 72 47 1114 169 0 26 0 0 0 0 0 0 90 3000 0 0 69 358 0 2449 43 0 249 0 0 0 0 57 59 775 0 905 381 0 44 222 32 110 0 3000 0 0 0 1758 0 0 78 900 0 0 0 84 0 12 8 59 10 25 93 34 77 14 307 18 181 70 15 0 0 359 0 7 745 0 19 85 0 
11 501 38 26 548 8 131 143 0 66 317 2940 511 2274 15 83 0 25 72 151 0 53 56 103 110 8 0 0 20 27 0 11 29 79 777 38 600 0 39 9 155 3000 3000 2107 1338 387 63 13 540 340 0 430 157 367 34 22 89 180 1873 84 29 2378 149 164 30 39 48 0 0 1580 19 9 3000 287 114 135 969 31 473 23 
13 95 110 400 139 92 435 15 0 102 0 168 728 9 0 1146 98 170 0 17 0 0 0 75 18 581 0 20 0 0 472 303 0 38 96 557 179 0 0 19 34 319 32 35 0 0 517 0 9 0 1966 16 0 1026 0 0 9 289 100 43 0 0 0 64 733 927 0 0 23 9 0 577 25 0 189 291 0 0 82 10 
24 0 1115 0 17 60 0 0 270 19 10 198 0 79 20 0 0 368 45 0 8 22 9 0 0 0 0 27 0 0 0 0 517 0 58 87 371 0 58 30 0 322 13 0 0 378 865 783 0 301 0 0 1517 0 3000 113 0 0 0 0 1332 515 34 0 0 0 179 265 0 0 952 134 99 91 231 21 3000 1672 0 0 
10 2890 0 13 23 183 146 0 248 0 0 0 0 0 0 779 20 127 0 1579 162 0 495 17 117 792 57 0 472 0 0 93 0 0 184 46 748 904 2868 65 598 0 298 20 0 0 190 0 0 450 71 0 0 0 603 0 626 42 8 999 51 721 28 301 1946 709 2084 28 127 7 0 1439 733 0 594 63 0 9 36 0 
44 75 233 591 14 28 82 132 9 110 0 221 57 246 0 24 68 20 891 80 37 61 899 724 22 2809 59 11 303 0 93 0 0 146 10 30 34 201 7 687 494 47 365 110 0 0 39 146 32 88 35 2227 59 3000 274 25 37 62 122 529 170 458 437 21 46 20 17 32 8 16 0 3000 1097 0 23 31 22 43 784 69 
458 0 274 0 26 25 0 0 197 704 420 2423 0 32 10 0 0 771 1753 27 42 793 1645 0 36 0 775 29 0 517 0 0 0 0 37 619 3000 3000 159 486 0 408 88 0 0 11 16 420 14 8 332 211 212 0 10 10 0 0 0 0 300 18 1073 0 1011 736 655 45 3000 0 733 30 20 134 129 37 11 1287 0 0 
157 8 88 61 82 0 0 26 0 11 0 116 76 19 3000 59 0 24 1725 0 0 76 0 0 138 0 0 79 38 0 0 146 0 0 8 0 68 0 0 19 0 24 197 101 20 0 0 13 50 43 0 148 181 1524 0 280 0 0 0 0 0 0 0 22 12 732 375 0 0 1551 0 105 36 0 0 360 119 0 0 132 
94 828 106 9 45 130 238 22 628 27 16 164 30 133 74 1287 262 179 84 2552 76 21 219 21 34 48 905 777 96 58 184 10 37 8 0 141 2400 0 1224 348 2516 312 92 110 12 121 1040 11 67 142 989 388 23 7 112 3000 590 25 212 605 10 30 453 62 72 14 8 43 21 23 38 1177 419 108 16 261 411 81 41 150 
9 12 326 70 35 44 136 0 30 28 16 0 0 474 0 184 2868 31 0 2765 40 0 485 124 462 373 381 38 557 87 46 30 619 0 141 0 3000 167 1627 26 270 0 25 8 0 155 241 0 0 80 610 0 14 0 73 0 115 614 550 0 408 146 235 3000 118 3000 1626 15 341 139 33 468 872 366 659 17 0 103 86 0 
311 181 23 53 173 12 630 42 9 391 95 15 197 222 55 3000 13 17 741 29 34 8 491 35 39 0 0 600 179 371 748 34 3000 68 2400 3000 0 0 24 26 533 52 12 12 805 1411 64 26 390 534 16 25 11 44 35 2072 80 0 30 0 18 7 2952 56 1132 80 31 309 85 3000 3000 1058 175 61 25 240 128 2450 145 1575 
0 0 0 226 3000 23 85 0 210 0 0 0 0 0 0 8 53 0 0 136 352 0 1837 102 0 0 44 0 0 0 904 201 3000 0 0 167 0 0 31 227 87 0 150 0 0 0 2182 0 0 920 44 0 0 0 245 0 13 0 2429 0 800 704 397 0 8 706 14 151 15 422 0 0 12 0 52 477 0 559 30 0 
366 0 35 9 12 31 0 0 53 3000 1213 28 0 23 8 108 251 59 3000 172 668 114 131 1228 29 0 222 39 0 58 2868 7 159 0 1224 1627 24 31 0 302 10 57 1003 24 0 56 23 113 47 41 699 9 24 0 3000 208 925 0 0 0 54 104 48 0 17 3000 12 316 10 9 707 46 15 20 84 150 20 87 0 0 
432 1632 77 364 48 452 388 200 145 204 0 1219 14 16 184 66 414 1961 46 84 17 15 51 395 29 184 32 9 19 30 65 687 486 19 348 26 26 227 302 0 329 290 9 1684 60 26 168 43 145 8 353 21 16 14 117 158 1896 124 246 14 770 552 109 12 34 45 55 23 10 53 1225 270 28 140 92 22 27 522 223 132 
48 12 127 177 38 16 37 206 26 8 0 318 0 1180 0 91 52 1002 0 940 708 0 81 185 69 13 110 155 34 0 598 494 0 0 2516 270 533 87 10 329 0 105 34 90 0 0 1639 0 484 139 371 23 0 229 211 0 11 379 50 356 742 9 288 893 21 24 3000 13 104 8 0 40 505 0 134 188 0 20 11 14 
535 82 27 353 24 28 72 2241 0 30 53 23 8 59 293 3000 0 563 18 20 0 150 0 18 10 0 0 3000 319 322 0 47 408 24 312 0 52 0 57 290 105 0 213 1577 2194 230 0 7 22 35 0 198 604 43 17 1281 0 0 0 0 0 2144 0 14 51 16 61 0 0 614 119 8 181 181 3000 131 246 0 0 1275 
109 404 28 9 14 23 2827 73 260 681 97 167 56 25 403 1020 11 576 35 409 331 14 400 614 2340 32 3000 3000 32 13 298 365 88 197 92 25 12 150 1003 9 34 213 0 3000 854 15 445 27 23 56 217 755 52 271 51 1281 20 0 744 0 8 88 396 223 18 1248 3000 32 87 1292 177 472 175 12 365 910 75 954 17 1645 
1226 629 56 21 311 62 109 3000 384 8 0 109 1154 96 9 19 19 59 80 1903 0 125 183 405 2435 272 0 2107 35 0 20 110 0 101 110 8 12 0 24 1684 90 1577 3000 0 232 0 19 9 615 826 114 11 377 842 75 29 365 90 977 26 0 190 0 67 219 41 81 0 47 8 0 61 42 0 815 441 815 196 397 30 
86 448 1442 61 7 0 0 82 0 13 0 613 211 97 13 0 0 33 23 0 0 194 0 0 21 0 0 1338 0 0 0 0 0 20 12 0 805 0 0 60 0 2194 854 232 0 0 0 1236 1258 239 0 498 152 142 0 17 0 0 0 0 0 0 0 514 14 26 478 0 0 74 0 8 180 0 0 718 753 0 0 188 
9 0 234 0 110 7 0 0 490 1790 37 223 0 1418 284 0 0 73 87 0 22 10 86 0 0 0 0 387 0 378 0 0 11 0 121 155 1411 0 56 26 0 230 15 0 0 0 23 16 0 12 0 0 23 0 383 54 0 0 0 0 25 222 105 0 0 0 9 46 0 0 130 283 14 651 1548 125 18 36 0 0 
14 1245 811 120 31 198 33 0 9 855 0 0 0 84 0 489 16 36 0 3000 491 0 251 11 49 13 1758 63 517 865 190 39 16 0 1040 241 64 2182 23 168 1639 0 445 19 0 23 0 0 0 160 777 0 206 0 40 0 76 79 12 113 47 30 366 22 1424 98 1386 37 93 21 426 2729 94 3000 38 880 0 413 1446 0 
130 26 10 32 7 258 0 2003 0 36 11 9 381 12 1039 0 0 178 193 0 0 107 75 0 3000 0 0 13 0 783 0 146 420 13 11 0 26 0 113 43 0 7 27 9 1236 16 0 0 15 14 0 44 11 163 14 11 0 0 0 0 3000 546 11 0 1840 20 1675 0 0 73 682 20 238 248 606 32 50 0 0 82 
86 69 59 63 241 1116 56 13 0 41 0 27 1267 173 69 16 0 77 32 25 0 48 0 551 25 1410 0 540 9 0 0 32 14 50 67 0 390 0 47 145 484 22 23 615 1258 0 0 15 0 46 0 463 10 1002 181 411 508 2434 29 11 0 592 0 130 22 103 123 0 0 423 0 1826 868 45 340 2616 86 299 285 39 
522 54 17 819 92 228 136 698 3000 119 37 16 1133 1260 96 36 11 50 45 17 289 1009 1494 297 8 0 78 340 0 301 450 88 8 43 142 80 534 920 41 8 139 35 56 826 239 12 160 14 46 0 15 861 72 172 14 120 726 0 9 0 50 1491 25 134 3000 26 114 349 1256 49 40 62 9 2198 10 336 2415 65 36 478 
14 103 0 10 958 2785 59 0 29 0 0 0 0 0 0 39 44 16 0 27 266 0 39 8 10 253 900 0 1966 0 71 35 332 0 989 610 16 44 699 353 371 0 217 114 0 0 777 0 0 15 0 0 0 0 2019 0 216 114 184 476 582 3000 42 510 515 3000 3000 17 2711 135 0 62 7 0 1311 3000 0 209 245 0 
3000 61 621 705 105 105 24 407 0 231 0 44 584 70 187 238 0 448 321 0 0 56 0 921 45 0 0 430 16 0 0 2227 211 148 388 0 25 0 9 21 23 198 755 11 498 0 0 44 463 861 0 0 228 10 160 28 0 0 0 0 0 1259 0 12 716 549 9 0 0 750 0 87 35 14 0 25 16 0 0 396 
18 0 968 537 3000 554 0 43 434 62 27 472 141 51 954 0 0 7 1192 1918 18 91 141 0 49 0 0 157 0 1517 0 59 212 181 23 14 11 0 24 16 0 604 52 377 152 23 206 11 10 72 0 228 0 22 1815 28 0 0 0 0 172 22 948 0 289 809 175 3000 0 3000 102 178 39 173 3000 2234 204 17 0 306 
1639 1352 27 708 334 57 7 633 0 202 0 14 127 2950 51 994 0 2622 375 10 0 224 0 311 33 279 0 367 1026 0 0 3000 0 1524 7 0 44 0 0 14 229 43 271 842 142 0 0 163 1002 172 0 10 22 0 0 160 1001 64 40 13 0 10 0 356 49 139 19 0 0 10 0 889 186 0 107 356 184 0 3000 268 
196 0 261 9 204 922 0 0 84 29 18 11 0 204 496 354 1336 17 8 10 12 397 58 449 36 0 84 34 0 3000 603 274 10 0 112 73 35 245 3000 117 211 17 51 75 0 383 40 14 181 14 2019 160 1815 0 0 55 106 0 0 0 1469 50 149 0 38 312 20 2429 135 464 493 15 292 1024 16 310 658 267 0 0 
202 17 108 8 319 59 0 1195 0 27 663 148 81 741 3000 13 0 433 211 0 0 201 0 0 79 0 0 22 0 113 0 25 10 280 3000 0 2072 0 208 158 0 1281 1281 29 17 54 0 11 411 120 0 28 28 160 55 0 0 0 0 0 0 23 0 19 399 9 165 0 0 1199 1658 1165 92 110 0 2684 191 0 0 59 
15 56 21 644 13 2022 17 0 19 0 0 104 0 167 0 269 51 45 0 29 30 0 463 32 89 11 12 89 9 0 626 37 0 0 590 115 80 13 925 1896 11 0 20 365 0 0 76 0 508 726 216 0 0 1001 106 0 0 261 56 148 8 42 153 856 277 38 1180 258 56 199 0 166 170 0 420 26 0 131 327 19 
426 92 44 16 53 76 290 24 0 0 0 183 0 51 0 570 52 0 0 31 0 0 0 228 25 99 8 180 289 0 42 62 0 0 25 614 0 0 0 124 379 0 0 90 0 0 79 0 2434 0 114 0 0 64 0 0 261 0 486 23 0 0 0 7 59 125 0 0 28 49 0 327 19 0 372 1075 0 0 16 495 
16 1098 454 48 375 28 7 195 159 1444 0 115 0 208 0 2145 413 39 0 217 290 0 928 261 27 130 59 1873 100 0 8 122 0 0 212 550 30 2429 0 246 50 0 744 977 0 0 12 0 29 9 184 0 0 40 0 0 56 486 0 24 0 1936 0 139 33 582 12 0 37 125 0 21 8 0 44 41 0 23 93 152 
353 339 23 127 12 13 17 19 0 0 0 12 0 349 0 67 9 0 0 99 0 0 0 324 97 241 10 84 43 0 999 529 0 0 605 0 0 0 0 14 356 0 0 26 0 0 113 0 11 0 476 0 0 13 0 0 148 23 24 0 0 0 0 380 26 2024 0 0 423 12 0 15 58 0 167 11 0 0 109 24 
91 0 717 20 3000 117 136 0 1286 200 597 0 0 123 15 338 101 192 0 44 19 12 44 82 235 0 25 29 0 1332 51 170 300 0 10 408 18 800 54 770 742 0 8 0 0 25 47 3000 0 50 582 0 172 0 1469 0 8 0 0 0 0 68 16 0 119 898 790 67 1581 131 144 395 1958 58 426 2097 0 20 176 0 
260 18 9 19 8 1868 3000 86 39 22 12 28 85 681 99 219 319 51 1613 361 227 8 128 90 8 0 93 2378 0 515 721 458 18 0 30 146 7 704 104 552 9 2144 88 190 0 222 30 546 592 1491 3000 1259 22 10 50 23 42 0 1936 0 68 0 546 309 80 548 96 49 159 329 91 124 137 3000 37 19 533 117 406 52 
56 0 94 0 51 115 0 0 1042 25 15 0 0 55 31 0 1395 31 273 142 1121 9 109 0 0 0 34 149 0 34 28 437 1073 0 453 235 2952 397 48 109 288 0 396 0 0 105 366 11 0 25 42 0 948 0 149 0 153 0 0 0 16 546 0 0 1773 640 30 12 69 0 205 10 133 97 171 64 0 93 0 0 
32 121 73 40 157 560 11 400 66 114 0 44 3000 81 0 1104 63 64 108 48 19 0 11 105 76 945 77 164 64 0 301 21 0 22 62 3000 56 0 0 12 893 14 223 67 514 0 22 0 130 134 510 12 0 356 0 19 856 7 139 380 0 309 0 0 22 169 146 0 9 78 0 190 122 0 87 216 140 17 161 198 
316 170 213 112 14 128 3000 1938 366 146 0 440 156 478 0 232 319 33 324 143 554 302 2330 3000 337 57 14 30 733 0 1946 46 1011 12 72 118 1132 8 17 34 21 51 18 219 14 0 1424 1840 22 3000 515 716 289 49 38 399 277 59 33 26 119 80 1773 22 0 345 23 2379 183 10 0 193 249 7 2074 185 178 33 16 9 
46 11 25 1117 860 133 402 302 213 13 0 68 172 38 335 44 30 162 10 73 14 29 25 119 63 357 307 39 927 0 709 20 736 732 14 3000 80 706 3000 45 24 16 1248 41 26 0 98 20 103 26 3000 549 809 139 312 9 38 125 582 2024 898 548 640 169 345 0 46 53 959 8 0 19 281 17 155 15 389 990 1035 36 
553 203 141 142 237 401 3000 116 72 17 1422 241 359 93 384 28 2183 326 380 14 113 11 2136 3000 197 0 18 48 0 179 2084 17 655 375 8 1626 31 14 12 55 3000 61 3000 81 478 9 1386 1675 123 114 3000 9 175 19 20 165 1180 0 12 0 790 96 30 146 23 46 0 75 82 34 101 30 29 78 12 10 61 121 84 261 
55 0 0 0 12 64 0 0 36 94 18 0 0 0 143 0 202 199 0 166 11 0 2231 0 0 0 181 0 0 265 28 32 45 0 43 15 309 151 316 23 13 0 32 0 0 46 37 0 0 349 17 0 3000 0 2429 0 258 0 0 0 67 49 12 0 2379 53 75 0 67 0 112 0 9 920 88 1693 0 65 0 0 
155 150 0 133 902 92 1702 0 271 0 0 0 0 0 0 83 80 57 0 84 640 0 9 235 12 14 70 0 23 0 127 8 3000 0 21 341 85 15 10 10 104 0 87 47 0 0 93 0 0 1256 2711 0 0 0 135 0 56 28 37 423 1581 159 69 9 183 959 82 67 0 14 0 32 3000 60 2055 63 0 22 129 0 
1339 321 245 29 41 980 1543 580 67 324 0 656 95 268 0 69 2172 20 710 659 64 8 8 65 537 8 15 1580 9 0 7 16 0 1551 23 139 3000 422 9 53 8 614 1292 8 74 0 21 73 423 49 135 750 3000 10 464 1199 199 49 125 12 131 329 0 78 10 8 34 0 14 0 0 18 444 0 120 21 611 93 3000 61 
8 0 1545 0 3000 1512 0 0 137 3000 9 0 0 96 267 0 0 255 100 0 33 914 10 0 0 0 0 19 0 952 0 0 733 0 38 33 3000 0 707 1225 0 119 177 0 0 130 426 682 0 40 0 0 102 0 493 1658 0 0 0 0 144 91 205 0 0 0 101 112 0 0 0 20 486 467 16 344 52 77 0 0 
33 9 996 176 34 501 32 340 39 14 3000 15 42 974 39 950 427 19 39 603 27 101 569 2282 233 62 0 9 577 134 1439 3000 30 105 1177 468 1058 0 46 270 40 8 472 61 8 283 2729 20 1826 62 62 87 178 889 15 1165 166 327 21 15 395 124 10 190 193 19 30 0 32 18 20 0 229 481 54 1608 53 72 14 21 
133 53 236 1168 107 186 96 203 274 175 0 31 25 559 739 80 20 213 9 439 217 129 11 53 70 92 359 3000 25 99 733 1097 20 36 419 872 175 12 15 28 505 181 175 42 180 14 94 238 868 9 7 35 39 186 292 92 170 19 8 58 1958 137 133 122 249 281 29 9 3000 444 486 229 0 20 3000 289 118 936 58 52 
41 0 698 0 24 482 0 0 220 606 161 11 0 170 13 0 0 26 3000 51 203 38 2004 0 490 0 0 287 0 91 0 0 134 0 108 366 61 0 20 140 0 181 12 0 0 651 3000 248 45 2198 0 14 173 0 1024 110 0 0 0 0 58 3000 97 0 7 17 78 920 60 0 467 481 20 0 165 210 139 988 0 0 
86 24 12 131 24 58 71 0 25 142 15 3000 0 125 199 1062 135 1540 168 39 1523 174 35 51 30 487 7 114 189 231 594 23 129 0 16 659 25 52 84 92 134 3000 365 815 0 1548 38 606 340 10 1311 0 3000 107 16 0 420 372 44 167 426 37 171 87 2074 155 12 88 2055 120 16 54 3000 165 0 189 112 22 25 0 
13 49 100 25 57 203 11 2475 41 893 73 7 72 574 83 148 479 1830 15 15 183 930 954 1169 3000 3000 745 135 291 21 63 31 37 360 261 17 240 477 150 22 188 131 910 441 718 125 880 32 2616 336 3000 25 2234 356 310 2684 26 1075 41 11 2097 19 64 216 185 15 10 1693 63 21 344 1608 289 210 189 0 46 18 238 280 
102 35 73 144 3000 17 0 123 0 19 642 103 60 102 182 11 0 148 80 0 0 58 0 0 48 0 0 969 0 3000 0 22 11 119 411 0 128 0 20 27 0 246 75 815 753 18 0 50 86 2415 0 16 204 184 658 191 0 0 0 0 0 533 0 140 178 389 61 0 0 611 52 53 118 139 112 46 0 0 0 129 
82 18 124 127 15 47 568 0 100 40 77 598 0 11 0 420 398 54 0 101 612 0 56 172 1392 1051 19 31 0 1672 9 43 1287 0 81 103 2450 559 87 522 20 0 954 196 0 36 413 0 299 65 209 0 17 0 267 0 131 0 23 0 20 117 93 17 33 990 121 65 22 93 77 72 936 988 22 18 0 0 282 0 
83 62 8 80 13 1269 14 1694 53 0 0 459 0 39 0 55 64 1722 0 491 415 0 612 26 498 3000 85 473 82 0 36 784 0 0 41 86 145 30 0 223 11 0 17 397 0 0 1446 0 285 36 245 0 0 3000 0 0 327 16 93 109 176 406 0 161 16 1035 84 0 129 3000 0 14 58 0 25 238 0 282 0 581 
96 126 258 81 26 113 77 59 0 65 0 167 552 294 8 121 0 55 103 67 0 7 0 59 500 97 0 23 10 0 0 69 0 132 150 0 1575 0 0 132 14 1275 1645 30 188 0 0 82 39 478 0 396 306 268 0 59 19 495 152 24 0 52 0 198 9 36 261 0 0 61 0 21 52 0 0 280 129 0 581 0 
