80
0 57 19 31 17 54 54 41 49 49 60 67 17 67 12 53 45 9 33 50 36 68 19 57 44 16 11 22 46 31 50 26 50 54 60 33 14 30 28 38 26 28 70 46 26 34 40 62 70 51 39 39 62 39 81 45 49 42 13 57 7 23 25 41 33 59 29 46 27 36 17 36 22 32 47 48 68 24 43 24 
57 0 48 75 66 72 74 20 18 13 37 17 43 69 66 71 23 55 79 66 93 31 68 47 34 72 62 48 75 31 30 83 46 11 72 90 44 58 65 30 43 29 14 59 83 36 85 30 76 8 61 67 53 60 25 73 17 96 64 10 51 73 40 95 66 50 29 57 66 26 72 77 79 27 66 77 13 50 55 36 
19 48 0 27 36 68 39 38 46 44 62 61 8 78 31 67 45 11 31 34 50 67 21 64 26 27 30 4 63 18 33 39 31 42 43 50 11 15 45 40 8 22 61 58 39 17 59 45 82 43 23 25 69 53 69 32 46 60 17 44 19 42 9 59 21 66 27 28 19 35 35 55 38 29 61 65 57 6 24 13 
31 75 27 0 44 84 31 65 73 71 87 88 34 97 37 83 71 25 5 32 38 93 12 87 47 20 39 27 75 44 55 29 45 67 41 42 35 20 57 65 32 49 88 76 28 40 63 66 100 70 24 17 92 70 95 21 73 55 18 70 36 47 35 54 13 89 53 34 9 61 37 62 32 56 77 77 82 25 32 40 
17 66 36 44 0 40 70 47 54 55 58 73 32 56 7 40 49 26 45 67 32 69 33 52 59 25 6 40 31 46 65 26 67 65 78 26 29 47 13 40 43 39 78 36 28 50 23 76 58 59 57 55 56 28 91 61 55 30 27 68 18 7 41 29 49 53 37 64 43 41 10 19 20 39 35 32 79 41 60 38 
54 72 68 84 40 0 106 52 54 59 43 68 61 19 47 1 48 62 85 102 68 56 72 30 83 65 45 71 12 68 86 65 94 77 111 60 58 82 27 42 72 57 79 12 67 76 34 94 18 64 91 92 29 15 94 98 55 56 66 79 50 41 69 55 86 29 51 95 81 48 50 28 59 51 7 13 85 74 92 63 
54 74 39 31 70 106 0 73 80 76 98 90 47 117 64 106 80 45 34 8 68 100 39 102 40 49 64 36 100 47 46 59 30 64 11 73 49 24 82 77 37 57 86 97 58 39 92 54 121 73 16 15 107 91 87 10 79 85 43 66 56 75 41 84 21 104 63 18 28 71 65 89 62 66 100 101 77 33 19 48 
41 20 38 65 47 52 73 0 8 8 26 26 31 53 48 51 7 42 69 65 76 29 56 32 37 57 44 40 54 26 37 67 50 25 73 72 30 52 45 10 36 16 31 40 68 34 65 43 59 13 57 62 39 40 45 68 8 77 50 26 35 54 33 76 59 35 13 57 57 6 55 57 62 10 47 56 34 42 54 26 
49 18 46 73 54 54 80 8 0 6 21 19 39 52 56 53 6 50 77 72 84 21 64 30 43 65 51 47 58 33 41 75 56 26 80 79 38 59 50 14 44 24 26 42 75 41 70 45 58 11 65 70 36 43 41 76 2 84 59 27 43 61 40 83 67 32 21 63 65 13 62 62 70 18 49 60 31 50 61 34 
49 13 44 71 55 59 76 8 6 0 26 18 37 57 56 57 10 49 75 68 84 25 63 35 38 64 52 45 62 29 36 75 51 20 75 80 37 56 53 18 41 22 23 46 75 36 73 40 64 6 61 66 41 47 37 72 4 86 57 21 43 62 37 84 64 38 20 59 63 14 63 65 70 17 53 64 26 47 57 31 
60 37 62 87 58 43 98 26 21 26 0 27 54 34 62 42 19 63 91 91 90 13 77 13 63 75 58 64 50 51 62 83 76 46 99 84 53 76 50 22 61 41 39 33 84 60 68 66 42 31 83 87 17 38 55 94 22 86 71 46 53 64 58 85 83 15 36 83 81 27 68 60 77 33 40 52 48 67 80 51 
67 17 61 88 73 68 90 26 19 18 27 0 55 62 74 67 24 67 93 82 102 17 81 40 51 82 70 62 74 45 47 93 63 28 88 98 55 73 69 33 57 40 12 57 93 52 88 46 69 18 76 83 45 60 28 88 18 102 75 27 61 79 54 101 81 42 38 73 80 31 80 80 88 35 64 76 23 64 71 49 
17 43 8 34 32 61 47 31 39 37 54 55 0 70 28 60 37 12 38 41 51 59 26 55 27 29 26 11 56 15 34 41 35 38 51 50 3 23 39 32 12 15 56 50 41 18 55 45 74 38 31 34 61 46 66 40 39 59 21 41 14 39 9 58 29 58 19 35 27 27 34 50 38 22 54 58 53 14 31 7 
67 69 78 97 56 19 117 53 52 57 34 62 70 0 63 18 47 74 99 111 86 46 86 22 88 80 60 81 31 74 90 82 101 77 120 78 67 93 43 44 81 62 73 21 84 82 53 96 7 63 101 103 17 28 89 110 53 74 80 78 62 58 77 74 98 20 56 104 93 50 67 47 76 55 22 32 82 84 101 70 
12 66 31 37 7 47 64 48 56 56 62 74 28 63 0 47 51 20 38 61 28 72 25 57 56 17 4 34 38 43 62 21 62 64 71 24 26 41 21 43 39 38 79 42 22 46 29 73 65 59 50 48 61 35 91 54 56 31 21 67 15 11 37 30 42 59 37 58 36 43 6 26 15 39 42 40 78 36 54 35 
53 71 67 83 40 1 106 51 53 57 42 67 60 18 47 0 47 61 85 101 68 55 71 29 82 65 45 71 12 67 85 65 93 76 111 61 57 82 27 41 71 56 78 11 67 75 35 93 18 63 90 91 28 14 93 98 54 56 66 78 49 41 68 55 85 28 50 95 80 47 50 29 59 50 6 13 84 73 91 62 
45 23 45 71 49 48 80 7 6 10 19 24 37 47 51 47 0 47 74 73 79 23 61 26 45 61 47 46 52 33 44 71 57 30 80 75 36 58 45 9 43 23 32 36 71 41 65 49 54 16 64 69 32 37 47 75 7 79 56 31 39 55 40 77 66 28 18 64 64 10 57 57 66 15 43 54 37 49 61 33 
9 55 11 25 26 62 45 42 50 49 63 67 12 74 20 61 47 0 28 41 39 70 14 62 37 17 20 14 55 27 44 29 42 50 52 39 12 22 37 41 19 27 69 53 29 28 49 56 77 50 31 30 67 47 78 37 50 49 8 53 12 32 19 48 24 64 29 38 19 38 24 45 27 32 55 56 65 15 34 20 
33 79 31 5 45 85 34 69 77 75 91 93 38 99 38 85 74 28 0 36 35 97 14 89 52 21 40 31 76 48 60 27 49 72 44 40 39 24 58 68 37 53 93 78 25 45 63 71 102 75 29 22 94 71 99 24 77 53 20 75 39 47 39 52 17 91 56 39 13 65 37 62 31 59 79 77 87 29 36 44 
50 66 34 32 67 102 8 65 72 68 91 82 41 111 61 101 73 41 36 0 69 93 39 95 32 49 61 30 96 40 37 60 21 56 10 73 44 20 78 70 31 50 78 92 59 32 90 45 116 65 11 15 101 87 79 13 71 85 41 58 52 72 34 84 20 97 56 9 27 64 63 86 61 59 95 98 69 28 11 41 
36 93 50 38 32 68 68 76 84 84 90 102 51 86 28 68 79 39 35 69 0 100 32 84 75 23 32 52 57 66 83 11 78 89 78 8 50 53 43 71 58 64 106 66 11 67 37 95 86 86 60 55 87 59 117 58 84 20 33 92 41 28 58 19 49 85 64 70 43 71 22 40 14 67 64 57 104 52 67 58 
68 31 67 93 69 56 100 29 21 25 13 17 59 46 72 55 23 70 97 93 100 0 84 26 62 84 68 68 63 53 60 92 75 41 100 95 58 80 62 30 65 45 29 46 93 61 81 61 54 28 85 91 29 50 44 97 21 98 78 41 61 75 61 96 88 28 41 84 86 32 78 73 87 38 53 65 40 71 81 55 
19 68 21 12 33 72 39 56 64 63 77 81 26 86 25 71 61 14 14 39 32 84 0 76 45 10 27 22 64 38 53 22 46 62 48 34 26 21 45 55 28 41 82 65 21 37 53 64 88 63 29 25 81 58 90 30 64 47 6 65 25 36 29 46 18 77 43 38 12 52 26 51 23 46 66 65 77 21 35 32 
57 47 64 87 52 30 102 32 30 35 13 40 55 22 57 29 26 62 89 95 84 26 76 0 69 72 53 66 39 56 70 78 82 55 104 78 53 78 42 25 64 45 51 21 79 65 58 75 29 41 86 89 6 27 67 96 31 77 69 56 51 56 61 76 84 3 39 87 81 31 62 51 72 36 28 40 60 69 84 54 
44 34 26 47 59 83 40 37 43 38 63 51 27 88 56 82 45 37 52 32 75 62 45 69 0 52 53 23 81 15 8 65 13 24 37 76 30 28 66 45 18 26 46 72 65 9 82 19 94 34 27 35 76 69 49 39 42 86 43 26 41 66 18 84 35 72 33 22 38 38 61 77 63 34 77 83 38 24 21 22 
16 72 27 20 25 65 49 57 65 64 75 82 29 80 17 65 61 17 21 49 23 84 10 72 52 0 20 29 56 43 60 13 55 67 59 25 28 30 38 54 34 43 85 59 12 43 43 71 82 66 39 35 77 52 95 40 65 37 9 70 23 27 35 35 28 74 44 48 22 52 16 42 13 47 59 57 82 29 44 36 
11 62 30 39 6 45 64 44 51 52 58 70 26 60 4 45 47 20 40 61 32 68 27 53 53 20 0 33 37 40 59 25 60 61 71 28 23 41 18 38 37 34 75 39 26 44 29 71 62 55 50 49 57 32 87 55 52 34 22 63 12 13 35 33 43 55 33 57 37 39 10 25 19 35 39 38 74 35 54 32 
22 48 4 27 40 71 36 40 47 45 64 62 11 81 34 71 46 14 31 30 52 68 22 66 23 29 33 0 66 17 31 42 27 41 40 53 14 12 49 42 6 23 61 61 41 15 63 43 85 44 20 23 72 56 68 30 47 63 19 43 23 46 8 62 19 68 29 24 19 37 39 58 40 31 65 68 56 3 21 14 
46 75 63 75 31 12 100 54 58 62 50 74 56 31 38 12 52 55 76 96 57 63 64 39 81 56 37 66 0 66 85 55 91 78 106 49 53 76 18 44 68 56 83 18 57 73 22 94 30 67 85 85 39 14 99 91 59 44 58 80 44 30 65 43 79 38 50 91 73 49 40 17 49 51 11 2 88 68 87 60 
31 31 18 44 46 68 47 26 33 29 51 45 15 74 43 67 33 27 48 40 66 53 38 56 15 43 40 17 66 0 20 55 26 24 48 65 17 27 51 31 12 12 44 57 56 8 68 30 80 27 32 38 62 54 52 44 32 74 34 27 28 53 9 72 35 59 18 31 36 25 49 62 53 20 62 68 39 19 29 8 
50 30 33 55 65 86 46 37 41 36 62 47 34 90 62 85 44 44 60 37 83 60 53 70 8 60 59 31 85 20 0 72 17 19 42 83 36 35 70 46 25 29 41 74 72 16 88 12 96 32 35 42 76 72 42 47 40 93 50 21 47 72 25 91 43 72 35 28 46 39 67 82 71 36 80 87 31 32 28 27 
26 83 39 29 26 65 59 67 75 75 83 93 41 82 21 65 71 29 27 60 11 92 22 78 65 13 25 42 55 55 72 0 67 79 69 13 39 43 39 62 47 54 96 62 2 56 38 84 83 77 50 45 82 54 106 49 75 26 22 82 32 25 47 25 39 79 55 60 33 62 16 39 6 57 60 55 94 41 56 48 
50 46 31 45 67 94 30 50 56 51 76 63 35 101 62 93 57 42 49 21 78 75 46 82 13 55 60 27 91 26 17 67 0 36 25 79 38 26 75 57 24 38 57 83 67 18 90 24 106 47 21 29 88 79 58 32 55 91 46 37 49 73 26 89 32 85 44 13 37 51 66 85 67 46 88 93 48 27 14 32 
54 11 42 67 65 77 64 25 26 20 46 28 38 77 64 76 30 50 72 56 89 41 62 55 24 67 61 41 78 24 19 79 36 0 61 87 39 49 67 35 35 26 22 64 79 28 86 20 83 14 51 58 61 64 28 63 24 95 58 3 49 72 33 93 58 58 29 46 59 29 70 79 76 28 71 80 15 43 45 31 
60 72 43 41 78 111 11 73 80 75 99 88 51 120 71 111 80 52 44 10 78 100 48 104 37 59 71 40 106 48 42 69 25 61 0 82 54 30 88 79 40 59 82 101 68 39 100 48 125 72 21 24 110 96 82 21 79 95 51 63 62 83 43 94 30 106 65 17 37 73 74 97 71 67 105 108 73 38 20 50 
33 90 50 42 26 60 73 72 79 80 84 98 50 78 24 61 75 39 40 73 8 95 34 78 76 25 28 53 49 65 83 13 79 87 82 0 48 55 36 66 58 61 102 59 14 66 29 94 78 83 63 58 81 52 114 63 80 13 34 90 38 21 58 12 52 78 61 72 46 66 17 32 12 63 56 49 101 53 69 57 
14 44 11 35 29 58 49 30 38 37 53 55 3 67 26 57 36 12 39 44 50 58 26 53 30 28 23 14 53 17 36 39 38 39 54 48 0 26 36 30 15 15 57 48 40 21 52 47 72 38 34 36 59 43 67 43 38 57 20 42 11 36 12 55 31 55 18 38 28 26 31 47 36 21 51 55 54 16 34 9 
30 58 15 20 47 82 24 52 59 56 76 73 23 93 41 82 58 22 24 20 53 80 21 78 28 30 41 12 76 27 35 43 26 49 30 55 26 0 58 54 16 35 71 73 42 22 70 46 97 55 9 11 84 67 76 17 59 67 22 52 32 53 19 66 8 81 41 17 11 49 44 67 43 43 76 78 64 10 14 26 
28 65 45 57 13 27 82 45 50 53 50 69 39 43 21 27 45 37 58 78 43 62 45 42 66 38 18 49 18 51 70 39 75 67 88 36 36 58 0 36 51 42 76 23 41 57 20 80 44 58 67 67 44 16 90 73 51 36 40 69 26 15 49 35 61 42 38 73 55 39 23 12 33 39 21 20 78 51 70 44 
38 30 40 65 40 42 77 10 14 18 22 33 32 44 43 41 9 41 68 70 71 30 55 25 45 54 38 42 44 31 46 62 57 35 79 66 30 54 36 0 40 20 40 30 63 40 56 53 50 23 61 65 31 30 55 72 15 70 49 37 31 47 36 69 61 27 14 62 58 7 49 48 57 12 36 46 44 45 59 29 
26 43 8 32 43 72 37 36 44 41 61 57 12 81 39 71 43 19 37 31 58 65 28 64 18 34 37 6 68 12 25 47 24 35 40 58 15 16 51 40 0 20 56 62 47 9 66 37 85 39 21 26 70 57 63 32 43 68 25 38 25 49 4 67 23 67 26 23 24 34 43 61 46 29 66 70 50 7 20 11 
28 29 22 49 39 57 57 16 24 22 41 40 15 62 38 56 23 27 53 50 64 45 41 45 26 43 34 23 56 12 29 54 38 26 59 61 15 35 42 20 20 0 42 45 55 20 60 39 68 23 42 46 51 43 53 53 24 69 35 29 23 46 17 67 43 47 6 42 41 14 44 54 50 8 51 58 40 26 39 10 
70 14 61 88 78 79 86 31 26 23 39 12 56 73 79 78 32 69 93 78 106 29 82 51 46 85 75 61 83 44 41 96 57 22 82 102 57 71 76 40 56 42 0 67 97 49 96 37 81 20 73 80 56 69 16 85 25 108 77 20 64 85 53 107 79 54 42 68 80 37 85 88 92 40 74 85 12 63 67 49 
46 59 58 76 36 12 97 40 42 46 33 57 50 21 42 11 36 53 78 92 66 46 65 21 72 59 39 61 18 57 74 62 83 64 101 59 48 73 23 30 62 45 67 0 63 65 37 82 24 52 81 83 22 8 82 89 43 57 59 66 41 38 58 56 77 21 39 85 72 36 46 30 56 39 7 20 73 64 82 52 
26 83 39 28 28 67 58 68 75 75 84 93 41 84 22 67 71 29 25 59 11 93 21 79 65 12 26 41 57 56 72 2 67 79 68 14 40 42 41 63 47 55 97 63 0 56 39 84 85 77 49 44 83 56 107 48 76 28 22 82 33 26 47 27 38 80 55 59 32 62 17 41 8 58 62 57 94 41 56 48 
34 36 17 40 50 76 39 34 41 36 60 52 18 82 46 75 41 28 45 32 67 61 37 65 9 43 44 15 73 8 16 56 18 28 39 66 21 22 57 40 9 20 49 65 56 0 73 28 88 34 25 31 71 61 55 37 40 77 34 30 32 57 9 75 30 67 26 23 32 33 51 68 54 28 69 75 42 16 20 13 
40 85 59 63 23 34 92 65 70 73 68 88 55 53 29 35 65 49 63 90 37 81 53 58 82 43 29 63 22 68 88 38 90 86 100 29 52 70 20 56 66 60 96 37 39 73 0 98 52 77 79 77 60 31 110 82 71 21 49 88 41 17 64 21 70 58 57 86 64 59 27 8 33 58 32 22 98 64 83 60 
62 30 45 66 76 94 54 43 45 40 66 46 45 96 73 93 49 56 71 45 95 61 64 75 19 71 71 43 94 30 12 84 24 20 48 94 47 46 80 53 37 39 37 82 84 28 98 0 102 34 45 53 81 80 34 56 44 104 62 20 58 83 37 103 54 77 44 37 58 46 79 92 82 44 88 96 26 43 37 38 
70 76 82 100 58 18 121 59 58 64 42 69 74 7 65 18 54 77 102 116 86 54 88 29 94 82 62 85 30 80 96 83 106 83 125 78 72 97 44 50 85 68 81 24 85 88 52 102 0 70 105 107 25 31 97 114 60 73 82 85 65 59 82 72 101 27 62 109 97 56 68 46 77 60 23 30 89 88 106 75 
51 8 43 70 59 64 73 13 11 6 31 18 38 63 59 63 16 50 75 65 86 28 63 41 34 66 55 44 67 27 32 77 47 14 72 83 38 55 58 23 39 23 20 52 77 34 77 34 70 0 59 65 47 52 33 70 10 89 58 15 45 66 36 88 63 44 22 56 62 18 65 70 73 20 59 69 21 46 54 31 
39 61 23 24 57 91 16 57 65 61 83 76 31 101 50 90 64 31 29 11 60 85 29 86 27 39 50 20 85 32 35 50 21 51 21 63 34 9 67 61 21 42 73 81 49 25 79 45 105 59 0 8 92 76 76 12 64 75 31 53 41 62 25 74 12 88 47 10 18 56 53 76 51 50 84 87 65 18 8 32 
39 67 25 17 55 92 15 62 70 66 87 83 34 103 48 91 69 30 22 15 55 91 25 89 35 35 49 23 85 38 42 45 29 58 24 58 36 11 67 65 26 46 80 83 44 31 77 53 107 65 8 0 95 77 84 7 69 71 28 61 42 60 29 70 6 91 51 18 13 60 50 74 47 54 85 87 73 20 16 36 
62 53 69 92 56 29 107 39 36 41 17 45 61 17 61 28 32 67 94 101 87 29 81 6 76 77 57 72 39 62 76 82 88 61 110 81 59 84 44 31 70 51 56 22 83 71 60 81 25 47 92 95 0 29 72 101 37 79 74 62 56 59 67 78 90 4 45 93 86 37 66 52 76 43 28 40 65 75 90 60 
39 60 53 70 28 15 91 40 43 47 38 60 46 28 35 14 37 47 71 87 59 50 58 27 69 52 32 56 14 54 72 54 79 64 96 52 43 67 16 30 57 43 69 8 56 61 31 80 31 52 76 77 29 0 84 83 45 50 52 66 35 30 54 49 71 28 37 80 66 35 39 23 48 37 8 17 74 59 77 48 
81 25 69 95 91 94 87 45 41 37 55 28 66 89 91 93 47 78 99 79 117 44 90 67 49 95 87 68 99 52 42 106 58 28 82 114 67 76 90 55 63 53 16 82 107 55 110 34 97 33 76 84 72 84 0 88 40 121 86 25 76 98 61 120 84 70 54 70 86 51 97 102 103 52 90 101 13 70 70 58 
45 73 32 21 61 98 10 68 76 72 94 88 40 110 54 98 75 37 24 13 58 97 30 96 39 40 55 30 91 44 47 49 32 63 21 63 43 17 73 72 32 53 85 89 48 37 82 56 114 70 12 7 101 83 88 0 75 76 34 65 48 65 36 74 12 98 58 19 18 66 56 80 52 61 92 93 77 27 19 43 
49 17 46 73 55 55 79 8 2 4 22 18 39 53 56 54 7 50 77 71 84 21 64 31 42 65 52 47 59 32 40 75 55 24 79 80 38 59 51 15 43 24 25 43 76 40 71 44 60 10 64 69 37 45 40 75 0 85 59 25 43 61 40 83 66 34 21 62 65 13 63 63 70 18 50 61 29 50 60 33 
42 96 60 55 30 56 85 77 84 86 86 102 59 74 31 56 79 49 53 85 20 98 47 77 86 37 34 63 44 74 93 26 91 95 95 13 57 67 36 70 68 69 108 57 28 77 21 104 73 89 75 71 79 50 121 76 85 0 45 98 46 23 68 1 65 78 67 84 58 72 25 28 24 69 53 43 109 64 81 66 
13 64 17 18 27 66 43 50 59 57 71 75 21 80 21 66 56 8 20 41 33 78 6 69 43 9 22 19 58 34 50 22 46 58 51 34 20 22 40 49 25 35 77 59 22 34 49 62 82 58 31 28 74 52 86 34 59 45 0 61 18 32 26 44 22 71 38 39 15 46 22 46 21 41 60 59 73 19 36 28 
57 10 44 70 68 79 66 26 27 21 46 27 41 78 67 78 31 53 75 58 92 41 65 56 26 70 63 43 80 27 21 82 37 3 63 90 42 52 69 37 38 29 20 66 82 30 88 20 85 15 53 61 62 66 25 65 25 98 61 0 52 75 36 96 60 59 32 48 61 31 73 81 78 30 73 82 12 45 47 34 
7 51 19 36 18 50 56 35 43 43 53 61 14 62 15 49 39 12 39 52 41 61 25 51 41 23 12 23 44 28 47 32 49 49 62 38 11 32 26 31 25 23 64 41 33 32 41 58 65 45 41 42 56 35 76 48 43 46 18 52 0 25 23 45 36 53 23 47 31 30 21 36 28 25 43 46 63 24 44 20 
23 73 42 47 7 41 75 54 61 62 64 79 39 58 11 41 55 32 47 72 28 75 36 56 66 27 13 46 30 53 72 25 73 72 83 21 36 53 15 47 49 46 85 38 26 57 17 83 59 66 62 60 59 30 98 65 61 23 32 75 25 0 48 22 53 57 44 69 47 48 10 15 19 46 36 31 86 47 66 45 
25 40 9 35 41 69 41 33 40 37 58 54 9 77 37 68 40 19 39 34 58 61 29 61 18 35 35 8 65 9 25 47 26 33 43 58 12 19 49 36 4 17 53 58 47 9 64 37 82 36 25 29 67 54 61 36 40 68 26 36 23 48 0 66 27 63 22 27 26 31 42 59 45 25 62 67 48 10 24 7 
41 95 59 54 29 55 84 76 83 84 85 101 58 74 30 55 77 48 52 84 19 96 46 76 84 35 33 62 43 72 91 25 89 93 94 12 55 66 35 69 67 67 107 56 27 75 21 103 72 88 74 70 78 49 120 74 83 1 44 96 45 22 66 0 64 77 66 83 57 70 24 27 23 68 52 43 107 63 80 64 
33 66 21 13 49 86 21 59 67 64 83 81 29 98 42 85 66 24 17 20 49 88 18 84 35 28 43 19 79 35 43 39 32 58 30 52 31 8 61 61 23 43 79 77 38 30 70 54 101 63 12 6 90 71 84 12 66 65 22 60 36 53 27 64 0 87 48 21 7 56 44 68 41 50 79 81 72 17 19 33 
59 50 66 89 53 29 104 35 32 38 15 42 58 20 59 28 28 64 91 97 85 28 77 3 72 74 55 68 38 59 72 79 85 58 106 78 55 81 42 27 67 47 54 21 80 67 58 77 27 44 88 91 4 28 70 98 34 78 71 59 53 57 63 77 87 0 41 89 83 34 64 51 73 39 27 40 62 71 87 56 
29 29 27 53 37 51 63 13 21 20 36 38 19 56 37 50 18 29 56 56 64 41 43 39 33 44 33 29 50 18 35 55 44 29 65 61 18 41 38 14 26 6 42 39 55 26 57 44 62 22 47 51 45 37 54 58 21 67 38 32 23 44 22 66 48 41 0 48 45 9 43 50 50 3 45 52 42 31 46 15 
46 57 28 34 64 95 18 57 63 59 83 73 35 104 58 95 64 38 39 9 70 84 38 87 22 48 57 24 91 31 28 60 13 46 17 72 38 17 73 62 23 42 68 85 59 23 86 37 109 56 10 18 93 80 70 19 62 84 39 48 47 69 27 83 21 89 48 0 27 56 61 82 60 51 89 93 59 23 4 34 
27 66 19 9 43 81 28 57 65 63 81 80 27 93 36 80 64 19 13 27 43 86 12 81 38 22 37 19 73 36 46 33 37 59 37 46 28 11 55 58 24 41 80 72 32 32 64 58 97 62 18 13 86 66 86 18 65 58 15 61 31 47 26 57 7 83 45 27 0 54 37 62 34 48 74 75 74 16 24 32 
36 26 35 61 41 48 71 6 13 14 27 31 27 50 43 47 10 38 65 64 71 32 52 31 38 52 39 37 49 25 39 62 51 29 73 66 26 49 39 7 34 14 37 36 62 33 59 46 56 18 56 60 37 35 51 66 13 72 46 31 30 48 31 70 56 34 9 56 54 0 49 52 57 6 42 51 39 40 53 24 
17 72 35 37 10 50 65 55 62 63 68 80 34 67 6 50 57 24 37 63 22 78 26 62 61 16 10 39 40 49 67 16 66 70 74 17 31 44 23 49 43 44 85 46 17 51 27 79 68 65 53 50 66 39 97 56 63 25 22 73 21 10 42 24 44 64 43 61 37 49 0 26 10 46 45 41 84 39 58 41 
36 77 55 62 19 28 89 57 62 65 60 80 50 47 26 29 57 45 62 86 40 73 51 51 77 42 25 58 17 62 82 39 85 79 97 32 47 67 12 48 61 54 88 30 41 68 8 92 46 70 76 74 52 23 102 80 63 28 46 81 36 15 59 27 68 51 50 82 62 52 26 0 33 51 25 17 91 60 79 55 
22 79 38 32 20 59 62 62 70 70 77 88 38 76 15 59 66 27 31 61 14 87 23 72 63 13 19 40 49 53 71 6 67 76 71 12 36 43 33 57 46 50 92 56 8 54 33 82 77 73 51 47 76 48 103 52 70 24 21 78 28 19 45 23 41 73 50 60 34 57 10 33 0 53 54 50 90 40 57 45 
32 27 29 56 39 51 66 10 18 17 33 35 22 55 39 50 15 32 59 59 67 38 46 36 34 47 35 31 51 20 36 57 46 28 67 63 21 43 39 12 29 8 40 39 58 28 58 44 60 20 50 54 43 37 52 61 18 69 41 30 25 46 25 68 50 39 3 51 48 6 46 51 53 0 44 53 40 34 48 18 
47 66 61 77 35 7 100 47 49 53 40 64 54 22 42 6 43 55 79 95 64 53 66 28 77 59 39 65 11 62 80 60 88 71 105 56 51 76 21 36 66 51 74 7 62 69 32 88 23 59 84 85 28 8 90 92 50 53 60 73 43 36 62 52 79 27 45 89 74 42 45 25 54 44 0 13 80 67 85 56 
48 77 65 77 32 13 101 56 60 64 52 76 58 32 40 13 54 56 77 98 57 65 65 40 83 57 38 68 2 68 87 55 93 80 108 49 55 78 20 46 70 58 85 20 57 75 22 96 30 69 87 87 40 17 101 93 61 43 59 82 46 31 67 43 81 40 52 93 75 51 41 17 50 53 13 0 90 70 89 61 
68 13 57 82 79 85 77 34 31 26 48 23 53 82 78 84 37 65 87 69 104 40 77 60 38 82 74 56 88 39 31 94 48 15 73 101 54 64 78 44 50 40 12 73 94 42 98 26 89 21 65 73 65 74 13 77 29 109 73 12 63 86 48 107 72 62 42 59 74 39 84 91 90 40 80 90 0 58 59 46 
24 50 6 25 41 74 33 42 50 47 67 64 14 84 36 73 49 15 29 28 52 71 21 69 24 29 35 3 68 19 32 41 27 43 38 53 16 10 51 45 7 26 63 64 41 16 64 43 88 46 18 20 75 59 70 27 50 64 19 45 24 47 10 63 17 71 31 23 16 40 39 60 40 34 67 70 58 0 19 16 
43 55 24 32 60 92 19 54 61 57 80 71 31 101 54 91 61 34 36 11 67 81 35 84 21 44 54 21 87 29 28 56 14 45 20 69 34 14 70 59 20 39 67 82 56 20 83 37 106 54 8 16 90 77 70 19 60 81 36 47 44 66 24 80 19 87 46 4 24 53 58 79 57 48 85 89 59 19 0 31 
24 36 13 40 38 63 48 26 34 31 51 49 7 70 35 62 33 20 44 41 58 55 32 54 22 36 32 14 60 8 27 48 32 31 50 57 9 26 44 29 11 10 49 52 48 13 60 38 75 31 32 36 60 48 58 43 33 66 28 34 20 45 7 64 33 56 15 34 32 24 41 55 45 18 56 61 46 16 31 0 
0 247 119 73 100 3000 1181 484 29 31 11 108 48 1020 1496 158 147 457 1269 58 60 0 47 0 0 0 55 8 3000 69 3000 44 929 22 1993 279 1552 0 24 0 340 22 102 20 299 728 536 300 70 52 281 532 327 3000 0 113 2543 0 2479 504 363 3000 11 48 21 20 98 264 425 14 217 26 64 46 0 90 85 42 53 18 
247 0 1995 13 36 104 623 0 0 0 0 340 61 0 289 0 0 545 19 3000 10 360 38 16 691 0 750 63 136 100 0 62 120 0 0 9 74 0 39 0 23 1679 71 456 110 33 50 592 956 149 174 158 164 86 249 0 38 0 226 16 0 60 27 96 197 61 0 14 0 40 40 267 11 76 0 1535 93 0 8 402 
119 1995 0 511 23 634 582 0 32 0 0 471 332 8 16 0 729 706 132 368 3000 64 71 7 679 3000 50 34 1335 290 173 948 12 0 0 30 311 0 22 689 107 356 874 140 28 26 176 353 150 25 23 31 0 844 64 0 59 24 606 112 0 0 26 1626 22 132 9 44 0 153 34 122 179 172 0 526 170 3000 50 20 
73 13 511 0 12 24 1242 0 0 95 0 290 732 181 3000 1519 1332 173 1745 133 805 2830 354 27 300 0 96 260 268 339 93 375 16 0 0 495 29 0 126 870 449 814 41 181 56 20 193 230 3000 9 1498 8 62 13 26 3000 469 1485 204 102 0 54 699 75 156 144 0 48 0 312 175 204 2002 386 0 306 3000 0 14 10 
100 36 23 12 0 0 12 0 0 0 0 311 109 35 14 0 17 43 102 95 0 73 50 56 164 0 131 497 2008 598 72 73 0 0 0 619 155 0 52 282 326 36 14 62 266 25 31 677 150 21 69 0 0 210 28 0 93 26 38 121 0 0 170 0 82 42 0 0 0 33 0 33 126 392 0 344 0 0 191 239 
3000 104 634 24 0 0 3000 743 0 1849 43 138 16 0 182 246 0 0 21 22 10 0 46 0 0 0 598 0 0 0 0 177 843 13 215 1316 306 0 20 0 0 746 455 31 11 63 18 59 54 0 0 1106 46 545 0 11 0 0 72 303 217 180 152 444 0 2698 0 360 707 11 34 196 0 152 0 569 601 0 9 0 
1181 623 582 1242 12 3000 0 0 0 101 156 160 21 0 281 18 0 0 157 35 43 0 65 0 0 0 901 0 0 62 0 11 538 1230 0 181 117 0 1278 0 0 189 21 43 310 26 21 1749 27 0 8 8 924 14 0 72 13 0 58 1275 1208 237 130 188 0 81 0 74 62 11 83 128 0 2623 0 12 239 0 833 717 
484 0 0 0 0 743 0 0 330 292 3000 0 0 12 21 101 14 49 188 1201 591 19 222 0 3000 13 223 1313 0 0 170 0 0 100 9 890 39 642 1483 280 0 101 167 7 592 44 1520 281 511 0 24 129 1057 118 0 82 0 228 45 1156 8 0 0 25 193 341 50 9 81 139 13 8 365 25 147 117 17 25 0 0 
29 0 32 0 0 0 0 330 0 31 8 0 0 264 0 18 1053 15 15 236 131 169 0 316 823 9 26 54 19 487 56 0 0 31 81 163 765 12 0 18 128 144 3000 0 13 21 23 51 894 9 11 0 0 154 116 157 24 10 16 3000 0 0 0 0 323 0 9 0 478 10 13 0 134 796 19 54 0 201 0 302 
31 0 0 95 0 1849 101 292 31 0 27 1214 0 1056 47 839 7 20 540 36 85 0 65 0 0 65 166 0 0 0 294 128 130 38 213 469 52 144 9 0 0 203 881 372 326 124 32 141 105 0 474 185 35 506 0 1123 0 0 891 24 384 247 61 96 1232 66 2730 18 9 3000 255 12 0 26 99 13 843 86 41 0 
11 0 0 0 0 43 156 3000 8 27 0 67 0 41 217 2363 83 149 109 448 62 0 270 0 0 25 12 0 0 0 31 0 76 62 2085 1998 26 14 211 31 0 7 285 124 589 54 180 89 7 0 2135 16 82 13 0 390 0 1252 24 304 21 153 0 3000 65 25 91 15 79 23 63 234 0 18 121 25 39 9 0 0 
108 340 471 290 311 138 160 0 0 1214 67 0 13 89 308 638 0 0 164 2112 104 0 72 0 0 0 25 3000 1177 1166 0 36 476 2412 0 14 383 0 72 0 1747 44 35 377 331 65 26 1321 21 8 188 14 99 1846 0 1862 51 0 265 1803 1097 8 1768 94 191 202 0 3000 8 13 19 124 1115 125 0 424 429 0 310 11 
48 61 332 732 109 16 21 0 0 0 0 13 0 0 108 0 0 0 0 682 24 0 3000 181 0 0 24 28 176 27 0 71 164 0 0 2437 0 0 92 0 9 197 15 205 1314 289 0 266 575 56 571 274 3000 170 32 0 30 0 24 357 0 663 70 118 33 21 0 52 0 91 30 753 15 311 0 3000 1985 0 178 9 
1020 0 8 181 35 0 0 12 264 1056 41 89 0 0 143 9 344 27 49 15 1002 18 84 406 13 218 413 56 9 13 36 0 0 338 1015 295 58 1189 124 62 79 194 354 262 120 27 123 3000 176 515 89 2096 79 81 231 30 193 28 16 436 265 0 315 304 43 16 216 130 248 3000 325 18 48 70 73 553 2195 40 0 17 
1496 289 16 3000 14 182 281 21 0 47 217 308 108 143 0 42 8 15 342 2076 1128 0 1051 0 0 0 34 63 788 94 236 310 232 265 97 70 29 0 1183 0 367 114 993 17 829 2140 3000 55 18 13 3000 120 20 59 0 90 88 0 99 25 1559 11 80 30 285 220 2186 56 19 35 1038 17 316 139 0 438 174 0 42 50 
158 0 0 1519 0 246 18 101 18 839 2363 638 0 9 42 0 21 193 31 1810 111 0 48 0 0 634 9 0 0 0 1702 114 129 559 337 3000 461 0 207 0 0 52 120 15 14 110 218 868 8 0 0 9 150 20 0 114 0 0 184 24 62 12 0 197 0 300 44 17 29 7 124 37 0 18 17 31 19 51 1009 0 
147 0 729 1332 17 0 0 14 1053 7 83 0 0 344 8 21 0 620 728 31 686 395 572 168 30 1228 31 706 225 1934 42 0 0 10 610 117 1256 115 393 264 613 126 66 33 266 254 73 29 156 3000 193 77 0 44 35 1405 10 99 70 9 732 0 412 12 3000 0 98 0 26 342 124 0 15 617 693 164 0 36 0 354 
457 545 706 173 43 0 0 49 15 20 149 0 0 27 15 193 620 0 111 495 96 3000 3000 987 191 54 548 26 43 1190 159 0 0 184 3000 235 15 434 2543 64 37 63 481 13 77 45 237 3000 34 19 95 11 127 86 174 168 89 73 158 15 10 0 765 9 10 134 183 232 319 36 468 39 9 252 358 75 7 173 0 22 
1269 19 132 1745 102 21 157 188 15 540 109 164 0 49 342 31 728 111 0 1863 8 23 1291 0 60 13 27 31 20 58 651 959 7 41 13 559 37 412 21 24 98 35 387 11 96 132 80 634 15 127 19 48 311 215 557 102 23 92 8 495 48 905 3000 227 102 3000 16 12 22 2124 17 56 458 89 154 138 19 459 0 2444 
58 3000 368 133 95 22 35 1201 236 36 448 2112 682 15 2076 1810 31 495 1863 0 1154 32 14 0 644 319 1076 115 12 304 232 17 63 9 90 2913 14 293 100 478 836 25 598 97 118 147 1075 60 2042 77 454 693 42 3000 210 1734 164 163 108 100 24 18 9 415 15 562 19 117 559 16 39 61 11 2745 443 41 19 48 442 62 
60 10 3000 805 0 10 43 591 131 85 62 104 24 1002 1128 111 686 96 8 1154 0 0 644 0 0 296 151 226 0 59 1555 183 656 181 83 158 1141 34 218 62 105 137 54 123 129 63 44 32 32 0 203 334 46 2250 0 1680 0 1530 46 189 77 204 7 194 241 16 18 622 79 38 9 167 241 14 1103 177 802 21 3000 0 
0 360 64 2830 73 0 0 19 169 0 0 0 0 18 0 0 395 3000 23 32 0 0 0 18 22 425 28 16 206 16 142 0 0 0 160 219 280 21 528 428 126 16 11 0 30 3000 81 2608 124 60 1104 0 0 18 132 0 3000 49 44 42 0 0 10 0 344 0 11 0 0 29 0 0 48 34 157 2187 0 347 0 171 
47 38 71 354 50 46 65 222 0 65 270 72 3000 84 1051 48 572 3000 1291 14 644 0 0 0 0 0 21 186 3000 19 10 9 503 103 1497 62 56 0 2231 0 48 188 895 48 99 288 1051 3000 58 502 143 40 990 701 0 40 15 0 3000 17 20 21 585 491 43 63 837 436 53 313 19 128 893 257 0 457 1108 0 7 8 
0 16 7 27 56 0 0 0 316 0 0 0 181 406 0 0 168 987 0 0 0 18 0 0 1277 0 131 42 38 408 0 0 0 0 0 0 511 0 0 103 635 0 0 0 98 1277 0 0 157 226 142 0 0 0 18 0 226 13 105 3000 0 0 2078 0 604 0 0 0 0 0 0 0 16 107 0 157 0 0 0 189 
0 691 679 300 164 0 0 3000 823 0 0 0 0 13 0 0 30 191 60 644 0 22 0 1277 0 634 29 340 531 111 145 0 0 0 2845 353 115 36 313 277 52 9 0 0 350 2035 366 25 113 550 16 0 0 28 880 0 38 1319 245 13 0 0 691 0 746 0 29 0 0 14 0 0 12 154 3000 308 0 671 0 131 
0 0 3000 0 0 0 0 13 9 65 25 0 0 218 0 634 1228 54 13 319 296 425 0 0 634 0 153 1085 36 642 2825 0 0 293 150 110 89 27 0 54 21 50 833 0 514 12 51 473 323 0 136 0 0 20 632 2546 0 94 28 9 0 0 0 227 320 0 76 0 73 71 10 0 103 16 100 19 0 14 0 0 
55 750 50 96 131 598 901 223 26 166 12 25 24 413 34 9 31 548 27 1076 151 28 21 131 29 153 0 311 150 208 10 119 41 483 21 324 125 309 70 18 18 38 150 83 17 230 235 11 404 19 50 1018 192 302 9 48 940 686 448 11 154 60 11 984 353 50 3000 131 211 152 10 22 1410 355 11 23 1723 562 69 446 
8 63 34 260 497 0 0 1313 54 0 0 3000 28 56 63 0 706 26 31 115 226 16 186 42 340 1085 311 0 1607 1453 261 22 0 0 0 41 117 470 12 1685 8 460 577 0 245 32 118 253 15 11 189 0 0 15 212 0 1282 28 265 23 0 0 244 0 12 0 151 0 0 809 0 0 464 1605 58 692 0 22 0 526 
3000 136 1335 268 2008 0 0 0 19 0 0 1177 176 9 788 0 225 43 20 12 0 206 3000 38 531 36 150 1607 0 386 145 9 0 0 0 613 28 0 199 70 35 21 35 0 19 551 723 216 73 20 294 0 0 9 11 0 102 688 8 2855 0 0 190 0 38 0 0 0 0 34 0 0 45 16 0 29 0 9 0 627 
69 100 290 339 598 0 62 0 487 0 0 1166 27 13 94 0 1934 1190 58 304 59 16 19 408 111 642 208 1453 386 0 207 3000 0 0 0 174 1715 0 224 46 37 8 1037 83 134 24 134 537 19 14 87 0 0 57 3000 0 1867 583 197 173 0 0 8 64 472 144 0 0 0 201 0 34 25 612 0 95 0 30 20 599 
3000 0 173 93 72 0 0 170 56 294 31 0 0 36 236 1702 42 159 651 232 1555 142 10 0 145 2825 10 261 145 207 0 0 0 7 628 17 512 438 612 25 98 645 187 223 2902 36 67 258 380 682 36 410 351 41 1188 207 56 107 350 10 21 0 7 49 22 544 3000 97 41 512 42 35 124 38 583 164 235 46 0 127 
44 62 948 375 73 177 11 0 0 128 0 36 71 0 310 114 0 0 959 17 183 0 9 0 0 0 119 22 9 3000 0 0 3000 0 0 731 44 0 12 0 29 59 832 20 103 39 84 801 1835 52 8 291 1329 10 0 3000 39 0 21 13 131 33 166 84 237 35 0 44 0 3000 177 572 451 286 0 1345 1272 0 209 446 
929 120 12 16 0 843 538 0 0 130 76 476 164 0 232 129 0 0 7 63 656 0 503 0 0 0 41 0 0 0 0 3000 0 803 0 252 70 0 394 0 0 62 306 484 37 88 662 208 163 0 0 45 11 187 0 38 0 0 160 13 84 1259 162 413 0 1037 0 114 129 783 87 16 0 311 0 119 199 0 30 0 
22 0 0 0 0 13 1230 100 31 38 62 2412 0 338 265 559 10 184 41 9 181 0 103 0 0 293 483 0 0 0 7 0 803 0 159 927 329 45 116 1460 0 12 101 8 15 1035 150 20 10 0 620 711 49 107 0 367 0 89 8 82 62 606 0 210 184 191 19 780 39 107 1312 12 0 36 19 29 3000 13 0 0 
1993 0 0 0 0 215 0 9 81 213 2085 0 0 1015 97 337 610 3000 13 90 83 160 1497 0 2845 150 21 0 0 0 628 0 0 159 0 633 2154 385 20 7 0 261 157 2394 7 301 3000 50 82 0 13 23 8 9 0 17 0 10 1155 7 329 16 0 43 19 111 98 2205 159 653 13 1023 0 195 65 30 758 1149 0 0 
279 9 30 495 619 1316 181 890 163 469 1998 14 2437 295 70 3000 117 235 559 2913 158 219 62 0 353 110 324 41 613 174 17 731 252 927 633 0 17 257 115 88 35 205 108 56 20 92 60 56 151 349 1028 509 180 402 0 84 91 1551 125 134 351 35 54 2070 458 93 11 21 23 1761 38 107 10 582 1541 52 44 527 3000 77 
1552 74 311 29 155 306 117 39 765 52 26 383 0 58 29 461 1256 15 37 14 1141 280 56 511 115 89 125 117 28 1715 512 44 70 329 2154 17 0 79 2095 137 8 12 52 7 115 94 96 71 261 82 9 25 64 296 9 696 35 133 477 8 174 40 24 311 134 457 56 78 303 49 17 52 110 1727 69 71 190 7 0 84 
0 0 0 0 0 0 0 642 12 144 14 0 0 1189 0 0 115 434 412 293 34 21 0 0 36 27 309 470 0 0 438 0 0 45 385 257 79 0 0 14 0 0 86 0 27 15 1081 82 2037 0 1889 0 0 30 90 1725 0 278 658 41 0 0 0 0 10 0 160 0 126 1306 194 0 100 39 506 18 0 185 0 0 
24 39 22 126 52 20 1278 1483 0 9 211 72 92 124 1183 207 393 2543 21 100 218 528 2231 0 313 0 70 12 199 224 612 12 394 116 20 115 2095 0 0 0 21 809 375 1047 98 338 63 1261 128 116 637 78 1556 119 169 152 151 0 380 3000 166 341 1792 314 25 253 1356 24 292 11 22 27 56 22 0 389 787 0 712 19 
0 0 689 870 282 0 0 280 18 0 31 0 0 62 0 0 264 64 24 478 62 428 0 103 277 54 18 1685 70 46 25 0 0 1460 7 88 137 14 0 0 564 19 10 0 1035 18 727 32 11 154 327 0 0 143 78 25 9 1119 140 470 0 0 203 0 228 0 49 0 192 377 110 0 24 286 247 429 0 59 0 158 
340 23 107 449 326 0 0 0 128 0 0 1747 9 79 367 0 613 37 98 836 105 126 48 635 52 21 18 8 35 37 98 29 0 0 0 35 8 0 21 564 0 2520 84 113 12 51 53 67 31 290 94 0 0 12 96 0 88 3000 10 71 0 0 33 0 386 12 0 0 0 17 0 0 598 20 0 38 0 30 671 105 
22 1679 356 814 36 746 189 101 144 203 7 44 197 194 114 52 126 63 35 25 137 16 188 0 9 50 38 460 21 8 645 59 62 12 261 205 12 0 809 19 2520 0 2424 338 157 17 3000 58 330 574 89 34 13 127 87 8 48 161 33 23 2157 27 105 26 253 185 66 53 791 223 654 40 73 9 17 70 43 12 1043 154 
102 71 874 41 14 455 21 167 3000 881 285 35 15 354 993 120 66 481 387 598 54 11 895 0 0 833 150 577 35 1037 187 832 306 101 157 108 52 86 375 10 84 2424 0 3000 1773 2324 142 42 66 665 3000 39 585 60 0 73 491 439 21 43 983 53 69 618 70 3000 31 282 253 331 164 166 1131 33 293 8 46 176 201 507 
20 456 140 181 62 31 43 7 0 372 124 377 205 262 17 15 33 13 11 97 123 0 48 0 0 0 83 0 0 83 223 20 484 8 2394 56 7 0 1047 0 113 338 3000 0 120 35 454 333 48 0 69 12 581 109 0 10 238 0 127 364 295 73 170 586 3000 124 37 119 744 1119 26 1185 0 7 0 141 28 0 18 13 
299 110 28 56 266 11 310 592 13 326 589 331 1314 120 829 14 266 77 96 118 129 30 99 98 350 514 17 245 19 134 2902 103 37 15 7 20 115 27 98 1035 12 157 1773 120 0 15 18 1153 18 510 178 304 142 58 15 11 8 7 11 42 44 109 89 133 27 3000 9 1577 182 15 51 598 301 125 9 18 47 49 53 454 
728 33 26 20 25 63 26 44 21 124 54 65 289 27 2140 110 254 45 132 147 63 3000 288 1277 2035 12 230 32 551 24 36 39 88 1035 301 92 94 15 338 18 51 17 2324 35 15 0 299 53 67 164 695 476 1193 142 138 273 1982 1561 79 1951 198 2807 332 92 3000 63 46 600 1250 939 523 1412 459 40 29 230 16 11 14 20 
536 50 176 193 31 18 21 1520 23 32 180 26 0 123 3000 218 73 237 80 1075 44 81 1051 0 366 51 235 118 723 134 67 84 662 150 3000 60 96 1081 63 727 53 3000 142 454 18 299 0 522 181 0 67 679 36 240 0 261 14 12 59 21 2884 373 73 152 124 1023 1480 1755 825 1198 20 868 209 96 242 48 1548 12 0 581 
300 592 353 230 677 59 1749 281 51 141 89 1321 266 3000 55 868 29 3000 634 60 32 2608 3000 0 25 473 11 253 216 537 258 801 208 20 50 56 71 82 1261 32 67 58 42 333 1153 53 522 0 46 206 23 19 239 231 206 151 45 3000 65 1063 203 928 43 82 968 243 2098 481 3000 18 185 58 34 3000 535 302 569 977 78 629 
70 956 150 3000 150 54 27 511 894 105 7 21 575 176 18 8 156 34 15 2042 32 124 58 157 113 323 404 15 73 19 380 1835 163 10 82 151 261 2037 128 11 31 330 66 48 18 67 181 46 0 348 3000 91 103 10 121 96 144 26 160 74 97 108 213 162 9 3000 113 253 10 47 45 113 32 27 42 154 20 17 2975 9 
52 149 25 9 21 0 0 0 9 0 0 8 56 515 13 0 3000 19 127 77 0 60 502 226 550 0 19 11 20 14 682 52 0 0 0 349 82 0 116 154 290 574 665 0 510 164 0 206 348 0 141 0 0 79 475 0 56 194 69 582 0 0 12 0 81 0 0 0 0 8 0 0 15 2399 0 15 0 0 339 51 
281 174 23 1498 69 0 8 24 11 474 2135 188 571 89 3000 0 193 95 19 454 203 1104 143 142 16 136 50 189 294 87 36 8 0 620 13 1028 9 1889 637 327 94 89 3000 69 178 695 67 23 3000 141 0 52 0 169 16 10 1399 16 662 3000 0 0 35 703 289 683 108 34 120 468 1180 305 189 214 3000 83 3000 653 0 289 
532 158 31 8 0 1106 8 129 0 185 16 14 274 2096 120 9 77 11 48 693 334 0 40 0 0 0 1018 0 0 0 410 291 45 711 23 509 25 0 78 0 0 34 39 12 304 476 679 19 91 0 52 0 604 216 0 85 0 0 105 26 26 47 9 295 161 1073 59 16 113 56 119 90 0 1598 0 280 62 28 85 0 
327 164 0 62 0 46 924 1057 0 35 82 99 3000 79 20 150 0 127 311 42 46 0 990 0 0 0 192 0 0 0 351 1329 11 49 8 180 64 0 1556 0 0 13 585 581 142 1193 36 239 103 0 0 604 0 171 0 1040 0 0 212 51 3000 55 320 26 0 260 249 241 20 3000 1232 707 0 16 0 66 140 0 45 0 
3000 86 844 13 210 545 14 118 154 506 13 1846 170 81 59 20 44 86 215 3000 2250 18 701 0 28 20 302 15 9 57 41 10 187 107 9 402 296 30 119 143 12 127 60 109 58 142 240 231 10 79 169 216 171 0 45 101 1293 107 559 3000 411 13 750 1698 41 34 1174 274 138 197 3000 125 236 98 1425 33 642 55 55 201 
0 249 64 26 28 0 0 0 116 0 0 0 32 231 0 0 35 174 557 210 0 132 0 18 880 632 9 212 11 3000 1188 0 0 0 0 0 9 90 169 78 96 87 0 0 15 138 0 206 121 475 16 0 0 45 0 0 21 1007 200 233 0 0 32 0 99 0 0 0 0 0 0 0 382 193 421 975 0 704 0 58 
113 0 0 3000 0 11 72 82 157 1123 390 1862 0 30 90 114 1405 168 102 1734 1680 0 40 0 0 2546 48 0 0 0 207 3000 38 367 17 84 696 1725 152 25 0 8 73 10 11 273 261 151 96 0 10 85 1040 101 0 0 0 122 188 24 18 22 16 149 895 69 628 13 252 144 232 8 0 27 74 45 44 54 694 0 
2543 38 59 469 93 0 13 0 24 0 0 51 30 193 88 0 10 89 23 164 0 3000 15 226 38 0 940 1282 102 1867 56 39 0 0 0 91 35 0 151 9 88 48 491 238 8 1982 14 45 144 56 1399 0 0 1293 21 0 0 120 451 82 0 0 17 0 1101 11 0 0 0 26 0 0 608 9 0 562 0 0 42 85 
0 0 24 1485 26 0 0 228 10 0 1252 0 0 28 0 0 99 73 92 163 1530 49 0 13 1319 94 686 28 688 583 107 0 0 89 10 1551 133 278 0 1119 3000 161 439 0 7 1561 12 3000 26 194 16 0 0 107 1007 122 120 0 1722 67 0 0 133 0 207 0 14 0 31 490 191 0 17 658 27 20 0 80 0 389 
2479 226 606 204 38 72 58 45 16 891 24 265 24 16 99 184 70 158 8 108 46 44 3000 105 245 28 448 265 8 197 350 21 160 8 1155 125 477 658 380 140 10 33 21 127 11 79 59 65 160 69 662 105 212 559 200 188 451 1722 0 220 37 0 49 144 17 3000 34 8 10 875 45 39 32 12 77 137 597 316 0 285 
504 16 112 102 121 303 1275 1156 3000 24 304 1803 357 436 25 24 9 15 495 100 189 42 17 3000 13 9 11 23 2855 173 10 13 13 82 7 134 8 41 3000 470 71 23 43 364 42 1951 21 1063 74 582 3000 26 51 3000 233 24 82 67 220 0 65 40 15 158 42 2853 46 89 78 2478 1070 186 166 833 1459 57 110 371 216 209 
363 0 0 0 0 217 1208 8 0 384 21 1097 0 265 1559 62 732 10 48 24 77 0 20 0 0 0 154 0 0 0 21 131 84 62 329 351 174 0 166 0 0 2157 983 295 44 198 2884 203 97 0 0 26 3000 411 0 18 0 0 37 65 0 106 0 218 0 1239 39 363 36 45 347 1421 0 677 25 858 557 739 119 0 
3000 60 0 54 0 180 237 0 0 247 153 8 663 0 11 12 0 0 905 18 204 0 21 0 0 0 60 0 0 0 0 33 1259 606 16 35 40 0 341 0 0 27 53 73 109 2807 373 928 108 0 0 47 55 13 0 22 0 0 0 40 106 0 138 1667 0 90 0 10 3000 15 61 72 0 0 0 259 45 0 11 0 
11 27 26 699 170 152 130 0 0 61 0 1768 70 315 80 0 412 765 3000 9 7 10 585 2078 691 0 11 244 190 8 7 166 162 0 0 54 24 0 1792 203 33 105 69 170 89 332 73 43 213 12 35 9 320 750 32 16 17 133 49 15 0 138 0 103 273 248 0 174 0 21 142 1678 21 27 0 181 651 0 205 1116 
48 96 1626 75 0 444 188 25 0 96 3000 94 118 304 30 197 12 9 227 415 194 0 491 0 0 227 984 0 0 64 49 84 413 210 43 2070 311 0 314 0 0 26 618 586 133 92 152 82 162 0 703 295 26 1698 0 149 0 0 144 158 218 1667 103 0 7 120 30 201 29 1884 191 632 0 401 378 1399 198 24 73 195 
21 197 22 156 82 0 0 193 323 1232 65 191 33 43 285 0 3000 10 102 15 241 344 43 604 746 320 353 12 38 472 22 237 0 184 19 458 134 10 25 228 386 253 70 3000 27 3000 124 968 9 81 289 161 0 41 99 895 1101 207 17 42 0 0 273 7 0 33 100 0 9 22 49 11 128 219 61 514 0 603 0 22 
20 61 132 144 42 2698 81 341 0 66 25 202 21 16 220 300 0 134 3000 562 16 0 63 0 0 0 50 0 0 144 544 35 1037 191 111 93 457 0 253 0 12 185 3000 124 3000 63 1023 243 3000 0 683 1073 260 34 0 69 11 0 3000 2853 1239 90 248 120 33 0 168 9 115 1645 13 107 0 705 0 1248 1148 0 724 212 
98 0 9 0 0 0 0 50 9 2730 91 0 0 216 2186 44 98 183 16 19 18 11 837 0 29 76 3000 151 0 0 3000 0 0 19 98 11 56 160 1356 49 0 66 31 37 9 46 1480 2098 113 0 108 59 249 1174 0 628 0 14 34 46 39 0 0 30 100 168 0 0 81 253 111 105 2849 45 923 1546 216 188 0 0 
264 14 44 48 0 360 74 9 0 18 15 3000 52 130 56 17 0 232 12 117 622 0 436 0 0 0 131 0 0 0 97 44 114 780 2205 21 78 0 24 0 0 53 282 119 1577 600 1755 481 253 0 34 16 241 274 0 13 0 0 8 89 363 10 174 201 0 9 0 0 104 52 401 2957 0 18 0 151 93 0 35 0 
425 0 0 0 0 707 62 81 478 9 79 8 0 248 19 29 26 319 22 559 79 0 53 0 0 73 211 0 0 0 41 0 129 39 159 23 303 126 292 192 0 791 253 744 182 1250 825 3000 10 0 120 113 20 138 0 252 0 31 10 78 36 3000 0 29 9 115 81 104 0 837 19 16 0 14 31 192 94 180 0 0 
14 40 153 312 33 11 11 139 10 3000 23 13 91 3000 35 7 342 36 2124 16 38 29 313 0 14 71 152 809 34 201 512 3000 783 107 653 1761 49 1306 11 377 17 223 331 1119 15 939 1198 18 47 8 468 56 3000 197 0 144 26 490 875 2478 45 15 21 1884 22 1645 253 52 837 0 16 134 307 14 7 327 464 11 100 249 
217 40 34 175 0 34 83 13 13 255 63 19 30 325 1038 124 124 468 17 39 9 0 19 0 0 10 10 0 0 0 42 177 87 1312 13 38 17 194 22 110 0 654 164 26 51 523 20 185 45 0 1180 119 1232 3000 0 232 0 191 45 1070 347 61 142 191 49 13 111 401 19 16 0 238 0 1258 235 51 37 140 74 0 
26 267 122 204 33 196 128 8 0 12 234 124 753 18 17 37 0 39 56 61 167 0 128 0 0 0 22 0 0 34 35 572 16 12 1023 107 52 0 27 0 0 40 166 1185 598 1412 868 58 113 0 305 90 707 125 0 8 0 0 39 186 1421 72 1678 632 11 107 105 2957 16 134 238 0 0 51 0 162 13 0 23 43 
64 11 179 2002 126 0 0 365 134 0 0 1115 15 48 316 0 15 9 458 11 241 48 893 16 12 103 1410 464 45 25 124 451 0 0 0 10 110 100 56 24 598 73 1131 0 301 459 209 34 32 15 189 0 0 236 382 0 608 17 32 166 0 0 21 0 128 0 2849 0 0 307 0 0 0 84 126 47 0 553 0 15 
46 76 172 386 392 152 2623 25 796 26 18 125 311 70 139 18 617 252 89 2745 14 34 257 107 154 16 355 1605 16 612 38 286 311 36 195 582 1727 39 22 286 20 9 33 7 125 40 96 3000 27 2399 214 1598 16 98 193 27 9 658 12 833 677 0 27 401 219 705 45 18 14 14 1258 51 84 0 872 48 1930 8 0 3000 
0 0 0 0 0 0 0 147 19 99 121 0 0 73 0 17 693 358 154 443 1103 157 0 0 3000 100 11 58 0 0 583 0 0 19 65 1541 69 506 0 247 0 17 293 0 9 29 242 535 42 0 3000 0 0 1425 421 74 0 27 77 1459 25 0 0 378 61 0 923 0 31 7 235 0 126 872 0 46 0 81 0 0 
90 1535 526 306 344 569 12 117 54 13 25 424 3000 553 438 31 164 75 138 41 177 2187 457 157 308 19 23 692 29 95 164 1345 119 29 30 52 71 18 389 429 38 70 8 141 18 230 48 302 154 15 83 280 66 33 975 45 562 20 137 57 858 259 181 1399 514 1248 1546 151 192 327 51 162 47 48 46 0 538 3000 369 232 
85 93 170 3000 0 601 239 17 0 843 39 429 1985 2195 174 19 0 7 19 19 802 0 1108 0 0 0 1723 0 0 0 235 1272 199 3000 758 44 190 0 787 0 0 43 46 28 47 16 1548 569 20 0 3000 62 140 642 0 44 0 0 597 110 557 45 651 198 0 1148 216 93 94 464 37 13 0 1930 0 538 0 0 107 0 
42 0 3000 0 0 0 0 25 201 86 9 0 0 40 0 51 36 173 459 48 21 347 0 0 671 14 562 22 9 30 46 0 0 13 1149 527 7 185 0 59 30 12 176 0 49 11 12 977 17 0 653 28 0 55 704 54 0 80 316 371 739 0 0 24 603 0 188 0 180 11 140 0 553 8 81 3000 0 0 0 0 
53 8 50 14 191 9 833 0 0 41 0 310 178 0 42 1009 0 0 0 442 3000 0 7 0 0 0 69 0 0 20 0 209 30 0 0 3000 0 0 712 0 671 1043 201 18 53 14 0 78 2975 339 0 85 45 55 0 694 42 0 0 216 119 11 205 73 0 724 0 35 0 100 74 23 0 0 0 369 107 0 0 32 
