80
0 42 39 65 36 67 54 20 49 24 54 17 57 45 50 80 28 87 66 62 42 24 30 46 54 26 68 58 56 29 33 45 7 64 60 52 67 64 33 41 60 29 40 33 54 45 7 36 23 34 53 25 43 67 39 52 22 31 20 44 38 52 23 10 17 50 69 90 32 43 79 71 40 20 62 48 40 4 33 81 
42 0 52 40 35 42 35 53 52 30 13 26 40 15 11 40 37 45 63 61 52 20 13 36 12 31 30 24 15 51 25 52 41 60 59 40 26 22 32 54 21 57 50 57 30 4 41 47 64 20 11 28 23 63 20 53 61 54 33 34 53 20 65 51 32 32 38 48 48 54 38 35 18 57 20 19 28 38 72 39 
39 52 0 89 68 47 81 58 14 56 56 36 85 43 52 91 63 86 101 25 4 49 41 24 63 59 82 52 60 67 61 81 32 99 23 82 76 71 65 79 56 68 77 72 78 52 32 5 53 59 61 26 34 101 35 88 56 12 24 74 76 70 53 44 27 77 54 86 70 4 76 87 37 57 65 41 68 40 66 79 
65 40 89 0 32 79 12 64 91 41 46 55 11 54 47 33 41 57 34 101 90 43 48 76 35 40 22 59 43 53 32 40 68 33 99 18 34 37 34 46 53 62 41 57 12 42 68 84 81 32 36 64 62 35 59 34 76 89 67 23 48 20 81 71 65 15 73 62 47 92 57 19 58 69 44 58 26 61 83 56 
36 35 68 32 0 76 20 32 74 12 48 32 23 48 46 58 9 74 33 86 70 21 34 63 41 10 44 59 47 22 10 17 40 30 84 16 49 49 4 20 56 30 15 26 24 39 40 64 49 15 40 44 53 33 48 20 43 64 45 9 19 28 49 40 42 17 73 78 16 72 70 44 48 37 52 52 10 32 50 70 
67 42 47 79 76 0 76 85 36 68 33 52 81 28 32 63 75 47 104 35 44 57 43 23 43 70 62 20 36 87 66 93 62 102 36 81 50 45 72 94 26 92 90 93 70 39 61 44 88 60 43 42 25 105 29 95 88 56 48 76 92 59 89 76 50 74 10 46 86 45 38 67 29 87 37 23 69 64 99 41 
54 35 81 12 20 76 0 52 84 30 44 45 5 50 44 41 29 62 29 94 82 33 41 70 34 28 28 57 42 41 21 29 57 28 93 8 37 39 22 35 52 50 30 45 7 38 57 76 69 22 34 55 57 30 53 25 64 79 58 11 36 18 69 60 55 4 71 67 35 83 60 27 52 57 44 54 14 50 71 59 
20 53 58 64 32 85 52 0 69 26 66 33 54 60 63 86 23 98 55 82 61 33 44 65 64 26 73 74 68 14 35 33 26 53 79 47 76 73 31 27 73 10 29 16 55 57 26 55 18 38 63 43 60 55 56 42 12 49 39 41 24 56 18 15 36 49 86 101 20 62 92 75 57 5 73 63 40 21 19 93 
49 52 14 91 74 36 84 69 0 63 52 42 89 40 49 87 70 79 107 13 10 53 43 17 61 65 81 45 56 77 66 89 43 104 10 86 73 67 71 87 50 78 85 82 80 51 42 14 66 62 59 30 30 107 32 94 68 25 31 79 85 71 66 56 34 80 44 79 78 11 69 86 34 69 61 37 72 49 78 72 
24 30 56 41 12 68 30 26 63 0 43 20 33 41 41 61 8 74 45 75 58 11 25 53 39 2 48 53 44 21 9 26 28 42 73 27 50 48 9 26 51 28 23 27 30 34 28 52 41 13 38 33 44 45 39 32 36 52 33 20 24 31 41 30 30 26 66 77 19 60 68 49 39 30 49 45 16 21 45 68 
54 13 56 46 48 33 44 66 52 43 0 37 49 13 4 35 50 34 73 59 55 34 24 35 11 45 30 13 4 64 38 65 51 71 58 50 21 15 45 67 9 71 63 70 38 10 51 51 76 33 10 35 22 74 21 65 74 60 42 46 66 26 77 63 41 42 27 36 62 57 26 35 19 70 9 15 40 50 84 27 
17 26 36 55 32 52 45 33 42 20 37 0 50 28 33 65 28 70 65 55 38 13 13 34 38 23 54 42 39 36 25 46 15 62 53 46 51 47 28 45 42 40 43 42 43 28 15 32 40 23 36 13 27 65 23 52 38 34 13 38 43 38 40 27 10 41 53 73 37 39 62 57 24 35 45 31 32 14 49 64 
57 40 85 11 23 81 5 54 89 33 49 50 0 54 49 43 32 65 26 99 87 37 45 74 39 32 31 61 46 43 25 29 61 24 98 8 41 43 25 35 57 51 31 46 11 43 61 80 72 27 39 60 62 27 58 23 66 83 62 14 37 22 72 63 60 8 76 70 37 88 63 28 57 59 48 59 18 54 72 63 
45 15 43 54 48 28 50 60 40 41 13 28 54 0 9 48 48 45 77 47 42 30 17 23 21 42 41 13 17 61 38 65 42 75 46 54 33 28 45 66 15 66 62 67 44 12 42 38 68 33 20 24 9 78 9 67 66 48 30 48 65 34 68 55 31 47 26 46 59 44 36 46 6 63 22 5 41 42 77 38 
50 11 52 47 46 32 44 63 49 41 4 33 49 9 0 39 48 37 73 56 52 31 20 32 12 42 32 13 8 62 36 63 48 70 55 49 24 18 43 65 11 68 61 67 38 7 47 47 73 31 11 31 19 73 18 64 70 57 38 45 64 27 73 59 37 42 28 40 59 53 29 38 15 67 13 12 38 46 81 31 
80 40 91 33 58 63 41 86 87 61 35 65 43 48 39 0 65 26 67 94 90 56 53 70 28 61 13 44 31 79 52 70 80 66 93 49 15 20 57 76 38 87 71 84 35 39 80 86 101 48 30 68 57 68 56 66 97 94 74 50 76 30 101 89 72 42 54 31 74 92 29 15 54 91 27 51 48 76 106 27 
28 37 63 41 9 75 29 23 70 8 50 28 32 48 48 65 0 79 39 82 65 19 32 60 45 6 51 60 51 15 13 19 33 36 80 25 55 54 8 18 58 23 15 20 32 41 33 58 40 18 44 40 51 39 47 25 35 58 39 18 17 35 40 32 36 26 74 83 11 66 74 52 47 28 56 52 17 25 42 74 
87 45 86 57 74 47 62 98 79 74 34 70 65 45 37 26 79 0 91 81 84 65 57 62 34 74 35 34 31 94 66 90 85 89 82 70 25 25 72 94 30 101 89 99 55 42 85 81 110 61 36 68 52 92 53 87 107 92 75 69 94 46 110 96 75 62 37 5 90 86 10 39 51 102 25 45 65 83 117 7 
66 63 101 34 33 104 29 55 107 45 73 65 26 77 73 67 39 91 0 119 103 53 65 95 64 43 56 85 71 42 41 23 72 2 117 23 66 68 36 29 82 48 27 42 36 66 72 97 73 45 64 77 83 1 79 14 67 96 77 29 32 47 73 68 74 31 100 95 36 104 89 53 78 60 74 82 36 64 69 88 
62 61 25 101 86 35 94 82 13 75 59 55 99 47 56 94 82 81 119 0 22 65 54 25 68 77 88 50 63 89 77 101 56 116 3 97 79 74 83 100 55 91 98 95 90 59 55 27 78 74 67 42 38 119 41 106 81 37 44 90 98 80 78 69 47 91 44 81 91 22 72 94 43 82 66 44 83 62 91 75 
42 52 4 90 70 44 82 61 10 58 55 38 87 42 52 90 65 84 103 22 0 50 42 22 63 61 82 50 59 70 63 84 35 101 19 83 75 70 67 82 55 71 80 75 79 52 35 7 57 60 61 27 33 104 34 90 59 15 26 76 79 71 57 47 29 78 51 85 73 2 75 87 36 61 64 40 69 42 69 77 
24 20 49 43 21 57 33 33 53 11 34 13 37 30 31 56 19 65 53 65 50 0 13 42 31 13 44 42 35 31 12 37 26 51 63 33 44 41 17 37 41 37 34 37 31 24 25 44 45 11 30 24 32 54 28 41 42 46 25 25 36 28 45 33 22 29 55 68 30 52 59 47 28 37 41 34 19 20 52 60 
30 13 41 48 34 43 41 44 43 25 24 13 45 17 20 53 32 57 65 54 42 13 0 30 25 27 43 30 26 44 24 50 28 63 52 43 39 35 30 51 30 50 47 50 37 15 28 36 53 20 24 16 19 66 15 54 51 42 21 36 49 29 53 40 19 37 42 59 43 43 49 47 15 47 32 20 29 26 61 51 
46 36 24 76 63 23 70 65 17 53 35 34 74 23 32 70 60 62 95 25 22 42 30 0 44 55 64 28 39 70 54 79 40 92 24 73 55 50 59 79 33 73 76 76 65 34 40 21 66 49 43 22 13 95 16 83 67 33 26 66 76 55 67 54 29 66 30 62 70 24 53 69 18 66 43 20 59 44 78 55 
54 12 63 35 41 43 34 64 61 39 11 38 39 21 12 28 45 34 64 68 63 31 25 44 0 40 20 23 8 60 32 57 53 62 67 41 14 10 39 61 18 67 56 65 28 11 53 58 76 27 1 40 30 65 29 57 73 66 46 38 60 16 76 63 45 33 37 38 56 64 29 25 27 68 11 25 32 50 83 29 
26 31 59 40 10 70 28 26 65 2 45 23 32 42 42 61 6 74 43 77 61 13 27 55 40 0 48 54 45 20 9 24 30 40 75 26 51 49 7 24 53 27 21 26 30 35 30 54 41 13 39 35 46 43 41 29 36 54 35 18 22 31 42 31 32 25 68 78 17 62 69 49 41 30 50 46 14 23 45 69 
68 30 82 22 44 62 28 73 81 48 30 54 31 41 32 13 51 35 56 88 82 44 43 64 20 48 0 41 26 66 39 57 69 55 88 36 12 17 44 62 35 74 57 70 22 31 68 77 88 35 21 58 51 57 49 53 84 85 63 37 63 17 88 76 62 29 54 39 60 84 35 6 47 78 24 45 35 64 93 33 
58 24 52 59 59 20 57 74 45 53 13 42 61 13 13 44 60 34 85 50 50 42 30 28 23 54 41 0 16 73 49 76 55 83 49 62 30 25 56 78 6 79 74 79 50 20 55 47 81 43 23 36 18 86 20 77 80 58 43 58 77 39 81 68 43 55 15 35 71 52 25 47 18 77 17 11 51 55 91 27 
56 15 60 43 47 36 42 68 56 44 4 39 46 17 8 31 51 31 71 63 59 35 26 39 8 45 26 16 0 65 38 64 55 69 62 48 16 11 45 67 11 72 63 71 35 12 54 55 79 33 8 39 26 72 26 64 76 64 45 45 66 24 79 66 45 40 30 33 62 61 24 31 23 72 6 20 39 52 86 25 
29 51 67 53 22 87 41 14 77 21 64 36 43 61 62 79 15 94 42 89 70 31 44 70 60 20 66 73 65 0 28 19 35 40 87 35 70 69 22 14 72 8 15 6 45 55 35 64 31 33 59 48 63 42 58 28 25 60 46 30 11 49 31 28 43 38 87 97 6 71 88 66 59 18 70 65 31 28 30 89 
33 25 61 32 10 66 21 35 66 9 38 25 25 38 36 52 13 66 41 77 63 12 24 54 32 9 39 49 38 28 0 27 36 39 75 21 42 41 7 29 46 36 25 33 21 29 36 56 50 5 31 36 43 42 38 30 45 58 38 13 28 22 50 39 35 17 63 70 24 64 61 40 38 39 43 42 7 29 54 61 
45 52 81 40 17 93 29 33 89 26 65 46 29 65 63 70 19 90 23 101 84 37 50 79 57 24 57 76 64 19 27 0 51 21 99 22 64 65 20 6 73 26 4 19 35 56 51 77 50 32 57 59 69 23 65 9 44 75 58 20 9 43 50 46 55 28 90 94 13 85 86 56 65 37 68 69 25 43 47 86 
7 41 32 68 40 62 57 26 43 28 51 15 61 42 48 80 33 85 72 56 35 26 28 40 53 30 69 55 55 35 36 51 0 69 53 56 67 63 37 48 57 36 46 40 56 43 0 29 27 36 52 20 38 72 35 58 27 25 14 48 45 53 27 14 12 53 65 87 38 36 77 72 37 26 60 44 43 8 38 79 
64 60 99 33 30 102 28 53 104 42 71 62 24 75 70 66 36 89 2 116 101 51 63 92 62 40 55 83 69 40 39 21 69 0 114 21 65 67 34 26 80 46 25 40 35 64 69 94 71 43 62 74 81 3 77 12 65 94 75 27 29 46 71 66 72 29 98 94 34 102 88 52 76 58 72 79 34 61 67 87 
60 59 23 99 84 36 93 79 10 73 58 53 98 46 55 93 80 82 117 3 19 63 52 24 67 75 88 49 62 87 75 99 53 114 0 95 78 73 80 98 55 89 95 92 88 58 53 24 76 72 66 40 37 117 40 104 78 34 41 88 95 79 76 66 44 89 45 81 89 19 72 93 42 79 66 43 81 59 88 75 
52 40 82 18 16 81 8 47 86 27 50 46 8 54 49 49 25 70 23 97 83 33 43 73 41 26 36 62 48 35 21 22 56 21 95 0 45 46 19 28 59 44 23 39 15 43 56 77 65 24 41 57 61 24 57 17 59 79 58 8 29 25 65 56 55 8 77 74 29 85 67 35 56 52 51 59 14 48 65 67 
67 26 76 34 49 50 37 76 73 50 21 51 41 33 24 15 55 25 66 79 75 44 39 55 14 51 12 30 16 70 42 64 67 65 78 45 0 5 48 69 24 78 64 75 30 24 66 71 89 38 15 53 42 67 41 62 85 79 59 44 69 21 89 76 58 37 42 29 65 77 23 18 39 80 13 36 40 63 95 22 
64 22 71 37 49 45 39 73 67 48 15 47 43 28 18 20 54 25 68 74 70 41 35 50 10 49 17 25 11 69 41 65 63 67 73 46 5 0 47 69 19 76 64 74 32 20 63 66 86 36 11 49 37 69 36 63 82 75 55 44 68 22 86 73 54 38 37 29 65 72 21 22 34 78 8 30 40 60 92 21 
33 32 65 34 4 72 22 31 71 9 45 28 25 45 43 57 8 72 36 83 67 17 30 59 39 7 44 56 45 22 7 20 37 34 80 19 48 47 0 22 53 30 18 27 24 36 37 60 47 12 38 41 49 37 45 24 42 61 41 11 21 27 48 38 38 18 70 76 17 68 67 44 44 36 49 49 9 29 50 68 
41 54 79 46 20 94 35 27 87 26 67 45 35 66 65 76 18 94 29 100 82 37 51 79 61 24 62 78 67 14 29 6 48 26 98 28 69 69 22 0 76 20 5 13 40 58 48 75 45 35 60 58 70 28 65 16 38 72 56 25 3 47 45 41 53 33 92 98 9 83 89 61 65 32 71 71 29 40 41 89 
60 21 56 53 56 26 52 73 50 51 9 42 57 15 11 38 58 30 82 55 55 41 30 33 18 53 35 6 11 72 46 73 57 80 55 59 24 19 53 76 0 78 71 78 46 18 56 52 82 41 18 39 22 82 23 74 80 62 45 54 75 35 83 69 46 51 19 31 70 56 21 41 21 77 11 15 48 56 91 23 
29 57 68 62 30 92 50 10 78 28 71 40 51 66 68 87 23 101 48 91 71 37 50 73 67 27 74 79 72 8 36 26 36 46 89 44 78 76 30 20 78 0 22 7 53 61 36 65 26 40 66 51 67 48 63 35 19 59 48 38 17 57 26 25 45 47 92 105 15 72 95 74 64 13 77 70 39 29 22 96 
40 50 77 41 15 90 30 29 85 23 63 43 31 62 61 71 15 89 27 98 80 34 47 76 56 21 57 74 63 15 25 4 46 25 95 23 64 64 18 5 71 22 0 16 36 54 46 73 46 30 55 55 66 27 62 13 40 71 54 20 6 43 46 42 51 28 88 93 9 81 85 57 62 33 67 67 24 38 44 85 
33 57 72 57 26 93 45 16 82 27 70 42 46 67 67 84 20 99 42 95 75 37 50 76 65 26 70 79 71 6 33 19 40 40 92 39 75 74 27 13 78 7 16 0 49 61 40 69 32 38 64 54 69 41 64 29 26 64 51 34 10 54 32 31 48 42 93 103 10 76 94 70 65 19 76 71 36 33 28 94 
54 30 78 12 24 70 7 55 80 30 38 43 11 44 38 35 32 55 36 90 79 31 37 65 28 30 22 50 35 45 21 35 56 35 88 15 30 32 24 40 46 53 36 49 0 32 56 73 71 21 28 52 52 37 49 31 66 77 55 15 41 11 71 61 53 7 65 60 39 80 53 21 47 60 38 49 15 50 74 52 
45 4 52 42 39 39 38 57 51 34 10 28 43 12 7 39 41 42 66 59 52 24 15 34 11 35 31 20 12 55 29 56 43 64 58 43 24 20 36 58 18 61 54 61 32 0 43 47 67 23 10 29 21 67 18 57 65 55 35 38 57 22 67 54 34 35 35 45 52 53 35 35 16 60 17 16 31 41 75 36 
7 41 32 68 40 61 57 26 42 28 51 15 61 42 47 80 33 85 72 55 35 25 28 40 53 30 68 55 54 35 36 51 0 69 53 56 66 63 37 48 56 36 46 40 56 43 0 29 27 36 52 20 38 72 35 58 27 25 14 48 45 53 27 14 12 53 64 87 38 36 77 72 36 27 60 43 43 8 38 78 
36 47 5 84 64 44 76 55 14 52 51 32 80 38 47 86 58 81 97 27 7 44 36 21 58 54 77 47 55 64 56 77 29 94 24 77 71 66 60 75 52 65 73 69 73 47 29 0 52 54 56 21 29 97 30 83 54 13 19 69 72 65 52 42 22 72 50 82 66 8 72 82 32 55 60 37 63 36 64 74 
23 64 53 81 49 88 69 18 66 41 76 40 72 68 73 101 40 110 73 78 57 45 53 66 76 41 88 81 79 31 50 50 27 71 76 65 89 86 47 45 82 26 46 32 71 67 27 52 0 53 75 47 65 73 62 60 6 42 41 58 42 71 0 13 39 66 91 112 38 57 102 90 63 13 85 70 56 26 13 103 
34 20 59 32 15 60 22 38 62 13 33 23 27 33 31 48 18 61 45 74 60 11 20 49 27 13 35 43 33 33 5 32 36 43 72 24 38 36 12 35 41 40 30 38 21 23 36 54 53 0 26 33 38 46 34 34 48 57 35 17 34 19 53 41 33 19 58 65 29 61 56 37 33 43 38 37 10 30 57 56 
53 11 61 36 40 43 34 63 59 38 10 36 39 20 11 30 44 36 64 67 61 30 24 43 1 39 21 23 8 59 31 57 52 62 66 41 15 11 38 60 18 66 55 64 28 10 52 56 75 26 0 38 29 65 27 56 71 65 44 37 59 17 75 62 43 33 37 39 55 63 30 27 25 67 11 24 31 49 82 30 
25 28 26 64 44 42 55 43 30 33 35 13 60 24 31 68 40 68 77 42 27 24 16 22 40 35 58 36 39 48 36 59 20 74 40 57 53 49 41 58 39 51 55 54 52 29 20 21 47 33 38 0 19 77 16 64 46 26 7 49 56 45 47 34 8 52 45 70 49 28 60 62 18 45 44 25 42 23 57 61 
43 23 34 62 53 25 57 60 30 44 22 27 62 9 19 57 51 52 83 38 33 32 19 13 30 46 51 18 26 63 43 69 38 81 37 61 42 37 49 70 22 67 66 69 52 21 38 29 65 38 29 19 0 84 4 72 64 40 25 54 68 42 65 52 27 54 26 53 62 35 43 56 5 62 31 7 47 40 75 45 
67 63 101 35 33 105 30 55 107 45 74 65 27 78 73 68 39 92 1 119 104 54 66 95 65 43 57 86 72 42 42 23 72 3 117 24 67 69 37 28 82 48 27 41 37 67 72 97 73 46 65 77 84 0 80 14 67 97 78 30 31 48 73 68 75 32 101 96 36 105 90 54 79 60 75 82 37 64 69 89 
39 20 35 59 48 29 53 56 32 39 21 23 58 9 18 56 47 53 79 41 34 28 15 16 29 41 49 20 26 58 38 65 35 77 40 57 41 36 45 65 23 63 62 64 49 18 35 30 62 34 27 16 4 80 0 68 61 39 23 50 63 39 62 49 23 50 30 55 58 36 44 54 2 58 31 9 43 36 72 46 
52 53 88 34 20 95 25 42 94 32 65 52 23 67 64 66 25 87 14 106 90 41 54 83 57 29 53 77 64 28 30 9 58 12 104 17 62 63 24 16 74 35 13 29 31 57 58 83 60 34 56 64 72 14 68 0 53 83 64 19 18 41 60 54 61 25 91 91 22 91 84 51 68 46 67 72 26 50 57 84 
22 61 56 76 43 88 64 12 68 36 74 38 66 66 70 97 35 107 67 81 59 42 51 67 73 36 84 80 76 25 45 44 27 65 78 59 85 82 42 38 80 19 40 26 66 65 27 54 6 48 71 46 64 67 61 53 0 45 41 52 35 67 7 13 39 60 91 109 31 60 100 85 62 7 82 69 51 25 11 101 
31 54 12 89 64 56 79 49 25 52 60 34 83 48 57 94 58 92 96 37 15 46 42 33 66 54 85 58 64 60 58 75 25 94 34 79 79 75 61 72 62 59 71 64 77 55 25 13 42 57 65 26 40 97 39 83 45 0 22 71 69 71 42 34 24 75 63 93 63 15 83 89 42 48 70 48 65 33 55 85 
20 33 24 67 45 48 58 39 31 33 42 13 62 30 38 74 39 75 77 44 26 25 21 26 46 35 63 43 45 46 38 58 14 75 41 58 59 55 41 56 45 48 54 51 55 35 14 19 41 35 44 7 25 78 23 64 41 22 0 50 54 49 41 28 3 54 51 77 47 27 66 67 24 40 51 31 44 18 52 68 
44 34 74 23 9 76 11 41 79 20 46 38 14 48 45 50 18 69 29 90 76 25 36 66 38 18 37 58 45 30 13 20 48 27 88 8 44 44 11 25 54 38 20 34 15 38 48 69 58 17 37 49 54 30 50 19 52 71 50 0 26 23 58 49 48 8 72 73 24 77 65 37 50 46 48 53 7 40 59 65 
38 53 76 48 19 92 36 24 85 24 66 43 37 65 64 76 17 94 32 98 79 36 49 76 60 22 63 77 66 11 28 9 45 29 95 29 69 68 21 3 75 17 6 10 41 57 45 72 42 34 59 56 68 31 63 18 35 69 54 26 0 47 42 38 51 34 90 97 6 80 89 62 64 28 71 69 29 37 38 89 
52 20 70 20 28 59 18 56 71 31 26 38 22 34 27 30 35 46 47 80 71 28 29 55 16 31 17 39 24 49 22 43 53 46 79 25 21 22 27 47 35 57 43 54 11 22 53 65 71 19 17 45 42 48 39 41 67 71 49 23 47 0 71 60 47 17 54 50 45 72 43 19 37 61 26 38 19 48 76 43 
23 65 53 81 49 89 69 18 66 41 77 40 72 68 73 101 40 110 73 78 57 45 53 67 76 42 88 81 79 31 50 50 27 71 76 65 89 86 48 45 83 26 46 32 71 67 27 52 0 53 75 47 65 73 62 60 7 42 41 58 42 71 0 14 39 66 92 112 38 57 102 90 63 13 85 70 56 27 12 104 
10 51 44 71 40 76 60 15 56 30 63 27 63 55 59 89 32 96 68 69 47 33 40 54 63 31 76 68 66 28 39 46 14 66 66 56 76 73 38 41 69 25 42 31 61 54 14 42 13 41 62 34 52 68 49 54 13 34 28 49 38 60 14 0 26 56 78 99 33 48 89 78 50 14 71 57 46 13 24 90 
17 32 27 65 42 50 55 36 34 30 41 10 60 31 37 72 36 75 74 47 29 22 19 29 45 32 62 43 45 43 35 55 12 72 44 55 58 54 38 53 46 45 51 48 53 34 12 22 39 33 43 8 27 75 23 61 39 24 3 48 51 47 39 26 0 51 53 77 44 30 66 66 25 37 50 32 42 16 50 68 
50 32 77 15 17 74 4 49 80 26 42 41 8 47 42 42 26 62 31 91 78 29 37 66 33 25 29 55 40 38 17 28 53 29 89 8 37 38 18 33 51 47 28 42 7 35 53 72 66 19 33 52 54 32 50 25 60 75 54 8 34 17 66 56 51 0 69 67 33 80 59 28 49 54 43 51 10 46 67 59 
69 38 54 73 73 10 71 86 44 66 27 53 76 26 28 54 74 37 100 44 51 55 42 30 37 68 54 15 30 87 63 90 65 98 45 77 42 37 70 92 19 92 88 93 65 35 64 50 91 58 37 45 26 101 30 91 91 63 51 72 90 54 92 78 53 69 0 36 85 53 28 59 29 88 30 22 66 66 102 31 
90 48 86 62 78 46 67 101 79 77 36 73 70 46 40 31 83 5 95 81 85 68 59 62 38 78 39 35 33 97 70 94 87 94 81 74 29 29 76 98 31 105 93 103 60 45 87 82 112 65 39 70 53 96 55 91 109 93 77 73 97 50 112 99 77 67 36 0 94 86 10 43 52 105 28 46 69 86 120 9 
32 48 70 47 16 86 35 20 78 19 62 37 37 59 59 74 11 90 36 91 73 30 43 70 56 17 60 71 62 6 24 13 38 34 89 29 65 65 17 9 70 15 9 10 39 52 38 66 38 29 55 49 62 36 58 22 31 63 47 24 6 45 38 33 44 33 85 94 0 74 85 61 58 24 67 63 26 31 36 85 
43 54 4 92 72 45 83 62 11 60 57 39 88 44 53 92 66 86 104 22 2 52 43 24 64 62 84 52 61 71 64 85 36 102 19 85 77 72 68 83 56 72 81 76 80 53 36 8 57 61 63 28 35 105 36 91 60 15 27 77 80 72 57 48 30 80 53 86 74 0 76 89 38 61 66 42 71 43 69 79 
79 38 76 57 70 38 60 92 69 68 26 62 63 36 29 29 74 10 89 72 75 59 49 53 29 69 35 25 24 88 61 86 77 88 72 67 23 21 67 89 21 95 85 94 53 35 77 72 102 56 30 60 43 90 44 84 100 83 66 65 89 43 102 89 66 59 28 10 85 76 0 39 42 95 18 36 60 76 110 3 
71 35 87 19 44 67 27 75 86 49 35 57 28 46 38 15 52 39 53 94 87 47 47 69 25 49 6 47 31 66 40 56 72 52 93 35 18 22 44 61 41 74 57 70 21 35 72 82 90 37 27 62 56 54 54 51 85 89 67 37 62 19 90 78 66 28 59 43 61 89 39 0 52 79 30 50 35 67 94 38 
40 18 37 58 48 29 52 57 34 39 19 24 57 6 15 54 47 51 78 43 36 28 15 18 27 41 47 18 23 59 38 65 37 76 42 56 39 34 44 65 21 64 62 65 47 16 36 32 63 33 25 18 5 79 2 68 62 42 24 50 64 37 63 50 25 49 29 52 58 38 42 52 0 59 28 7 43 37 73 44 
20 57 57 69 37 87 57 5 69 30 70 35 59 63 67 91 28 102 60 82 61 37 47 66 68 30 78 77 72 18 39 37 26 58 79 52 80 78 36 32 77 13 33 19 60 60 27 55 13 43 67 45 62 60 58 46 7 48 40 46 28 61 13 14 37 54 88 105 24 61 95 79 59 0 77 66 44 22 15 96 
62 20 65 44 52 37 44 73 61 49 9 45 48 22 13 27 56 25 74 66 64 41 32 43 11 50 24 17 6 70 43 68 60 72 66 51 13 8 49 71 11 77 67 76 38 17 60 60 85 38 11 44 31 75 31 67 82 70 51 48 71 26 85 71 50 43 30 28 67 66 18 30 28 77 0 24 43 58 92 19 
48 19 41 58 52 23 54 63 37 45 15 31 59 5 12 51 52 45 82 44 40 34 20 20 25 46 45 11 20 65 42 69 44 79 43 59 36 30 49 71 15 70 67 71 49 16 43 37 70 37 24 25 7 82 9 72 69 48 31 53 69 38 70 57 32 51 22 46 63 42 36 50 7 66 24 0 46 44 80 38 
40 28 68 26 10 69 14 40 72 16 40 32 18 41 38 48 17 65 36 83 69 19 29 59 32 14 35 51 39 31 7 25 43 34 81 14 40 40 9 29 48 39 24 36 15 31 43 63 56 10 31 42 47 37 43 26 51 65 44 7 29 19 56 46 42 10 66 69 26 71 60 35 43 44 43 46 0 36 59 60 
4 38 40 61 32 64 50 21 49 21 50 14 54 42 46 76 25 83 64 62 42 20 26 44 50 23 64 55 52 28 29 43 8 61 59 48 63 60 29 40 56 29 38 33 50 41 8 36 26 30 49 23 40 64 36 50 25 33 18 40 37 48 27 13 16 46 66 86 31 43 76 67 37 22 58 44 36 0 35 77 
33 72 66 83 50 99 71 19 78 45 84 49 72 77 81 106 42 117 69 91 69 52 61 78 83 45 93 91 86 30 54 47 38 67 88 65 95 92 50 41 91 22 44 28 74 75 38 64 13 57 82 57 75 69 72 57 11 55 52 59 38 76 12 24 50 67 102 120 36 69 110 94 73 15 92 80 59 35 0 111 
81 39 79 56 70 41 59 93 72 68 27 64 63 38 31 27 74 7 88 75 77 60 51 55 29 69 33 27 25 89 61 86 79 87 75 67 22 21 68 89 23 96 85 94 52 36 78 74 103 56 30 61 45 89 46 84 101 85 68 65 89 43 104 90 68 59 31 9 85 79 3 38 44 96 19 38 60 77 111 0 
0 29 46 0 0 1169 91 22 67 1391 0 430 3000 210 0 148 25 0 0 509 0 0 227 0 15 0 1168 780 79 23 460 0 275 37 48 247 481 149 97 30 84 24 13 0 0 123 31 20 0 39 10 38 0 244 624 135 900 0 0 0 0 47 1413 640 120 104 29 80 0 990 1219 13 0 0 0 344 22 0 0 445 
29 0 8 7 571 123 188 873 3000 15 1067 20 835 25 17 9 14 17 23 239 254 100 159 25 1437 0 22 208 377 265 109 13 97 1478 17 365 353 55 337 78 16 1919 343 0 270 8 146 969 35 202 117 131 2054 63 1085 7 166 297 653 1718 519 200 44 8 53 14 2389 10 573 254 618 0 56 90 29 151 176 1131 1017 12 
46 8 0 11 59 8 3000 1502 919 10 52 0 1572 203 881 220 19 9 1942 774 71 0 32 1477 697 73 0 14 1998 9 27 32 0 0 37 35 270 0 254 32 20 140 76 411 1856 0 11 0 234 48 406 15 2679 301 244 169 0 1136 241 47 49 0 3000 27 936 13 0 397 102 0 1009 71 57 93 17 31 40 33 209 141 
0 7 11 0 56 76 157 82 122 0 118 0 26 0 14 9 8 62 0 35 124 0 0 14 8 156 0 134 0 0 0 0 0 0 0 348 12 0 97 0 2649 236 0 1211 45 0 57 0 463 250 1838 18 62 0 21 408 0 144 46 21 0 0 49 143 0 0 0 67 1272 0 276 200 27 9 393 175 8 0 228 184 
0 571 59 56 0 48 0 0 1289 254 238 0 0 0 636 1751 0 304 2292 655 94 234 198 26 0 8 0 486 132 101 0 114 0 0 81 42 17 460 42 783 0 28 0 0 15 400 0 0 11 55 0 0 92 0 124 0 0 3000 108 52 742 0 2665 0 32 82 129 0 346 0 0 0 824 3000 347 37 584 623 73 0 
1169 123 8 76 48 0 193 1348 97 69 73 306 136 22 24 62 45 1675 14 282 39 343 39 70 1068 1146 0 324 163 91 35 8 0 0 39 24 117 281 1860 85 273 572 57 143 14 26 74 0 27 92 264 54 40 274 174 56 0 572 229 40 215 0 10 20 65 14 0 102 129 297 114 14 9 946 1344 266 3000 119 180 1194 
91 188 3000 157 0 193 0 2142 151 0 112 0 16 0 456 26 1107 26 0 10 47 0 0 489 65 24 0 88 0 0 0 0 0 0 0 54 869 0 2885 0 15 12 0 141 0 0 731 0 18 10 114 1364 808 12 59 3000 0 1498 99 45 0 0 12 401 0 0 0 434 1229 0 13 23 578 21 0 47 81 0 0 169 
22 873 1502 82 0 1348 2142 0 23 0 3000 0 154 108 48 16 33 277 0 1461 42 0 280 183 2025 64 0 843 88 0 2090 0 0 0 40 33 408 0 450 34 437 48 1156 270 0 0 16 0 9 40 12 446 3000 1419 79 21 0 282 0 961 0 0 52 83 93 0 0 453 144 314 19 142 162 116 0 10 417 0 43 2155 
67 3000 919 122 1289 97 151 23 0 86 169 48 75 71 81 720 7 60 174 280 14 15 1660 12 154 125 0 47 282 31 24 8 0 0 25 146 11 2401 9 13 118 20 258 8 38 1599 154 0 188 626 14 893 221 10 217 56 0 365 28 2548 467 0 383 1972 2706 811 0 99 18 12 12 917 168 1064 411 17 696 43 48 313 
1391 15 10 0 254 69 0 0 86 0 0 305 8 12 0 152 453 0 116 777 38 10 39 0 0 0 208 3000 239 311 33 371 57 33 639 43 18 48 27 339 0 20 630 0 106 132 10 40 8 324 992 137 0 36 171 0 80 181 232 39 332 157 20 15 8 1457 42 0 69 98 0 0 0 0 13 84 110 252 1310 119 
0 1067 52 118 238 73 112 3000 169 0 0 0 0 0 328 312 11 358 0 365 16 0 0 286 19 14 0 218 0 0 0 0 0 0 0 267 3000 0 204 0 15 58 0 434 15 0 0 0 8 24 31 139 272 0 38 0 0 200 7 2123 0 0 17 159 0 0 0 63 690 0 16 267 1264 377 402 18 237 0 1822 482 
430 20 0 0 0 306 0 0 48 305 0 0 2059 37 0 31 489 0 16 0 0 16 8 0 0 0 100 106 1138 2886 1221 441 342 55 1299 93 84 577 78 3000 0 860 8 0 0 13 59 3000 0 83 175 461 0 84 76 242 44 0 0 0 154 298 22 443 15 10 12 0 0 2001 0 0 0 0 0 37 989 1057 192 672 
3000 835 1572 26 0 136 16 154 75 8 0 2059 0 1466 0 2198 148 0 0 288 128 359 58 256 282 0 605 904 157 3000 478 0 12 33 199 49 885 839 2168 69 90 91 1183 0 0 296 552 96 0 600 26 890 123 115 3000 385 255 882 0 0 0 66 15 17 57 76 574 220 0 13 687 81 126 8 0 9 32 195 45 513 
210 25 203 0 0 22 0 108 71 12 0 37 1466 0 0 341 521 0 0 518 19 10 71 0 193 0 1250 42 2758 12 15 1080 400 14 34 329 3000 10 14 315 97 8 881 0 0 542 61 29 0 811 9 161 0 1321 273 130 14 12 0 0 48 3000 211 55 234 562 234 0 0 425 134 302 0 0 0 29 610 22 1608 43 
0 17 881 14 636 24 456 48 81 0 328 0 0 0 0 10 14 177 0 2637 44 0 0 48 20 12 0 44 0 0 0 0 0 0 0 804 126 0 205 0 317 1216 0 2412 14 0 0 0 84 2326 26 17 181 0 0 0 0 157 163 177 0 0 1062 97 0 0 0 296 33 0 272 209 28 7 136 332 151 0 43 0 
148 9 220 9 1751 62 26 16 720 152 312 31 2198 341 10 0 35 45 0 734 67 152 339 104 8 0 32 78 9 60 43 3000 119 547 958 37 257 86 14 50 3000 172 16 0 457 33 386 1552 97 11 11 75 1148 34 69 78 380 45 77 32 33 579 907 30 89 13 190 120 10 24 129 171 11 763 0 62 230 387 35 40 
25 14 19 8 0 45 1107 33 7 453 11 489 148 521 14 35 0 400 0 3000 71 0 743 46 19 2586 0 52 628 0 42 0 0 0 89 101 20 61 227 34 3000 13 221 175 0 0 101 129 0 35 1080 42 138 1711 31 334 15 286 0 0 0 0 117 57 56 42 0 857 0 56 359 40 731 29 0 963 3000 0 0 72 
0 17 9 62 304 1675 26 277 60 0 358 0 0 0 177 45 400 0 0 78 75 0 0 26 66 169 0 44 0 0 0 0 0 0 0 3000 10 0 45 0 1810 1173 0 24 485 0 0 0 16 46 81 156 22 0 219 0 0 17 175 92 0 0 178 626 0 0 0 358 56 0 29 153 148 233 27 88 510 0 146 44 
0 23 1942 0 2292 14 0 0 174 116 0 16 0 0 0 0 0 0 0 47 571 86 53 81 0 0 68 0 101 76 0 2276 0 0 399 761 176 16 25 30 0 1630 0 0 26 219 0 0 24 694 0 0 0 0 8 0 10 74 59 973 3000 0 212 0 29 284 36 0 3000 18 0 0 0 0 77 15 2650 11 699 0 
509 239 774 35 655 282 10 1461 280 777 365 0 288 518 2637 734 3000 78 47 0 1450 0 1104 8 220 238 0 14 12 0 602 1759 0 0 453 3000 967 0 802 548 41 8 0 12 563 0 16 0 65 143 16 189 17 518 324 861 0 1269 1579 9 263 0 137 76 0 0 0 89 16 0 610 18 38 8 234 161 2264 59 28 1673 
0 254 71 124 94 39 47 42 14 38 16 0 128 19 44 67 71 75 571 1450 0 59 41 187 140 133 0 619 246 87 33 848 0 0 58 20 47 620 351 27 35 13 0 291 83 364 32 0 103 180 417 2546 66 0 101 0 0 9 41 50 243 0 1075 10 113 10 0 903 17 0 11 0 341 13 282 23 1061 2259 718 327 
0 100 0 0 234 343 0 0 15 10 0 16 359 10 0 152 0 0 86 0 59 0 53 0 0 0 17 197 11 1057 320 41 16 3000 289 824 8 48 42 31 0 7 109 0 29 20 17 33 387 500 0 0 0 0 577 0 27 25 7 45 298 1426 12 0 52 566 81 0 53 400 0 0 0 0 70 494 3000 32 11 0 
227 159 32 0 198 39 0 280 1660 39 0 8 58 71 0 339 743 0 53 1104 41 53 0 0 0 0 173 341 591 22 391 609 19 25 21 72 115 54 226 227 0 175 19 0 19 19 306 18 9 204 966 29 0 10 1517 0 187 1297 72 0 112 71 27 26 12 8 60 0 22 79 0 0 0 0 426 30 161 161 52 703 
0 25 1477 14 26 70 489 183 12 0 286 0 256 0 48 104 46 26 81 8 187 0 0 0 156 245 0 97 25 0 297 110 0 0 903 100 23 0 158 0 7 759 0 69 2215 0 451 0 58 154 632 80 45 32 362 0 0 2217 190 2629 133 0 68 24 0 0 0 747 8 0 266 139 563 72 77 185 1292 11 459 229 
15 1437 697 8 0 1068 65 2025 154 0 19 0 282 193 20 8 19 66 0 220 140 0 0 156 0 75 0 204 1728 0 10 0 0 0 341 63 1224 0 31 0 31 310 401 32 0 0 219 0 0 564 8 42 421 67 481 174 0 601 0 0 0 0 28 89 0 0 0 68 0 19 562 53 580 17 0 110 906 0 0 28 
0 0 73 156 8 1146 24 64 125 0 14 0 0 0 12 0 2586 169 0 238 133 0 0 245 75 0 0 517 0 0 0 0 0 0 0 341 511 0 14 0 143 16 0 24 15 0 0 0 1162 612 158 301 322 0 0 0 0 53 209 17 0 0 455 83 0 0 0 36 14 0 334 335 17 791 11 84 9 0 0 0 
1168 22 0 0 0 0 0 0 0 208 0 100 605 1250 0 32 0 0 68 0 0 17 173 0 0 0 0 148 281 10 286 67 252 169 18 134 25 501 33 224 0 0 33 0 0 863 253 25 0 0 285 0 0 41 85 0 63 0 0 0 782 85 202 22 12 741 172 0 0 11 0 0 0 0 0 219 130 171 174 0 
780 208 14 134 486 324 88 843 47 3000 218 106 904 42 44 78 52 44 0 14 619 197 341 97 204 517 148 0 24 94 326 124 8 13 52 525 58 1051 3000 439 25 79 3000 242 1002 64 136 53 78 178 146 69 113 228 153 496 55 481 91 60 1763 230 22 150 576 28 1730 16 2794 11 321 17 158 92 0 841 10 81 44 2398 
79 377 1998 0 132 163 0 88 282 239 0 1138 157 2758 0 9 628 0 101 12 246 11 591 25 1728 0 281 24 0 985 41 3000 334 327 86 1439 60 1142 2334 100 85 44 3000 0 626 922 382 11 82 45 98 22 0 60 228 22 789 452 370 8 1163 476 34 31 156 22 50 0 3000 43 29 0 0 0 1439 8 68 132 125 13 
23 265 9 0 101 91 0 0 31 311 0 2886 3000 12 0 60 0 0 76 0 87 1057 22 0 0 0 10 94 985 0 95 434 79 35 815 18 8 76 310 207 0 15 10 0 364 24 20 70 165 313 1522 94 0 360 231 0 8 11 21 0 42 37 755 11 22 80 597 0 392 87 0 0 0 0 25 39 766 52 135 0 
460 109 27 0 0 35 0 2090 24 33 0 1221 478 15 0 43 42 0 0 602 33 320 391 297 10 0 286 326 41 95 0 33 89 223 36 12 16 191 34 476 456 120 391 0 0 371 55 330 37 595 218 225 0 174 13 105 2120 623 0 0 199 207 238 19 931 64 105 107 0 70 847 203 0 0 0 842 151 74 104 114 
0 13 32 0 114 8 0 0 8 371 0 441 0 1080 0 3000 0 0 2276 1759 848 41 609 110 0 0 67 124 3000 434 33 0 40 0 968 2075 481 53 19 33 0 192 76 0 3000 165 0 0 1117 9 0 0 0 0 1149 0 19 18 18 755 981 0 185 0 2034 152 7 0 124 105 0 0 0 61 1170 30 16 275 179 0 
275 97 0 0 0 0 0 0 0 57 0 342 12 400 0 119 0 0 0 0 0 16 19 0 0 0 252 8 334 79 89 40 0 8 23 18 14 68 51 501 0 0 100 0 0 3000 934 213 0 0 19 0 0 13 599 0 169 0 0 0 0 283 0 106 548 58 28 0 0 688 0 0 0 0 0 11 11 525 8 19 
37 1478 0 0 0 0 0 0 0 33 0 55 33 14 0 547 0 0 0 0 0 3000 25 0 0 0 169 13 327 35 223 0 8 0 67 3000 41 45 3000 54 0 0 90 0 0 2401 239 44 0 0 36 0 0 75 1153 51 97 0 0 0 0 196 0 40 90 119 85 0 0 366 0 0 0 0 0 50 90 27 1375 1194 
48 17 37 0 81 39 0 40 25 639 0 1299 199 34 0 958 89 0 399 453 58 289 21 903 341 0 18 52 86 815 36 968 23 67 0 467 22 69 3000 41 256 104 2376 0 53 33 307 8 31 45 107 56 43 45 248 24 1016 367 31 277 248 290 63 599 64 21 65 91 391 419 48 18 15 0 101 1585 9 75 93 1198 
247 365 35 348 42 24 54 33 146 43 267 93 49 329 804 37 101 3000 761 3000 20 824 72 100 63 341 134 525 1439 18 12 2075 18 3000 467 0 34 97 426 605 866 367 9 100 291 54 759 46 209 301 517 69 163 10 248 16 410 94 21 331 1281 0 1918 407 588 39 122 2651 146 222 13 1994 239 16 127 692 128 745 110 217 
481 353 270 12 17 117 869 408 11 18 3000 84 885 3000 126 257 20 10 176 967 47 8 115 23 1224 511 25 58 60 8 16 481 14 41 22 34 0 1887 9 14 93 1167 250 63 94 31 443 240 78 301 501 32 17 15 75 0 681 19 91 14 821 38 26 99 611 26 70 75 357 655 534 0 489 147 372 305 50 450 13 20 
149 55 0 0 460 281 0 0 2401 48 0 577 839 10 0 86 61 0 16 0 620 48 54 0 0 0 501 1051 1142 76 191 53 68 45 69 97 1887 0 3000 8 0 58 283 0 76 10 1110 38 0 38 129 35 0 447 29 12 564 2936 1896 0 268 72 382 290 1263 744 240 0 153 193 0 0 0 0 28 11 211 75 1561 70 
97 337 254 97 42 1860 2885 450 9 27 204 78 2168 14 205 14 227 45 25 802 351 42 226 158 31 14 33 3000 2334 310 34 19 51 3000 3000 426 9 3000 0 3000 25 243 128 0 1241 31 65 127 9 17 186 90 34 1072 166 0 257 164 3000 128 263 410 363 784 3000 1000 52 32 292 488 479 0 171 492 281 123 97 1527 847 218 
30 78 32 0 783 85 0 34 13 339 0 3000 69 315 0 50 34 0 30 548 27 31 227 0 0 0 224 439 100 207 476 33 501 54 41 605 14 8 3000 0 31 528 703 0 166 37 2325 15 11 33 8 281 0 15 1406 10 17 678 25 0 121 63 72 25 68 552 7 0 289 189 0 0 0 0 45 44 10 88 51 97 
84 16 20 2649 0 273 15 437 118 0 15 0 90 97 317 3000 3000 1810 0 41 35 0 0 7 31 143 0 25 85 0 456 0 0 0 256 866 93 0 25 31 0 7 30 19 0 0 810 0 0 185 12 8 39 140 383 171 0 722 0 0 0 0 3000 271 95 0 0 968 0 227 41 1875 336 14 0 450 171 0 0 13 
24 1919 140 236 28 572 12 48 20 20 58 860 91 8 1216 172 13 1173 1630 8 13 7 175 759 310 16 0 79 44 15 120 192 0 0 104 367 1167 58 243 528 7 0 13 37 221 60 37 0 195 68 58 192 9 151 39 0 0 1074 1064 602 73 0 224 812 54 17 0 74 280 18 286 256 21 98 105 45 35 272 396 398 
13 343 76 0 0 57 0 1156 258 630 0 8 1183 881 0 16 221 0 0 0 0 109 19 0 401 0 33 3000 3000 10 391 76 100 90 2376 9 250 283 128 703 30 13 0 0 0 46 18 46 0 566 12 379 0 166 311 23 1633 163 0 0 618 2232 1324 1185 154 3000 525 0 0 745 8 9 0 0 0 54 48 58 346 28 
0 0 411 1211 0 143 141 270 8 0 434 0 0 0 2412 0 175 24 0 12 291 0 0 69 32 24 0 242 0 0 0 0 0 0 0 100 63 0 0 0 19 37 0 0 0 0 0 0 11 299 0 119 40 0 0 0 0 469 3000 291 0 0 19 556 0 0 0 221 23 0 24 140 7 59 0 7 82 0 0 0 
0 270 1856 45 15 14 0 0 38 106 15 0 0 0 14 457 0 485 26 563 83 29 19 2215 0 15 0 1002 626 364 0 3000 0 0 53 291 94 76 1241 166 0 221 0 0 0 147 0 0 296 47 0 0 1756 0 667 0 0 30 24 17 17 0 96 0 127 385 450 0 218 0 0 0 35 239 28 1027 411 226 9 0 
123 8 0 0 400 26 0 0 1599 132 0 13 296 542 0 33 0 0 219 0 364 20 19 0 0 0 863 64 922 24 371 165 3000 2401 33 54 31 10 31 37 0 60 46 0 147 0 12 259 377 928 40 0 0 80 1046 0 244 236 141 0 922 3000 16 214 182 363 556 0 82 47 0 0 0 0 537 41 13 178 610 0 
31 146 11 57 0 74 731 16 154 10 0 59 552 61 0 386 101 0 0 16 32 17 306 451 219 0 253 136 382 20 55 0 934 239 307 759 443 1110 65 2325 810 37 18 0 0 12 0 1058 195 15 46 173 202 69 1564 37 362 462 0 0 0 271 797 1511 159 55 221 2507 0 3000 10 26 8 0 0 44 73 274 97 1836 
20 969 0 0 0 0 0 0 0 40 0 3000 96 29 0 1552 129 0 0 0 0 33 18 0 0 0 25 53 11 70 330 0 213 44 8 46 240 38 127 15 0 0 46 0 0 259 1058 0 0 0 2515 0 0 2647 81 23 1373 0 0 0 0 924 0 18 47 179 454 0 0 11 0 0 0 0 0 108 1069 94 10 586 
0 35 234 463 11 27 18 9 188 8 8 0 0 0 84 97 0 16 24 65 103 387 9 58 0 1162 0 78 82 165 37 1117 0 0 31 209 78 0 9 11 0 195 0 11 296 377 195 0 0 418 31 11 999 0 49 0 0 108 54 10 1172 0 8 159 23 118 0 12 24 0 21 0 50 27 298 321 48 276 339 0 
39 202 48 250 55 92 10 40 626 324 24 83 600 811 2326 11 35 46 694 143 180 500 204 154 564 612 0 178 45 313 595 9 0 0 45 301 301 38 17 33 185 68 566 299 47 928 15 0 418 0 3000 97 400 3000 175 49 23 442 903 71 51 0 52 665 649 111 0 2072 129 15 18 24 12 146 39 305 83 158 13 741 
10 117 406 1838 0 264 114 12 14 992 31 175 26 9 26 11 1080 81 0 16 417 0 966 632 8 158 285 146 98 1522 218 0 19 36 107 517 501 129 186 8 12 58 12 0 0 40 46 2515 31 3000 0 9 257 13 367 8 360 10 0 0 0 51 8 80 607 527 592 382 0 61 140 313 8 69 0 468 12 42 66 17 
38 131 15 18 0 54 1364 446 893 137 139 461 890 161 17 75 42 156 0 189 2546 0 29 80 42 301 0 69 22 94 225 0 0 0 56 69 32 35 90 281 8 192 379 119 0 0 173 0 11 97 9 0 1087 34 46 8 154 39 0 47 0 0 13 146 88 59 0 33 0 15 9 525 1117 228 0 1060 41 0 1097 876 
0 2054 2679 62 92 40 808 3000 221 0 272 0 123 0 181 1148 138 22 0 17 66 0 0 45 421 322 0 113 0 0 0 0 0 0 43 163 17 0 34 0 39 9 0 40 1756 0 202 0 999 400 257 1087 0 0 62 0 0 36 33 921 0 0 3000 95 0 0 0 87 12 0 412 9 3000 235 10 49 126 0 21 59 
244 63 301 0 0 274 12 1419 10 36 0 84 115 1321 0 34 1711 0 0 518 0 0 10 32 67 0 41 228 60 360 174 0 13 75 45 10 15 447 1072 15 140 151 166 0 0 80 69 2647 0 3000 13 34 0 0 1160 326 15 0 0 0 0 12 100 110 532 413 1316 329 0 159 209 114 0 0 0 97 80 0 0 157 
624 1085 244 21 124 174 59 79 217 171 38 76 3000 273 0 69 31 219 8 324 101 577 1517 362 481 0 85 153 228 231 13 1149 599 1153 248 248 75 29 166 1406 383 39 311 0 667 1046 1564 81 49 175 367 46 62 1160 0 14 36 20 519 675 467 21 27 2743 355 85 14 256 8 94 282 334 179 499 242 376 268 886 329 507 
135 7 169 408 0 56 3000 21 56 0 0 242 385 130 0 78 334 0 0 861 0 0 0 0 174 0 0 496 22 0 105 0 0 51 24 16 0 12 0 10 171 0 23 0 0 0 37 23 0 49 8 8 0 326 14 0 368 0 0 0 0 0 36 155 274 0 0 1824 0 3000 19 121 0 0 0 24 2196 0 0 24 
900 166 0 0 0 0 0 0 0 80 0 44 255 14 0 380 15 0 10 0 0 27 187 0 0 0 63 55 789 8 2120 19 169 97 1016 410 681 564 257 17 0 0 1633 0 0 244 362 1373 0 23 360 154 0 15 36 368 0 0 0 0 18 383 170 289 248 19 23 0 0 12 0 0 0 0 0 17 8 126 1588 122 
0 297 1136 144 3000 572 1498 282 365 181 200 0 882 12 157 45 286 17 74 1269 9 25 1297 2217 601 53 0 481 452 11 623 18 0 0 367 94 19 2936 164 678 722 1074 163 469 30 236 462 0 108 442 10 39 36 0 20 0 0 0 3000 289 276 0 20 518 99 49 0 19 47 0 10 0 213 685 353 285 9 64 43 29 
0 653 241 46 108 229 99 0 28 232 7 0 0 0 163 77 0 175 59 1579 41 7 72 190 0 209 0 91 370 21 0 18 0 0 31 21 91 1896 3000 25 0 1064 0 3000 24 141 0 0 54 903 0 0 33 0 519 0 0 3000 0 15 21 0 800 0 161 805 0 0 145 0 0 0 73 1245 1057 219 311 11 149 0 
0 1718 47 21 52 40 45 961 2548 39 2123 0 0 0 177 32 0 92 973 9 50 45 0 2629 0 17 0 60 8 0 0 755 0 0 277 331 14 0 128 0 0 602 0 291 17 0 0 0 10 71 0 47 921 0 675 0 0 289 15 0 1173 0 65 0 0 0 0 27 34 0 3000 0 118 3000 490 742 27 20 108 0 
0 519 49 0 742 215 0 0 467 332 0 154 0 48 0 33 0 0 3000 263 243 298 112 133 0 0 782 1763 1163 42 199 981 0 0 248 1281 821 268 263 121 0 73 618 0 17 922 0 0 1172 51 0 0 0 0 467 0 18 276 21 1173 0 0 180 0 63 276 33 0 26 35 0 0 0 73 13 93 242 1240 27 0 
47 200 0 0 0 0 0 0 0 157 0 298 66 3000 0 579 0 0 0 0 0 1426 71 0 0 0 85 230 476 37 207 0 283 196 290 0 38 72 410 63 0 0 2232 0 0 3000 271 924 0 0 51 0 0 12 21 0 383 0 0 0 0 0 0 0 648 1041 1922 0 0 1167 0 0 0 0 0 9 13 59 201 0 
1413 44 3000 49 2665 10 12 52 383 20 17 22 15 211 1062 907 117 178 212 137 1075 12 27 68 28 455 202 22 34 755 238 185 0 0 63 1918 26 382 363 72 3000 224 1324 19 96 16 797 0 8 52 8 13 3000 100 27 36 170 20 800 65 180 0 0 774 192 42 289 39 31 96 15 362 58 266 480 57 2989 19 338 141 
640 8 27 143 0 20 401 83 1972 15 159 443 17 55 97 30 57 626 0 76 10 0 26 24 89 83 22 150 31 11 19 0 106 40 599 407 99 290 784 25 271 812 1185 556 0 214 1511 18 159 665 80 146 95 110 2743 155 289 518 0 0 0 0 774 0 170 341 0 3000 0 38 336 113 60 911 0 112 99 189 1898 28 
120 53 936 0 32 65 0 93 2706 8 0 15 57 234 0 89 56 0 29 0 113 52 12 0 0 0 12 576 156 22 931 2034 548 90 64 588 611 1263 3000 68 95 54 154 0 127 182 159 47 23 649 607 88 0 532 355 274 248 99 161 0 63 648 192 170 0 459 69 0 13 107 0 0 0 0 20 36 3000 75 27 90 
104 14 13 0 82 14 0 0 811 1457 0 10 76 562 0 13 42 0 284 0 10 566 8 0 0 0 741 28 22 80 64 152 58 119 21 39 26 744 1000 552 0 17 3000 0 385 363 55 179 118 111 527 59 0 413 85 0 19 49 805 0 276 1041 42 341 459 0 11 0 2389 11 0 0 0 0 541 24 84 202 471 131 
29 2389 0 0 129 0 0 0 0 42 0 12 574 234 0 190 0 0 36 0 0 81 60 0 0 0 172 1730 50 597 105 7 28 85 65 122 70 240 52 7 0 0 525 0 450 556 221 454 0 0 592 0 0 1316 14 0 23 0 0 0 33 1922 289 0 69 11 0 0 0 1595 0 0 0 0 0 51 57 12 706 0 
80 10 397 67 0 102 434 453 99 0 63 0 220 0 296 120 857 358 0 89 903 0 0 747 68 36 0 16 0 0 107 0 0 0 91 2651 75 0 32 0 968 74 0 221 0 0 2507 0 12 2072 382 33 87 329 256 1824 0 19 0 27 0 0 39 3000 0 0 0 0 81 0 37 3000 82 2173 0 294 9 0 0 2471 
0 573 102 1272 346 129 1229 144 18 69 690 0 0 0 33 10 0 56 3000 16 17 53 22 8 0 14 0 2794 3000 392 0 124 0 0 391 146 357 153 292 289 0 280 0 23 218 82 0 0 24 129 0 0 12 0 8 0 0 47 145 34 26 0 31 0 13 2389 0 81 0 0 0 0 1152 829 39 103 150 123 537 0 
990 254 0 0 0 297 0 314 12 98 0 2001 13 425 0 24 56 0 18 0 0 400 79 0 19 0 11 11 43 87 70 105 688 366 419 222 655 193 488 189 227 18 745 0 0 47 3000 11 0 15 61 15 0 159 94 3000 12 0 0 0 35 1167 96 38 107 11 1595 0 0 0 0 0 0 0 0 1150 62 13 106 523 
1219 618 1009 276 0 114 13 19 12 0 16 0 687 134 272 129 359 29 0 610 11 0 0 266 562 334 0 321 29 0 847 0 0 0 48 13 534 0 479 0 41 286 8 24 0 0 10 0 21 18 140 9 412 209 282 19 0 10 0 3000 0 0 15 336 0 0 0 37 0 0 0 78 9 51 0 283 246 0 0 222 
13 0 71 200 0 14 23 142 917 0 267 0 81 302 209 171 40 153 0 18 0 0 0 139 53 335 0 17 0 0 203 0 0 0 18 1994 0 0 0 0 1875 256 9 140 0 0 26 0 0 24 313 525 9 114 334 121 0 0 0 0 0 0 362 113 0 0 0 3000 0 0 78 0 70 22 0 1622 22 0 0 11 
0 56 57 27 824 9 578 162 168 0 1264 0 126 0 28 11 731 148 0 38 341 0 0 563 580 17 0 158 0 0 0 0 0 0 15 239 489 0 171 0 336 21 0 7 35 0 8 0 50 12 8 1117 3000 0 179 0 0 213 73 118 0 0 58 60 0 0 0 82 1152 0 9 70 0 2773 63 379 32 0 674 153 
0 90 93 9 3000 946 21 116 1064 0 377 0 8 0 7 763 29 233 0 8 13 0 0 72 17 791 0 92 0 0 0 61 0 0 0 16 147 0 492 0 14 98 0 59 239 0 0 0 27 146 69 228 235 0 499 0 0 685 1245 3000 73 0 266 911 0 0 0 2173 829 0 51 22 2773 0 36 698 2491 0 371 455 
0 29 17 393 347 1344 0 0 411 13 402 0 0 0 136 0 0 27 77 234 282 70 426 77 0 11 0 0 1439 25 0 1170 0 0 101 127 372 28 281 45 0 105 0 0 28 537 0 0 298 39 0 0 10 0 242 0 0 353 1057 490 13 0 480 0 20 541 0 0 39 0 0 0 63 36 0 265 24 71 140 0 
344 151 31 175 37 266 47 10 17 84 18 37 9 29 332 62 963 88 15 161 23 494 30 185 110 84 219 841 8 39 842 30 11 50 1585 692 305 11 123 44 450 45 54 7 1027 41 44 108 321 305 468 1060 49 97 376 24 17 285 219 742 93 9 57 112 36 24 51 294 103 1150 283 1622 379 698 265 0 98 558 124 21 
22 176 40 8 584 3000 81 417 696 110 237 989 32 610 151 230 3000 510 2650 2264 1061 3000 161 1292 906 9 130 10 68 766 151 16 11 90 9 128 50 211 97 10 171 35 48 82 411 13 73 1069 48 83 12 41 126 80 268 2196 8 9 311 27 242 13 2989 99 3000 84 57 9 150 62 246 22 32 2491 24 98 0 131 582 78 
0 1131 33 0 623 119 0 0 43 252 0 1057 195 22 0 387 0 0 11 59 2259 32 161 11 0 0 171 81 132 52 74 275 525 27 75 745 450 75 1527 88 0 272 58 0 226 178 274 94 276 158 42 0 0 0 886 0 126 64 11 20 1240 59 19 189 75 202 12 0 123 13 0 0 0 0 71 558 131 0 946 0 
0 1017 209 228 73 180 0 43 48 1310 1822 192 45 1608 43 35 0 146 699 28 718 11 52 459 0 0 174 44 125 135 104 179 8 1375 93 110 13 1561 847 51 0 396 346 0 9 610 97 10 339 13 66 1097 21 0 329 0 1588 43 149 108 27 201 338 1898 27 471 706 0 537 106 0 0 674 371 140 124 582 946 0 0 
445 12 141 184 0 1194 169 2155 313 119 482 672 513 43 0 40 72 44 0 1673 327 0 703 229 28 0 0 2398 13 0 114 0 19 1194 1198 217 20 70 218 97 13 398 28 0 0 0 1836 586 0 741 17 876 59 157 507 24 122 29 0 0 0 0 141 28 90 131 0 2471 0 523 222 11 153 455 0 21 78 0 0 0 
