80
0 91 46 82 91 42 40 46 90 64 70 26 83 90 60 84 42 58 45 109 39 41 55 64 64 43 76 35 23 97 23 18 64 51 43 42 24 100 62 20 103 66 51 68 50 86 96 63 104 58 61 93 89 97 35 54 20 61 81 60 45 70 68 58 37 91 39 89 39 26 25 32 65 13 68 70 86 4 17 72 
91 0 53 30 46 52 51 74 21 39 28 74 57 12 56 12 62 51 60 37 67 78 38 67 67 99 60 66 93 12 68 85 30 67 74 49 96 57 44 88 57 31 93 34 65 35 25 58 57 78 30 9 35 14 63 69 75 67 22 70 66 51 63 60 57 33 59 6 82 86 96 84 36 78 23 24 16 87 74 49 
46 53 0 59 74 32 15 23 46 47 45 23 75 57 18 43 45 50 9 63 48 26 30 66 66 74 71 43 58 56 28 49 37 19 56 19 61 86 48 37 88 42 42 23 54 64 52 60 89 69 28 58 44 64 11 61 26 27 38 66 50 26 29 19 9 67 39 53 30 34 62 57 20 34 36 29 43 44 32 28 
82 30 59 0 17 40 50 83 49 18 15 74 27 19 70 38 44 28 68 67 49 84 31 39 40 78 30 50 77 43 61 71 22 78 53 46 80 30 22 87 31 18 101 50 43 6 54 32 31 52 32 23 62 23 65 45 73 82 46 44 45 69 80 74 59 9 44 25 88 87 80 66 51 71 25 41 43 79 66 68 
91 46 74 17 0 50 63 97 65 29 30 87 15 34 86 54 50 33 83 83 54 99 44 36 37 78 22 56 82 58 71 77 37 93 55 59 84 12 29 98 14 32 116 67 45 12 71 31 15 49 48 38 79 35 79 45 85 98 64 42 49 86 96 90 73 14 52 40 102 99 84 69 67 80 42 58 60 87 76 85 
42 52 32 40 50 0 17 52 58 22 28 37 46 49 49 48 14 20 40 79 18 52 15 34 34 49 41 15 41 61 21 33 22 51 26 13 44 61 21 48 63 24 69 42 22 44 65 29 65 38 24 52 63 56 32 29 34 59 50 33 19 55 60 51 27 49 8 49 54 49 44 33 40 30 29 38 52 39 26 56 
40 51 15 50 63 17 0 36 51 34 35 25 62 52 33 44 30 36 23 70 33 36 19 51 51 61 57 28 47 57 17 38 28 34 41 4 50 74 35 38 77 32 53 30 39 54 57 46 78 54 22 54 53 59 16 45 24 42 42 50 35 39 44 34 10 58 23 50 39 37 51 43 27 27 30 31 46 37 24 41 
46 74 23 83 97 52 36 0 63 69 68 21 97 80 22 63 63 71 15 76 64 6 53 86 86 85 93 59 65 75 39 57 61 8 72 40 68 109 71 28 111 65 19 41 73 88 67 81 112 87 51 80 56 86 20 79 28 17 56 84 68 32 24 18 25 91 57 75 10 22 69 68 39 40 59 50 62 46 40 35 
90 21 46 49 65 58 51 63 0 52 42 69 75 32 42 11 70 63 51 21 75 68 44 80 81 107 76 72 97 13 68 88 40 55 83 50 100 77 57 83 77 43 81 23 75 54 7 72 77 90 34 30 15 35 57 81 72 53 9 83 75 35 47 47 53 52 66 26 73 79 101 90 26 77 32 20 6 87 74 32 
64 39 47 18 29 22 34 69 52 0 11 58 29 31 61 41 26 12 55 73 31 70 17 28 29 62 27 32 59 50 43 53 12 66 37 30 62 40 5 70 42 9 88 45 27 21 58 20 43 39 23 35 62 38 50 31 56 72 47 32 28 62 71 64 45 26 26 34 73 71 62 48 44 53 21 37 46 61 48 62 
70 28 45 15 30 28 35 68 42 11 0 60 35 22 56 30 35 23 53 62 40 70 16 39 39 71 35 40 67 40 47 60 7 63 46 31 70 43 16 73 44 4 87 38 37 20 48 31 45 50 18 25 53 28 51 41 59 68 37 42 38 56 66 60 45 23 34 24 73 73 71 57 38 58 12 29 36 66 53 56 
26 74 23 74 87 37 25 21 69 58 60 0 83 76 35 65 45 57 20 86 45 18 44 69 69 63 78 40 44 78 19 36 52 26 52 29 46 98 58 14 100 56 33 46 55 79 74 65 101 68 46 78 66 83 12 61 6 36 60 66 50 45 42 33 17 83 39 73 18 13 48 47 43 18 54 51 66 25 19 48 
83 57 75 27 15 46 62 97 75 29 35 83 0 46 89 64 41 27 84 94 44 97 45 23 23 64 8 48 71 70 66 68 40 94 44 57 73 17 26 93 21 36 115 73 34 23 81 20 23 36 51 50 88 49 77 33 80 100 72 28 39 91 100 92 72 28 45 52 100 95 73 58 72 74 47 64 69 80 70 90 
90 12 57 19 34 49 52 80 32 31 22 76 46 0 63 22 57 43 65 49 62 83 35 58 58 93 50 62 89 24 67 82 27 73 68 49 92 45 36 90 45 25 99 41 58 23 37 50 45 70 30 4 47 7 66 62 77 75 32 62 59 59 71 67 60 21 55 7 87 89 93 79 43 77 22 31 27 86 73 58 
60 56 18 70 86 49 33 22 42 61 56 35 89 63 0 44 63 66 15 55 65 27 44 83 83 92 86 60 75 54 45 66 50 13 74 36 78 99 63 46 100 54 38 22 72 75 46 76 101 87 39 63 35 69 26 78 40 12 35 83 68 11 11 4 26 77 56 58 32 41 79 75 20 50 45 32 42 59 49 14 
84 12 43 38 54 48 44 63 11 41 30 65 64 22 44 0 60 52 50 32 65 67 34 69 70 97 65 63 88 13 61 80 30 56 73 43 91 67 46 79 67 32 81 22 65 43 18 61 67 79 25 21 24 27 53 70 67 55 10 72 65 38 50 48 48 42 56 16 71 76 92 81 24 71 21 14 6 81 67 36 
42 62 45 44 50 14 30 63 70 26 35 45 41 57 63 60 0 17 52 92 5 62 26 24 24 37 35 7 33 72 26 28 32 63 13 27 36 58 22 53 61 32 78 55 10 46 77 21 62 24 37 60 77 63 42 16 41 71 63 21 5 69 73 64 38 52 6 58 63 56 36 22 53 33 40 52 65 38 29 70 
58 51 50 28 33 20 36 71 63 12 23 57 27 43 66 52 17 0 58 84 21 71 22 18 18 50 21 23 50 62 39 45 22 69 25 32 52 42 7 67 45 20 88 53 15 30 70 10 46 27 32 47 72 49 51 19 54 76 57 20 17 70 77 69 46 35 19 46 74 69 53 38 52 48 31 47 57 54 44 70 
45 60 9 68 83 40 23 15 51 55 53 20 84 65 15 50 52 58 0 67 54 18 39 74 74 78 80 49 61 62 31 52 46 11 62 27 64 95 57 33 97 51 34 28 61 73 56 68 98 76 37 66 47 72 11 68 25 20 43 73 57 25 24 14 13 76 45 61 22 28 65 61 26 36 44 36 49 44 35 27 
109 37 63 67 83 79 70 76 21 73 62 86 94 49 55 32 92 84 67 0 96 82 65 101 102 128 96 93 117 25 88 108 62 68 104 70 120 94 78 99 94 64 92 41 97 72 14 93 93 111 55 45 20 49 75 102 90 62 29 104 96 45 55 59 71 69 87 43 86 95 121 111 44 96 53 40 27 106 94 42 
39 67 48 49 54 18 33 64 75 31 40 45 44 62 65 65 5 21 54 96 0 62 31 25 25 32 37 6 28 77 26 24 37 65 9 30 31 61 27 52 64 37 78 60 10 51 82 24 66 22 41 66 81 69 44 15 41 74 68 21 5 72 76 67 41 56 10 64 64 56 31 17 57 32 45 56 70 36 28 73 
41 78 26 84 99 52 36 6 68 70 70 18 97 83 27 67 62 71 18 82 62 0 54 85 85 81 93 57 61 79 37 53 62 14 70 40 64 110 71 23 113 67 17 45 71 89 72 81 113 85 53 84 61 89 20 77 24 23 60 83 67 37 30 23 26 93 55 79 5 17 65 65 43 36 61 53 66 41 37 40 
55 38 30 31 44 15 19 53 44 17 16 44 45 35 44 34 26 22 39 65 31 54 0 40 40 63 42 29 55 46 32 47 9 49 39 15 58 56 19 56 58 13 71 31 32 35 51 33 59 48 10 38 51 42 35 38 43 55 37 41 31 47 55 47 29 39 22 35 58 56 59 47 29 42 14 25 38 51 38 47 
64 67 66 39 36 34 51 86 80 28 39 69 23 58 83 69 24 18 74 101 25 85 40 0 1 42 15 30 49 78 50 47 40 85 22 47 51 40 23 76 44 37 101 71 14 38 87 8 45 14 49 62 90 62 65 10 64 92 75 6 20 87 94 85 61 44 29 61 87 80 51 36 70 56 49 64 74 60 52 87 
64 67 66 40 37 34 51 86 81 29 39 69 23 58 83 70 24 18 74 102 25 85 40 1 0 41 15 30 49 79 50 47 40 85 22 47 50 40 24 76 44 38 102 71 14 39 87 9 46 13 50 62 90 63 65 10 65 93 75 5 19 87 94 85 61 45 30 62 87 80 50 35 70 56 49 65 75 60 52 88 
43 99 74 78 78 49 61 85 107 62 71 63 64 93 92 97 37 50 78 128 32 81 63 42 41 0 56 35 21 109 47 28 69 88 25 59 20 82 57 63 85 68 94 90 35 78 114 47 87 29 73 97 112 99 67 33 57 97 99 36 34 100 102 92 66 84 41 95 80 68 19 17 87 45 77 88 101 41 44 101 
76 60 71 30 22 41 57 93 76 27 35 78 8 50 86 65 35 21 80 96 37 93 42 15 15 56 0 41 63 72 60 60 39 91 36 53 65 25 23 87 29 35 110 72 27 28 83 13 31 28 50 54 88 53 73 25 74 97 72 20 32 89 97 89 67 33 39 55 95 90 65 50 71 67 47 63 71 73 63 89 
35 66 43 50 56 15 28 59 72 32 40 40 48 62 60 63 7 23 49 93 6 57 29 30 30 35 41 0 28 75 21 21 36 59 14 25 30 64 28 47 68 36 73 56 15 52 79 28 69 28 39 65 78 68 39 21 35 68 65 27 10 67 71 62 35 58 7 63 58 50 31 18 53 27 43 53 67 32 23 69 
23 93 58 77 82 41 47 65 97 59 67 44 71 89 75 88 33 50 61 117 28 61 55 49 49 21 63 28 0 101 31 9 63 69 27 47 3 88 55 42 92 64 73 77 37 79 103 51 93 40 64 92 100 96 50 39 38 79 89 44 33 84 84 75 50 85 34 90 60 48 4 13 74 26 70 77 92 21 26 86 
97 12 56 43 58 61 57 75 13 50 40 78 70 24 54 13 72 62 62 25 77 79 46 78 79 109 72 75 101 0 74 93 41 67 85 56 104 69 55 92 69 42 93 34 76 47 14 70 68 90 37 21 27 24 66 81 80 65 19 82 76 47 59 59 61 45 69 18 84 89 105 94 36 84 32 27 13 94 81 45 
23 68 28 61 71 21 17 39 68 43 47 19 66 67 45 61 26 39 31 88 26 37 32 50 50 47 60 21 31 74 0 21 41 41 33 19 34 81 42 28 84 44 52 47 35 64 74 47 85 48 38 69 69 74 20 41 15 51 60 47 31 54 55 45 19 69 21 66 38 30 35 30 44 10 45 48 63 20 6 55 
18 85 49 71 77 33 38 57 88 53 60 36 68 82 66 80 28 45 52 108 24 53 47 47 47 28 60 21 9 93 21 0 55 60 25 38 12 85 50 36 88 57 66 68 34 74 94 48 90 40 56 85 90 89 41 37 29 71 80 43 29 75 75 66 40 79 27 82 53 41 13 14 65 17 61 68 83 15 17 77 
64 30 37 22 37 22 28 61 40 12 7 52 40 27 50 30 32 22 46 62 37 62 9 40 40 69 39 36 63 41 41 55 0 56 44 24 66 49 17 66 51 5 79 33 35 27 47 32 52 50 11 30 50 34 43 40 52 61 35 43 35 51 60 53 37 30 29 27 66 65 66 54 32 51 9 25 35 60 47 50 
51 67 19 78 93 51 34 8 55 66 63 26 94 73 13 56 63 69 11 68 65 14 49 85 85 88 91 59 69 67 41 60 56 0 73 38 72 105 68 35 107 61 26 33 72 83 59 79 108 87 46 74 48 80 21 79 32 10 48 84 68 23 17 9 24 86 56 69 19 30 73 71 31 43 53 43 54 51 43 26 
43 74 56 53 55 26 41 72 83 37 46 52 44 68 74 73 13 25 62 104 9 70 39 22 22 25 36 14 27 85 33 25 44 73 0 39 29 61 32 58 65 43 85 68 10 54 90 24 66 15 49 72 90 74 52 12 47 82 76 17 9 81 85 75 49 60 18 70 71 62 29 14 66 37 52 64 77 39 34 82 
42 49 19 46 59 13 4 40 50 30 31 29 57 49 36 43 27 32 27 70 30 40 15 47 47 59 53 25 47 56 19 38 24 38 39 0 50 70 31 42 72 28 58 31 35 50 57 41 73 51 19 51 53 56 20 42 28 45 42 47 32 42 47 38 15 54 20 47 43 41 51 42 28 29 27 30 45 38 25 43 
24 96 61 80 84 44 50 68 100 62 70 46 73 92 78 91 36 52 64 120 31 64 58 51 50 20 65 30 3 104 34 12 66 72 29 50 0 90 58 44 94 67 75 80 39 82 106 53 95 41 67 95 103 99 52 41 40 82 92 46 35 87 87 77 53 87 37 93 62 50 1 15 77 28 73 80 95 23 29 89 
100 57 86 30 12 61 74 109 77 40 43 98 17 45 99 67 58 42 95 94 61 110 56 40 40 82 25 64 88 69 81 85 49 105 61 70 90 0 40 108 4 45 127 80 51 24 82 37 6 52 60 49 91 46 90 50 95 110 76 45 56 99 109 102 84 25 61 52 113 110 90 75 80 90 54 70 72 96 85 98 
62 44 48 22 29 21 35 71 57 5 16 58 26 36 63 46 22 7 57 78 27 71 19 23 24 57 23 28 55 55 42 50 17 68 32 31 58 40 0 69 42 14 88 49 22 24 63 15 44 34 27 40 67 42 51 25 55 74 51 26 24 66 74 66 45 29 23 39 74 70 58 44 48 51 25 41 51 58 47 66 
20 88 37 87 98 48 38 28 83 70 73 14 93 90 46 79 53 67 33 99 52 23 56 76 76 63 87 47 42 92 28 36 66 35 58 42 44 108 69 0 111 69 32 60 62 91 88 74 113 73 60 92 79 97 26 67 14 45 74 73 57 57 52 44 31 95 48 87 20 7 45 49 57 21 68 65 80 21 24 60 
103 57 88 31 14 63 77 111 77 42 44 100 21 45 100 67 61 45 97 94 64 113 58 44 44 85 29 68 92 69 84 88 51 107 65 72 94 4 42 111 0 46 130 81 55 25 82 40 2 56 62 48 91 45 93 53 98 112 76 49 59 100 110 104 87 25 64 52 116 113 94 79 81 93 56 71 72 99 88 99 
66 31 42 18 32 24 32 65 43 9 4 56 36 25 54 32 32 20 51 64 37 67 13 37 38 68 35 36 64 42 44 57 5 61 43 28 67 45 14 69 46 0 84 37 34 23 50 29 47 48 16 29 53 32 47 39 55 66 38 40 35 55 64 58 41 26 30 27 70 69 67 54 36 54 12 29 37 62 49 55 
51 93 42 101 116 69 53 19 81 88 87 33 115 99 38 81 78 88 34 92 78 17 71 101 102 94 110 73 73 93 52 66 79 26 85 58 75 127 88 32 130 84 0 59 88 106 84 97 131 101 70 99 72 105 37 94 38 29 74 99 83 47 37 34 43 110 72 94 15 25 77 79 57 50 78 68 80 53 52 50 
68 34 23 50 67 42 30 41 23 45 38 46 73 41 22 22 55 53 28 41 60 45 31 71 71 90 72 56 77 34 47 68 33 33 68 31 80 80 49 60 81 37 59 0 63 56 29 64 81 78 22 41 23 47 34 69 49 34 15 72 61 19 30 26 30 57 50 36 50 56 81 73 3 55 26 10 21 65 53 18 
50 65 54 43 45 22 39 73 75 27 37 55 34 58 72 65 10 15 61 97 10 71 32 14 14 35 27 15 37 76 35 34 35 72 10 35 39 51 22 62 55 34 88 63 0 44 82 14 57 16 42 62 83 64 52 6 50 81 69 12 5 77 82 73 48 49 16 61 73 65 39 24 61 42 44 58 70 46 38 78 
86 35 64 6 12 44 54 88 54 21 20 79 23 23 75 43 46 30 73 72 51 89 35 38 39 78 28 52 79 47 64 74 27 83 54 50 82 24 24 91 25 23 106 56 44 0 59 31 25 52 37 27 67 26 70 45 77 87 52 44 47 75 85 79 64 6 47 29 93 91 82 67 56 74 31 46 48 82 70 74 
96 25 52 54 71 65 57 67 7 58 48 74 81 37 46 18 77 70 56 14 82 72 51 87 87 114 83 79 103 14 74 94 47 59 90 57 106 82 63 88 82 50 84 29 82 59 0 79 82 97 41 34 14 38 63 88 78 56 15 90 82 37 49 50 59 57 73 30 77 85 107 97 32 83 38 26 13 93 81 34 
63 58 60 32 31 29 46 81 72 20 31 65 20 50 76 61 21 10 68 93 24 81 33 8 9 47 13 28 51 70 47 48 32 79 24 41 53 37 15 74 40 29 97 64 14 31 79 0 42 21 42 54 82 55 61 14 62 87 67 12 19 80 87 79 56 37 26 53 83 77 53 38 62 54 41 57 66 60 50 80 
104 57 89 31 15 65 78 112 77 43 45 101 23 45 101 67 62 46 98 93 66 113 59 45 46 87 31 69 93 68 85 90 52 108 66 73 95 6 44 113 2 47 131 81 57 25 82 42 0 58 62 48 91 44 94 55 99 113 76 51 61 100 110 104 88 25 65 52 117 114 95 80 82 94 56 71 72 101 90 99 
58 78 69 52 49 38 54 87 90 39 50 68 36 70 87 79 24 27 76 111 22 85 48 14 13 29 28 28 40 90 48 40 50 87 15 51 41 52 34 73 56 48 101 78 16 52 97 21 58 0 58 74 99 75 66 10 63 96 84 8 19 93 98 89 63 57 31 73 86 77 40 27 76 52 59 73 84 54 49 93 
61 30 28 32 48 24 22 51 34 23 18 46 51 30 39 25 37 32 37 55 41 53 10 49 50 73 50 39 64 37 38 56 11 46 49 19 67 60 27 60 62 16 70 22 42 37 41 42 62 58 0 32 41 38 35 48 46 50 27 51 41 40 49 42 29 40 32 28 57 58 68 57 21 48 8 15 28 58 44 39 
93 9 58 23 38 52 54 80 30 35 25 78 50 4 63 21 60 47 66 45 66 84 38 62 62 97 54 65 92 21 69 85 30 74 72 51 95 49 40 92 48 29 99 41 62 27 34 54 48 74 32 0 44 6 67 66 79 75 31 66 63 59 71 67 61 24 59 5 88 91 96 83 43 80 25 31 26 89 76 57 
89 35 44 62 79 63 53 56 15 62 53 66 88 47 35 24 77 72 47 20 81 61 51 90 90 112 88 78 100 27 69 90 50 48 90 53 103 91 67 79 91 53 72 23 83 67 14 82 91 99 41 44 0 49 55 89 70 43 16 92 82 25 36 39 52 66 72 40 66 75 104 95 25 78 41 26 19 87 75 22 
97 14 64 23 35 56 59 86 35 38 28 83 49 7 69 27 63 49 72 49 69 89 42 62 63 99 53 68 96 24 74 89 34 80 74 56 99 46 42 97 45 32 105 47 64 26 38 55 44 75 38 6 49 0 73 67 84 81 37 67 66 64 76 73 67 22 62 11 93 96 99 86 48 84 30 37 31 94 80 63 
35 63 11 65 79 32 16 20 57 50 51 12 77 66 26 53 42 51 11 75 44 20 35 65 65 67 73 39 50 66 20 41 43 21 52 20 52 90 51 26 93 47 37 34 52 70 63 61 94 66 35 67 55 73 0 58 15 30 49 64 48 35 35 25 6 74 36 63 23 23 54 50 31 24 43 39 54 33 23 38 
54 69 61 45 45 29 45 79 81 31 41 61 33 62 78 70 16 19 68 102 15 77 38 10 10 33 25 21 39 81 41 37 40 79 12 42 41 50 25 67 53 39 94 69 6 45 88 14 55 10 48 66 89 67 58 0 56 87 74 6 11 83 89 80 54 51 22 65 79 71 40 26 67 47 49 63 75 50 43 84 
20 75 26 73 85 34 24 28 72 56 59 6 80 77 40 67 41 54 25 90 41 24 43 64 65 57 74 35 38 80 15 29 52 32 47 28 40 95 55 14 98 55 38 49 50 77 78 62 99 63 46 79 70 84 15 56 0 42 63 62 45 50 48 38 19 82 35 74 24 15 42 41 46 12 54 53 68 19 14 52 
61 67 27 82 98 59 42 17 53 72 68 36 100 75 12 55 71 76 20 62 74 23 55 92 93 97 97 68 79 65 51 71 61 10 82 45 82 110 74 45 112 66 29 34 81 87 56 87 113 96 50 75 43 81 30 87 42 0 46 92 77 18 8 8 33 89 65 70 27 39 83 81 32 54 57 44 53 61 54 21 
81 22 38 46 64 50 42 56 9 47 37 60 72 32 35 10 63 57 43 29 68 60 37 75 75 99 72 65 89 19 60 80 35 48 76 42 92 76 51 74 76 38 74 15 69 52 15 67 76 84 27 31 16 37 49 74 63 46 0 77 68 29 41 40 44 51 58 26 65 71 93 83 18 69 26 12 6 79 66 27 
60 70 66 44 42 33 50 84 83 32 42 66 28 62 83 72 21 20 73 104 21 83 41 6 5 36 20 27 44 82 47 43 43 84 17 47 46 45 26 73 49 40 99 72 12 44 90 12 51 8 51 66 92 67 64 6 62 92 77 0 17 88 94 85 60 49 28 65 85 77 45 31 71 53 51 66 77 56 49 88 
45 66 50 45 49 19 35 68 75 28 38 50 39 59 68 65 5 17 57 96 5 67 31 20 19 34 32 10 33 76 31 29 35 68 9 32 35 56 24 57 59 35 83 61 5 47 82 19 61 19 41 63 82 66 48 11 45 77 68 17 0 74 79 70 44 52 12 61 68 60 35 21 58 37 44 56 69 41 33 75 
70 51 26 69 86 55 39 32 35 62 56 45 91 59 11 38 69 70 25 45 72 37 47 87 87 100 89 67 84 47 54 75 51 23 81 42 87 99 66 57 100 55 47 19 77 75 37 80 100 93 40 59 25 64 35 83 50 18 29 88 74 0 12 14 35 76 62 54 42 52 88 82 19 60 44 29 35 69 58 3 
68 63 29 80 96 60 44 24 47 71 66 42 100 71 11 50 73 77 24 55 76 30 55 94 94 102 97 71 84 59 55 75 60 17 85 47 87 109 74 52 110 64 37 30 82 85 49 87 110 98 49 71 36 76 35 89 48 8 41 94 79 12 0 10 36 87 67 65 34 46 89 85 29 59 55 40 47 67 58 15 
58 60 19 74 90 51 34 18 47 64 60 33 92 67 4 48 64 69 14 59 67 23 47 85 85 92 89 62 75 59 45 66 53 9 75 38 77 102 66 44 104 58 34 26 73 79 50 79 104 89 42 67 39 73 25 80 38 8 40 85 70 14 10 0 26 81 58 62 28 38 79 75 25 49 49 36 46 57 49 17 
37 57 9 59 73 27 10 25 53 45 45 17 72 60 26 48 38 46 13 71 41 26 29 61 61 66 67 35 50 61 19 40 37 24 49 15 53 84 45 31 87 41 43 30 48 64 59 56 88 63 29 61 52 67 6 54 19 33 44 60 44 35 36 26 0 68 32 57 29 29 54 49 27 26 37 34 49 35 24 37 
91 33 67 9 14 49 58 91 52 26 23 83 28 21 77 42 52 35 76 69 56 93 39 44 45 84 33 58 85 45 69 79 30 86 60 54 87 25 29 95 25 26 110 57 49 6 57 37 25 57 40 24 66 22 74 51 82 89 51 49 52 76 87 81 68 0 52 27 96 95 88 73 58 79 32 47 47 87 75 75 
39 59 39 44 52 8 23 57 66 26 34 39 45 55 56 56 6 19 45 87 10 55 22 29 30 41 39 7 34 69 21 27 29 56 18 20 37 61 23 48 64 30 72 50 16 47 73 26 65 31 32 59 72 62 36 22 35 65 58 28 12 62 67 58 32 52 0 56 57 51 37 25 48 29 36 47 60 35 24 63 
89 6 53 25 40 49 50 75 26 34 24 73 52 7 58 16 58 46 61 43 64 79 35 61 62 95 55 63 90 18 66 82 27 69 70 47 93 52 39 87 52 27 94 36 61 29 30 53 52 73 28 5 40 11 63 65 74 70 26 65 61 54 65 62 57 27 56 0 83 86 93 80 37 76 21 26 21 85 72 52 
39 82 30 88 102 54 39 10 73 73 73 18 100 87 32 71 63 74 22 86 64 5 58 87 87 80 95 58 60 84 38 53 66 19 71 43 62 113 74 20 116 70 15 50 73 93 77 83 117 86 57 88 66 93 23 79 24 27 65 85 68 42 34 28 29 96 57 83 0 14 64 65 47 35 65 58 71 40 37 45 
26 86 34 87 99 49 37 22 79 71 73 13 95 89 41 76 56 69 28 95 56 17 56 80 80 68 90 50 48 89 30 41 65 30 62 41 50 110 70 7 113 69 25 56 65 91 85 77 114 77 58 91 75 96 23 71 15 39 71 77 60 52 46 38 29 95 51 86 14 0 51 54 53 25 66 62 77 27 28 55 
25 96 62 80 84 44 51 69 101 62 71 48 73 93 79 92 36 53 65 121 31 65 59 51 50 19 65 31 4 105 35 13 66 73 29 51 1 90 58 45 94 67 77 81 39 82 107 53 95 40 68 96 104 99 54 40 42 83 93 45 35 88 89 79 54 88 37 93 64 51 0 15 78 30 73 81 96 24 30 90 
32 84 57 66 69 33 43 68 90 48 57 47 58 79 75 81 22 38 61 111 17 65 47 36 35 17 50 18 13 94 30 14 54 71 14 42 15 75 44 49 79 54 79 73 24 67 97 38 80 27 57 83 95 86 50 26 41 81 83 31 21 82 85 75 49 73 25 80 65 54 15 0 70 30 61 71 85 29 28 84 
65 36 20 51 67 40 27 39 26 44 38 43 72 43 20 24 53 52 26 44 57 43 29 70 70 87 71 53 74 36 44 65 32 31 66 28 77 80 48 57 81 36 57 3 61 56 32 62 82 76 21 43 25 48 31 67 46 32 18 71 58 19 29 25 27 58 48 37 47 53 78 70 0 53 26 11 23 62 50 18 
13 78 34 71 80 30 27 40 77 53 58 18 74 77 50 71 33 48 36 96 32 36 42 56 56 45 67 27 26 84 10 17 51 43 37 29 28 90 51 21 93 54 50 55 42 74 83 54 94 52 48 80 78 84 24 47 12 54 69 53 37 60 59 49 26 79 29 76 35 25 30 30 53 0 55 58 73 10 4 62 
68 23 36 25 42 29 30 59 32 21 12 54 47 22 45 21 40 31 44 53 45 61 14 49 49 77 47 43 70 32 45 61 9 53 52 27 73 54 25 68 56 12 78 26 44 31 38 41 56 59 8 25 41 30 43 49 54 57 26 51 44 44 55 49 37 32 36 21 65 66 73 61 26 55 0 17 26 65 51 44 
70 24 29 41 58 38 31 50 20 37 29 51 64 31 32 14 52 47 36 40 56 53 25 64 65 88 63 53 77 27 48 68 25 43 64 30 80 70 41 65 71 29 68 10 58 46 26 57 71 73 15 31 26 37 39 63 53 44 12 66 56 29 40 36 34 47 47 26 58 62 81 71 11 58 17 0 15 68 55 28 
86 16 43 43 60 52 46 62 6 46 36 66 69 27 42 6 65 57 49 27 70 66 38 74 75 101 71 67 92 13 63 83 35 54 77 45 95 72 51 80 72 37 80 21 70 48 13 66 72 84 28 26 19 31 54 75 68 53 6 77 69 35 47 46 49 47 60 21 71 77 96 85 23 73 26 15 0 83 70 33 
4 87 44 79 87 39 37 46 87 61 66 25 80 86 59 81 38 54 44 106 36 41 51 60 60 41 73 32 21 94 20 15 60 51 39 38 23 96 58 21 99 62 53 65 46 82 93 60 101 54 58 89 87 94 33 50 19 61 79 56 41 69 67 57 35 87 35 85 40 27 24 29 62 10 65 68 83 0 13 71 
17 74 32 66 76 26 24 40 74 48 53 19 70 73 49 67 29 44 35 94 28 37 38 52 52 44 63 23 26 81 6 17 47 43 34 25 29 85 47 24 88 49 52 53 38 70 81 50 90 49 44 76 75 80 23 43 14 54 66 49 33 58 58 49 24 75 24 72 37 28 30 28 50 4 51 55 70 13 0 60 
72 49 28 68 85 56 41 35 32 62 56 48 90 58 14 36 70 70 27 42 73 40 47 87 88 101 89 69 86 45 55 77 50 26 82 43 89 98 66 60 99 55 50 18 78 74 34 80 99 93 39 57 22 63 38 84 52 21 27 88 75 3 15 17 37 75 63 52 45 55 90 84 18 62 44 28 33 71 60 0 
0 1874 21 256 28 63 44 42 48 132 950 37 66 3000 45 20 16 96 353 261 140 236 89 49 96 13 395 83 31 96 128 27 402 12 130 510 187 199 3000 2298 124 343 18 3000 40 478 421 59 484 20 21 15 1596 166 318 145 16 62 0 24 264 91 94 785 105 0 87 2570 67 157 23 58 3000 924 1917 0 39 55 11 580 
1874 0 11 1258 45 39 31 13 165 40 138 954 35 12 167 31 36 29 384 42 985 245 59 938 548 47 70 9 50 10 17 378 39 36 2264 3000 66 78 3000 616 431 9 1029 70 12 15 234 56 193 202 138 166 42 78 77 13 18 100 26 117 12 760 27 2579 167 27 410 420 12 378 42 1573 694 262 31 90 59 0 989 3000 
21 11 0 236 9 0 0 20 941 10 18 8 67 65 0 326 31 163 2380 40 46 0 0 0 236 15 29 0 84 22 22 0 29 29 0 11 71 1375 233 17 226 169 120 333 53 10 38 0 12 13 15 1190 208 3000 18 761 1231 32 0 0 172 0 0 14 3000 0 9 20 262 223 0 15 14 44 41 0 444 69 0 0 
256 1258 236 0 208 8 511 0 40 0 14 100 0 398 26 148 1200 18 470 41 1112 0 170 53 46 11 0 758 54 0 761 0 40 0 151 32 115 18 660 1505 229 29 19 129 0 221 2177 740 223 0 11 0 2718 14 0 573 275 210 220 12 144 93 0 17 74 123 239 55 11 0 15 57 0 7 8 78 124 0 8 823 
28 45 9 208 0 263 0 133 17 1318 322 1030 20 17 0 153 513 17 168 10 608 311 73 393 871 159 340 11 340 250 24 134 228 54 0 54 222 63 236 1276 0 0 16 42 14 261 198 292 12 10 96 12 408 591 35 106 0 105 0 0 452 2025 125 2643 19 0 40 85 8 367 0 0 40 95 78 0 40 136 1003 0 
63 39 0 8 263 0 3000 0 32 1889 31 35 1341 29 44 0 54 0 127 90 25 793 2325 3000 1571 44 44 87 0 54 8 2085 2117 33 104 61 89 223 0 168 0 0 1265 10 0 778 20 22 0 0 1312 16 0 33 14 162 0 27 317 508 0 324 194 464 0 0 8 10 161 897 35 0 0 117 48 26 81 0 813 89 
44 31 0 511 0 3000 0 0 40 0 291 3000 0 634 180 325 382 136 28 133 522 0 679 9 0 8 0 18 0 0 108 0 50 0 83 197 573 94 0 328 39 14 69 13 0 28 231 1383 0 0 227 0 0 31 0 37 17 361 73 14 10 55 0 488 255 429 249 1010 167 0 264 57 0 325 1247 66 11 0 67 259 
42 13 20 0 133 0 0 0 49 116 0 892 36 0 0 0 250 29 1317 0 3000 0 0 0 84 1291 116 0 1692 65 42 0 60 169 0 0 13 55 22 0 0 0 100 30 370 216 78 0 9 230 0 0 52 24 109 7 0 229 0 0 0 0 0 433 804 0 796 121 61 208 0 0 532 0 239 0 0 14 0 0 
48 165 941 40 17 32 40 49 0 12 343 9 9 133 157 436 380 25 74 92 143 51 131 506 334 324 82 66 940 1131 106 705 345 30 0 363 26 18 73 326 16 2929 223 81 1570 2370 148 428 124 186 147 32 54 8 33 319 167 15 0 19 10 604 104 1993 20 0 369 305 125 130 0 484 17 31 211 0 43 35 113 81 
132 40 10 0 1318 1889 0 116 12 0 3000 101 654 9 0 79 228 2692 23 877 132 154 0 0 53 2385 3000 8 84 349 51 31 8 563 0 21 1226 213 2050 66 0 0 21 254 36 292 8 1071 3000 1566 494 417 168 199 229 16 0 51 0 0 0 0 726 144 320 0 2101 9 64 105 0 0 58 556 320 0 0 493 0 0 
950 138 18 14 322 31 291 0 343 3000 0 3000 21 13 3000 93 212 557 505 379 8 0 18 141 2622 1650 0 44 40 0 27 0 1094 12 135 374 37 8 634 22 90 214 11 1181 0 152 3000 27 37 0 19 0 703 271 0 112 11 26 736 11 435 74 0 12 634 75 25 2687 997 251 683 68 46 340 69 47 392 0 1892 399 
37 954 8 100 1030 35 3000 892 9 101 3000 0 27 77 17 101 20 457 443 330 3000 38 580 180 364 446 50 15 89 111 3000 0 1096 985 80 3000 479 437 13 18 608 200 3000 219 14 118 551 16 453 179 154 92 61 1125 21 48 15 15 0 29 947 445 19 120 94 24 11 19 345 127 80 41 20 41 274 0 133 12 810 609 
66 35 67 0 20 1341 0 36 9 654 21 27 0 25 0 0 3000 0 10 195 190 67 114 1946 31 128 1574 826 0 97 0 543 1742 826 163 69 437 180 0 47 0 0 63 29 357 14 112 1211 0 14 16 111 0 32 97 80 0 561 0 0 0 2543 50 28 0 0 67 12 69 30 301 0 0 124 327 0 0 0 0 0 
3000 12 65 398 17 29 634 0 133 9 13 77 25 0 25 76 3000 10 412 44 8 44 126 176 29 179 113 16 0 31 16 54 170 3000 406 85 244 3000 0 23 0 0 40 86 70 12 60 27 0 32 278 134 0 37 1092 2546 0 42 13 806 0 71 776 79 0 0 18 78 41 635 40 0 0 85 273 1122 16 0 123 540 
45 167 0 26 0 44 180 0 157 0 3000 17 0 25 0 122 567 417 34 8 726 0 575 442 155 251 0 30 126 0 201 0 1064 0 65 557 32 91 0 3000 29 12 194 1042 0 128 1688 2811 107 0 68 0 0 126 0 34 15 37 77 121 986 208 0 392 33 794 55 100 734 0 158 3000 0 43 536 78 1210 0 197 113 
20 31 326 148 153 0 325 0 436 79 93 101 0 76 122 0 110 30 31 1535 687 0 34 31 62 0 0 0 13 0 2215 0 1145 0 153 887 48 279 85 86 39 34 131 192 228 881 510 0 9 80 669 0 292 1202 0 162 1047 42 0 135 24 2151 0 40 77 43 66 454 885 0 157 24 2338 457 0 144 1864 0 28 389 
16 36 31 1200 513 54 382 250 380 228 212 20 3000 3000 567 110 0 15 2339 33 49 220 357 127 764 862 130 213 0 36 1831 201 2327 22 21 90 33 22 29 201 0 0 2324 70 12 204 63 957 43 13 622 20 66 1489 186 18 0 38 193 23 0 169 631 18 759 0 45 220 3000 7 38 0 0 337 125 24 3000 0 28 126 
96 29 163 18 17 0 136 29 25 2692 557 457 0 10 417 30 15 0 103 1258 1004 0 0 0 1128 2104 0 0 1391 0 3000 0 77 0 0 0 255 46 56 953 1792 1309 29 243 38 46 160 0 30 136 34 0 23 1358 0 20 620 93 0 563 113 38 0 423 71 380 600 311 9 166 0 12 13 10 0 0 247 3000 97 104 
353 384 2380 470 168 127 28 1317 74 23 505 443 10 412 34 31 2339 103 0 107 80 87 50 619 9 130 12 173 203 62 182 232 603 14 226 823 398 15 711 385 240 0 1152 3000 274 12 45 36 359 13 246 98 478 55 324 2288 64 10 13 3000 0 2278 97 259 2601 0 169 1300 104 328 63 0 11 213 136 13 190 85 2547 1354 
261 42 40 41 10 90 133 0 92 877 379 330 195 44 8 1535 33 1258 107 0 452 149 177 14 627 92 1134 223 384 9 10 0 12 16 127 3000 601 26 2493 765 360 3000 37 825 512 62 30 3000 1998 238 93 18 296 1905 39 242 36 32 34 14 707 12 0 103 96 90 386 38 42 9 402 8 282 106 57 322 23 0 837 33 
140 985 46 1112 608 25 522 3000 143 132 8 3000 190 8 726 687 49 1004 80 452 0 10 27 107 119 26 43 161 40 39 156 3000 10 25 137 104 298 247 2552 61 16 194 14 41 2014 927 46 109 69 67 11 287 231 273 223 27 97 205 51 117 108 34 50 97 164 0 1906 11 2227 25 8 3000 20 235 1431 285 809 72 167 2407 
236 245 0 0 311 793 0 0 51 154 0 38 67 44 0 0 220 0 87 149 10 0 27 7 48 280 49 783 0 987 0 10 41 153 0 15 21 2045 0 8 0 0 20 16 0 833 648 14 0 94 22 32 0 824 14 296 0 1097 0 0 0 153 629 0 0 0 494 1300 131 8 0 0 0 21 404 0 0 0 0 0 
89 59 0 170 73 2325 679 0 131 0 18 580 114 126 575 34 357 0 50 177 27 27 0 88 0 39 0 101 0 157 90 0 12 419 147 14 2358 14 0 48 317 0 11 266 0 315 225 2028 0 0 427 7 0 706 738 21 1384 26 66 28 0 352 0 117 10 0 65 27 470 236 37 25 0 23 7 3000 63 0 442 1515 
49 938 0 53 393 3000 9 0 506 0 141 180 1946 176 442 31 127 0 619 14 107 7 88 0 0 13 0 214 0 99 299 0 26 22 26 575 358 12 0 9 316 17 105 759 0 42 127 39 0 0 10 80 0 1163 0 26 3000 150 511 91 0 163 0 609 24 0 333 488 17 169 9 459 0 100 42 77 1840 0 74 146 
96 548 236 46 871 1571 0 84 334 53 2622 364 31 29 155 62 764 1128 9 627 119 48 0 0 0 9 53 446 19 190 69 189 13 17 0 68 20 24 275 2842 83 1635 2501 18 61 242 26 0 121 39 188 476 3000 78 729 69 102 13 0 271 175 0 208 19 8 0 2489 153 70 1309 0 16 1193 1568 21 0 26 22 1229 3000 
13 47 15 11 159 44 8 1291 324 2385 1650 446 128 179 251 0 862 2104 130 92 26 280 39 13 9 0 64 3000 0 560 1187 40 1145 1558 19 317 3000 1027 65 266 0 0 9 21 2138 1651 337 96 20 24 2140 21 19 13 33 70 0 149 0 0 0 88 25 36 0 0 108 2051 9 42 270 0 12 24 47 23 0 256 476 0 
395 70 29 0 340 44 0 116 82 3000 0 50 1574 113 0 0 130 0 12 1134 43 49 0 0 53 64 0 44 0 3000 0 129 495 63 0 45 8 107 0 103 0 0 78 31 69 34 11 227 0 247 14 18 0 62 817 97 0 23 0 0 0 0 752 0 0 0 375 98 140 2180 0 0 0 3000 404 0 0 0 0 0 
83 9 0 758 11 87 18 0 66 8 44 15 826 16 30 0 213 0 173 223 161 783 101 214 446 3000 44 0 0 62 0 540 9 99 56 21 42 111 0 3000 0 0 34 19 0 109 78 62 0 0 105 8 0 396 7 184 0 138 2901 10 0 58 137 10 0 0 166 99 7 52 26 0 0 8 146 25 22 0 31 156 
31 50 84 54 340 0 0 1692 940 84 40 89 0 0 126 13 0 1391 203 384 40 0 0 0 19 0 0 0 0 0 381 0 582 0 0 0 55 814 62 0 22 41 278 13 1303 552 2458 0 3000 399 0 0 678 962 0 1563 34 153 0 121 19 0 0 39 612 122 0 10 254 0 0 352 48 54 0 0 560 10 8 1614 
96 10 22 0 250 54 0 65 1131 349 0 111 97 31 0 0 36 0 62 9 39 987 157 99 190 560 3000 62 0 0 0 2165 598 1052 255 753 107 61 0 192 0 0 155 142 182 40 353 40 0 20 168 292 0 174 414 257 0 30 0 0 0 28 86 16 0 0 913 3000 147 139 0 0 0 303 2026 0 0 0 0 0 
128 17 22 761 24 8 108 42 106 51 27 3000 0 16 201 2215 1831 3000 182 10 156 0 90 299 69 1187 0 0 381 0 0 0 9 645 23 132 50 117 25 79 10 96 148 436 54 46 274 0 219 188 76 0 13 39 17 53 96 115 0 190 339 243 0 2064 50 368 8 124 31 567 751 37 88 1881 7 203 168 834 675 12 
27 378 0 0 134 2085 0 0 705 31 0 0 543 54 0 0 201 0 232 0 3000 10 0 0 189 40 129 540 0 2165 0 0 183 34 0 1107 41 576 0 56 0 0 357 0 0 0 1317 30 0 78 59 1800 0 0 3000 0 0 716 0 0 0 0 3000 0 0 0 170 580 2014 599 0 0 0 0 138 0 0 0 0 0 
402 39 29 40 228 2117 50 60 345 8 1094 1096 1742 170 1064 1145 2327 77 603 12 10 41 12 26 13 1145 495 9 582 598 9 183 0 133 17 229 91 23 201 23 494 115 117 11 148 70 13 314 377 890 171 177 510 591 842 1044 189 1601 13 1294 3000 14 11 51 32 49 228 294 130 13 228 21 1163 241 270 107 694 56 863 2265 
12 36 29 0 54 33 0 169 30 563 12 985 826 3000 0 0 22 0 14 16 25 153 419 22 17 1558 63 99 0 1052 645 34 133 0 0 10 293 63 36 838 0 0 62 221 350 22 251 258 0 718 20 58 22 229 144 67 0 48 0 0 0 0 210 179 0 0 22 72 164 79 0 0 36 168 12 0 0 110 0 0 
130 2264 0 151 0 104 83 0 0 0 135 80 163 406 65 153 21 0 226 127 137 0 147 26 0 19 0 56 0 255 23 0 17 0 0 88 314 40 0 24 57 0 530 381 0 213 50 169 0 0 12 87 0 19 0 0 613 191 1065 25 0 1074 0 15 40 0 22 514 9 0 20 69 0 27 3000 1146 9 0 53 26 
510 3000 11 32 54 61 197 0 363 21 374 3000 69 85 557 887 90 0 823 3000 104 15 14 575 68 317 45 21 0 753 132 1107 229 10 88 0 135 630 0 32 0 0 47 204 75 30 181 19 0 177 367 53 0 51 46 118 0 107 783 214 0 471 9 164 0 0 476 725 9 23 31 0 0 139 40 52 789 0 49 20 
187 66 71 115 222 89 573 13 26 1226 37 479 437 244 32 48 33 255 398 601 298 21 2358 358 20 3000 8 42 55 107 50 41 91 293 314 135 0 56 716 151 0 0 148 26 442 1569 33 1046 295 1691 3000 73 453 2369 2959 18 0 12 0 0 0 8 835 26 20 0 61 144 21 12 83 0 58 190 239 49 92 143 444 1509 
199 78 1375 18 63 223 94 55 18 213 8 437 180 3000 91 279 22 46 15 26 247 2045 14 12 24 1027 107 111 814 61 117 576 23 63 40 630 56 0 9 32 22 103 1303 18 84 1936 74 131 335 593 133 29 117 61 324 45 56 10 0 275 3000 35 24 307 2435 3000 183 52 3000 678 337 226 60 104 3000 27 798 349 81 427 
3000 3000 233 660 236 0 0 22 73 2050 634 13 0 0 0 85 29 56 711 2493 2552 0 0 0 275 65 0 0 62 0 25 0 201 36 0 0 716 9 0 0 110 70 69 19 10 3000 354 0 76 23 0 0 491 173 241 104 10 175 0 0 1293 0 0 63 8 1070 24 46 196 62 0 24 343 24 0 0 0 918 0 0 
2298 616 17 1505 1276 168 328 0 326 66 22 18 47 23 3000 86 201 953 385 765 61 8 48 9 2842 266 103 3000 0 192 79 56 23 838 24 32 151 32 0 0 476 28 24 82 0 63 299 440 3000 0 47 3000 0 651 119 298 26 28 244 382 0 26 20 80 16 0 99 140 139 19 89 228 0 700 38 2667 728 0 115 1289 
124 431 226 229 0 0 39 0 16 0 90 608 0 0 29 39 0 1792 240 360 16 0 317 316 83 0 0 0 22 0 10 0 494 0 57 0 0 22 110 476 0 54 31 1939 0 18 1017 0 279 0 56 0 197 13 0 144 444 546 122 80 25 698 0 175 24 38 0 368 765 0 11 81 46 36 0 140 13 0 439 8 
343 9 169 29 0 0 14 0 2929 0 214 200 0 0 12 34 0 1309 0 3000 194 0 0 17 1635 0 0 0 41 0 96 0 115 0 0 0 0 103 70 28 54 0 2392 713 45 65 636 0 202 0 2430 0 33 64 0 139 62 208 0 483 183 44 0 3000 111 50 0 567 21 0 0 12 124 387 0 0 11 0 799 247 
18 1029 120 19 16 1265 69 100 223 21 11 3000 63 40 194 131 2324 29 1152 37 14 20 11 105 2501 9 78 34 278 155 148 357 117 62 530 47 148 1303 69 24 31 2392 0 206 36 21 862 542 793 19 695 32 74 44 41 17 884 49 1802 153 66 37 12 94 355 0 3000 23 126 23 253 169 390 95 144 46 19 0 64 554 
3000 70 333 129 42 10 13 30 81 254 1181 219 29 86 1042 192 70 243 3000 825 41 16 266 759 18 21 31 19 13 142 436 0 11 221 381 204 26 18 19 82 1939 713 206 0 64 15 8 7 476 36 36 185 63 39 1496 296 30 15 0 644 69 118 9 104 416 20 9 40 16 69 3000 54 55 36 41 0 298 176 253 243 
40 12 53 0 14 0 0 370 1570 36 0 14 357 70 0 228 12 38 274 512 2014 0 0 0 61 2138 69 0 1303 182 54 0 148 350 0 75 442 84 10 0 0 45 36 64 0 504 125 0 150 17 0 0 37 8 23 676 0 14 0 0 18 0 0 10 1810 0 32 247 27 12 0 0 94 157 904 0 0 80 0 0 
478 15 10 221 261 778 28 216 2370 292 152 118 14 12 128 881 204 46 12 62 927 833 315 42 242 1651 34 109 552 40 46 0 70 22 213 30 1569 1936 3000 63 18 65 21 15 504 0 210 10 92 11 9 119 7 9 50 45 278 11 0 72 38 476 0 68 623 2103 2786 679 58 284 459 14 277 12 74 222 39 23 70 3000 
421 234 38 2177 198 20 231 78 148 8 3000 551 112 60 1688 510 63 160 45 30 46 648 225 127 26 337 11 78 2458 353 274 1317 13 251 50 181 33 74 354 299 1017 636 862 8 125 210 0 11 25 636 1598 49 11 19 48 207 469 388 0 15 1869 2206 242 2105 119 0 300 3000 129 51 178 0 267 169 249 14 1414 57 111 71 
59 56 0 740 292 22 1383 0 428 1071 27 16 1211 27 2811 0 957 0 36 3000 109 14 2028 39 0 96 227 62 0 40 0 30 314 258 169 19 1046 131 0 440 0 0 542 7 0 10 11 0 0 0 246 424 0 33 435 15 0 24 34 497 0 794 40 56 0 0 115 59 3000 115 10 0 0 816 1372 46 83 0 50 238 
484 193 12 223 12 0 0 9 124 3000 37 453 0 0 107 9 43 30 359 1998 69 0 0 0 121 20 0 0 3000 0 219 0 377 0 0 0 295 335 76 3000 279 202 793 476 150 92 25 0 0 1780 3000 0 46 227 0 78 381 197 0 416 192 0 0 106 133 7 539 76 60 17 0 128 19 58 0 0 40 18 26 8 
20 202 13 0 10 0 0 230 186 1566 0 179 14 32 0 80 13 136 13 238 67 94 0 0 39 24 247 0 399 20 188 78 890 718 0 177 1691 593 23 0 0 0 19 36 17 11 636 0 1780 0 0 95 1069 200 3000 85 0 31 0 0 0 0 263 2466 1007 0 19 134 16 617 0 0 334 187 201 0 0 16 0 0 
21 138 15 11 96 1312 227 0 147 494 19 154 16 278 68 669 622 34 246 93 11 22 427 10 188 2140 14 105 0 168 76 59 171 20 12 367 3000 133 0 47 56 2430 695 36 0 9 1598 246 3000 0 0 7 0 218 35 14 30 283 499 179 0 49 581 376 95 0 90 133 1015 174 2626 255 0 1445 933 14 254 0 240 301 
15 166 1190 0 12 16 0 0 32 417 0 92 111 134 0 0 20 0 98 18 287 32 7 80 476 21 18 8 0 292 0 1800 177 58 87 53 73 29 0 3000 0 0 32 185 0 119 49 424 0 95 7 0 0 11 34 61 0 41 0 0 0 128 50 0 0 0 118 19 1451 66 0 0 0 3000 1041 0 0 0 0 0 
1596 42 208 2718 408 0 0 52 54 168 703 61 0 0 0 292 66 23 478 296 231 0 0 0 3000 19 0 0 678 0 13 0 510 22 0 0 453 117 491 0 197 33 74 63 37 7 11 0 46 1069 0 0 0 111 3000 295 17 30 0 0 10 0 0 282 68 342 70 604 273 109 0 777 11 250 24 0 617 72 0 0 
166 78 3000 14 591 33 31 24 8 199 271 1125 32 37 126 1202 1489 1358 55 1905 273 824 706 1163 78 13 62 396 962 174 39 0 591 229 19 51 2369 61 173 651 13 64 44 39 8 9 19 33 227 200 218 11 111 0 187 198 428 15 37 115 221 11 0 222 15 3000 500 27 1855 13 34 11 218 233 3000 460 1289 0 507 83 
318 77 18 0 35 14 0 109 33 229 0 21 97 1092 0 0 186 0 324 39 223 14 738 0 729 33 817 7 0 414 17 3000 842 144 0 46 2959 324 241 119 0 0 41 1496 23 50 48 435 0 3000 35 34 3000 187 0 874 0 56 0 0 0 0 1067 19 0 0 874 35 185 12 0 0 112 1205 54 0 0 369 0 0 
145 13 761 573 106 162 37 7 319 16 112 48 80 2546 34 162 18 20 2288 242 27 296 21 26 69 70 97 184 1563 257 53 0 1044 67 0 118 18 45 104 298 144 139 17 296 676 45 207 15 78 85 14 61 295 198 874 0 421 439 0 84 12 179 28 46 28 88 9 9 509 273 0 56 570 10 247 0 14 12 201 21 
16 18 1231 275 0 0 17 0 167 0 11 15 0 0 15 1047 0 620 64 36 97 0 1384 3000 102 0 0 0 34 0 96 0 189 0 613 0 0 56 10 26 444 62 884 30 0 278 469 0 381 0 30 0 17 428 0 421 0 58 590 40 2087 141 0 1869 26 2936 0 25 70 0 111 15 441 3000 0 531 436 0 16 19 
62 100 32 210 105 27 361 229 15 51 26 15 561 42 37 42 38 93 10 32 205 1097 26 150 13 149 23 138 153 30 115 716 1601 48 191 107 12 10 175 28 546 208 49 15 14 11 388 24 197 31 283 41 30 15 56 439 58 0 1126 3000 174 77 680 264 58 0 23 26 831 118 1014 97 61 35 3000 179 51 8 171 875 
0 26 0 220 0 317 73 0 0 0 736 0 0 13 77 0 193 0 13 34 51 0 66 511 0 0 0 2901 0 0 0 0 13 0 1065 783 0 0 0 244 122 0 1802 0 0 0 0 34 0 0 499 0 0 37 0 0 590 1126 0 37 0 11 0 2230 0 0 309 20 525 0 179 0 0 1379 100 2401 32 0 64 568 
24 117 0 12 0 508 14 0 19 0 11 29 0 806 121 135 23 563 3000 14 117 0 28 91 271 0 0 10 121 0 190 0 1294 0 25 214 0 275 0 382 80 483 153 644 0 72 15 497 416 0 179 0 0 115 0 84 40 3000 37 0 20 22 0 27 55 303 511 2775 17 0 19 150 0 62 0 37 46 0 415 22 
264 12 172 144 452 0 10 0 10 0 435 947 0 0 986 24 0 113 0 707 108 0 0 0 175 0 0 0 19 0 339 0 3000 0 0 0 0 3000 1293 0 25 183 66 69 18 38 1869 0 192 0 0 0 10 221 0 12 2087 174 0 20 0 3000 0 1217 43 37 0 36 324 0 0 151 94 334 0 0 549 0 19 608 
91 760 0 93 2025 324 55 0 604 0 74 445 2543 71 208 2151 169 38 2278 12 34 153 352 163 0 88 0 58 0 28 243 0 14 0 1074 471 8 35 0 26 698 44 37 118 0 476 2206 794 0 0 49 128 0 11 0 179 141 77 11 22 3000 0 0 107 570 0 2400 152 85 39 54 62 0 65 9 471 123 0 822 439 
94 27 0 0 125 194 0 0 104 726 0 19 50 776 0 0 631 0 97 0 50 629 0 0 208 25 752 137 0 86 0 3000 11 210 0 9 835 24 0 20 0 0 12 9 0 0 242 40 0 263 581 50 0 0 1067 28 0 680 0 0 0 0 0 0 0 0 411 3000 37 184 0 0 0 150 406 0 0 0 0 0 
785 2579 14 17 2643 464 488 433 1993 144 12 120 28 79 392 40 18 423 259 103 97 0 117 609 19 36 0 10 39 16 2064 0 51 179 15 164 26 307 63 80 175 3000 94 104 10 68 2105 56 106 2466 376 0 282 222 19 46 1869 264 2230 27 1217 107 0 0 344 92 277 20 2265 1032 76 15 355 9 28 33 945 0 56 27 
105 167 3000 74 19 0 255 804 20 320 634 94 0 0 33 77 759 71 2601 96 164 0 10 24 8 0 0 0 612 0 50 0 32 0 40 0 20 2435 8 16 24 111 355 416 1810 623 119 0 133 1007 95 0 68 15 0 28 26 58 0 55 43 570 0 344 0 176 80 46 29 0 0 39 1294 334 0 0 3000 38 1033 1768 
0 27 0 123 0 0 429 0 0 0 75 24 0 0 794 43 0 380 0 90 0 0 0 0 0 0 0 0 122 0 368 0 49 0 0 0 0 3000 1070 0 38 50 0 20 0 2103 0 0 7 0 0 0 342 3000 0 88 2936 0 0 303 37 0 0 92 176 0 0 13 0 0 0 13 3000 1272 0 0 16 0 8 39 
87 410 9 239 40 8 249 796 369 2101 25 11 67 18 55 66 45 600 169 386 1906 494 65 333 2489 108 375 166 0 913 8 170 228 22 22 476 61 183 24 99 0 0 3000 9 32 2786 300 115 539 19 90 118 70 500 874 9 0 23 309 511 0 2400 411 277 80 0 0 18 58 148 344 0 22 820 107 847 81 0 35 48 
2570 420 20 55 85 10 1010 121 305 9 2687 19 12 78 100 454 220 311 1300 38 11 1300 27 488 153 2051 98 99 10 3000 124 580 294 72 514 725 144 52 46 140 368 567 23 40 247 679 3000 59 76 134 133 19 604 27 35 9 25 26 20 2775 36 152 3000 20 46 13 18 0 92 14 94 60 605 20 11 386 85 44 26 115 
67 12 262 11 8 161 167 61 125 64 997 345 69 41 734 885 3000 9 104 42 2227 131 470 17 70 9 140 7 254 147 31 2014 130 164 9 9 21 3000 196 139 765 21 126 16 27 58 129 3000 60 16 1015 1451 273 1855 185 509 70 831 525 17 324 85 37 2265 29 0 58 92 0 195 24 7 9 34 154 23 1113 44 75 734 
157 378 223 0 367 897 0 208 130 105 251 127 30 635 0 0 7 166 328 9 25 8 236 169 1309 42 2180 52 0 139 567 599 13 79 0 23 12 678 62 19 0 0 23 69 12 284 51 115 17 617 174 66 109 13 12 273 0 118 0 0 0 39 184 1032 0 0 148 14 195 0 0 0 1251 396 2232 0 0 12 0 0 
23 42 0 15 0 35 264 0 0 0 683 80 301 40 158 157 38 0 63 402 8 0 37 9 0 270 0 26 0 0 751 0 228 0 20 31 83 337 0 89 11 0 253 3000 0 459 178 10 0 0 2626 0 0 34 0 0 111 1014 179 19 0 54 0 76 0 0 344 94 24 0 0 278 0 37 30 12 241 0 358 34 
58 1573 15 57 0 0 57 0 484 0 68 41 0 0 3000 24 0 12 0 8 3000 0 25 459 16 0 0 0 352 0 37 0 21 0 69 0 0 226 24 228 81 12 169 54 0 14 0 0 128 0 255 0 777 11 0 56 15 97 0 150 151 62 0 15 39 13 0 60 7 0 278 0 11 80 0 544 1211 0 171 354 
3000 694 14 0 40 0 0 532 17 58 46 20 0 0 0 2338 0 13 11 282 20 0 0 0 1193 12 0 0 48 0 88 0 1163 36 0 0 58 60 343 0 46 124 390 55 94 277 267 0 19 334 0 0 11 218 112 570 441 61 0 0 94 0 0 355 1294 3000 22 605 9 1251 0 11 0 509 0 0 0 18 0 0 
924 262 44 7 95 117 325 0 31 556 340 41 124 85 43 457 337 10 213 106 235 21 23 100 1568 24 3000 8 54 303 1881 0 241 168 27 139 190 104 24 700 36 387 95 36 157 12 169 816 58 187 1445 3000 250 233 1205 10 3000 35 1379 62 334 65 150 9 334 1272 820 20 34 396 37 80 509 0 49 50 247 0 321 279 
1917 31 41 8 78 48 1247 239 211 320 69 274 327 273 536 0 125 0 136 57 1431 404 7 42 21 47 404 146 0 2026 7 138 270 12 3000 40 239 3000 0 38 0 0 144 41 904 74 249 1372 0 201 933 1041 24 3000 54 247 0 3000 100 0 0 9 406 28 0 0 107 11 154 2232 30 0 0 49 0 23 0 0 610 0 
0 90 0 78 0 26 66 0 0 0 47 0 0 1122 78 144 24 0 13 322 285 0 3000 77 0 23 0 25 0 0 203 0 107 0 1146 52 49 27 0 2667 140 0 46 0 0 222 14 46 0 0 14 0 0 460 0 0 531 179 2401 37 0 471 0 33 0 0 847 386 23 0 12 544 0 50 23 0 86 0 15 10 
39 59 444 124 40 81 11 0 43 0 392 133 0 16 1210 1864 3000 247 190 23 809 0 63 1840 26 0 0 22 560 0 168 0 694 0 9 789 92 798 0 728 13 11 19 298 0 39 1414 83 40 0 254 0 617 1289 0 14 436 51 32 46 549 123 0 945 3000 16 81 85 1113 0 241 1211 0 247 0 86 0 0 131 198 
55 0 69 0 136 0 0 14 35 493 0 12 0 0 0 0 0 3000 85 0 72 0 0 0 22 256 0 0 10 0 834 0 56 110 0 0 143 349 918 0 0 0 0 176 80 23 57 0 18 16 0 0 72 0 369 12 0 8 0 0 0 0 0 0 38 0 0 44 44 12 0 0 18 0 0 0 0 0 0 0 
11 989 0 8 1003 813 67 0 113 0 1892 810 0 123 197 28 28 97 2547 837 167 0 442 74 1229 476 0 31 8 0 675 0 863 0 53 49 444 81 0 115 439 799 64 253 0 70 111 50 26 0 240 0 0 507 0 201 16 171 64 415 19 822 0 56 1033 8 35 26 75 0 358 171 0 321 610 15 131 0 0 173 
580 3000 0 823 0 89 259 0 81 0 399 609 0 540 113 389 126 104 1354 33 2407 0 1515 146 3000 0 0 156 1614 0 12 0 2265 0 26 20 1509 427 0 1289 8 247 554 243 0 3000 71 238 8 0 301 0 0 83 0 21 19 875 568 22 608 439 0 27 1768 39 48 115 734 0 34 354 0 279 0 10 198 0 173 0 
