80
0 38 94 35 84 99 41 97 61 33 44 76 60 53 25 62 28 100 73 70 92 105 52 36 117 46 68 86 43 85 27 51 82 63 66 42 44 27 55 98 28 57 47 53 29 28 12 94 92 61 68 54 64 62 61 85 86 7 53 66 38 49 60 99 90 65 61 67 91 52 34 92 29 80 81 39 108 80 46 35 
38 0 68 52 57 72 46 60 23 7 32 53 23 18 15 45 22 76 43 48 59 67 15 28 79 24 50 49 5 51 55 14 56 24 30 14 48 37 35 76 21 35 13 36 12 24 29 56 65 50 39 23 52 29 51 61 61 33 21 47 29 18 41 74 56 30 28 31 71 15 31 56 29 43 64 19 70 45 24 30 
94 68 0 78 11 5 64 38 54 68 52 19 69 74 81 106 90 9 26 24 22 79 55 59 78 49 111 72 67 85 92 69 12 60 74 80 63 72 97 15 89 37 55 42 79 66 83 50 3 41 29 45 39 41 42 11 8 93 47 108 57 79 35 6 91 42 40 42 16 66 99 81 66 43 23 86 70 36 90 98 
35 52 78 0 69 83 14 94 67 45 30 59 74 70 48 90 56 81 65 54 83 115 58 27 125 40 96 98 56 102 15 66 67 72 81 63 15 15 82 76 56 46 52 39 51 28 30 96 76 37 59 53 39 61 37 67 70 40 52 94 27 69 45 82 108 65 58 66 69 66 65 106 23 81 59 63 115 78 71 66 
84 57 11 69 0 16 55 36 44 57 41 10 60 64 70 96 79 19 16 14 20 74 45 49 76 38 101 65 56 78 82 59 2 50 65 69 54 62 87 21 78 26 44 32 68 55 72 46 8 33 18 34 32 31 34 7 4 82 36 98 47 69 25 17 83 33 30 32 19 56 88 75 55 36 20 75 67 29 79 87 
99 72 5 83 16 0 70 37 57 72 57 24 72 77 85 109 94 10 29 30 22 78 59 64 77 53 113 73 70 86 97 72 17 62 76 83 68 77 100 18 93 42 59 47 83 71 87 50 7 46 33 49 45 44 47 16 14 98 51 110 62 82 40 6 91 45 44 44 20 69 103 81 71 44 28 89 69 37 93 102 
41 46 64 14 55 70 0 81 58 40 19 46 67 64 46 88 56 67 52 41 70 105 49 19 114 30 94 89 50 95 28 59 53 63 74 59 3 14 79 62 55 33 43 26 48 23 33 85 62 24 47 42 26 50 24 53 56 44 42 92 18 64 31 68 101 54 47 55 56 59 66 98 18 69 45 61 104 66 68 66 
97 60 38 94 36 37 81 0 38 64 63 43 49 56 76 85 81 46 30 45 16 42 45 68 41 54 88 39 57 53 104 53 38 40 49 66 81 82 77 53 80 48 49 56 72 72 85 14 36 64 35 43 64 34 65 42 38 93 44 85 67 62 52 42 58 31 37 30 53 51 87 47 74 18 56 73 32 16 73 86 
61 23 54 67 44 57 58 38 0 28 40 44 15 20 38 52 43 63 29 40 39 48 10 40 58 28 57 31 19 39 74 16 45 7 21 29 59 53 43 66 42 32 16 37 34 40 51 34 51 51 27 17 53 14 53 50 48 56 17 53 40 26 39 60 45 12 17 12 62 13 50 40 44 20 58 35 49 24 37 48 
33 7 68 45 57 72 40 64 28 0 27 52 30 25 13 50 22 75 44 46 61 74 19 22 85 21 55 55 12 58 48 21 56 30 37 20 42 30 40 75 22 32 15 32 12 17 23 61 65 45 39 23 48 31 47 60 60 29 22 53 23 25 38 73 63 33 29 34 69 22 32 63 22 47 61 23 76 48 29 32 
44 32 52 30 41 57 19 63 40 27 0 33 50 49 38 77 48 57 35 27 54 87 32 8 95 11 82 71 35 77 42 43 39 46 57 46 19 20 67 54 47 16 26 10 38 16 32 66 49 19 29 24 22 31 20 41 43 44 23 79 6 50 17 56 84 36 28 37 48 42 58 80 15 51 38 50 85 48 56 58 
76 53 19 59 10 24 46 43 44 52 33 0 60 62 65 95 74 24 17 6 29 80 43 41 83 31 100 69 53 80 73 57 7 51 65 66 45 53 85 23 73 20 40 23 64 48 65 53 17 23 17 31 22 30 24 8 10 75 33 96 39 67 16 23 86 33 28 33 18 55 84 79 47 41 14 72 74 34 76 83 
60 23 69 74 60 72 67 49 15 30 50 60 0 8 35 37 36 78 44 55 53 45 19 48 58 40 41 26 18 28 78 9 60 10 7 20 68 59 29 81 36 46 25 50 31 46 52 40 66 65 43 30 67 30 66 65 64 54 29 38 49 14 53 75 34 27 32 28 77 8 40 33 51 31 73 26 50 37 25 38 
53 18 74 70 64 77 64 56 20 25 49 62 8 0 28 33 28 83 48 58 59 52 20 45 66 39 37 34 14 33 72 6 64 16 13 12 66 55 23 85 28 47 24 50 24 42 45 48 71 65 46 32 67 33 66 69 68 47 31 34 47 6 54 80 39 32 34 33 80 8 32 40 47 38 75 18 58 43 17 31 
25 15 81 48 70 85 46 76 38 13 38 65 35 28 0 43 10 88 57 59 74 80 30 31 93 34 49 61 19 61 47 26 69 39 41 17 49 34 34 88 9 45 28 44 4 23 19 71 78 57 52 37 59 43 58 73 73 19 35 46 33 25 51 87 66 45 42 46 82 28 20 67 28 58 74 16 84 60 23 20 
62 45 106 90 96 109 88 85 52 50 77 95 37 33 43 0 35 115 81 90 91 66 52 71 81 69 6 51 43 41 88 38 96 47 35 30 91 76 10 117 35 78 55 80 40 65 61 74 103 94 78 64 97 66 96 101 100 55 62 4 73 28 85 112 42 64 67 65 113 40 28 51 70 68 107 28 76 74 20 27 
28 22 90 56 79 94 56 81 43 22 48 74 36 28 10 35 0 97 65 68 80 80 36 41 94 43 40 62 24 58 53 28 78 42 40 16 58 43 27 97 1 55 35 54 10 33 26 75 87 67 60 44 69 50 68 82 82 22 43 38 43 23 60 95 63 51 50 53 91 31 10 66 38 63 83 11 86 66 17 10 
100 76 9 81 19 10 67 46 63 75 57 24 78 83 88 115 97 0 34 30 31 87 64 65 86 55 119 81 75 94 96 78 19 68 83 88 66 76 106 9 97 44 63 47 87 72 89 59 12 44 37 53 42 50 44 16 15 99 55 116 63 88 40 4 100 51 49 50 13 75 107 90 71 52 23 94 78 45 98 106 
73 43 26 65 16 29 52 30 29 44 35 17 44 48 57 81 65 34 0 16 19 63 30 40 67 27 85 52 41 63 77 43 16 35 49 54 52 55 72 37 64 19 30 26 55 46 62 37 23 34 6 20 35 15 36 21 20 71 22 82 39 53 22 32 69 17 15 17 34 41 74 61 47 23 31 60 57 17 64 73 
70 48 24 54 14 30 41 45 40 46 27 6 55 58 59 90 68 30 16 0 31 79 38 35 83 25 95 67 48 78 68 52 12 47 61 61 40 47 80 29 68 14 35 18 58 42 59 53 22 20 14 26 19 26 21 14 16 69 28 92 33 62 10 29 83 30 24 30 23 50 78 76 42 39 17 66 73 33 71 77 
92 59 22 83 20 22 70 16 39 61 54 29 53 59 74 91 80 31 19 31 0 57 44 59 57 46 94 51 56 65 96 55 22 44 56 68 70 74 82 37 80 38 46 45 71 65 80 28 20 51 25 38 50 30 52 26 23 89 39 91 58 65 39 27 70 29 31 28 37 53 88 60 66 23 40 74 48 17 76 87 
105 67 79 115 74 78 105 42 48 74 87 80 45 52 80 66 80 87 63 79 57 0 57 88 15 76 66 18 62 25 121 54 76 43 40 64 106 101 63 94 80 76 63 83 76 88 96 29 77 95 65 63 96 57 97 81 78 99 64 64 88 57 82 83 25 52 60 51 93 52 82 15 92 40 94 69 13 46 65 80 
52 15 55 58 45 59 49 45 10 19 32 43 19 20 30 52 36 64 30 38 44 57 0 31 68 21 57 40 12 46 65 15 44 14 26 25 51 44 43 65 36 27 6 31 27 31 41 42 52 45 26 12 47 14 47 49 48 47 11 54 32 24 34 61 52 15 15 16 61 13 44 49 35 28 55 31 58 30 34 43 
36 28 59 27 49 64 19 68 40 22 8 41 48 45 31 71 41 65 40 35 59 88 31 0 97 14 77 71 31 76 37 40 47 45 55 41 21 15 62 62 40 23 25 17 32 8 24 69 57 27 35 26 29 34 28 49 51 35 25 74 2 46 25 64 82 38 31 39 56 40 51 79 7 54 46 44 87 52 51 51 
117 79 78 125 76 77 114 41 58 85 95 83 58 66 93 81 94 86 67 83 57 15 68 97 0 84 82 32 75 41 132 67 78 55 54 78 115 111 78 94 94 83 74 90 89 98 108 30 77 101 71 72 102 64 103 83 79 112 72 80 97 71 88 82 41 60 67 59 94 65 96 31 102 45 96 83 10 50 80 95 
46 24 49 40 38 53 30 54 28 21 11 31 40 39 34 69 43 55 27 25 46 76 21 14 84 0 74 60 26 66 50 33 36 34 46 38 31 28 59 54 43 12 15 11 33 18 34 56 46 26 22 12 28 21 28 40 41 44 12 71 13 41 17 54 72 25 18 26 48 32 53 69 20 40 40 43 75 38 49 53 
68 50 111 96 101 113 94 88 57 55 82 100 41 37 49 6 40 119 85 95 94 66 57 77 82 74 0 53 48 41 94 43 101 51 38 36 97 82 15 122 41 83 60 85 46 71 67 77 108 100 83 69 102 70 101 106 105 61 67 3 79 33 90 117 42 68 72 69 118 45 34 51 76 72 112 33 77 78 26 32 
86 49 72 98 65 73 89 39 31 55 71 69 26 34 61 51 62 81 52 67 51 18 40 71 32 60 53 0 44 14 103 35 67 26 21 46 90 84 46 86 61 61 46 68 57 70 78 26 69 81 53 48 83 42 83 72 69 80 48 50 71 39 68 77 19 38 45 37 84 34 64 10 75 29 83 51 25 37 48 62 
43 5 67 56 56 70 50 57 19 12 35 53 18 14 19 43 24 75 41 48 56 62 12 31 75 26 48 44 0 46 60 10 56 20 25 13 52 41 33 76 24 35 13 37 15 28 34 52 64 52 38 22 54 27 53 60 60 38 20 45 33 16 42 73 52 27 27 28 71 10 32 51 33 39 64 19 65 42 24 31 
85 51 85 102 78 86 95 53 39 58 77 80 28 33 61 41 58 94 63 78 65 25 46 76 41 66 41 14 46 0 106 37 79 32 21 43 96 87 38 99 58 70 52 76 56 74 79 40 82 90 64 56 92 52 92 84 82 79 55 39 77 36 77 91 6 48 55 48 97 36 59 10 79 42 94 47 36 49 42 57 
27 55 92 15 82 97 28 104 74 48 42 73 78 72 47 88 53 96 77 68 96 121 65 37 132 50 94 103 60 106 0 69 80 78 85 64 30 22 80 91 53 58 59 51 50 34 28 106 90 52 71 62 54 71 52 81 84 33 61 92 37 71 58 96 111 75 68 76 84 70 61 111 30 90 74 62 123 88 70 62 
51 14 69 66 59 72 59 53 16 21 43 57 9 6 26 38 28 78 43 52 55 54 15 40 67 33 43 35 10 37 69 0 59 14 16 13 61 51 28 79 28 41 18 44 22 37 43 47 66 59 41 26 61 28 61 64 63 45 25 39 42 10 48 75 42 27 29 28 75 3 34 42 42 35 69 20 58 40 21 33 
82 56 12 67 2 17 53 38 45 56 39 7 60 64 69 96 78 19 16 12 22 76 44 47 78 36 101 67 56 79 80 59 0 51 65 69 52 60 87 21 77 25 43 30 67 54 70 48 10 31 18 34 30 31 32 5 4 81 35 98 45 69 23 18 84 33 30 32 18 56 87 76 54 37 18 75 69 30 79 86 
63 24 60 72 50 62 63 40 7 30 46 51 10 16 39 47 42 68 35 47 44 43 14 45 55 34 51 26 20 32 78 14 51 0 14 27 65 58 39 72 42 38 20 44 35 44 53 33 57 58 34 23 60 21 60 56 54 57 23 48 46 23 45 65 38 18 23 18 68 11 48 34 49 22 64 33 46 27 34 46 
66 30 74 81 65 76 74 49 21 37 57 65 7 13 41 35 40 83 49 61 56 40 26 55 54 46 38 21 25 21 85 16 65 14 0 24 76 66 28 86 40 52 32 57 36 53 58 39 70 71 48 37 73 35 73 70 68 59 36 35 56 18 59 79 27 32 37 32 82 15 43 27 58 33 78 30 46 39 27 41 
42 14 80 63 69 83 59 66 29 20 46 66 20 12 17 30 16 88 54 61 68 64 25 41 78 38 36 46 13 43 64 13 69 27 24 0 61 48 21 89 16 48 26 50 13 36 36 60 77 64 51 35 67 39 66 73 73 35 34 33 43 7 55 86 48 39 39 40 84 16 21 51 41 48 78 7 69 52 10 20 
44 48 63 15 54 68 3 81 59 42 19 45 68 66 49 91 58 66 52 40 70 106 51 21 115 31 97 90 52 96 30 61 52 65 76 61 0 17 82 61 58 33 44 26 51 26 36 85 61 22 47 43 24 50 22 52 55 47 43 94 19 67 31 67 102 55 47 56 54 60 68 99 21 70 43 63 105 67 71 69 
27 37 72 15 62 77 14 82 53 30 20 53 59 55 34 76 43 76 55 47 74 101 44 15 111 28 82 84 41 87 22 51 60 58 66 48 17 0 68 72 42 36 38 30 36 14 19 84 70 34 49 40 37 49 35 61 63 30 39 80 16 54 37 76 93 53 46 54 66 51 52 92 9 68 56 49 101 67 57 53 
55 35 97 82 87 100 79 77 43 40 67 85 29 23 34 10 27 106 72 80 82 63 43 62 78 59 15 46 33 38 80 28 87 39 28 21 82 68 0 108 27 68 45 70 31 56 53 68 94 85 69 54 87 56 86 92 91 48 53 12 64 18 75 103 41 55 57 56 103 31 23 48 61 60 97 19 72 66 11 21 
98 76 15 76 21 18 62 53 66 75 54 23 81 85 88 117 97 9 37 29 37 94 65 62 94 54 122 86 76 99 91 79 21 72 86 89 61 72 108 0 96 42 63 45 87 70 86 65 17 39 39 54 36 52 39 16 17 97 55 119 60 89 38 12 104 54 50 53 6 77 107 96 68 57 17 95 85 50 99 106 
28 21 89 56 78 93 55 80 42 22 47 73 36 28 9 35 1 97 64 68 80 80 36 40 94 43 41 61 24 58 53 28 77 42 40 16 58 42 27 96 0 54 34 53 10 33 26 75 86 66 60 44 69 50 67 81 81 21 42 39 42 23 60 95 63 51 49 52 91 30 11 66 37 62 83 11 85 65 18 11 
57 35 37 46 26 42 33 48 32 32 16 20 46 47 45 78 55 44 19 14 38 76 27 23 83 12 83 61 35 70 58 41 25 38 52 48 33 36 68 42 54 0 23 8 44 29 46 53 35 20 13 15 21 19 21 28 29 56 16 80 21 50 7 42 76 24 16 24 37 39 64 71 29 37 29 53 73 33 59 64 
47 13 55 52 44 59 43 49 16 15 26 40 25 24 28 55 35 63 30 35 46 63 6 25 74 15 60 46 13 52 59 18 43 20 32 26 44 38 45 63 34 23 0 26 25 25 36 48 52 41 26 10 43 16 42 48 47 43 8 57 25 27 30 61 58 18 15 19 58 17 44 55 29 33 52 31 64 33 36 43 
53 36 42 39 32 47 26 56 37 32 10 23 50 50 44 80 54 47 26 18 45 83 31 17 90 11 85 68 37 76 51 44 30 44 57 50 26 30 70 45 53 8 26 0 44 25 41 60 40 15 21 20 17 26 16 32 34 52 21 82 15 53 7 47 82 31 23 31 39 43 64 77 24 45 30 54 80 41 60 64 
29 12 79 51 68 83 48 72 34 12 38 64 31 24 4 40 10 87 55 58 71 76 27 32 89 33 46 57 15 56 50 22 67 35 36 13 51 36 31 87 10 44 25 44 0 25 23 67 76 57 50 34 60 41 58 71 72 23 33 44 34 20 50 85 61 42 40 43 81 24 20 63 30 54 73 13 80 57 20 20 
28 24 66 28 55 71 23 72 40 17 16 48 46 42 23 65 33 72 46 42 65 88 31 8 98 18 71 70 28 74 34 37 54 44 53 36 26 14 56 70 33 29 25 25 25 0 16 72 64 35 40 29 38 37 36 56 58 27 27 68 11 41 32 71 80 41 35 42 64 37 43 78 5 56 54 37 89 55 45 44 
12 29 83 30 72 87 33 85 51 23 32 65 52 45 19 61 26 89 62 59 80 96 41 24 108 34 67 78 34 79 28 43 70 53 58 36 36 19 53 86 26 46 36 41 23 16 0 84 80 50 56 43 53 51 51 73 74 12 41 64 26 43 49 88 84 54 49 55 80 44 35 85 18 69 70 35 99 69 42 35 
94 56 50 96 46 50 85 14 34 61 66 53 40 48 71 74 75 59 37 53 28 29 42 69 30 56 77 26 52 40 106 47 48 33 39 60 85 84 68 65 75 53 48 60 67 72 84 0 48 71 40 44 71 35 72 53 50 89 45 74 69 54 57 55 44 31 38 30 65 44 80 33 75 16 66 66 21 20 65 79 
92 65 3 76 8 7 62 36 51 65 49 17 66 71 78 103 87 12 23 22 20 77 52 57 77 46 108 69 64 82 90 66 10 57 70 77 61 70 94 17 86 35 52 40 76 64 80 48 0 40 26 42 38 38 40 10 6 90 44 104 55 76 33 9 88 39 37 39 18 63 96 78 64 40 23 83 68 33 87 95 
61 50 41 37 33 46 24 64 51 45 19 23 65 65 57 94 67 44 34 20 51 95 45 27 101 26 100 81 52 90 52 59 31 58 71 64 22 34 85 39 66 20 41 15 57 35 50 71 40 0 30 35 3 39 2 30 33 61 35 97 24 67 14 44 96 44 36 44 32 58 77 91 32 56 22 68 91 51 74 77 
68 39 29 59 18 33 47 35 27 39 29 17 43 46 52 78 60 37 6 14 25 65 26 35 71 22 83 53 38 64 71 41 18 34 48 51 47 49 69 39 60 13 26 21 50 40 56 40 26 30 0 16 31 13 32 23 22 65 18 80 34 51 17 35 70 16 12 16 35 38 70 63 42 26 31 57 61 21 61 69 
54 23 45 53 34 49 42 43 17 23 24 31 30 32 37 64 44 53 20 26 38 63 12 26 72 12 69 48 22 56 62 26 34 23 37 35 43 40 54 54 44 15 10 20 34 29 43 44 42 35 16 0 36 9 36 38 38 51 2 66 25 36 22 51 62 13 6 14 49 24 54 57 31 28 43 41 62 27 45 53 
64 52 39 39 32 45 26 64 53 48 22 22 67 67 59 97 69 42 35 19 50 96 47 29 102 28 102 83 54 92 54 61 30 60 73 67 24 37 87 36 69 21 43 17 60 38 53 71 38 3 31 36 0 40 2 29 32 64 37 99 27 70 15 42 98 45 37 45 30 60 80 92 35 57 19 71 92 52 77 80 
62 29 41 61 31 44 50 34 14 31 31 30 30 33 43 66 50 50 15 26 30 57 14 34 64 21 70 42 27 52 71 28 31 21 35 39 50 49 56 52 50 19 16 26 41 37 51 35 38 39 13 9 40 0 41 36 35 59 10 67 34 38 26 47 58 5 3 6 48 26 59 52 40 20 43 45 54 18 49 58 
61 51 42 37 34 47 24 65 53 47 20 24 66 66 58 96 68 44 36 21 52 97 47 28 103 28 101 83 53 92 52 61 32 60 73 66 22 35 86 39 67 21 42 16 58 36 51 72 40 2 32 36 2 41 0 31 34 62 37 98 25 69 15 45 98 45 38 46 32 59 78 92 33 58 22 69 93 53 76 78 
85 61 11 67 7 16 53 42 50 60 41 8 65 69 73 101 82 16 21 14 26 81 49 49 83 40 106 72 60 84 81 64 5 56 70 73 52 61 92 16 81 28 48 32 71 56 73 53 10 30 23 38 29 36 31 0 4 83 40 103 47 74 24 15 90 38 34 38 13 61 91 81 56 43 14 79 74 36 83 91 
86 61 8 70 4 14 56 38 48 60 43 10 64 68 73 100 82 15 20 16 23 78 48 51 79 41 105 69 60 82 84 63 4 54 68 73 55 63 91 17 81 29 47 34 72 58 74 50 6 33 22 38 32 35 34 4 0 85 40 102 49 73 26 14 87 37 34 36 15 60 91 79 58 40 18 79 70 33 83 91 
7 33 93 40 82 98 44 93 56 29 44 75 54 47 19 55 22 99 71 69 89 99 47 35 112 44 61 80 38 79 33 45 81 57 59 35 47 30 48 97 21 56 43 52 23 27 12 89 90 61 65 51 64 59 62 83 85 0 49 59 38 43 59 98 84 61 57 63 91 47 27 86 30 75 81 32 103 77 39 29 
53 21 47 52 36 51 42 44 17 22 23 33 29 31 35 62 43 55 22 28 39 64 11 25 72 12 67 48 20 55 61 25 35 23 36 34 43 39 53 55 42 16 8 21 33 27 41 45 44 35 18 2 37 10 37 40 40 49 0 64 25 34 23 53 61 13 8 15 51 23 52 57 31 29 45 39 63 28 44 51 
66 47 108 94 98 110 92 85 53 53 79 96 38 34 46 4 38 116 82 92 91 64 54 74 80 71 3 50 45 39 92 39 98 48 35 33 94 80 12 119 39 80 57 82 44 68 64 74 104 97 80 66 99 67 98 103 102 59 64 0 76 30 87 113 40 65 68 66 114 42 32 49 73 69 109 31 75 75 23 30 
38 29 57 27 47 62 18 67 40 23 6 39 49 47 33 73 43 63 39 33 58 88 32 2 97 13 79 71 33 77 37 42 45 46 56 43 19 16 64 60 42 21 25 15 34 11 26 69 55 24 34 25 27 34 25 47 49 38 25 76 0 48 23 62 83 38 31 39 54 41 53 80 9 53 44 46 87 51 53 53 
49 18 79 69 69 82 64 62 26 25 50 67 14 6 25 28 23 88 53 62 65 57 24 46 71 41 33 39 16 36 71 10 69 23 18 7 67 54 18 89 23 50 27 53 20 41 43 54 76 67 51 36 70 38 69 74 73 43 34 30 48 0 57 85 41 37 39 38 85 13 26 44 47 45 79 12 63 49 11 24 
60 41 35 45 25 40 31 52 39 38 17 16 53 54 51 85 60 40 22 10 39 82 34 25 88 17 90 68 42 77 58 48 23 45 59 55 31 37 75 38 60 7 30 7 50 32 49 57 33 14 17 22 15 26 15 24 26 59 23 87 23 57 0 39 83 30 23 31 32 46 70 77 31 43 23 60 78 38 65 70 
99 74 6 82 17 6 68 42 60 73 56 23 75 80 87 112 95 4 32 29 27 83 61 64 82 54 117 77 73 91 96 75 18 65 79 86 67 76 103 12 95 42 61 47 85 71 88 55 9 44 35 51 42 47 45 15 14 98 53 113 62 85 39 0 96 48 46 48 16 72 105 86 71 49 25 92 74 41 96 104 
90 56 91 108 83 91 101 58 45 63 84 86 34 39 66 42 63 100 69 83 70 25 52 82 41 72 42 19 52 6 111 42 84 38 27 48 102 93 41 104 63 76 58 82 61 80 84 44 88 96 70 62 98 58 98 90 87 84 61 40 83 41 83 96 0 54 61 54 102 42 62 12 85 47 100 52 37 55 46 61 
65 30 42 65 33 45 54 31 12 33 36 33 27 32 45 64 51 51 17 30 29 52 15 38 60 25 68 38 27 48 75 27 33 18 32 39 55 53 55 54 51 24 18 31 42 41 54 31 39 44 16 13 45 5 45 38 37 61 13 65 38 37 30 48 54 0 8 1 50 24 59 47 44 15 47 45 50 15 48 58 
61 28 40 58 30 44 47 37 17 29 28 28 32 34 42 67 50 49 15 24 31 60 15 31 67 18 72 45 27 55 68 29 30 23 37 39 47 46 57 50 49 16 15 23 40 35 49 38 37 36 12 6 37 3 38 34 34 57 8 68 31 39 23 46 61 8 0 9 46 27 59 55 37 23 41 45 57 21 49 58 
67 31 42 66 32 44 55 30 12 34 37 33 28 33 46 65 53 50 17 30 28 51 16 39 59 26 69 37 28 48 76 28 32 18 32 40 56 54 56 53 52 24 19 31 43 42 55 30 39 44 16 14 45 6 46 38 36 63 15 66 39 38 31 48 54 1 9 0 50 25 60 47 45 14 47 46 49 14 49 59 
91 71 16 69 19 20 56 53 62 69 48 18 77 80 82 113 91 13 34 23 37 93 61 56 94 48 118 84 71 97 84 75 18 68 82 84 54 66 103 6 91 37 58 39 81 64 80 65 18 32 35 49 30 48 32 13 15 91 51 114 54 85 32 16 102 50 46 50 0 73 101 94 62 55 11 90 85 48 94 101 
52 15 66 66 56 69 59 51 13 22 42 55 8 8 28 40 31 75 41 50 53 52 13 40 65 32 45 34 10 36 70 3 56 11 15 16 60 51 31 77 30 39 17 43 24 37 44 44 63 58 38 24 60 26 59 61 60 47 23 42 41 13 46 72 42 24 27 25 73 0 37 41 42 33 67 22 56 37 24 35 
34 31 99 65 88 103 66 87 50 32 58 84 40 32 20 28 10 107 74 78 88 82 44 51 96 53 34 64 32 59 61 34 87 48 43 21 68 52 23 107 11 64 44 64 20 43 35 80 96 77 70 54 80 59 78 91 91 27 52 32 53 26 70 105 62 59 59 60 101 37 0 68 48 69 93 14 89 73 17 2 
92 56 81 106 75 81 98 47 40 63 80 79 33 40 67 51 66 90 61 76 60 15 49 79 31 69 51 10 51 10 111 42 76 34 27 51 99 92 48 96 66 71 55 77 63 78 85 33 78 91 63 57 92 52 92 81 79 86 57 49 80 44 77 86 12 47 55 47 94 41 68 0 83 39 93 55 26 46 51 66 
29 29 66 23 55 71 18 74 44 22 15 47 51 47 28 70 38 71 47 42 66 92 35 7 102 20 76 75 33 79 30 42 54 49 58 41 21 9 61 68 37 29 29 24 30 5 18 75 64 32 42 31 35 40 33 56 58 30 31 73 9 47 31 71 85 44 37 45 62 42 48 83 0 59 52 43 93 58 50 48 
80 43 43 81 36 44 69 18 20 47 51 41 31 38 58 68 63 52 23 39 23 40 28 54 45 40 72 29 39 42 90 35 37 22 33 48 70 68 60 57 62 37 33 45 54 56 69 16 40 56 26 28 57 20 58 43 40 75 29 69 53 45 43 49 47 15 23 14 55 33 69 39 59 0 55 55 35 7 56 68 
81 64 23 59 20 28 45 56 58 61 38 14 73 75 74 107 83 23 31 17 40 94 55 46 96 40 112 83 64 94 74 69 18 64 78 78 43 56 97 17 83 29 52 30 73 54 70 66 23 22 31 43 19 43 22 14 18 81 45 109 44 79 23 25 100 47 41 47 11 67 93 93 52 55 0 83 87 48 88 93 
39 19 86 63 75 89 61 73 35 23 50 72 26 18 16 28 11 94 60 66 74 69 31 44 83 43 33 51 19 47 62 20 75 33 30 7 63 49 19 95 11 53 31 54 13 37 35 66 83 68 57 41 71 45 69 79 79 32 39 31 46 12 60 92 52 45 45 46 90 22 14 55 43 55 83 0 75 59 8 13 
108 70 70 115 67 69 104 32 49 76 85 74 50 58 84 76 86 78 57 73 48 13 58 87 10 75 77 25 65 36 123 58 69 46 46 69 105 101 72 85 85 73 64 80 80 89 99 21 68 91 61 62 92 54 93 74 70 103 63 75 87 63 78 74 37 50 57 49 85 56 89 26 93 35 87 75 0 40 72 87 
80 45 36 78 29 37 66 16 24 48 48 34 37 43 60 74 66 45 17 33 17 46 30 52 50 38 78 37 42 49 88 40 30 27 39 52 67 67 66 50 65 33 33 41 57 55 69 20 33 51 21 27 52 18 53 36 33 77 28 75 51 49 38 41 55 15 21 14 48 37 73 46 58 7 48 59 40 0 60 72 
46 24 90 71 79 93 68 73 37 29 56 76 25 17 23 20 17 98 64 71 76 65 34 51 80 49 26 48 24 42 70 21 79 34 27 10 71 57 11 99 18 59 36 60 20 45 42 65 87 74 61 45 77 49 76 83 83 39 44 23 53 11 65 96 46 48 49 49 94 24 17 51 50 56 88 8 72 60 0 15 
35 30 98 66 87 102 66 86 48 32 58 83 38 31 20 27 10 106 73 77 87 80 43 51 95 53 32 62 31 57 62 33 86 46 41 20 69 53 21 106 11 64 43 64 20 44 35 79 95 77 69 53 80 58 78 91 91 29 51 30 53 24 70 104 61 58 58 59 101 35 2 66 48 68 93 13 87 72 15 0 
0 403 27 208 8 1670 55 297 86 16 54 47 68 281 612 130 225 582 3000 327 16 28 22 147 58 2581 872 9 19 169 2681 257 12 174 8 42 1891 257 278 129 12 209 11 82 376 13 11 336 3000 1604 405 11 142 26 159 86 432 14 43 257 65 580 95 278 15 17 428 232 253 986 0 350 49 1011 44 22 2608 88 81 71 
403 0 33 0 10 1275 22 13 25 0 198 182 105 0 0 3000 78 662 34 0 0 0 781 0 0 153 14 65 11 31 0 12 3000 0 172 21 11 941 0 26 24 34 0 0 0 34 14 279 2148 0 502 698 44 273 409 0 45 436 34 0 16 42 0 0 210 354 13 2578 0 54 0 0 0 0 38 7 23 31 0 740 
27 33 0 106 140 614 152 1123 29 89 1396 617 13 0 3000 298 77 38 603 126 516 17 75 104 0 262 15 2809 13 12 0 56 80 0 37 159 553 70 140 0 931 36 65 401 0 138 88 79 74 2686 31 11 14 83 0 26 36 1234 610 0 563 34 283 0 3000 1317 0 196 656 9 306 0 9 203 17 251 48 3000 143 1136 
208 0 106 0 86 0 0 230 69 1732 0 0 20 75 81 166 0 28 0 15 30 1420 0 1312 194 63 71 0 0 1643 8 741 0 61 147 0 153 675 529 0 25 184 8 277 393 25 667 0 336 653 0 0 355 0 3000 12 0 111 0 563 0 0 225 194 222 0 0 1178 99 0 53 192 85 8 3000 3000 0 634 167 0 
8 10 140 86 0 0 0 30 37 410 23 75 16 0 91 640 19 43 14 2428 542 194 21 60 0 718 425 27 8 16 0 131 13 0 495 0 11 391 126 0 57 43 33 281 0 854 0 0 23 194 765 84 108 2037 0 60 10 71 1702 0 3000 13 10 0 22 0 0 189 26 133 106 0 16 72 40 647 18 78 131 182 
1670 1275 614 0 0 0 28 42 19 0 0 906 408 0 31 127 210 0 853 14 163 40 193 167 0 269 1376 321 14 161 182 200 658 18 109 10 292 8 941 46 0 415 14 500 63 3000 74 153 0 93 0 0 0 311 85 0 365 14 100 26 178 277 0 135 25 7 417 489 0 0 0 1765 0 239 427 217 602 524 0 169 
55 22 152 0 0 28 0 143 397 0 0 31 1514 0 193 43 55 0 322 65 15 10 52 48 0 878 251 0 99 36 261 29 1047 30 113 12 362 156 3000 555 0 20 430 634 10 1194 13 22 0 11 0 0 0 20 45 0 0 3000 76 19 31 109 0 0 43 11 3000 2178 0 0 0 188 0 28 567 195 135 1171 0 1669 
297 13 1123 230 30 42 143 0 18 9 0 106 1446 1200 84 137 194 285 179 223 52 708 101 14 118 211 99 242 728 589 177 21 17 421 33 1261 3000 1332 20 191 1244 114 225 1457 20 1301 16 9 171 10 34 19 51 38 2424 31 3000 10 173 30 9 65 12 133 95 29 201 69 13 145 0 176 133 1931 492 42 146 386 228 293 
86 25 29 69 37 19 397 18 0 0 88 65 89 0 153 457 929 66 431 136 372 91 194 24 0 202 2582 31 162 68 38 8 18 63 35 166 122 267 48 75 188 147 149 604 15 11 16 257 1064 17 15 839 220 25 53 0 315 89 102 25 92 530 0 527 560 9 12 46 573 238 0 453 438 55 25 60 12 14 0 175 
16 0 89 1732 410 0 0 9 0 0 0 0 201 401 9 8 0 82 0 363 9 611 0 49 83 1099 0 259 0 10 223 301 0 293 201 0 73 140 94 0 2654 3000 740 48 194 0 0 0 12 22 0 0 301 7 0 133 201 0 0 313 0 0 41 31 241 0 0 507 1108 0 110 154 18 36 29 458 0 485 11 0 
54 198 1396 0 23 0 0 0 88 0 0 769 33 0 0 10 18 192 10 7 7 0 271 211 0 41 0 264 114 12 0 48 821 0 64 91 388 20 0 0 91 0 1941 0 0 0 0 130 47 0 202 87 218 258 0 752 294 35 318 0 13 58 0 0 0 0 0 292 0 8 71 0 52 0 1645 346 23 1590 0 222 
47 182 617 0 75 906 31 106 65 0 769 0 18 0 133 83 62 414 34 439 61 192 1150 87 0 2153 16 200 122 100 12 17 50 256 29 19 39 18 105 50 376 22 61 1101 48 14 33 42 1243 232 370 10 28 99 92 0 1116 332 459 72 267 35 0 0 150 18 1111 19 0 922 0 25 103 1061 45 12 8 182 0 669 
68 105 13 20 16 408 1514 1446 89 201 33 18 0 13 128 8 101 2769 132 23 1994 7 162 329 85 563 141 34 1112 1932 1275 67 290 299 263 27 416 23 123 376 830 571 313 710 221 159 81 149 31 8 121 419 81 358 59 80 23 2421 126 306 295 196 14 13 14 10 168 213 50 448 0 104 3000 400 413 261 8 413 2408 214 
281 0 0 75 0 0 0 1200 0 401 0 0 13 0 20 0 0 0 0 2744 879 269 0 167 26 18 30 0 0 0 1935 46 0 74 0 0 22 367 787 0 0 66 78 13 857 60 8 0 0 10 0 0 0 0 46 0 0 0 0 23 0 0 0 26 532 0 0 0 51 0 0 584 175 813 12 15 0 0 10 0 
612 0 3000 81 91 31 193 84 153 9 0 133 128 20 0 190 0 80 0 474 48 272 0 423 86 821 37 406 0 270 343 9 0 523 115 0 101 169 9 0 10 19 234 386 243 154 176 0 14 519 0 0 62 380 10 92 0 52 0 146 0 0 476 25 543 0 0 450 228 0 27 80 73 48 720 1281 0 185 117 0 
130 3000 298 166 640 127 43 137 457 8 10 83 8 0 190 0 77 148 116 31 847 18 25 72 0 248 180 1284 620 84 0 37 405 0 15 246 180 28 536 70 72 29 513 1309 0 2117 1042 85 379 19 57 696 724 34 92 229 7 1217 51 0 11 324 257 0 142 317 42 1352 157 42 423 0 277 46 21 352 3000 3000 17 66 
225 78 77 0 19 210 55 194 929 0 18 62 101 0 0 77 0 426 21 550 80 0 247 3000 0 264 22 591 46 130 0 201 12 0 26 32 259 57 0 10 477 177 222 0 0 53 102 19 45 0 15 3000 88 134 244 0 194 17 210 0 148 216 0 0 522 3000 18 266 0 40 0 0 465 0 8 1555 38 30 0 203 
582 662 38 28 43 0 0 285 66 82 192 414 2769 0 80 148 426 0 216 127 107 22 25 36 133 85 66 44 43 732 31 399 29 0 184 0 481 541 26 0 12 1066 396 118 614 38 0 0 203 278 288 133 553 16 0 3000 38 85 301 86 1200 715 158 59 65 0 0 798 379 814 47 98 64 1809 73 233 55 170 1817 155 
3000 34 603 0 14 853 322 179 431 0 10 34 132 0 0 116 21 216 0 900 948 37 68 228 0 414 32 178 2640 110 0 150 61 0 1174 18 642 35 0 119 131 29 8 0 0 332 132 186 24 0 35 673 15 86 639 0 3000 326 2668 0 1490 17 0 0 60 76 219 9 0 73 0 0 37 187 535 708 82 521 0 340 
327 0 126 15 2428 14 65 223 136 363 7 439 23 2744 474 31 550 127 900 0 43 29 3000 20 68 10 12 882 583 2233 68 80 8 77 599 0 3000 48 10 0 518 214 561 194 11 48 2456 0 3000 12 13 524 462 8 487 146 443 2221 698 9 21 404 1014 13 161 0 0 194 7 284 2806 3000 13 9 330 2620 0 316 109 575 
16 0 516 30 542 163 15 52 372 9 7 61 1994 879 48 847 80 107 948 43 0 7 50 26 1311 46 143 210 388 184 334 62 246 3000 13 0 1881 450 82 0 3000 34 14 61 325 79 629 0 23 868 2260 1647 386 515 20 129 22 547 464 11 38 36 57 106 251 0 0 684 56 279 91 220 10 135 181 21 0 14 1015 11 
28 0 17 1420 194 40 10 708 91 611 0 192 7 269 272 18 0 22 37 29 7 0 10 15 3000 9 1153 55 34 28 662 3000 0 19 14 0 34 48 139 0 294 69 30 33 213 2343 14 0 12 202 436 0 17 452 342 819 141 18 30 12 431 393 9 26 202 0 0 27 13 0 16 519 998 533 77 118 0 75 23 47 
22 781 75 0 21 193 52 101 194 0 271 1150 162 0 0 25 247 25 68 3000 50 10 0 109 0 8 105 42 9 2160 0 54 17 0 57 381 51 11 0 20 14 27 10 0 0 121 9 564 40 0 43 21 125 159 321 0 40 211 1925 0 259 46 0 0 1514 143 11 28 0 45 0 0 279 552 26 27 313 819 0 470 
147 0 104 1312 60 167 48 14 24 49 211 87 329 167 423 72 3000 36 228 20 26 15 109 0 1677 198 105 60 2940 39 46 54 3000 592 18 0 803 760 114 0 33 9 207 33 42 9 695 0 39 1160 58 10 2246 31 3000 9 11 184 141 496 196 40 8 19 138 0 0 1010 17 216 816 1318 394 199 702 1161 0 162 9 34 
58 0 0 194 0 0 0 118 0 83 0 0 85 26 86 0 0 133 0 68 1311 3000 0 1677 0 999 154 0 0 1667 307 1857 0 93 505 0 1872 77 3000 0 0 3000 19 593 313 10 47 0 0 11 0 0 0 0 54 186 0 0 0 8 0 0 114 18 705 0 0 573 37 0 0 197 98 10 1194 58 0 0 12 0 
2581 153 262 63 718 269 878 211 202 1099 41 2153 563 18 821 248 264 85 414 10 46 9 8 198 999 0 390 220 215 155 57 363 58 3000 24 39 123 29 147 3000 108 86 119 939 86 26 42 65 11 96 17 34 343 73 401 924 13 459 78 24 21 69 447 29 125 22 61 372 75 7 0 707 364 51 21 67 14 1901 135 12 
872 14 15 71 425 1376 251 99 2582 0 0 16 141 30 37 180 22 66 32 12 143 1153 105 105 154 390 0 594 75 8 783 116 226 119 9 67 795 132 27 778 86 20 178 210 278 55 940 3000 9 132 0 212 127 12 237 0 22 833 860 205 36 617 0 3000 91 213 56 16 2183 3000 0 308 55 36 66 205 425 16 7 76 
9 65 2809 0 27 321 0 242 31 259 264 200 34 0 406 1284 591 44 178 882 210 55 42 60 0 220 594 0 49 562 0 928 135 0 8 143 16 10 0 0 256 94 85 0 0 1740 0 393 148 363 141 25 47 19 0 211 179 182 1227 0 47 242 204 0 74 27 67 22 0 3000 68 0 21 59 678 435 1519 367 9 375 
19 11 13 0 8 14 99 728 162 0 114 122 1112 0 0 620 46 43 2640 583 388 34 9 2940 0 215 75 49 0 2389 0 559 8 337 820 266 227 81 0 294 357 20 12 33 96 12 552 501 644 313 10 60 186 84 290 0 40 15 750 137 2037 321 0 0 36 274 1156 37 0 231 0 0 0 3000 11 141 860 9 0 36 
169 31 12 1643 16 161 36 589 68 10 12 100 1932 0 270 84 130 732 110 2233 184 28 2160 39 1667 155 8 562 2389 0 7 552 157 0 3000 56 12 12 71 0 733 84 23 81 15 13 10 235 10 9 147 7 697 41 35 332 130 57 3000 8 24 807 1620 39 178 1040 0 261 186 63 203 298 2650 188 20 27 42 120 445 345 
2681 0 0 8 0 182 261 177 38 223 0 12 1275 1935 343 0 0 31 0 68 334 662 0 46 307 57 783 0 0 7 0 192 0 128 16 0 51 40 23 63 0 53 199 98 349 25 16 0 0 31 0 0 0 0 380 0 0 75 0 1523 0 0 60 485 1954 0 0 242 111 0 0 31 3000 20 406 9 0 0 1033 0 
257 12 56 741 131 200 29 21 8 301 48 17 67 46 9 37 201 399 150 80 62 3000 54 54 1857 363 116 928 559 552 192 0 18 21 8 23 997 594 21 1194 1237 82 696 1712 77 449 369 9 266 1334 23 212 27 240 237 17 623 59 23 16 34 12 142 403 3000 123 15 48 1764 32 137 13 1332 23 480 95 341 209 112 90 
12 3000 80 0 13 658 1047 17 18 0 821 50 290 0 0 405 12 29 61 8 246 0 17 3000 0 58 226 135 8 157 0 18 0 0 15 88 86 3000 0 0 16 0 66 0 0 525 0 243 712 0 31 1313 33 1143 0 0 64 15 523 0 145 106 0 0 0 40 36 544 0 26 0 0 1835 0 33 94 187 83 0 1170 
174 0 0 61 0 18 30 421 63 293 0 256 299 74 523 0 0 0 0 77 3000 19 0 592 93 3000 119 0 337 0 128 21 0 0 10 685 67 31 90 3000 0 1450 739 12 101 1133 40 1394 0 34 0 0 0 0 3000 0 0 1120 0 79 0 0 0 103 363 8 708 1528 342 0 0 19 195 77 62 1066 0 0 577 210 
8 172 37 147 495 109 113 33 35 201 64 29 263 0 115 15 26 184 1174 599 13 14 57 18 505 24 9 8 820 3000 16 8 15 10 0 269 125 91 472 0 174 17 46 29 3000 52 17 34 46 856 349 91 248 31 2621 818 299 2411 319 2377 411 1385 62 46 298 184 87 58 18 40 7 350 57 2986 162 1219 155 129 7 306 
42 21 159 0 0 10 12 1261 166 0 91 19 27 0 0 246 32 0 18 0 0 0 381 0 0 39 67 143 266 56 0 23 88 685 269 0 146 1272 0 1230 45 8 0 0 0 16 49 15 1231 0 80 114 90 70 123 0 1213 62 169 0 1180 21 0 0 334 178 17 220 0 36 0 0 0 382 34 22 81 22 0 1757 
1891 11 553 153 11 292 362 3000 122 73 388 39 416 22 101 180 259 481 642 3000 1881 34 51 803 1872 123 795 16 227 12 51 997 86 67 125 146 0 22 261 65 76 13 13 127 18 28 43 193 194 20 27 61 195 242 1989 0 117 21 481 340 81 59 0 208 3000 396 44 830 221 42 0 1251 25 23 25 20 320 105 1626 29 
257 941 70 675 391 8 156 1332 267 140 20 18 23 367 169 28 57 541 35 48 450 48 11 760 77 29 132 10 81 12 40 594 3000 31 91 1272 22 0 8 1295 13 18 28 31 228 126 613 723 10 89 184 3000 3000 194 527 7 72 360 361 222 62 615 8 33 21 20 26 652 15 191 328 13 82 14 29 60 7 8 99 293 
278 0 140 529 126 941 3000 20 48 94 0 105 123 787 9 536 0 26 0 10 82 139 0 114 3000 147 27 0 0 71 23 21 0 90 472 0 261 8 0 0 32 11 164 904 15 9 42 0 1208 176 0 0 0 0 16 135 0 43 0 170 0 0 406 7 344 0 0 239 12 0 71 103 24 44 15 930 0 199 211 0 
129 26 0 0 0 46 555 191 75 0 0 50 376 0 0 70 10 0 119 0 0 0 20 0 0 3000 778 0 294 0 63 1194 0 3000 0 1230 65 1295 0 0 0 370 0 999 20 14 42 9 0 3000 0 0 0 3000 126 0 0 16 302 393 57 0 0 0 30 1347 1129 62 0 0 0 0 0 470 90 40 203 0 0 37 
12 24 931 25 57 0 0 1244 188 2654 91 376 830 0 10 72 477 12 131 518 3000 294 14 33 0 108 86 256 357 733 0 1237 16 0 174 45 76 13 32 0 0 439 8 0 0 56 0 35 222 52 32 1397 51 89 0 30 3000 3000 235 0 39 19 10 0 14 0 0 94 187 1172 3000 0 736 545 29 121 10 48 111 29 
209 34 36 184 43 415 20 114 147 3000 0 22 571 66 19 29 177 1066 29 214 34 69 27 9 3000 86 20 94 20 84 53 82 0 1450 17 8 13 18 11 370 439 0 314 440 266 116 2216 8 18 45 0 0 0 61 519 0 17 453 8 7 247 28 0 9 2264 26 837 13 9 0 0 52 14 3000 74 131 369 2480 30 8 
11 0 65 8 33 14 430 225 149 740 1941 61 313 78 234 513 222 396 8 561 14 30 10 207 19 119 178 85 12 23 199 696 66 739 46 0 13 28 164 0 8 314 0 2197 68 34 46 0 509 209 149 76 749 50 2352 21 250 84 140 8 632 411 111 81 2087 0 0 60 43 123 7 200 469 170 43 244 0 12 171 431 
82 0 401 277 281 500 634 1457 604 48 0 1101 710 13 386 1309 0 118 0 194 61 33 0 33 593 939 210 0 33 81 98 1712 0 12 29 0 127 31 904 999 0 440 2197 0 103 2415 17 0 0 1149 0 0 0 0 11 347 0 60 0 68 0 0 413 12 156 0 9 334 168 0 0 40 3000 473 8 949 0 0 565 0 
376 0 0 393 0 63 10 20 15 194 0 48 221 857 243 0 0 614 0 11 325 213 0 42 313 86 278 0 96 15 349 77 0 101 3000 0 18 228 15 20 0 266 68 103 0 8 111 0 0 37 0 0 0 0 3000 0 0 266 0 87 0 0 0 171 118 361 9 754 136 0 0 73 395 120 40 82 0 0 96 8 
13 34 138 25 854 3000 1194 1301 11 0 0 14 159 60 154 2117 53 38 332 48 79 2343 121 9 10 26 55 1740 12 13 25 449 525 1133 52 16 28 126 9 14 56 116 34 2415 8 0 73 902 129 112 0 17 0 12 3000 0 544 9 827 19 381 56 0 1813 21 98 189 39 45 1132 0 20 375 75 49 3000 110 17 73 17 
11 14 88 667 0 74 13 16 16 0 0 33 81 8 176 1042 102 0 132 2456 629 14 9 695 47 42 940 0 552 10 16 369 0 40 17 49 43 613 42 42 0 2216 46 17 111 73 0 78 0 993 0 0 0 2689 172 0 0 206 2228 23 24 0 0 328 884 620 116 649 267 0 0 13 0 9 284 44 90 290 0 45 
336 279 79 0 0 153 22 9 257 0 130 42 149 0 0 85 19 0 186 0 0 0 564 0 0 65 3000 393 501 235 0 9 243 1394 34 15 193 723 0 9 35 8 0 0 0 902 78 0 99 0 120 18 0 667 138 0 179 101 29 0 102 2179 0 0 35 1116 81 38 0 27 0 0 0 654 78 12 31 290 0 9 
3000 2148 74 336 23 0 0 171 1064 12 47 1243 31 0 14 379 45 203 24 3000 23 12 40 39 0 11 9 148 644 10 0 266 712 0 46 1231 194 10 1208 0 222 18 509 0 0 129 0 99 0 30 333 121 273 51 0 11 517 362 21 0 19 985 137 0 1079 0 0 18 331 704 14 0 278 18 67 11 505 41 320 88 
1604 0 2686 653 194 93 11 10 17 22 0 232 8 10 519 19 0 278 0 12 868 202 0 1160 11 96 132 363 313 9 31 1334 0 34 856 0 20 89 176 3000 52 45 209 1149 37 112 993 0 30 0 0 0 51 75 15 88 0 102 0 1071 0 0 9 15 19 0 0 3000 209 0 30 85 82 1023 685 372 0 57 211 132 
405 502 31 0 765 0 0 34 15 0 202 370 121 0 0 57 15 288 35 13 2260 436 43 58 0 17 0 141 10 147 0 23 31 0 349 80 27 184 0 0 32 0 149 0 0 0 0 120 333 0 0 398 146 12 0 896 1140 205 31 0 31 23 703 0 0 96 0 33 0 100 10 0 2117 0 38 72 199 1004 0 110 
11 698 11 0 84 0 0 19 839 0 87 10 419 0 0 696 3000 133 673 524 1647 0 21 10 0 34 212 25 60 7 0 212 1313 0 91 114 61 3000 0 0 1397 0 76 0 0 17 0 18 121 0 398 0 72 2034 0 375 817 650 286 0 28 10 167 0 0 44 0 265 0 104 199 0 127 0 36 104 38 126 0 627 
142 44 14 355 108 0 0 51 220 301 218 28 81 0 62 724 88 553 15 462 386 17 125 2246 0 343 127 47 186 697 0 27 33 0 248 90 195 3000 0 0 51 0 749 0 0 0 0 0 273 51 146 72 0 8 0 1210 1612 206 37 0 50 35 297 0 0 0 0 112 0 13 43 0 49 0 139 1738 22 7 17 311 
26 273 83 0 2037 311 20 38 25 7 258 99 358 0 380 34 134 16 86 8 515 452 159 31 0 73 12 19 84 41 0 240 1143 0 31 70 242 194 0 3000 89 61 50 0 0 12 2689 667 51 75 12 2034 8 0 14 244 52 1422 207 0 47 14 82 0 562 14 167 22 0 1363 945 0 527 21 101 16 27 1326 0 62 
159 409 0 3000 0 85 45 2424 53 0 0 92 59 46 10 92 244 0 639 487 20 342 321 3000 54 401 237 0 290 35 380 237 0 3000 2621 123 1989 527 16 126 0 519 2352 11 3000 3000 172 138 0 15 0 0 0 14 0 0 0 260 102 225 501 0 0 449 181 53 8 21 31 0 0 18 0 115 162 191 30 1996 0 2200 
86 0 26 12 60 0 0 31 0 133 752 0 80 0 92 229 0 3000 0 146 129 819 0 9 186 924 0 211 0 332 0 17 0 0 818 0 0 7 135 0 30 0 21 347 0 0 0 0 11 88 896 375 1210 244 0 0 28 0 3000 0 22 42 50 16 0 0 0 111 7 37 1253 200 16 22 52 313 0 46 3000 0 
432 45 36 0 10 365 0 3000 315 201 294 1116 23 0 0 7 194 38 3000 443 22 141 40 11 0 13 22 179 40 130 0 623 64 0 299 1213 117 72 0 0 3000 17 250 0 0 544 0 179 517 0 1140 817 1612 52 0 28 0 12 8 0 120 119 1083 0 23 405 121 39 0 103 25 0 3000 0 710 38 187 3000 0 242 
14 436 1234 111 71 14 3000 10 89 0 35 332 2421 0 52 1217 17 85 326 2221 547 18 211 184 0 459 833 182 15 57 75 59 15 1120 2411 62 21 360 43 16 3000 453 84 60 266 9 206 101 362 102 205 650 206 1422 260 0 12 0 794 12 430 10 0 451 790 39 785 312 9 11 0 395 19 54 57 147 17 148 3000 51 
43 34 610 0 1702 100 76 173 102 0 318 459 126 0 0 51 210 301 2668 698 464 30 1925 141 0 78 860 1227 750 3000 0 23 523 0 319 169 481 361 0 302 235 8 140 0 0 827 2228 29 21 0 31 286 37 207 102 3000 8 794 0 0 8 168 0 0 33 23 939 20 0 14 0 0 809 739 66 1178 370 784 0 757 
257 0 0 563 0 26 19 30 25 313 0 72 306 23 146 0 0 86 0 9 11 12 0 496 8 24 205 0 137 8 1523 16 0 79 2377 0 340 222 170 393 0 7 8 68 87 19 23 0 0 1071 0 0 0 0 225 0 0 12 0 0 0 0 524 48 38 0 23 71 328 0 0 99 1591 56 35 76 0 0 452 0 
65 16 563 0 3000 178 31 9 92 0 13 267 295 0 0 11 148 1200 1490 21 38 431 259 196 0 21 36 47 2037 24 0 34 145 0 411 1180 81 62 0 57 39 247 632 0 0 381 24 102 19 0 31 28 50 47 501 22 120 430 8 0 0 12 0 0 141 199 313 166 0 55 0 0 1040 0 8 2671 3000 348 0 23 
580 42 34 0 13 277 109 65 530 0 58 35 196 0 0 324 216 715 17 404 36 393 46 40 0 69 617 242 321 807 0 12 106 0 1385 21 59 615 0 0 19 28 411 0 0 56 0 2179 985 0 23 10 35 14 0 42 119 10 168 0 12 0 1732 0 9 3000 43 1503 0 3000 12 0 46 0 97 814 43 1824 0 8 
95 0 283 225 10 0 0 12 0 41 0 0 14 0 476 257 0 158 0 1014 57 9 0 8 114 447 0 204 0 1620 60 142 0 0 62 0 0 8 406 0 10 0 111 413 0 0 0 0 137 9 703 167 297 82 0 50 1083 0 0 524 0 1732 0 104 0 0 0 1338 122 0 10 59 221 1298 894 8 0 15 7 0 
278 0 0 194 0 135 0 133 527 31 0 0 13 26 25 0 0 59 0 13 106 26 0 19 18 29 3000 0 0 39 485 403 0 103 46 0 208 33 7 0 0 9 81 12 171 1813 328 0 0 15 0 0 0 0 449 16 0 451 0 48 0 0 104 0 51 0 0 1073 23 0 0 556 11 21 649 310 0 0 214 0 
15 210 3000 222 22 25 43 95 560 241 0 150 14 532 543 142 522 65 60 161 251 202 1514 138 705 125 91 74 36 178 1954 3000 0 363 298 334 3000 21 344 30 14 2264 2087 156 118 21 884 35 1079 19 0 0 0 562 181 0 23 790 33 38 141 9 0 51 0 485 48 64 765 0 0 2109 142 98 7 46 585 8 13 17 
17 354 1317 0 0 7 11 29 9 0 0 18 10 0 0 317 3000 0 76 0 0 0 143 0 0 22 213 27 274 1040 0 123 40 8 184 178 396 20 0 1347 0 26 0 0 361 98 620 1116 0 0 96 44 0 14 53 0 405 39 23 0 199 3000 0 0 485 0 104 71 0 82 0 0 0 157 3000 155 57 2654 0 604 
428 13 0 0 0 417 3000 201 12 0 0 1111 168 0 0 42 18 0 219 0 0 0 11 0 0 61 56 67 1156 0 0 15 36 708 87 17 44 26 0 1129 0 837 0 9 9 189 116 81 0 0 0 0 0 167 8 0 121 785 939 23 313 43 0 0 48 104 0 754 0 0 0 0 0 783 29 875 12 50 0 147 
232 2578 196 1178 189 489 2178 69 46 507 292 19 213 0 450 1352 266 798 9 194 684 27 28 1010 573 372 16 22 37 261 242 48 544 1528 58 220 830 652 239 62 94 13 60 334 754 39 649 38 18 3000 33 265 112 22 21 111 39 312 20 71 166 1503 1338 1073 64 71 754 0 148 170 130 78 26 333 31 990 41 8 16 25 
253 0 656 99 26 0 0 13 573 1108 0 0 50 51 228 157 0 379 0 7 56 13 0 17 37 75 2183 0 0 186 111 1764 0 342 18 0 221 15 12 0 187 9 43 168 136 45 267 0 331 209 0 0 0 0 31 7 0 9 0 328 0 0 122 23 765 0 0 148 0 0 10 9 46 88 13 106 0 225 465 0 
986 54 9 0 133 0 0 145 238 0 8 922 448 0 0 42 40 814 73 284 279 0 45 216 0 7 3000 3000 231 63 0 32 26 0 40 36 42 191 0 0 1172 0 123 0 0 1132 0 27 704 0 100 104 13 1363 0 37 103 11 14 0 55 3000 0 0 0 82 0 170 0 0 10 0 313 0 34 385 657 88 0 24 
0 0 306 53 106 0 0 0 0 110 71 0 0 0 27 423 0 47 0 2806 91 16 0 816 0 0 0 68 0 203 0 137 0 0 7 0 0 328 71 0 3000 0 7 0 0 0 0 0 14 30 10 199 43 945 0 1253 25 0 0 0 0 12 10 0 0 0 0 130 10 10 0 0 8 0 29 201 0 143 10 0 
350 0 0 192 0 1765 188 176 453 154 0 25 104 584 80 0 0 98 0 3000 220 519 0 1318 197 707 308 0 0 298 31 13 0 19 350 0 1251 13 103 0 0 52 200 40 73 20 13 0 0 85 0 0 0 0 18 200 0 395 0 99 0 0 59 556 2109 0 0 78 9 0 0 0 21 904 1978 73 0 0 366 0 
49 0 9 85 16 0 0 133 438 18 52 103 3000 175 73 277 465 64 37 13 10 998 279 394 98 364 55 21 0 2650 3000 1332 1835 195 57 0 25 82 24 0 736 14 469 3000 395 375 0 0 278 82 2117 127 49 527 0 16 3000 19 809 1591 1040 46 221 11 142 0 0 26 46 313 8 21 0 359 604 22 0 463 48 336 
1011 0 203 8 72 239 28 1931 55 36 0 1061 400 813 48 46 0 1809 187 9 135 533 552 199 10 51 36 59 3000 188 20 23 0 77 2986 382 23 14 44 470 545 3000 170 473 120 75 9 654 18 1023 0 0 0 21 115 22 0 54 739 56 0 0 1298 21 98 157 783 333 88 0 0 904 359 0 48 2917 0 11 1426 46 
44 38 17 3000 40 427 567 492 25 29 1645 45 413 12 720 21 8 73 535 330 181 77 26 702 1194 21 66 678 11 20 406 480 33 62 162 34 25 29 15 90 29 74 43 8 40 49 284 78 67 685 38 36 139 101 162 52 710 57 66 35 8 97 894 649 7 3000 29 31 13 34 29 1978 604 48 0 143 16 68 56 151 
22 7 251 3000 647 217 195 42 60 458 346 12 261 15 1281 352 1555 233 708 2620 21 118 27 1161 58 67 205 435 141 27 9 95 94 1066 1219 22 20 60 930 40 121 131 244 949 82 3000 44 12 11 372 72 104 1738 16 191 313 38 147 1178 76 2671 814 8 310 46 155 875 990 106 385 201 73 22 2917 143 0 1303 1808 481 118 
2608 23 48 0 18 602 135 146 12 0 23 8 8 0 0 3000 38 55 82 0 0 0 313 0 0 14 425 1519 860 42 0 341 187 0 155 81 320 7 0 203 10 369 0 0 0 110 90 31 505 0 199 38 22 27 30 0 187 17 370 0 3000 43 0 0 585 57 12 41 0 657 0 0 0 0 16 1303 0 20 0 14 
88 31 3000 634 78 524 1171 386 14 485 1590 182 413 0 185 3000 30 170 521 316 14 75 819 162 0 1901 16 367 9 120 0 209 83 0 129 22 105 8 199 0 48 2480 12 0 0 17 290 290 41 57 1004 126 7 1326 1996 46 3000 148 784 0 348 1824 15 0 8 2654 50 8 225 88 143 0 463 11 68 1808 20 0 3000 36 
81 0 143 167 131 0 0 228 0 11 0 0 2408 10 117 17 0 1817 0 109 1015 23 0 9 12 135 7 9 0 445 1033 112 0 577 7 0 1626 99 211 0 111 30 171 565 96 73 0 0 320 211 0 0 17 0 0 3000 0 3000 0 452 0 0 7 214 13 0 0 16 465 0 10 366 48 1426 56 481 0 3000 0 0 
71 740 1136 0 182 169 1669 293 175 0 222 669 214 0 0 66 203 155 340 575 11 47 470 34 0 12 76 375 36 345 0 90 1170 210 306 1757 29 293 0 37 29 8 431 0 8 17 45 9 88 132 110 627 311 62 2200 0 242 51 757 0 23 8 0 0 17 604 147 25 0 24 0 0 336 46 151 118 14 36 0 0 
