80
0 56 48 30 35 28 63 44 76 63 53 37 21 24 40 30 38 28 54 67 45 33 25 63 18 42 39 64 69 30 34 55 73 62 68 66 16 23 57 37 8 29 59 41 64 48 46 64 36 52 51 17 20 46 40 32 17 14 67 24 30 62 50 31 63 31 67 61 36 58 43 27 23 59 51 21 18 24 57 37 
56 0 98 47 61 84 87 26 67 73 73 84 74 37 74 86 27 62 54 11 51 89 47 81 60 51 41 110 68 75 45 94 23 22 75 25 44 55 90 47 62 43 6 24 81 95 15 79 22 9 58 61 65 24 80 44 44 52 24 51 84 106 62 78 91 86 36 17 25 2 24 34 46 57 15 53 48 54 23 19 
48 98 0 78 78 30 46 77 85 61 48 62 47 62 76 35 86 38 66 109 60 28 52 53 39 59 87 18 73 24 58 23 118 95 67 99 64 68 31 85 41 78 102 77 55 7 92 57 82 97 60 38 58 80 24 80 54 46 100 71 23 18 55 60 40 39 94 107 73 99 90 65 71 71 88 45 66 70 90 79 
30 47 78 0 15 53 91 51 93 86 79 39 37 37 28 51 20 56 72 56 65 57 46 89 46 62 11 94 89 60 52 85 54 63 91 67 16 12 86 7 38 4 47 46 90 78 32 90 26 39 72 46 24 51 70 3 36 40 67 7 57 92 73 34 91 50 73 43 42 49 24 37 8 78 50 46 12 10 60 35 
35 61 78 15 0 50 99 64 106 96 87 28 32 48 13 47 35 63 84 71 76 53 56 98 53 73 22 96 100 64 63 89 67 77 101 81 26 13 92 16 42 19 61 60 99 80 47 99 41 53 83 52 20 65 75 17 46 47 81 14 56 94 83 24 98 44 87 57 55 64 38 49 19 89 65 54 20 11 74 50 
28 84 30 53 50 0 65 70 92 73 60 33 18 50 47 7 65 38 71 96 62 4 46 69 31 60 63 47 82 28 54 47 101 88 79 92 43 42 53 59 23 54 87 68 70 33 74 72 64 80 66 29 30 72 37 55 42 35 93 46 7 47 63 30 61 11 91 89 63 86 71 53 47 76 78 39 43 44 83 65 
63 87 46 91 99 65 0 61 44 20 14 95 76 58 102 72 88 36 36 96 36 66 46 9 46 37 97 42 33 38 44 24 110 74 24 77 75 86 15 97 58 89 93 64 11 40 88 13 80 90 30 47 82 64 28 92 56 52 78 86 58 37 26 90 7 76 67 102 63 87 92 60 84 37 73 45 80 87 70 73 
44 26 77 51 64 70 61 0 45 47 47 79 65 20 75 73 36 40 29 35 25 74 25 55 40 25 50 87 44 53 20 69 49 19 49 23 40 54 65 54 47 46 32 4 55 73 31 53 27 30 32 42 60 3 56 49 28 35 24 51 68 82 36 72 65 74 24 42 9 26 37 17 46 33 11 32 45 54 14 17 
76 67 85 93 106 92 44 45 0 25 37 113 96 57 114 98 81 55 23 71 32 95 52 36 63 34 94 86 12 66 43 66 88 46 20 46 79 94 57 98 75 89 72 49 34 79 75 31 72 74 27 64 96 46 61 92 61 63 48 92 87 80 30 107 51 101 34 84 53 66 82 56 87 17 52 56 85 94 44 62 
63 73 61 86 96 73 20 47 25 0 13 98 80 50 103 79 79 37 19 80 23 75 40 11 46 25 90 61 13 45 34 41 96 57 6 59 70 84 33 92 59 83 79 51 10 55 77 7 71 78 15 48 82 49 38 86 50 49 60 83 67 55 14 93 27 83 48 89 52 73 82 51 79 18 58 42 76 85 54 62 
53 73 48 79 87 60 14 47 37 13 0 87 68 44 93 67 74 26 23 81 22 62 33 10 36 22 84 49 25 32 30 29 96 60 19 63 63 75 22 85 48 76 78 50 11 42 74 12 67 76 16 37 72 49 25 79 43 40 64 75 54 44 11 82 19 70 54 88 49 73 78 46 71 25 58 33 68 76 56 59 
37 84 62 39 28 33 95 79 113 98 87 0 19 59 18 27 59 61 91 94 82 34 62 96 52 79 49 80 105 57 71 79 93 95 104 99 40 29 84 43 39 42 84 76 98 66 70 98 62 76 87 50 19 80 67 42 53 50 100 34 40 80 86 6 92 23 103 82 70 86 63 62 38 96 83 57 36 30 91 68 
21 74 47 37 32 18 76 65 96 80 68 19 0 44 29 15 52 43 73 85 64 21 45 78 33 62 47 65 87 38 54 61 88 82 85 87 30 25 66 43 21 38 76 62 79 49 62 80 53 69 69 32 13 66 49 39 38 33 87 30 24 64 67 14 73 13 88 77 57 76 57 47 32 79 71 39 28 27 78 57 
24 37 62 37 48 50 58 20 57 50 44 59 44 0 57 53 30 27 36 48 28 54 12 54 23 26 40 74 52 38 16 59 57 38 54 43 22 36 57 42 27 33 41 18 55 59 32 54 23 36 36 24 40 22 44 36 8 16 43 34 49 70 37 53 60 54 44 47 13 38 34 3 30 41 28 17 28 37 34 18 
40 74 76 28 13 47 102 75 114 103 93 18 29 57 0 42 48 67 92 84 83 49 63 103 57 81 36 94 108 66 71 90 81 89 108 93 36 21 94 30 45 32 74 71 104 78 60 104 53 66 90 56 20 76 77 30 54 53 94 25 53 93 89 17 101 38 99 70 66 77 52 59 30 98 77 60 30 21 86 62 
30 86 35 51 47 7 72 73 98 79 67 27 15 53 42 0 65 43 76 97 67 7 50 75 36 65 62 53 88 34 58 54 101 91 85 95 43 40 60 57 26 52 88 71 77 39 75 78 65 81 71 34 28 75 44 54 45 39 96 44 14 53 68 25 68 4 95 90 66 88 70 56 46 81 80 43 42 42 86 67 
38 27 86 20 35 65 88 36 81 79 74 59 52 30 48 65 0 55 62 36 56 70 42 84 49 54 15 100 78 64 45 87 36 44 82 48 23 30 87 20 45 16 26 32 85 84 12 84 9 18 64 49 41 35 72 18 34 41 48 25 67 97 66 53 90 65 56 24 28 29 5 29 20 67 32 45 24 29 42 19 
28 62 38 56 63 38 36 40 55 37 26 61 43 27 67 43 55 0 33 73 25 41 15 36 10 23 62 48 45 14 20 32 84 58 42 61 39 50 31 62 23 53 67 40 37 34 59 37 49 62 28 11 47 42 17 56 21 16 63 50 33 44 25 56 36 47 57 74 37 63 60 29 48 38 51 11 44 52 53 44 
54 54 66 72 84 71 36 29 23 19 23 91 73 36 92 76 62 33 0 61 9 74 29 28 40 11 75 71 16 46 21 51 77 39 20 41 58 72 44 77 52 69 60 33 27 61 59 25 54 59 7 42 73 31 42 72 38 40 42 70 66 65 12 85 42 79 31 71 34 54 65 36 66 6 39 34 64 73 35 44 
67 11 109 56 71 96 96 35 71 80 81 94 85 48 84 97 36 73 61 0 60 100 57 89 70 59 49 121 74 85 54 104 17 24 81 25 55 65 100 55 73 52 10 33 89 106 24 87 33 18 66 72 76 32 90 54 55 63 24 61 96 116 70 88 100 97 38 18 36 10 32 44 56 63 23 64 59 64 27 30 
45 51 60 65 76 62 36 25 32 23 22 82 64 28 83 67 56 25 9 60 0 65 20 30 32 2 67 66 24 38 12 47 74 39 26 42 49 63 42 70 43 61 57 28 30 55 54 28 48 55 8 33 64 28 37 64 30 31 43 62 58 61 11 76 41 70 35 67 29 51 59 28 58 15 37 25 55 64 35 39 
33 89 28 57 53 4 66 74 95 75 62 34 21 54 49 7 70 41 74 100 65 0 49 70 35 63 67 46 85 30 58 47 105 92 81 96 47 46 54 63 27 58 91 72 72 32 79 74 68 84 69 33 34 76 39 59 46 39 97 49 8 46 65 33 62 11 95 94 67 90 75 57 51 79 82 43 47 48 87 70 
25 47 52 46 56 46 46 25 52 40 33 62 45 12 63 50 42 15 29 57 20 49 0 43 15 18 51 63 44 28 9 47 68 44 45 48 30 43 45 52 24 43 52 25 44 49 44 44 35 47 27 17 44 28 33 46 10 12 49 42 43 59 27 56 48 52 46 59 22 48 46 14 39 35 36 7 36 44 39 29 
63 81 53 89 98 69 9 55 36 11 10 96 78 54 103 75 84 36 28 89 30 70 43 0 46 31 94 51 24 41 39 31 104 67 15 69 73 85 23 95 58 86 87 58 2 46 83 4 76 85 23 47 82 57 32 89 53 50 70 85 62 45 19 91 16 79 59 96 58 81 87 56 82 28 66 43 78 86 63 68 
18 60 39 46 53 31 46 40 63 46 36 52 33 23 57 36 49 10 40 70 32 35 15 46 0 29 54 52 54 16 23 39 80 59 52 63 30 40 40 53 13 45 64 39 47 36 54 47 44 58 36 2 37 42 24 47 16 8 64 41 28 48 34 46 45 39 61 69 35 61 53 26 39 46 50 8 35 42 54 41 
42 51 59 62 73 60 37 25 34 25 22 79 62 26 81 65 54 23 11 59 2 63 18 31 29 0 65 66 27 36 10 47 73 39 29 42 47 61 42 68 41 59 56 27 31 54 53 30 46 54 10 31 62 27 35 62 27 29 44 59 56 60 12 73 41 68 36 65 27 51 57 26 55 17 36 22 53 62 35 37 
39 41 87 11 22 63 97 50 94 90 84 49 47 40 36 62 15 62 75 49 67 67 51 94 54 65 0 103 91 68 56 93 45 59 94 63 24 22 93 6 47 10 39 45 95 87 26 94 23 32 75 54 35 49 77 8 41 46 63 18 67 101 76 44 98 60 71 34 42 43 17 39 16 80 47 52 21 20 57 33 
64 110 18 94 96 47 42 87 86 61 49 80 65 74 94 53 100 48 71 121 66 46 63 51 52 66 103 0 74 36 67 20 131 104 66 108 80 85 28 101 57 94 115 88 53 16 106 55 96 110 64 51 76 90 31 96 68 60 109 88 41 6 59 78 35 57 101 121 85 111 105 77 88 74 98 58 83 87 99 92 
69 68 73 89 100 82 33 44 12 13 25 105 87 52 108 88 78 45 16 74 24 85 44 24 54 27 91 74 0 55 37 54 90 50 9 51 74 88 45 94 66 85 74 48 22 67 75 19 70 74 18 55 88 46 49 88 54 55 52 86 77 68 20 99 40 91 39 85 50 67 80 52 82 12 53 48 80 89 47 60 
30 75 24 60 64 28 38 53 66 45 32 57 38 38 66 34 64 14 46 85 38 30 28 41 16 36 68 36 55 0 34 25 95 71 51 75 45 52 28 67 23 59 79 53 43 21 69 44 59 74 40 15 46 56 11 62 31 24 76 54 22 33 36 52 35 38 71 85 50 76 69 41 53 50 64 22 48 54 67 56 
34 45 58 52 63 54 44 20 43 34 30 71 54 16 71 58 45 20 21 54 12 58 9 39 23 10 56 67 37 34 0 49 67 38 38 41 37 51 46 58 33 49 50 21 40 54 45 39 37 47 20 25 52 23 36 52 18 21 43 49 51 62 21 64 47 61 38 58 20 45 48 16 45 26 31 15 43 52 33 29 
55 94 23 85 89 47 24 69 66 41 29 79 61 59 90 54 87 32 51 104 47 47 47 31 39 47 93 20 54 25 49 0 116 86 46 89 69 77 9 92 48 84 99 71 33 17 91 36 81 94 44 39 70 72 15 86 54 47 90 79 40 15 39 76 17 58 82 106 68 94 92 61 78 54 81 43 73 79 81 76 
73 23 118 54 67 101 110 49 88 96 96 93 88 57 81 101 36 84 77 17 74 105 68 104 80 73 45 131 90 95 67 116 0 42 97 43 58 65 113 51 79 51 17 46 104 116 27 102 37 22 81 81 77 47 101 51 64 72 41 60 102 127 85 88 114 101 55 11 47 23 31 54 56 80 38 74 60 64 44 39 
62 22 95 63 77 88 74 19 46 57 60 95 82 38 89 91 44 58 39 24 39 92 44 67 59 39 59 104 50 71 38 86 42 0 58 4 55 68 81 64 65 58 27 20 66 91 34 64 37 31 44 60 76 16 73 60 46 53 5 64 86 99 49 89 79 92 14 39 25 20 43 35 59 40 12 51 60 68 5 27 
68 75 67 91 101 79 24 49 20 6 19 104 85 54 108 85 82 42 20 81 26 81 45 15 52 29 94 66 9 51 38 46 97 58 0 59 75 88 38 96 65 87 80 53 13 60 80 11 74 80 19 53 88 51 44 90 55 55 60 87 73 60 18 98 31 88 47 91 54 74 85 55 84 18 59 48 81 90 54 64 
66 25 99 67 81 92 77 23 46 59 63 99 87 43 93 95 48 61 41 25 42 96 48 69 63 42 63 108 51 75 41 89 43 4 59 0 59 73 83 68 69 62 29 25 68 95 38 66 41 34 46 64 80 21 77 65 50 57 2 69 90 102 51 93 82 97 13 41 30 23 47 40 63 41 17 55 64 72 9 32 
16 44 64 16 26 43 75 40 79 70 63 40 30 22 36 43 23 39 58 55 49 47 30 73 30 47 24 80 74 45 37 69 58 55 75 59 0 14 70 23 24 14 46 36 74 64 32 73 22 38 57 30 21 40 54 17 20 23 60 12 45 77 57 34 75 43 63 47 31 46 28 23 9 63 43 30 6 15 51 28 
23 55 68 12 13 42 86 54 94 84 75 29 25 36 21 40 30 50 72 65 63 46 43 85 40 61 22 85 88 52 51 77 65 68 88 73 14 0 80 18 30 14 56 50 86 69 41 86 33 48 70 40 13 55 63 14 34 35 73 5 46 83 70 23 85 38 77 54 45 57 34 38 9 77 56 42 9 2 65 41 
57 90 31 86 92 53 15 65 57 33 22 84 66 57 94 60 87 31 44 100 42 54 45 23 40 42 93 28 45 28 46 9 113 81 38 83 70 80 0 93 50 84 96 67 25 25 89 27 80 92 38 40 74 68 17 87 53 47 85 81 46 22 33 80 9 64 75 104 65 91 91 59 79 47 77 42 74 81 76 74 
37 47 85 7 16 59 97 54 98 92 85 43 43 42 30 57 20 62 77 55 70 63 52 95 53 68 6 101 94 67 58 92 51 64 96 68 23 18 93 0 45 9 46 50 96 85 32 95 28 38 77 53 30 54 77 6 42 46 68 14 63 99 78 39 98 56 76 41 45 49 23 42 14 82 52 52 19 16 62 38 
8 62 41 38 42 23 58 47 75 59 48 39 21 27 45 26 45 23 52 73 43 27 24 58 13 41 47 57 66 23 33 48 79 65 65 69 24 30 50 45 0 37 65 45 60 40 53 60 42 58 49 12 24 49 33 40 19 13 70 31 23 54 47 33 56 28 69 68 40 63 50 30 31 58 55 19 26 32 61 43 
29 43 78 4 19 54 89 46 89 83 76 42 38 33 32 52 16 53 69 52 61 58 43 86 45 59 10 94 85 59 49 84 51 58 87 62 14 14 84 9 37 0 43 42 87 78 28 87 22 35 69 45 26 46 68 3 33 38 62 9 57 91 69 37 89 51 69 40 38 45 20 33 6 74 46 43 11 13 55 31 
59 6 102 47 61 87 93 32 72 79 78 84 76 41 74 88 26 67 60 10 57 91 52 87 64 56 39 115 74 79 50 99 17 27 80 29 46 56 96 46 65 43 0 29 87 100 15 85 24 8 64 65 66 29 84 44 48 56 28 51 88 111 68 79 97 89 41 12 30 7 23 38 46 63 21 57 49 55 28 23 
41 24 77 46 60 68 64 4 49 51 50 76 62 18 71 71 32 40 33 33 28 72 25 58 39 27 45 88 48 53 21 71 46 20 53 25 36 50 67 50 45 42 29 0 58 74 27 56 23 27 36 41 56 5 57 45 26 33 25 47 66 83 39 69 68 72 27 38 5 24 33 15 42 36 11 32 41 50 16 12 
64 81 55 90 99 70 11 55 34 10 11 98 79 55 104 77 85 37 27 89 30 72 44 2 47 31 95 53 22 43 40 33 104 66 13 68 74 86 25 96 60 87 87 58 0 48 84 3 77 85 23 48 84 57 34 90 54 51 70 86 64 47 19 93 18 81 58 96 58 81 88 56 83 27 66 45 79 88 62 68 
48 95 7 78 80 33 40 73 79 55 42 66 49 59 78 39 84 34 61 106 55 32 49 46 36 54 87 16 67 21 54 17 116 91 60 95 64 69 25 85 40 78 100 74 48 0 90 50 80 94 55 36 60 76 19 80 52 44 96 71 26 14 50 63 34 43 89 105 70 96 89 62 71 65 84 43 66 71 86 77 
46 15 92 32 47 74 88 31 75 77 74 70 62 32 60 75 12 59 59 24 54 79 44 83 54 53 26 106 75 69 45 91 27 34 80 38 32 41 89 32 53 28 15 27 84 90 0 82 11 6 62 55 52 29 76 29 38 46 38 37 76 102 65 64 91 75 48 15 25 17 9 30 32 63 24 48 35 40 33 16 
64 79 57 90 99 72 13 53 31 7 12 98 80 54 104 78 84 37 25 87 28 74 44 4 47 30 94 55 19 44 39 36 102 64 11 66 73 86 27 95 60 87 85 56 3 50 82 0 75 83 21 48 84 55 35 90 53 51 67 86 65 49 18 93 20 82 55 95 57 79 87 55 82 25 64 44 79 87 60 67 
36 22 82 26 41 64 80 27 72 71 67 62 53 23 53 65 9 49 54 33 48 68 35 76 44 46 23 96 70 59 37 81 37 37 74 41 22 33 80 28 42 22 24 23 77 80 11 75 0 16 55 44 43 27 66 24 28 36 41 29 65 92 58 55 83 65 48 26 20 24 11 21 24 58 25 39 26 32 34 11 
52 9 97 39 53 80 90 30 74 78 76 76 69 36 66 81 18 62 59 18 55 84 47 85 58 54 32 110 74 74 47 94 22 31 80 34 38 48 92 38 58 35 8 27 85 94 6 83 16 0 62 59 58 29 80 36 42 50 33 43 81 106 66 71 94 81 44 12 27 12 15 33 38 63 22 52 41 47 30 18 
51 58 60 72 83 66 30 32 27 15 16 87 69 36 90 71 64 28 7 66 8 69 27 23 36 10 75 64 18 40 20 44 81 44 19 46 57 70 38 77 49 69 64 36 23 55 62 21 55 62 0 38 70 35 36 72 37 37 48 69 61 59 5 82 35 74 38 74 36 58 66 36 65 11 43 30 62 71 40 46 
17 61 38 46 52 29 47 42 64 48 37 50 32 24 56 34 49 11 42 72 33 33 17 47 2 31 54 51 55 15 25 39 81 60 53 64 30 40 40 53 12 45 65 41 48 36 55 48 44 59 38 0 35 44 24 47 17 9 65 41 26 48 35 45 46 37 62 70 37 62 54 27 39 47 51 10 34 41 55 42 
20 65 58 24 20 30 82 60 96 82 72 19 13 40 20 28 41 47 73 76 64 34 44 82 37 62 35 76 88 46 52 70 77 76 88 80 21 13 74 30 24 26 66 56 84 60 52 84 43 58 70 35 0 61 56 27 35 33 81 17 36 74 69 13 80 26 83 65 51 67 46 42 21 79 64 40 17 14 72 49 
46 24 80 51 65 72 64 3 46 49 49 80 66 22 76 75 35 42 31 32 28 76 28 57 42 27 49 90 46 56 23 72 47 16 51 21 40 55 68 54 49 46 29 5 57 76 29 55 27 29 35 44 61 0 59 49 30 37 21 51 70 85 38 74 68 76 23 40 10 24 36 19 46 34 9 35 46 55 12 16 
40 80 24 70 75 37 28 56 61 38 25 67 49 44 77 44 72 17 42 90 37 39 33 32 24 35 77 31 49 11 36 15 101 73 44 77 54 63 17 77 33 68 84 57 34 19 76 35 66 80 36 24 56 59 0 71 38 31 78 64 31 26 31 63 24 48 71 91 54 80 76 47 63 47 67 28 58 64 69 62 
32 44 80 3 17 55 92 49 92 86 79 42 39 36 30 54 18 56 72 54 64 59 46 89 47 62 8 96 88 62 52 86 51 60 90 65 17 14 87 6 40 3 44 45 90 80 29 90 24 36 72 47 27 49 71 0 36 40 65 10 59 94 73 37 92 52 71 40 40 47 21 36 9 77 48 46 14 13 58 34 
17 44 54 36 46 42 56 28 61 50 43 53 38 8 54 45 34 21 38 55 30 46 10 53 16 27 41 68 54 31 18 54 64 46 55 50 20 34 53 42 19 33 48 26 54 52 38 53 28 42 37 17 35 30 38 36 0 8 51 32 41 64 37 47 57 47 50 53 21 45 38 11 29 44 36 11 26 35 41 25 
14 52 46 40 47 35 52 35 63 49 40 50 33 16 53 39 41 16 40 63 31 39 12 50 8 29 46 60 55 24 21 47 72 53 55 57 23 35 47 46 13 38 56 33 51 44 46 51 36 50 37 9 33 37 31 40 8 0 58 35 33 56 36 44 52 41 57 61 29 54 45 19 32 46 43 7 28 36 48 33 
67 24 100 67 81 93 78 24 48 60 64 100 87 43 94 96 48 63 42 24 43 97 49 70 64 44 63 109 52 76 43 90 41 5 60 2 60 73 85 68 70 62 28 25 70 96 38 67 41 33 48 65 81 21 78 65 51 58 0 69 91 104 53 94 83 98 14 40 31 22 46 40 64 43 17 56 65 72 10 32 
24 51 71 7 14 46 86 51 92 83 75 34 30 34 25 44 25 50 70 61 62 49 42 85 41 59 18 88 86 54 49 79 60 64 87 69 12 5 81 14 31 9 51 47 86 71 37 86 29 43 69 41 17 51 64 10 32 35 69 0 50 85 69 28 86 43 74 49 42 53 29 35 5 75 52 41 7 4 61 37 
30 84 23 57 56 7 58 68 87 67 54 40 24 49 53 14 67 33 66 96 58 8 43 62 28 56 67 41 77 22 51 40 102 86 73 90 45 46 46 63 23 57 88 66 64 26 76 65 65 81 61 26 36 70 31 59 41 33 91 50 0 40 57 37 54 18 88 91 62 86 72 52 51 71 77 36 46 48 81 65 
62 106 18 92 94 47 37 82 80 55 44 80 64 70 93 53 97 44 65 116 61 46 59 45 48 60 101 6 68 33 62 15 127 99 60 102 77 83 22 99 54 91 111 83 47 14 102 49 92 106 59 48 74 85 26 94 64 56 104 85 40 0 54 77 30 57 96 117 80 107 102 73 85 68 94 53 80 85 94 88 
50 62 55 73 83 63 26 36 30 14 11 86 67 37 89 68 66 25 12 70 11 65 27 19 34 12 76 59 20 36 21 39 85 49 18 51 57 70 33 78 47 69 68 39 19 50 65 18 58 66 5 35 69 38 31 73 37 36 53 69 57 54 0 80 30 72 43 77 39 62 69 37 66 15 47 29 63 71 45 49 
31 78 60 34 24 30 90 72 107 93 82 6 14 53 17 25 53 56 85 88 76 33 56 91 46 73 44 78 99 52 64 76 88 89 98 93 34 23 80 39 33 37 79 69 93 63 64 93 55 71 82 45 13 74 63 37 47 44 94 28 37 77 80 0 88 22 96 77 64 80 57 55 32 90 77 51 30 24 85 62 
63 91 40 91 98 61 7 65 51 27 19 92 73 60 101 68 90 36 42 100 41 62 48 16 45 41 98 35 40 35 47 17 114 79 31 82 75 85 9 98 56 89 97 68 18 34 91 20 83 94 35 46 80 68 24 92 57 52 83 86 54 30 30 88 0 72 73 105 67 91 94 62 84 43 77 46 80 87 75 76 
31 86 39 50 44 11 76 74 101 83 70 23 13 54 38 4 65 47 79 97 70 11 52 79 39 68 60 57 91 38 61 58 101 92 88 97 43 38 64 56 28 51 89 72 81 43 75 82 65 81 74 37 26 76 48 52 47 41 98 43 18 57 72 22 72 0 97 89 67 88 70 57 45 84 82 46 41 40 88 68 
67 36 94 73 87 91 67 24 34 48 54 103 88 44 99 95 56 57 31 38 35 95 46 59 61 36 71 101 39 71 38 82 55 14 47 13 63 77 75 76 69 69 41 27 58 89 48 55 48 44 38 62 83 23 71 71 50 57 14 74 88 96 43 96 73 97 0 53 33 34 56 41 69 31 24 53 69 77 14 38 
61 17 107 43 57 89 102 42 84 89 88 82 77 47 70 90 24 74 71 18 67 94 59 96 69 65 34 121 85 85 58 106 11 39 91 41 47 54 104 41 68 40 12 38 96 105 15 95 26 12 74 70 65 40 91 40 53 61 40 49 91 117 77 77 105 89 53 0 39 18 20 44 45 74 32 64 49 52 40 30 
36 25 73 42 55 63 63 9 53 52 49 70 57 13 66 66 28 37 34 36 29 67 22 58 35 27 42 85 50 50 20 68 47 25 54 30 31 45 65 45 40 38 30 5 58 70 25 57 20 27 36 37 51 10 54 40 21 29 31 42 62 80 39 64 67 67 33 39 0 26 30 10 37 39 15 28 36 45 21 10 
58 2 99 49 64 86 87 26 66 73 73 86 76 38 77 88 29 63 54 10 51 90 48 81 61 51 43 111 67 76 45 94 23 20 74 23 46 57 91 49 63 45 7 24 81 96 17 79 24 12 58 62 67 24 80 47 45 54 22 53 86 107 62 80 91 88 34 18 26 0 26 35 48 56 15 54 50 57 21 20 
43 24 90 24 38 71 92 37 82 82 78 63 57 34 52 70 5 60 65 32 59 75 46 87 53 57 17 105 80 69 48 92 31 43 85 47 28 34 91 23 50 20 23 33 88 89 9 87 11 15 66 54 46 36 76 21 38 45 46 29 72 102 69 57 94 70 56 20 30 26 0 32 25 69 32 49 29 33 42 21 
27 34 65 37 49 53 60 17 56 51 46 62 47 3 59 56 29 29 36 44 28 57 14 56 26 26 39 77 52 41 16 61 54 35 55 40 23 38 59 42 30 33 38 15 56 62 30 55 21 33 36 27 42 19 47 36 11 19 40 35 52 73 37 55 62 57 41 44 10 35 32 0 31 41 25 19 29 38 31 15 
23 46 71 8 19 47 84 46 87 79 71 38 32 30 30 46 20 48 66 56 58 51 39 82 39 55 16 88 82 53 45 78 56 59 84 63 9 9 79 14 31 6 46 42 83 71 32 82 24 38 65 39 21 46 63 9 29 32 64 5 51 85 66 32 84 45 69 45 37 48 25 31 0 71 47 39 5 9 56 32 
59 57 71 78 89 76 37 33 17 18 25 96 79 41 98 81 67 38 6 63 15 79 35 28 46 17 80 74 12 50 26 54 80 40 18 41 63 77 47 82 58 74 63 36 27 65 63 25 58 63 11 47 79 34 47 77 44 46 43 75 71 68 15 90 43 84 31 74 39 56 69 41 71 0 42 39 69 78 36 48 
51 15 88 50 65 78 73 11 52 58 58 83 71 28 77 80 32 51 39 23 37 82 36 66 50 36 47 98 53 64 31 81 38 12 59 17 43 56 77 52 55 46 21 11 66 84 24 64 25 22 43 51 64 9 67 48 36 43 17 52 77 94 47 77 77 82 24 32 15 15 32 25 47 42 0 42 48 56 10 15 
21 53 45 46 54 39 45 32 56 42 33 57 39 17 60 43 45 11 34 64 25 43 7 43 8 22 52 58 48 22 15 43 74 51 48 55 30 42 42 52 19 43 57 32 45 43 48 44 39 52 30 10 40 35 28 46 11 7 56 41 36 53 29 51 46 46 53 64 28 54 49 19 39 39 42 0 35 43 46 34 
18 48 66 12 20 43 80 45 85 76 68 36 28 28 30 42 24 44 64 59 55 47 36 78 35 53 21 83 80 48 43 73 60 60 81 64 6 9 74 19 26 11 49 41 79 66 35 79 26 41 62 34 17 46 58 14 26 28 65 7 46 80 63 30 80 41 69 49 36 50 29 29 5 69 48 35 0 9 56 32 
24 54 70 10 11 44 87 54 94 85 76 30 27 37 21 42 29 52 73 64 64 48 44 86 42 62 20 87 89 54 52 79 64 68 90 72 15 2 81 16 32 13 55 50 88 71 40 87 32 47 71 41 14 55 64 13 35 36 72 4 48 85 71 24 87 40 77 52 45 57 33 38 9 78 56 43 9 0 65 40 
57 23 90 60 74 83 70 14 44 54 56 91 78 34 86 86 42 53 35 27 35 87 39 63 54 35 57 99 47 67 33 81 44 5 54 9 51 65 76 62 61 55 28 16 62 86 33 60 34 30 40 55 72 12 69 58 41 48 10 61 81 94 45 85 75 88 14 40 21 21 42 31 56 36 10 46 56 65 0 25 
37 19 79 35 50 65 73 17 62 62 59 68 57 18 62 67 19 44 44 30 39 70 29 68 41 37 33 92 60 56 29 76 39 27 64 32 28 41 74 38 43 31 23 12 68 77 16 67 11 18 46 42 49 16 62 34 25 33 32 37 65 88 49 62 76 68 38 30 10 20 21 15 32 48 15 34 32 40 25 0 
0 59 159 304 3000 23 1644 711 405 0 88 0 167 0 0 42 34 3000 0 0 21 0 47 239 0 0 76 0 14 169 204 369 21 37 0 0 76 68 0 327 344 1928 82 0 181 47 0 0 54 0 909 33 0 0 0 0 0 9 0 184 0 0 0 20 0 0 0 0 0 273 0 19 10 1197 75 28 1547 148 13 85 
59 0 250 68 178 78 477 22 3000 0 29 138 2330 127 85 21 775 160 1243 229 19 622 9 231 0 563 3000 0 0 97 241 1005 708 107 28 0 82 9 0 41 19 43 266 89 46 282 0 2264 109 204 68 289 18 985 121 11 12 8 0 263 49 3000 17 228 239 8 603 0 56 100 37 45 119 30 27 31 9 117 2380 118 
159 250 0 727 206 1483 719 53 47 0 239 135 1345 32 371 471 73 145 55 9 204 176 189 301 0 1088 14 27 9 120 159 7 1423 186 101 0 60 2067 0 16 10 16 2888 698 141 1159 0 1546 303 1956 21 122 318 16 282 242 16 60 0 115 143 36 28 1350 52 896 15 0 180 294 0 13 1450 1579 219 81 121 25 186 81 
304 68 727 0 570 85 72 158 11 44 16 0 447 31 0 1504 428 37 0 0 656 0 610 29 0 0 12 84 302 129 32 39 219 79 13 684 230 24 0 60 0 8 166 0 24 1674 1020 0 0 25 94 458 0 0 0 228 65 254 0 520 0 0 9 91 0 0 210 909 104 18 0 52 3000 65 293 347 868 12 419 13 
3000 178 206 570 0 1004 56 2097 30 10 16 0 32 15 0 14 1181 126 0 0 2214 19 0 734 1392 12 143 241 68 56 41 213 139 186 117 49 94 39 26 71 0 429 432 0 70 0 23 11 21 3000 49 37 0 201 0 80 48 12 910 131 0 1056 51 3000 857 249 309 3000 175 900 21 300 48 357 42 192 199 1889 56 118 
23 78 1483 85 1004 0 1227 24 171 232 10 0 86 17 339 262 28 8 14 0 354 780 0 27 325 282 217 585 556 1786 37 58 3000 2092 644 21 53 444 483 32 70 8 3000 10 2694 76 215 27 46 18 481 127 0 175 0 588 8 53 40 889 0 10 3000 20 50 97 2532 685 62 493 65 12 47 1195 25 364 220 67 26 11 
1644 477 719 72 56 1227 0 27 724 0 83 224 18 11 1457 3000 162 69 64 254 106 491 178 103 62 12 218 1414 0 1762 43 439 1411 110 28 0 66 51 151 763 3000 1120 149 40 0 37 0 76 1613 164 0 13 14 93 3000 125 186 507 83 84 165 84 16 19 864 22 108 0 373 84 13 3000 350 411 20 10 42 34 10 74 
711 22 53 158 2097 24 27 0 22 0 416 44 46 0 126 58 62 68 1970 21 144 0 207 732 0 334 177 0 0 2288 2058 502 3000 13 1597 0 8 245 0 150 18 432 89 71 30 1765 0 167 54 217 0 27 100 297 50 0 0 35 0 107 258 12 0 51 0 0 974 0 0 100 0 33 321 80 166 2055 20 310 9 492 
405 3000 47 11 30 171 724 22 0 0 438 2287 45 106 51 661 320 1695 366 28 11 458 0 472 97 592 91 1144 576 46 757 275 70 88 89 531 11 143 16 254 20 654 92 2284 42 0 216 130 23 243 143 123 98 469 145 106 218 25 32 128 22 38 231 271 53 53 3000 207 41 25 30 14 266 103 98 214 46 1039 10 1093 
0 0 0 44 10 232 0 0 0 0 311 0 170 148 0 375 22 0 0 0 1061 298 0 1870 95 0 0 25 125 0 52 0 0 26 254 25 0 0 79 0 0 0 339 0 8 0 258 0 0 264 119 78 0 0 0 598 756 0 0 12 0 0 22 0 0 25 258 324 29 11 0 13 707 222 0 727 211 0 0 9 
88 29 239 16 16 10 83 416 438 311 0 0 919 50 0 358 9 1890 0 0 3000 116 75 1600 3000 2762 1516 96 70 971 19 256 9 166 12 502 768 81 1474 180 110 95 33 0 37 17 390 13 36 25 2086 41 0 377 0 28 35 136 0 17 0 1270 97 35 203 16 258 153 65 18 90 49 636 16 126 213 43 57 163 949 
0 138 135 0 0 0 224 44 2287 0 0 0 0 0 38 24 8 21 17 7 0 0 0 238 0 34 102 0 0 0 0 34 0 0 0 0 0 1664 0 19 24 25 0 633 0 0 0 8 50 0 0 0 201 76 23 0 0 67 0 0 10 41 0 0 370 0 0 0 0 33 0 0 0 0 112 0 0 43 3000 0 
167 2330 1345 447 32 86 18 46 45 170 919 0 0 1692 0 30 258 14 0 0 24 535 260 337 96 0 277 941 105 74 601 10 431 68 191 3000 383 24 32 23 0 52 113 0 76 9 296 0 0 3000 13 683 0 25 0 34 45 52 0 48 0 0 43 70 0 11 28 143 1053 17 0 77 139 22 0 1086 997 85 374 1066 
0 127 32 31 15 17 11 0 106 148 50 0 1692 0 0 104 178 7 299 0 269 1342 0 676 675 419 139 354 657 0 1069 3000 32 0 161 151 0 0 14 56 0 155 0 0 82 0 1540 74 51 1384 1192 0 0 124 0 276 84 669 58 18 0 230 89 0 20 1193 681 118 139 344 50 148 1324 46 0 31 29 163 0 54 
0 85 371 0 0 339 1457 126 51 0 0 38 0 0 0 52 11 3000 2420 139 0 461 0 11 0 86 919 0 0 0 0 28 0 0 144 0 0 728 0 1282 18 222 0 543 0 0 0 119 123 27 0 0 547 79 30 0 0 558 0 0 632 48 0 0 24 43 0 0 302 234 11 0 0 0 217 0 0 25 0 0 
42 21 471 1504 14 262 3000 58 661 375 358 24 30 104 52 0 8 920 16 196 68 19 0 873 272 7 206 53 3000 147 21 55 108 487 8 146 70 312 103 8 392 313 21 725 432 754 2451 2535 124 132 727 77 21 343 996 13 66 89 10 33 366 179 155 338 277 55 22 18 594 820 22 202 190 125 184 68 56 582 76 31 
34 775 73 428 1181 28 162 62 320 22 9 8 258 178 11 8 0 10 52 305 1021 230 302 1105 1940 397 79 9 77 31 11 67 73 13 1424 1171 7 91 0 31 406 56 32 32 30 249 24 67 350 77 12 416 12 604 133 38 12 20 0 287 267 10 288 24 706 360 358 31 33 25 25 93 28 11 61 157 787 212 18 555 
3000 160 145 37 126 8 69 68 1695 0 1890 21 14 7 3000 920 10 0 14 231 10 13 383 103 1008 22 161 257 0 43 118 76 613 42 12 0 23 57 948 27 3000 126 334 140 58 184 1475 552 69 191 0 21 2625 3000 28 263 383 86 12 18 272 933 3000 738 432 244 43 0 69 288 150 70 1944 358 39 205 296 14 296 121 
0 1243 55 0 0 14 64 1970 366 0 0 17 0 299 2420 16 52 14 0 611 0 67 0 764 0 18 15 0 0 0 0 408 0 0 361 0 0 301 0 21 589 31 0 57 0 0 0 379 1686 181 0 0 1424 14 41 36 0 63 0 0 1229 312 0 0 56 167 190 0 33 22 100 0 0 0 90 0 0 107 0 0 
0 229 9 0 0 0 254 21 28 0 0 7 0 0 139 196 305 231 611 0 0 0 0 84 0 35 2264 0 0 0 0 546 0 0 1505 0 0 210 0 14 158 456 0 9 0 0 0 12 9 88 0 0 8 8 88 0 0 741 0 0 27 15 0 0 13 0 0 0 0 69 0 0 0 0 243 0 0 827 16 0 
21 19 204 656 2214 354 106 144 11 1061 3000 0 24 269 0 68 1021 10 0 0 0 229 606 14 35 0 149 9 45 12 31 166 1592 161 450 16 33 89 44 17 0 76 206 0 27 18 760 0 0 588 928 14 0 107 0 338 26 122 0 1998 0 0 488 87 0 98 76 255 9 30 0 1106 75 10 315 30 153 84 25 412 
0 622 176 0 19 780 491 0 458 298 116 0 535 1342 461 19 230 13 67 0 229 0 0 127 2134 408 35 13 14 0 33 38 0 0 90 77 0 0 118 49 0 114 0 0 554 0 178 249 79 138 44 0 0 686 0 773 134 104 42 13 0 1359 71 0 103 37 122 426 84 197 84 19 15 238 0 25 0 1170 0 74 
47 9 189 610 0 0 178 207 0 0 75 0 260 0 0 0 302 383 0 0 606 0 0 122 0 0 1017 0 0 3000 0 17 20 311 0 0 36 46 0 290 66 11 1470 0 392 21 0 0 0 0 0 234 0 0 0 0 0 0 0 7 0 0 0 7 0 0 0 0 0 1048 0 29 370 0 38 1442 22 0 2762 47 
239 231 301 29 734 27 103 732 472 1870 1600 238 337 676 11 873 1105 103 764 84 14 127 122 0 40 24 45 43 15 42 639 9 7 27 1633 10 403 167 160 43 355 142 62 172 207 469 20 217 215 255 12 13 52 16 175 1069 341 42 43 20 0 2475 15 16 125 84 151 81 17 11 129 271 162 166 180 521 32 2248 62 1043 
0 0 0 0 1392 325 62 0 97 95 3000 0 96 675 0 272 1940 1008 0 0 35 2134 0 40 0 20 73 8 13 0 236 30 0 0 630 154 0 0 133 73 0 81 0 0 7 0 38 27 2779 197 214 0 0 109 0 92 161 1096 1316 34 0 21 41 0 13 312 38 301 23 1153 59 50 460 14 0 3000 0 62 0 0 
0 563 1088 0 12 282 12 334 592 0 2762 34 0 419 86 7 397 22 18 35 0 408 0 24 20 0 41 0 0 0 101 31 0 0 26 0 0 137 607 22 36 161 0 236 0 0 0 93 131 300 0 0 58 142 222 845 46 22 60 0 1816 3000 0 0 108 150 56 0 45 3000 59 0 248 677 48 378 0 524 25 0 
76 3000 14 12 143 217 218 177 91 0 1516 102 277 139 919 206 79 161 15 2264 149 35 1017 45 73 41 0 0 0 2105 8 113 140 43 18 0 29 929 24 52 1270 71 194 8 0 1055 0 285 10 366 0 138 480 619 78 209 179 585 0 195 1946 211 0 213 11 276 644 0 431 178 141 131 110 986 9 935 48 400 53 92 
0 0 27 84 241 585 1414 0 1144 25 96 0 941 354 0 53 9 257 0 0 9 13 0 43 8 0 0 0 458 0 13 347 41 36 67 595 0 0 217 294 0 0 14 0 890 0 52 102 0 171 267 10 0 541 0 170 12 213 487 22 0 0 17 0 676 480 50 805 47 746 81 873 1381 55 0 95 1566 0 0 3000 
14 0 9 302 68 556 0 0 576 125 70 0 105 657 0 3000 77 0 0 0 45 14 0 15 13 0 0 458 0 0 33 0 16 26 993 3000 0 0 2829 0 0 0 147 0 514 0 56 0 0 70 934 166 0 0 0 191 92 165 0 21 0 0 380 0 9 501 31 221 23 42 570 18 103 55 0 154 25 0 0 98 
169 97 120 129 56 1786 1762 2288 46 0 971 0 74 0 0 147 31 43 0 0 12 0 3000 42 0 0 2105 0 0 0 899 661 213 477 0 0 829 12 0 20 33 7 11 0 540 119 0 0 79 0 131 496 0 0 0 0 0 219 0 13 0 0 0 246 0 0 0 0 0 214 0 156 134 46 217 66 22 333 37 1019 
204 241 159 32 41 37 43 2058 757 52 19 0 601 1069 0 21 11 118 0 0 31 33 0 639 236 101 8 13 33 899 0 8 44 722 3000 37 18 1144 8 864 0 27 1469 0 103 0 507 572 97 9 17 93 0 121 0 77 111 79 14 638 0 138 576 133 104 101 87 94 470 52 83 20 474 71 746 20 13 14 531 11 
369 1005 7 39 213 58 439 502 275 0 256 34 10 3000 28 55 67 76 408 546 166 38 17 9 30 31 113 347 0 661 8 0 946 10 34 0 43 41 413 127 400 257 15 828 1141 55 17 18 131 168 52 118 425 279 473 39 53 1096 11 14 249 37 750 431 37 1683 152 0 92 22 8 46 45 1601 33 91 134 10 11 230 
21 708 1423 219 139 3000 1411 3000 70 0 9 0 431 32 0 108 73 613 0 0 1592 0 20 7 0 0 140 41 16 213 44 946 0 179 50 0 273 22 0 69 202 1317 249 0 93 13 0 882 195 1394 47 571 0 204 0 0 561 196 0 372 0 1247 112 229 0 0 89 0 0 1531 0 106 286 433 640 15 458 524 69 27 
37 107 186 79 186 2092 110 13 88 26 166 0 68 0 0 487 13 42 0 0 161 0 311 27 0 0 43 36 26 477 722 10 179 0 0 8 202 18 0 8 0 21 424 0 470 225 1103 0 0 0 50 86 0 0 0 0 21 1969 0 24 0 0 119 187 0 0 9 422 0 179 0 252 216 13 55 207 43 0 669 2097 
0 28 101 13 117 644 28 1597 89 254 12 0 191 161 144 8 1424 12 361 1505 450 90 0 1633 630 26 18 67 993 0 3000 34 50 0 0 1518 0 0 21 97 669 74 0 96 30 0 408 377 2255 78 3000 0 9 362 0 29 410 3000 54 366 0 333 52 0 1432 85 18 107 248 588 16 22 198 1724 25 21 0 163 0 1131 
0 0 0 684 49 21 0 0 531 25 502 0 3000 151 0 146 1171 0 0 0 16 77 0 10 154 0 0 595 3000 0 37 0 0 8 1518 0 0 0 121 0 0 0 64 0 79 0 90 0 0 105 111 337 0 0 0 109 20 721 124 51 0 0 174 0 350 2674 18 702 16 532 322 46 56 247 0 54 607 0 0 63 
76 82 60 230 94 53 66 8 11 0 768 0 383 0 0 70 7 23 0 0 33 0 36 403 0 0 29 0 0 829 18 43 273 202 0 0 0 193 0 238 395 149 55 0 87 15 0 0 418 0 77 3000 0 0 0 0 0 246 0 1070 0 0 0 9 0 0 0 0 0 195 0 26 622 683 22 182 28 95 3000 13 
68 9 2067 24 39 444 51 245 143 0 81 1664 24 0 728 312 91 57 301 210 89 0 46 167 0 137 929 0 0 12 1144 41 22 18 0 0 193 0 0 7 173 112 1227 42 457 460 0 11 57 0 0 260 45 120 1308 0 0 41 0 1983 382 133 0 816 0 0 19 0 0 111 0 410 15 609 132 67 24 13 192 1487 
0 0 0 0 26 483 151 0 16 79 1474 0 32 14 0 103 0 948 0 0 44 118 0 160 133 607 24 217 2829 0 8 413 0 0 21 121 0 0 0 0 0 8 0 0 17 0 258 79 0 9 14 0 0 3000 0 283 103 1806 681 345 0 3000 931 0 103 9 24 22 415 104 363 23 20 253 0 849 0 369 0 0 
327 41 16 60 71 32 763 150 254 0 180 19 23 56 1282 8 31 27 21 14 17 49 290 43 73 22 52 294 0 20 864 127 69 8 97 0 238 7 0 0 114 43 1401 20 370 47 0 46 2228 39 0 312 202 395 1994 60 147 101 0 3000 8 235 928 235 135 9 45 0 189 64 254 27 27 90 445 822 220 42 332 1381 
344 19 10 0 0 70 3000 18 20 0 110 24 0 0 18 392 406 3000 589 158 0 0 66 355 0 36 1270 0 0 33 0 400 202 0 669 0 395 173 0 114 0 87 0 405 0 89 0 19 13 0 0 0 28 60 29 0 0 498 0 47 3000 95 0 3000 0 0 0 0 0 34 0 0 26 0 35 532 571 55 3000 694 
1928 43 16 8 429 8 1120 432 654 0 95 25 52 155 222 313 56 126 31 456 76 114 11 142 81 161 71 0 0 7 27 257 1317 21 74 0 149 112 8 43 87 0 302 147 0 846 0 110 910 72 0 47 8 31 593 274 517 147 0 556 445 10 2173 8 242 124 264 0 34 361 73 48 18 38 111 34 14 57 183 1193 
82 266 2888 166 432 3000 149 89 92 339 33 0 113 0 0 21 32 334 0 0 206 0 1470 62 0 0 194 14 147 11 1469 15 249 424 0 64 55 1227 0 1401 0 302 0 0 26 3000 331 0 0 0 333 19 0 0 0 0 715 12 0 23 0 0 492 218 0 0 39 2097 0 1398 0 145 396 77 226 78 70 78 10 248 
0 89 698 0 0 10 40 71 2284 0 0 633 0 0 543 725 32 140 57 9 0 0 0 172 0 236 8 0 0 0 0 828 0 0 96 0 0 42 0 20 405 147 0 0 0 0 0 1349 22 904 0 0 152 59 480 0 0 16 0 0 45 278 0 0 14 0 0 0 0 56 0 0 0 0 85 0 0 62 160 0 
181 46 141 24 70 2694 0 30 42 8 37 0 76 82 0 432 30 58 0 0 27 554 392 207 7 0 0 890 514 540 103 1141 93 470 30 79 87 457 17 370 0 0 26 0 0 72 408 0 0 204 722 3000 0 0 0 60 12 82 0 53 0 0 36 88 0 37 91 937 490 2572 0 110 627 129 0 171 75 0 404 73 
47 282 1159 1674 0 76 37 1765 0 0 17 0 9 0 0 754 249 184 0 0 18 0 21 469 0 0 1055 0 0 119 0 55 13 225 0 0 15 460 0 47 89 846 3000 0 72 0 0 0 116 0 0 75 0 0 0 0 0 0 0 1334 0 0 0 52 0 0 0 0 0 133 0 12 52 0 67 2227 43 28 85 314 
0 0 0 1020 23 215 0 0 216 258 390 0 296 1540 0 2451 24 1475 0 0 760 178 0 20 38 0 0 52 56 0 507 17 0 1103 408 90 0 0 258 0 0 0 331 0 408 0 0 0 0 38 303 41 0 89 0 577 45 27 368 87 0 0 2309 0 26 188 283 158 149 323 33 147 3000 290 0 584 1897 0 0 41 
0 2264 1546 0 11 27 76 167 130 0 13 8 0 74 119 2535 67 552 379 12 0 249 0 217 27 93 285 102 0 0 572 18 882 0 377 0 0 11 79 46 19 110 0 1349 0 0 0 0 39 1077 0 0 97 18 150 7 39 2051 672 178 58 100 206 224 291 186 27 0 44 70 19 0 16 90 12 691 0 361 16 0 
54 109 303 0 21 46 1613 54 23 0 36 50 0 51 123 124 350 69 1686 9 0 79 0 215 2779 131 10 0 0 79 97 131 195 0 2255 0 418 57 0 2228 13 910 0 22 0 116 0 39 0 415 0 0 66 21 118 23 45 90 0 641 875 259 0 145 28 154 47 0 838 132 230 0 24 1323 25 1978 10 202 58 324 
0 204 1956 25 3000 18 164 217 243 264 25 0 3000 1384 27 132 77 191 181 88 588 138 0 255 197 300 366 171 70 0 9 168 1394 0 78 105 0 0 9 39 0 72 0 904 204 0 38 1077 415 0 29 0 24 189 0 196 221 943 138 202 0 530 428 0 9 36 219 91 252 151 47 436 328 518 136 57 275 2331 211 18 
909 68 21 94 49 481 0 0 143 119 2086 0 13 1192 0 727 12 0 0 0 928 44 0 12 214 0 0 267 934 131 17 52 47 50 3000 111 77 0 14 0 0 0 333 0 722 0 303 0 0 29 0 17 0 0 0 3000 80 259 0 72 0 0 591 58 0 775 43 748 279 219 0 36 650 255 0 16 346 0 1153 28 
33 289 122 458 37 127 13 27 123 78 41 0 683 0 0 77 416 21 0 0 14 0 234 13 0 0 138 10 166 496 93 118 571 86 0 337 3000 260 0 312 0 47 19 0 3000 75 41 0 0 0 17 0 0 0 0 0 680 151 0 1287 0 0 20 10 0 0 12 135 0 52 0 455 214 3000 1524 7 7 0 23 73 
0 18 318 0 0 0 14 100 98 0 0 201 0 0 547 21 12 2625 1424 8 0 0 0 52 0 58 480 0 0 0 0 425 0 0 9 0 0 45 0 202 28 8 0 152 0 0 0 97 66 24 0 0 0 22 271 0 0 16 0 0 21 541 0 0 44 0 0 0 0 12 0 0 0 0 122 0 0 70 134 0 
0 985 16 0 201 175 93 297 469 0 377 76 25 124 79 343 604 3000 14 8 107 686 0 16 109 142 619 541 0 0 121 279 204 0 362 0 0 120 3000 395 60 31 0 59 0 0 89 18 21 189 0 0 22 0 21 177 25 10 526 124 404 81 9 125 116 78 12 0 14 30 64 0 1006 677 140 10 502 92 692 116 
0 121 282 0 0 0 3000 50 145 0 0 23 0 0 30 996 133 28 41 88 0 0 0 175 0 222 78 0 0 0 0 473 0 0 0 0 0 1308 0 1994 29 593 0 480 0 0 0 150 118 0 0 0 271 21 0 0 0 10 0 0 81 148 0 0 58 0 0 0 0 113 0 0 0 0 23 0 0 827 466 0 
0 11 242 228 80 588 125 0 106 598 28 0 34 276 0 13 38 263 36 0 338 773 0 1069 92 845 209 170 191 0 77 39 0 0 29 109 0 0 283 60 0 274 0 0 60 0 577 7 23 196 3000 0 0 177 0 0 757 160 8 17 0 504 315 0 39 243 124 30 31 151 3000 33 677 1344 0 686 0 22 0 387 
0 12 16 65 48 8 186 0 218 756 35 0 45 84 0 66 12 383 0 0 26 134 0 341 161 46 179 12 92 0 111 53 561 21 410 20 0 0 103 147 0 517 715 0 12 0 45 39 45 221 80 680 0 25 0 757 0 10 18 8 0 830 413 0 44 230 1026 823 626 23 211 243 85 1062 0 15 195 44 25 96 
9 8 60 254 12 53 507 35 25 0 136 67 52 669 558 89 20 86 63 741 122 104 0 42 1096 22 585 213 165 219 79 1096 196 1969 3000 721 246 41 1806 101 498 147 12 16 82 0 27 2051 90 943 259 151 16 10 10 160 10 0 19 683 93 44 64 38 807 13 709 133 551 23 1942 14 72 1853 13 22 88 359 1583 237 
0 0 0 0 910 40 83 0 32 0 0 0 0 58 0 10 0 12 0 0 0 42 0 43 1316 60 0 487 0 0 14 11 0 0 54 124 0 0 681 0 0 0 0 0 0 0 368 672 0 138 0 0 0 526 0 8 18 19 0 0 0 7 26 0 795 147 11 14 76 9 12 0 0 13 0 0 0 103 0 0 
184 263 115 520 131 889 84 107 128 12 17 0 48 18 0 33 287 18 0 0 1998 13 7 20 34 0 195 22 21 13 638 14 372 24 366 51 1070 1983 345 3000 47 556 23 0 53 1334 87 178 641 202 72 1287 0 124 0 17 8 683 0 0 0 0 714 236 0 852 118 726 431 21 0 483 28 614 98 9 2470 74 184 54 
0 49 143 0 0 0 165 258 22 0 0 10 0 0 632 366 267 272 1229 27 0 0 0 0 0 1816 1946 0 0 0 0 249 0 0 0 0 0 382 0 8 3000 445 0 45 0 0 0 58 875 0 0 0 21 404 81 0 0 93 0 0 0 188 0 0 0 0 0 0 0 0 0 0 0 0 482 0 0 75 0 0 
0 3000 36 0 1056 10 84 12 38 0 1270 41 0 230 48 179 10 933 312 15 0 1359 0 2475 21 3000 211 0 0 0 138 37 1247 0 333 0 0 133 3000 235 95 10 0 278 0 0 0 100 259 530 0 0 541 81 148 504 830 44 7 0 188 0 0 132 580 216 122 0 243 1117 1457 0 17 17 13 280 0 36 1493 0 
0 17 28 9 51 3000 16 0 231 22 97 0 43 89 0 155 288 3000 0 0 488 71 0 15 41 0 0 17 380 0 576 750 112 119 52 174 0 0 931 928 0 2173 492 0 36 0 2309 206 0 428 591 20 0 9 0 315 413 64 26 714 0 0 0 0 19 663 16 54 420 345 1048 37 496 17 0 665 91 0 0 120 
20 228 1350 91 3000 20 19 51 271 0 35 0 70 0 0 338 24 738 0 0 87 0 7 16 0 0 213 0 0 246 133 431 229 187 0 0 9 816 0 235 3000 8 218 0 88 52 0 224 145 0 58 10 0 125 0 0 0 38 0 236 0 132 0 0 0 0 0 0 0 159 0 425 8 441 1321 94 27 122 35 225 
0 239 52 0 857 50 864 0 53 0 203 370 0 20 24 277 706 432 56 13 0 103 0 125 13 108 11 676 9 0 104 37 0 0 1432 350 0 0 103 135 0 242 0 14 0 0 26 291 28 9 0 0 44 116 58 39 44 807 795 0 0 580 19 0 0 13 126 2155 229 15 85 0 26 174 12 652 0 1279 0 0 
0 8 896 0 249 97 22 0 53 25 16 0 11 1193 43 55 360 244 167 0 98 37 0 84 312 150 276 480 501 0 101 1683 0 0 85 2674 0 0 9 9 0 124 0 0 37 0 188 186 154 36 775 0 0 78 0 243 230 13 147 852 0 216 663 0 13 0 456 558 102 598 29 733 480 716 0 1393 0 862 0 287 
0 603 15 210 309 2532 108 974 3000 258 258 0 28 681 0 22 358 43 190 0 76 122 0 151 38 56 644 50 31 0 87 152 89 9 18 18 0 19 24 45 0 264 39 0 91 0 283 27 47 219 43 12 0 12 0 124 1026 709 11 118 0 122 16 0 126 456 0 66 134 124 20 19 112 1056 58 16 220 147 629 137 
0 0 0 909 3000 685 0 0 207 324 153 0 143 118 0 18 31 0 0 0 255 426 0 81 301 0 0 805 221 0 94 0 0 422 107 702 0 0 22 0 0 0 2097 0 937 0 158 0 0 91 748 135 0 0 0 30 823 133 14 726 0 0 54 0 2155 558 66 0 38 11 9 21 20 11 0 9 44 0 0 215 
0 56 180 104 175 62 373 0 41 29 65 0 1053 139 302 594 33 69 33 0 9 84 0 17 23 45 431 47 23 0 470 92 0 0 248 16 0 0 415 189 0 34 0 0 490 0 149 44 838 252 279 0 0 14 0 31 626 551 76 431 0 243 420 0 229 102 134 38 0 36 13 712 60 2072 14 140 0 3000 0 760 
273 100 294 18 900 493 84 100 25 11 18 33 17 344 234 820 25 288 22 69 30 197 1048 11 1153 3000 178 746 42 214 52 22 1531 179 588 532 195 111 104 64 34 361 1398 56 2572 133 323 70 132 151 219 52 12 30 113 151 23 23 9 21 0 1117 345 159 15 598 124 11 36 0 7 51 69 174 10 225 415 784 48 771 
0 37 0 0 21 65 13 0 30 0 90 0 0 50 11 22 25 150 100 0 0 84 0 129 59 59 141 81 570 0 83 8 0 0 16 322 0 0 363 254 0 73 0 0 0 0 33 19 230 47 0 0 0 64 0 3000 211 1942 12 0 0 1457 1048 0 85 29 20 9 13 7 0 0 3000 205 0 324 0 106 0 0 
19 45 13 52 300 12 3000 33 14 13 49 0 77 148 0 202 93 70 0 0 1106 19 29 271 50 0 131 873 18 156 20 46 106 252 22 46 26 410 23 27 0 48 145 0 110 12 147 0 0 436 36 455 0 0 0 33 243 14 0 483 0 0 37 425 0 733 19 21 712 51 0 0 1293 8 0 179 26 0 57 12 
10 119 1450 3000 48 47 350 321 266 707 636 0 139 1324 0 190 28 1944 0 0 75 15 370 162 460 248 110 1381 103 134 474 45 286 216 198 56 622 15 20 27 26 18 396 0 627 52 3000 16 24 328 650 214 0 1006 0 677 85 72 0 28 0 17 496 8 26 480 112 20 60 69 3000 1293 0 854 7 2592 60 23 21 632 
1197 30 1579 65 357 1195 411 80 103 222 16 0 22 46 0 125 11 358 0 0 10 238 0 166 14 677 986 55 55 46 71 1601 433 13 1724 247 683 609 253 90 0 38 77 0 129 0 290 90 1323 518 255 3000 0 677 0 1344 1062 1853 13 614 0 17 17 441 174 716 1056 11 2072 174 205 8 854 0 0 74 156 149 655 243 
75 27 219 293 42 25 20 166 98 0 126 112 0 0 217 184 61 39 90 243 315 0 38 180 0 48 9 0 0 217 746 33 640 55 25 0 22 132 0 445 35 111 226 85 0 67 0 12 25 136 0 1524 122 140 23 0 0 13 0 98 482 13 0 1321 12 0 58 0 14 10 0 0 7 0 0 123 92 442 31 30 
28 31 81 347 192 364 10 2055 214 727 213 0 1086 31 0 68 157 205 0 0 30 25 1442 521 3000 378 935 95 154 66 20 91 15 207 21 54 182 67 849 822 532 34 78 0 171 2227 584 691 1978 57 16 7 0 10 0 686 15 22 0 9 0 280 665 94 652 1393 16 9 140 225 324 179 2592 74 123 0 889 624 1675 14 
1547 9 121 868 199 220 42 20 46 211 43 0 997 29 0 56 787 296 0 0 153 0 22 32 0 0 48 1566 25 22 13 134 458 43 0 607 28 24 0 220 571 14 70 0 75 43 1897 0 10 275 346 7 0 502 0 0 195 88 0 2470 0 0 91 27 0 0 220 44 0 415 0 26 60 156 92 889 0 34 27 537 
148 117 25 12 1889 67 34 310 1039 0 57 43 85 163 25 582 212 14 107 827 84 1170 0 2248 62 524 400 0 0 333 14 10 524 0 163 0 95 13 369 42 55 57 78 62 0 28 0 361 202 2331 0 0 70 92 827 22 44 359 103 74 75 36 0 122 1279 862 147 0 3000 784 106 0 23 149 442 624 34 0 2959 377 
13 2380 186 419 56 26 10 9 10 0 163 3000 374 0 0 76 18 296 0 16 25 0 2762 62 0 25 53 0 0 37 531 11 69 669 0 0 3000 192 0 332 3000 183 10 160 404 85 0 16 58 211 1153 23 134 692 466 0 25 1583 0 184 0 1493 0 35 0 0 629 0 0 48 0 57 21 655 31 1675 27 2959 0 454 
85 118 81 13 118 11 74 492 1093 9 949 0 1066 54 0 31 555 121 0 0 412 74 47 1043 0 0 92 3000 98 1019 11 230 27 2097 1131 63 13 1487 0 1381 694 1193 248 0 73 314 41 0 324 18 28 73 0 116 0 387 96 237 0 54 0 0 120 225 0 287 137 215 760 771 0 12 632 243 30 14 537 377 454 0 
