80
0 41 41 39 43 42 72 80 27 32 21 21 32 20 50 26 16 32 74 63 38 53 44 39 35 29 81 34 24 30 20 66 68 50 56 68 63 9 27 62 31 51 25 67 40 31 63 36 44 18 54 34 66 33 43 51 67 55 69 17 31 30 37 21 56 24 63 30 46 49 34 16 37 81 3 58 39 3 39 55 
41 0 82 58 84 21 39 57 34 24 55 43 64 30 81 39 37 36 42 45 19 38 85 28 70 22 95 32 47 44 58 53 91 35 33 49 26 35 22 86 32 57 23 54 20 66 54 11 12 38 84 71 40 37 84 65 48 19 54 33 70 12 74 20 15 53 76 68 40 9 51 25 31 95 42 78 11 39 16 73 
41 82 0 52 9 82 108 110 58 68 38 52 33 59 38 59 49 62 110 93 76 89 16 77 27 66 81 71 51 60 27 93 61 82 90 97 102 50 68 56 68 69 63 94 80 26 88 77 83 53 41 20 100 68 4 61 98 94 96 52 16 71 22 63 96 45 69 21 75 90 52 58 70 82 40 58 78 44 78 58 
39 58 52 0 59 71 66 61 24 34 58 61 18 56 27 64 27 23 67 46 42 86 64 72 25 37 42 69 63 68 29 43 33 38 47 49 66 46 58 27 67 18 36 44 69 25 37 60 51 56 28 32 55 70 55 12 50 59 46 29 35 53 31 48 66 63 24 31 29 60 7 44 30 42 37 20 48 39 45 16 
43 84 9 59 0 82 113 116 63 72 36 51 41 59 46 58 53 67 114 99 80 87 7 76 35 70 90 70 49 57 32 99 70 87 95 103 105 50 68 64 67 76 67 101 80 33 94 78 86 52 49 28 105 66 5 69 103 97 102 56 23 73 30 64 99 42 77 28 80 92 59 59 75 91 43 66 81 46 81 66 
42 21 82 71 82 0 59 79 48 41 48 33 72 23 90 27 45 51 62 66 38 17 80 9 76 37 111 15 36 30 62 74 104 55 55 71 45 33 15 98 17 74 36 74 3 72 74 12 33 30 93 76 61 20 83 80 69 40 75 42 73 18 79 24 32 43 92 72 58 29 64 28 49 111 44 91 31 40 36 87 
72 39 108 66 113 59 0 24 51 41 90 81 80 68 93 78 60 48 3 25 34 75 115 67 88 43 89 71 85 83 82 33 93 29 20 25 15 69 60 90 71 54 47 32 59 86 38 50 30 75 95 92 12 76 111 67 24 20 32 57 93 50 93 55 28 90 73 89 38 30 61 58 39 87 71 81 34 70 33 76 
80 57 110 61 116 79 24 0 54 48 100 93 78 81 87 92 65 49 22 17 44 95 119 85 86 53 72 88 97 97 84 18 81 30 25 13 38 79 76 79 87 45 55 17 77 85 24 68 46 87 87 91 18 92 113 57 12 40 15 63 94 65 91 68 50 101 60 89 36 50 58 70 42 70 78 70 49 78 45 66 
27 34 58 24 63 48 51 54 0 12 48 45 31 36 47 46 11 5 52 37 20 63 66 50 38 13 64 48 48 51 31 40 57 25 32 42 46 29 36 51 46 27 12 41 45 36 36 37 29 39 50 42 42 50 61 32 42 38 42 10 43 30 43 25 44 50 44 39 19 37 16 23 12 63 25 44 25 25 22 40 
32 24 68 34 72 41 41 48 12 0 52 46 43 35 59 45 19 12 42 32 8 57 74 44 50 5 72 44 50 51 42 37 67 19 24 37 34 31 32 62 43 33 8 38 39 47 35 29 17 40 61 53 34 48 71 41 36 27 39 17 53 23 55 22 32 53 52 50 18 26 27 22 8 71 31 54 14 30 11 49 
21 55 38 58 36 48 90 100 48 52 0 15 47 26 62 22 37 53 93 83 57 51 33 41 46 48 99 34 13 21 32 87 83 71 76 88 79 22 35 77 32 72 45 88 46 42 84 47 61 18 66 42 85 30 38 70 88 72 90 38 37 43 46 35 70 7 81 39 67 64 54 32 58 99 23 74 56 23 58 72 
21 43 52 61 51 33 81 93 45 46 15 0 53 13 70 7 35 49 83 77 49 37 48 26 54 41 103 20 4 8 40 83 90 64 68 82 68 16 22 83 17 71 38 83 31 50 80 34 51 6 74 52 77 16 52 72 82 61 85 35 48 31 55 25 58 10 84 49 62 52 55 24 53 103 24 79 46 21 49 76 
32 64 33 18 41 72 80 78 31 43 47 53 0 52 18 58 27 33 81 62 51 84 46 70 8 43 53 66 54 61 15 61 37 52 61 66 77 41 57 31 63 36 41 62 69 7 55 63 60 50 22 14 70 66 37 28 66 70 64 31 17 56 13 48 75 52 37 13 44 68 20 43 42 54 30 28 56 34 54 27 
20 30 59 56 59 23 68 81 36 35 26 13 52 0 70 11 29 41 70 66 37 32 58 18 55 30 98 14 17 16 41 72 87 53 56 71 55 11 9 81 11 63 27 72 21 51 70 21 38 8 74 54 65 14 60 67 70 48 74 27 51 18 58 13 45 23 79 51 52 39 49 13 43 98 23 75 33 19 36 72 
50 81 38 27 46 90 93 87 47 59 62 70 18 70 0 76 45 48 94 72 67 102 53 88 16 60 43 84 71 79 31 68 23 64 73 75 92 59 75 18 81 42 58 70 87 20 62 80 76 68 4 21 82 83 42 30 76 85 72 48 26 74 17 66 91 68 34 23 55 85 32 61 56 45 48 21 72 51 69 23 
26 39 59 64 58 27 78 92 46 45 22 7 58 11 76 0 38 51 80 76 48 30 55 19 60 41 107 13 10 5 45 83 94 64 67 82 65 18 18 88 10 73 38 83 25 56 80 29 48 8 80 58 75 9 59 76 81 58 84 37 54 28 62 24 53 17 88 55 63 49 58 24 53 106 28 83 44 25 47 80 
16 37 49 27 53 45 60 65 11 19 37 35 27 29 45 38 0 16 62 48 27 59 55 45 33 18 69 42 38 42 22 51 59 35 42 53 53 20 32 53 40 36 15 52 43 29 47 36 35 30 48 35 52 43 51 38 53 45 54 4 35 29 37 22 49 40 50 32 30 42 20 17 23 69 14 47 30 15 29 43 
32 36 62 23 67 51 48 49 5 12 53 49 33 41 48 51 16 0 49 32 19 67 70 53 40 15 61 52 53 56 35 35 55 20 28 37 44 34 40 50 50 23 15 36 49 38 31 39 29 44 50 45 38 54 64 30 37 37 38 15 46 33 46 29 44 55 41 42 14 37 16 27 9 60 30 42 25 30 22 38 
74 42 110 67 114 62 3 22 52 42 93 83 81 70 94 80 62 49 0 24 36 78 117 70 89 45 88 73 87 85 83 32 93 29 21 24 18 71 63 90 74 54 49 31 61 87 37 53 32 77 95 93 12 79 112 67 22 23 30 59 95 52 94 58 31 92 73 91 38 33 62 61 40 86 73 81 37 72 35 76 
63 45 93 46 99 66 25 17 37 32 83 77 62 66 72 76 48 32 24 0 29 83 102 72 69 36 64 73 81 82 67 10 70 13 12 5 32 63 61 66 73 31 39 9 64 68 13 54 33 71 73 75 12 77 96 44 5 31 9 46 77 51 75 53 42 85 49 73 19 39 42 53 25 63 61 57 35 61 31 53 
38 19 76 42 80 38 34 44 20 8 57 49 51 37 67 48 27 19 36 29 0 55 81 43 58 10 77 44 53 53 49 36 74 17 19 34 26 36 32 69 44 38 13 37 36 55 36 26 10 43 69 61 28 48 78 47 33 19 38 24 61 22 63 24 25 57 58 58 21 19 35 26 12 76 38 60 8 36 3 56 
53 38 89 86 87 17 75 95 63 57 51 37 84 32 102 30 59 67 78 83 55 0 84 14 87 53 127 19 39 30 73 91 118 72 71 87 60 43 28 112 22 90 52 91 19 83 91 29 50 36 106 86 77 21 89 96 86 56 92 57 83 34 90 38 46 45 108 83 75 45 79 42 66 127 55 106 48 51 53 102 
44 85 16 64 7 80 115 119 66 74 33 48 46 58 53 55 55 70 117 102 81 84 0 74 41 71 96 67 45 54 36 103 76 90 97 107 106 50 67 71 64 81 68 104 78 39 98 78 87 50 56 34 107 63 12 74 107 98 106 58 29 73 36 64 99 39 83 34 84 93 63 59 78 97 44 72 82 46 82 72 
39 28 77 72 76 9 67 85 50 44 41 26 70 18 88 19 45 53 70 72 43 14 74 0 74 40 113 7 29 22 59 79 104 60 61 77 53 30 14 98 9 77 39 80 9 70 79 18 40 24 92 73 68 12 77 82 76 47 81 42 70 21 76 24 40 36 94 69 62 37 65 28 53 113 41 92 37 37 41 88 
35 70 27 25 35 76 88 86 38 50 46 54 8 55 16 60 33 40 89 69 58 87 41 74 0 49 56 69 55 63 15 68 38 60 68 73 84 44 61 32 66 43 47 69 73 4 62 68 67 52 20 7 78 68 31 34 74 76 71 36 12 61 6 53 81 52 43 8 51 75 27 48 49 57 33 32 62 37 60 31 
29 22 66 37 70 37 43 53 13 5 48 41 43 30 60 41 18 15 45 36 10 53 71 40 49 0 75 39 45 46 40 42 70 23 28 41 36 27 27 64 38 37 3 43 34 46 40 25 17 35 63 52 38 43 68 44 41 28 44 14 52 19 54 17 32 48 56 49 23 25 29 17 13 75 28 56 13 26 11 52 
81 95 81 42 90 111 89 72 64 72 99 103 53 98 43 107 69 61 88 64 77 127 96 113 56 75 0 111 105 111 67 56 21 65 72 64 94 88 99 25 109 39 75 57 109 59 51 100 86 99 41 63 76 112 85 31 66 90 58 71 68 93 60 89 100 104 20 64 57 95 49 86 64 2 79 25 84 82 80 27 
34 32 71 69 70 15 71 88 48 44 34 20 66 14 84 13 42 52 73 73 44 19 67 7 69 39 111 0 22 15 54 81 101 61 63 78 57 25 13 95 3 75 38 81 14 65 79 21 42 18 88 68 70 6 71 80 77 51 82 40 64 23 71 23 44 29 92 64 62 41 62 25 53 111 36 89 39 33 43 85 
24 47 51 63 49 36 85 97 48 50 13 4 54 17 71 10 38 53 87 81 53 39 45 29 55 45 105 22 0 9 41 86 91 68 72 86 73 19 26 85 20 74 42 87 35 51 84 38 55 10 75 52 81 18 50 75 86 65 89 38 48 35 56 29 62 7 87 49 66 57 58 28 57 105 26 81 50 24 53 78 
30 44 60 68 57 30 83 97 51 51 21 8 61 16 79 5 42 56 85 82 53 30 54 22 63 46 111 15 9 0 48 88 98 69 72 87 70 23 23 92 13 78 43 89 29 59 86 34 53 12 82 60 81 10 59 80 86 63 90 41 56 33 64 29 58 15 92 57 68 54 62 29 58 111 32 87 49 29 52 84 
20 58 27 29 32 62 82 84 31 42 32 40 15 41 31 45 22 35 83 67 49 73 36 59 15 40 67 54 41 48 0 67 51 55 63 71 76 30 47 45 52 46 37 69 60 11 63 55 57 37 34 14 73 53 29 41 71 68 71 26 12 48 17 40 71 38 51 10 48 64 27 35 43 68 18 43 53 22 51 41 
66 53 93 43 99 74 33 18 40 37 87 83 61 72 68 83 51 35 32 10 36 91 103 79 68 42 56 81 86 88 67 0 63 19 21 8 42 67 68 61 80 27 44 1 72 67 6 62 41 77 69 74 21 84 96 39 10 40 3 50 77 58 74 59 51 89 42 72 21 48 41 59 30 54 65 52 43 65 38 48 
68 91 61 33 70 104 93 81 57 67 83 90 37 87 23 94 59 55 93 70 74 118 76 104 38 70 21 101 91 98 51 63 0 66 75 71 96 76 90 6 98 39 69 64 101 42 57 93 84 86 20 44 81 101 65 27 72 90 66 62 49 86 41 80 98 89 22 46 57 93 40 76 62 23 66 13 81 69 77 18 
50 35 82 38 87 55 29 30 25 19 71 64 52 53 64 64 35 20 29 13 17 72 90 60 60 23 65 61 68 69 55 19 66 0 9 18 30 50 49 62 61 27 26 20 53 58 19 43 23 58 66 65 18 65 85 39 18 25 21 33 66 39 65 40 35 72 47 62 9 31 33 41 13 64 49 53 24 48 19 49 
56 33 90 47 95 55 20 25 32 24 76 68 61 56 73 67 42 28 21 12 19 71 97 61 68 28 72 63 72 72 63 21 75 9 0 16 22 54 51 71 62 36 31 21 53 66 23 43 21 62 75 73 10 67 93 48 15 19 21 40 74 40 74 43 30 76 55 70 18 28 41 45 20 71 55 62 24 54 20 57 
68 49 97 49 103 71 25 13 42 37 88 82 66 71 75 82 53 37 24 5 34 87 107 77 73 41 64 78 86 87 71 8 71 18 16 0 35 68 66 68 78 33 44 7 69 72 14 59 37 76 76 79 14 82 100 46 2 34 6 51 81 56 79 58 45 90 50 77 23 43 46 59 30 63 66 59 40 66 36 55 
63 26 102 66 105 45 15 38 46 34 79 68 77 55 92 65 53 44 18 32 26 60 106 53 84 36 94 57 73 70 76 42 96 30 22 35 0 58 47 91 57 57 39 41 44 81 45 36 19 63 94 88 22 62 104 69 33 8 41 50 88 37 89 44 13 78 77 84 39 16 59 48 36 93 63 83 24 60 24 78 
9 35 50 46 50 33 69 79 29 31 22 16 41 11 59 18 20 34 71 63 36 43 50 30 44 27 88 25 19 23 30 67 76 50 54 68 58 0 18 70 22 56 24 68 31 40 65 28 39 10 63 43 64 25 50 57 67 50 70 19 40 23 46 14 49 22 69 40 47 43 40 10 38 88 11 65 34 8 36 62 
27 22 68 58 68 15 60 76 36 32 35 22 57 9 75 18 32 40 63 61 32 28 67 14 61 27 99 13 26 23 47 68 90 49 51 66 47 18 0 84 12 63 25 68 12 57 67 12 31 17 79 61 59 16 68 68 65 40 70 29 59 11 64 11 36 32 80 58 50 31 51 14 40 99 29 78 27 25 30 74 
62 86 56 27 64 98 90 79 51 62 77 83 31 81 18 88 53 50 90 66 69 112 71 98 32 64 25 95 85 92 45 61 6 62 71 68 91 70 84 0 92 35 63 62 95 36 55 87 79 80 16 38 78 95 60 23 69 85 64 56 44 81 35 74 93 83 20 40 53 87 35 70 57 27 60 9 75 63 72 13 
31 32 68 67 67 17 71 87 46 43 32 17 63 11 81 10 40 50 74 73 44 22 64 9 66 38 109 3 20 13 52 80 98 61 62 78 57 22 12 92 0 74 36 80 16 62 78 21 42 15 85 65 70 5 68 77 77 51 81 38 61 22 68 21 45 26 89 61 61 41 60 23 51 109 33 86 39 30 42 83 
51 57 69 18 76 74 54 45 27 33 72 71 36 63 42 73 36 23 54 31 38 90 81 77 43 37 39 75 74 78 46 27 39 27 36 33 57 56 63 35 74 0 38 28 72 43 21 62 47 66 43 49 42 78 73 12 34 52 30 37 53 56 48 53 61 75 20 48 19 56 18 50 26 38 49 26 46 50 41 22 
25 23 63 36 67 36 47 55 12 8 45 38 41 27 58 38 15 15 49 39 13 52 68 39 47 3 75 38 42 43 37 44 69 26 31 44 39 24 25 63 36 38 0 45 34 44 42 25 20 32 61 50 41 41 65 44 44 31 47 11 49 18 52 15 34 46 56 46 25 27 28 15 15 75 25 56 15 23 14 51 
67 54 94 44 101 74 32 17 41 38 88 83 62 72 70 83 52 36 31 9 37 91 104 80 69 43 57 81 87 89 69 1 64 20 21 7 41 68 68 62 80 28 45 0 73 69 7 62 42 77 70 75 21 85 98 40 9 40 2 51 78 59 75 60 51 90 43 73 22 48 42 60 30 55 66 53 43 66 39 49 
40 20 80 69 80 3 59 77 45 39 46 31 69 21 87 25 43 49 61 64 36 19 78 9 73 34 109 14 35 29 60 72 101 53 53 69 44 31 12 95 16 72 34 73 0 69 72 10 32 28 91 73 60 19 80 78 68 39 73 40 71 16 76 21 31 41 89 70 56 28 61 26 47 108 41 89 30 38 34 85 
31 66 26 25 33 72 86 85 36 47 42 50 7 51 20 56 29 38 87 68 55 83 39 70 4 46 59 65 51 59 11 67 42 58 66 72 81 40 57 36 62 43 44 69 69 0 62 64 64 48 24 7 76 64 30 35 73 74 71 33 10 57 8 49 78 48 45 5 50 71 27 44 47 60 29 34 59 32 57 33 
63 54 88 37 94 74 38 24 36 35 84 80 55 70 62 80 47 31 37 13 36 91 98 79 62 40 51 79 84 86 63 6 57 19 23 14 45 65 67 55 78 21 42 7 72 62 0 62 42 74 63 69 26 83 91 33 15 42 9 46 71 57 68 57 53 86 36 67 17 50 36 57 27 49 61 46 43 61 38 42 
36 11 77 60 78 12 50 68 37 29 47 34 63 21 80 29 36 39 53 54 26 29 78 18 68 25 100 21 38 34 55 62 93 43 43 59 36 28 12 87 21 62 25 62 10 64 62 0 22 29 84 68 50 26 78 69 58 30 63 32 67 7 71 15 24 44 80 65 46 20 53 20 37 99 37 80 19 34 24 76 
44 12 83 51 86 33 30 46 29 17 61 51 60 38 76 48 35 29 32 33 10 50 87 40 67 17 86 42 55 53 57 41 84 23 21 37 19 39 31 79 42 47 20 42 32 64 42 22 0 45 79 70 28 47 85 57 36 11 42 31 70 20 72 26 15 60 67 67 29 9 44 29 22 85 44 70 5 41 7 66 
18 38 53 56 52 30 75 87 39 40 18 6 50 8 68 8 30 44 77 71 43 36 50 24 52 35 99 18 10 12 37 77 86 58 62 76 63 10 17 80 15 66 32 77 28 48 74 29 45 0 72 50 71 16 53 68 76 55 79 29 47 26 54 19 52 15 80 47 57 47 50 18 47 98 20 75 40 17 43 72 
54 84 41 28 49 93 95 87 50 61 66 74 22 74 4 80 48 50 95 73 69 106 56 92 20 63 41 88 75 82 34 69 20 66 75 76 94 63 79 16 85 43 61 70 91 24 63 84 79 72 0 25 83 87 45 31 77 87 72 52 30 77 21 69 94 72 33 27 57 87 35 65 58 42 51 20 75 55 72 22 
34 71 20 32 28 76 92 91 42 53 42 52 14 54 21 58 35 45 93 75 61 86 34 73 7 52 63 68 52 60 14 74 44 65 73 79 88 43 61 38 65 49 50 75 73 7 69 68 70 50 25 0 83 66 24 41 79 80 77 39 5 62 4 53 84 48 50 4 57 77 33 48 53 64 32 38 65 36 63 38 
66 40 100 55 105 61 12 18 42 34 85 77 70 65 82 75 52 38 12 12 28 77 107 68 78 38 76 70 81 81 73 21 81 18 10 14 22 64 59 78 70 42 41 21 60 76 26 50 28 71 83 83 0 75 103 55 12 22 20 50 84 48 83 52 33 86 61 80 27 32 51 54 30 75 65 69 32 64 29 64 
33 37 68 70 66 20 76 92 50 48 30 16 66 14 83 9 43 54 79 77 48 21 63 12 68 43 112 6 18 10 53 84 101 65 67 82 62 25 16 95 5 78 41 85 19 64 83 26 47 16 87 66 75 0 68 81 82 56 86 41 62 27 70 26 50 25 93 63 66 46 63 27 56 112 36 89 43 32 47 86 
43 84 4 55 5 83 111 113 61 71 38 52 37 60 42 59 51 64 112 96 78 89 12 77 31 68 85 71 50 59 29 96 65 85 93 100 104 50 68 60 68 73 65 98 80 30 91 78 85 53 45 24 103 68 0 65 101 96 99 54 20 73 26 64 98 45 73 25 78 91 55 59 73 86 42 61 80 45 80 61 
51 65 61 12 69 80 67 57 32 41 70 72 28 67 30 76 38 30 67 44 47 96 74 82 34 44 31 80 75 80 41 39 27 39 48 46 69 57 68 23 77 12 44 40 78 35 33 69 57 68 31 41 55 81 65 0 47 63 42 40 45 62 40 57 72 75 12 41 30 66 18 54 35 31 49 14 54 51 50 10 
67 48 98 50 103 69 24 12 42 36 88 82 66 70 76 81 53 37 22 5 33 86 107 76 74 41 66 77 86 86 71 10 72 18 15 2 33 67 65 69 77 34 44 9 68 73 15 58 36 76 77 79 12 82 101 47 0 33 8 51 82 55 79 57 44 89 51 77 23 42 46 58 30 64 66 60 39 66 35 56 
55 19 94 59 97 40 20 40 38 27 72 61 70 48 85 58 45 37 23 31 19 56 98 47 76 28 90 51 65 63 68 40 90 25 19 34 8 50 40 85 51 52 31 40 39 74 42 30 11 55 87 80 22 56 96 63 33 0 40 42 80 30 81 36 11 71 72 77 33 11 52 40 29 89 55 77 16 52 16 72 
69 54 96 46 102 75 32 15 42 39 90 85 64 74 72 84 54 38 30 9 38 92 106 81 71 44 58 82 89 90 71 3 66 21 21 6 41 70 70 64 81 30 47 2 73 71 9 63 42 79 72 77 20 86 99 42 8 40 0 52 80 60 77 61 51 92 45 75 23 49 44 61 32 57 67 55 44 67 40 51 
17 33 52 29 56 42 57 63 10 17 38 35 31 27 48 37 4 15 59 46 24 57 58 42 36 14 71 40 38 41 26 50 62 33 40 51 50 19 29 56 38 37 11 51 40 33 46 32 31 29 52 39 50 41 54 40 51 42 52 0 38 25 41 19 45 40 52 35 29 39 22 15 21 71 15 49 27 15 26 45 
31 70 16 35 23 73 93 94 43 53 37 48 17 51 26 54 35 46 95 77 61 83 29 70 12 52 68 64 48 56 12 77 49 66 74 81 88 40 59 44 61 53 49 78 71 10 71 67 70 47 30 5 84 62 20 45 82 80 80 38 0 60 9 52 83 44 54 5 58 76 36 46 54 69 30 44 65 33 63 43 
30 12 71 53 73 18 50 65 30 23 43 31 56 18 74 28 29 33 52 51 22 34 73 21 61 19 93 23 35 33 48 58 86 39 40 56 37 23 11 81 22 56 18 59 16 57 57 7 20 26 77 62 48 27 73 62 55 30 60 25 60 0 65 9 27 41 74 58 41 21 46 14 31 93 31 73 16 28 20 69 
37 74 22 31 30 79 93 91 43 55 46 55 13 58 17 62 37 46 94 75 63 90 36 76 6 54 60 71 56 64 17 74 41 65 74 79 89 46 64 35 68 48 52 75 76 8 68 71 72 54 21 4 83 70 26 40 79 81 77 41 9 65 0 56 86 52 47 7 57 79 33 51 54 61 35 36 67 39 65 36 
21 20 63 48 64 24 55 68 25 22 35 25 48 13 66 24 22 29 58 53 24 38 64 24 53 17 89 23 29 29 40 59 80 40 43 58 44 14 11 74 21 53 15 60 21 49 57 15 26 19 69 53 52 26 64 57 57 36 61 19 52 9 56 0 35 34 69 50 40 29 40 5 30 88 22 68 21 19 23 64 
56 15 96 66 99 32 28 50 44 32 70 58 75 45 91 53 49 44 31 42 25 46 99 40 81 32 100 44 62 58 71 51 98 35 30 45 13 49 36 93 45 61 34 51 31 78 53 24 15 52 94 84 33 50 98 72 44 11 51 45 83 27 86 35 0 68 81 81 43 7 59 40 37 99 56 85 19 53 22 81 
24 53 45 63 42 43 90 101 50 53 7 10 52 23 68 17 40 55 92 85 57 45 39 36 52 48 104 29 7 15 38 89 89 72 76 90 78 22 32 83 26 75 46 90 41 48 86 44 60 15 72 48 86 25 45 75 89 71 92 40 44 41 52 34 68 0 86 46 69 62 58 32 60 104 26 80 55 25 57 77 
63 76 69 24 77 92 73 60 44 52 81 84 37 79 34 88 50 41 73 49 58 108 83 94 43 56 20 92 87 92 51 42 22 47 55 50 77 69 80 20 89 20 56 43 89 45 36 80 67 80 33 50 61 93 73 12 51 72 45 52 54 74 47 69 81 86 0 50 39 76 30 66 45 19 60 13 65 63 61 12 
30 68 21 31 28 72 89 89 39 50 39 49 13 51 23 55 32 42 91 73 58 83 34 69 8 49 64 64 49 57 10 72 46 62 70 77 84 40 58 40 61 48 46 73 70 5 67 65 67 47 27 4 80 63 25 41 77 77 75 35 5 58 7 50 81 46 50 0 54 74 31 45 51 65 28 39 62 32 60 38 
46 40 75 29 80 58 38 36 19 18 67 62 44 52 55 63 30 14 38 19 21 75 84 62 51 23 57 62 66 68 48 21 57 9 18 23 39 47 50 53 61 19 25 22 56 50 17 46 29 57 57 57 27 66 78 30 23 33 23 29 58 41 57 40 43 69 39 54 0 38 24 39 10 56 44 44 28 44 24 39 
49 9 90 60 92 29 30 50 37 26 64 52 68 39 85 49 42 37 33 39 19 45 93 37 75 25 95 41 57 54 64 48 93 31 28 43 16 43 31 87 41 56 27 48 28 71 50 20 9 47 87 77 32 46 91 66 42 11 49 39 76 21 79 29 7 62 76 74 38 0 53 33 31 94 49 79 12 46 16 75 
34 51 52 7 59 64 61 58 16 27 54 55 20 49 32 58 20 16 62 42 35 79 63 65 27 29 49 62 58 62 27 41 40 33 41 46 59 40 51 35 60 18 28 42 61 27 36 53 44 50 35 33 51 63 55 18 46 52 44 22 36 46 33 40 59 58 30 31 24 53 0 37 24 49 31 27 41 34 38 23 
16 25 58 44 59 28 58 70 23 22 32 24 43 13 61 24 17 27 61 53 26 42 59 28 48 17 86 25 28 29 35 59 76 41 45 59 48 10 14 70 23 50 15 60 26 44 57 20 29 18 65 48 54 27 59 54 58 40 61 15 46 14 51 5 40 32 66 45 39 33 37 0 30 85 17 64 24 14 26 60 
37 31 70 30 75 49 39 42 12 8 58 53 42 43 56 53 23 9 40 25 12 66 78 53 49 13 64 53 57 58 43 30 62 13 20 30 36 38 40 57 51 26 15 30 47 47 27 37 22 47 58 53 30 56 73 35 30 29 32 21 54 31 54 30 37 60 45 51 10 31 24 30 0 64 36 48 20 36 16 44 
81 95 82 42 91 111 87 70 63 71 99 103 54 98 45 106 69 60 86 63 76 127 97 113 57 75 2 111 105 111 68 54 23 64 71 63 93 88 99 27 109 38 75 55 108 60 49 99 85 98 42 64 75 112 86 31 64 89 57 71 69 93 61 88 99 104 19 65 56 94 49 85 64 0 79 26 83 82 79 27 
3 42 40 37 43 44 71 78 25 31 23 24 30 23 48 28 14 30 73 61 38 55 44 41 33 28 79 36 26 32 18 65 66 49 55 66 63 11 29 60 33 49 25 66 41 29 61 37 44 20 51 32 65 36 42 49 66 55 67 15 30 31 35 22 56 26 60 28 44 49 31 17 36 79 0 55 39 4 39 52 
58 78 58 20 66 91 81 70 44 54 74 79 28 75 21 83 47 42 81 57 60 106 72 92 32 56 25 89 81 87 43 52 13 53 62 59 83 65 78 9 86 26 56 53 89 34 46 80 70 75 20 38 69 89 61 14 60 77 55 49 44 73 36 68 85 80 13 39 44 79 27 64 48 26 55 0 67 58 64 5 
39 11 78 48 81 31 34 49 25 14 56 46 56 33 72 44 30 25 37 35 8 48 82 37 62 13 84 39 50 49 53 43 81 24 24 40 24 34 27 75 39 46 15 43 30 59 43 19 5 40 75 65 32 43 80 54 39 16 44 27 65 16 67 21 19 55 65 62 28 12 41 24 20 83 39 67 0 36 5 63 
3 39 44 39 46 40 70 78 25 30 23 21 34 19 51 25 15 30 72 61 36 51 46 37 37 26 82 33 24 29 22 65 69 48 54 66 60 8 25 63 30 50 23 66 38 32 61 34 41 17 55 36 64 32 45 51 66 52 67 15 33 28 39 19 53 25 63 32 44 46 34 14 36 82 4 58 36 0 37 55 
39 16 78 45 81 36 33 45 22 11 58 49 54 36 69 47 29 22 35 31 3 53 82 41 60 11 80 43 53 52 51 38 77 19 20 36 24 36 30 72 42 41 14 39 34 57 38 24 7 43 72 63 29 47 80 50 35 16 40 26 63 20 65 23 22 57 61 60 24 16 38 26 16 79 39 64 5 37 0 59 
55 73 58 16 66 87 76 66 40 49 72 76 27 72 23 80 43 38 76 53 56 102 72 88 31 52 27 85 78 84 41 48 18 49 57 55 78 62 74 13 83 22 51 49 85 33 42 76 66 72 22 38 64 86 61 10 56 72 51 45 43 69 36 64 81 77 12 38 39 75 23 60 44 27 52 5 63 55 59 0 
0 0 236 92 28 0 13 85 209 34 1879 0 124 58 0 15 33 147 0 0 36 0 28 0 0 93 0 246 222 34 146 1137 0 652 0 0 1137 521 253 7 0 0 504 0 3000 263 405 49 0 0 57 11 0 11 0 687 0 125 88 62 0 215 112 60 19 0 108 75 0 18 23 2151 39 106 548 938 32 0 22 2127 
0 0 133 3000 562 91 3000 3000 37 906 3000 218 33 3000 8 309 0 11 133 128 30 202 0 172 591 289 93 486 253 125 170 47 13 0 26 49 89 0 11 151 0 46 0 16 0 0 131 16 132 547 0 0 145 2391 18 90 63 65 23 1973 11 880 10 105 1278 49 2488 67 416 735 0 243 0 0 58 2670 53 9 0 256 
236 133 0 45 12 30 63 2727 645 185 2468 0 16 1085 925 67 18 47 3000 0 1108 0 0 0 156 1306 13 87 26 235 62 11 29 16 12 28 56 120 27 316 0 0 164 18 3000 0 133 54 887 2079 153 13 0 52 0 117 0 11 47 458 0 18 33 1902 380 0 52 1704 0 187 349 313 95 0 109 358 506 0 3000 162 
92 3000 45 0 3000 0 0 223 199 126 336 0 1644 0 0 285 0 196 0 0 14 0 0 0 7 285 15 308 79 29 67 14 42 60 279 15 27 560 472 57 0 0 47 0 307 0 266 11 0 264 0 14 0 112 0 0 0 1723 24 1704 0 0 218 234 433 0 113 59 0 17 30 36 210 0 13 1141 85 0 876 483 
28 562 12 3000 0 41 1358 110 46 1056 151 0 678 298 16 2742 67 585 83 0 53 0 0 0 224 114 892 10 213 1957 28 86 874 27 45 455 9 36 144 1250 0 0 1308 13 186 0 3000 231 17 709 3000 14 0 3000 0 53 28 23 26 54 0 3000 15 458 834 0 754 112 0 32 396 695 855 0 93 85 99 0 76 96 
0 91 30 0 41 0 83 622 115 88 0 14 619 240 121 90 151 493 260 500 134 1689 0 14 46 221 11 76 484 27 0 82 39 0 1502 751 53 49 44 0 3000 837 0 426 0 81 0 10 28 17 671 0 680 0 976 83 265 164 239 156 1282 186 646 361 0 2365 0 2029 1150 140 13 8 0 329 12 0 8 19 0 527 
13 3000 63 0 1358 83 0 8 307 764 0 131 280 154 524 0 1020 1065 67 710 445 22 13 1144 27 463 0 80 86 46 0 2199 134 0 309 0 77 20 23 0 33 557 0 14 0 42 0 766 307 278 108 0 65 0 22 283 8 340 0 509 12 837 8 57 0 495 0 21 545 59 105 387 0 34 71 0 27 90 22 0 
85 3000 2727 223 110 622 8 0 51 144 1679 234 42 130 100 47 281 328 12 105 18 65 805 55 1088 309 41 630 26 3000 8 74 101 65 12 0 13 113 306 52 39 56 248 393 68 43 480 156 928 83 168 53 1135 25 523 18 223 33 101 1084 0 25 127 10 14 33 34 1187 37 47 722 849 592 13 75 1629 52 523 22 878 
209 37 645 199 46 115 307 51 0 306 79 0 174 0 51 2153 0 3000 761 0 767 0 0 0 28 2757 636 161 29 23 39 456 113 349 578 352 3000 0 41 9 0 0 125 0 36 0 323 27 16 68 0 777 0 39 0 1273 1545 127 17 1791 0 0 603 77 18 0 25 140 0 1870 0 0 165 0 0 28 91 0 44 112 
34 906 185 126 1056 88 764 144 306 0 863 0 2677 1762 0 1425 479 773 185 0 318 0 3000 0 3000 8 375 603 397 563 3000 93 225 32 360 3000 2937 41 27 10 0 0 351 1182 23 445 725 2446 90 511 270 12 0 25 0 3000 0 47 72 39 0 366 58 59 12 0 10 150 0 7 1595 41 3000 34 69 541 288 0 799 547 
1879 3000 2468 336 151 0 0 1679 79 863 0 0 780 0 0 454 0 113 0 0 471 0 0 0 790 269 256 1403 235 151 221 1704 1173 2164 41 52 1494 180 1868 30 0 0 287 0 435 0 473 48 0 33 762 299 0 11 0 0 0 140 35 28 0 1210 288 1536 14 0 153 22 0 32 252 27 40 0 85 129 16 0 59 64 
0 218 0 0 0 14 131 234 0 0 0 0 161 58 47 0 224 272 0 56 45 29 1200 217 49 38 0 0 904 29 0 117 0 0 0 0 8 22 0 0 149 36 0 14 0 173 0 234 0 0 44 0 1000 0 59 392 29 0 0 0 33 270 88 13 0 556 0 0 163 0 227 3000 0 1428 251 0 373 734 0 0 
124 33 16 1644 678 619 280 42 174 2677 780 161 0 14 136 1474 14 706 275 69 1070 353 354 800 10 73 1057 88 107 14 437 162 132 31 670 0 1354 299 28 45 1331 148 262 42 187 24 298 137 632 21 16 22 102 371 149 100 21 311 69 404 88 23 178 57 78 15 1940 523 3000 376 7 46 56 22 851 61 48 612 1859 13 
58 3000 1085 0 298 240 154 130 0 1762 0 58 14 0 451 0 673 307 22 65 38 20 19 99 41 64 0 20 164 363 0 69 0 0 0 0 24 159 26 0 12 623 30 566 844 9 0 736 9 0 25 52 26 107 301 343 59 164 0 0 98 25 2494 2621 0 151 0 34 124 0 179 29 0 194 142 0 767 856 23 0 
0 8 925 0 16 121 524 100 51 0 0 47 136 451 0 1755 0 10 388 46 11 27 0 70 438 407 66 0 40 3000 0 594 81 0 158 45 264 0 148 0 0 78 0 581 0 0 0 704 85 256 0 0 285 0 15 103 39 93 13 62 267 353 150 36 0 166 0 3000 1076 391 0 0 0 0 461 0 0 144 0 0 
15 309 67 285 2742 90 0 47 2153 1425 454 0 1474 0 1755 0 0 84 1319 0 293 0 0 0 14 49 39 188 127 1036 17 11 116 239 157 247 380 86 129 2221 0 0 73 0 1804 0 69 406 619 94 0 276 0 1533 0 0 0 502 51 245 0 0 33 50 75 0 255 178 0 15 0 11 1699 0 23 126 45 0 74 23 
33 0 18 0 67 151 1020 281 0 479 0 224 14 673 0 0 0 232 0 85 15 118 762 83 106 84 0 44 335 269 230 19 0 0 0 0 99 228 0 0 223 13 869 310 23 379 0 1412 0 0 10 9 39 10 236 31 32 0 0 0 7 30 212 19 0 195 0 0 182 0 171 12 99 48 489 0 267 29 81 0 
147 11 47 196 585 493 1065 328 3000 773 113 272 706 307 10 84 232 0 1561 135 78 59 120 249 178 28 25 23 518 187 23 333 293 17 132 23 171 2460 171 578 7 1902 110 135 9 40 63 30 52 508 554 266 810 3000 514 8 18 1093 1798 507 345 19 189 1734 35 421 0 8 84 249 39 13 437 67 215 0 116 8 302 33 
0 133 3000 0 83 260 67 12 761 185 0 0 275 22 388 1319 0 1561 0 32 2254 318 0 86 53 363 137 0 125 410 0 3000 21 0 3000 564 779 0 53 0 0 13 0 211 0 0 0 0 108 1716 0 0 279 0 0 347 32 60 49 63 710 87 225 13 11 33 0 14 0 171 0 0 0 0 0 0 0 625 0 180 
0 128 0 0 0 500 710 105 0 0 0 56 69 65 46 0 85 135 32 0 41 250 0 105 20 82 0 0 2406 30 0 56 46 0 9 19 64 56 0 0 3000 262 0 25 0 389 0 0 297 54 51 0 11 0 1193 92 147 222 0 0 960 29 33 281 0 292 0 404 503 0 0 8 0 50 48 0 0 104 0 0 
36 30 1108 14 53 134 445 18 767 318 471 45 1070 38 11 293 15 78 2254 41 0 62 67 77 326 1752 0 871 125 931 21 8 924 1057 0 0 143 359 256 50 103 8 864 164 14 184 235 150 8 190 195 66 56 3000 34 3000 324 23 21 43 11 9 57 1191 73 18 10 139 423 0 132 210 805 130 1003 0 20 37 115 49 
0 202 0 0 0 1689 22 65 0 0 0 29 353 20 27 0 118 59 318 250 62 0 0 385 25 1758 0 0 23 278 0 191 48 0 50 0 13 7 0 0 49 30 0 135 0 377 0 0 18 16 61 0 90 0 16 61 51 432 0 0 9 79 148 1528 0 613 0 376 306 0 1869 68 0 70 14 0 23 689 0 0 
28 0 0 0 0 0 13 805 0 3000 0 1200 354 19 0 0 762 120 0 0 67 0 0 0 0 0 0 3000 2435 56 0 1276 0 26 0 0 37 29 0 0 3000 24 122 2890 257 256 0 100 0 0 40 182 0 104 31 152 0 0 0 0 0 25 327 0 0 0 0 0 0 0 121 16 45 72 3000 0 158 0 941 0 
0 172 0 0 0 14 1144 55 0 0 0 217 800 99 70 0 83 249 86 105 77 385 0 0 467 2423 0 0 595 21 0 44 215 0 141 0 71 10 0 0 57 358 0 16 0 13 0 2338 102 50 113 0 16 0 10 52 541 1233 0 0 2010 14 225 19 0 395 0 32 178 0 491 13 0 34 137 0 747 102 0 0 
0 591 156 7 224 46 27 1088 28 3000 790 49 10 41 438 14 106 178 53 20 326 25 0 467 0 1851 139 85 69 17 17 24 159 0 11 1045 2848 482 265 0 8 42 0 554 0 414 15 30 9 267 28 0 9 0 327 1049 68 19 23 104 11 7 165 208 298 848 0 10 1474 1092 48 9 0 199 73 0 65 92 0 3000 
93 289 1306 285 114 221 463 309 2757 8 269 38 73 64 407 49 84 28 363 82 1752 1758 0 2423 1851 0 62 9 14 81 15 24 89 0 448 32 192 94 764 84 183 194 676 55 368 139 56 312 366 291 49 56 18 2598 270 9 77 28 12 211 151 10 251 64 212 39 340 38 93 40 291 63 130 347 108 161 793 148 1529 85 
0 93 13 15 892 11 0 41 636 375 256 0 1057 0 66 39 0 25 137 0 0 0 0 0 139 62 0 96 530 175 60 0 40 0 11 28 0 0 371 71 0 0 0 0 0 0 79 34 18 1770 0 0 0 93 0 0 320 49 145 229 0 0 621 638 169 0 515 388 0 89 0 0 0 0 0 2746 230 0 0 864 
246 486 87 308 10 76 80 630 161 603 1403 0 88 20 0 188 44 23 0 0 871 0 3000 0 85 9 96 0 166 703 92 190 172 37 0 0 8 32 155 295 3000 8 372 25 10 19 20 199 0 17 130 21 0 551 0 189 0 108 193 13 0 77 1111 442 55 0 80 15 0 35 149 195 136 10 17 170 12 0 103 1662 
222 253 26 79 213 484 86 26 29 397 235 904 107 164 40 127 335 518 125 2406 125 23 2435 595 69 14 530 166 0 932 106 1737 14 15 524 188 395 1685 24 148 15 722 303 20 1827 68 138 3000 15 18 309 26 31 144 59 165 2202 372 9 123 24 136 222 968 28 140 146 683 149 13 448 243 50 59 611 38 1907 101 668 70 
34 125 235 29 1957 27 46 3000 23 563 151 29 14 363 3000 1036 269 187 410 30 931 278 56 21 17 81 175 703 932 0 174 140 2994 51 636 99 8 18 53 91 42 265 942 193 86 233 166 251 206 214 115 48 103 250 223 29 431 797 110 10 0 385 186 15 92 27 765 228 0 36 1114 58 447 397 210 109 83 29 182 23 
146 170 62 67 28 0 0 8 39 3000 221 0 437 0 0 17 230 23 0 0 21 0 0 0 17 15 60 92 106 174 0 15 370 24 9 274 11 15 730 2427 0 0 48 0 864 0 8 9 0 106 17 18 0 79 0 0 0 539 14 52 0 216 53 29 133 0 9 116 0 11 216 52 207 0 648 1513 13 0 681 41 
1137 47 11 14 86 82 2199 74 456 93 1704 117 162 69 594 11 19 333 3000 56 8 191 1276 44 24 24 0 190 1737 140 15 0 228 401 0 0 7 71 13 269 23 239 10 646 27 72 603 545 248 107 134 710 947 318 59 163 96 602 105 37 414 60 328 9 48 41 0 8 37 0 14 978 1034 226 16 0 247 9 86 7 
0 13 29 42 874 39 134 101 113 225 1173 0 132 0 81 116 0 293 21 46 924 48 0 215 159 89 40 172 14 2994 370 228 0 0 1063 28 1230 0 56 610 0 0 0 0 0 0 268 1446 1348 15 0 0 12 172 0 33 22 117 29 98 0 0 10 88 53 46 2306 79 0 92 0 0 0 0 0 498 326 0 0 437 
652 0 16 60 27 0 0 65 349 32 2164 0 31 0 0 239 0 17 0 0 1057 0 26 0 0 0 0 37 15 51 24 401 0 0 0 0 86 172 80 1586 0 0 3000 0 3000 0 838 19 0 0 56 9 0 742 0 0 0 273 36 77 0 0 183 0 48 0 56 9 0 0 61 818 140 0 66 285 20 0 295 106 
0 26 12 279 45 1502 309 12 578 360 41 0 670 0 158 157 0 132 3000 9 0 50 0 141 11 448 11 0 524 636 9 0 1063 0 0 35 146 0 784 0 0 0 0 0 0 0 8 1082 188 158 0 0 33 0 0 121 41 32 461 760 0 0 948 17 172 13 0 17 0 623 0 0 0 0 0 0 0 0 0 91 
0 49 28 15 455 751 0 0 352 3000 52 0 0 0 45 247 0 23 564 19 0 0 0 0 1045 32 28 0 188 99 274 0 28 0 35 0 0 0 21 0 0 0 0 0 0 0 9 39 72 9 0 0 933 0 0 3000 354 101 112 489 0 0 421 30 266 0 0 30 0 28 0 0 0 0 0 0 0 0 0 122 
1137 89 56 27 9 53 77 13 3000 2937 1494 8 1354 24 264 380 99 171 779 64 143 13 37 71 2848 192 0 8 395 8 11 7 1230 86 146 0 0 15 112 180 23 280 30 41 113 143 637 3000 2452 320 40 30 145 36 2334 126 87 28 285 116 45 2044 64 81 137 142 308 30 182 154 8 77 18 52 42 0 11 502 30 183 
521 0 120 560 36 49 20 113 0 41 180 22 299 159 0 86 228 2460 0 56 359 7 29 10 482 94 0 32 1685 18 15 71 0 172 0 0 15 0 104 21 509 234 558 25 9 279 64 91 0 0 51 477 475 10 66 288 256 0 11 0 0 48 504 78 22 0 559 0 1105 0 61 194 11 37 19 0 97 45 1437 382 
253 11 27 472 144 44 23 306 41 27 1868 0 28 26 148 129 0 171 53 0 256 0 0 0 265 764 371 155 24 53 730 13 56 80 784 21 112 104 0 50 0 0 688 0 102 0 293 27 39 1307 0 940 19 50 0 23 85 27 204 214 0 99 7 32 22 0 116 89 0 27 619 112 634 0 135 22 98 0 1467 18 
7 151 316 57 1250 0 0 52 9 10 30 0 45 0 0 2221 0 578 0 0 50 0 0 0 0 84 71 295 148 91 2427 269 610 1586 0 0 180 21 50 0 0 0 979 0 21 0 8 52 0 56 3000 3000 0 301 0 0 0 41 71 10 0 0 96 0 19 0 39 244 0 100 78 24 16 0 66 1851 142 0 235 54 
0 0 0 0 0 3000 33 39 0 0 0 149 1331 12 0 0 223 7 0 3000 103 49 3000 57 8 183 0 3000 15 42 0 23 0 0 0 0 23 509 0 0 0 31 0 61 0 15 0 234 0 0 3000 0 13 0 110 366 14 0 0 0 15 1026 126 194 0 57 0 0 64 0 97 24 0 248 7 0 23 467 246 0 
0 46 0 0 0 837 557 56 0 0 0 36 148 623 78 0 13 1902 13 262 8 30 24 358 42 194 0 8 722 265 0 239 0 0 0 0 280 234 0 0 31 0 0 3000 0 151 0 27 63 0 286 0 1000 0 349 652 1153 0 0 0 223 132 221 86 0 37 0 0 66 0 177 10 0 580 43 0 227 152 0 0 
504 0 164 47 1308 0 0 248 125 351 287 0 262 30 0 73 869 110 0 0 864 0 122 0 0 676 0 372 303 942 48 10 0 3000 0 0 30 558 688 979 0 0 0 0 25 10 30 271 0 0 67 276 0 72 0 0 0 21 289 13 0 1083 18 0 28 0 647 370 0 118 33 288 3000 0 74 2414 35 0 12 14 
0 16 18 0 13 426 14 393 0 1182 0 14 42 566 581 0 310 135 211 25 164 135 2890 16 554 55 0 25 20 193 0 646 0 0 0 0 41 25 0 0 61 3000 0 0 0 73 0 11 195 0 870 0 17 0 3000 457 115 240 0 0 22 20 10 12 0 9 0 68 24 0 53 3000 0 14 521 0 123 9 0 0 
3000 0 3000 307 186 0 0 68 36 23 435 0 187 844 0 1804 23 9 0 0 14 0 257 0 0 368 0 10 1827 86 864 27 0 3000 0 0 113 9 102 21 0 0 25 0 0 55 3000 61 0 0 60 620 0 136 0 0 0 22 8 67 0 52 168 12 1141 0 66 2513 0 141 57 41 214 286 309 115 28 0 12 534 
263 0 0 0 0 81 42 43 0 445 0 173 24 9 0 0 379 40 0 389 184 377 256 13 414 139 0 19 68 233 0 72 0 0 0 0 143 279 0 0 15 151 10 73 55 0 0 142 0 0 539 38 23 1289 35 513 817 0 0 0 171 1495 77 225 0 11 0 0 129 0 510 38 101 15 17 0 133 601 226 0 
405 131 133 266 3000 0 0 480 323 725 473 0 298 0 0 69 0 63 0 0 235 0 0 0 15 56 79 20 138 166 8 603 268 838 8 9 637 64 293 8 0 0 30 0 3000 0 0 224 0 58 0 176 0 49 0 0 0 887 22 427 0 0 17 29 38 0 19 40 0 2316 46 1189 180 0 12 844 1264 0 95 340 
49 16 54 11 231 10 766 156 27 2446 48 234 137 736 704 406 1412 30 0 0 150 0 100 2338 30 312 34 199 3000 251 9 545 1446 19 1082 39 3000 91 27 52 234 27 271 11 61 142 224 0 149 146 1393 1121 851 106 0 19 22 47 16 15 0 116 83 89 37 0 1541 27 0 3000 3000 714 1625 439 9 35 75 0 29 73 
0 132 887 0 17 28 307 928 16 90 0 0 632 9 85 619 0 52 108 297 8 18 0 102 9 366 18 0 15 206 0 248 1348 0 188 72 2452 0 39 0 0 63 0 195 0 0 0 149 0 299 0 0 63 0 207 39 54 40 102 29 44 172 186 94 36 106 0 267 56 13 0 0 0 0 0 0 0 146 0 305 
0 547 2079 264 709 17 278 83 68 511 33 0 21 0 256 94 0 508 1716 54 190 16 0 50 267 291 1770 17 18 214 106 107 15 0 158 9 320 0 1307 56 0 0 0 0 0 0 58 146 299 0 0 0 16 8 0 114 7 8 421 79 0 0 1915 153 85 0 85 10 0 253 0 0 0 0 0 145 76 0 0 10 
57 0 153 0 3000 671 108 168 0 270 762 44 16 25 0 0 10 554 0 51 195 61 40 113 28 49 0 130 309 115 17 134 0 56 0 0 40 51 0 3000 3000 286 67 870 60 539 0 1393 0 0 0 252 125 50 165 141 89 0 0 0 65 300 12 363 119 14 0 0 300 0 7 304 231 585 3000 0 481 83 1046 0 
11 0 13 14 14 0 0 53 777 12 299 0 22 52 0 276 9 266 0 0 66 0 182 0 0 56 0 21 26 48 18 710 0 9 0 0 30 477 940 3000 0 0 276 0 620 38 176 1121 0 0 252 0 0 632 0 0 0 190 2378 25 0 910 138 0 588 0 18 211 0 0 77 57 145 241 158 232 34 0 75 41 
0 145 0 0 0 680 65 1135 0 0 0 1000 102 26 285 0 39 810 279 11 56 90 0 16 9 18 0 0 31 103 0 947 12 0 33 933 145 475 19 0 13 1000 0 17 0 23 0 851 63 16 125 0 0 0 327 42 8 441 0 0 27 27 527 291 0 13 0 9 319 0 54 42 0 22 440 0 323 26 0 0 
11 2391 52 112 3000 0 0 25 39 25 11 0 371 107 0 1533 10 3000 0 0 3000 0 104 0 0 2598 93 551 144 250 79 318 172 742 0 0 36 10 50 301 0 0 72 0 136 1289 49 106 0 8 50 632 0 0 0 0 0 1614 15 9 0 571 57 51 764 0 70 166 0 140 47 22 734 0 152 647 3000 0 2147 42 
0 18 0 0 0 976 22 523 0 0 0 59 149 301 15 0 236 514 0 1193 34 16 31 10 327 270 0 0 59 223 0 59 0 0 0 0 2334 66 0 0 110 349 0 3000 0 35 0 0 207 0 165 0 327 0 0 10 20 0 0 0 114 36 153 11 0 123 0 0 64 0 279 242 0 255 39 0 43 445 0 0 
687 90 117 0 53 83 283 18 1273 3000 0 392 100 343 103 0 31 8 347 92 3000 61 152 52 1049 9 0 189 165 29 0 163 33 0 121 3000 126 288 23 0 366 652 0 457 0 513 0 19 39 114 141 0 42 0 10 0 12 53 0 47 613 422 26 104 0 1940 0 1344 33 54 30 83 0 1283 515 0 333 45 391 0 
0 63 0 0 28 265 8 223 1545 0 0 29 21 59 39 0 32 18 32 147 324 51 0 541 68 77 320 0 2202 431 0 96 22 0 41 354 87 256 85 0 14 1153 0 115 0 817 0 22 54 7 89 0 8 0 20 12 0 10 0 25 81 1920 88 232 0 2653 0 19 24 1755 0 1060 0 51 20 0 572 551 0 0 
125 65 11 1723 23 164 340 33 127 47 140 0 311 164 93 502 0 1093 60 222 23 432 0 1233 19 28 49 108 372 797 539 602 117 273 32 101 28 0 27 41 0 0 21 240 22 0 887 47 40 8 0 190 441 1614 0 53 10 0 48 46 0 17 25 924 2679 0 61 15 0 601 0 0 519 0 317 85 323 0 30 85 
88 23 47 24 26 239 0 101 17 72 35 0 69 0 13 51 0 1798 49 0 21 0 0 0 23 12 145 193 9 110 14 105 29 36 461 112 285 11 204 71 0 0 289 0 8 0 22 16 102 421 0 2378 0 15 0 0 0 48 0 267 0 196 13 310 126 0 66 39 0 48 103 491 1779 0 11 114 57 0 11 259 
62 1973 458 1704 54 156 509 1084 1791 39 28 0 404 0 62 245 0 507 63 0 43 0 0 0 104 211 229 13 123 10 52 37 98 77 760 489 116 0 214 10 0 0 13 0 67 0 427 15 29 79 0 25 0 9 0 47 25 46 267 0 0 0 15 61 2670 0 586 52 0 34 0 0 29 0 23 250 19 0 40 46 
0 11 0 0 0 1282 12 0 0 0 0 33 88 98 267 0 7 345 710 960 11 9 0 2010 11 151 0 0 24 0 0 414 0 0 0 0 45 0 0 0 15 223 0 22 0 171 0 0 44 0 65 0 27 0 114 613 81 0 0 0 0 87 0 543 0 15 0 0 90 0 0 0 0 249 389 0 0 32 0 0 
215 880 18 0 3000 186 837 25 0 366 1210 270 23 25 353 0 30 19 87 29 9 79 25 14 7 10 0 77 136 385 216 60 0 0 0 0 2044 48 99 0 1026 132 1083 20 52 1495 0 116 172 0 300 910 27 571 36 422 1920 17 196 0 87 0 188 103 269 35 0 599 3000 0 737 252 592 153 53 0 13 124 9 2167 
112 10 33 218 15 646 8 127 603 58 288 88 178 2494 150 33 212 189 225 33 57 148 327 225 165 251 621 1111 222 186 53 328 10 183 948 421 64 504 7 96 126 221 18 10 168 77 17 83 186 1915 12 138 527 57 153 26 88 25 13 15 0 188 0 37 268 128 28 710 0 300 183 86 967 452 1044 68 27 75 8 377 
60 105 1902 234 458 361 57 10 77 59 1536 13 57 2621 36 50 19 1734 13 281 1191 1528 0 19 208 64 638 442 968 15 29 9 88 0 17 30 81 78 32 0 194 86 0 12 12 225 29 89 94 153 363 0 291 51 11 104 232 924 310 61 543 103 37 0 985 358 0 1023 1611 534 167 1892 0 53 16 0 36 2334 60 822 
19 1278 380 433 834 0 0 14 18 12 14 0 78 0 0 75 0 35 11 0 73 0 0 0 298 212 169 55 28 92 133 48 53 48 172 266 137 22 22 19 0 0 28 0 1141 0 38 37 36 85 119 588 0 764 0 0 0 2679 126 2670 0 269 268 985 0 0 143 23 0 31 199 43 197 0 57 69 1008 0 59 978 
0 49 0 0 0 2365 495 33 0 0 0 556 15 151 166 0 195 421 33 292 18 613 0 395 848 39 0 0 140 27 0 41 46 0 13 0 142 0 0 0 57 37 0 9 0 11 0 0 106 0 14 0 13 0 123 1940 2653 0 0 0 15 35 128 358 0 0 0 244 134 0 0 14 0 38 241 0 0 86 0 0 
108 2488 52 113 754 0 0 34 25 10 153 0 1940 0 0 255 0 0 0 0 10 0 0 0 0 340 515 80 146 765 9 0 2306 56 0 0 308 559 116 39 0 0 647 0 66 0 19 1541 0 85 0 18 0 70 0 0 0 61 66 586 0 0 28 0 143 0 0 8 0 1221 1324 228 1496 0 0 159 429 0 691 24 
75 67 1704 59 112 2029 21 1187 140 150 22 0 523 34 3000 178 0 8 14 404 139 376 0 32 10 38 388 15 683 228 116 8 79 9 17 30 30 0 89 244 0 0 370 68 2513 0 40 27 267 10 0 211 9 166 0 1344 19 15 39 52 0 599 710 1023 23 244 8 0 0 409 0 0 338 0 46 91 144 0 75 442 
0 416 0 0 0 1150 545 37 0 0 0 163 3000 124 1076 0 182 84 0 503 423 306 0 178 1474 93 0 0 149 0 0 37 0 0 0 0 182 1105 0 0 64 66 0 24 0 129 0 0 56 0 300 0 319 0 64 33 24 0 0 0 90 3000 0 1611 0 134 0 0 0 0 328 3000 0 137 90 0 0 427 0 0 
18 735 187 17 32 140 59 47 1870 7 32 0 376 0 391 15 0 249 171 0 0 0 0 0 1092 40 89 35 13 36 11 0 92 0 623 28 154 0 27 100 0 0 118 0 141 0 2316 3000 13 253 0 0 0 140 0 54 1755 601 48 34 0 0 300 534 31 0 1221 409 0 0 0 0 0 0 0 84 30 0 0 10 
23 0 349 30 396 13 105 722 0 1595 252 227 7 179 0 0 171 39 0 0 132 1869 121 491 48 291 0 149 448 1114 216 14 0 61 0 0 8 61 619 78 97 177 33 53 57 510 46 3000 0 0 7 77 54 47 279 30 0 0 103 0 0 737 183 167 199 0 1324 0 328 0 0 262 141 136 73 0 74 0 9 343 
2151 243 313 36 695 8 387 849 0 41 27 3000 46 29 0 11 12 13 0 8 210 68 16 13 9 63 0 195 243 58 52 978 0 818 0 0 77 194 112 24 24 10 288 3000 41 38 1189 714 0 0 304 57 42 22 242 83 1060 0 491 0 0 252 86 1892 43 14 228 0 3000 0 262 0 1381 11 24 24 191 188 79 51 
39 0 95 210 855 0 0 592 165 3000 40 0 56 0 0 1699 99 437 0 0 805 0 45 0 0 130 0 136 50 447 207 1034 0 140 0 0 18 11 634 16 0 0 3000 0 214 101 180 1625 0 0 231 145 0 734 0 0 0 519 1779 29 0 592 967 0 197 0 1496 338 0 0 141 1381 0 0 8 9 251 0 595 10 
106 0 0 0 0 329 34 13 0 34 0 1428 22 194 0 0 48 67 0 50 130 70 72 34 199 347 0 10 59 397 0 226 0 0 0 0 52 37 0 0 248 580 0 14 286 15 0 439 0 0 585 241 22 0 255 1283 51 0 0 0 249 153 452 53 0 38 0 0 137 0 136 11 0 0 14 0 27 629 27 0 
548 58 109 13 93 12 71 75 0 69 85 251 851 142 461 23 489 215 0 48 1003 14 3000 137 73 108 0 17 611 210 648 16 0 66 0 0 42 19 135 66 7 43 74 521 309 17 12 9 0 0 3000 158 440 152 39 515 20 317 11 23 389 53 1044 16 57 241 0 46 90 0 73 24 8 14 0 0 471 117 16 37 
938 2670 358 1141 85 0 0 1629 28 541 129 0 61 0 0 126 0 0 0 0 0 0 0 0 0 161 2746 170 38 109 1513 0 498 285 0 0 0 0 22 1851 0 0 2414 0 115 0 844 35 0 145 0 232 0 647 0 0 0 85 114 250 0 0 68 0 69 0 159 91 0 84 0 24 9 0 0 0 22 0 26 240 
32 53 506 85 99 8 27 52 91 288 16 373 48 767 0 45 267 116 0 0 20 23 158 747 65 793 230 12 1907 83 13 247 326 20 0 0 11 97 98 142 23 227 35 123 28 133 1264 75 0 76 481 34 323 3000 43 333 572 323 57 19 0 13 27 36 1008 0 429 144 0 30 74 191 251 27 471 22 0 0 45 18 
0 9 0 0 0 19 90 523 0 0 0 734 612 856 144 0 29 8 625 104 37 689 0 102 92 148 0 0 101 29 0 9 0 0 0 0 502 45 0 0 467 152 0 9 0 601 0 0 146 0 83 0 26 0 445 45 551 0 0 0 32 124 75 2334 0 86 0 0 427 0 0 188 0 629 117 0 0 0 0 0 
22 0 3000 876 76 0 22 22 44 799 59 0 1859 23 0 74 81 302 0 0 115 0 941 0 0 1529 0 103 668 182 681 86 0 295 0 0 30 1437 1467 235 246 0 12 0 12 226 95 29 0 0 1046 75 0 2147 0 391 0 30 11 40 0 9 8 60 59 0 691 75 0 0 9 79 595 27 16 26 45 0 0 163 
2127 256 162 483 96 527 0 878 112 547 64 0 13 0 0 23 0 33 180 0 49 0 0 0 3000 85 864 1662 70 23 41 7 437 106 91 122 183 382 18 54 0 0 14 0 534 0 340 73 305 10 0 41 0 42 0 0 0 85 259 46 0 2167 377 822 978 0 24 442 0 10 343 51 10 0 37 240 18 0 163 0 
